 # l=           0 basis function with energy   -0.311183578814439     
  0.0000E+00  0.0000E+00  0.0000E+00  0.0000E+00
  5.2542E-07  8.9836E-05 -5.9252E-07 -2.6453E-06
  1.0545E-06  1.5054E-04 -1.1892E-06 -5.3090E-06
  1.5873E-06  2.0382E-04 -1.7900E-06 -7.9912E-06
  2.1238E-06  2.5289E-04 -2.3950E-06 -1.0692E-05
  2.6640E-06  2.9908E-04 -3.0042E-06 -1.3412E-05
  3.2079E-06  3.4320E-04 -3.6176E-06 -1.6151E-05
  3.7557E-06  3.8571E-04 -4.2353E-06 -1.8908E-05
  4.3073E-06  4.2691E-04 -4.8574E-06 -2.1685E-05
  4.8627E-06  4.6704E-04 -5.4837E-06 -2.4482E-05
  5.4220E-06  5.0625E-04 -6.1144E-06 -2.7297E-05
  5.9852E-06  5.4468E-04 -6.7495E-06 -3.0133E-05
  6.5523E-06  5.8244E-04 -7.3891E-06 -3.2988E-05
  7.1234E-06  6.1961E-04 -8.0331E-06 -3.5863E-05
  7.6984E-06  6.5626E-04 -8.6815E-06 -3.8758E-05
  8.2774E-06  6.9246E-04 -9.3345E-06 -4.1673E-05
  8.8605E-06  7.2824E-04 -9.9920E-06 -4.4609E-05
  9.4476E-06  7.6365E-04 -1.0654E-05 -4.7564E-05
  1.0039E-05  7.9874E-04 -1.1321E-05 -5.0541E-05
  1.0634E-05  8.3352E-04 -1.1992E-05 -5.3538E-05
  1.1234E-05  8.6804E-04 -1.2668E-05 -5.6556E-05
  1.1837E-05  9.0231E-04 -1.3349E-05 -5.9596E-05
  1.2445E-05  9.3636E-04 -1.4035E-05 -6.2656E-05
  1.3057E-05  9.7021E-04 -1.4725E-05 -6.5738E-05
  1.3674E-05  1.0039E-03 -1.5420E-05 -6.8841E-05
  1.4294E-05  1.0374E-03 -1.6120E-05 -7.1965E-05
  1.4919E-05  1.0707E-03 -1.6825E-05 -7.5112E-05
  1.5549E-05  1.1039E-03 -1.7534E-05 -7.8280E-05
  1.6182E-05  1.1370E-03 -1.8249E-05 -8.1471E-05
  1.6821E-05  1.1700E-03 -1.8969E-05 -8.4683E-05
  1.7463E-05  1.2029E-03 -1.9693E-05 -8.7918E-05
  1.8110E-05  1.2357E-03 -2.0423E-05 -9.1176E-05
  1.8762E-05  1.2684E-03 -2.1158E-05 -9.4456E-05
  1.9418E-05  1.3010E-03 -2.1898E-05 -9.7759E-05
  2.0078E-05  1.3336E-03 -2.2643E-05 -1.0109E-04
  2.0744E-05  1.3661E-03 -2.3393E-05 -1.0443E-04
  2.1414E-05  1.3985E-03 -2.4148E-05 -1.0781E-04
  2.2088E-05  1.4309E-03 -2.4909E-05 -1.1120E-04
  2.2767E-05  1.4633E-03 -2.5675E-05 -1.1462E-04
  2.3451E-05  1.4956E-03 -2.6446E-05 -1.1807E-04
  2.4140E-05  1.5280E-03 -2.7223E-05 -1.2153E-04
  2.4834E-05  1.5602E-03 -2.8005E-05 -1.2503E-04
  2.5532E-05  1.5925E-03 -2.8793E-05 -1.2854E-04
  2.6235E-05  1.6248E-03 -2.9586E-05 -1.3208E-04
  2.6944E-05  1.6570E-03 -3.0384E-05 -1.3565E-04
  2.7657E-05  1.6893E-03 -3.1188E-05 -1.3924E-04
  2.8375E-05  1.7215E-03 -3.1998E-05 -1.4285E-04
  2.9098E-05  1.7538E-03 -3.2814E-05 -1.4649E-04
  2.9826E-05  1.7861E-03 -3.3635E-05 -1.5016E-04
  3.0559E-05  1.8184E-03 -3.4461E-05 -1.5385E-04
  3.1297E-05  1.8507E-03 -3.5294E-05 -1.5757E-04
  3.2041E-05  1.8830E-03 -3.6132E-05 -1.6131E-04
  3.2789E-05  1.9153E-03 -3.6977E-05 -1.6508E-04
  3.3543E-05  1.9477E-03 -3.7827E-05 -1.6887E-04
  3.4302E-05  1.9801E-03 -3.8683E-05 -1.7269E-04
  3.5066E-05  2.0125E-03 -3.9544E-05 -1.7654E-04
  3.5836E-05  2.0450E-03 -4.0412E-05 -1.8042E-04
  3.6611E-05  2.0775E-03 -4.1286E-05 -1.8432E-04
  3.7391E-05  2.1100E-03 -4.2166E-05 -1.8825E-04
  3.8177E-05  2.1426E-03 -4.3053E-05 -1.9220E-04
  3.8969E-05  2.1752E-03 -4.3945E-05 -1.9619E-04
  3.9765E-05  2.2079E-03 -4.4844E-05 -2.0020E-04
  4.0568E-05  2.2406E-03 -4.5748E-05 -2.0424E-04
  4.1376E-05  2.2734E-03 -4.6660E-05 -2.0831E-04
  4.2189E-05  2.3062E-03 -4.7577E-05 -2.1240E-04
  4.3009E-05  2.3391E-03 -4.8501E-05 -2.1653E-04
  4.3834E-05  2.3721E-03 -4.9431E-05 -2.2068E-04
  4.4664E-05  2.4051E-03 -5.0368E-05 -2.2486E-04
  4.5501E-05  2.4381E-03 -5.1311E-05 -2.2907E-04
  4.6343E-05  2.4713E-03 -5.2261E-05 -2.3332E-04
  4.7191E-05  2.5045E-03 -5.3218E-05 -2.3759E-04
  4.8045E-05  2.5377E-03 -5.4181E-05 -2.4189E-04
  4.8905E-05  2.5711E-03 -5.5151E-05 -2.4622E-04
  4.9771E-05  2.6045E-03 -5.6128E-05 -2.5058E-04
  5.0643E-05  2.6380E-03 -5.7111E-05 -2.5497E-04
  5.1522E-05  2.6715E-03 -5.8101E-05 -2.5939E-04
  5.2406E-05  2.7051E-03 -5.9098E-05 -2.6384E-04
  5.3296E-05  2.7388E-03 -6.0103E-05 -2.6832E-04
  5.4193E-05  2.7726E-03 -6.1114E-05 -2.7284E-04
  5.5096E-05  2.8065E-03 -6.2132E-05 -2.7738E-04
  5.6005E-05  2.8405E-03 -6.3157E-05 -2.8196E-04
  5.6920E-05  2.8745E-03 -6.4189E-05 -2.8657E-04
  5.7842E-05  2.9086E-03 -6.5229E-05 -2.9121E-04
  5.8771E-05  2.9428E-03 -6.6276E-05 -2.9588E-04
  5.9705E-05  2.9771E-03 -6.7330E-05 -3.0059E-04
  6.0647E-05  3.0115E-03 -6.8391E-05 -3.0533E-04
  6.1594E-05  3.0460E-03 -6.9460E-05 -3.1010E-04
  6.2549E-05  3.0805E-03 -7.0537E-05 -3.1490E-04
  6.3510E-05  3.1152E-03 -7.1620E-05 -3.1974E-04
  6.4478E-05  3.1500E-03 -7.2712E-05 -3.2461E-04
  6.5452E-05  3.1848E-03 -7.3811E-05 -3.2952E-04
  6.6433E-05  3.2198E-03 -7.4917E-05 -3.3446E-04
  6.7421E-05  3.2548E-03 -7.6032E-05 -3.3944E-04
  6.8416E-05  3.2900E-03 -7.7154E-05 -3.4444E-04
  6.9418E-05  3.3252E-03 -7.8283E-05 -3.4949E-04
  7.0427E-05  3.3606E-03 -7.9421E-05 -3.5457E-04
  7.1443E-05  3.3961E-03 -8.0567E-05 -3.5968E-04
  7.2466E-05  3.4316E-03 -8.1721E-05 -3.6483E-04
  7.3496E-05  3.4673E-03 -8.2882E-05 -3.7002E-04
  7.4534E-05  3.5031E-03 -8.4052E-05 -3.7524E-04
  7.5578E-05  3.5390E-03 -8.5230E-05 -3.8050E-04
  7.6630E-05  3.5750E-03 -8.6416E-05 -3.8580E-04
  7.7689E-05  3.6111E-03 -8.7610E-05 -3.9113E-04
  7.8756E-05  3.6473E-03 -8.8813E-05 -3.9650E-04
  7.9830E-05  3.6837E-03 -9.0024E-05 -4.0190E-04
  8.0911E-05  3.7201E-03 -9.1244E-05 -4.0735E-04
  8.2000E-05  3.7567E-03 -9.2472E-05 -4.1283E-04
  8.3096E-05  3.7934E-03 -9.3708E-05 -4.1835E-04
  8.4201E-05  3.8302E-03 -9.4953E-05 -4.2391E-04
  8.5312E-05  3.8671E-03 -9.6207E-05 -4.2951E-04
  8.6432E-05  3.9042E-03 -9.7470E-05 -4.3515E-04
  8.7559E-05  3.9413E-03 -9.8741E-05 -4.4082E-04
  8.8695E-05  3.9786E-03 -1.0002E-04 -4.4654E-04
  8.9838E-05  4.0160E-03 -1.0131E-04 -4.5229E-04
  9.0989E-05  4.0535E-03 -1.0261E-04 -4.5809E-04
  9.2148E-05  4.0912E-03 -1.0392E-04 -4.6392E-04
  9.3315E-05  4.1290E-03 -1.0523E-04 -4.6980E-04
  9.4491E-05  4.1669E-03 -1.0656E-04 -4.7572E-04
  9.5674E-05  4.2050E-03 -1.0789E-04 -4.8167E-04
  9.6866E-05  4.2431E-03 -1.0924E-04 -4.8767E-04
  9.8066E-05  4.2814E-03 -1.1059E-04 -4.9372E-04
  9.9274E-05  4.3199E-03 -1.1195E-04 -4.9980E-04
  1.0049E-04  4.3584E-03 -1.1332E-04 -5.0593E-04
  1.0172E-04  4.3971E-03 -1.1471E-04 -5.1210E-04
  1.0295E-04  4.4360E-03 -1.1610E-04 -5.1831E-04
  1.0419E-04  4.4749E-03 -1.1750E-04 -5.2456E-04
  1.0544E-04  4.5140E-03 -1.1891E-04 -5.3086E-04
  1.0670E-04  4.5533E-03 -1.2033E-04 -5.3720E-04
  1.0797E-04  4.5927E-03 -1.2176E-04 -5.4359E-04
  1.0925E-04  4.6322E-03 -1.2320E-04 -5.5002E-04
  1.1054E-04  4.6719E-03 -1.2465E-04 -5.5650E-04
  1.1183E-04  4.7117E-03 -1.2611E-04 -5.6302E-04
  1.1314E-04  4.7516E-03 -1.2758E-04 -5.6959E-04
  1.1445E-04  4.7917E-03 -1.2906E-04 -5.7620E-04
  1.1577E-04  4.8319E-03 -1.3056E-04 -5.8286E-04
  1.1710E-04  4.8723E-03 -1.3206E-04 -5.8956E-04
  1.1844E-04  4.9129E-03 -1.3357E-04 -5.9631E-04
  1.1979E-04  4.9535E-03 -1.3509E-04 -6.0311E-04
  1.2115E-04  4.9944E-03 -1.3663E-04 -6.0996E-04
  1.2252E-04  5.0353E-03 -1.3817E-04 -6.1685E-04
  1.2390E-04  5.0764E-03 -1.3973E-04 -6.2379E-04
  1.2529E-04  5.1177E-03 -1.4129E-04 -6.3078E-04
  1.2669E-04  5.1591E-03 -1.4287E-04 -6.3782E-04
  1.2810E-04  5.2007E-03 -1.4446E-04 -6.4491E-04
  1.2951E-04  5.2425E-03 -1.4605E-04 -6.5204E-04
  1.3094E-04  5.2843E-03 -1.4766E-04 -6.5923E-04
  1.3238E-04  5.3264E-03 -1.4928E-04 -6.6647E-04
  1.3383E-04  5.3686E-03 -1.5092E-04 -6.7375E-04
  1.3528E-04  5.4110E-03 -1.5256E-04 -6.8109E-04
  1.3675E-04  5.4535E-03 -1.5422E-04 -6.8848E-04
  1.3823E-04  5.4961E-03 -1.5588E-04 -6.9592E-04
  1.3972E-04  5.5390E-03 -1.5756E-04 -7.0341E-04
  1.4122E-04  5.5820E-03 -1.5925E-04 -7.1096E-04
  1.4273E-04  5.6251E-03 -1.6095E-04 -7.1855E-04
  1.4424E-04  5.6685E-03 -1.6267E-04 -7.2620E-04
  1.4577E-04  5.7120E-03 -1.6439E-04 -7.3391E-04
  1.4732E-04  5.7556E-03 -1.6613E-04 -7.4166E-04
  1.4887E-04  5.7994E-03 -1.6788E-04 -7.4947E-04
  1.5043E-04  5.8434E-03 -1.6964E-04 -7.5734E-04
  1.5200E-04  5.8876E-03 -1.7141E-04 -7.6526E-04
  1.5359E-04  5.9319E-03 -1.7320E-04 -7.7323E-04
  1.5518E-04  5.9764E-03 -1.7500E-04 -7.8127E-04
  1.5679E-04  6.0210E-03 -1.7681E-04 -7.8935E-04
  1.5840E-04  6.0659E-03 -1.7863E-04 -7.9749E-04
  1.6003E-04  6.1109E-03 -1.8047E-04 -8.0569E-04
  1.6167E-04  6.1561E-03 -1.8232E-04 -8.1395E-04
  1.6332E-04  6.2014E-03 -1.8418E-04 -8.2226E-04
  1.6499E-04  6.2469E-03 -1.8606E-04 -8.3064E-04
  1.6666E-04  6.2927E-03 -1.8795E-04 -8.3907E-04
  1.6835E-04  6.3385E-03 -1.8985E-04 -8.4756E-04
  1.7005E-04  6.3846E-03 -1.9176E-04 -8.5610E-04
  1.7176E-04  6.4308E-03 -1.9369E-04 -8.6471E-04
  1.7348E-04  6.4773E-03 -1.9563E-04 -8.7338E-04
  1.7521E-04  6.5239E-03 -1.9759E-04 -8.8211E-04
  1.7696E-04  6.5706E-03 -1.9956E-04 -8.9090E-04
  1.7872E-04  6.6176E-03 -2.0154E-04 -8.9975E-04
  1.8049E-04  6.6647E-03 -2.0353E-04 -9.0866E-04
  1.8227E-04  6.7121E-03 -2.0554E-04 -9.1763E-04
  1.8406E-04  6.7596E-03 -2.0757E-04 -9.2667E-04
  1.8587E-04  6.8073E-03 -2.0961E-04 -9.3577E-04
  1.8769E-04  6.8552E-03 -2.1166E-04 -9.4493E-04
  1.8952E-04  6.9033E-03 -2.1373E-04 -9.5416E-04
  1.9137E-04  6.9515E-03 -2.1581E-04 -9.6345E-04
  1.9323E-04  7.0000E-03 -2.1790E-04 -9.7280E-04
  1.9510E-04  7.0486E-03 -2.2001E-04 -9.8222E-04
  1.9698E-04  7.0975E-03 -2.2214E-04 -9.9171E-04
  1.9888E-04  7.1465E-03 -2.2428E-04 -1.0013E-03
  2.0079E-04  7.1957E-03 -2.2643E-04 -1.0109E-03
  2.0271E-04  7.2451E-03 -2.2860E-04 -1.0206E-03
  2.0465E-04  7.2947E-03 -2.3079E-04 -1.0303E-03
  2.0660E-04  7.3445E-03 -2.3299E-04 -1.0401E-03
  2.0857E-04  7.3945E-03 -2.3520E-04 -1.0500E-03
  2.1054E-04  7.4447E-03 -2.3743E-04 -1.0600E-03
  2.1254E-04  7.4951E-03 -2.3968E-04 -1.0700E-03
  2.1454E-04  7.5457E-03 -2.4194E-04 -1.0801E-03
  2.1656E-04  7.5965E-03 -2.4422E-04 -1.0903E-03
  2.1859E-04  7.6475E-03 -2.4651E-04 -1.1005E-03
  2.2064E-04  7.6987E-03 -2.4882E-04 -1.1108E-03
  2.2270E-04  7.7502E-03 -2.5115E-04 -1.1212E-03
  2.2478E-04  7.8018E-03 -2.5349E-04 -1.1317E-03
  2.2687E-04  7.8536E-03 -2.5584E-04 -1.1422E-03
  2.2898E-04  7.9056E-03 -2.5822E-04 -1.1528E-03
  2.3110E-04  7.9578E-03 -2.6061E-04 -1.1635E-03
  2.3323E-04  8.0103E-03 -2.6302E-04 -1.1742E-03
  2.3538E-04  8.0629E-03 -2.6544E-04 -1.1850E-03
  2.3755E-04  8.1157E-03 -2.6788E-04 -1.1959E-03
  2.3973E-04  8.1688E-03 -2.7034E-04 -1.2069E-03
  2.4192E-04  8.2221E-03 -2.7282E-04 -1.2180E-03
  2.4413E-04  8.2756E-03 -2.7531E-04 -1.2291E-03
  2.4636E-04  8.3293E-03 -2.7782E-04 -1.2403E-03
  2.4860E-04  8.3832E-03 -2.8035E-04 -1.2516E-03
  2.5086E-04  8.4373E-03 -2.8289E-04 -1.2629E-03
  2.5313E-04  8.4916E-03 -2.8545E-04 -1.2744E-03
  2.5542E-04  8.5462E-03 -2.8804E-04 -1.2859E-03
  2.5772E-04  8.6010E-03 -2.9063E-04 -1.2975E-03
  2.6004E-04  8.6560E-03 -2.9325E-04 -1.3092E-03
  2.6238E-04  8.7112E-03 -2.9589E-04 -1.3210E-03
  2.6473E-04  8.7666E-03 -2.9854E-04 -1.3328E-03
  2.6710E-04  8.8222E-03 -3.0121E-04 -1.3447E-03
  2.6949E-04  8.8781E-03 -3.0390E-04 -1.3567E-03
  2.7189E-04  8.9342E-03 -3.0661E-04 -1.3688E-03
  2.7431E-04  8.9905E-03 -3.0934E-04 -1.3810E-03
  2.7674E-04  9.0471E-03 -3.1209E-04 -1.3933E-03
  2.7920E-04  9.1038E-03 -3.1485E-04 -1.4056E-03
  2.8167E-04  9.1608E-03 -3.1764E-04 -1.4181E-03
  2.8415E-04  9.2180E-03 -3.2044E-04 -1.4306E-03
  2.8666E-04  9.2755E-03 -3.2327E-04 -1.4432E-03
  2.8918E-04  9.3331E-03 -3.2611E-04 -1.4559E-03
  2.9172E-04  9.3911E-03 -3.2897E-04 -1.4687E-03
  2.9428E-04  9.4492E-03 -3.3186E-04 -1.4815E-03
  2.9685E-04  9.5075E-03 -3.3476E-04 -1.4945E-03
  2.9944E-04  9.5661E-03 -3.3769E-04 -1.5076E-03
  3.0206E-04  9.6250E-03 -3.4063E-04 -1.5207E-03
  3.0468E-04  9.6840E-03 -3.4359E-04 -1.5339E-03
  3.0733E-04  9.7433E-03 -3.4658E-04 -1.5473E-03
  3.1000E-04  9.8028E-03 -3.4959E-04 -1.5607E-03
  3.1268E-04  9.8626E-03 -3.5261E-04 -1.5742E-03
  3.1539E-04  9.9226E-03 -3.5566E-04 -1.5878E-03
  3.1811E-04  9.9828E-03 -3.5873E-04 -1.6015E-03
  3.2085E-04  1.0043E-02 -3.6182E-04 -1.6153E-03
  3.2361E-04  1.0104E-02 -3.6494E-04 -1.6292E-03
  3.2639E-04  1.0165E-02 -3.6807E-04 -1.6432E-03
  3.2919E-04  1.0226E-02 -3.7123E-04 -1.6573E-03
  3.3200E-04  1.0288E-02 -3.7440E-04 -1.6715E-03
  3.3484E-04  1.0349E-02 -3.7760E-04 -1.6858E-03
  3.3770E-04  1.0411E-02 -3.8083E-04 -1.7002E-03
  3.4058E-04  1.0473E-02 -3.8407E-04 -1.7146E-03
  3.4347E-04  1.0536E-02 -3.8734E-04 -1.7292E-03
  3.4639E-04  1.0598E-02 -3.9063E-04 -1.7439E-03
  3.4933E-04  1.0661E-02 -3.9394E-04 -1.7587E-03
  3.5229E-04  1.0725E-02 -3.9728E-04 -1.7736E-03
  3.5527E-04  1.0788E-02 -4.0064E-04 -1.7886E-03
  3.5827E-04  1.0852E-02 -4.0402E-04 -1.8037E-03
  3.6129E-04  1.0915E-02 -4.0743E-04 -1.8189E-03
  3.6433E-04  1.0980E-02 -4.1086E-04 -1.8342E-03
  3.6739E-04  1.1044E-02 -4.1431E-04 -1.8496E-03
  3.7048E-04  1.1109E-02 -4.1779E-04 -1.8652E-03
  3.7358E-04  1.1174E-02 -4.2129E-04 -1.8808E-03
  3.7671E-04  1.1239E-02 -4.2482E-04 -1.8966E-03
  3.7986E-04  1.1304E-02 -4.2837E-04 -1.9124E-03
  3.8303E-04  1.1370E-02 -4.3194E-04 -1.9284E-03
  3.8622E-04  1.1436E-02 -4.3555E-04 -1.9445E-03
  3.8944E-04  1.1502E-02 -4.3917E-04 -1.9606E-03
  3.9268E-04  1.1568E-02 -4.4282E-04 -1.9769E-03
  3.9594E-04  1.1635E-02 -4.4650E-04 -1.9934E-03
  3.9922E-04  1.1702E-02 -4.5020E-04 -2.0099E-03
  4.0253E-04  1.1769E-02 -4.5393E-04 -2.0265E-03
  4.0585E-04  1.1837E-02 -4.5768E-04 -2.0433E-03
  4.0921E-04  1.1904E-02 -4.6146E-04 -2.0602E-03
  4.1258E-04  1.1972E-02 -4.6527E-04 -2.0772E-03
  4.1598E-04  1.2041E-02 -4.6910E-04 -2.0943E-03
  4.1940E-04  1.2109E-02 -4.7296E-04 -2.1115E-03
  4.2285E-04  1.2178E-02 -4.7685E-04 -2.1289E-03
  4.2632E-04  1.2247E-02 -4.8076E-04 -2.1463E-03
  4.2981E-04  1.2316E-02 -4.8470E-04 -2.1639E-03
  4.3333E-04  1.2386E-02 -4.8867E-04 -2.1816E-03
  4.3688E-04  1.2456E-02 -4.9267E-04 -2.1995E-03
  4.4045E-04  1.2526E-02 -4.9669E-04 -2.2174E-03
  4.4404E-04  1.2596E-02 -5.0074E-04 -2.2355E-03
  4.4766E-04  1.2667E-02 -5.0482E-04 -2.2537E-03
  4.5130E-04  1.2738E-02 -5.0893E-04 -2.2721E-03
  4.5497E-04  1.2809E-02 -5.1307E-04 -2.2906E-03
  4.5866E-04  1.2880E-02 -5.1724E-04 -2.3091E-03
  4.6238E-04  1.2952E-02 -5.2143E-04 -2.3279E-03
  4.6613E-04  1.3024E-02 -5.2565E-04 -2.3467E-03
  4.6990E-04  1.3096E-02 -5.2991E-04 -2.3657E-03
  4.7370E-04  1.3169E-02 -5.3419E-04 -2.3848E-03
  4.7752E-04  1.3242E-02 -5.3850E-04 -2.4041E-03
  4.8137E-04  1.3315E-02 -5.4285E-04 -2.4235E-03
  4.8525E-04  1.3388E-02 -5.4722E-04 -2.4430E-03
  4.8916E-04  1.3462E-02 -5.5162E-04 -2.4627E-03
  4.9309E-04  1.3536E-02 -5.5606E-04 -2.4825E-03
  4.9705E-04  1.3610E-02 -5.6052E-04 -2.5024E-03
  5.0104E-04  1.3684E-02 -5.6502E-04 -2.5225E-03
  5.0505E-04  1.3759E-02 -5.6955E-04 -2.5427E-03
  5.0909E-04  1.3834E-02 -5.7411E-04 -2.5630E-03
  5.1316E-04  1.3909E-02 -5.7870E-04 -2.5835E-03
  5.1726E-04  1.3985E-02 -5.8332E-04 -2.6042E-03
  5.2139E-04  1.4061E-02 -5.8798E-04 -2.6250E-03
  5.2555E-04  1.4137E-02 -5.9266E-04 -2.6459E-03
  5.2973E-04  1.4213E-02 -5.9738E-04 -2.6670E-03
  5.3395E-04  1.4290E-02 -6.0214E-04 -2.6882E-03
  5.3819E-04  1.4367E-02 -6.0692E-04 -2.7096E-03
  5.4247E-04  1.4444E-02 -6.1174E-04 -2.7311E-03
  5.4677E-04  1.4522E-02 -6.1660E-04 -2.7527E-03
  5.5110E-04  1.4599E-02 -6.2148E-04 -2.7746E-03
  5.5547E-04  1.4678E-02 -6.2640E-04 -2.7965E-03
  5.5986E-04  1.4756E-02 -6.3136E-04 -2.8186E-03
  5.6429E-04  1.4835E-02 -6.3635E-04 -2.8409E-03
  5.6874E-04  1.4914E-02 -6.4137E-04 -2.8634E-03
  5.7323E-04  1.4993E-02 -6.4643E-04 -2.8859E-03
  5.7775E-04  1.5072E-02 -6.5153E-04 -2.9087E-03
  5.8230E-04  1.5152E-02 -6.5666E-04 -2.9316E-03
  5.8688E-04  1.5232E-02 -6.6182E-04 -2.9547E-03
  5.9149E-04  1.5313E-02 -6.6703E-04 -2.9779E-03
  5.9614E-04  1.5393E-02 -6.7227E-04 -3.0013E-03
  6.0081E-04  1.5474E-02 -6.7754E-04 -3.0248E-03
  6.0552E-04  1.5555E-02 -6.8285E-04 -3.0485E-03
  6.1027E-04  1.5637E-02 -6.8820E-04 -3.0724E-03
  6.1504E-04  1.5719E-02 -6.9359E-04 -3.0964E-03
  6.1985E-04  1.5801E-02 -6.9901E-04 -3.1207E-03
  6.2469E-04  1.5883E-02 -7.0447E-04 -3.1450E-03
  6.2957E-04  1.5966E-02 -7.0997E-04 -3.1696E-03
  6.3448E-04  1.6049E-02 -7.1551E-04 -3.1943E-03
  6.3942E-04  1.6132E-02 -7.2108E-04 -3.2192E-03
  6.4440E-04  1.6216E-02 -7.2670E-04 -3.2443E-03
  6.4942E-04  1.6299E-02 -7.3235E-04 -3.2695E-03
  6.5446E-04  1.6384E-02 -7.3804E-04 -3.2949E-03
  6.5955E-04  1.6468E-02 -7.4378E-04 -3.3205E-03
  6.6467E-04  1.6553E-02 -7.4955E-04 -3.3463E-03
  6.6982E-04  1.6638E-02 -7.5536E-04 -3.3722E-03
  6.7501E-04  1.6723E-02 -7.6121E-04 -3.3984E-03
  6.8024E-04  1.6808E-02 -7.6711E-04 -3.4247E-03
  6.8550E-04  1.6894E-02 -7.7304E-04 -3.4512E-03
  6.9080E-04  1.6980E-02 -7.7902E-04 -3.4779E-03
  6.9614E-04  1.7067E-02 -7.8504E-04 -3.5047E-03
  7.0151E-04  1.7154E-02 -7.9110E-04 -3.5318E-03
  7.0692E-04  1.7241E-02 -7.9720E-04 -3.5590E-03
  7.1237E-04  1.7328E-02 -8.0335E-04 -3.5865E-03
  7.1786E-04  1.7415E-02 -8.0953E-04 -3.6141E-03
  7.2338E-04  1.7503E-02 -8.1576E-04 -3.6419E-03
  7.2895E-04  1.7591E-02 -8.2204E-04 -3.6699E-03
  7.3455E-04  1.7680E-02 -8.2836E-04 -3.6981E-03
  7.4019E-04  1.7769E-02 -8.3472E-04 -3.7265E-03
  7.4587E-04  1.7858E-02 -8.4112E-04 -3.7551E-03
  7.5159E-04  1.7947E-02 -8.4757E-04 -3.7839E-03
  7.5735E-04  1.8037E-02 -8.5407E-04 -3.8129E-03
  7.6315E-04  1.8127E-02 -8.6061E-04 -3.8421E-03
  7.6899E-04  1.8217E-02 -8.6720E-04 -3.8715E-03
  7.7487E-04  1.8307E-02 -8.7383E-04 -3.9011E-03
  7.8080E-04  1.8398E-02 -8.8051E-04 -3.9309E-03
  7.8676E-04  1.8489E-02 -8.8723E-04 -3.9610E-03
  7.9276E-04  1.8580E-02 -8.9400E-04 -3.9912E-03
  7.9881E-04  1.8672E-02 -9.0082E-04 -4.0216E-03
  8.0490E-04  1.8764E-02 -9.0769E-04 -4.0523E-03
  8.1103E-04  1.8856E-02 -9.1460E-04 -4.0832E-03
  8.1721E-04  1.8949E-02 -9.2157E-04 -4.1142E-03
  8.2342E-04  1.9041E-02 -9.2858E-04 -4.1455E-03
  8.2968E-04  1.9134E-02 -9.3564E-04 -4.1771E-03
  8.3599E-04  1.9228E-02 -9.4275E-04 -4.2088E-03
  8.4233E-04  1.9321E-02 -9.4991E-04 -4.2408E-03
  8.4873E-04  1.9415E-02 -9.5711E-04 -4.2729E-03
  8.5516E-04  1.9510E-02 -9.6437E-04 -4.3053E-03
  8.6164E-04  1.9604E-02 -9.7168E-04 -4.3380E-03
  8.6817E-04  1.9699E-02 -9.7904E-04 -4.3708E-03
  8.7474E-04  1.9794E-02 -9.8645E-04 -4.4039E-03
  8.8136E-04  1.9889E-02 -9.9392E-04 -4.4372E-03
  8.8802E-04  1.9985E-02 -1.0014E-03 -4.4708E-03
  8.9474E-04  2.0081E-02 -1.0090E-03 -4.5046E-03
  9.0149E-04  2.0177E-02 -1.0166E-03 -4.5386E-03
  9.0830E-04  2.0273E-02 -1.0243E-03 -4.5728E-03
  9.1515E-04  2.0370E-02 -1.0320E-03 -4.6073E-03
  9.2205E-04  2.0467E-02 -1.0398E-03 -4.6421E-03
  9.2899E-04  2.0564E-02 -1.0476E-03 -4.6770E-03
  9.3599E-04  2.0662E-02 -1.0555E-03 -4.7123E-03
  9.4303E-04  2.0760E-02 -1.0635E-03 -4.7477E-03
  9.5013E-04  2.0858E-02 -1.0715E-03 -4.7834E-03
  9.5727E-04  2.0956E-02 -1.0795E-03 -4.8194E-03
  9.6446E-04  2.1055E-02 -1.0876E-03 -4.8556E-03
  9.7171E-04  2.1153E-02 -1.0958E-03 -4.8921E-03
  9.7900E-04  2.1253E-02 -1.1040E-03 -4.9288E-03
  9.8634E-04  2.1352E-02 -1.1123E-03 -4.9658E-03
  9.9374E-04  2.1452E-02 -1.1206E-03 -5.0030E-03
  1.0012E-03  2.1552E-02 -1.1290E-03 -5.0405E-03
  1.0087E-03  2.1652E-02 -1.1375E-03 -5.0782E-03
  1.0162E-03  2.1753E-02 -1.1460E-03 -5.1163E-03
  1.0238E-03  2.1853E-02 -1.1546E-03 -5.1545E-03
  1.0315E-03  2.1954E-02 -1.1632E-03 -5.1931E-03
  1.0392E-03  2.2056E-02 -1.1719E-03 -5.2319E-03
  1.0470E-03  2.2157E-02 -1.1807E-03 -5.2710E-03
  1.0548E-03  2.2259E-02 -1.1895E-03 -5.3103E-03
  1.0627E-03  2.2361E-02 -1.1984E-03 -5.3500E-03
  1.0706E-03  2.2463E-02 -1.2073E-03 -5.3899E-03
  1.0786E-03  2.2566E-02 -1.2163E-03 -5.4301E-03
  1.0866E-03  2.2669E-02 -1.2254E-03 -5.4705E-03
  1.0947E-03  2.2772E-02 -1.2345E-03 -5.5113E-03
  1.1028E-03  2.2875E-02 -1.2437E-03 -5.5523E-03
  1.1110E-03  2.2979E-02 -1.2529E-03 -5.5936E-03
  1.1193E-03  2.3082E-02 -1.2623E-03 -5.6352E-03
  1.1276E-03  2.3186E-02 -1.2716E-03 -5.6771E-03
  1.1360E-03  2.3291E-02 -1.2811E-03 -5.7193E-03
  1.1444E-03  2.3395E-02 -1.2906E-03 -5.7618E-03
  1.1529E-03  2.3500E-02 -1.3002E-03 -5.8045E-03
  1.1615E-03  2.3605E-02 -1.3098E-03 -5.8476E-03
  1.1701E-03  2.3710E-02 -1.3195E-03 -5.8910E-03
  1.1788E-03  2.3816E-02 -1.3293E-03 -5.9347E-03
  1.1875E-03  2.3921E-02 -1.3392E-03 -5.9786E-03
  1.1963E-03  2.4027E-02 -1.3491E-03 -6.0229E-03
  1.2052E-03  2.4133E-02 -1.3591E-03 -6.0675E-03
  1.2141E-03  2.4240E-02 -1.3691E-03 -6.1124E-03
  1.2231E-03  2.4346E-02 -1.3793E-03 -6.1576E-03
  1.2321E-03  2.4453E-02 -1.3895E-03 -6.2032E-03
  1.2412E-03  2.4560E-02 -1.3997E-03 -6.2490E-03
  1.2504E-03  2.4667E-02 -1.4101E-03 -6.2952E-03
  1.2596E-03  2.4775E-02 -1.4205E-03 -6.3417E-03
  1.2689E-03  2.4882E-02 -1.4310E-03 -6.3885E-03
  1.2783E-03  2.4990E-02 -1.4415E-03 -6.4356E-03
  1.2877E-03  2.5098E-02 -1.4522E-03 -6.4831E-03
  1.2972E-03  2.5207E-02 -1.4629E-03 -6.5309E-03
  1.3068E-03  2.5315E-02 -1.4737E-03 -6.5790E-03
  1.3164E-03  2.5424E-02 -1.4845E-03 -6.6275E-03
  1.3261E-03  2.5533E-02 -1.4954E-03 -6.6763E-03
  1.3359E-03  2.5642E-02 -1.5065E-03 -6.7254E-03
  1.3457E-03  2.5751E-02 -1.5175E-03 -6.7749E-03
  1.3556E-03  2.5860E-02 -1.5287E-03 -6.8247E-03
  1.3656E-03  2.5970E-02 -1.5399E-03 -6.8749E-03
  1.3756E-03  2.6080E-02 -1.5513E-03 -6.9255E-03
  1.3857E-03  2.6190E-02 -1.5627E-03 -6.9763E-03
  1.3959E-03  2.6300E-02 -1.5741E-03 -7.0276E-03
  1.4061E-03  2.6410E-02 -1.5857E-03 -7.0792E-03
  1.4164E-03  2.6521E-02 -1.5973E-03 -7.1311E-03
  1.4268E-03  2.6631E-02 -1.6090E-03 -7.1834E-03
  1.4373E-03  2.6742E-02 -1.6208E-03 -7.2361E-03
  1.4478E-03  2.6853E-02 -1.6327E-03 -7.2891E-03
  1.4584E-03  2.6964E-02 -1.6447E-03 -7.3425E-03
  1.4691E-03  2.7075E-02 -1.6567E-03 -7.3963E-03
  1.4799E-03  2.7187E-02 -1.6689E-03 -7.4505E-03
  1.4907E-03  2.7298E-02 -1.6811E-03 -7.5050E-03
  1.5016E-03  2.7410E-02 -1.6934E-03 -7.5599E-03
  1.5126E-03  2.7522E-02 -1.7058E-03 -7.6152E-03
  1.5237E-03  2.7634E-02 -1.7182E-03 -7.6709E-03
  1.5348E-03  2.7746E-02 -1.7308E-03 -7.7270E-03
  1.5460E-03  2.7858E-02 -1.7434E-03 -7.7834E-03
  1.5573E-03  2.7970E-02 -1.7562E-03 -7.8403E-03
  1.5687E-03  2.8083E-02 -1.7690E-03 -7.8976E-03
  1.5801E-03  2.8195E-02 -1.7819E-03 -7.9552E-03
  1.5917E-03  2.8308E-02 -1.7949E-03 -8.0133E-03
  1.6033E-03  2.8421E-02 -1.8080E-03 -8.0717E-03
  1.6150E-03  2.8534E-02 -1.8212E-03 -8.1306E-03
  1.6267E-03  2.8646E-02 -1.8345E-03 -8.1898E-03
  1.6386E-03  2.8760E-02 -1.8478E-03 -8.2495E-03
  1.6505E-03  2.8873E-02 -1.8613E-03 -8.3096E-03
  1.6625E-03  2.8986E-02 -1.8749E-03 -8.3701E-03
  1.6747E-03  2.9099E-02 -1.8885E-03 -8.4311E-03
  1.6868E-03  2.9212E-02 -1.9023E-03 -8.4925E-03
  1.6991E-03  2.9326E-02 -1.9161E-03 -8.5542E-03
  1.7115E-03  2.9439E-02 -1.9300E-03 -8.6165E-03
  1.7239E-03  2.9553E-02 -1.9441E-03 -8.6791E-03
  1.7365E-03  2.9666E-02 -1.9582E-03 -8.7422E-03
  1.7491E-03  2.9780E-02 -1.9724E-03 -8.8057E-03
  1.7618E-03  2.9894E-02 -1.9868E-03 -8.8697E-03
  1.7746E-03  3.0007E-02 -2.0012E-03 -8.9341E-03
  1.7875E-03  3.0121E-02 -2.0157E-03 -8.9990E-03
  1.8004E-03  3.0235E-02 -2.0304E-03 -9.0643E-03
  1.8135E-03  3.0349E-02 -2.0451E-03 -9.1301E-03
  1.8267E-03  3.0462E-02 -2.0599E-03 -9.1963E-03
  1.8399E-03  3.0576E-02 -2.0749E-03 -9.2630E-03
  1.8532E-03  3.0690E-02 -2.0899E-03 -9.3302E-03
  1.8667E-03  3.0804E-02 -2.1051E-03 -9.3978E-03
  1.8802E-03  3.0917E-02 -2.1203E-03 -9.4659E-03
  1.8938E-03  3.1031E-02 -2.1357E-03 -9.5345E-03
  1.9075E-03  3.1145E-02 -2.1511E-03 -9.6035E-03
  1.9213E-03  3.1259E-02 -2.1667E-03 -9.6731E-03
  1.9353E-03  3.1372E-02 -2.1824E-03 -9.7431E-03
  1.9493E-03  3.1486E-02 -2.1982E-03 -9.8136E-03
  1.9634E-03  3.1599E-02 -2.2141E-03 -9.8846E-03
  1.9776E-03  3.1713E-02 -2.2301E-03 -9.9561E-03
  1.9919E-03  3.1826E-02 -2.2462E-03 -1.0028E-02
  2.0063E-03  3.1940E-02 -2.2625E-03 -1.0101E-02
  2.0208E-03  3.2053E-02 -2.2788E-03 -1.0174E-02
  2.0354E-03  3.2166E-02 -2.2953E-03 -1.0247E-02
  2.0501E-03  3.2279E-02 -2.3119E-03 -1.0321E-02
  2.0649E-03  3.2392E-02 -2.3285E-03 -1.0396E-02
  2.0798E-03  3.2505E-02 -2.3454E-03 -1.0471E-02
  2.0948E-03  3.2618E-02 -2.3623E-03 -1.0546E-02
  2.1099E-03  3.2731E-02 -2.3793E-03 -1.0622E-02
  2.1251E-03  3.2843E-02 -2.3965E-03 -1.0699E-02
  2.1404E-03  3.2956E-02 -2.4138E-03 -1.0776E-02
  2.1559E-03  3.3068E-02 -2.4312E-03 -1.0854E-02
  2.1714E-03  3.3180E-02 -2.4487E-03 -1.0932E-02
  2.1871E-03  3.3292E-02 -2.4664E-03 -1.1011E-02
  2.2028E-03  3.3404E-02 -2.4841E-03 -1.1090E-02
  2.2187E-03  3.3516E-02 -2.5020E-03 -1.1170E-02
  2.2347E-03  3.3627E-02 -2.5200E-03 -1.1250E-02
  2.2508E-03  3.3738E-02 -2.5382E-03 -1.1331E-02
  2.2670E-03  3.3849E-02 -2.5564E-03 -1.1413E-02
  2.2833E-03  3.3960E-02 -2.5748E-03 -1.1495E-02
  2.2997E-03  3.4071E-02 -2.5934E-03 -1.1578E-02
  2.3162E-03  3.4181E-02 -2.6120E-03 -1.1661E-02
  2.3329E-03  3.4291E-02 -2.6308E-03 -1.1745E-02
  2.3497E-03  3.4401E-02 -2.6497E-03 -1.1829E-02
  2.3666E-03  3.4511E-02 -2.6688E-03 -1.1914E-02
  2.3836E-03  3.4620E-02 -2.6879E-03 -1.2000E-02
  2.4007E-03  3.4729E-02 -2.7073E-03 -1.2086E-02
  2.4179E-03  3.4838E-02 -2.7267E-03 -1.2173E-02
  2.4353E-03  3.4947E-02 -2.7463E-03 -1.2261E-02
  2.4528E-03  3.5055E-02 -2.7660E-03 -1.2349E-02
  2.4704E-03  3.5163E-02 -2.7859E-03 -1.2437E-02
  2.4881E-03  3.5270E-02 -2.8059E-03 -1.2527E-02
  2.5060E-03  3.5378E-02 -2.8260E-03 -1.2616E-02
  2.5240E-03  3.5485E-02 -2.8463E-03 -1.2707E-02
  2.5421E-03  3.5591E-02 -2.8667E-03 -1.2798E-02
  2.5603E-03  3.5697E-02 -2.8872E-03 -1.2890E-02
  2.5787E-03  3.5803E-02 -2.9079E-03 -1.2982E-02
  2.5971E-03  3.5909E-02 -2.9288E-03 -1.3075E-02
  2.6158E-03  3.6014E-02 -2.9498E-03 -1.3169E-02
  2.6345E-03  3.6118E-02 -2.9709E-03 -1.3263E-02
  2.6534E-03  3.6223E-02 -2.9922E-03 -1.3358E-02
  2.6724E-03  3.6326E-02 -3.0136E-03 -1.3454E-02
  2.6915E-03  3.6430E-02 -3.0352E-03 -1.3550E-02
  2.7108E-03  3.6533E-02 -3.0570E-03 -1.3647E-02
  2.7302E-03  3.6635E-02 -3.0788E-03 -1.3745E-02
  2.7497E-03  3.6737E-02 -3.1009E-03 -1.3844E-02
  2.7694E-03  3.6839E-02 -3.1231E-03 -1.3943E-02
  2.7892E-03  3.6940E-02 -3.1454E-03 -1.4042E-02
  2.8092E-03  3.7040E-02 -3.1679E-03 -1.4143E-02
  2.8293E-03  3.7140E-02 -3.1906E-03 -1.4244E-02
  2.8495E-03  3.7239E-02 -3.2134E-03 -1.4346E-02
  2.8699E-03  3.7338E-02 -3.2363E-03 -1.4448E-02
  2.8904E-03  3.7437E-02 -3.2595E-03 -1.4552E-02
  2.9110E-03  3.7534E-02 -3.2828E-03 -1.4656E-02
  2.9318E-03  3.7631E-02 -3.3062E-03 -1.4760E-02
  2.9528E-03  3.7728E-02 -3.3298E-03 -1.4866E-02
  2.9739E-03  3.7824E-02 -3.3536E-03 -1.4972E-02
  2.9951E-03  3.7919E-02 -3.3776E-03 -1.5079E-02
  3.0165E-03  3.8014E-02 -3.4017E-03 -1.5187E-02
  3.0380E-03  3.8108E-02 -3.4260E-03 -1.5295E-02
  3.0597E-03  3.8201E-02 -3.4504E-03 -1.5404E-02
  3.0815E-03  3.8294E-02 -3.4751E-03 -1.5514E-02
  3.1035E-03  3.8386E-02 -3.4998E-03 -1.5625E-02
  3.1257E-03  3.8477E-02 -3.5248E-03 -1.5736E-02
  3.1480E-03  3.8567E-02 -3.5500E-03 -1.5848E-02
  3.1704E-03  3.8657E-02 -3.5753E-03 -1.5961E-02
  3.1930E-03  3.8746E-02 -3.6008E-03 -1.6075E-02
  3.2158E-03  3.8834E-02 -3.6264E-03 -1.6190E-02
  3.2387E-03  3.8922E-02 -3.6523E-03 -1.6305E-02
  3.2618E-03  3.9009E-02 -3.6783E-03 -1.6422E-02
  3.2850E-03  3.9094E-02 -3.7045E-03 -1.6539E-02
  3.3084E-03  3.9179E-02 -3.7309E-03 -1.6656E-02
  3.3320E-03  3.9264E-02 -3.7575E-03 -1.6775E-02
  3.3557E-03  3.9347E-02 -3.7843E-03 -1.6894E-02
  3.3796E-03  3.9429E-02 -3.8112E-03 -1.7015E-02
  3.4037E-03  3.9511E-02 -3.8383E-03 -1.7136E-02
  3.4279E-03  3.9592E-02 -3.8657E-03 -1.7258E-02
  3.4523E-03  3.9671E-02 -3.8932E-03 -1.7381E-02
  3.4769E-03  3.9750E-02 -3.9209E-03 -1.7504E-02
  3.5016E-03  3.9828E-02 -3.9488E-03 -1.7629E-02
  3.5266E-03  3.9905E-02 -3.9769E-03 -1.7754E-02
  3.5516E-03  3.9980E-02 -4.0052E-03 -1.7881E-02
  3.5769E-03  4.0055E-02 -4.0337E-03 -1.8008E-02
  3.6023E-03  4.0129E-02 -4.0623E-03 -1.8136E-02
  3.6280E-03  4.0202E-02 -4.0912E-03 -1.8265E-02
  3.6538E-03  4.0274E-02 -4.1203E-03 -1.8395E-02
  3.6797E-03  4.0344E-02 -4.1496E-03 -1.8526E-02
  3.7059E-03  4.0414E-02 -4.1791E-03 -1.8657E-02
  3.7322E-03  4.0482E-02 -4.2088E-03 -1.8790E-02
  3.7587E-03  4.0549E-02 -4.2387E-03 -1.8923E-02
  3.7854E-03  4.0615E-02 -4.2688E-03 -1.9058E-02
  3.8123E-03  4.0680E-02 -4.2991E-03 -1.9193E-02
  3.8394E-03  4.0744E-02 -4.3297E-03 -1.9329E-02
  3.8667E-03  4.0807E-02 -4.3604E-03 -1.9467E-02
  3.8941E-03  4.0868E-02 -4.3914E-03 -1.9605E-02
  3.9218E-03  4.0928E-02 -4.4226E-03 -1.9744E-02
  3.9496E-03  4.0987E-02 -4.4539E-03 -1.9884E-02
  3.9776E-03  4.1044E-02 -4.4856E-03 -2.0025E-02
  4.0059E-03  4.1101E-02 -4.5174E-03 -2.0168E-02
  4.0343E-03  4.1155E-02 -4.5494E-03 -2.0311E-02
  4.0629E-03  4.1209E-02 -4.5817E-03 -2.0455E-02
  4.0917E-03  4.1261E-02 -4.6142E-03 -2.0600E-02
  4.1208E-03  4.1312E-02 -4.6470E-03 -2.0746E-02
  4.1500E-03  4.1361E-02 -4.6799E-03 -2.0893E-02
  4.1794E-03  4.1409E-02 -4.7131E-03 -2.1041E-02
  4.2091E-03  4.1456E-02 -4.7465E-03 -2.1190E-02
  4.2389E-03  4.1501E-02 -4.7802E-03 -2.1341E-02
  4.2689E-03  4.1544E-02 -4.8140E-03 -2.1492E-02
  4.2992E-03  4.1586E-02 -4.8482E-03 -2.1644E-02
  4.3297E-03  4.1627E-02 -4.8825E-03 -2.1798E-02
  4.3603E-03  4.1666E-02 -4.9171E-03 -2.1952E-02
  4.3912E-03  4.1703E-02 -4.9520E-03 -2.2108E-02
  4.4224E-03  4.1739E-02 -4.9870E-03 -2.2264E-02
  4.4537E-03  4.1773E-02 -5.0224E-03 -2.2422E-02
  4.4852E-03  4.1806E-02 -5.0579E-03 -2.2581E-02
  4.5170E-03  4.1837E-02 -5.0938E-03 -2.2741E-02
  4.5490E-03  4.1866E-02 -5.1298E-03 -2.2902E-02
  4.5812E-03  4.1893E-02 -5.1661E-03 -2.3064E-02
  4.6136E-03  4.1919E-02 -5.2027E-03 -2.3227E-02
  4.6463E-03  4.1943E-02 -5.2395E-03 -2.3391E-02
  4.6792E-03  4.1965E-02 -5.2766E-03 -2.3557E-02
  4.7123E-03  4.1986E-02 -5.3140E-03 -2.3724E-02
  4.7456E-03  4.2004E-02 -5.3516E-03 -2.3892E-02
  4.7792E-03  4.2021E-02 -5.3894E-03 -2.4061E-02
  4.8130E-03  4.2036E-02 -5.4276E-03 -2.4231E-02
  4.8470E-03  4.2049E-02 -5.4659E-03 -2.4402E-02
  4.8813E-03  4.2060E-02 -5.5046E-03 -2.4575E-02
  4.9159E-03  4.2069E-02 -5.5435E-03 -2.4749E-02
  4.9506E-03  4.2076E-02 -5.5827E-03 -2.4924E-02
  4.9856E-03  4.2082E-02 -5.6222E-03 -2.5100E-02
  5.0209E-03  4.2085E-02 -5.6620E-03 -2.5277E-02
  5.0564E-03  4.2086E-02 -5.7020E-03 -2.5456E-02
  5.0921E-03  4.2085E-02 -5.7423E-03 -2.5636E-02
  5.1281E-03  4.2082E-02 -5.7829E-03 -2.5817E-02
  5.1643E-03  4.2077E-02 -5.8237E-03 -2.6000E-02
  5.2008E-03  4.2069E-02 -5.8649E-03 -2.6183E-02
  5.2376E-03  4.2060E-02 -5.9063E-03 -2.6368E-02
  5.2746E-03  4.2048E-02 -5.9481E-03 -2.6555E-02
  5.3118E-03  4.2035E-02 -5.9901E-03 -2.6742E-02
  5.3494E-03  4.2019E-02 -6.0324E-03 -2.6931E-02
  5.3871E-03  4.2000E-02 -6.0750E-03 -2.7121E-02
  5.4252E-03  4.1980E-02 -6.1179E-03 -2.7313E-02
  5.4635E-03  4.1957E-02 -6.1611E-03 -2.7506E-02
  5.5021E-03  4.1931E-02 -6.2046E-03 -2.7700E-02
  5.5409E-03  4.1904E-02 -6.2484E-03 -2.7895E-02
  5.5800E-03  4.1874E-02 -6.2925E-03 -2.8092E-02
  5.6194E-03  4.1841E-02 -6.3369E-03 -2.8291E-02
  5.6591E-03  4.1806E-02 -6.3816E-03 -2.8490E-02
  5.6990E-03  4.1769E-02 -6.4267E-03 -2.8691E-02
  5.7393E-03  4.1729E-02 -6.4720E-03 -2.8894E-02
  5.7797E-03  4.1687E-02 -6.5177E-03 -2.9098E-02
  5.8205E-03  4.1642E-02 -6.5637E-03 -2.9303E-02
  5.8616E-03  4.1594E-02 -6.6100E-03 -2.9510E-02
  5.9029E-03  4.1544E-02 -6.6566E-03 -2.9718E-02
  5.9446E-03  4.1492E-02 -6.7036E-03 -2.9928E-02
  5.9865E-03  4.1436E-02 -6.7508E-03 -3.0139E-02
  6.0287E-03  4.1378E-02 -6.7984E-03 -3.0351E-02
  6.0712E-03  4.1317E-02 -6.8464E-03 -3.0565E-02
  6.1141E-03  4.1254E-02 -6.8947E-03 -3.0781E-02
  6.1572E-03  4.1187E-02 -6.9433E-03 -3.0998E-02
  6.2006E-03  4.1118E-02 -6.9922E-03 -3.1216E-02
  6.2443E-03  4.1046E-02 -7.0415E-03 -3.1436E-02
  6.2883E-03  4.0972E-02 -7.0911E-03 -3.1658E-02
  6.3326E-03  4.0894E-02 -7.1411E-03 -3.1881E-02
  6.3772E-03  4.0813E-02 -7.1914E-03 -3.2106E-02
  6.4222E-03  4.0730E-02 -7.2421E-03 -3.2332E-02
  6.4674E-03  4.0643E-02 -7.2931E-03 -3.2560E-02
  6.5130E-03  4.0554E-02 -7.3445E-03 -3.2789E-02
  6.5589E-03  4.0462E-02 -7.3963E-03 -3.3020E-02
  6.6051E-03  4.0366E-02 -7.4484E-03 -3.3253E-02
  6.6516E-03  4.0268E-02 -7.5008E-03 -3.3487E-02
  6.6985E-03  4.0166E-02 -7.5537E-03 -3.3723E-02
  6.7457E-03  4.0061E-02 -7.6069E-03 -3.3960E-02
  6.7932E-03  3.9953E-02 -7.6604E-03 -3.4199E-02
  6.8410E-03  3.9842E-02 -7.7144E-03 -3.4440E-02
  6.8892E-03  3.9728E-02 -7.7687E-03 -3.4683E-02
  6.9377E-03  3.9610E-02 -7.8234E-03 -3.4927E-02
  6.9865E-03  3.9489E-02 -7.8785E-03 -3.5173E-02
  7.0357E-03  3.9365E-02 -7.9339E-03 -3.5420E-02
  7.0852E-03  3.9238E-02 -7.9898E-03 -3.5670E-02
  7.1351E-03  3.9107E-02 -8.0460E-03 -3.5921E-02
  7.1853E-03  3.8973E-02 -8.1026E-03 -3.6174E-02
  7.2359E-03  3.8835E-02 -8.1596E-03 -3.6428E-02
  7.2868E-03  3.8694E-02 -8.2171E-03 -3.6685E-02
  7.3381E-03  3.8550E-02 -8.2749E-03 -3.6943E-02
  7.3897E-03  3.8402E-02 -8.3331E-03 -3.7203E-02
  7.4417E-03  3.8251E-02 -8.3917E-03 -3.7464E-02
  7.4941E-03  3.8096E-02 -8.4508E-03 -3.7728E-02
  7.5468E-03  3.7937E-02 -8.5102E-03 -3.7993E-02
  7.5999E-03  3.7775E-02 -8.5701E-03 -3.8260E-02
  7.6533E-03  3.7610E-02 -8.6303E-03 -3.8530E-02
  7.7072E-03  3.7440E-02 -8.6910E-03 -3.8801E-02
  7.7614E-03  3.7267E-02 -8.7521E-03 -3.9073E-02
  7.8160E-03  3.7091E-02 -8.8137E-03 -3.9348E-02
  7.8709E-03  3.6910E-02 -8.8757E-03 -3.9625E-02
  7.9263E-03  3.6726E-02 -8.9381E-03 -3.9903E-02
  7.9820E-03  3.6538E-02 -9.0009E-03 -4.0184E-02
  8.0381E-03  3.6347E-02 -9.0642E-03 -4.0466E-02
  8.0946E-03  3.6151E-02 -9.1279E-03 -4.0751E-02
  8.1515E-03  3.5952E-02 -9.1920E-03 -4.1037E-02
  8.2088E-03  3.5749E-02 -9.2567E-03 -4.1326E-02
  8.2665E-03  3.5541E-02 -9.3217E-03 -4.1616E-02
  8.3246E-03  3.5330E-02 -9.3872E-03 -4.1909E-02
  8.3831E-03  3.5116E-02 -9.4532E-03 -4.2203E-02
  8.4420E-03  3.4897E-02 -9.5196E-03 -4.2500E-02
  8.5013E-03  3.4674E-02 -9.5865E-03 -4.2798E-02
  8.5611E-03  3.4447E-02 -9.6538E-03 -4.3099E-02
  8.6212E-03  3.4216E-02 -9.7217E-03 -4.3402E-02
  8.6818E-03  3.3981E-02 -9.7900E-03 -4.3707E-02
  8.7428E-03  3.3742E-02 -9.8587E-03 -4.4014E-02
  8.8042E-03  3.3499E-02 -9.9280E-03 -4.4323E-02
  8.8661E-03  3.3251E-02 -9.9977E-03 -4.4634E-02
  8.9283E-03  3.3000E-02 -1.0068E-02 -4.4948E-02
  8.9910E-03  3.2744E-02 -1.0139E-02 -4.5263E-02
  9.0542E-03  3.2484E-02 -1.0210E-02 -4.5581E-02
  9.1178E-03  3.2220E-02 -1.0282E-02 -4.5901E-02
  9.1818E-03  3.1952E-02 -1.0354E-02 -4.6224E-02
  9.2463E-03  3.1680E-02 -1.0426E-02 -4.6548E-02
  9.3112E-03  3.1403E-02 -1.0500E-02 -4.6875E-02
  9.3766E-03  3.1122E-02 -1.0573E-02 -4.7204E-02
  9.4424E-03  3.0837E-02 -1.0648E-02 -4.7535E-02
  9.5087E-03  3.0547E-02 -1.0722E-02 -4.7869E-02
  9.5754E-03  3.0253E-02 -1.0798E-02 -4.8205E-02
  9.6427E-03  2.9955E-02 -1.0873E-02 -4.8543E-02
  9.7103E-03  2.9652E-02 -1.0950E-02 -4.8884E-02
  9.7785E-03  2.9345E-02 -1.1026E-02 -4.9227E-02
  9.8471E-03  2.9033E-02 -1.1104E-02 -4.9573E-02
  9.9162E-03  2.8718E-02 -1.1182E-02 -4.9921E-02
  9.9858E-03  2.8397E-02 -1.1260E-02 -5.0271E-02
  1.0056E-02  2.8073E-02 -1.1339E-02 -5.0624E-02
  1.0126E-02  2.7743E-02 -1.1419E-02 -5.0979E-02
  1.0198E-02  2.7410E-02 -1.1499E-02 -5.1336E-02
  1.0269E-02  2.7071E-02 -1.1580E-02 -5.1697E-02
  1.0341E-02  2.6729E-02 -1.1661E-02 -5.2059E-02
  1.0414E-02  2.6382E-02 -1.1743E-02 -5.2424E-02
  1.0487E-02  2.6030E-02 -1.1825E-02 -5.2792E-02
  1.0560E-02  2.5674E-02 -1.1908E-02 -5.3162E-02
  1.0634E-02  2.5313E-02 -1.1991E-02 -5.3535E-02
  1.0709E-02  2.4948E-02 -1.2075E-02 -5.3911E-02
  1.0784E-02  2.4578E-02 -1.2160E-02 -5.4289E-02
  1.0860E-02  2.4204E-02 -1.2245E-02 -5.4669E-02
  1.0936E-02  2.3825E-02 -1.2331E-02 -5.5053E-02
  1.1013E-02  2.3441E-02 -1.2418E-02 -5.5439E-02
  1.1090E-02  2.3053E-02 -1.2505E-02 -5.5827E-02
  1.1168E-02  2.2660E-02 -1.2592E-02 -5.6219E-02
  1.1246E-02  2.2263E-02 -1.2681E-02 -5.6613E-02
  1.1325E-02  2.1861E-02 -1.2770E-02 -5.7010E-02
  1.1404E-02  2.1455E-02 -1.2859E-02 -5.7410E-02
  1.1484E-02  2.1044E-02 -1.2949E-02 -5.7812E-02
  1.1565E-02  2.0629E-02 -1.3040E-02 -5.8217E-02
  1.1646E-02  2.0208E-02 -1.3131E-02 -5.8625E-02
  1.1727E-02  1.9784E-02 -1.3223E-02 -5.9036E-02
  1.1809E-02  1.9354E-02 -1.3316E-02 -5.9450E-02
  1.1892E-02  1.8921E-02 -1.3409E-02 -5.9866E-02
  1.1976E-02  1.8482E-02 -1.3503E-02 -6.0286E-02
  1.2059E-02  1.8039E-02 -1.3598E-02 -6.0708E-02
  1.2144E-02  1.7592E-02 -1.3693E-02 -6.1134E-02
  1.2229E-02  1.7140E-02 -1.3789E-02 -6.1562E-02
  1.2315E-02  1.6683E-02 -1.3886E-02 -6.1993E-02
  1.2401E-02  1.6222E-02 -1.3983E-02 -6.2428E-02
  1.2488E-02  1.5757E-02 -1.4081E-02 -6.2865E-02
  1.2575E-02  1.5287E-02 -1.4180E-02 -6.3306E-02
  1.2664E-02  1.4812E-02 -1.4279E-02 -6.3749E-02
  1.2752E-02  1.4333E-02 -1.4379E-02 -6.4196E-02
  1.2842E-02  1.3849E-02 -1.4480E-02 -6.4645E-02
  1.2932E-02  1.3361E-02 -1.4581E-02 -6.5098E-02
  1.3022E-02  1.2869E-02 -1.4683E-02 -6.5554E-02
  1.3113E-02  1.2372E-02 -1.4786E-02 -6.6013E-02
  1.3205E-02  1.1871E-02 -1.4890E-02 -6.6475E-02
  1.3298E-02  1.1366E-02 -1.4994E-02 -6.6941E-02
  1.3391E-02  1.0856E-02 -1.5099E-02 -6.7410E-02
  1.3485E-02  1.0342E-02 -1.5205E-02 -6.7882E-02
  1.3579E-02  9.8235E-03 -1.5311E-02 -6.8357E-02
  1.3674E-02  9.3009E-03 -1.5418E-02 -6.8836E-02
  1.3770E-02  8.7740E-03 -1.5526E-02 -6.9318E-02
  1.3866E-02  8.2430E-03 -1.5635E-02 -6.9803E-02
  1.3964E-02  7.7078E-03 -1.5744E-02 -7.0292E-02
  1.4061E-02  7.1684E-03 -1.5855E-02 -7.0784E-02
  1.4160E-02  6.6250E-03 -1.5966E-02 -7.1279E-02
  1.4259E-02  6.0775E-03 -1.6077E-02 -7.1778E-02
  1.4359E-02  5.5259E-03 -1.6190E-02 -7.2281E-02
  1.4459E-02  4.9704E-03 -1.6303E-02 -7.2786E-02
  1.4561E-02  4.4110E-03 -1.6417E-02 -7.3296E-02
  1.4662E-02  3.8476E-03 -1.6532E-02 -7.3809E-02
  1.4765E-02  3.2804E-03 -1.6648E-02 -7.4325E-02
  1.4868E-02  2.7094E-03 -1.6764E-02 -7.4846E-02
  1.4973E-02  2.1346E-03 -1.6882E-02 -7.5369E-02
  1.5077E-02  1.5561E-03 -1.7000E-02 -7.5897E-02
  1.5183E-02  9.7387E-04 -1.7119E-02 -7.6428E-02
  1.5289E-02  3.8807E-04 -1.7239E-02 -7.6963E-02
  1.5396E-02 -2.0129E-04 -1.7359E-02 -7.7501E-02
  1.5504E-02 -7.9416E-04 -1.7481E-02 -7.8043E-02
  1.5612E-02 -1.3905E-03 -1.7603E-02 -7.8590E-02
  1.5722E-02 -1.9902E-03 -1.7726E-02 -7.9139E-02
  1.5832E-02 -2.5933E-03 -1.7850E-02 -7.9693E-02
  1.5943E-02 -3.1996E-03 -1.7975E-02 -8.0251E-02
  1.6054E-02 -3.8091E-03 -1.8101E-02 -8.0812E-02
  1.6166E-02 -4.4218E-03 -1.8227E-02 -8.1377E-02
  1.6280E-02 -5.0375E-03 -1.8355E-02 -8.1946E-02
  1.6393E-02 -5.6563E-03 -1.8483E-02 -8.2520E-02
  1.6508E-02 -6.2780E-03 -1.8612E-02 -8.3097E-02
  1.6624E-02 -6.9025E-03 -1.8743E-02 -8.3678E-02
  1.6740E-02 -7.5299E-03 -1.8874E-02 -8.4263E-02
  1.6857E-02 -8.1599E-03 -1.9006E-02 -8.4853E-02
  1.6975E-02 -8.7926E-03 -1.9139E-02 -8.5446E-02
  1.7094E-02 -9.4278E-03 -1.9272E-02 -8.6043E-02
  1.7213E-02 -1.0066E-02 -1.9407E-02 -8.6645E-02
  1.7334E-02 -1.0706E-02 -1.9543E-02 -8.7251E-02
  1.7455E-02 -1.1348E-02 -1.9680E-02 -8.7861E-02
  1.7577E-02 -1.1993E-02 -1.9817E-02 -8.8475E-02
  1.7700E-02 -1.2639E-02 -1.9956E-02 -8.9094E-02
  1.7824E-02 -1.3288E-02 -2.0095E-02 -8.9717E-02
  1.7948E-02 -1.3939E-02 -2.0236E-02 -9.0344E-02
  1.8074E-02 -1.4591E-02 -2.0377E-02 -9.0976E-02
  1.8200E-02 -1.5245E-02 -2.0520E-02 -9.1612E-02
  1.8328E-02 -1.5901E-02 -2.0663E-02 -9.2252E-02
  1.8456E-02 -1.6559E-02 -2.0807E-02 -9.2897E-02
  1.8585E-02 -1.7217E-02 -2.0953E-02 -9.3547E-02
  1.8715E-02 -1.7878E-02 -2.1099E-02 -9.4200E-02
  1.8846E-02 -1.8539E-02 -2.1247E-02 -9.4859E-02
  1.8978E-02 -1.9201E-02 -2.1395E-02 -9.5522E-02
  1.9110E-02 -1.9865E-02 -2.1545E-02 -9.6190E-02
  1.9244E-02 -2.0529E-02 -2.1695E-02 -9.6862E-02
  1.9378E-02 -2.1194E-02 -2.1847E-02 -9.7539E-02
  1.9514E-02 -2.1859E-02 -2.2000E-02 -9.8220E-02
  1.9650E-02 -2.2526E-02 -2.2153E-02 -9.8907E-02
  1.9788E-02 -2.3192E-02 -2.2308E-02 -9.9598E-02
  1.9926E-02 -2.3859E-02 -2.2464E-02 -1.0029E-01
  2.0065E-02 -2.4526E-02 -2.2621E-02 -1.0099E-01
  2.0206E-02 -2.5193E-02 -2.2779E-02 -1.0170E-01
  2.0347E-02 -2.5859E-02 -2.2938E-02 -1.0241E-01
  2.0489E-02 -2.6526E-02 -2.3098E-02 -1.0313E-01
  2.0632E-02 -2.7192E-02 -2.3260E-02 -1.0385E-01
  2.0777E-02 -2.7857E-02 -2.3422E-02 -1.0457E-01
  2.0922E-02 -2.8522E-02 -2.3586E-02 -1.0530E-01
  2.1068E-02 -2.9186E-02 -2.3751E-02 -1.0604E-01
  2.1215E-02 -2.9848E-02 -2.3916E-02 -1.0678E-01
  2.1364E-02 -3.0510E-02 -2.4084E-02 -1.0753E-01
  2.1513E-02 -3.1171E-02 -2.4252E-02 -1.0828E-01
  2.1663E-02 -3.1829E-02 -2.4421E-02 -1.0903E-01
  2.1815E-02 -3.2487E-02 -2.4592E-02 -1.0979E-01
  2.1967E-02 -3.3142E-02 -2.4763E-02 -1.1056E-01
  2.2121E-02 -3.3796E-02 -2.4936E-02 -1.1133E-01
  2.2275E-02 -3.4447E-02 -2.5110E-02 -1.1211E-01
  2.2431E-02 -3.5097E-02 -2.5286E-02 -1.1289E-01
  2.2588E-02 -3.5744E-02 -2.5462E-02 -1.1368E-01
  2.2746E-02 -3.6388E-02 -2.5640E-02 -1.1448E-01
  2.2904E-02 -3.7029E-02 -2.5819E-02 -1.1528E-01
  2.3065E-02 -3.7668E-02 -2.5999E-02 -1.1608E-01
  2.3226E-02 -3.8303E-02 -2.6181E-02 -1.1689E-01
  2.3388E-02 -3.8935E-02 -2.6364E-02 -1.1771E-01
  2.3551E-02 -3.9564E-02 -2.6548E-02 -1.1853E-01
  2.3716E-02 -4.0189E-02 -2.6733E-02 -1.1936E-01
  2.3882E-02 -4.0810E-02 -2.6920E-02 -1.2019E-01
  2.4048E-02 -4.1427E-02 -2.7108E-02 -1.2103E-01
  2.4216E-02 -4.2040E-02 -2.7297E-02 -1.2187E-01
  2.4386E-02 -4.2648E-02 -2.7487E-02 -1.2273E-01
  2.4556E-02 -4.3252E-02 -2.7679E-02 -1.2358E-01
  2.4728E-02 -4.3851E-02 -2.7873E-02 -1.2444E-01
  2.4900E-02 -4.4445E-02 -2.8067E-02 -1.2531E-01
  2.5074E-02 -4.5033E-02 -2.8263E-02 -1.2619E-01
  2.5249E-02 -4.5617E-02 -2.8460E-02 -1.2707E-01
  2.5426E-02 -4.6194E-02 -2.8659E-02 -1.2796E-01
  2.5603E-02 -4.6766E-02 -2.8859E-02 -1.2885E-01
  2.5782E-02 -4.7332E-02 -2.9060E-02 -1.2975E-01
  2.5962E-02 -4.7892E-02 -2.9263E-02 -1.3065E-01
  2.6144E-02 -4.8445E-02 -2.9467E-02 -1.3157E-01
  2.6326E-02 -4.8992E-02 -2.9673E-02 -1.3248E-01
  2.6510E-02 -4.9532E-02 -2.9880E-02 -1.3341E-01
  2.6695E-02 -5.0064E-02 -3.0088E-02 -1.3434E-01
  2.6882E-02 -5.0590E-02 -3.0298E-02 -1.3528E-01
  2.7070E-02 -5.1108E-02 -3.0510E-02 -1.3622E-01
  2.7259E-02 -5.1618E-02 -3.0722E-02 -1.3717E-01
  2.7449E-02 -5.2120E-02 -3.0937E-02 -1.3813E-01
  2.7641E-02 -5.2614E-02 -3.1153E-02 -1.3909E-01
  2.7834E-02 -5.3100E-02 -3.1370E-02 -1.4006E-01
  2.8028E-02 -5.3577E-02 -3.1589E-02 -1.4104E-01
  2.8224E-02 -5.4045E-02 -3.1809E-02 -1.4202E-01
  2.8421E-02 -5.4504E-02 -3.2031E-02 -1.4301E-01
  2.8619E-02 -5.4954E-02 -3.2254E-02 -1.4401E-01
  2.8819E-02 -5.5395E-02 -3.2479E-02 -1.4502E-01
  2.9021E-02 -5.5825E-02 -3.2706E-02 -1.4603E-01
  2.9223E-02 -5.6246E-02 -3.2934E-02 -1.4705E-01
  2.9427E-02 -5.6657E-02 -3.3163E-02 -1.4807E-01
  2.9633E-02 -5.7057E-02 -3.3395E-02 -1.4911E-01
  2.9840E-02 -5.7446E-02 -3.3628E-02 -1.5015E-01
  3.0048E-02 -5.7825E-02 -3.3862E-02 -1.5119E-01
  3.0258E-02 -5.8192E-02 -3.4098E-02 -1.5225E-01
  3.0469E-02 -5.8548E-02 -3.4336E-02 -1.5331E-01
  3.0682E-02 -5.8893E-02 -3.4575E-02 -1.5438E-01
  3.0896E-02 -5.9226E-02 -3.4816E-02 -1.5545E-01
  3.1112E-02 -5.9546E-02 -3.5059E-02 -1.5654E-01
  3.1329E-02 -5.9855E-02 -3.5303E-02 -1.5763E-01
  3.1548E-02 -6.0150E-02 -3.5550E-02 -1.5873E-01
  3.1768E-02 -6.0434E-02 -3.5797E-02 -1.5984E-01
  3.1990E-02 -6.0704E-02 -3.6047E-02 -1.6095E-01
  3.2213E-02 -6.0961E-02 -3.6298E-02 -1.6207E-01
  3.2438E-02 -6.1204E-02 -3.6551E-02 -1.6320E-01
  3.2664E-02 -6.1434E-02 -3.6806E-02 -1.6434E-01
  3.2892E-02 -6.1650E-02 -3.7062E-02 -1.6549E-01
  3.3122E-02 -6.1852E-02 -3.7321E-02 -1.6664E-01
  3.3353E-02 -6.2040E-02 -3.7581E-02 -1.6780E-01
  3.3586E-02 -6.2213E-02 -3.7843E-02 -1.6897E-01
  3.3820E-02 -6.2371E-02 -3.8106E-02 -1.7015E-01
  3.4056E-02 -6.2514E-02 -3.8372E-02 -1.7134E-01
  3.4294E-02 -6.2642E-02 -3.8639E-02 -1.7253E-01
  3.4534E-02 -6.2755E-02 -3.8908E-02 -1.7373E-01
  3.4775E-02 -6.2852E-02 -3.9180E-02 -1.7494E-01
  3.5017E-02 -6.2933E-02 -3.9452E-02 -1.7616E-01
  3.5262E-02 -6.2998E-02 -3.9727E-02 -1.7739E-01
  3.5508E-02 -6.3046E-02 -4.0004E-02 -1.7863E-01
  3.5756E-02 -6.3078E-02 -4.0283E-02 -1.7987E-01
  3.6005E-02 -6.3094E-02 -4.0563E-02 -1.8112E-01
  3.6256E-02 -6.3092E-02 -4.0846E-02 -1.8239E-01
  3.6510E-02 -6.3073E-02 -4.1130E-02 -1.8366E-01
  3.6764E-02 -6.3037E-02 -4.1417E-02 -1.8494E-01
  3.7021E-02 -6.2984E-02 -4.1705E-02 -1.8623E-01
  3.7279E-02 -6.2912E-02 -4.1996E-02 -1.8752E-01
  3.7539E-02 -6.2823E-02 -4.2288E-02 -1.8883E-01
  3.7801E-02 -6.2716E-02 -4.2583E-02 -1.9014E-01
  3.8065E-02 -6.2591E-02 -4.2879E-02 -1.9147E-01
  3.8331E-02 -6.2447E-02 -4.3178E-02 -1.9280E-01
  3.8598E-02 -6.2284E-02 -4.3478E-02 -1.9415E-01
  3.8868E-02 -6.2103E-02 -4.3781E-02 -1.9550E-01
  3.9139E-02 -6.1902E-02 -4.4086E-02 -1.9686E-01
  3.9412E-02 -6.1683E-02 -4.4393E-02 -1.9823E-01
  3.9687E-02 -6.1444E-02 -4.4702E-02 -1.9961E-01
  3.9964E-02 -6.1186E-02 -4.5013E-02 -2.0100E-01
  4.0243E-02 -6.0909E-02 -4.5326E-02 -2.0240E-01
  4.0524E-02 -6.0611E-02 -4.5642E-02 -2.0381E-01
  4.0806E-02 -6.0294E-02 -4.5960E-02 -2.0523E-01
  4.1091E-02 -5.9957E-02 -4.6279E-02 -2.0666E-01
  4.1378E-02 -5.9599E-02 -4.6601E-02 -2.0810E-01
  4.1667E-02 -5.9222E-02 -4.6926E-02 -2.0955E-01
  4.1957E-02 -5.8824E-02 -4.7252E-02 -2.1101E-01
  4.2250E-02 -5.8406E-02 -4.7581E-02 -2.1247E-01
  4.2545E-02 -5.7967E-02 -4.7912E-02 -2.1395E-01
  4.2842E-02 -5.7507E-02 -4.8246E-02 -2.1544E-01
  4.3141E-02 -5.7027E-02 -4.8581E-02 -2.1694E-01
  4.3442E-02 -5.6526E-02 -4.8919E-02 -2.1845E-01
  4.3745E-02 -5.6004E-02 -4.9259E-02 -2.1997E-01
  4.4050E-02 -5.5461E-02 -4.9602E-02 -2.2150E-01
  4.4357E-02 -5.4897E-02 -4.9947E-02 -2.2305E-01
  4.4667E-02 -5.4312E-02 -5.0295E-02 -2.2460E-01
  4.4978E-02 -5.3706E-02 -5.0644E-02 -2.2616E-01
  4.5292E-02 -5.3079E-02 -5.0997E-02 -2.2773E-01
  4.5608E-02 -5.2431E-02 -5.1351E-02 -2.2932E-01
  4.5926E-02 -5.1761E-02 -5.1708E-02 -2.3092E-01
  4.6247E-02 -5.1070E-02 -5.2068E-02 -2.3252E-01
  4.6569E-02 -5.0358E-02 -5.2430E-02 -2.3414E-01
  4.6894E-02 -4.9625E-02 -5.2794E-02 -2.3577E-01
  4.7221E-02 -4.8871E-02 -5.3162E-02 -2.3741E-01
  4.7551E-02 -4.8095E-02 -5.3531E-02 -2.3906E-01
  4.7882E-02 -4.7299E-02 -5.3903E-02 -2.4072E-01
  4.8216E-02 -4.6481E-02 -5.4278E-02 -2.4240E-01
  4.8553E-02 -4.5642E-02 -5.4655E-02 -2.4408E-01
  4.8891E-02 -4.4782E-02 -5.5035E-02 -2.4578E-01
  4.9232E-02 -4.3902E-02 -5.5418E-02 -2.4749E-01
  4.9576E-02 -4.3000E-02 -5.5803E-02 -2.4921E-01
  4.9922E-02 -4.2078E-02 -5.6190E-02 -2.5094E-01
  5.0270E-02 -4.1135E-02 -5.6581E-02 -2.5269E-01
  5.0620E-02 -4.0172E-02 -5.6974E-02 -2.5445E-01
  5.0973E-02 -3.9188E-02 -5.7370E-02 -2.5622E-01
  5.1329E-02 -3.8184E-02 -5.7768E-02 -2.5800E-01
  5.1687E-02 -3.7160E-02 -5.8170E-02 -2.5979E-01
  5.2048E-02 -3.6116E-02 -5.8574E-02 -2.6160E-01
  5.2411E-02 -3.5052E-02 -5.8981E-02 -2.6341E-01
  5.2776E-02 -3.3969E-02 -5.9390E-02 -2.6525E-01
  5.3144E-02 -3.2866E-02 -5.9803E-02 -2.6709E-01
  5.3515E-02 -3.1745E-02 -6.0218E-02 -2.6895E-01
  5.3888E-02 -3.0604E-02 -6.0636E-02 -2.7081E-01
  5.4264E-02 -2.9444E-02 -6.1057E-02 -2.7270E-01
  5.4642E-02 -2.8266E-02 -6.1481E-02 -2.7459E-01
  5.5024E-02 -2.7070E-02 -6.1908E-02 -2.7650E-01
  5.5407E-02 -2.5855E-02 -6.2338E-02 -2.7842E-01
  5.5794E-02 -2.4623E-02 -6.2770E-02 -2.8035E-01
  5.6183E-02 -2.3374E-02 -6.3206E-02 -2.8230E-01
  5.6575E-02 -2.2107E-02 -6.3645E-02 -2.8426E-01
  5.6969E-02 -2.0824E-02 -6.4086E-02 -2.8624E-01
  5.7366E-02 -1.9524E-02 -6.4531E-02 -2.8823E-01
  5.7767E-02 -1.8208E-02 -6.4979E-02 -2.9023E-01
  5.8169E-02 -1.6876E-02 -6.5430E-02 -2.9224E-01
  5.8575E-02 -1.5529E-02 -6.5884E-02 -2.9427E-01
  5.8984E-02 -1.4167E-02 -6.6341E-02 -2.9632E-01
  5.9395E-02 -1.2790E-02 -6.6801E-02 -2.9837E-01
  5.9809E-02 -1.1399E-02 -6.7264E-02 -3.0044E-01
  6.0226E-02 -9.9944E-03 -6.7731E-02 -3.0253E-01
  6.0646E-02 -8.5763E-03 -6.8200E-02 -3.0463E-01
  6.1069E-02 -7.1453E-03 -6.8673E-02 -3.0674E-01
  6.1495E-02 -5.7018E-03 -6.9149E-02 -3.0887E-01
  6.1924E-02 -4.2464E-03 -6.9629E-02 -3.1102E-01
  6.2355E-02 -2.7795E-03 -7.0111E-02 -3.1318E-01
  6.2790E-02 -1.3016E-03 -7.0597E-02 -3.1535E-01
  6.3228E-02  1.8675E-04 -7.1087E-02 -3.1754E-01
  6.3669E-02  1.6850E-03 -7.1579E-02 -3.1974E-01
  6.4113E-02  3.1927E-03 -7.2075E-02 -3.2196E-01
  6.4560E-02  4.7092E-03 -7.2575E-02 -3.2419E-01
  6.5010E-02  6.2339E-03 -7.3078E-02 -3.2644E-01
  6.5464E-02  7.7664E-03 -7.3584E-02 -3.2870E-01
  6.5920E-02  9.3059E-03 -7.4094E-02 -3.3098E-01
  6.6380E-02  1.0852E-02 -7.4607E-02 -3.3328E-01
  6.6842E-02  1.2404E-02 -7.5123E-02 -3.3559E-01
  6.7309E-02  1.3961E-02 -7.5644E-02 -3.3792E-01
  6.7778E-02  1.5523E-02 -7.6167E-02 -3.4026E-01
  6.8250E-02  1.7088E-02 -7.6695E-02 -3.4262E-01
  6.8726E-02  1.8657E-02 -7.7226E-02 -3.4499E-01
  6.9205E-02  2.0229E-02 -7.7760E-02 -3.4738E-01
  6.9688E-02  2.1802E-02 -7.8298E-02 -3.4979E-01
  7.0174E-02  2.3376E-02 -7.8840E-02 -3.5222E-01
  7.0663E-02  2.4951E-02 -7.9386E-02 -3.5466E-01
  7.1156E-02  2.6526E-02 -7.9935E-02 -3.5711E-01
  7.1652E-02  2.8100E-02 -8.0488E-02 -3.5959E-01
  7.2151E-02  2.9672E-02 -8.1045E-02 -3.6208E-01
  7.2655E-02  3.1241E-02 -8.1605E-02 -3.6459E-01
  7.3161E-02  3.2807E-02 -8.2170E-02 -3.6711E-01
  7.3671E-02  3.4369E-02 -8.2738E-02 -3.6965E-01
  7.4185E-02  3.5926E-02 -8.3310E-02 -3.7221E-01
  7.4702E-02  3.7477E-02 -8.3886E-02 -3.7479E-01
  7.5223E-02  3.9022E-02 -8.4466E-02 -3.7738E-01
  7.5747E-02  4.0560E-02 -8.5049E-02 -3.8000E-01
  7.6275E-02  4.2089E-02 -8.5637E-02 -3.8263E-01
  7.6807E-02  4.3610E-02 -8.6229E-02 -3.8527E-01
  7.7342E-02  4.5120E-02 -8.6824E-02 -3.8794E-01
  7.7882E-02  4.6620E-02 -8.7424E-02 -3.9062E-01
  7.8425E-02  4.8109E-02 -8.8028E-02 -3.9333E-01
  7.8971E-02  4.9585E-02 -8.8636E-02 -3.9605E-01
  7.9522E-02  5.1047E-02 -8.9248E-02 -3.9879E-01
  8.0076E-02  5.2496E-02 -8.9864E-02 -4.0154E-01
  8.0635E-02  5.3929E-02 -9.0484E-02 -4.0432E-01
  8.1197E-02  5.5347E-02 -9.1109E-02 -4.0712E-01
  8.1763E-02  5.6748E-02 -9.1738E-02 -4.0993E-01
  8.2333E-02  5.8131E-02 -9.2370E-02 -4.1276E-01
  8.2907E-02  5.9495E-02 -9.3008E-02 -4.1562E-01
  8.3485E-02  6.0840E-02 -9.3649E-02 -4.1849E-01
  8.4067E-02  6.2164E-02 -9.4295E-02 -4.2138E-01
  8.4653E-02  6.3467E-02 -9.4945E-02 -4.2429E-01
  8.5243E-02  6.4747E-02 -9.5600E-02 -4.2722E-01
  8.5837E-02  6.6005E-02 -9.6259E-02 -4.3017E-01
  8.6435E-02  6.7238E-02 -9.6922E-02 -4.3314E-01
  8.7038E-02  6.8446E-02 -9.7590E-02 -4.3614E-01
  8.7644E-02  6.9629E-02 -9.8262E-02 -4.3915E-01
  8.8255E-02  7.0784E-02 -9.8939E-02 -4.4218E-01
  8.8871E-02  7.1912E-02 -9.9621E-02 -4.4523E-01
  8.9490E-02  7.3011E-02 -1.0031E-01 -4.4830E-01
  9.0114E-02  7.4080E-02 -1.0100E-01 -4.5140E-01
  9.0742E-02  7.5119E-02 -1.0169E-01 -4.5451E-01
  9.1375E-02  7.6126E-02 -1.0239E-01 -4.5764E-01
  9.2011E-02  7.7102E-02 -1.0310E-01 -4.6080E-01
  9.2653E-02  7.8044E-02 -1.0381E-01 -4.6398E-01
  9.3299E-02  7.8952E-02 -1.0452E-01 -4.6718E-01
  9.3949E-02  7.9825E-02 -1.0524E-01 -4.7040E-01
  9.4604E-02  8.0662E-02 -1.0596E-01 -4.7364E-01
  9.5263E-02  8.1463E-02 -1.0669E-01 -4.7690E-01
  9.5927E-02  8.2226E-02 -1.0742E-01 -4.8019E-01
  9.6596E-02  8.2951E-02 -1.0816E-01 -4.8350E-01
  9.7269E-02  8.3637E-02 -1.0891E-01 -4.8683E-01
  9.7947E-02  8.4282E-02 -1.0965E-01 -4.9018E-01
  9.8630E-02  8.4887E-02 -1.1041E-01 -4.9356E-01
  9.9317E-02  8.5451E-02 -1.1117E-01 -4.9695E-01
  1.0001E-01  8.5972E-02 -1.1193E-01 -5.0037E-01
  1.0071E-01  8.6450E-02 -1.1270E-01 -5.0382E-01
  1.0141E-01  8.6885E-02 -1.1347E-01 -5.0728E-01
  1.0212E-01  8.7274E-02 -1.1425E-01 -5.1077E-01
  1.0283E-01  8.7619E-02 -1.1503E-01 -5.1429E-01
  1.0354E-01  8.7918E-02 -1.1582E-01 -5.1782E-01
  1.0427E-01  8.8170E-02 -1.1661E-01 -5.2138E-01
  1.0499E-01  8.8375E-02 -1.1741E-01 -5.2497E-01
  1.0572E-01  8.8532E-02 -1.1822E-01 -5.2857E-01
  1.0646E-01  8.8640E-02 -1.1903E-01 -5.3220E-01
  1.0720E-01  8.8700E-02 -1.1984E-01 -5.3586E-01
  1.0795E-01  8.8709E-02 -1.2066E-01 -5.3954E-01
  1.0870E-01  8.8669E-02 -1.2149E-01 -5.4325E-01
  1.0946E-01  8.8578E-02 -1.2232E-01 -5.4697E-01
  1.1022E-01  8.8436E-02 -1.2316E-01 -5.5073E-01
  1.1099E-01  8.8242E-02 -1.2400E-01 -5.5451E-01
  1.1176E-01  8.7996E-02 -1.2485E-01 -5.5831E-01
  1.1254E-01  8.7698E-02 -1.2570E-01 -5.6214E-01
  1.1333E-01  8.7347E-02 -1.2656E-01 -5.6599E-01
  1.1412E-01  8.6943E-02 -1.2742E-01 -5.6987E-01
  1.1491E-01  8.6485E-02 -1.2830E-01 -5.7378E-01
  1.1571E-01  8.5973E-02 -1.2917E-01 -5.7771E-01
  1.1652E-01  8.5407E-02 -1.3005E-01 -5.8167E-01
  1.1733E-01  8.4787E-02 -1.3094E-01 -5.8565E-01
  1.1815E-01  8.4113E-02 -1.3183E-01 -5.8966E-01
  1.1897E-01  8.3384E-02 -1.3273E-01 -5.9370E-01
  1.1980E-01  8.2600E-02 -1.3364E-01 -5.9776E-01
  1.2064E-01  8.1761E-02 -1.3455E-01 -6.0185E-01
  1.2148E-01  8.0868E-02 -1.3546E-01 -6.0597E-01
  1.2232E-01  7.9920E-02 -1.3639E-01 -6.1011E-01
  1.2318E-01  7.8916E-02 -1.3732E-01 -6.1428E-01
  1.2404E-01  7.7858E-02 -1.3825E-01 -6.1848E-01
  1.2490E-01  7.6745E-02 -1.3919E-01 -6.2270E-01
  1.2577E-01  7.5578E-02 -1.4014E-01 -6.2696E-01
  1.2665E-01  7.4356E-02 -1.4109E-01 -6.3124E-01
  1.2753E-01  7.3080E-02 -1.4205E-01 -6.3554E-01
  1.2842E-01  7.1750E-02 -1.4302E-01 -6.3988E-01
  1.2931E-01  7.0366E-02 -1.4399E-01 -6.4425E-01
  1.3021E-01  6.8929E-02 -1.4496E-01 -6.4864E-01
  1.3112E-01  6.7439E-02 -1.4595E-01 -6.5306E-01
  1.3204E-01  6.5897E-02 -1.4694E-01 -6.5751E-01
  1.3296E-01  6.4303E-02 -1.4794E-01 -6.6199E-01
  1.3388E-01  6.2657E-02 -1.4894E-01 -6.6650E-01
  1.3482E-01  6.0960E-02 -1.4995E-01 -6.7104E-01
  1.3575E-01  5.9213E-02 -1.5096E-01 -6.7560E-01
  1.3670E-01  5.7415E-02 -1.5199E-01 -6.8020E-01
  1.3765E-01  5.5569E-02 -1.5301E-01 -6.8483E-01
  1.3861E-01  5.3675E-02 -1.5405E-01 -6.8948E-01
  1.3958E-01  5.1733E-02 -1.5509E-01 -6.9417E-01
  1.4055E-01  4.9744E-02 -1.5614E-01 -6.9888E-01
  1.4153E-01  4.7709E-02 -1.5719E-01 -7.0363E-01
  1.4252E-01  4.5629E-02 -1.5826E-01 -7.0840E-01
  1.4351E-01  4.3506E-02 -1.5932E-01 -7.1321E-01
  1.4451E-01  4.1339E-02 -1.6040E-01 -7.1805E-01
  1.4552E-01  3.9130E-02 -1.6148E-01 -7.2292E-01
  1.4653E-01  3.6880E-02 -1.6257E-01 -7.2782E-01
  1.4755E-01  3.4590E-02 -1.6367E-01 -7.3275E-01
  1.4858E-01  3.2262E-02 -1.6477E-01 -7.3771E-01
  1.4962E-01  2.9896E-02 -1.6588E-01 -7.4270E-01
  1.5066E-01  2.7494E-02 -1.6699E-01 -7.4773E-01
  1.5171E-01  2.5057E-02 -1.6812E-01 -7.5278E-01
  1.5276E-01  2.2586E-02 -1.6925E-01 -7.5787E-01
  1.5383E-01  2.0084E-02 -1.7038E-01 -7.6299E-01
  1.5490E-01  1.7550E-02 -1.7153E-01 -7.6815E-01
  1.5598E-01  1.4987E-02 -1.7268E-01 -7.7333E-01
  1.5707E-01  1.2397E-02 -1.7384E-01 -7.7855E-01
  1.5816E-01  9.7797E-03 -1.7500E-01 -7.8380E-01
  1.5926E-01  7.1381E-03 -1.7617E-01 -7.8909E-01
  1.6037E-01  4.4733E-03 -1.7735E-01 -7.9440E-01
  1.6149E-01  1.7872E-03 -1.7854E-01 -7.9975E-01
  1.6262E-01 -9.1867E-04 -1.7974E-01 -8.0514E-01
  1.6375E-01 -3.6425E-03 -1.8094E-01 -8.1055E-01
  1.6489E-01 -6.3826E-03 -1.8215E-01 -8.1600E-01
  1.6604E-01 -9.1372E-03 -1.8336E-01 -8.2149E-01
  1.6720E-01 -1.1904E-02 -1.8459E-01 -8.2700E-01
  1.6836E-01 -1.4682E-02 -1.8582E-01 -8.3255E-01
  1.6953E-01 -1.7469E-02 -1.8705E-01 -8.3814E-01
  1.7072E-01 -2.0263E-02 -1.8830E-01 -8.4376E-01
  1.7191E-01 -2.3061E-02 -1.8955E-01 -8.4942E-01
  1.7310E-01 -2.5863E-02 -1.9081E-01 -8.5510E-01
  1.7431E-01 -2.8665E-02 -1.9208E-01 -8.6083E-01
  1.7552E-01 -3.1467E-02 -1.9336E-01 -8.6659E-01
  1.7675E-01 -3.4265E-02 -1.9464E-01 -8.7238E-01
  1.7798E-01 -3.7059E-02 -1.9593E-01 -8.7821E-01
  1.7922E-01 -3.9844E-02 -1.9723E-01 -8.8407E-01
  1.8047E-01 -4.2621E-02 -1.9854E-01 -8.8997E-01
  1.8172E-01 -4.5386E-02 -1.9985E-01 -8.9591E-01
  1.8299E-01 -4.8137E-02 -2.0117E-01 -9.0188E-01
  1.8427E-01 -5.0873E-02 -2.0250E-01 -9.0788E-01
  1.8555E-01 -5.3590E-02 -2.0384E-01 -9.1393E-01
  1.8684E-01 -5.6287E-02 -2.0518E-01 -9.2000E-01
  1.8814E-01 -5.8962E-02 -2.0654E-01 -9.2612E-01
  1.8946E-01 -6.1612E-02 -2.0790E-01 -9.3227E-01
  1.9078E-01 -6.4236E-02 -2.0927E-01 -9.3845E-01
  1.9210E-01 -6.6830E-02 -2.1064E-01 -9.4468E-01
  1.9344E-01 -6.9393E-02 -2.1203E-01 -9.5094E-01
  1.9479E-01 -7.1922E-02 -2.1342E-01 -9.5723E-01
  1.9615E-01 -7.4416E-02 -2.1482E-01 -9.6357E-01
  1.9751E-01 -7.6871E-02 -2.1623E-01 -9.6994E-01
  1.9889E-01 -7.9287E-02 -2.1764E-01 -9.7634E-01
  2.0028E-01 -8.1660E-02 -2.1907E-01 -9.8279E-01
  2.0167E-01 -8.3989E-02 -2.2050E-01 -9.8927E-01
  2.0308E-01 -8.6270E-02 -2.2194E-01 -9.9579E-01
  2.0449E-01 -8.8503E-02 -2.2339E-01 -1.0023E+00
  2.0592E-01 -9.0685E-02 -2.2484E-01 -1.0089E+00
  2.0735E-01 -9.2814E-02 -2.2631E-01 -1.0156E+00
  2.0880E-01 -9.4887E-02 -2.2778E-01 -1.0222E+00
  2.1025E-01 -9.6902E-02 -2.2926E-01 -1.0289E+00
  2.1172E-01 -9.8858E-02 -2.3075E-01 -1.0357E+00
  2.1319E-01 -1.0075E-01 -2.3225E-01 -1.0425E+00
  2.1468E-01 -1.0258E-01 -2.3375E-01 -1.0493E+00
  2.1617E-01 -1.0435E-01 -2.3526E-01 -1.0561E+00
  2.1768E-01 -1.0605E-01 -2.3679E-01 -1.0630E+00
  2.1919E-01 -1.0767E-01 -2.3831E-01 -1.0700E+00
  2.2072E-01 -1.0923E-01 -2.3985E-01 -1.0769E+00
  2.2226E-01 -1.1071E-01 -2.4140E-01 -1.0839E+00
  2.2381E-01 -1.1212E-01 -2.4295E-01 -1.0910E+00
  2.2537E-01 -1.1345E-01 -2.4451E-01 -1.0981E+00
  2.2694E-01 -1.1471E-01 -2.4608E-01 -1.1052E+00
  2.2852E-01 -1.1588E-01 -2.4766E-01 -1.1124E+00
  2.3011E-01 -1.1697E-01 -2.4925E-01 -1.1196E+00
  2.3171E-01 -1.1797E-01 -2.5084E-01 -1.1268E+00
  2.3333E-01 -1.1890E-01 -2.5245E-01 -1.1341E+00
  2.3495E-01 -1.1973E-01 -2.5406E-01 -1.1414E+00
  2.3659E-01 -1.2048E-01 -2.5568E-01 -1.1487E+00
  2.3824E-01 -1.2113E-01 -2.5730E-01 -1.1561E+00
  2.3990E-01 -1.2170E-01 -2.5894E-01 -1.1636E+00
  2.4157E-01 -1.2217E-01 -2.6058E-01 -1.1710E+00
  2.4325E-01 -1.2256E-01 -2.6223E-01 -1.1785E+00
  2.4495E-01 -1.2284E-01 -2.6389E-01 -1.1861E+00
  2.4665E-01 -1.2303E-01 -2.6556E-01 -1.1937E+00
  2.4837E-01 -1.2313E-01 -2.6724E-01 -1.2013E+00
  2.5010E-01 -1.2313E-01 -2.6892E-01 -1.2089E+00
  2.5185E-01 -1.2303E-01 -2.7062E-01 -1.2166E+00
  2.5360E-01 -1.2283E-01 -2.7232E-01 -1.2244E+00
  2.5537E-01 -1.2253E-01 -2.7403E-01 -1.2321E+00
  2.5715E-01 -1.2213E-01 -2.7574E-01 -1.2400E+00
  2.5894E-01 -1.2163E-01 -2.7747E-01 -1.2478E+00
  2.6074E-01 -1.2103E-01 -2.7920E-01 -1.2557E+00
  2.6256E-01 -1.2033E-01 -2.8094E-01 -1.2636E+00
  2.6439E-01 -1.1953E-01 -2.8269E-01 -1.2716E+00
  2.6623E-01 -1.1862E-01 -2.8445E-01 -1.2796E+00
  2.6808E-01 -1.1761E-01 -2.8621E-01 -1.2876E+00
  2.6995E-01 -1.1650E-01 -2.8798E-01 -1.2957E+00
  2.7183E-01 -1.1529E-01 -2.8976E-01 -1.3038E+00
  2.7373E-01 -1.1398E-01 -2.9155E-01 -1.3119E+00
  2.7563E-01 -1.1256E-01 -2.9335E-01 -1.3201E+00
  2.7755E-01 -1.1105E-01 -2.9515E-01 -1.3283E+00
  2.7949E-01 -1.0943E-01 -2.9696E-01 -1.3366E+00
  2.8143E-01 -1.0771E-01 -2.9878E-01 -1.3448E+00
  2.8339E-01 -1.0589E-01 -3.0061E-01 -1.3532E+00
  2.8537E-01 -1.0397E-01 -3.0244E-01 -1.3615E+00
  2.8736E-01 -1.0196E-01 -3.0428E-01 -1.3699E+00
  2.8936E-01 -9.9846E-02 -3.0613E-01 -1.3783E+00
  2.9137E-01 -9.7637E-02 -3.0799E-01 -1.3868E+00
  2.9340E-01 -9.5332E-02 -3.0985E-01 -1.3953E+00
  2.9545E-01 -9.2932E-02 -3.1172E-01 -1.4038E+00
  2.9751E-01 -9.0440E-02 -3.1360E-01 -1.4124E+00
  2.9958E-01 -8.7855E-02 -3.1549E-01 -1.4210E+00
  3.0167E-01 -8.5181E-02 -3.1738E-01 -1.4296E+00
  3.0377E-01 -8.2417E-02 -3.1928E-01 -1.4383E+00
  3.0588E-01 -7.9566E-02 -3.2119E-01 -1.4469E+00
  3.0801E-01 -7.6629E-02 -3.2310E-01 -1.4557E+00
  3.1016E-01 -7.3609E-02 -3.2502E-01 -1.4644E+00
  3.1232E-01 -7.0507E-02 -3.2695E-01 -1.4732E+00
  3.1450E-01 -6.7324E-02 -3.2888E-01 -1.4820E+00
  3.1669E-01 -6.4064E-02 -3.3082E-01 -1.4909E+00
  3.1889E-01 -6.0727E-02 -3.3276E-01 -1.4997E+00
  3.2111E-01 -5.7317E-02 -3.3472E-01 -1.5086E+00
  3.2335E-01 -5.3836E-02 -3.3668E-01 -1.5176E+00
  3.2560E-01 -5.0285E-02 -3.3864E-01 -1.5265E+00
  3.2787E-01 -4.6668E-02 -3.4061E-01 -1.5355E+00
  3.3016E-01 -4.2987E-02 -3.4259E-01 -1.5445E+00
  3.3246E-01 -3.9244E-02 -3.4457E-01 -1.5536E+00
  3.3477E-01 -3.5443E-02 -3.4656E-01 -1.5626E+00
  3.3710E-01 -3.1586E-02 -3.4855E-01 -1.5717E+00
  3.3945E-01 -2.7675E-02 -3.5055E-01 -1.5808E+00
  3.4182E-01 -2.3714E-02 -3.5256E-01 -1.5899E+00
  3.4420E-01 -1.9705E-02 -3.5457E-01 -1.5991E+00
  3.4660E-01 -1.5653E-02 -3.5658E-01 -1.6083E+00
  3.4901E-01 -1.1559E-02 -3.5861E-01 -1.6175E+00
  3.5144E-01 -7.4264E-03 -3.6063E-01 -1.6267E+00
  3.5389E-01 -3.2593E-03 -3.6266E-01 -1.6359E+00
  3.5636E-01  9.3946E-04 -3.6469E-01 -1.6452E+00
  3.5884E-01  5.1666E-03 -3.6673E-01 -1.6545E+00
  3.6134E-01  9.4187E-03 -3.6878E-01 -1.6638E+00
  3.6386E-01  1.3692E-02 -3.7082E-01 -1.6731E+00
  3.6639E-01  1.7984E-02 -3.7287E-01 -1.6824E+00
  3.6894E-01  2.2291E-02 -3.7493E-01 -1.6917E+00
  3.7151E-01  2.6608E-02 -3.7699E-01 -1.7011E+00
  3.7410E-01  3.0933E-02 -3.7905E-01 -1.7104E+00
  3.7671E-01  3.5262E-02 -3.8111E-01 -1.7198E+00
  3.7933E-01  3.9591E-02 -3.8318E-01 -1.7292E+00
  3.8197E-01  4.3916E-02 -3.8525E-01 -1.7386E+00
  3.8463E-01  4.8235E-02 -3.8733E-01 -1.7480E+00
  3.8731E-01  5.2542E-02 -3.8940E-01 -1.7574E+00
  3.9001E-01  5.6835E-02 -3.9148E-01 -1.7668E+00
  3.9273E-01  6.1109E-02 -3.9356E-01 -1.7762E+00
  3.9546E-01  6.5361E-02 -3.9564E-01 -1.7856E+00
  3.9822E-01  6.9588E-02 -3.9773E-01 -1.7950E+00
  4.0099E-01  7.3784E-02 -3.9981E-01 -1.8044E+00
  4.0379E-01  7.7947E-02 -4.0190E-01 -1.8138E+00
  4.0660E-01  8.2073E-02 -4.0398E-01 -1.8233E+00
  4.0943E-01  8.6157E-02 -4.0607E-01 -1.8327E+00
  4.1228E-01  9.0197E-02 -4.0816E-01 -1.8421E+00
  4.1516E-01  9.4188E-02 -4.1025E-01 -1.8514E+00
  4.1805E-01  9.8127E-02 -4.1233E-01 -1.8608E+00
  4.2096E-01  1.0201E-01 -4.1442E-01 -1.8702E+00
  4.2389E-01  1.0583E-01 -4.1651E-01 -1.8796E+00
  4.2684E-01  1.0959E-01 -4.1859E-01 -1.8889E+00
  4.2982E-01  1.1328E-01 -4.2068E-01 -1.8982E+00
  4.3281E-01  1.1690E-01 -4.2276E-01 -1.9075E+00
  4.3583E-01  1.2045E-01 -4.2484E-01 -1.9168E+00
  4.3886E-01  1.2392E-01 -4.2692E-01 -1.9261E+00
  4.4192E-01  1.2731E-01 -4.2900E-01 -1.9353E+00
  4.4500E-01  1.3061E-01 -4.3107E-01 -1.9445E+00
  4.4810E-01  1.3382E-01 -4.3314E-01 -1.9537E+00
  4.5122E-01  1.3694E-01 -4.3521E-01 -1.9629E+00
  4.5436E-01  1.3997E-01 -4.3727E-01 -1.9720E+00
  4.5753E-01  1.4290E-01 -4.3933E-01 -1.9811E+00
  4.6072E-01  1.4573E-01 -4.4138E-01 -1.9902E+00
  4.6392E-01  1.4845E-01 -4.4343E-01 -1.9992E+00
  4.6716E-01  1.5106E-01 -4.4548E-01 -2.0081E+00
  4.7041E-01  1.5357E-01 -4.4752E-01 -2.0171E+00
  4.7369E-01  1.5596E-01 -4.4955E-01 -2.0260E+00
  4.7699E-01  1.5824E-01 -4.5157E-01 -2.0348E+00
  4.8031E-01  1.6039E-01 -4.5359E-01 -2.0436E+00
  4.8365E-01  1.6243E-01 -4.5561E-01 -2.0523E+00
  4.8702E-01  1.6434E-01 -4.5761E-01 -2.0610E+00
  4.9042E-01  1.6612E-01 -4.5961E-01 -2.0696E+00
  4.9383E-01  1.6777E-01 -4.6159E-01 -2.0781E+00
  4.9727E-01  1.6930E-01 -4.6357E-01 -2.0866E+00
  5.0074E-01  1.7069E-01 -4.6554E-01 -2.0950E+00
  5.0422E-01  1.7194E-01 -4.6750E-01 -2.1034E+00
  5.0774E-01  1.7306E-01 -4.6945E-01 -2.1116E+00
  5.1127E-01  1.7403E-01 -4.7139E-01 -2.1198E+00
  5.1483E-01  1.7487E-01 -4.7332E-01 -2.1279E+00
  5.1842E-01  1.7556E-01 -4.7523E-01 -2.1360E+00
  5.2203E-01  1.7611E-01 -4.7713E-01 -2.1439E+00
  5.2567E-01  1.7652E-01 -4.7902E-01 -2.1518E+00
  5.2933E-01  1.7677E-01 -4.8090E-01 -2.1595E+00
  5.3302E-01  1.7688E-01 -4.8276E-01 -2.1672E+00
  5.3673E-01  1.7684E-01 -4.8461E-01 -2.1747E+00
  5.4047E-01  1.7665E-01 -4.8645E-01 -2.1822E+00
  5.4423E-01  1.7630E-01 -4.8826E-01 -2.1895E+00
  5.4802E-01  1.7581E-01 -4.9007E-01 -2.1967E+00
  5.5184E-01  1.7516E-01 -4.9185E-01 -2.2039E+00
  5.5569E-01  1.7436E-01 -4.9362E-01 -2.2108E+00
  5.5956E-01  1.7340E-01 -4.9537E-01 -2.2177E+00
  5.6345E-01  1.7230E-01 -4.9710E-01 -2.2245E+00
  5.6738E-01  1.7104E-01 -4.9881E-01 -2.2311E+00
  5.7133E-01  1.6962E-01 -5.0051E-01 -2.2375E+00
  5.7531E-01  1.6805E-01 -5.0218E-01 -2.2439E+00
  5.7932E-01  1.6633E-01 -5.0383E-01 -2.2501E+00
  5.8335E-01  1.6446E-01 -5.0546E-01 -2.2561E+00
  5.8742E-01  1.6243E-01 -5.0707E-01 -2.2620E+00
  5.9151E-01  1.6026E-01 -5.0865E-01 -2.2677E+00
  5.9563E-01  1.5793E-01 -5.1022E-01 -2.2733E+00
  5.9978E-01  1.5545E-01 -5.1175E-01 -2.2787E+00
  6.0396E-01  1.5283E-01 -5.1326E-01 -2.2839E+00
  6.0816E-01  1.5006E-01 -5.1475E-01 -2.2890E+00
  6.1240E-01  1.4714E-01 -5.1621E-01 -2.2939E+00
  6.1666E-01  1.4408E-01 -5.1764E-01 -2.2985E+00
  6.2096E-01  1.4087E-01 -5.1905E-01 -2.3030E+00
  6.2529E-01  1.3753E-01 -5.2042E-01 -2.3073E+00
  6.2964E-01  1.3404E-01 -5.2177E-01 -2.3114E+00
  6.3403E-01  1.3042E-01 -5.2309E-01 -2.3153E+00
  6.3844E-01  1.2667E-01 -5.2437E-01 -2.3190E+00
  6.4289E-01  1.2278E-01 -5.2563E-01 -2.3225E+00
  6.4737E-01  1.1876E-01 -5.2685E-01 -2.3257E+00
  6.5188E-01  1.1462E-01 -5.2804E-01 -2.3288E+00
  6.5642E-01  1.1035E-01 -5.2919E-01 -2.3316E+00
  6.6099E-01  1.0596E-01 -5.3031E-01 -2.3341E+00
  6.6559E-01  1.0145E-01 -5.3139E-01 -2.3364E+00
  6.7023E-01  9.6820E-02 -5.3244E-01 -2.3385E+00
  6.7490E-01  9.2081E-02 -5.3345E-01 -2.3403E+00
  6.7960E-01  8.7232E-02 -5.3442E-01 -2.3419E+00
  6.8433E-01  8.2277E-02 -5.3535E-01 -2.3432E+00
  6.8910E-01  7.7220E-02 -5.3624E-01 -2.3442E+00
  6.9390E-01  7.2063E-02 -5.3709E-01 -2.3450E+00
  6.9873E-01  6.6810E-02 -5.3790E-01 -2.3455E+00
  7.0360E-01  6.1466E-02 -5.3866E-01 -2.3457E+00
  7.0850E-01  5.6034E-02 -5.3939E-01 -2.3456E+00
  7.1344E-01  5.0518E-02 -5.4006E-01 -2.3452E+00
  7.1841E-01  4.4921E-02 -5.4069E-01 -2.3445E+00
  7.2341E-01  3.9249E-02 -5.4128E-01 -2.3435E+00
  7.2845E-01  3.3505E-02 -5.4182E-01 -2.3422E+00
  7.3352E-01  2.7694E-02 -5.4231E-01 -2.3406E+00
  7.3863E-01  2.1820E-02 -5.4275E-01 -2.3386E+00
  7.4378E-01  1.5887E-02 -5.4314E-01 -2.3364E+00
  7.4896E-01  9.8991E-03 -5.4348E-01 -2.3338E+00
  7.5417E-01  3.8620E-03 -5.4376E-01 -2.3309E+00
  7.5943E-01 -2.2202E-03 -5.4400E-01 -2.3276E+00
  7.6472E-01 -8.3430E-03 -5.4418E-01 -2.3240E+00
  7.7004E-01 -1.4502E-02 -5.4430E-01 -2.3200E+00
  7.7541E-01 -2.0691E-02 -5.4437E-01 -2.3157E+00
  7.8081E-01 -2.6907E-02 -5.4438E-01 -2.3110E+00
  7.8625E-01 -3.3145E-02 -5.4434E-01 -2.3059E+00
  7.9172E-01 -3.9400E-02 -5.4423E-01 -2.3005E+00
  7.9724E-01 -4.5666E-02 -5.4407E-01 -2.2947E+00
  8.0279E-01 -5.1939E-02 -5.4384E-01 -2.2885E+00
  8.0838E-01 -5.8214E-02 -5.4355E-01 -2.2820E+00
  8.1401E-01 -6.4487E-02 -5.4320E-01 -2.2750E+00
  8.1968E-01 -7.0752E-02 -5.4278E-01 -2.2677E+00
  8.2539E-01 -7.7004E-02 -5.4230E-01 -2.2599E+00
  8.3114E-01 -8.3238E-02 -5.4176E-01 -2.2518E+00
  8.3693E-01 -8.9450E-02 -5.4115E-01 -2.2433E+00
  8.4276E-01 -9.5635E-02 -5.4047E-01 -2.2344E+00
  8.4863E-01 -1.0179E-01 -5.3972E-01 -2.2250E+00
  8.5454E-01 -1.0790E-01 -5.3890E-01 -2.2153E+00
  8.6049E-01 -1.1397E-01 -5.3801E-01 -2.2051E+00
  8.6649E-01 -1.2000E-01 -5.3704E-01 -2.1945E+00
  8.7252E-01 -1.2597E-01 -5.3601E-01 -2.1835E+00
  8.7860E-01 -1.3189E-01 -5.3490E-01 -2.1721E+00
  8.8472E-01 -1.3775E-01 -5.3372E-01 -2.1603E+00
  8.9088E-01 -1.4354E-01 -5.3246E-01 -2.1480E+00
  8.9709E-01 -1.4926E-01 -5.3112E-01 -2.1354E+00
  9.0334E-01 -1.5490E-01 -5.2971E-01 -2.1223E+00
  9.0963E-01 -1.6047E-01 -5.2822E-01 -2.1087E+00
  9.1596E-01 -1.6595E-01 -5.2665E-01 -2.0948E+00
  9.2234E-01 -1.7134E-01 -5.2500E-01 -2.0804E+00
  9.2877E-01 -1.7664E-01 -5.2326E-01 -2.0656E+00
  9.3524E-01 -1.8184E-01 -5.2145E-01 -2.0504E+00
  9.4175E-01 -1.8693E-01 -5.1955E-01 -2.0348E+00
  9.4831E-01 -1.9193E-01 -5.1757E-01 -2.0187E+00
  9.5492E-01 -1.9681E-01 -5.1551E-01 -2.0023E+00
  9.6157E-01 -2.0158E-01 -5.1336E-01 -1.9854E+00
  9.6827E-01 -2.0622E-01 -5.1112E-01 -1.9681E+00
  9.7501E-01 -2.1075E-01 -5.0880E-01 -1.9504E+00
  9.8180E-01 -2.1515E-01 -5.0639E-01 -1.9323E+00
  9.8864E-01 -2.1943E-01 -5.0389E-01 -1.9138E+00
  9.9553E-01 -2.2357E-01 -5.0130E-01 -1.8949E+00
  1.0025E+00 -2.2757E-01 -4.9862E-01 -1.8756E+00
  1.0094E+00 -2.3143E-01 -4.9585E-01 -1.8559E+00
  1.0165E+00 -2.3515E-01 -4.9299E-01 -1.8358E+00
  1.0236E+00 -2.3872E-01 -4.9004E-01 -1.8154E+00
  1.0307E+00 -2.4215E-01 -4.8699E-01 -1.7946E+00
  1.0379E+00 -2.4542E-01 -4.8386E-01 -1.7734E+00
  1.0451E+00 -2.4853E-01 -4.8063E-01 -1.7519E+00
  1.0524E+00 -2.5149E-01 -4.7730E-01 -1.7301E+00
  1.0597E+00 -2.5429E-01 -4.7389E-01 -1.7079E+00
  1.0671E+00 -2.5692E-01 -4.7037E-01 -1.6854E+00
  1.0745E+00 -2.5939E-01 -4.6676E-01 -1.6625E+00
  1.0820E+00 -2.6168E-01 -4.6306E-01 -1.6394E+00
  1.0895E+00 -2.6381E-01 -4.5926E-01 -1.6160E+00
  1.0971E+00 -2.6577E-01 -4.5536E-01 -1.5922E+00
  1.1048E+00 -2.6755E-01 -4.5137E-01 -1.5682E+00
  1.1125E+00 -2.6915E-01 -4.4728E-01 -1.5440E+00
  1.1202E+00 -2.7058E-01 -4.4310E-01 -1.5195E+00
  1.1280E+00 -2.7183E-01 -4.3881E-01 -1.4947E+00
  1.1359E+00 -2.7289E-01 -4.3443E-01 -1.4697E+00
  1.1438E+00 -2.7378E-01 -4.2995E-01 -1.4446E+00
  1.1517E+00 -2.7447E-01 -4.2538E-01 -1.4192E+00
  1.1598E+00 -2.7499E-01 -4.2071E-01 -1.3936E+00
  1.1678E+00 -2.7532E-01 -4.1594E-01 -1.3679E+00
  1.1760E+00 -2.7546E-01 -4.1107E-01 -1.3420E+00
  1.1842E+00 -2.7541E-01 -4.0611E-01 -1.3160E+00
  1.1924E+00 -2.7518E-01 -4.0105E-01 -1.2898E+00
  1.2007E+00 -2.7476E-01 -3.9589E-01 -1.2636E+00
  1.2091E+00 -2.7415E-01 -3.9064E-01 -1.2373E+00
  1.2175E+00 -2.7334E-01 -3.8529E-01 -1.2109E+00
  1.2260E+00 -2.7235E-01 -3.7985E-01 -1.1844E+00
  1.2345E+00 -2.7117E-01 -3.7431E-01 -1.1579E+00
  1.2431E+00 -2.6981E-01 -3.6868E-01 -1.1314E+00
  1.2518E+00 -2.6825E-01 -3.6295E-01 -1.1049E+00
  1.2605E+00 -2.6650E-01 -3.5713E-01 -1.0784E+00
  1.2693E+00 -2.6456E-01 -3.5122E-01 -1.0519E+00
  1.2781E+00 -2.6244E-01 -3.4522E-01 -1.0255E+00
  1.2870E+00 -2.6013E-01 -3.3912E-01 -9.9915E-01
  1.2960E+00 -2.5763E-01 -3.3294E-01 -9.7289E-01
  1.3050E+00 -2.5495E-01 -3.2666E-01 -9.4674E-01
  1.3141E+00 -2.5209E-01 -3.2030E-01 -9.2071E-01
  1.3233E+00 -2.4904E-01 -3.1385E-01 -8.9483E-01
  1.3325E+00 -2.4581E-01 -3.0732E-01 -8.6910E-01
  1.3418E+00 -2.4239E-01 -3.0069E-01 -8.4355E-01
  1.3511E+00 -2.3880E-01 -2.9399E-01 -8.1820E-01
  1.3605E+00 -2.3504E-01 -2.8720E-01 -7.9306E-01
  1.3700E+00 -2.3109E-01 -2.8033E-01 -7.6815E-01
  1.3795E+00 -2.2697E-01 -2.7338E-01 -7.4349E-01
  1.3891E+00 -2.2269E-01 -2.6635E-01 -7.1909E-01
  1.3988E+00 -2.1823E-01 -2.5924E-01 -6.9497E-01
  1.4086E+00 -2.1360E-01 -2.5205E-01 -6.7114E-01
  1.4184E+00 -2.0881E-01 -2.4479E-01 -6.4763E-01
  1.4282E+00 -2.0385E-01 -2.3746E-01 -6.2444E-01
  1.4382E+00 -1.9874E-01 -2.3006E-01 -6.0159E-01
  1.4482E+00 -1.9346E-01 -2.2258E-01 -5.7909E-01
  1.4583E+00 -1.8803E-01 -2.1504E-01 -5.5696E-01
  1.4685E+00 -1.8245E-01 -2.0743E-01 -5.3521E-01
  1.4787E+00 -1.7672E-01 -1.9976E-01 -5.1385E-01
  1.4890E+00 -1.7084E-01 -1.9202E-01 -4.9289E-01
  1.4994E+00 -1.6481E-01 -1.8422E-01 -4.7234E-01
  1.5098E+00 -1.5865E-01 -1.7636E-01 -4.5222E-01
  1.5203E+00 -1.5235E-01 -1.6844E-01 -4.3253E-01
  1.5309E+00 -1.4591E-01 -1.6047E-01 -4.1328E-01
  1.5416E+00 -1.3934E-01 -1.5245E-01 -3.9447E-01
  1.5523E+00 -1.3264E-01 -1.4437E-01 -3.7612E-01
  1.5631E+00 -1.2582E-01 -1.3624E-01 -3.5823E-01
  1.5740E+00 -1.1887E-01 -1.2807E-01 -3.4081E-01
  1.5850E+00 -1.1181E-01 -1.1985E-01 -3.2385E-01
  1.5960E+00 -1.0464E-01 -1.1158E-01 -3.0736E-01
  1.6071E+00 -9.7349E-02 -1.0328E-01 -2.9135E-01
  1.6183E+00 -8.9955E-02 -9.4934E-02 -2.7582E-01
  1.6296E+00 -8.2458E-02 -8.6551E-02 -2.6076E-01
  1.6409E+00 -7.4862E-02 -7.8133E-02 -2.4617E-01
  1.6524E+00 -6.7170E-02 -6.9682E-02 -2.3206E-01
  1.6639E+00 -5.9386E-02 -6.1200E-02 -2.1842E-01
  1.6755E+00 -5.1515E-02 -5.2688E-02 -2.0525E-01
  1.6871E+00 -4.3560E-02 -4.4150E-02 -1.9255E-01
  1.6989E+00 -3.5526E-02 -3.5587E-02 -1.8031E-01
  1.7107E+00 -2.7416E-02 -2.7001E-02 -1.6852E-01
  1.7226E+00 -1.9234E-02 -1.8394E-02 -1.5718E-01
  1.7346E+00 -1.0984E-02 -9.7690E-03 -1.4628E-01
  1.7467E+00 -2.6713E-03 -1.1272E-03 -1.3582E-01
  1.7589E+00  5.7009E-03  7.5291E-03 -1.2578E-01
  1.7711E+00  1.4128E-02  1.6198E-02 -1.1617E-01
  1.7835E+00  2.2607E-02  2.4877E-02 -1.0696E-01
  1.7959E+00  3.1132E-02  3.3565E-02 -9.8146E-02
  1.8084E+00  3.9701E-02  4.2260E-02 -8.9726E-02
  1.8210E+00  4.8308E-02  5.0959E-02 -8.1684E-02
  1.8337E+00  5.6949E-02  5.9660E-02 -7.4011E-02
  1.8464E+00  6.5620E-02  6.8363E-02 -6.6696E-02
  1.8593E+00  7.4318E-02  7.7064E-02 -5.9728E-02
  1.8723E+00  8.3038E-02  8.5762E-02 -5.3098E-02
  1.8853E+00  9.1776E-02  9.4456E-02 -4.6796E-02
  1.8984E+00  1.0053E-01  1.0314E-01 -4.0811E-02
  1.9116E+00  1.0929E-01  1.1182E-01 -3.5134E-02
  1.9250E+00  1.1805E-01  1.2049E-01 -2.9757E-02
  1.9384E+00  1.2682E-01  1.2914E-01 -2.4671E-02
  1.9519E+00  1.3559E-01  1.3779E-01 -1.9870E-02
  1.9655E+00  1.4435E-01  1.4641E-01 -1.5348E-02
  1.9792E+00  1.5310E-01  1.5502E-01 -1.1100E-02
  1.9929E+00  1.6183E-01  1.6361E-01 -7.1226E-03
  2.0068E+00  1.7055E-01  1.7217E-01 -3.4137E-03
  2.0208E+00  1.7924E-01  1.8072E-01  2.6705E-05
  2.0349E+00  1.8791E-01  1.8924E-01  3.1970E-03
  2.0490E+00  1.9655E-01  1.9773E-01  6.0937E-03
  2.0633E+00  2.0515E-01  2.0619E-01  8.7111E-03
  2.0777E+00  2.1372E-01  2.1462E-01  1.1041E-02
  2.0922E+00  2.2225E-01  2.2302E-01  1.3074E-02
  2.1067E+00  2.3073E-01  2.3138E-01  1.4797E-02
  2.1214E+00  2.3916E-01  2.3970E-01  1.6194E-02
  2.1362E+00  2.4755E-01  2.4798E-01  1.7248E-02
  2.1511E+00  2.5588E-01  2.5621E-01  1.7940E-02
  2.1660E+00  2.6415E-01  2.6440E-01  1.8246E-02
  2.1811E+00  2.7236E-01  2.7254E-01  1.8141E-02
  2.1963E+00  2.8050E-01  2.8063E-01  1.7598E-02
  2.2116E+00  2.8858E-01  2.8866E-01  1.6590E-02
  2.2270E+00  2.9658E-01  2.9663E-01  1.5084E-02
  2.2425E+00  3.0451E-01  3.0454E-01  1.3051E-02
  2.2581E+00  3.1237E-01  3.1238E-01  1.0458E-02
  2.2739E+00  3.2014E-01  3.2014E-01  7.2732E-03
  2.2897E+00  3.2783E-01  3.2783E-01  3.4675E-03
  2.3057E+00  3.3544E-01  3.3544E-01 -4.1253E-04
  2.3217E+00  3.4295E-01  3.4295E-01 -7.0458E-04
  2.3379E+00  3.5038E-01  3.5038E-01 -3.6341E-04
  2.3542E+00  3.5771E-01  3.5771E-01 -1.7346E-04
  2.3706E+00  3.6495E-01  3.6495E-01 -6.1900E-05
  2.3871E+00  3.7209E-01  3.7209E-01 -1.5102E-05
  2.4037E+00  3.7912E-01  3.7912E-01  0.0000E+00
  2.4204E+00  3.8606E-01  3.8606E-01  0.0000E+00
  2.4373E+00  3.9289E-01  3.9289E-01  0.0000E+00
  2.4543E+00  3.9961E-01  3.9961E-01  0.0000E+00
  2.4714E+00  4.0622E-01  4.0622E-01  0.0000E+00
  2.4886E+00  4.1272E-01  4.1272E-01  0.0000E+00
  2.5059E+00  4.1911E-01  4.1911E-01  0.0000E+00
  2.5234E+00  4.2538E-01  4.2538E-01  0.0000E+00
  2.5409E+00  4.3154E-01  4.3154E-01  0.0000E+00
  2.5586E+00  4.3757E-01  4.3757E-01  0.0000E+00
  2.5765E+00  4.4349E-01  4.4349E-01  0.0000E+00
  2.5944E+00  4.4928E-01  4.4928E-01  0.0000E+00
  2.6125E+00  4.5495E-01  4.5495E-01  0.0000E+00
  2.6307E+00  4.6050E-01  4.6050E-01  0.0000E+00
  2.6490E+00  4.6592E-01  4.6592E-01  0.0000E+00
  2.6674E+00  4.7121E-01  4.7121E-01  0.0000E+00
  2.6860E+00  4.7638E-01  4.7638E-01  0.0000E+00
  2.7047E+00  4.8141E-01  4.8141E-01  0.0000E+00
  2.7236E+00  4.8632E-01  4.8632E-01  0.0000E+00
  2.7425E+00  4.9109E-01  4.9109E-01  0.0000E+00
  2.7616E+00  4.9573E-01  4.9573E-01  0.0000E+00
  2.7809E+00  5.0024E-01  5.0024E-01  0.0000E+00
  2.8002E+00  5.0461E-01  5.0461E-01  0.0000E+00
  2.8198E+00  5.0885E-01  5.0885E-01  0.0000E+00
  2.8394E+00  5.1295E-01  5.1295E-01  0.0000E+00
  2.8592E+00  5.1691E-01  5.1691E-01  0.0000E+00
  2.8791E+00  5.2074E-01  5.2074E-01  0.0000E+00
  2.8991E+00  5.2444E-01  5.2444E-01  0.0000E+00
  2.9193E+00  5.2799E-01  5.2799E-01  0.0000E+00
  2.9397E+00  5.3141E-01  5.3141E-01  0.0000E+00
  2.9601E+00  5.3469E-01  5.3469E-01  0.0000E+00
  2.9807E+00  5.3783E-01  5.3783E-01  0.0000E+00
  3.0015E+00  5.4083E-01  5.4083E-01  0.0000E+00
  3.0224E+00  5.4369E-01  5.4369E-01  0.0000E+00
  3.0435E+00  5.4642E-01  5.4642E-01  0.0000E+00
  3.0647E+00  5.4900E-01  5.4900E-01  0.0000E+00
  3.0860E+00  5.5145E-01  5.5145E-01  0.0000E+00
  3.1075E+00  5.5376E-01  5.5376E-01  0.0000E+00
  3.1291E+00  5.5593E-01  5.5593E-01  0.0000E+00
  3.1509E+00  5.5796E-01  5.5796E-01  0.0000E+00
  3.1729E+00  5.5985E-01  5.5985E-01  0.0000E+00
  3.1950E+00  5.6160E-01  5.6160E-01  0.0000E+00
  3.2172E+00  5.6322E-01  5.6322E-01  0.0000E+00
  3.2396E+00  5.6470E-01  5.6470E-01  0.0000E+00
  3.2622E+00  5.6604E-01  5.6604E-01  0.0000E+00
  3.2849E+00  5.6724E-01  5.6724E-01  0.0000E+00
  3.3078E+00  5.6831E-01  5.6831E-01  0.0000E+00
  3.3308E+00  5.6924E-01  5.6924E-01  0.0000E+00
  3.3540E+00  5.7004E-01  5.7004E-01  0.0000E+00
  3.3774E+00  5.7070E-01  5.7070E-01  0.0000E+00
  3.4009E+00  5.7123E-01  5.7123E-01  0.0000E+00
