   0.0000000E+00  -9.6440690E+06   0.0000000E+00
   5.3041604E-07   5.8337196E+07   7.1785313E-27
   1.0645235E-06   5.5013999E+07   1.1646357E-25
   1.6023482E-06   3.9511745E+07   5.9785602E-25
   2.1439159E-06   3.5693265E+07   1.9160198E-24
   2.6892527E-06   3.2158825E+07   4.7434623E-24
   3.2383848E-06   2.9245022E+07   9.9743085E-24
   3.7913386E-06   2.7039437E+07   1.8738693E-23
   4.3481407E-06   2.5253275E+07   3.2417787E-23
   4.9088179E-06   2.3766316E+07   5.2659497E-23
   5.4733972E-06   2.2505624E+07   8.1394842E-23
   6.0419058E-06   2.1419223E+07   1.2085505E-22
   6.6143709E-06   2.0470455E+07   1.7358939E-22
   7.1908201E-06   1.9632234E+07   2.4248379E-22
   7.7712812E-06   1.8884601E+07   3.3078019E-22
   8.3557820E-06   1.8212268E+07   4.4209684E-22
   8.9443507E-06   1.7603320E+07   5.8044929E-22
   9.5370156E-06   1.7048324E+07   7.5027241E-22
   1.0133805E-05   1.6539700E+07   9.5644325E-22
   1.0734748E-05   1.6071281E+07   1.2043049E-21
   1.1339873E-05   1.5637991E+07   1.4996912E-21
   1.1949210E-05   1.5235608E+07   1.8489527E-21
   1.2562788E-05   1.4860588E+07   2.2589835E-21
   1.3180635E-05   1.4509934E+07   2.7372494E-21
   1.3802783E-05   1.4181089E+07   3.2918165E-21
   1.4429260E-05   1.3871855E+07   3.9313823E-21
   1.5060098E-05   1.3580337E+07   4.6653064E-21
   1.5695326E-05   1.3304883E+07   5.5036439E-21
   1.6334974E-05   1.3044052E+07   6.4571792E-21
   1.6979075E-05   1.2796578E+07   7.5374613E-21
   1.7627658E-05   1.2561343E+07   8.7568410E-21
   1.8280755E-05   1.2337356E+07   1.0128509E-20
   1.8938397E-05   1.2123736E+07   1.1666535E-20
   1.9600616E-05   1.1919696E+07   1.3385911E-20
   2.0267444E-05   1.1724529E+07   1.5302590E-20
   2.0938913E-05   1.1537601E+07   1.7433538E-20
   2.1615055E-05   1.1358339E+07   1.9796772E-20
   2.2295902E-05   1.1186224E+07   2.2411412E-20
   2.2981488E-05   1.1020787E+07   2.5297734E-20
   2.3671846E-05   1.0861599E+07   2.8477214E-20
   2.4367008E-05   1.0708270E+07   3.1972589E-20
   2.5067008E-05   1.0560443E+07   3.5807910E-20
   2.5771879E-05   1.0417792E+07   4.0008600E-20
   2.6481657E-05   1.0280015E+07   4.4601514E-20
   2.7196374E-05   1.0146837E+07   4.9615000E-20
   2.7916065E-05   1.0018002E+07   5.5078967E-20
   2.8640765E-05   9.8932764E+06   6.1024950E-20
   2.9370508E-05   9.7724413E+06   6.7486179E-20
   3.0105330E-05   9.6552952E+06   7.4497652E-20
   3.0845266E-05   9.5416507E+06   8.2096210E-20
   3.1590352E-05   9.4313337E+06   9.0320614E-20
   3.2340624E-05   9.3241819E+06   9.9211626E-20
   3.3096117E-05   9.2200440E+06   1.0881209E-19
   3.3856867E-05   9.1187789E+06   1.1916702E-19
   3.4622913E-05   9.0202543E+06   1.3032370E-19
   3.5394289E-05   8.9243467E+06   1.4233175E-19
   3.6171034E-05   8.8309401E+06   1.5524325E-19
   3.6953185E-05   8.7399256E+06   1.6911282E-19
   3.7740780E-05   8.6512011E+06   1.8399774E-19
   3.8533855E-05   8.5646704E+06   1.9995803E-19
   3.9332450E-05   8.4802430E+06   2.1705661E-19
   4.0136603E-05   8.3978334E+06   2.3535936E-19
   4.0946353E-05   8.3173612E+06   2.5493526E-19
   4.1761738E-05   8.2387504E+06   2.7585653E-19
   4.2582798E-05   8.1619290E+06   2.9819873E-19
   4.3409572E-05   8.0868290E+06   3.2204089E-19
   4.4242100E-05   8.0133860E+06   3.4746570E-19
   4.5080422E-05   7.9415389E+06   3.7455957E-19
   4.5924579E-05   7.8712299E+06   4.0341285E-19
   4.6774610E-05   7.8024039E+06   4.3411991E-19
   4.7630557E-05   7.7350088E+06   4.6677937E-19
   4.8492461E-05   7.6689950E+06   5.0149421E-19
   4.9360364E-05   7.6043150E+06   5.3837196E-19
   5.0234307E-05   7.5409241E+06   5.7752485E-19
   5.1114333E-05   7.4787792E+06   6.1907003E-19
   5.2000482E-05   7.4178397E+06   6.6312973E-19
   5.2892799E-05   7.3580664E+06   7.0983142E-19
   5.3791327E-05   7.2994223E+06   7.5930810E-19
   5.4696107E-05   7.2418717E+06   8.1169839E-19
   5.5607185E-05   7.1853806E+06   8.6714683E-19
   5.6524603E-05   7.1299167E+06   9.2580408E-19
   5.7448406E-05   7.0754488E+06   9.8782711E-19
   5.8378638E-05   7.0219472E+06   1.0533795E-18
   5.9315345E-05   6.9693833E+06   1.1226315E-18
   6.0258570E-05   6.9177298E+06   1.1957607E-18
   6.1208360E-05   6.8669606E+06   1.2729518E-18
   6.2164760E-05   6.8170504E+06   1.3543972E-18
   6.3127816E-05   6.7679752E+06   1.4402970E-18
   6.4097574E-05   6.7197118E+06   1.5308597E-18
   6.5074082E-05   6.6722379E+06   1.6263021E-18
   6.6057386E-05   6.6255322E+06   1.7268497E-18
   6.7047533E-05   6.5795740E+06   1.8327373E-18
   6.8044571E-05   6.5343436E+06   1.9442089E-18
   6.9048548E-05   6.4898218E+06   2.0615184E-18
   7.0059512E-05   6.4459904E+06   2.1849296E-18
   7.1077512E-05   6.4028317E+06   2.3147169E-18
   7.2102598E-05   6.3603286E+06   2.4511656E-18
   7.3134817E-05   6.3184647E+06   2.5945720E-18
   7.4174220E-05   6.2772243E+06   2.7452440E-18
   7.5220856E-05   6.2365919E+06   2.9035018E-18
   7.6274777E-05   6.1965528E+06   3.0696779E-18
   7.7336033E-05   6.1570929E+06   3.2441175E-18
   7.8404675E-05   6.1181984E+06   3.4271794E-18
   7.9480754E-05   6.0798559E+06   3.6192361E-18
   8.0564322E-05   6.0420527E+06   3.8206744E-18
   8.1655431E-05   6.0047763E+06   4.0318959E-18
   8.2754134E-05   5.9680147E+06   4.2533174E-18
   8.3860483E-05   5.9317563E+06   4.4853718E-18
   8.4974532E-05   5.8959899E+06   4.7285081E-18
   8.6096334E-05   5.8607045E+06   4.9831924E-18
   8.7225944E-05   5.8258897E+06   5.2499083E-18
   8.8363415E-05   5.7915352E+06   5.5291577E-18
   8.9508803E-05   5.7576312E+06   5.8214611E-18
   9.0662161E-05   5.7241680E+06   6.1273584E-18
   9.1823547E-05   5.6911364E+06   6.4474098E-18
   9.2993016E-05   5.6585273E+06   6.7821961E-18
   9.4170623E-05   5.6263320E+06   7.1323195E-18
   9.5356426E-05   5.5945421E+06   7.4984048E-18
   9.6550482E-05   5.5631492E+06   7.8810994E-18
   9.7752848E-05   5.5321455E+06   8.2810745E-18
   9.8963582E-05   5.5015231E+06   8.6990262E-18
   1.0018274E-04   5.4712745E+06   9.1356757E-18
   1.0141039E-04   5.4413924E+06   9.5917705E-18
   1.0264658E-04   5.4118696E+06   1.0068085E-17
   1.0389137E-04   5.3826994E+06   1.0565423E-17
   1.0514482E-04   5.3538748E+06   1.1084615E-17
   1.0640700E-04   5.3253895E+06   1.1626523E-17
   1.0767797E-04   5.2972370E+06   1.2192040E-17
   1.0895777E-04   5.2694112E+06   1.2782091E-17
   1.1024649E-04   5.2419060E+06   1.3397633E-17
   1.1154417E-04   5.2147157E+06   1.4039660E-17
   1.1285089E-04   5.1878343E+06   1.4709197E-17
   1.1416670E-04   5.1612566E+06   1.5407309E-17
   1.1549167E-04   5.1349769E+06   1.6135098E-17
   1.1682585E-04   5.1089901E+06   1.6893704E-17
   1.1816933E-04   5.0832911E+06   1.7684309E-17
   1.1952215E-04   5.0578747E+06   1.8508134E-17
   1.2088439E-04   5.0327363E+06   1.9366446E-17
   1.2225611E-04   5.0078709E+06   2.0260554E-17
   1.2363738E-04   4.9832740E+06   2.1191815E-17
   1.2502826E-04   4.9589411E+06   2.2161631E-17
   1.2642882E-04   4.9348678E+06   2.3171454E-17
   1.2783912E-04   4.9110497E+06   2.4222788E-17
   1.2925924E-04   4.8874826E+06   2.5317187E-17
   1.3068925E-04   4.8641626E+06   2.6456260E-17
   1.3212921E-04   4.8410855E+06   2.7641672E-17
   1.3357918E-04   4.8182476E+06   2.8875144E-17
   1.3503925E-04   4.7956449E+06   3.0158458E-17
   1.3650949E-04   4.7732738E+06   3.1493457E-17
   1.3798995E-04   4.7511306E+06   3.2882046E-17
   1.3948072E-04   4.7292119E+06   3.4326196E-17
   1.4098186E-04   4.7075140E+06   3.5827948E-17
   1.4249345E-04   4.6860338E+06   3.7389408E-17
   1.4401556E-04   4.6647677E+06   3.9012757E-17
   1.4554826E-04   4.6437127E+06   4.0700250E-17
   1.4709163E-04   4.6228656E+06   4.2454217E-17
   1.4864574E-04   4.6022232E+06   4.4277070E-17
   1.5021067E-04   4.5817825E+06   4.6171299E-17
   1.5178648E-04   4.5615407E+06   4.8139482E-17
   1.5337327E-04   4.5414948E+06   5.0184281E-17
   1.5497110E-04   4.5216419E+06   5.2308449E-17
   1.5658004E-04   4.5019794E+06   5.4514831E-17
   1.5820019E-04   4.4825045E+06   5.6806369E-17
   1.5983161E-04   4.4632145E+06   5.9186102E-17
   1.6147439E-04   4.4441070E+06   6.1657172E-17
   1.6312860E-04   4.4251793E+06   6.4222826E-17
   1.6479432E-04   4.4064289E+06   6.6886419E-17
   1.6647163E-04   4.3878535E+06   6.9651417E-17
   1.6816062E-04   4.3694506E+06   7.2521403E-17
   1.6986136E-04   4.3512180E+06   7.5500079E-17
   1.7157394E-04   4.3331533E+06   7.8591269E-17
   1.7329843E-04   4.3152543E+06   8.1798923E-17
   1.7503493E-04   4.2975188E+06   8.5127124E-17
   1.7678352E-04   4.2799447E+06   8.8580089E-17
   1.7854427E-04   4.2625298E+06   9.2162173E-17
   1.8031728E-04   4.2452722E+06   9.5877876E-17
   1.8210263E-04   4.2281698E+06   9.9731846E-17
   1.8390040E-04   4.2112205E+06   1.0372888E-16
   1.8571068E-04   4.1944226E+06   1.0787395E-16
   1.8753356E-04   4.1777740E+06   1.1217215E-16
   1.8936913E-04   4.1612729E+06   1.1662880E-16
   1.9121748E-04   4.1449175E+06   1.2124934E-16
   1.9307869E-04   4.1287060E+06   1.2603941E-16
   1.9495285E-04   4.1126366E+06   1.3100484E-16
   1.9684005E-04   4.0967077E+06   1.3615165E-16
   1.9874039E-04   4.0809174E+06   1.4148603E-16
   2.0065395E-04   4.0652642E+06   1.4701441E-16
   2.0258083E-04   4.0497464E+06   1.5274340E-16
   2.0452113E-04   4.0343624E+06   1.5867983E-16
   2.0647492E-04   4.0191107E+06   1.6483076E-16
   2.0844231E-04   4.0039898E+06   1.7120347E-16
   2.1042340E-04   3.9889980E+06   1.7780549E-16
   2.1241827E-04   3.9741339E+06   1.8464456E-16
   2.1442703E-04   3.9593962E+06   1.9172870E-16
   2.1644976E-04   3.9447832E+06   1.9906619E-16
   2.1848658E-04   3.9302938E+06   2.0666555E-16
   2.2053757E-04   3.9159263E+06   2.1453559E-16
   2.2260283E-04   3.9016796E+06   2.2268540E-16
   2.2468247E-04   3.8875523E+06   2.3112438E-16
   2.2677657E-04   3.8735431E+06   2.3986219E-16
   2.2888526E-04   3.8596506E+06   2.4890884E-16
   2.3100862E-04   3.8458737E+06   2.5827464E-16
   2.3314675E-04   3.8322111E+06   2.6797022E-16
   2.3529977E-04   3.8186616E+06   2.7800657E-16
   2.3746777E-04   3.8052240E+06   2.8839502E-16
   2.3965086E-04   3.7918971E+06   2.9914726E-16
   2.4184915E-04   3.7786798E+06   3.1027535E-16
   2.4406273E-04   3.7655710E+06   3.2179174E-16
   2.4629172E-04   3.7525694E+06   3.3370927E-16
   2.4853622E-04   3.7396741E+06   3.4604118E-16
   2.5079634E-04   3.7268840E+06   3.5880114E-16
   2.5307219E-04   3.7141980E+06   3.7200325E-16
   2.5536388E-04   3.7016150E+06   3.8566206E-16
   2.5767152E-04   3.6891340E+06   3.9979257E-16
   2.5999522E-04   3.6767542E+06   4.1441025E-16
   2.6233509E-04   3.6644743E+06   4.2953107E-16
   2.6469124E-04   3.6522935E+06   4.4517150E-16
   2.6706380E-04   3.6402109E+06   4.6134852E-16
   2.6945286E-04   3.6282255E+06   4.7807966E-16
   2.7185856E-04   3.6163363E+06   4.9538297E-16
   2.7428099E-04   3.6045424E+06   5.1327710E-16
   2.7672029E-04   3.5928431E+06   5.3178127E-16
   2.7917656E-04   3.5812373E+06   5.5091530E-16
   2.8164992E-04   3.5697242E+06   5.7069963E-16
   2.8414050E-04   3.5583030E+06   5.9115533E-16
   2.8664841E-04   3.5469728E+06   6.1230416E-16
   2.8917378E-04   3.5357328E+06   6.3416853E-16
   2.9171672E-04   3.5245822E+06   6.5677156E-16
   2.9427736E-04   3.5135202E+06   6.8013708E-16
   2.9685582E-04   3.5025461E+06   7.0428967E-16
   2.9945222E-04   3.4916589E+06   7.2925469E-16
   3.0206670E-04   3.4808580E+06   7.5505825E-16
   3.0469937E-04   3.4701427E+06   7.8172730E-16
   3.0735036E-04   3.4595121E+06   8.0928964E-16
   3.1001980E-04   3.4489656E+06   8.3777388E-16
   3.1270783E-04   3.4385025E+06   8.6720957E-16
   3.1541455E-04   3.4281220E+06   8.9762715E-16
   3.1814012E-04   3.4178234E+06   9.2905800E-16
   3.2088465E-04   3.4076062E+06   9.6153448E-16
   3.2364829E-04   3.3974695E+06   9.9508994E-16
   3.2643116E-04   3.3874127E+06   1.0297588E-15
   3.2923340E-04   3.3774353E+06   1.0655764E-15
   3.3205514E-04   3.3675364E+06   1.1025794E-15
   3.3489651E-04   3.3577156E+06   1.1408054E-15
   3.3775766E-04   3.3479722E+06   1.1802933E-15
   3.4063873E-04   3.3383055E+06   1.2210830E-15
   3.4353984E-04   3.3287150E+06   1.2632158E-15
   3.4646115E-04   3.3192001E+06   1.3067342E-15
   3.4940279E-04   3.3097602E+06   1.3516820E-15
   3.5236490E-04   3.3003947E+06   1.3981045E-15
   3.5534762E-04   3.2911030E+06   1.4460481E-15
   3.5835110E-04   3.2818846E+06   1.4955608E-15
   3.6137549E-04   3.2727389E+06   1.5466921E-15
   3.6442093E-04   3.2636654E+06   1.5994929E-15
   3.6748755E-04   3.2546635E+06   1.6540157E-15
   3.7057553E-04   3.2457327E+06   1.7103147E-15
   3.7368499E-04   3.2368725E+06   1.7684456E-15
   3.7681609E-04   3.2280824E+06   1.8284659E-15
   3.7996899E-04   3.2193618E+06   1.8904348E-15
   3.8314382E-04   3.2107104E+06   1.9544133E-15
   3.8634076E-04   3.2021274E+06   2.0204644E-15
   3.8955994E-04   3.1936126E+06   2.0886528E-15
   3.9280152E-04   3.1851654E+06   2.1590453E-15
   3.9606567E-04   3.1767852E+06   2.2317107E-15
   3.9935253E-04   3.1684718E+06   2.3067200E-15
   4.0266227E-04   3.1602246E+06   2.3841461E-15
   4.0599504E-04   3.1520431E+06   2.4640643E-15
   4.0935101E-04   3.1439269E+06   2.5465522E-15
   4.1273034E-04   3.1358755E+06   2.6316896E-15
   4.1613318E-04   3.1278886E+06   2.7195590E-15
   4.1955970E-04   3.1199657E+06   2.8102450E-15
   4.2301007E-04   3.1121063E+06   2.9038351E-15
   4.2648446E-04   3.1043101E+06   3.0004193E-15
   4.2998302E-04   3.0965766E+06   3.1000903E-15
   4.3350594E-04   3.0889055E+06   3.2029438E-15
   4.3705337E-04   3.0812963E+06   3.3090780E-15
   4.4062549E-04   3.0737486E+06   3.4185944E-15
   4.4422247E-04   3.0662621E+06   3.5315975E-15
   4.4784448E-04   3.0588363E+06   3.6481949E-15
   4.5149170E-04   3.0514709E+06   3.7684974E-15
   4.5516431E-04   3.0441654E+06   3.8926192E-15
   4.5886247E-04   3.0369197E+06   4.0206780E-15
   4.6258637E-04   3.0297331E+06   4.1527948E-15
   4.6633619E-04   3.0226055E+06   4.2890946E-15
   4.7011211E-04   3.0155364E+06   4.4297058E-15
   4.7391430E-04   3.0085255E+06   4.5747609E-15
   4.7774296E-04   3.0015724E+06   4.7243963E-15
   4.8159826E-04   2.9946768E+06   4.8787525E-15
   4.8548039E-04   2.9878384E+06   5.0379741E-15
   4.8938955E-04   2.9810567E+06   5.2022102E-15
   4.9332590E-04   2.9743316E+06   5.3716144E-15
   4.9728966E-04   2.9676626E+06   5.5463447E-15
   5.0128099E-04   2.9610495E+06   5.7265639E-15
   5.0530011E-04   2.9544919E+06   5.9124398E-15
   5.0934720E-04   2.9479895E+06   6.1041451E-15
   5.1342245E-04   2.9415420E+06   6.3018577E-15
   5.1752607E-04   2.9351490E+06   6.5057608E-15
   5.2165824E-04   2.9288104E+06   6.7160430E-15
   5.2581918E-04   2.9225257E+06   6.9328987E-15
   5.3000907E-04   2.9162947E+06   7.1565281E-15
   5.3422812E-04   2.9101171E+06   7.3871371E-15
   5.3847654E-04   2.9039926E+06   7.6249379E-15
   5.4275452E-04   2.8979209E+06   7.8701493E-15
   5.4706227E-04   2.8919017E+06   8.1229961E-15
   5.5140001E-04   2.8859348E+06   8.3837102E-15
   5.5576793E-04   2.8800198E+06   8.6525302E-15
   5.6016625E-04   2.8741566E+06   8.9297018E-15
   5.6459519E-04   2.8683448E+06   9.2154782E-15
   5.6905494E-04   2.8625841E+06   9.5101200E-15
   5.7354574E-04   2.8568744E+06   9.8138954E-15
   5.7806778E-04   2.8512152E+06   1.0127081E-14
   5.8262130E-04   2.8456065E+06   1.0449961E-14
   5.8720651E-04   2.8400479E+06   1.0782828E-14
   5.9182364E-04   2.8345391E+06   1.1125984E-14
   5.9647289E-04   2.8290800E+06   1.1479740E-14
   6.0115450E-04   2.8236703E+06   1.1844416E-14
   6.0586870E-04   2.8183097E+06   1.2220340E-14
   6.1061570E-04   2.8129980E+06   1.2607852E-14
   6.1539574E-04   2.8077349E+06   1.3007300E-14
   6.2020904E-04   2.8025202E+06   1.3419045E-14
   6.2505585E-04   2.7973538E+06   1.3843456E-14
   6.2993638E-04   2.7922352E+06   1.4280914E-14
   6.3485089E-04   2.7871644E+06   1.4731812E-14
   6.3979959E-04   2.7821411E+06   1.5196553E-14
   6.4478274E-04   2.7771651E+06   1.5675553E-14
   6.4980057E-04   2.7722361E+06   1.6169240E-14
   6.5485332E-04   2.7673539E+06   1.6678054E-14
   6.5994123E-04   2.7625184E+06   1.7202450E-14
   6.6506455E-04   2.7577292E+06   1.7742895E-14
   6.7022353E-04   2.7529862E+06   1.8299868E-14
   6.7541842E-04   2.7482892E+06   1.8873866E-14
   6.8064946E-04   2.7436380E+06   1.9465398E-14
   6.8591690E-04   2.7390323E+06   2.0074988E-14
   6.9122101E-04   2.7344720E+06   2.0703177E-14
   6.9656202E-04   2.7299568E+06   2.1350520E-14
   7.0194021E-04   2.7254865E+06   2.2017590E-14
   7.0735583E-04   2.7210610E+06   2.2704976E-14
   7.1280914E-04   2.7166801E+06   2.3413285E-14
   7.1830040E-04   2.7123435E+06   2.4143140E-14
   7.2382988E-04   2.7080511E+06   2.4895184E-14
   7.2939784E-04   2.7038026E+06   2.5670079E-14
   7.3500455E-04   2.6995979E+06   2.6468507E-14
   7.4065029E-04   2.6954368E+06   2.7291167E-14
   7.4633531E-04   2.6913191E+06   2.8138782E-14
   7.5205990E-04   2.6872446E+06   2.9012093E-14
   7.5782433E-04   2.6832132E+06   2.9911867E-14
   7.6362888E-04   2.6792246E+06   3.0838889E-14
   7.6947382E-04   2.6752787E+06   3.1793970E-14
   7.7535945E-04   2.6713753E+06   3.2777943E-14
   7.8128603E-04   2.6675141E+06   3.3791666E-14
   7.8725386E-04   2.6636952E+06   3.4836023E-14
   7.9326323E-04   2.6599182E+06   3.5911924E-14
   7.9931442E-04   2.6561829E+06   3.7020303E-14
   8.0540772E-04   2.6524893E+06   3.8162124E-14
   8.1154343E-04   2.6488371E+06   3.9338378E-14
   8.1772184E-04   2.6452262E+06   4.0550086E-14
   8.2394325E-04   2.6416565E+06   4.1798298E-14
   8.3020795E-04   2.6381276E+06   4.3084094E-14
   8.3651626E-04   2.6346395E+06   4.4408588E-14
   8.4286847E-04   2.6311921E+06   4.5772924E-14
   8.4926489E-04   2.6277850E+06   4.7178281E-14
   8.5570582E-04   2.6244183E+06   4.8625870E-14
   8.6219159E-04   2.6210917E+06   5.0116942E-14
   8.6872249E-04   2.6178050E+06   5.1652780E-14
   8.7529884E-04   2.6145581E+06   5.3234706E-14
   8.8192096E-04   2.6113509E+06   5.4864082E-14
   8.8858916E-04   2.6081831E+06   5.6542307E-14
   8.9530378E-04   2.6050547E+06   5.8270823E-14
   9.0206513E-04   2.6019654E+06   6.0051113E-14
   9.0887353E-04   2.5989152E+06   6.1884703E-14
   9.1572931E-04   2.5959038E+06   6.3773165E-14
   9.2263281E-04   2.5929311E+06   6.5718114E-14
   9.2958436E-04   2.5899970E+06   6.7721215E-14
   9.3658428E-04   2.5871012E+06   6.9784181E-14
   9.4363292E-04   2.5842437E+06   7.1908772E-14
   9.5073062E-04   2.5814243E+06   7.4096802E-14
   9.5787771E-04   2.5786429E+06   7.6350137E-14
   9.6507455E-04   2.5758992E+06   7.8670697E-14
   9.7232147E-04   2.5731932E+06   8.1060459E-14
   9.7961882E-04   2.5705247E+06   8.3521456E-14
   9.8696697E-04   2.5678935E+06   8.6055780E-14
   9.9436625E-04   2.5652996E+06   8.8665586E-14
   1.0018170E-03   2.5627427E+06   9.1353088E-14
   1.0093197E-03   2.5602227E+06   9.4120567E-14
   1.0168745E-03   2.5577394E+06   9.6970370E-14
   1.0244819E-03   2.5552928E+06   9.9904912E-14
   1.0321423E-03   2.5528826E+06   1.0292668E-13
   1.0398560E-03   2.5505088E+06   1.0603822E-13
   1.0476234E-03   2.5481712E+06   1.0924218E-13
   1.0554448E-03   2.5458695E+06   1.1254125E-13
   1.0633206E-03   2.5436038E+06   1.1593822E-13
   1.0712513E-03   2.5413738E+06   1.1943597E-13
   1.0792372E-03   2.5391795E+06   1.2303744E-13
   1.0872786E-03   2.5370205E+06   1.2674566E-13
   1.0953760E-03   2.5348969E+06   1.3056376E-13
   1.1035298E-03   2.5328085E+06   1.3449495E-13
   1.1117403E-03   2.5307551E+06   1.3854254E-13
   1.1200080E-03   2.5287366E+06   1.4270992E-13
   1.1283331E-03   2.5267528E+06   1.4700061E-13
   1.1367163E-03   2.5248036E+06   1.5141820E-13
   1.1451577E-03   2.5228889E+06   1.5596640E-13
   1.1536580E-03   2.5210085E+06   1.6064902E-13
   1.1622174E-03   2.5191622E+06   1.6546998E-13
   1.1708363E-03   2.5173500E+06   1.7043333E-13
   1.1795152E-03   2.5155716E+06   1.7554321E-13
   1.1882546E-03   2.5138270E+06   1.8080391E-13
   1.1970547E-03   2.5121160E+06   1.8621981E-13
   1.2059161E-03   2.5104384E+06   1.9179544E-13
   1.2148392E-03   2.5087941E+06   1.9753546E-13
   1.2238244E-03   2.5071829E+06   2.0344466E-13
   1.2328721E-03   2.5056048E+06   2.0952796E-13
   1.2419828E-03   2.5040595E+06   2.1579044E-13
   1.2511569E-03   2.5025469E+06   2.2223731E-13
   1.2603948E-03   2.5010669E+06   2.2887393E-13
   1.2696970E-03   2.4996193E+06   2.3570584E-13
   1.2790640E-03   2.4982040E+06   2.4273870E-13
   1.2884961E-03   2.4968208E+06   2.4997838E-13
   1.2979939E-03   2.4954696E+06   2.5743087E-13
   1.3075578E-03   2.4941502E+06   2.6510237E-13
   1.3171883E-03   2.4928625E+06   2.7299925E-13
   1.3268858E-03   2.4916063E+06   2.8112804E-13
   1.3366507E-03   2.4903814E+06   2.8949549E-13
   1.3464837E-03   2.4891878E+06   2.9810854E-13
   1.3563850E-03   2.4880253E+06   3.0697431E-13
   1.3663553E-03   2.4868936E+06   3.1610013E-13
   1.3763950E-03   2.4857927E+06   3.2549357E-13
   1.3865045E-03   2.4847224E+06   3.3516238E-13
   1.3966844E-03   2.4836826E+06   3.4511454E-13
   1.4069351E-03   2.4826730E+06   3.5535830E-13
   1.4172572E-03   2.4816935E+06   3.6590208E-13
   1.4276511E-03   2.4807441E+06   3.7675461E-13
   1.4381174E-03   2.4798244E+06   3.8792481E-13
   1.4486565E-03   2.4789344E+06   3.9942191E-13
   1.4592689E-03   2.4780738E+06   4.1125537E-13
   1.4699552E-03   2.4772426E+06   4.2343494E-13
   1.4807159E-03   2.4764405E+06   4.3597064E-13
   1.4915515E-03   2.4756674E+06   4.4887279E-13
   1.5024624E-03   2.4749231E+06   4.6215198E-13
   1.5134493E-03   2.4742075E+06   4.7581914E-13
   1.5245127E-03   2.4735203E+06   4.8988549E-13
   1.5356531E-03   2.4728614E+06   5.0436258E-13
   1.5468710E-03   2.4722307E+06   5.1926230E-13
   1.5581670E-03   2.4716280E+06   5.3459686E-13
   1.5695415E-03   2.4710530E+06   5.5037883E-13
   1.5809953E-03   2.4705056E+06   5.6662117E-13
   1.5925288E-03   2.4699857E+06   5.8333716E-13
   1.6041425E-03   2.4694930E+06   6.0054050E-13
   1.6158371E-03   2.4690274E+06   6.1824527E-13
   1.6276130E-03   2.4685886E+06   6.3646595E-13
   1.6394709E-03   2.4681766E+06   6.5521744E-13
   1.6514113E-03   2.4677910E+06   6.7451508E-13
   1.6634349E-03   2.4674318E+06   6.9437463E-13
   1.6755421E-03   2.4670987E+06   7.1481230E-13
   1.6877336E-03   2.4667916E+06   7.3584479E-13
   1.7000099E-03   2.4665102E+06   7.5748926E-13
   1.7123716E-03   2.4662543E+06   7.7976335E-13
   1.7248194E-03   2.4660238E+06   8.0268525E-13
   1.7373538E-03   2.4658184E+06   8.2627362E-13
   1.7499755E-03   2.4656380E+06   8.5054768E-13
   1.7626850E-03   2.4654824E+06   8.7552721E-13
   1.7754829E-03   2.4653512E+06   9.0123254E-13
   1.7883699E-03   2.4652444E+06   9.2768457E-13
   1.8013466E-03   2.4651618E+06   9.5490484E-13
   1.8144137E-03   2.4651030E+06   9.8291547E-13
   1.8275716E-03   2.4650679E+06   1.0117392E-12
   1.8408211E-03   2.4650563E+06   1.0413995E-12
   1.8541629E-03   2.4650680E+06   1.0719205E-12
   1.8675975E-03   2.4651027E+06   1.1033268E-12
   1.8811256E-03   2.4651602E+06   1.1356441E-12
   1.8947478E-03   2.4652403E+06   1.1688984E-12
   1.9084649E-03   2.4653427E+06   1.2031169E-12
   1.9222774E-03   2.4654673E+06   1.2383272E-12
   1.9361860E-03   2.4656137E+06   1.2745578E-12
   1.9501915E-03   2.4657818E+06   1.3118381E-12
   1.9642944E-03   2.4659714E+06   1.3501983E-12
   1.9784954E-03   2.4661820E+06   1.3896695E-12
   1.9927953E-03   2.4664136E+06   1.4302835E-12
   2.0071947E-03   2.4666659E+06   1.4720733E-12
   2.0216944E-03   2.4669387E+06   1.5150725E-12
   2.0362949E-03   2.4672315E+06   1.5593161E-12
   2.0509971E-03   2.4675443E+06   1.6048396E-12
   2.0658015E-03   2.4678768E+06   1.6516800E-12
   2.0807091E-03   2.4682287E+06   1.6998750E-12
   2.0957203E-03   2.4685997E+06   1.7494635E-12
   2.1108360E-03   2.4689895E+06   1.8004855E-12
   2.1260570E-03   2.4693980E+06   1.8529823E-12
   2.1413838E-03   2.4698247E+06   1.9069960E-12
   2.1568174E-03   2.4702695E+06   1.9625703E-12
   2.1723583E-03   2.4707321E+06   2.0197500E-12
   2.1880074E-03   2.4712121E+06   2.0785811E-12
   2.2037654E-03   2.4717093E+06   2.1391110E-12
   2.2196331E-03   2.4722234E+06   2.2013884E-12
   2.2356112E-03   2.4727542E+06   2.2654634E-12
   2.2517005E-03   2.4733012E+06   2.3313877E-12
   2.2679018E-03   2.4738642E+06   2.3992141E-12
   2.2842158E-03   2.4744429E+06   2.4689974E-12
   2.3006434E-03   2.4750370E+06   2.5407935E-12
   2.3171853E-03   2.4756462E+06   2.6146601E-12
   2.3338423E-03   2.4762701E+06   2.6906566E-12
   2.3506153E-03   2.4769085E+06   2.7688441E-12
   2.3675050E-03   2.4775610E+06   2.8492852E-12
   2.3845122E-03   2.4782273E+06   2.9320446E-12
   2.4016378E-03   2.4789071E+06   3.0171886E-12
   2.4188826E-03   2.4796000E+06   3.1047856E-12
   2.4362474E-03   2.4803057E+06   3.1949058E-12
   2.4537331E-03   2.4810238E+06   3.2876215E-12
   2.4713404E-03   2.4817540E+06   3.3830069E-12
   2.4890703E-03   2.4824960E+06   3.4811385E-12
   2.5069236E-03   2.4832494E+06   3.5820949E-12
   2.5249011E-03   2.4840138E+06   3.6859568E-12
   2.5430037E-03   2.4847889E+06   3.7928076E-12
   2.5612324E-03   2.4855743E+06   3.9027326E-12
   2.5795879E-03   2.4863696E+06   4.0158199E-12
   2.5980711E-03   2.4871746E+06   4.1321599E-12
   2.6166830E-03   2.4879886E+06   4.2518456E-12
   2.6354244E-03   2.4888115E+06   4.3749726E-12
   2.6542962E-03   2.4896428E+06   4.5016395E-12
   2.6732994E-03   2.4904822E+06   4.6319475E-12
   2.6924348E-03   2.4913291E+06   4.7660005E-12
   2.7117035E-03   2.4921833E+06   4.9039057E-12
   2.7311062E-03   2.4930443E+06   5.0457732E-12
   2.7506439E-03   2.4939117E+06   5.1917162E-12
   2.7703176E-03   2.4947851E+06   5.3418511E-12
   2.7901283E-03   2.4956640E+06   5.4962979E-12
   2.8100768E-03   2.4965481E+06   5.6551795E-12
   2.8301641E-03   2.4974370E+06   5.8186228E-12
   2.8503913E-03   2.4983301E+06   5.9867579E-12
   2.8707592E-03   2.4992271E+06   6.1597190E-12
   2.8912688E-03   2.5001274E+06   6.3376439E-12
   2.9119213E-03   2.5010308E+06   6.5206742E-12
   2.9327174E-03   2.5019366E+06   6.7089557E-12
   2.9536583E-03   2.5028445E+06   6.9026384E-12
   2.9747449E-03   2.5037540E+06   7.1018764E-12
   2.9959782E-03   2.5046646E+06   7.3068283E-12
   3.0173594E-03   2.5055758E+06   7.5176572E-12
   3.0388893E-03   2.5064872E+06   7.7345308E-12
   3.0605691E-03   2.5073983E+06   7.9576214E-12
   3.0823998E-03   2.5083086E+06   8.1871067E-12
   3.1043824E-03   2.5092176E+06   8.4231688E-12
   3.1265179E-03   2.5101249E+06   8.6659955E-12
   3.1488076E-03   2.5110298E+06   8.9157798E-12
   3.1712523E-03   2.5119320E+06   9.1727199E-12
   3.1938533E-03   2.5128308E+06   9.4370200E-12
   3.2166116E-03   2.5137258E+06   9.7088900E-12
   3.2395282E-03   2.5146165E+06   9.9885457E-12
   3.2626044E-03   2.5155023E+06   1.0276209E-11
   3.2858411E-03   2.5163827E+06   1.0572108E-11
   3.3092396E-03   2.5172572E+06   1.0876478E-11
   3.3328009E-03   2.5181251E+06   1.1189560E-11
   3.3565262E-03   2.5189861E+06   1.1511603E-11
   3.3804166E-03   2.5198394E+06   1.1842861E-11
   3.4044732E-03   2.5206846E+06   1.2183597E-11
   3.4286973E-03   2.5215211E+06   1.2534082E-11
   3.4530900E-03   2.5223484E+06   1.2894592E-11
   3.4776524E-03   2.5231658E+06   1.3265415E-11
   3.5023858E-03   2.5239727E+06   1.3646842E-11
   3.5272913E-03   2.5247686E+06   1.4039177E-11
   3.5523702E-03   2.5255530E+06   1.4442730E-11
   3.5776236E-03   2.5263251E+06   1.4857821E-11
   3.6030527E-03   2.5270845E+06   1.5284777E-11
   3.6286588E-03   2.5278304E+06   1.5723937E-11
   3.6544432E-03   2.5285623E+06   1.6175649E-11
   3.6804069E-03   2.5292797E+06   1.6640269E-11
   3.7065514E-03   2.5299817E+06   1.7118165E-11
   3.7328778E-03   2.5306679E+06   1.7609714E-11
   3.7593875E-03   2.5313376E+06   1.8115306E-11
   3.7860816E-03   2.5319902E+06   1.8635340E-11
   3.8129615E-03   2.5326250E+06   1.9170227E-11
   3.8400285E-03   2.5332413E+06   1.9720389E-11
   3.8672839E-03   2.5338386E+06   2.0286262E-11
   3.8947289E-03   2.5344162E+06   2.0868291E-11
   3.9223650E-03   2.5349733E+06   2.1466937E-11
   3.9501934E-03   2.5355094E+06   2.2082672E-11
   3.9782155E-03   2.5360238E+06   2.2715982E-11
   4.0064325E-03   2.5365158E+06   2.3367368E-11
   4.0348460E-03   2.5369848E+06   2.4037342E-11
   4.0634572E-03   2.5374299E+06   2.4726434E-11
   4.0922676E-03   2.5378506E+06   2.5435188E-11
   4.1212784E-03   2.5382462E+06   2.6164161E-11
   4.1504912E-03   2.5386159E+06   2.6913930E-11
   4.1799072E-03   2.5389591E+06   2.7685084E-11
   4.2095280E-03   2.5392750E+06   2.8478233E-11
   4.2393549E-03   2.5395629E+06   2.9294001E-11
   4.2693894E-03   2.5398222E+06   3.0133030E-11
   4.2996329E-03   2.5400520E+06   3.0995983E-11
   4.3300870E-03   2.5402518E+06   3.1883539E-11
   4.3607529E-03   2.5404207E+06   3.2796396E-11
   4.3916323E-03   2.5405579E+06   3.3735274E-11
   4.4227266E-03   2.5406629E+06   3.4700912E-11
   4.4540373E-03   2.5407348E+06   3.5694071E-11
   4.4855659E-03   2.5407729E+06   3.6715531E-11
   4.5173139E-03   2.5407764E+06   3.7766097E-11
   4.5492829E-03   2.5407446E+06   3.8846596E-11
   4.5814744E-03   2.5406767E+06   3.9957878E-11
   4.6138899E-03   2.5405720E+06   4.1100816E-11
   4.6465310E-03   2.5404297E+06   4.2276310E-11
   4.6793993E-03   2.5402491E+06   4.3485284E-11
   4.7124963E-03   2.5400293E+06   4.4728689E-11
   4.7458237E-03   2.5397696E+06   4.6007503E-11
   4.7793830E-03   2.5394693E+06   4.7322729E-11
   4.8131759E-03   2.5391275E+06   4.8675404E-11
   4.8472039E-03   2.5387434E+06   5.0066588E-11
   4.8814688E-03   2.5383164E+06   5.1497376E-11
   4.9159721E-03   2.5378455E+06   5.2968891E-11
   4.9507156E-03   2.5373300E+06   5.4482289E-11
   4.9857009E-03   2.5367692E+06   5.6038760E-11
   5.0209296E-03   2.5361622E+06   5.7639524E-11
   5.0564036E-03   2.5355082E+06   5.9285839E-11
   5.0921244E-03   2.5348064E+06   6.0978998E-11
   5.1280938E-03   2.5340561E+06   6.2720329E-11
   5.1643136E-03   2.5332563E+06   6.4511199E-11
   5.2007854E-03   2.5324065E+06   6.6353014E-11
   5.2375110E-03   2.5315056E+06   6.8247218E-11
   5.2744923E-03   2.5305530E+06   7.0195298E-11
   5.3117309E-03   2.5295478E+06   7.2198781E-11
   5.3492287E-03   2.5284892E+06   7.4259240E-11
   5.3869874E-03   2.5273765E+06   7.6378290E-11
   5.4250090E-03   2.5262087E+06   7.8557593E-11
   5.4632951E-03   2.5249851E+06   8.0798857E-11
   5.5018477E-03   2.5237050E+06   8.3103838E-11
   5.5406686E-03   2.5223674E+06   8.5474345E-11
   5.5797597E-03   2.5209716E+06   8.7912235E-11
   5.6191229E-03   2.5195167E+06   9.0419418E-11
   5.6587600E-03   2.5180021E+06   9.2997858E-11
   5.6986729E-03   2.5164268E+06   9.5649575E-11
   5.7388637E-03   2.5147901E+06   9.8376648E-11
   5.7793341E-03   2.5130911E+06   1.0118121E-10
   5.8200862E-03   2.5113291E+06   1.0406546E-10
   5.8611219E-03   2.5095033E+06   1.0703166E-10
   5.9024432E-03   2.5076129E+06   1.1008212E-10
   5.9440521E-03   2.5056571E+06   1.1321924E-10
   5.9859506E-03   2.5036350E+06   1.1644547E-10
   6.0281407E-03   2.5015460E+06   1.1976334E-10
   6.0706244E-03   2.4993892E+06   1.2317544E-10
   6.1134037E-03   2.4971639E+06   1.2668445E-10
   6.1564808E-03   2.4948692E+06   1.3029310E-10
   6.1998577E-03   2.4925044E+06   1.3400423E-10
   6.2435364E-03   2.4900688E+06   1.3782073E-10
   6.2875192E-03   2.4875615E+06   1.4174559E-10
   6.3318080E-03   2.4849819E+06   1.4578188E-10
   6.3764051E-03   2.4823291E+06   1.4993276E-10
   6.4213126E-03   2.4796024E+06   1.5420147E-10
   6.4665326E-03   2.4768011E+06   1.5859135E-10
   6.5120673E-03   2.4739244E+06   1.6310583E-10
   6.5579189E-03   2.4709716E+06   1.6774844E-10
   6.6040896E-03   2.4679419E+06   1.7252280E-10
   6.6505817E-03   2.4648348E+06   1.7743266E-10
   6.6973973E-03   2.4616493E+06   1.8248184E-10
   6.7445387E-03   2.4583850E+06   1.8767429E-10
   6.7920082E-03   2.4550409E+06   1.9301407E-10
   6.8398081E-03   2.4516165E+06   1.9850534E-10
   6.8879406E-03   2.4481111E+06   2.0415241E-10
   6.9364082E-03   2.4445240E+06   2.0995967E-10
   6.9852130E-03   2.4408546E+06   2.1593167E-10
   7.0343575E-03   2.4371021E+06   2.2207306E-10
   7.0838440E-03   2.4332660E+06   2.2838864E-10
   7.1336750E-03   2.4293456E+06   2.3488334E-10
   7.1838527E-03   2.4253403E+06   2.4156224E-10
   7.2343796E-03   2.4212494E+06   2.4843054E-10
   7.2852582E-03   2.4170725E+06   2.5549361E-10
   7.3364909E-03   2.4128088E+06   2.6275695E-10
   7.3880802E-03   2.4084579E+06   2.7022624E-10
   7.4400285E-03   2.4040191E+06   2.7790731E-10
   7.4923383E-03   2.3994919E+06   2.8580614E-10
   7.5450122E-03   2.3948757E+06   2.9392889E-10
   7.5980526E-03   2.3901701E+06   3.0228191E-10
   7.6514622E-03   2.3853745E+06   3.1087172E-10
   7.7052435E-03   2.3804884E+06   3.1970499E-10
   7.7593991E-03   2.3755113E+06   3.2878864E-10
   7.8139316E-03   2.3704427E+06   3.3812974E-10
   7.8688437E-03   2.3652823E+06   3.4773556E-10
   7.9241379E-03   2.3600295E+06   3.5761362E-10
   7.9798169E-03   2.3546840E+06   3.6777159E-10
   8.0358834E-03   2.3492452E+06   3.7821740E-10
   8.0923401E-03   2.3437129E+06   3.8895920E-10
   8.1491897E-03   2.3380867E+06   4.0000535E-10
   8.2064350E-03   2.3323661E+06   4.1136447E-10
   8.2640787E-03   2.3265509E+06   4.2304539E-10
   8.3221236E-03   2.3206407E+06   4.3505724E-10
   8.3805724E-03   2.3146352E+06   4.4740935E-10
   8.4394280E-03   2.3085342E+06   4.6011137E-10
   8.4986932E-03   2.3023373E+06   4.7317317E-10
   8.5583709E-03   2.2960444E+06   4.8660494E-10
   8.6184639E-03   2.2896551E+06   5.0041714E-10
   8.6789751E-03   2.2831694E+06   5.1462052E-10
   8.7399075E-03   2.2765869E+06   5.2922615E-10
   8.8012639E-03   2.2699076E+06   5.4424539E-10
   8.8630473E-03   2.2631313E+06   5.5968994E-10
   8.9252607E-03   2.2562578E+06   5.7557183E-10
   8.9879071E-03   2.2492871E+06   5.9190342E-10
   9.0509895E-03   2.2422191E+06   6.0869742E-10
   9.1145110E-03   2.2350538E+06   6.2596691E-10
   9.1784745E-03   2.2277910E+06   6.4372532E-10
   9.2428831E-03   2.2204309E+06   6.6198648E-10
   9.3077400E-03   2.2129733E+06   6.8076460E-10
   9.3730483E-03   2.2054184E+06   7.0007429E-10
   9.4388111E-03   2.1977662E+06   7.1993057E-10
   9.5050316E-03   2.1900168E+06   7.4034890E-10
   9.5717130E-03   2.1821704E+06   7.6134515E-10
   9.6388584E-03   2.1742270E+06   7.8293567E-10
   9.7064712E-03   2.1661868E+06   8.0513725E-10
   9.7745544E-03   2.1580501E+06   8.2796715E-10
   9.8431116E-03   2.1498170E+06   8.5144313E-10
   9.9121458E-03   2.1414877E+06   8.7558346E-10
   9.9816605E-03   2.1330627E+06   9.0040689E-10
   1.0051659E-02   2.1245420E+06   9.2593275E-10
   1.0122145E-02   2.1159262E+06   9.5218087E-10
   1.0193121E-02   2.1072155E+06   9.7917166E-10
   1.0264591E-02   2.0984104E+06   1.0069261E-09
   1.0336559E-02   2.0895112E+06   1.0354658E-09
   1.0409027E-02   2.0805184E+06   1.0648129E-09
   1.0482000E-02   2.0714324E+06   1.0949902E-09
   1.0555480E-02   2.0622538E+06   1.1260212E-09
   1.0629472E-02   2.0529831E+06   1.1579301E-09
   1.0703979E-02   2.0436208E+06   1.1907415E-09
   1.0779005E-02   2.0341676E+06   1.2244810E-09
   1.0854553E-02   2.0246240E+06   1.2591749E-09
   1.0930626E-02   2.0149908E+06   1.2948500E-09
   1.1007229E-02   2.0052685E+06   1.3315341E-09
   1.1084365E-02   1.9954580E+06   1.3692557E-09
   1.1162038E-02   1.9855599E+06   1.4080441E-09
   1.1240251E-02   1.9755750E+06   1.4479295E-09
   1.1319009E-02   1.9655041E+06   1.4889428E-09
   1.1398315E-02   1.9553481E+06   1.5311158E-09
   1.1478173E-02   1.9451079E+06   1.5744814E-09
   1.1558586E-02   1.9347843E+06   1.6190732E-09
   1.1639559E-02   1.9243782E+06   1.6649258E-09
   1.1721096E-02   1.9138907E+06   1.7120749E-09
   1.1803200E-02   1.9033227E+06   1.7605570E-09
   1.1885876E-02   1.8926753E+06   1.8104099E-09
   1.1969127E-02   1.8819495E+06   1.8616721E-09
   1.2052957E-02   1.8711463E+06   1.9143836E-09
   1.2137371E-02   1.8602671E+06   1.9685852E-09
   1.2222373E-02   1.8493127E+06   2.0243191E-09
   1.2307965E-02   1.8382846E+06   2.0816284E-09
   1.2394154E-02   1.8271838E+06   2.1405577E-09
   1.2480942E-02   1.8160117E+06   2.2011527E-09
   1.2568335E-02   1.8047695E+06   2.2634605E-09
   1.2656335E-02   1.7934585E+06   2.3275293E-09
   1.2744949E-02   1.7820801E+06   2.3934090E-09
   1.2834178E-02   1.7706356E+06   2.4611507E-09
   1.2924029E-02   1.7591265E+06   2.5308068E-09
   1.3014505E-02   1.7475541E+06   2.6024315E-09
   1.3105611E-02   1.7359200E+06   2.6760804E-09
   1.3197351E-02   1.7242257E+06   2.7518106E-09
   1.3289729E-02   1.7124727E+06   2.8296808E-09
   1.3382750E-02   1.7006625E+06   2.9097515E-09
   1.3476419E-02   1.6887967E+06   2.9920847E-09
   1.3570740E-02   1.6768770E+06   3.0767444E-09
   1.3665716E-02   1.6649050E+06   3.1637963E-09
   1.3761354E-02   1.6528823E+06   3.2533077E-09
   1.3857658E-02   1.6408107E+06   3.3453483E-09
   1.3954632E-02   1.6286919E+06   3.4399893E-09
   1.4052280E-02   1.6165277E+06   3.5373042E-09
   1.4150609E-02   1.6043199E+06   3.6373685E-09
   1.4249621E-02   1.5920702E+06   3.7402596E-09
   1.4349323E-02   1.5797805E+06   3.8460576E-09
   1.4449718E-02   1.5674527E+06   3.9548443E-09
   1.4550813E-02   1.5550886E+06   4.0667041E-09
   1.4652611E-02   1.5426903E+06   4.1817238E-09
   1.4755117E-02   1.5302595E+06   4.2999926E-09
   1.4858337E-02   1.5177984E+06   4.4216020E-09
   1.4962275E-02   1.5053088E+06   4.5466466E-09
   1.5066936E-02   1.4927928E+06   4.6752231E-09
   1.5172326E-02   1.4802525E+06   4.8074312E-09
   1.5278449E-02   1.4676898E+06   4.9433735E-09
   1.5385311E-02   1.4551068E+06   5.0831554E-09
   1.5492917E-02   1.4425057E+06   5.2268850E-09
   1.5601271E-02   1.4298886E+06   5.3746740E-09
   1.5710380E-02   1.4172576E+06   5.5266368E-09
   1.5820248E-02   1.4046148E+06   5.6828912E-09
   1.5930880E-02   1.3919624E+06   5.8435584E-09
   1.6042283E-02   1.3793026E+06   6.0087628E-09
   1.6154460E-02   1.3666377E+06   6.1786324E-09
   1.6267419E-02   1.3539697E+06   6.3532989E-09
   1.6381164E-02   1.3413010E+06   6.5328978E-09
   1.6495700E-02   1.3286338E+06   6.7175680E-09
   1.6611033E-02   1.3159703E+06   6.9074528E-09
   1.6727169E-02   1.3033128E+06   7.1026993E-09
   1.6844114E-02   1.2906636E+06   7.3034587E-09
   1.6961872E-02   1.2780249E+06   7.5098866E-09
   1.7080450E-02   1.2653991E+06   7.7221429E-09
   1.7199853E-02   1.2527885E+06   7.9403921E-09
   1.7320087E-02   1.2401953E+06   8.1648033E-09
   1.7441158E-02   1.2276219E+06   8.3955504E-09
   1.7563071E-02   1.2150705E+06   8.6328120E-09
   1.7685833E-02   1.2025436E+06   8.8767720E-09
   1.7809449E-02   1.1900434E+06   9.1276193E-09
   1.7933926E-02   1.1775723E+06   9.3855484E-09
   1.8059268E-02   1.1651325E+06   9.6507589E-09
   1.8185484E-02   1.1527264E+06   9.9234563E-09
   1.8312577E-02   1.1403563E+06   1.0203852E-08
   1.8440555E-02   1.1280245E+06   1.0492163E-08
   1.8569424E-02   1.1157333E+06   1.0788612E-08
   1.8699190E-02   1.1034851E+06   1.1093430E-08
   1.8829858E-02   1.0912821E+06   1.1406851E-08
   1.8961437E-02   1.0791266E+06   1.1729120E-08
   1.9093930E-02   1.0670209E+06   1.2060486E-08
   1.9227346E-02   1.0549673E+06   1.2401204E-08
   1.9361691E-02   1.0429680E+06   1.2751540E-08
   1.9496970E-02   1.0310252E+06   1.3111764E-08
   1.9633191E-02   1.0191412E+06   1.3482156E-08
   1.9770360E-02   1.0073182E+06   1.3863001E-08
   1.9908484E-02   9.9555832E+05   1.4254595E-08
   2.0047569E-02   9.8386385E+05   1.4657242E-08
   2.0187622E-02   9.7223690E+05   1.5071253E-08
   2.0328649E-02   9.6067960E+05   1.5496948E-08
   2.0470658E-02   9.4919407E+05   1.5934658E-08
   2.0613656E-02   9.3778240E+05   1.6384720E-08
   2.0757649E-02   9.2644666E+05   1.6847484E-08
   2.0902643E-02   9.1518888E+05   1.7323308E-08
   2.1048647E-02   9.0401108E+05   1.7812560E-08
   2.1195667E-02   8.9291525E+05   1.8315619E-08
   2.1343710E-02   8.8190334E+05   1.8832874E-08
   2.1492784E-02   8.7097728E+05   1.9364727E-08
   2.1642895E-02   8.6013897E+05   1.9911588E-08
   2.1794050E-02   8.4939027E+05   2.0473880E-08
   2.1946258E-02   8.3873300E+05   2.1052041E-08
   2.2099525E-02   8.2816896E+05   2.1646516E-08
   2.2253859E-02   8.1769991E+05   2.2257766E-08
   2.2409266E-02   8.0732756E+05   2.2886264E-08
   2.2565756E-02   7.9705359E+05   2.3532497E-08
   2.2723334E-02   7.8687965E+05   2.4196964E-08
   2.2882009E-02   7.7680733E+05   2.4880182E-08
   2.3041788E-02   7.6683819E+05   2.5582677E-08
   2.3202680E-02   7.5697375E+05   2.6304994E-08
   2.3364691E-02   7.4721548E+05   2.7047692E-08
   2.3527830E-02   7.3756480E+05   2.7811346E-08
   2.3692104E-02   7.2802309E+05   2.8596547E-08
   2.3857521E-02   7.1859169E+05   2.9403903E-08
   2.4024089E-02   7.0927188E+05   3.0234038E-08
   2.4191817E-02   7.0006489E+05   3.1087596E-08
   2.4360712E-02   6.9097190E+05   3.1965236E-08
   2.4530783E-02   6.8199406E+05   3.2867638E-08
   2.4702037E-02   6.7313245E+05   3.3795501E-08
   2.4874483E-02   6.6438809E+05   3.4749543E-08
   2.5048129E-02   6.5576197E+05   3.5730502E-08
   2.5222984E-02   6.4725500E+05   3.6739137E-08
   2.5399055E-02   6.3886805E+05   3.7776229E-08
   2.5576352E-02   6.3060193E+05   3.8842580E-08
   2.5754883E-02   6.2245740E+05   3.9939017E-08
   2.5934656E-02   6.1443515E+05   4.1066387E-08
   2.6115681E-02   6.0653583E+05   4.2225563E-08
   2.6297965E-02   5.9876002E+05   4.3417443E-08
   2.6481518E-02   5.9110824E+05   4.4642948E-08
   2.6666349E-02   5.8358095E+05   4.5903027E-08
   2.6852465E-02   5.7617856E+05   4.7198655E-08
   2.7039877E-02   5.6890141E+05   4.8530836E-08
   2.7228594E-02   5.6174978E+05   4.9900600E-08
   2.7418624E-02   5.5472389E+05   5.1309007E-08
   2.7609976E-02   5.4782390E+05   5.2757147E-08
   2.7802660E-02   5.4104992E+05   5.4246142E-08
   2.7996685E-02   5.3440196E+05   5.5777143E-08
   2.8192060E-02   5.2788002E+05   5.7351335E-08
   2.8388795E-02   5.2148399E+05   5.8969937E-08
   2.8586899E-02   5.1521373E+05   6.0634201E-08
   2.8786382E-02   5.0906903E+05   6.2345416E-08
   2.8987254E-02   5.0304959E+05   6.4104906E-08
   2.9189523E-02   4.9715509E+05   6.5914033E-08
   2.9393200E-02   4.9138513E+05   6.7774196E-08
   2.9598294E-02   4.8573923E+05   6.9686836E-08
   2.9804816E-02   4.8021687E+05   7.1653433E-08
   3.0012775E-02   4.7481746E+05   7.3675510E-08
   3.0222182E-02   4.6954035E+05   7.5754630E-08
   3.0433046E-02   4.6438482E+05   7.7892403E-08
   3.0645377E-02   4.5935011E+05   8.0090485E-08
   3.0859186E-02   4.5443538E+05   8.2350576E-08
   3.1074483E-02   4.4963973E+05   8.4674425E-08
   3.1291279E-02   4.4496221E+05   8.7063832E-08
   3.1509583E-02   4.4040180E+05   8.9520646E-08
   3.1729407E-02   4.3595744E+05   9.2046768E-08
   3.1950760E-02   4.3162799E+05   9.4644154E-08
   3.2173654E-02   4.2741226E+05   9.7314815E-08
   3.2398099E-02   4.2330902E+05   1.0006082E-07
   3.2624107E-02   4.1931696E+05   1.0288429E-07
   3.2851687E-02   4.1543473E+05   1.0578741E-07
   3.3080851E-02   4.1166092E+05   1.0877243E-07
   3.3311610E-02   4.0799407E+05   1.1184167E-07
   3.3543975E-02   4.0443267E+05   1.1499749E-07
   3.3777957E-02   4.0097516E+05   1.1824234E-07
   3.4013567E-02   3.9761992E+05   1.2157873E-07
   3.4250818E-02   3.9436529E+05   1.2500925E-07
   3.4489719E-02   3.9120958E+05   1.2853655E-07
   3.4730283E-02   3.8815101E+05   1.3216336E-07
   3.4972521E-02   3.8518779E+05   1.3589250E-07
   3.5216446E-02   3.8231809E+05   1.3972684E-07
   3.5462067E-02   3.7954002E+05   1.4366935E-07
   3.5709398E-02   3.7685165E+05   1.4772309E-07
   3.5958451E-02   3.7425102E+05   1.5189121E-07
   3.6209237E-02   3.7173614E+05   1.5617691E-07
   3.6461768E-02   3.6930496E+05   1.6058353E-07
   3.6716057E-02   3.6695542E+05   1.6511448E-07
   3.6972115E-02   3.6468541E+05   1.6977326E-07
   3.7229956E-02   3.6249280E+05   1.7456348E-07
   3.7489590E-02   3.6037542E+05   1.7948885E-07
   3.7751032E-02   3.5833110E+05   1.8455319E-07
   3.8014294E-02   3.5635760E+05   1.8976042E-07
   3.8279387E-02   3.5445270E+05   1.9511457E-07
   3.8546326E-02   3.5261413E+05   2.0061979E-07
   3.8815122E-02   3.5083960E+05   2.0628034E-07
   3.9085789E-02   3.4912683E+05   2.1210061E-07
   3.9358340E-02   3.4747349E+05   2.1808510E-07
   3.9632787E-02   3.4587725E+05   2.2423845E-07
   3.9909145E-02   3.4433577E+05   2.3056543E-07
   4.0187426E-02   3.4284670E+05   2.3707094E-07
   4.0467644E-02   3.4140768E+05   2.4376002E-07
   4.0749812E-02   3.4001633E+05   2.5063786E-07
   4.1033943E-02   3.3867029E+05   2.5770977E-07
   4.1320052E-02   3.3736719E+05   2.6498124E-07
   4.1608152E-02   3.3610464E+05   2.7245790E-07
   4.1898258E-02   3.3488028E+05   2.8014555E-07
   4.2190382E-02   3.3369174E+05   2.8805015E-07
   4.2484539E-02   3.3253666E+05   2.9617781E-07
   4.2780744E-02   3.3141268E+05   3.0453485E-07
   4.3079010E-02   3.3031747E+05   3.1312772E-07
   4.3379352E-02   3.2924868E+05   3.2196311E-07
   4.3681784E-02   3.2820400E+05   3.3104785E-07
   4.3986321E-02   3.2718114E+05   3.4038898E-07
   4.4292977E-02   3.2617781E+05   3.4999375E-07
   4.4601768E-02   3.2519175E+05   3.5986960E-07
   4.4912707E-02   3.2422072E+05   3.7002419E-07
   4.5225811E-02   3.2326251E+05   3.8046538E-07
   4.5541094E-02   3.2231494E+05   3.9120129E-07
   4.5858570E-02   3.2137584E+05   4.0224022E-07
   4.6178257E-02   3.2044310E+05   4.1359074E-07
   4.6500168E-02   3.1951460E+05   4.2526166E-07
   4.6824320E-02   3.1858830E+05   4.3726202E-07
   4.7150727E-02   3.1766218E+05   4.4960112E-07
   4.7479407E-02   3.1673424E+05   4.6228855E-07
   4.7810373E-02   3.1580254E+05   4.7533413E-07
   4.8143643E-02   3.1486518E+05   4.8874800E-07
   4.8479233E-02   3.1392030E+05   5.0254055E-07
   4.8817158E-02   3.1296609E+05   5.1672248E-07
   4.9157435E-02   3.1200078E+05   5.3130481E-07
   4.9500080E-02   3.1102265E+05   5.4629883E-07
   4.9845110E-02   3.1003003E+05   5.6171620E-07
   5.0192541E-02   3.0902130E+05   5.7756886E-07
   5.0542390E-02   3.0799491E+05   5.9386913E-07
   5.0894673E-02   3.0694935E+05   6.1062966E-07
   5.1249409E-02   3.0588315E+05   6.2786344E-07
   5.1606613E-02   3.0479493E+05   6.4558387E-07
   5.1966304E-02   3.0368335E+05   6.6380470E-07
   5.2328497E-02   3.0254714E+05   6.8254007E-07
   5.2693211E-02   3.0138506E+05   7.0180453E-07
   5.3060464E-02   3.0019598E+05   7.2161303E-07
   5.3430272E-02   2.9897879E+05   7.4198097E-07
   5.3802655E-02   2.9773248E+05   7.6292416E-07
   5.4177628E-02   2.9645606E+05   7.8445886E-07
   5.4555212E-02   2.9514865E+05   8.0660180E-07
   5.4935423E-02   2.9380942E+05   8.2937018E-07
   5.5318281E-02   2.9243758E+05   8.5278169E-07
   5.5703802E-02   2.9103245E+05   8.7685453E-07
   5.6092007E-02   2.8959340E+05   9.0160738E-07
   5.6482914E-02   2.8811984E+05   9.2705950E-07
   5.6876541E-02   2.8661130E+05   9.5323066E-07
   5.7272908E-02   2.8506734E+05   9.8014120E-07
   5.7672033E-02   2.8348761E+05   1.0078120E-06
   5.8073936E-02   2.8187180E+05   1.0362647E-06
   5.8478637E-02   2.8021969E+05   1.0655213E-06
   5.8886153E-02   2.7853114E+05   1.0956045E-06
   5.9296506E-02   2.7680605E+05   1.1265379E-06
   5.9709715E-02   2.7504440E+05   1.1583453E-06
   6.0125799E-02   2.7324624E+05   1.1910517E-06
   6.0544779E-02   2.7141169E+05   1.2246823E-06
   6.0966675E-02   2.6954092E+05   1.2592635E-06
   6.1391508E-02   2.6763418E+05   1.2948220E-06
   6.1819297E-02   2.6569178E+05   1.3313856E-06
   6.2250063E-02   2.6371410E+05   1.3689826E-06
   6.2683827E-02   2.6170157E+05   1.4076425E-06
   6.3120610E-02   2.5965469E+05   1.4473952E-06
   6.3560433E-02   2.5757403E+05   1.4882717E-06
   6.4003316E-02   2.5546020E+05   1.5303039E-06
   6.4449282E-02   2.5331388E+05   1.5735245E-06
   6.4898352E-02   2.5113581E+05   1.6179671E-06
   6.5350547E-02   2.4892678E+05   1.6636663E-06
   6.5805890E-02   2.4668764E+05   1.7106578E-06
   6.6264401E-02   2.4441928E+05   1.7589781E-06
   6.6726103E-02   2.4212265E+05   1.8086650E-06
   6.7191018E-02   2.3979876E+05   1.8597571E-06
   6.7659169E-02   2.3744865E+05   1.9122943E-06
   6.8130579E-02   2.3507342E+05   1.9663175E-06
   6.8605269E-02   2.3267419E+05   2.0218689E-06
   6.9083262E-02   2.3025216E+05   2.0789917E-06
   6.9564583E-02   2.2780853E+05   2.1377305E-06
   7.0049253E-02   2.2534456E+05   2.1981311E-06
   7.0537296E-02   2.2286155E+05   2.2602407E-06
   7.1028736E-02   2.2036082E+05   2.3241077E-06
   7.1523595E-02   2.1784372E+05   2.3897819E-06
   7.2021899E-02   2.1531164E+05   2.4573147E-06
   7.2523671E-02   2.1276599E+05   2.5267587E-06
   7.3028935E-02   2.1020821E+05   2.5981681E-06
   7.3537716E-02   2.0763976E+05   2.6715988E-06
   7.4050037E-02   2.0506210E+05   2.7471080E-06
   7.4565924E-02   2.0247674E+05   2.8247547E-06
   7.5085401E-02   1.9988517E+05   2.9045997E-06
   7.5608494E-02   1.9728892E+05   2.9867053E-06
   7.6135227E-02   1.9468953E+05   3.0711356E-06
   7.6665626E-02   1.9208851E+05   3.1579567E-06
   7.7199716E-02   1.8948741E+05   3.2472365E-06
   7.7737524E-02   1.8688777E+05   3.3390448E-06
   7.8279074E-02   1.8429114E+05   3.4334533E-06
   7.8824393E-02   1.8169904E+05   3.5305360E-06
   7.9373507E-02   1.7911300E+05   3.6303688E-06
   7.9926443E-02   1.7653456E+05   3.7330298E-06
   8.0483227E-02   1.7396522E+05   3.8385994E-06
   8.1043887E-02   1.7140647E+05   3.9471602E-06
   8.1608448E-02   1.6885981E+05   4.0587973E-06
   8.2176938E-02   1.6632668E+05   4.1735981E-06
   8.2749385E-02   1.6380855E+05   4.2916526E-06
   8.3325815E-02   1.6130682E+05   4.4130532E-06
   8.3906258E-02   1.5882290E+05   4.5378950E-06
   8.4490739E-02   1.5635815E+05   4.6662760E-06
   8.5079289E-02   1.5391392E+05   4.7982969E-06
   8.5671935E-02   1.5149150E+05   4.9340611E-06
   8.6268705E-02   1.4909218E+05   5.0736751E-06
   8.6869629E-02   1.4671719E+05   5.2172485E-06
   8.7474735E-02   1.4436774E+05   5.3648941E-06
   8.8084052E-02   1.4204500E+05   5.5167276E-06
   8.8697609E-02   1.3975007E+05   5.6728684E-06
   8.9315437E-02   1.3748405E+05   5.8334389E-06
   8.9937565E-02   1.3524797E+05   5.9985655E-06
   9.0564022E-02   1.3304282E+05   6.1683778E-06
   9.1194839E-02   1.3086954E+05   6.3430093E-06
   9.1830046E-02   1.2872903E+05   6.5225973E-06
   9.2469674E-02   1.2662213E+05   6.7072831E-06
   9.3113754E-02   1.2454965E+05   6.8972118E-06
   9.3762316E-02   1.2251232E+05   7.0925330E-06
   9.4415392E-02   1.2051083E+05   7.2934004E-06
   9.5073013E-02   1.1854583E+05   7.4999721E-06
   9.5735211E-02   1.1661789E+05   7.7124108E-06
   9.6402017E-02   1.1472755E+05   7.9308838E-06
   9.7073465E-02   1.1287527E+05   8.1555632E-06
   9.7749585E-02   1.1106147E+05   8.3866262E-06
   9.8430410E-02   1.0928651E+05   8.6242549E-06
   9.9115974E-02   1.0755070E+05   8.8686367E-06
   9.9806309E-02   1.0585428E+05   9.1199643E-06
   1.0050145E-01   1.0419744E+05   9.3784362E-06
   1.0120143E-01   1.0258031E+05   9.6442564E-06
   1.0190627E-01   1.0100298E+05   9.9176347E-06
   1.0261603E-01   9.9465452E+04   1.0198787E-05
   1.0333072E-01   9.7967701E+04   1.0487936E-05
   1.0405039E-01   9.6509632E+04   1.0785309E-05
   1.0477507E-01   9.5091100E+04   1.1091142E-05
   1.0550479E-01   9.3711904E+04   1.1405677E-05
   1.0623959E-01   9.2371792E+04   1.1729162E-05
   1.0697950E-01   9.1070456E+04   1.2061854E-05
   1.0772456E-01   8.9807541E+04   1.2404017E-05
   1.0847481E-01   8.8582638E+04   1.2755920E-05
   1.0923028E-01   8.7395291E+04   1.3117843E-05
   1.0999100E-01   8.6244997E+04   1.3490072E-05
   1.1075702E-01   8.5131203E+04   1.3872903E-05
   1.1152837E-01   8.4053316E+04   1.4266640E-05
   1.1230509E-01   8.3010696E+04   1.4671595E-05
   1.1308722E-01   8.2002663E+04   1.5088089E-05
   1.1387479E-01   8.1028496E+04   1.5516453E-05
   1.1466784E-01   8.0087438E+04   1.5957027E-05
   1.1546641E-01   7.9178692E+04   1.6410161E-05
   1.1627054E-01   7.8301431E+04   1.6876217E-05
   1.1708026E-01   7.7454793E+04   1.7355563E-05
   1.1789562E-01   7.6637884E+04   1.7848582E-05
   1.1871665E-01   7.5849786E+04   1.8355667E-05
   1.1954340E-01   7.5089551E+04   1.8877220E-05
   1.2037590E-01   7.4356210E+04   1.9413658E-05
   1.2121419E-01   7.3648769E+04   1.9965408E-05
   1.2205832E-01   7.2966216E+04   2.0532910E-05
   1.2290833E-01   7.2307523E+04   2.1116617E-05
   1.2376425E-01   7.1671645E+04   2.1716994E-05
   1.2462612E-01   7.1057524E+04   2.2334521E-05
   1.2549400E-01   7.0464094E+04   2.2969691E-05
   1.2636791E-01   6.9890278E+04   2.3623012E-05
   1.2724791E-01   6.9334995E+04   2.4295006E-05
   1.2813403E-01   6.8797159E+04   2.4986211E-05
   1.2902632E-01   6.8275684E+04   2.5697179E-05
   1.2992482E-01   6.7769484E+04   2.6428481E-05
   1.3082957E-01   6.7277477E+04   2.7180702E-05
   1.3174062E-01   6.6798586E+04   2.7954445E-05
   1.3265801E-01   6.6331742E+04   2.8750330E-05
   1.3358178E-01   6.5875885E+04   2.9568996E-05
   1.3451198E-01   6.5429968E+04   3.0411100E-05
   1.3544866E-01   6.4992956E+04   3.1277318E-05
   1.3639185E-01   6.4563833E+04   3.2168347E-05
   1.3734161E-01   6.4141597E+04   3.3084903E-05
   1.3829798E-01   6.3725270E+04   3.4027724E-05
   1.3926101E-01   6.3313892E+04   3.4997567E-05
   1.4023073E-01   6.2906529E+04   3.5995214E-05
   1.4120721E-01   6.2502271E+04   3.7021470E-05
   1.4219048E-01   6.2100234E+04   3.8077160E-05
   1.4318060E-01   6.1699564E+04   3.9163138E-05
   1.4417760E-01   6.1299434E+04   4.0280280E-05
   1.4518155E-01   6.0899052E+04   4.1429487E-05
   1.4619248E-01   6.0497655E+04   4.2611689E-05
   1.4721045E-01   6.0094514E+04   4.3827842E-05
   1.4823550E-01   5.9688937E+04   4.5078928E-05
   1.4926768E-01   5.9280264E+04   4.6365963E-05
   1.5030705E-01   5.8867876E+04   4.7689987E-05
   1.5135366E-01   5.8451188E+04   4.9052075E-05
   1.5240754E-01   5.8029653E+04   5.0453331E-05
   1.5346877E-01   5.7602766E+04   5.1894892E-05
   1.5453737E-01   5.7170058E+04   5.3377929E-05
   1.5561342E-01   5.6731100E+04   5.4903648E-05
   1.5669695E-01   5.6285506E+04   5.6473289E-05
   1.5778802E-01   5.5832927E+04   5.8088130E-05
   1.5888669E-01   5.5373054E+04   5.9749485E-05
   1.5999300E-01   5.4905622E+04   6.1458709E-05
   1.6110702E-01   5.4430402E+04   6.3217195E-05
   1.6222878E-01   5.3947209E+04   6.5026379E-05
   1.6335836E-01   5.3455893E+04   6.6887737E-05
   1.6449579E-01   5.2956347E+04   6.8802791E-05
   1.6564114E-01   5.2448503E+04   7.0773107E-05
   1.6679446E-01   5.1932329E+04   7.2800297E-05
   1.6795581E-01   5.1407831E+04   7.4886021E-05
   1.6912524E-01   5.0875055E+04   7.7031990E-05
   1.7030281E-01   5.0334078E+04   7.9239963E-05
   1.7148858E-01   4.9785017E+04   8.1511752E-05
   1.7268259E-01   4.9228020E+04   8.3849224E-05
   1.7388492E-01   4.8663269E+04   8.6254301E-05
   1.7509562E-01   4.8090977E+04   8.8728961E-05
   1.7631474E-01   4.7511391E+04   9.1275241E-05
   1.7754234E-01   4.6924783E+04   9.3895241E-05
   1.7877849E-01   4.6331457E+04   9.6591120E-05
   1.8002324E-01   4.5731740E+04   9.9365105E-05
   1.8127666E-01   4.5125987E+04   1.0221949E-04
   1.8253880E-01   4.4514576E+04   1.0515662E-04
   1.8380972E-01   4.3897907E+04   1.0817895E-04
   1.8508949E-01   4.3276400E+04   1.1128896E-04
   1.8637816E-01   4.2650497E+04   1.1448924E-04
   1.8767580E-01   4.2020654E+04   1.1778245E-04
   1.8898248E-01   4.1387343E+04   1.2117131E-04
   1.9029824E-01   4.0751053E+04   1.2465865E-04
   1.9162317E-01   4.0112282E+04   1.2824735E-04
   1.9295731E-01   3.9471541E+04   1.3194043E-04
   1.9430074E-01   3.8829348E+04   1.3574093E-04
   1.9565352E-01   3.8186230E+04   1.3965205E-04
   1.9701572E-01   3.7542718E+04   1.4367705E-04
   1.9838739E-01   3.6899347E+04   1.4781928E-04
   1.9976862E-01   3.6256655E+04   1.5208221E-04
   2.0115945E-01   3.5615178E+04   1.5646941E-04
   2.0255996E-01   3.4975454E+04   1.6098456E-04
   2.0397022E-01   3.4338015E+04   1.6563144E-04
   2.0539030E-01   3.3703390E+04   1.7041396E-04
   2.0682026E-01   3.3072102E+04   1.7533614E-04
   2.0826017E-01   3.2444665E+04   1.8040211E-04
   2.0971010E-01   3.1821586E+04   1.8561614E-04
   2.1117012E-01   3.1203359E+04   1.9098263E-04
   2.1264031E-01   3.0590468E+04   1.9650610E-04
   2.1412072E-01   2.9983384E+04   2.0219123E-04
   2.1561144E-01   2.9382563E+04   2.0804282E-04
   2.1711254E-01   2.8788446E+04   2.1406581E-04
   2.1862408E-01   2.8201457E+04   2.2026532E-04
   2.2014614E-01   2.7622003E+04   2.2664660E-04
   2.2167879E-01   2.7050473E+04   2.3321508E-04
   2.2322211E-01   2.6487236E+04   2.3997632E-04
   2.2477617E-01   2.5932644E+04   2.4693610E-04
   2.2634105E-01   2.5387024E+04   2.5410033E-04
   2.2791681E-01   2.4850687E+04   2.6147513E-04
   2.2950355E-01   2.4323919E+04   2.6906679E-04
   2.3110132E-01   2.3806985E+04   2.7688181E-04
   2.3271022E-01   2.3300129E+04   2.8492686E-04
   2.3433031E-01   2.2803570E+04   2.9320884E-04
   2.3596168E-01   2.2317508E+04   3.0173486E-04
   2.3760440E-01   2.1842116E+04   3.1051223E-04
   2.3925856E-01   2.1377548E+04   3.1954849E-04
   2.4092423E-01   2.0923932E+04   3.2885143E-04
   2.4260149E-01   2.0481373E+04   3.3842907E-04
   2.4429042E-01   2.0049956E+04   3.4828965E-04
   2.4599111E-01   1.9629741E+04   3.5844170E-04
   2.4770363E-01   1.9220766E+04   3.6889400E-04
   2.4942807E-01   1.8823045E+04   3.7965560E-04
   2.5116451E-01   1.8436574E+04   3.9073581E-04
   2.5291304E-01   1.8061323E+04   4.0214427E-04
   2.5467374E-01   1.7697245E+04   4.1389088E-04
   2.5644669E-01   1.7344269E+04   4.2598585E-04
   2.5823198E-01   1.7002305E+04   4.3843973E-04
   2.6002969E-01   1.6671245E+04   4.5126338E-04
   2.6183992E-01   1.6350961E+04   4.6446799E-04
   2.6366274E-01   1.6041307E+04   4.7806511E-04
   2.6549825E-01   1.5742119E+04   4.9206665E-04
   2.6734654E-01   1.5453217E+04   5.0648486E-04
   2.6920768E-01   1.5174407E+04   5.2133242E-04
   2.7108178E-01   1.4905477E+04   5.3662236E-04
   2.7296893E-01   1.4646204E+04   5.5236815E-04
   2.7486920E-01   1.4396349E+04   5.6858364E-04
   2.7678271E-01   1.4155664E+04   5.8528316E-04
   2.7870953E-01   1.3923887E+04   6.0248145E-04
   2.8064975E-01   1.3700747E+04   6.2019372E-04
   2.8260349E-01   1.3485965E+04   6.3843566E-04
   2.8457082E-01   1.3279252E+04   6.5722346E-04
   2.8655184E-01   1.3080313E+04   6.7657378E-04
   2.8854665E-01   1.2888844E+04   6.9650385E-04
   2.9055534E-01   1.2704541E+04   7.1703141E-04
   2.9257801E-01   1.2527090E+04   7.3817475E-04
   2.9461476E-01   1.2356177E+04   7.5995277E-04
   2.9666568E-01   1.2191486E+04   7.8238493E-04
   2.9873087E-01   1.2032698E+04   8.0549131E-04
   3.0081044E-01   1.1879494E+04   8.2929262E-04
   3.0290449E-01   1.1731556E+04   8.5381024E-04
   3.0501310E-01   1.1588568E+04   8.7906621E-04
   3.0713639E-01   1.1450214E+04   9.0508325E-04
   3.0927446E-01   1.1316184E+04   9.3188483E-04
   3.1142741E-01   1.1186169E+04   9.5949513E-04
   3.1359534E-01   1.1059866E+04   9.8793911E-04
   3.1577836E-01   1.0936978E+04   1.0172425E-03
   3.1797657E-01   1.0817214E+04   1.0474319E-03
   3.2019008E-01   1.0700287E+04   1.0785347E-03
   3.2241900E-01   1.0585922E+04   1.1105792E-03
   3.2466343E-01   1.0473848E+04   1.1435945E-03
   3.2692347E-01   1.0363804E+04   1.1776107E-03
   3.2919925E-01   1.0255538E+04   1.2126589E-03
   3.3149087E-01   1.0148808E+04   1.2487711E-03
   3.3379843E-01   1.0043379E+04   1.2859804E-03
   3.3612206E-01   9.9390306E+03   1.3243208E-03
   3.3846185E-01   9.8355490E+03   1.3638276E-03
   3.4081793E-01   9.7327331E+03   1.4045370E-03
   3.4319041E-01   9.6303923E+03   1.4464866E-03
   3.4557940E-01   9.5283473E+03   1.4897151E-03
   3.4798501E-01   9.4264300E+03   1.5342622E-03
   3.5040737E-01   9.3244840E+03   1.5801692E-03
   3.5284658E-01   9.2223641E+03   1.6274785E-03
   3.5530278E-01   9.1199370E+03   1.6762341E-03
   3.5777606E-01   9.0170806E+03   1.7264811E-03
   3.6026656E-01   8.9136846E+03   1.7782663E-03
   3.6277439E-01   8.8096498E+03   1.8316378E-03
   3.6529968E-01   8.7048887E+03   1.8866455E-03
   3.6784253E-01   8.5993245E+03   1.9433405E-03
   3.7040309E-01   8.4928917E+03   2.0017760E-03
   3.7298147E-01   8.3855355E+03   2.0620065E-03
   3.7557779E-01   8.2772117E+03   2.1240885E-03
   3.7819218E-01   8.1678861E+03   2.1880804E-03
   3.8082477E-01   8.0575349E+03   2.2540420E-03
   3.8347567E-01   7.9461436E+03   2.3220357E-03
   3.8614503E-01   7.8337073E+03   2.3921253E-03
   3.8883296E-01   7.7202300E+03   2.4643769E-03
   3.9153961E-01   7.6057245E+03   2.5388589E-03
   3.9426508E-01   7.4902116E+03   2.6156417E-03
   3.9700953E-01   7.3737201E+03   2.6947978E-03
   3.9977308E-01   7.2562863E+03   2.7764025E-03
   4.0255586E-01   7.1379535E+03   2.8605331E-03
   4.0535800E-01   7.0187717E+03   2.9472697E-03
   4.0817965E-01   6.8987969E+03   3.0366947E-03
   4.1102094E-01   6.7780909E+03   3.1288933E-03
   4.1388200E-01   6.6567210E+03   3.2239535E-03
   4.1676297E-01   6.5347592E+03   3.3219661E-03
   4.1966399E-01   6.4122818E+03   3.4230248E-03
   4.2258520E-01   6.2893692E+03   3.5272263E-03
   4.2552674E-01   6.1661055E+03   3.6346705E-03
   4.2848876E-01   6.0425775E+03   3.7454604E-03
   4.3147138E-01   5.9188751E+03   3.8597026E-03
   4.3447477E-01   5.7950899E+03   3.9775068E-03
   4.3749906E-01   5.6713159E+03   4.0989865E-03
   4.4054440E-01   5.5476480E+03   4.2242587E-03
   4.4361093E-01   5.4241824E+03   4.3534443E-03
   4.4669880E-01   5.3010159E+03   4.4866679E-03
   4.4980816E-01   5.1782453E+03   4.6240584E-03
   4.5293916E-01   5.0559676E+03   4.7657488E-03
   4.5609196E-01   4.9342790E+03   4.9118761E-03
   4.5926669E-01   4.8132750E+03   5.0625822E-03
   4.6246352E-01   4.6930501E+03   5.2180132E-03
   4.6568260E-01   4.5736971E+03   5.3783200E-03
   4.6892408E-01   4.4553073E+03   5.5436585E-03
   4.7218812E-01   4.3379698E+03   5.7141895E-03
   4.7547488E-01   4.2217715E+03   5.8900790E-03
   4.7878451E-01   4.1067968E+03   6.0714984E-03
   4.8211717E-01   3.9931272E+03   6.2586246E-03
   4.8547303E-01   3.8808416E+03   6.4516402E-03
   4.8885225E-01   3.7700154E+03   6.6507337E-03
   4.9225498E-01   3.6607209E+03   6.8560996E-03
   4.9568139E-01   3.5530269E+03   7.0679386E-03
   4.9913165E-01   3.4469983E+03   7.2864581E-03
   5.0260593E-01   3.3426968E+03   7.5118718E-03
   5.0610438E-01   3.2401799E+03   7.7444007E-03
   5.0962718E-01   3.1395011E+03   7.9842724E-03
   5.1317449E-01   3.0407102E+03   8.2317223E-03
   5.1674650E-01   2.9438526E+03   8.4869928E-03
   5.2034336E-01   2.8489698E+03   8.7503345E-03
   5.2396526E-01   2.7560992E+03   9.0220059E-03
   5.2761236E-01   2.6652738E+03   9.3022735E-03
   5.3128485E-01   2.5765226E+03   9.5914127E-03
   5.3498290E-01   2.4898704E+03   9.8897074E-03
   5.3870668E-01   2.4053380E+03   1.0197451E-02
   5.4245637E-01   2.3229420E+03   1.0514945E-02
   5.4623217E-01   2.2426949E+03   1.0842502E-02
   5.5003424E-01   2.1646054E+03   1.1180443E-02
   5.5386277E-01   2.0886783E+03   1.1529101E-02
   5.5771795E-01   2.0149145E+03   1.1888819E-02
   5.6159996E-01   1.9433114E+03   1.2259949E-02
   5.6550898E-01   1.8738626E+03   1.2642856E-02
   5.6944521E-01   1.8065584E+03   1.3037916E-02
   5.7340884E-01   1.7413857E+03   1.3445517E-02
   5.7740005E-01   1.6783283E+03   1.3866059E-02
   5.8141904E-01   1.6173669E+03   1.4299955E-02
   5.8546599E-01   1.5584792E+03   1.4747629E-02
   5.8954112E-01   1.5016402E+03   1.5209520E-02
   5.9364460E-01   1.4468225E+03   1.5686082E-02
   5.9777664E-01   1.3939960E+03   1.6177780E-02
   6.0193744E-01   1.3431284E+03   1.6685095E-02
   6.0612720E-01   1.2941853E+03   1.7208523E-02
   6.1034611E-01   1.2471302E+03   1.7748575E-02
   6.1459439E-01   1.2019251E+03   1.8305779E-02
   6.1887224E-01   1.1585300E+03   1.8880676E-02
   6.2317985E-01   1.1169037E+03   1.9473826E-02
   6.2751745E-01   1.0770032E+03   2.0085807E-02
   6.3188523E-01   1.0387849E+03   2.0717213E-02
   6.3628341E-01   1.0022037E+03   2.1368655E-02
   6.4071220E-01   9.6721369E+02   2.2040766E-02
   6.4517181E-01   9.3376833E+02   2.2734195E-02
   6.4966246E-01   9.0182032E+02   2.3449611E-02
   6.5418436E-01   8.7132192E+02   2.4187704E-02
   6.5873774E-01   8.4222499E+02   2.4949185E-02
   6.6332280E-01   8.1448118E+02   2.5734784E-02
   6.6793977E-01   7.8804201E+02   2.6545255E-02
   6.7258887E-01   7.6285899E+02   2.7381374E-02
   6.7727034E-01   7.3888376E+02   2.8243937E-02
   6.8198438E-01   7.1606818E+02   2.9133768E-02
   6.8673123E-01   6.9436443E+02   3.0051711E-02
   6.9151111E-01   6.7372512E+02   3.0998636E-02
   6.9632426E-01   6.5410335E+02   3.1975439E-02
   7.0117091E-01   6.3545288E+02   3.2983040E-02
   7.0605129E-01   6.1772810E+02   3.4022387E-02
   7.1096563E-01   6.0088420E+02   3.5094454E-02
   7.1591418E-01   5.8487721E+02   3.6200243E-02
   7.2089717E-01   5.6966405E+02   3.7340783E-02
   7.2591483E-01   5.5520263E+02   3.8517134E-02
   7.3096742E-01   5.4145187E+02   3.9730384E-02
   7.3605517E-01   5.2837178E+02   4.0981651E-02
   7.4117833E-01   5.1592346E+02   4.2272084E-02
   7.4633714E-01   5.0406923E+02   4.3602863E-02
   7.5153186E-01   4.9277255E+02   4.4975201E-02
   7.5676273E-01   4.8199815E+02   4.6390342E-02
   7.6203000E-01   4.7171201E+02   4.7849565E-02
   7.6733393E-01   4.6188137E+02   4.9354180E-02
   7.7267478E-01   4.5247477E+02   5.0905535E-02
   7.7805279E-01   4.4346206E+02   5.2505009E-02
   7.8346824E-01   4.3481440E+02   5.4154020E-02
   7.8892137E-01   4.2650426E+02   5.5854020E-02
   7.9441245E-01   4.1850543E+02   5.7606498E-02
   7.9994175E-01   4.1079300E+02   5.9412981E-02
   8.0550954E-01   4.0334335E+02   6.1275032E-02
   8.1111607E-01   3.9613418E+02   6.3194255E-02
   8.1676162E-01   3.8914443E+02   6.5172289E-02
   8.2244646E-01   3.8235431E+02   6.7210815E-02
   8.2817086E-01   3.7574525E+02   6.9311552E-02
   8.3393511E-01   3.6929990E+02   7.1476259E-02
   8.3973947E-01   3.6300207E+02   7.3706736E-02
   8.4558423E-01   3.5683676E+02   7.6004821E-02
   8.5146966E-01   3.5079005E+02   7.8372396E-02
   8.5739605E-01   3.4484913E+02   8.0811381E-02
   8.6336369E-01   3.3900223E+02   8.3323738E-02
   8.6937286E-01   3.3323863E+02   8.5911472E-02
   8.7542386E-01   3.2754856E+02   8.8576624E-02
   8.8151696E-01   3.2192320E+02   9.1321282E-02
   8.8765247E-01   3.1635464E+02   9.4147570E-02
   8.9383068E-01   3.1083583E+02   9.7057656E-02
   9.0005189E-01   3.0536054E+02   1.0005374E-01
   9.0631640E-01   2.9992335E+02   1.0313808E-01
   9.1262450E-01   2.9451955E+02   1.0631296E-01
   9.1897650E-01   2.8914515E+02   1.0958070E-01
   9.2537272E-01   2.8379682E+02   1.1294366E-01
   9.3181344E-01   2.7847186E+02   1.1640424E-01
   9.3829900E-01   2.7316815E+02   1.1996489E-01
   9.4482969E-01   2.6788409E+02   1.2362806E-01
   9.5140583E-01   2.6261862E+02   1.2739627E-01
   9.5802773E-01   2.5737112E+02   1.3127206E-01
   9.6469572E-01   2.5214143E+02   1.3525798E-01
   9.7141012E-01   2.4692974E+02   1.3935664E-01
   9.7817125E-01   2.4173663E+02   1.4357066E-01
   9.8497943E-01   2.3656299E+02   1.4790270E-01
   9.9183500E-01   2.3141002E+02   1.5235541E-01
   9.9873827E-01   2.2627915E+02   1.5693150E-01
   1.0056896E+00   2.2117206E+02   1.6163366E-01
   1.0126893E+00   2.1609062E+02   1.6646463E-01
   1.0197377E+00   2.1103688E+02   1.7142713E-01
   1.0268352E+00   2.0601300E+02   1.7652390E-01
   1.0339820E+00   2.0102131E+02   1.8175769E-01
   1.0411786E+00   1.9606419E+02   1.8713123E-01
   1.0484253E+00   1.9114412E+02   1.9264727E-01
   1.0557224E+00   1.8626361E+02   1.9830851E-01
   1.0630704E+00   1.8142521E+02   2.0411769E-01
   1.0704694E+00   1.7663147E+02   2.1007747E-01
   1.0779199E+00   1.7188494E+02   2.1619052E-01
   1.0854223E+00   1.6718816E+02   2.2245947E-01
   1.0929769E+00   1.6254361E+02   2.2888689E-01
   1.1005841E+00   1.5795373E+02   2.3547533E-01
   1.1082442E+00   1.5342088E+02   2.4222727E-01
   1.1159577E+00   1.4894737E+02   2.4914512E-01
   1.1237248E+00   1.4453541E+02   2.5623123E-01
   1.1315460E+00   1.4018711E+02   2.6348786E-01
   1.1394216E+00   1.3590448E+02   2.7091719E-01
   1.1473520E+00   1.3168942E+02   2.7852127E-01
   1.1553376E+00   1.2754371E+02   2.8630207E-01
   1.1633788E+00   1.2346903E+02   2.9426142E-01
   1.1714759E+00   1.1946690E+02   3.0240102E-01
   1.1796294E+00   1.1553873E+02   3.1072242E-01
   1.1878397E+00   1.1168580E+02   3.1922699E-01
   1.1961070E+00   1.0790925E+02   3.2791596E-01
   1.2044320E+00   1.0421009E+02   3.3679033E-01
   1.2128148E+00   1.0058918E+02   3.4585092E-01
   1.2212560E+00   9.7047271E+01   3.5509833E-01
   1.2297560E+00   9.3584958E+01   3.6453289E-01
   1.2383151E+00   9.0202714E+01   3.7415472E-01
   1.2469338E+00   8.6900881E+01   3.8396363E-01
   1.2556124E+00   8.3679672E+01   3.9395914E-01
   1.2643515E+00   8.0539175E+01   4.0414047E-01
   1.2731513E+00   7.7479359E+01   4.1450651E-01
   1.2820125E+00   7.4500076E+01   4.2505577E-01
   1.2909352E+00   7.1601064E+01   4.3578640E-01
   1.2999201E+00   6.8781952E+01   4.4669615E-01
   1.3089675E+00   6.6042268E+01   4.5778235E-01
   1.3180779E+00   6.3381440E+01   4.6904186E-01
   1.3272517E+00   6.0798802E+01   4.8047111E-01
   1.3364893E+00   5.8293600E+01   4.9206598E-01
   1.3457913E+00   5.5864999E+01   5.0382186E-01
   1.3551579E+00   5.3512084E+01   5.1573359E-01
   1.3645898E+00   5.1233870E+01   5.2779541E-01
   1.3740873E+00   4.9029303E+01   5.4000095E-01
   1.3836509E+00   4.6897269E+01   5.5234324E-01
   1.3932810E+00   4.4836597E+01   5.6481462E-01
   1.4029782E+00   4.2846065E+01   5.7740672E-01
   1.4127428E+00   4.0924406E+01   5.9011048E-01
   1.4225754E+00   3.9070310E+01   6.0291606E-01
   1.4324765E+00   3.7282430E+01   6.1581286E-01
   1.4424464E+00   3.5559390E+01   6.2878945E-01
   1.4524858E+00   3.3899783E+01   6.4183356E-01
   1.4625950E+00   3.2302180E+01   6.5493205E-01
   1.4727746E+00   3.0765133E+01   6.6807088E-01
   1.4830250E+00   2.9287177E+01   6.8123509E-01
   1.4933467E+00   2.7866836E+01   6.9440875E-01
   1.5037403E+00   2.6502627E+01   7.0757495E-01
   1.5142062E+00   2.5193059E+01   7.2071578E-01
   1.5247450E+00   2.3936641E+01   7.3381230E-01
   1.5353571E+00   2.2731882E+01   7.4684452E-01
   1.5460430E+00   2.1577297E+01   7.5979136E-01
   1.5568033E+00   2.0471405E+01   7.7263069E-01
   1.5676386E+00   1.9412733E+01   7.8533924E-01
   1.5785492E+00   1.8399823E+01   7.9789265E-01
   1.5895357E+00   1.7431227E+01   8.1026544E-01
   1.6005988E+00   1.6505514E+01   8.2243100E-01
   1.6117388E+00   1.5621268E+01   8.3436160E-01
   1.6229563E+00   1.4777093E+01   8.4602839E-01
   1.6342519E+00   1.3971615E+01   8.5740143E-01
   1.6456261E+00   1.3203478E+01   8.6844967E-01
   1.6570795E+00   1.2471352E+01   8.7914103E-01
   1.6686126E+00   1.1773930E+01   8.8944237E-01
   1.6802260E+00   1.1109929E+01   8.9931957E-01
   1.6919202E+00   1.0478094E+01   9.0873757E-01
   1.7036957E+00   9.8771948E+00   9.1766039E-01
   1.7155532E+00   9.3060305E+00   9.2605128E-01
   1.7274933E+00   8.7634272E+00   9.3387271E-01
   1.7395164E+00   8.2482396E+00   9.4108649E-01
   1.7516233E+00   7.7593515E+00   9.4765389E-01
   1.7638143E+00   7.2956759E+00   9.5353573E-01
   1.7760903E+00   6.8561552E+00   9.5869253E-01
   1.7884516E+00   6.4397615E+00   9.6308461E-01
   1.8008990E+00   6.0454965E+00   9.6667230E-01
   1.8134330E+00   5.6723915E+00   9.6941607E-01
   1.8260543E+00   5.3195074E+00   9.7127675E-01
   1.8387633E+00   4.9859348E+00   9.7221572E-01
   1.8515609E+00   4.6707933E+00   9.7219515E-01
   1.8644475E+00   4.3732318E+00   9.7117824E-01
   1.8774238E+00   4.0924277E+00   9.6912948E-01
   1.8904904E+00   3.8275871E+00   9.6601494E-01
   1.9036479E+00   3.5779441E+00   9.6180260E-01
   1.9168970E+00   3.3427605E+00   9.5646264E-01
   1.9302383E+00   3.1213251E+00   9.4996779E-01
   1.9436725E+00   2.9129539E+00   9.4229374E-01
   1.9572001E+00   2.7169887E+00   9.3341948E-01
   1.9708219E+00   2.5327973E+00   9.2332773E-01
   1.9845385E+00   2.3597728E+00   9.1200536E-01
   1.9983506E+00   2.1973326E+00   8.9944386E-01
   2.0122588E+00   2.0449185E+00   8.8563974E-01
   2.0262638E+00   1.9019954E+00   8.7059504E-01
   2.0403662E+00   1.7680515E+00   8.5431779E-01
   2.0545668E+00   1.6425968E+00   8.3682251E-01
   2.0688663E+00   1.5251632E+00   8.1813066E-01
   2.0832652E+00   1.4153035E+00   7.9827114E-01
   2.0977644E+00   1.3125909E+00   7.7728075E-01
   2.1123645E+00   1.2166184E+00   7.5520460E-01
   2.1270661E+00   1.1269979E+00   7.3209657E-01
   2.1418701E+00   1.0433600E+00   7.0801961E-01
   2.1567772E+00   9.6535297E-01   6.8304613E-01
   2.1717879E+00   8.9264252E-01   6.5725816E-01
   2.1869032E+00   8.2491084E-01   6.3074758E-01
   2.2021236E+00   7.6185618E-01   6.0361611E-01
   2.2174500E+00   7.0319218E-01   5.7597525E-01
   2.2328830E+00   6.4864733E-01   5.4794603E-01
   2.2484234E+00   5.9796436E-01   5.1965860E-01
   2.2640720E+00   5.5089966E-01   4.9125156E-01
   2.2798295E+00   5.0722274E-01   4.6287107E-01
   2.2956967E+00   4.6671570E-01   4.3466963E-01
   2.3116743E+00   4.2917263E-01   4.0680452E-01
   2.3277631E+00   3.9439916E-01   3.7943586E-01
   2.3439639E+00   3.6221190E-01   3.5272413E-01
   2.3602774E+00   3.3243799E-01   3.2682722E-01
   2.3767044E+00   3.0491457E-01   3.0189681E-01
   2.3932458E+00   2.7948834E-01   2.7807411E-01
   2.4099023E+00   2.5601509E-01   2.5548468E-01
   2.4266747E+00   2.3435929E-01   2.3423243E-01
   2.4435638E+00   2.1439363E-01   2.1439251E-01
   2.4605705E+00   1.9599862E-01   1.9600306E-01
   2.4776956E+00   1.7906220E-01   1.7905557E-01
   2.4949398E+00   1.6347936E-01   1.6348375E-01
   2.5123040E+00   1.4915175E-01   1.4915175E-01
   2.5297891E+00   1.3598735E-01   1.3598735E-01
   2.5473959E+00   1.2390010E-01   1.2390010E-01
   2.5651252E+00   1.1280962E-01   1.1280962E-01
   2.5829779E+00   1.0264083E-01   1.0264083E-01
   2.6009549E+00   9.3323721E-02   9.3323721E-02
   2.6190569E+00   8.4793005E-02   8.4793005E-02
   2.6372850E+00   7.6987877E-02   7.6987877E-02
   2.6556399E+00   6.9851742E-02   6.9851742E-02
   2.6741225E+00   6.3331963E-02   6.3331963E-02
   2.6927338E+00   5.7379621E-02   5.7379621E-02
   2.7114746E+00   5.1949291E-02   5.1949291E-02
   2.7303458E+00   4.6998826E-02   4.6998826E-02
   2.7493484E+00   4.2489146E-02   4.2489146E-02
   2.7684832E+00   3.8384049E-02   3.8384049E-02
   2.7877512E+00   3.4650022E-02   3.4650022E-02
   2.8071533E+00   3.1256070E-02   3.1256070E-02
   2.8266904E+00   2.8173543E-02   2.8173543E-02
   2.8463635E+00   2.5375988E-02   2.5375988E-02
   2.8661735E+00   2.2838992E-02   2.2838992E-02
   2.8861213E+00   2.0540052E-02   2.0540052E-02
   2.9062080E+00   1.8458433E-02   1.8458433E-02
   2.9264345E+00   1.6575052E-02   1.6575052E-02
   2.9468018E+00   1.4872358E-02   1.4872358E-02
   2.9673108E+00   1.3334220E-02   1.3334220E-02
   2.9879625E+00   1.1945830E-02   1.1945830E-02
   3.0087580E+00   1.0693600E-02   1.0693600E-02
   3.0296982E+00   9.5650767E-03   9.5650767E-03
   3.0507841E+00   8.5488532E-03   8.5488532E-03
   3.0720168E+00   7.6344908E-03   7.6344908E-03
   3.0933973E+00   6.8124456E-03   6.8124456E-03
   3.1149265E+00   6.0739982E-03   6.0739982E-03
   3.1366056E+00   5.4111903E-03   5.4111903E-03
   3.1584355E+00   4.8167636E-03   4.8167636E-03
   3.1804174E+00   4.2841045E-03   4.2841045E-03
   3.2025523E+00   3.8071922E-03   3.8071922E-03
   3.2248412E+00   3.3805497E-03   3.3805497E-03
   3.2472853E+00   2.9991997E-03   2.9991997E-03
   3.2698855E+00   2.6586226E-03   2.6586226E-03
   3.2926430E+00   2.3547182E-03   2.3547182E-03
   3.3155590E+00   2.0837701E-03   2.0837701E-03
   3.3386344E+00   1.8424126E-03   1.8424126E-03
   3.3618703E+00   1.6276006E-03   1.6276006E-03
   3.3852680E+00   1.4365813E-03   1.4365813E-03
   3.4088286E+00   1.2668685E-03   1.2668685E-03
   3.4325531E+00   1.1162189E-03   1.1162189E-03
   3.4564427E+00   9.8261004E-04   9.8261004E-04
   3.4804986E+00   8.6422027E-04   8.6422027E-04
   3.5047219E+00   7.5941045E-04   7.5941045E-04
   3.5291138E+00   6.6670693E-04   6.6670693E-04
   3.5536755E+00   5.8478607E-04   5.8478607E-04
   3.5784081E+00   5.1246010E-04   5.1246010E-04
   3.6033128E+00   4.4866419E-04   4.4866419E-04
   3.6283908E+00   3.9244460E-04   3.9244460E-04
   3.6536434E+00   3.4294792E-04   3.4294792E-04
   3.6790717E+00   2.9941122E-04   2.9941122E-04
   3.7046770E+00   2.6115314E-04   2.6115314E-04
   3.7304605E+00   2.2756576E-04   2.2756576E-04
   3.7564234E+00   1.9810716E-04   1.9810716E-04
   3.7825671E+00   1.7229480E-04   1.7229480E-04
   3.8088926E+00   1.4969937E-04   1.4969937E-04
   3.8354014E+00   1.2993934E-04   1.2993934E-04
   3.8620947E+00   1.1267596E-04   1.1267596E-04
   3.8889737E+00   9.7608751E-05   9.7608751E-05
   3.9160399E+00   8.4471487E-05   8.4471487E-05
   3.9432944E+00   7.3028494E-05   7.3028494E-05
   3.9707385E+00   6.3071374E-05   6.3071374E-05
   3.9983737E+00   5.4416030E-05   5.4416030E-05
   4.0262012E+00   4.6900006E-05   4.6900006E-05
   4.0542223E+00   4.0380086E-05   4.0380086E-05
   4.0824385E+00   3.4730151E-05   3.4730151E-05
   4.1108511E+00   2.9839254E-05   2.9839254E-05
   4.1394614E+00   2.5609897E-05   2.5609897E-05
   4.1682708E+00   2.1956495E-05   2.1956495E-05
   4.1972807E+00   1.8803995E-05   1.8803995E-05
   4.2264925E+00   1.6086659E-05   1.6086659E-05
   4.2559076E+00   1.3746964E-05   1.3746964E-05
   4.2855274E+00   1.1734633E-05   1.1734633E-05
   4.3153534E+00   1.0005771E-05   1.0005771E-05
   4.3453869E+00   8.5220962E-06   8.5220962E-06
   4.3756295E+00   7.2502613E-06   7.2502613E-06
   4.4060825E+00   6.1612477E-06   6.1612477E-06
   4.4367475E+00   5.2298339E-06   5.2298339E-06
   4.4676259E+00   4.4341229E-06   4.4341229E-06
   4.4987191E+00   3.7551263E-06   3.7551263E-06
   4.5300288E+00   3.1763963E-06   3.1763963E-06
   4.5615564E+00   2.6837030E-06   2.6837030E-06
   4.5933034E+00   2.2647493E-06   2.2647493E-06
   4.6252714E+00   1.9089213E-06   1.9089213E-06
   4.6574618E+00   1.6070683E-06   1.6070683E-06
   4.6898763E+00   1.3513109E-06   1.3513109E-06
   4.7225163E+00   1.1348724E-06   1.1348724E-06
   4.7553836E+00   9.5193182E-07   9.5193182E-07
   4.7884795E+00   7.9749470E-07   7.9749470E-07
   4.8218058E+00   6.6728148E-07   6.6728148E-07
   4.8553640E+00   5.5762953E-07   5.5762953E-07
   4.8891558E+00   4.6540816E-07   4.6540816E-07
   4.9231828E+00   3.8794471E-07   3.8794471E-07
   4.9574465E+00   3.2296049E-07   3.2296049E-07
   4.9919488E+00   2.6851510E-07   2.6851510E-07
   5.0266911E+00   2.2295841E-07   2.2295841E-07
   5.0616753E+00   1.8488892E-07   1.8488892E-07
   5.0969029E+00   1.5311784E-07   1.5311784E-07
   5.1323757E+00   1.2663818E-07   1.2663818E-07
   5.1680953E+00   1.0459802E-07   1.0459802E-07
   5.2040636E+00   8.6277640E-08   8.6277640E-08
   5.2402822E+00   7.1069785E-08   7.1069785E-08
   5.2767528E+00   5.8462814E-08   5.8462814E-08
   5.3134773E+00   4.8026216E-08   4.8026216E-08
   5.3504573E+00   3.9398253E-08   3.9398253E-08
   5.3876948E+00   3.2275386E-08   3.2275386E-08
   5.4251913E+00   2.6403275E-08   2.6403275E-08
   5.4629489E+00   2.1569097E-08   2.1569097E-08
   5.5009692E+00   1.7595025E-08   1.7595025E-08
   5.5392541E+00   1.4332683E-08   1.4332683E-08
   5.5778055E+00   1.1658447E-08   1.1658447E-08
   5.6166251E+00   9.4694636E-09   9.4694636E-09
   5.6557149E+00   7.6802872E-09   7.6802872E-09
   5.6950768E+00   6.2200346E-09   6.2200346E-09
   5.7347126E+00   5.0299914E-09   5.0299914E-09
   5.7746243E+00   4.0615950E-09   4.0615950E-09
   5.8148138E+00   3.2747393E-09   3.2747393E-09
   5.8552829E+00   2.6363520E-09   2.6363520E-09
   5.8960337E+00   2.1192019E-09   2.1192019E-09
   5.9370681E+00   1.7009021E-09   1.7009021E-09
   5.9783881E+00   1.3630758E-09   1.3630758E-09
   6.0199956E+00   1.0906619E-09   1.0906619E-09
   6.0618927E+00   8.7133532E-10   8.7133532E-10
   6.1040814E+00   6.9502619E-10   6.9502619E-10
   6.1465637E+00   5.5351994E-10   5.5351994E-10
   6.1893417E+00   4.4012614E-10   4.4012614E-10
   6.2324174E+00   3.4940439E-10   3.4940439E-10
   6.2757929E+00   2.7693784E-10   2.7693784E-10
   6.3194702E+00   2.1914645E-10   2.1914645E-10
   6.3634516E+00   1.7313311E-10   1.7313311E-10
   6.4077390E+00   1.3655724E-10   1.3655724E-10
   6.4523346E+00   1.0753096E-10   1.0753096E-10
   6.4972407E+00   8.4534066E-11   8.4534066E-11
   6.5424592E+00   6.6344454E-11   6.6344454E-11
   6.5879924E+00   5.1981317E-11   5.1981317E-11
   6.6338426E+00   4.0658824E-11   4.0658824E-11
   6.6800118E+00   3.1748431E-11   3.1748431E-11
   6.7265023E+00   2.4748259E-11   2.4748259E-11
   6.7733164E+00   1.9258254E-11   1.9258254E-11
   6.8204563E+00   1.4960081E-11   1.4960081E-11
   6.8679243E+00   1.1600869E-11   1.1600869E-11
   6.9157227E+00   8.9801072E-12   8.9801072E-12
   6.9638537E+00   6.9390753E-12   6.9390753E-12
   7.0123196E+00   5.3523616E-12   5.3523616E-12
   7.0611229E+00   4.1210480E-12   4.1210480E-12
   7.1102658E+00   3.1672536E-12   3.1672536E-12
   7.1597507E+00   2.4297716E-12   2.4297716E-12
   7.2095800E+00   1.8605869E-12   1.8605869E-12
   7.2597562E+00   1.4221019E-12   1.4221019E-12
   7.3102815E+00   1.0849310E-12   1.0849310E-12
   7.3611584E+00   8.2614898E-13   8.2614898E-13
   7.4123895E+00   6.2790472E-13   6.2790472E-13
   7.4639770E+00   4.7632393E-13   4.7632393E-13
   7.5159237E+00   3.6064378E-13   3.6064378E-13
   7.5682318E+00   2.7253102E-13   2.7253102E-13
   7.6209040E+00   2.0554594E-13   2.0554594E-13
   7.6739427E+00   1.5472171E-13   1.5472171E-13
   7.7273506E+00   1.1623500E-13   1.1623500E-13
   7.7811302E+00   8.7148472E-14   8.7148472E-14
   7.8352840E+00   6.5209908E-14   6.5209908E-14
   7.8898148E+00   4.8695868E-14   4.8695868E-14
   7.9447250E+00   3.6290175E-14   3.6290175E-14
   8.0000174E+00   2.6989702E-14   2.6989702E-14
   8.0556947E+00   2.0031470E-14   2.0031470E-14
   8.1117594E+00   1.4836340E-14   1.4836340E-14
   8.1682143E+00   1.0965628E-14   1.0965628E-14
   8.2250621E+00   8.0877273E-15   8.0877273E-15
   8.2823055E+00   5.9524965E-15   5.9524965E-15
   8.3399473E+00   4.3716448E-15   4.3716448E-15
   8.3979903E+00   3.2037380E-15   3.2037380E-15
   8.4564372E+00   2.3427655E-15   2.3427655E-15
   8.5152909E+00   1.7094390E-15   1.7094390E-15
   8.5745542E+00   1.2445851E-15   1.2445851E-15
   8.6342300E+00   9.0413853E-16   9.0413853E-16
   8.6943211E+00   6.5535688E-16   6.5535688E-16
   8.7548303E+00   4.7396510E-16   4.7396510E-16
   8.8157607E+00   3.4200586E-16   3.4200586E-16
   8.8771152E+00   2.4622517E-16   2.4622517E-16
   8.9388966E+00   1.7686261E-16   1.7686261E-16
   9.0011080E+00   1.2674687E-16   1.2674687E-16
   9.0637524E+00   9.0621032E-17   9.0621032E-17
   9.1268328E+00   6.4640421E-17   6.4640421E-17
   9.1903521E+00   4.5999763E-17   4.5999763E-17
   9.2543136E+00   3.2656982E-17   3.2656982E-17
   9.3187202E+00   2.3129076E-17   2.3129076E-17
   9.3835750E+00   1.6341616E-17   1.6341616E-17
   9.4488812E+00   1.1518048E-17   1.1518048E-17
   9.5146419E+00   8.0984626E-18   8.0984626E-18
   9.5808602E+00   5.6801350E-18   5.6801350E-18
   9.6475394E+00   3.9741079E-18   3.9741079E-18
   9.7146827E+00   2.7735634E-18   2.7735634E-18
   9.7822932E+00   1.9308407E-18   1.9308407E-18
   9.8503743E+00   1.3407787E-18   1.3407787E-18
   9.9189292E+00   9.2867227E-19   9.2867227E-19
   9.9879613E+00   6.4158600E-19   6.4158600E-19
   1.0057474E+01   4.4210620E-19   4.4210620E-19
   1.0127470E+01   3.0385745E-19   3.0385745E-19
   1.0197953E+01   2.0829408E-19   2.0829408E-19
   1.0268927E+01   1.4240981E-19   1.4240981E-19
   1.0340395E+01   9.7107073E-20   9.7107073E-20
   1.0412360E+01   6.6039215E-20   6.6039215E-20
   1.0484826E+01   4.4790408E-20   4.4790408E-20
   1.0557797E+01   3.0296479E-20   3.0296479E-20
   1.0631275E+01   2.0436910E-20   2.0436910E-20
   1.0705265E+01   1.3748208E-20   1.3748208E-20
   1.0779769E+01   9.2230927E-21   9.2230927E-21
   1.0854792E+01   6.1701877E-21   6.1701877E-21
   1.0930338E+01   4.1162640E-21   4.1162640E-21
   1.1006409E+01   2.7383110E-21   2.7383110E-21
   1.1083009E+01   1.8164713E-21   1.8164713E-21
   1.1160143E+01   1.2015228E-21   1.2015228E-21
   1.1237813E+01   7.9247663E-22   7.9247663E-22
   1.1316024E+01   5.2117253E-22   5.2117253E-22
   1.1394779E+01   3.4174824E-22   3.4174824E-22
   1.1474082E+01   2.2343684E-22   2.2343684E-22
   1.1553938E+01   1.4565247E-22   1.4565247E-22
   1.1634349E+01   9.4664406E-23   9.4664406E-23
   1.1715319E+01   6.1341231E-23   6.1341231E-23
   1.1796853E+01   3.9628373E-23   3.9628373E-23
   1.1878955E+01   2.5523426E-23   2.5523426E-23
   1.1961628E+01   1.6388592E-23   1.6388592E-23
   1.2044876E+01   1.0490715E-23   1.0490715E-23
   1.2128704E+01   6.6945313E-24   6.6945313E-24
   1.2213115E+01   4.2587057E-24   4.2587057E-24
   1.2298113E+01   2.7006490E-24   2.7006490E-24
   1.2383704E+01   1.7071919E-24   1.7071919E-24
   1.2469889E+01   1.0757486E-24   1.0757486E-24
   1.2556675E+01   6.7568449E-25   6.7568449E-25
   1.2644065E+01   4.2303108E-25   4.2303108E-25
   1.2732062E+01   2.6398917E-25   2.6398917E-25
   1.2820673E+01   1.6420098E-25   1.6420098E-25
   1.2909900E+01   1.0179616E-25   1.0179616E-25
   1.2999747E+01   6.2898919E-26   6.2898919E-26
   1.3090221E+01   3.8734792E-26   3.8734792E-26
   1.3181323E+01   2.3773631E-26   2.3773631E-26
   1.3273060E+01   1.4541727E-26   1.4541727E-26
   1.3365436E+01   8.8644649E-27   8.8644649E-27
   1.3458454E+01   5.3851139E-27   5.3851139E-27
   1.3552119E+01   3.2601143E-27   3.2601143E-27
   1.3646437E+01   1.9667808E-27   1.9667808E-27
   1.3741411E+01   1.1823713E-27   1.1823713E-27
   1.3837046E+01   7.0829806E-28   7.0829806E-28
   1.3933346E+01   4.2279703E-28   4.2279703E-28
   1.4030317E+01   2.5147270E-28   2.5147270E-28
   1.4127962E+01   1.4903287E-28   1.4903287E-28
   1.4226287E+01   8.8002454E-29   8.8002454E-29
   1.4325297E+01   5.1774762E-29   5.1774762E-29
   1.4424995E+01   3.0348770E-29   3.0348770E-29
   1.4525388E+01   1.7723630E-29   1.7723630E-29
   1.4626478E+01   1.0311972E-29   1.0311972E-29
   1.4728273E+01   5.9771899E-30   5.9771899E-30
   1.4830776E+01   3.4514960E-30   3.4514960E-30
   1.4933992E+01   1.9854608E-30   1.9854608E-30
   1.5037927E+01   1.1377516E-30   1.1377516E-30
   1.5142585E+01   6.4946273E-31   6.4946273E-31
   1.5247972E+01   3.6929213E-31   3.6929213E-31
   1.5354091E+01   2.0916221E-31   2.0916221E-31
   1.5460950E+01   1.1799998E-31   1.1799998E-31
   1.5568552E+01   6.6306234E-32   6.6306234E-32
   1.5676903E+01   3.7109794E-32   3.7109794E-32
   1.5786008E+01   2.0685805E-32   2.0685805E-32
   1.5895872E+01   1.1484019E-32   1.1484019E-32
   1.6006501E+01   6.3495182E-33   6.3495182E-33
   1.6117900E+01   3.4962359E-33   3.4962359E-33
   1.6230074E+01   1.9171734E-33   1.9171734E-33
   1.6343029E+01   1.0469122E-33   1.0469122E-33
   1.6456770E+01   5.6929150E-34   5.6929150E-34
   1.6571303E+01   3.0826463E-34   3.0826463E-34
   1.6686633E+01   1.6621218E-34   1.6621218E-34
   1.6802765E+01   8.9235315E-35   8.9235315E-35
   1.6919706E+01   4.7701890E-35   4.7701890E-35
   1.7037460E+01   2.5389015E-35   2.5389015E-35
   1.7156034E+01   1.3454093E-35   1.3454093E-35
   1.7275433E+01   7.0981981E-36   7.0981981E-36
   1.7395663E+01   3.7283237E-36   3.7283237E-36
   1.7516730E+01   1.9495641E-36   1.9495641E-36
   1.7638640E+01   1.0148605E-36   1.0148605E-36
   1.7761397E+01   5.2590399E-37   5.2590399E-37
   1.7885010E+01   2.7128403E-37   2.7128403E-37
   1.8009482E+01   1.3929831E-37   1.3929831E-37
   1.8134821E+01   7.1196299E-38   7.1196299E-38
   1.8261032E+01   3.6219709E-38   3.6219709E-38
   1.8388122E+01   1.8339792E-38   1.8339792E-38
   1.8516096E+01   9.2425443E-39   9.2425443E-39
   1.8644960E+01   4.6357724E-39   4.6357724E-39
   1.8774722E+01   2.3140445E-39   2.3140445E-39
   1.8905386E+01   1.1495446E-39   1.1495446E-39
   1.9036960E+01   5.6828987E-40   5.6828987E-40
   1.9169450E+01   2.7956915E-40   2.7956915E-40
   1.9302861E+01   1.3685763E-40   1.3685763E-40
   1.9437201E+01   6.6664455E-41   6.6664455E-41
   1.9572477E+01   3.2310983E-41   3.2310983E-41
   1.9708693E+01   1.5581935E-41   1.5581935E-41
   1.9845858E+01   7.4764047E-42   7.4764047E-42
   1.9983977E+01   3.5690204E-42   3.5690204E-42
   2.0123057E+01   1.6950193E-42   1.6950193E-42
   2.0263106E+01   8.0085539E-43   8.0085539E-43
   2.0404129E+01   3.7641915E-43   3.7641915E-43
   2.0546133E+01   1.7599961E-43   1.7599961E-43
   2.0689126E+01   8.1857441E-44   8.1857441E-44
   2.0833114E+01   3.7869984E-44   3.7869984E-44
   2.0978104E+01   1.7426350E-44   1.7426350E-44
   2.1124103E+01   7.9758298E-45   7.9758298E-45
   2.1271118E+01   3.6306727E-45   3.6306727E-45
   2.1419157E+01   1.6437041E-45   1.6437041E-45
   2.1568226E+01   7.4006334E-46   7.4006334E-46
   2.1718332E+01   3.3136465E-46   3.3136465E-46
   2.1869482E+01   1.4754302E-46   1.4754302E-46
   2.2021685E+01   6.5326508E-47   6.5326508E-47
   2.2174947E+01   2.8760828E-47   2.8760828E-47
   2.2329276E+01   1.2590336E-47   1.2590336E-47
   2.2484679E+01   5.4800100E-48   5.4800100E-48
   2.2641163E+01   2.3714530E-48   2.3714530E-48
   2.2798736E+01   1.0202731E-48   1.0202731E-48
   2.2957406E+01   4.3638808E-49   4.3638808E-49
   2.3117180E+01   1.8555194E-49   1.8555194E-49
   2.3278066E+01   7.8428945E-50   7.8428945E-50
   2.3440072E+01   3.2952428E-50   3.2952428E-50
   2.3603206E+01   1.3761965E-50   1.3761965E-50
   2.3767474E+01   5.7126438E-51   5.7126438E-51
   2.3932886E+01   2.3568885E-51   2.3568885E-51
   2.4099450E+01   9.6642369E-52   9.6642369E-52
   2.4267172E+01   3.9382565E-52   3.9382565E-52
   2.4436062E+01   1.5948854E-52   1.5948854E-52
   2.4606127E+01   6.4183739E-53   6.4183739E-53
   2.4777375E+01   2.5666786E-53   2.5666786E-53
   2.4949816E+01   1.0198813E-53   1.0198813E-53
   2.5123456E+01   4.0266146E-54   4.0266146E-54
   2.5298305E+01   1.5795131E-54   1.5795131E-54
   2.5474371E+01   6.1557283E-55   6.1557283E-55
   2.5651662E+01   2.3833558E-55   2.3833558E-55
   2.5830187E+01   9.1670923E-56   9.1670923E-56
   2.6009955E+01   3.5025753E-56   3.5025753E-56
   2.6190974E+01   1.3293406E-56   1.3293406E-56
   2.6373252E+01   5.0113824E-57   5.0113824E-57
   2.6556799E+01   1.8764232E-57   1.8764232E-57
   2.6741624E+01   6.9780696E-58   6.9780696E-58
   2.6927734E+01   2.5772125E-58   2.5772125E-58
   2.7115140E+01   9.4526716E-59   9.4526716E-59
   2.7303851E+01   3.4429220E-59   3.4429220E-59
   2.7493874E+01   1.2452220E-59   1.2452220E-59
   2.7685220E+01   4.4718979E-60   4.4718979E-60
   2.7877898E+01   1.5945600E-60   1.5945600E-60
   2.8071917E+01   5.6451048E-61   5.6451048E-61
   2.8267286E+01   1.9840989E-61   1.9840989E-61
   2.8464015E+01   6.9229744E-62   6.9229744E-62
   2.8662112E+01   2.3979451E-62   2.3979451E-62
   2.8861589E+01   8.2447785E-63   8.2447785E-63
   2.9062454E+01   2.8137548E-63   2.8137548E-63
   2.9264717E+01   9.5310823E-64   9.5310823E-64
   2.9468387E+01   3.2042272E-64   3.2042272E-64
   2.9673475E+01   1.0690706E-64   1.0690706E-64
   2.9879990E+01   3.5397147E-65   3.5397147E-65
   3.0087942E+01   1.1630154E-65   1.1630154E-65
   3.0297342E+01   3.7917037E-66   3.7917037E-66
   3.0508199E+01   1.2265671E-66   1.2265671E-66
   3.0720524E+01   3.9367000E-67   3.9367000E-67
   3.0934326E+01   1.2535250E-67   1.2535250E-67
   3.1149616E+01   3.9597618E-68   3.9597618E-68
   3.1366404E+01   1.2408414E-68   1.2408414E-68
   3.1584702E+01   3.8570028E-69   3.8570028E-69
   3.1804518E+01   1.1891735E-69   1.1891735E-69
   3.2025865E+01   3.6364452E-70   3.6364452E-70
   3.2248751E+01   1.1028594E-70   1.1028594E-70
   3.2473189E+01   3.3170276E-71   3.3170276E-71
   3.2699189E+01   9.8932330E-72   9.8932330E-72
   3.2926762E+01   2.9259157E-72   2.9259157E-72
   3.3155919E+01   8.5801282E-73   8.5801282E-73
   3.3386670E+01   2.4946404E-73   2.4946404E-73
   3.3619028E+01   7.1908116E-74   7.1908116E-74
   3.3853002E+01   2.0548355E-74   2.0548355E-74
   3.4088605E+01   5.8207453E-75   5.8207453E-75
   3.4325848E+01   1.6343892E-75   1.6343892E-75
   3.4564742E+01   4.5486292E-76   4.5486292E-76
   3.4805298E+01   1.2546607E-76   1.2546607E-76
   3.5047528E+01   3.4297709E-77   3.4297709E-77
   3.5291445E+01   9.2911428E-78   9.2911428E-78
   3.5537058E+01   0.0000000E+00   0.0000000E+00
   3.5784382E+01   0.0000000E+00   0.0000000E+00
   3.6033426E+01   0.0000000E+00   0.0000000E+00
   3.6284204E+01   0.0000000E+00   0.0000000E+00
   3.6536727E+01   0.0000000E+00   0.0000000E+00
   3.6791007E+01   0.0000000E+00   0.0000000E+00
   3.7047057E+01   0.0000000E+00   0.0000000E+00
   3.7304890E+01   0.0000000E+00   0.0000000E+00
   3.7564516E+01   0.0000000E+00   0.0000000E+00
   3.7825950E+01   0.0000000E+00   0.0000000E+00
   3.8089203E+01   0.0000000E+00   0.0000000E+00
   3.8354288E+01   0.0000000E+00   0.0000000E+00
   3.8621218E+01   0.0000000E+00   0.0000000E+00
   3.8890005E+01   0.0000000E+00   0.0000000E+00
   3.9160663E+01   0.0000000E+00   0.0000000E+00
   3.9433205E+01   0.0000000E+00   0.0000000E+00
   3.9707644E+01   0.0000000E+00   0.0000000E+00
   3.9983993E+01   0.0000000E+00   0.0000000E+00
   4.0262265E+01   0.0000000E+00   0.0000000E+00
   4.0542473E+01   0.0000000E+00   0.0000000E+00
   4.0824632E+01   0.0000000E+00   0.0000000E+00
   4.1108755E+01   0.0000000E+00   0.0000000E+00
   4.1394854E+01   0.0000000E+00   0.0000000E+00
   4.1682945E+01   0.0000000E+00   0.0000000E+00
   4.1973041E+01   0.0000000E+00   0.0000000E+00
   4.2265156E+01   0.0000000E+00   0.0000000E+00
   4.2559304E+01   0.0000000E+00   0.0000000E+00
   4.2855499E+01   0.0000000E+00   0.0000000E+00
   4.3153755E+01   0.0000000E+00   0.0000000E+00
   4.3454088E+01   0.0000000E+00   0.0000000E+00
   4.3756510E+01   0.0000000E+00   0.0000000E+00
   4.4061037E+01   0.0000000E+00   0.0000000E+00
   4.4367683E+01   0.0000000E+00   0.0000000E+00
   4.4676464E+01   0.0000000E+00   0.0000000E+00
   4.4987394E+01   0.0000000E+00   0.0000000E+00
   4.5300487E+01   0.0000000E+00   0.0000000E+00
   4.5615760E+01   0.0000000E+00   0.0000000E+00
   4.5933226E+01   0.0000000E+00   0.0000000E+00
   4.6252902E+01   0.0000000E+00   0.0000000E+00
   4.6574803E+01   0.0000000E+00   0.0000000E+00
   4.6898944E+01   0.0000000E+00   0.0000000E+00
   4.7225341E+01   0.0000000E+00   0.0000000E+00
   4.7554010E+01   0.0000000E+00   0.0000000E+00
   4.7884966E+01   0.0000000E+00   0.0000000E+00
   4.8218225E+01   0.0000000E+00   0.0000000E+00
   4.8553804E+01   0.0000000E+00   0.0000000E+00
   4.8891718E+01   0.0000000E+00   0.0000000E+00
   4.9231984E+01   0.0000000E+00   0.0000000E+00
   4.9574618E+01   0.0000000E+00   0.0000000E+00
   4.9919637E+01   0.0000000E+00   0.0000000E+00
   5.0267057E+01   0.0000000E+00   0.0000000E+00
   5.0616894E+01   0.0000000E+00   0.0000000E+00
   5.0969167E+01   0.0000000E+00   0.0000000E+00
   5.1323891E+01   0.0000000E+00   0.0000000E+00
   5.1681084E+01   0.0000000E+00   0.0000000E+00
   5.2040762E+01   0.0000000E+00   0.0000000E+00
   5.2402944E+01   0.0000000E+00   0.0000000E+00
   5.2767647E+01   0.0000000E+00   0.0000000E+00
   5.3134887E+01   0.0000000E+00   0.0000000E+00
   5.3504684E+01   0.0000000E+00   0.0000000E+00
   5.3877054E+01   0.0000000E+00   0.0000000E+00
   5.4252016E+01   0.0000000E+00   0.0000000E+00
   5.4629587E+01   0.0000000E+00   0.0000000E+00
   5.5009786E+01   0.0000000E+00   0.0000000E+00
   5.5392631E+01   0.0000000E+00   0.0000000E+00
   5.5778141E+01   0.0000000E+00   0.0000000E+00
   5.6166333E+01   0.0000000E+00   0.0000000E+00
   5.6557227E+01   0.0000000E+00   0.0000000E+00
   5.6950842E+01   0.0000000E+00   0.0000000E+00
   5.7347196E+01   0.0000000E+00   0.0000000E+00
   5.7746308E+01   0.0000000E+00   0.0000000E+00
   5.8148198E+01   0.0000000E+00   0.0000000E+00
   5.8552885E+01   0.0000000E+00   0.0000000E+00
   5.8960389E+01   0.0000000E+00   0.0000000E+00
   5.9370728E+01   0.0000000E+00   0.0000000E+00
   5.9783924E+01   0.0000000E+00   0.0000000E+00
   6.0199995E+01   0.0000000E+00   0.0000000E+00
   6.0618961E+01   0.0000000E+00   0.0000000E+00
   6.1040844E+01   0.0000000E+00   0.0000000E+00
   6.1465662E+01   0.0000000E+00   0.0000000E+00
   6.1893437E+01   0.0000000E+00   0.0000000E+00
   6.2324190E+01   0.0000000E+00   0.0000000E+00
   6.2757940E+01   0.0000000E+00   0.0000000E+00
   6.3194709E+01   0.0000000E+00   0.0000000E+00
   6.3634517E+01   0.0000000E+00   0.0000000E+00
   6.4077387E+01   0.0000000E+00   0.0000000E+00
   6.4523338E+01   0.0000000E+00   0.0000000E+00
   6.4972394E+01   0.0000000E+00   0.0000000E+00
   6.5424574E+01   0.0000000E+00   0.0000000E+00
   6.5879902E+01   0.0000000E+00   0.0000000E+00
   6.6338398E+01   0.0000000E+00   0.0000000E+00
   6.6800085E+01   0.0000000E+00   0.0000000E+00
   6.7264986E+01   0.0000000E+00   0.0000000E+00
   6.7733122E+01   0.0000000E+00   0.0000000E+00
   6.8204516E+01   0.0000000E+00   0.0000000E+00
   6.8679191E+01   0.0000000E+00   0.0000000E+00
   6.9157169E+01   0.0000000E+00   0.0000000E+00
   6.9638474E+01   0.0000000E+00   0.0000000E+00
   7.0123128E+01   0.0000000E+00   0.0000000E+00
   7.0611155E+01   0.0000000E+00   0.0000000E+00
   7.1102579E+01   0.0000000E+00   0.0000000E+00
   7.1597423E+01   0.0000000E+00   0.0000000E+00
   7.2095711E+01   0.0000000E+00   0.0000000E+00
   7.2597467E+01   0.0000000E+00   0.0000000E+00
   7.3102715E+01   0.0000000E+00   0.0000000E+00
   7.3611479E+01   0.0000000E+00   0.0000000E+00
   7.4123783E+01   0.0000000E+00   0.0000000E+00
   7.4639654E+01   0.0000000E+00   0.0000000E+00
   7.5159114E+01   0.0000000E+00   0.0000000E+00
   7.5682190E+01   0.0000000E+00   0.0000000E+00
   7.6208906E+01   0.0000000E+00   0.0000000E+00
   7.6739288E+01   0.0000000E+00   0.0000000E+00
   7.7273361E+01   0.0000000E+00   0.0000000E+00
   7.7811151E+01   0.0000000E+00   0.0000000E+00
   7.8352684E+01   0.0000000E+00   0.0000000E+00
   7.8897985E+01   0.0000000E+00   0.0000000E+00
   7.9447082E+01   0.0000000E+00   0.0000000E+00
   8.0000000E+01   0.0000000E+00   0.0000000E+00
