  0.0000000E+00  0.0000000E+00  0.0000000E+00
  5.3041604E-07  3.2213014E-04  2.5991687E-14
  1.0645235E-06  9.1283050E-04  1.0469157E-13
  1.6023482E-06  1.6823749E-03  2.3720015E-13
  2.1439159E-06  2.5999577E-03  4.2463585E-13
  2.6892527E-06  3.6472236E-03  6.6813525E-13
  3.2383848E-06  4.8146057E-03  9.6885339E-13
  3.7913386E-06  6.0938052E-03  1.3279640E-12
  4.3481407E-06  7.4787732E-03  1.7466599E-12
  4.9088179E-06  8.9649593E-03  2.2261530E-12
  5.4733972E-06  1.0548763E-02  2.7676751E-12
  6.0419058E-06  1.2227296E-02  3.3724775E-12
  6.6143709E-06  1.3998200E-02  4.0418320E-12
  7.1908201E-06  1.5859541E-02  4.7770305E-12
  7.7712812E-06  1.7809722E-02  5.5793860E-12
  8.3557820E-06  1.9847422E-02  6.4502325E-12
  8.9443507E-06  2.1971544E-02  7.3909251E-12
  9.5370156E-06  2.4181182E-02  8.4028411E-12
  1.0133805E-05  2.6475594E-02  9.4873793E-12
  1.0734748E-05  2.8854175E-02  1.0645961E-11
  1.1339873E-05  3.1316442E-02  1.1880031E-11
  1.1949210E-05  3.3862017E-02  1.3191056E-11
  1.2562788E-05  3.6490617E-02  1.4580526E-11
  1.3180635E-05  3.9202040E-02  1.6049956E-11
  1.3802783E-05  4.1996159E-02  1.7600884E-11
  1.4429260E-05  4.4872913E-02  1.9234872E-11
  1.5060098E-05  4.7832302E-02  2.0953508E-11
  1.5695326E-05  5.0874383E-02  2.2758405E-11
  1.6334974E-05  5.3999259E-02  2.4651201E-11
  1.6979075E-05  5.7207083E-02  2.6633559E-11
  1.7627658E-05  6.0498049E-02  2.8707171E-11
  1.8280755E-05  6.3872392E-02  3.0873753E-11
  1.8938397E-05  6.7330383E-02  3.3135048E-11
  1.9600616E-05  7.0872327E-02  3.5492829E-11
  2.0267444E-05  7.4498564E-02  3.7948895E-11
  2.0938913E-05  7.8209460E-02  4.0505074E-11
  2.1615055E-05  8.2005415E-02  4.3163222E-11
  2.2295902E-05  8.5886853E-02  4.5925223E-11
  2.2981488E-05  8.9854224E-02  4.8792994E-11
  2.3671846E-05  9.3908004E-02  5.1768480E-11
  2.4367008E-05  9.8048693E-02  5.4853654E-11
  2.5067008E-05  1.0227681E-01  5.8050525E-11
  2.5771879E-05  1.0659291E-01  6.1361129E-11
  2.6481657E-05  1.1099754E-01  6.4787536E-11
  2.7196374E-05  1.1549130E-01  6.8331847E-11
  2.7916065E-05  1.2007479E-01  7.1996197E-11
  2.8640765E-05  1.2474863E-01  7.5782753E-11
  2.9370508E-05  1.2951346E-01  7.9693717E-11
  3.0105330E-05  1.3436995E-01  8.3731323E-11
  3.0845266E-05  1.3931878E-01  8.7897843E-11
  3.1590352E-05  1.4436063E-01  9.2195581E-11
  3.2340624E-05  1.4949622E-01  9.6626877E-11
  3.3096117E-05  1.5472628E-01  1.0119411E-10
  3.3856867E-05  1.6005156E-01  1.0589969E-10
  3.4622913E-05  1.6547280E-01  1.1074608E-10
  3.5394289E-05  1.7099080E-01  1.1573576E-10
  3.6171034E-05  1.7660634E-01  1.2087125E-10
  3.6953185E-05  1.8232022E-01  1.2615513E-10
  3.7740780E-05  1.8813327E-01  1.3159000E-10
  3.8533855E-05  1.9404632E-01  1.3717851E-10
  3.9332450E-05  2.0006023E-01  1.4292335E-10
  4.0136603E-05  2.0617586E-01  1.4882723E-10
  4.0946353E-05  2.1239410E-01  1.5489294E-10
  4.1761738E-05  2.1871582E-01  1.6112328E-10
  4.2582798E-05  2.2514195E-01  1.6752111E-10
  4.3409572E-05  2.3167341E-01  1.7408934E-10
  4.4242100E-05  2.3831112E-01  1.8083090E-10
  4.5080422E-05  2.4505605E-01  1.8774878E-10
  4.5924579E-05  2.5190916E-01  1.9484601E-10
  4.6774610E-05  2.5887142E-01  2.0212569E-10
  4.7630557E-05  2.6594383E-01  2.0959093E-10
  4.8492461E-05  2.7312740E-01  2.1724492E-10
  4.9360364E-05  2.8042313E-01  2.2509087E-10
  5.0234307E-05  2.8783208E-01  2.3313206E-10
  5.1114333E-05  2.9535528E-01  2.4137181E-10
  5.2000482E-05  3.0299380E-01  2.4981350E-10
  5.2892799E-05  3.1074871E-01  2.5846055E-10
  5.3791327E-05  3.1862110E-01  2.6731644E-10
  5.4696107E-05  3.2661208E-01  2.7638470E-10
  5.5607185E-05  3.3472275E-01  2.8566891E-10
  5.6524603E-05  3.4295426E-01  2.9517271E-10
  5.7448406E-05  3.5130774E-01  3.0489979E-10
  5.8378638E-05  3.5978436E-01  3.1485391E-10
  5.9315345E-05  3.6838528E-01  3.2503886E-10
  6.0258570E-05  3.7711169E-01  3.3545850E-10
  6.1208360E-05  3.8596480E-01  3.4611678E-10
  6.2164760E-05  3.9494581E-01  3.5701765E-10
  6.3127816E-05  4.0405596E-01  3.6816516E-10
  6.4097574E-05  4.1329649E-01  3.7956342E-10
  6.5074082E-05  4.2266866E-01  3.9121659E-10
  6.6057386E-05  4.3217374E-01  4.0312890E-10
  6.7047533E-05  4.4181301E-01  4.1530463E-10
  6.8044571E-05  4.5158777E-01  4.2774814E-10
  6.9048548E-05  4.6149935E-01  4.4046385E-10
  7.0059512E-05  4.7154907E-01  4.5345624E-10
  7.1077512E-05  4.8173827E-01  4.6672988E-10
  7.2102598E-05  4.9206831E-01  4.8028938E-10
  7.3134817E-05  5.0254058E-01  4.9413944E-10
  7.4174220E-05  5.1315645E-01  5.0828482E-10
  7.5220856E-05  5.2391733E-01  5.2273035E-10
  7.6274777E-05  5.3482465E-01  5.3748093E-10
  7.7336033E-05  5.4587983E-01  5.5254156E-10
  7.8404675E-05  5.5708433E-01  5.6791728E-10
  7.9480754E-05  5.6843961E-01  5.8361322E-10
  8.0564322E-05  5.7994715E-01  5.9963459E-10
  8.1655431E-05  5.9160845E-01  6.1598667E-10
  8.2754134E-05  6.0342502E-01  6.3267483E-10
  8.3860483E-05  6.1539840E-01  6.4970451E-10
  8.4974532E-05  6.2753011E-01  6.6708124E-10
  8.6096334E-05  6.3982173E-01  6.8481062E-10
  8.7225944E-05  6.5227483E-01  7.0289834E-10
  8.8363415E-05  6.6489100E-01  7.2135019E-10
  8.9508803E-05  6.7767185E-01  7.4017201E-10
  9.0662161E-05  6.9061901E-01  7.5936977E-10
  9.1823547E-05  7.0373412E-01  7.7894949E-10
  9.2993016E-05  7.1701883E-01  7.9891731E-10
  9.4170623E-05  7.3047483E-01  8.1927944E-10
  9.5356426E-05  7.4410380E-01  8.4004219E-10
  9.6550482E-05  7.5790746E-01  8.6121197E-10
  9.7752848E-05  7.7188752E-01  8.8279529E-10
  9.8963582E-05  7.8604575E-01  9.0479872E-10
  1.0018274E-04  8.0038389E-01  9.2722898E-10
  1.0141039E-04  8.1490372E-01  9.5009284E-10
  1.0264658E-04  8.2960705E-01  9.7339721E-10
  1.0389137E-04  8.4449568E-01  9.9714909E-10
  1.0514482E-04  8.5957146E-01  1.0213556E-09
  1.0640700E-04  8.7483622E-01  1.0460238E-09
  1.0767797E-04  8.9029184E-01  1.0711612E-09
  1.0895777E-04  9.0594021E-01  1.0967752E-09
  1.1024649E-04  9.2178324E-01  1.1228732E-09
  1.1154417E-04  9.3782283E-01  1.1494629E-09
  1.1285089E-04  9.5406095E-01  1.1765520E-09
  1.1416670E-04  9.7049955E-01  1.2041485E-09
  1.1549167E-04  9.8714061E-01  1.2322603E-09
  1.1682585E-04  1.0039861E+00  1.2608955E-09
  1.1816933E-04  1.0210381E+00  1.2900624E-09
  1.1952215E-04  1.0382987E+00  1.3197692E-09
  1.2088439E-04  1.0557698E+00  1.3500244E-09
  1.2225611E-04  1.0734535E+00  1.3808367E-09
  1.2363738E-04  1.0913521E+00  1.4122147E-09
  1.2502826E-04  1.1094675E+00  1.4441673E-09
  1.2642882E-04  1.1278019E+00  1.4767035E-09
  1.2783912E-04  1.1463575E+00  1.5098323E-09
  1.2925924E-04  1.1651364E+00  1.5435631E-09
  1.3068925E-04  1.1841409E+00  1.5779051E-09
  1.3212921E-04  1.2033732E+00  1.6128679E-09
  1.3357918E-04  1.2228355E+00  1.6484612E-09
  1.3503925E-04  1.2425300E+00  1.6846948E-09
  1.3650949E-04  1.2624592E+00  1.7215785E-09
  1.3798995E-04  1.2826252E+00  1.7591224E-09
  1.3948072E-04  1.3030304E+00  1.7973369E-09
  1.4098186E-04  1.3236771E+00  1.8362323E-09
  1.4249345E-04  1.3445678E+00  1.8758191E-09
  1.4401556E-04  1.3657048E+00  1.9161080E-09
  1.4554826E-04  1.3870905E+00  1.9571098E-09
  1.4709163E-04  1.4087274E+00  1.9988356E-09
  1.4864574E-04  1.4306179E+00  2.0412965E-09
  1.5021067E-04  1.4527646E+00  2.0845039E-09
  1.5178648E-04  1.4751698E+00  2.1284691E-09
  1.5337327E-04  1.4978362E+00  2.1732040E-09
  1.5497110E-04  1.5207663E+00  2.2187204E-09
  1.5658004E-04  1.5439627E+00  2.2650301E-09
  1.5820019E-04  1.5674280E+00  2.3121455E-09
  1.5983161E-04  1.5911648E+00  2.3600789E-09
  1.6147439E-04  1.6151757E+00  2.4088428E-09
  1.6312860E-04  1.6394635E+00  2.4584499E-09
  1.6479432E-04  1.6640308E+00  2.5089131E-09
  1.6647163E-04  1.6888803E+00  2.5602456E-09
  1.6816062E-04  1.7140148E+00  2.6124606E-09
  1.6986136E-04  1.7394371E+00  2.6655716E-09
  1.7157394E-04  1.7651500E+00  2.7195923E-09
  1.7329843E-04  1.7911562E+00  2.7745365E-09
  1.7503493E-04  1.8174587E+00  2.8304183E-09
  1.7678352E-04  1.8440602E+00  2.8872521E-09
  1.7854427E-04  1.8709638E+00  2.9450522E-09
  1.8031728E-04  1.8981722E+00  3.0038335E-09
  1.8210263E-04  1.9256886E+00  3.0636107E-09
  1.8390040E-04  1.9535158E+00  3.1243991E-09
  1.8571068E-04  1.9816568E+00  3.1862139E-09
  1.8753356E-04  2.0101148E+00  3.2490708E-09
  1.8936913E-04  2.0388926E+00  3.3129856E-09
  1.9121748E-04  2.0679935E+00  3.3779742E-09
  1.9307869E-04  2.0974206E+00  3.4440530E-09
  1.9495285E-04  2.1271769E+00  3.5112384E-09
  1.9684005E-04  2.1572656E+00  3.5795472E-09
  1.9874039E-04  2.1876900E+00  3.6489964E-09
  2.0065395E-04  2.2184532E+00  3.7196031E-09
  2.0258083E-04  2.2495585E+00  3.7913848E-09
  2.0452113E-04  2.2810092E+00  3.8643594E-09
  2.0647492E-04  2.3128087E+00  3.9385447E-09
  2.0844231E-04  2.3449601E+00  4.0139590E-09
  2.1042340E-04  2.3774669E+00  4.0906208E-09
  2.1241827E-04  2.4103326E+00  4.1685489E-09
  2.1442703E-04  2.4435604E+00  4.2477623E-09
  2.1644976E-04  2.4771539E+00  4.3282804E-09
  2.1848658E-04  2.5111165E+00  4.4101228E-09
  2.2053757E-04  2.5454519E+00  4.4933093E-09
  2.2260283E-04  2.5801634E+00  4.5778601E-09
  2.2468247E-04  2.6152547E+00  4.6637957E-09
  2.2677657E-04  2.6507294E+00  4.7511369E-09
  2.2888526E-04  2.6865911E+00  4.8399046E-09
  2.3100862E-04  2.7228435E+00  4.9301204E-09
  2.3314675E-04  2.7594903E+00  5.0218057E-09
  2.3529977E-04  2.7965352E+00  5.1149827E-09
  2.3746777E-04  2.8339819E+00  5.2096737E-09
  2.3965086E-04  2.8718344E+00  5.3059011E-09
  2.4184915E-04  2.9100963E+00  5.4036881E-09
  2.4406273E-04  2.9487715E+00  5.5030579E-09
  2.4629172E-04  2.9878640E+00  5.6040341E-09
  2.4853622E-04  3.0273777E+00  5.7066407E-09
  2.5079634E-04  3.0673164E+00  5.8109019E-09
  2.5307219E-04  3.1076843E+00  5.9168424E-09
  2.5536388E-04  3.1484853E+00  6.0244873E-09
  2.5767152E-04  3.1897234E+00  6.1338619E-09
  2.5999522E-04  3.2314028E+00  6.2449919E-09
  2.6233509E-04  3.2735276E+00  6.3579034E-09
  2.6469124E-04  3.3161018E+00  6.4726230E-09
  2.6706380E-04  3.3591299E+00  6.5891774E-09
  2.6945286E-04  3.4026158E+00  6.7075940E-09
  2.7185856E-04  3.4465639E+00  6.8279003E-09
  2.7428099E-04  3.4909786E+00  6.9501244E-09
  2.7672029E-04  3.5358640E+00  7.0742947E-09
  2.7917656E-04  3.5812247E+00  7.2004402E-09
  2.8164992E-04  3.6270649E+00  7.3285900E-09
  2.8414050E-04  3.6733891E+00  7.4587738E-09
  2.8664841E-04  3.7202017E+00  7.5910217E-09
  2.8917378E-04  3.7675074E+00  7.7253644E-09
  2.9171672E-04  3.8153106E+00  7.8618327E-09
  2.9427736E-04  3.8636158E+00  8.0004581E-09
  2.9685582E-04  3.9124278E+00  8.1412724E-09
  2.9945222E-04  3.9617512E+00  8.2843080E-09
  3.0206670E-04  4.0115905E+00  8.4295978E-09
  3.0469937E-04  4.0619507E+00  8.5771749E-09
  3.0735036E-04  4.1128363E+00  8.7270731E-09
  3.1001980E-04  4.1642523E+00  8.8793266E-09
  3.1270783E-04  4.2162035E+00  9.0339702E-09
  3.1541455E-04  4.2686947E+00  9.1910391E-09
  3.1814012E-04  4.3217308E+00  9.3505689E-09
  3.2088465E-04  4.3753168E+00  9.5125960E-09
  3.2364829E-04  4.4294577E+00  9.6771570E-09
  3.2643116E-04  4.4841585E+00  9.8442893E-09
  3.2923340E-04  4.5394242E+00  1.0014031E-08
  3.3205514E-04  4.5952601E+00  1.0186419E-08
  3.3489651E-04  4.6516711E+00  1.0361495E-08
  3.3775766E-04  4.7086625E+00  1.0539295E-08
  3.4063873E-04  4.7662395E+00  1.0719862E-08
  3.4353984E-04  4.8244074E+00  1.0903235E-08
  3.4646115E-04  4.8831715E+00  1.1089456E-08
  3.4940279E-04  4.9425371E+00  1.1278566E-08
  3.5236490E-04  5.0025095E+00  1.1470608E-08
  3.5534762E-04  5.0630943E+00  1.1665624E-08
  3.5835110E-04  5.1242968E+00  1.1863659E-08
  3.6137549E-04  5.1861226E+00  1.2064756E-08
  3.6442093E-04  5.2485772E+00  1.2268960E-08
  3.6748755E-04  5.3116661E+00  1.2476318E-08
  3.7057553E-04  5.3753951E+00  1.2686874E-08
  3.7368499E-04  5.4397697E+00  1.2900676E-08
  3.7681609E-04  5.5047957E+00  1.3117771E-08
  3.7996899E-04  5.5704788E+00  1.3338207E-08
  3.8314382E-04  5.6368248E+00  1.3562033E-08
  3.8634076E-04  5.7038395E+00  1.3789299E-08
  3.8955994E-04  5.7715288E+00  1.4020055E-08
  3.9280152E-04  5.8398986E+00  1.4254352E-08
  3.9606567E-04  5.9089549E+00  1.4492241E-08
  3.9935253E-04  5.9787036E+00  1.4733775E-08
  4.0266227E-04  6.0491507E+00  1.4979007E-08
  4.0599504E-04  6.1203025E+00  1.5227991E-08
  4.0935101E-04  6.1921649E+00  1.5480782E-08
  4.1273034E-04  6.2647442E+00  1.5737434E-08
  4.1613318E-04  6.3380465E+00  1.5998005E-08
  4.1955970E-04  6.4120781E+00  1.6262551E-08
  4.2301007E-04  6.4868453E+00  1.6531131E-08
  4.2648446E-04  6.5623544E+00  1.6803802E-08
  4.2998302E-04  6.6386118E+00  1.7080625E-08
  4.3350594E-04  6.7156239E+00  1.7361660E-08
  4.3705337E-04  6.7933972E+00  1.7646967E-08
  4.4062549E-04  6.8719382E+00  1.7936610E-08
  4.4422247E-04  6.9512534E+00  1.8230651E-08
  4.4784448E-04  7.0313494E+00  1.8529154E-08
  4.5149170E-04  7.1122329E+00  1.8832184E-08
  4.5516431E-04  7.1939105E+00  1.9139806E-08
  4.5886247E-04  7.2763890E+00  1.9452088E-08
  4.6258637E-04  7.3596751E+00  1.9769096E-08
  4.6633619E-04  7.4437756E+00  2.0090900E-08
  4.7011211E-04  7.5286974E+00  2.0417568E-08
  4.7391430E-04  7.6144474E+00  2.0749172E-08
  4.7774296E-04  7.7010324E+00  2.1085783E-08
  4.8159826E-04  7.7884596E+00  2.1427473E-08
  4.8548039E-04  7.8767359E+00  2.1774316E-08
  4.8938955E-04  7.9658683E+00  2.2126387E-08
  4.9332590E-04  8.0558641E+00  2.2483762E-08
  4.9728966E-04  8.1467303E+00  2.2846516E-08
  5.0128099E-04  8.2384741E+00  2.3214729E-08
  5.0530011E-04  8.3311029E+00  2.3588478E-08
  5.0934720E-04  8.4246238E+00  2.3967845E-08
  5.1342245E-04  8.5190442E+00  2.4352909E-08
  5.1752607E-04  8.6143715E+00  2.4743754E-08
  5.2165824E-04  8.7106131E+00  2.5140464E-08
  5.2581918E-04  8.8077764E+00  2.5543122E-08
  5.3000907E-04  8.9058689E+00  2.5951815E-08
  5.3422812E-04  9.0048983E+00  2.6366630E-08
  5.3847654E-04  9.1048720E+00  2.6787655E-08
  5.4275452E-04  9.2057978E+00  2.7214980E-08
  5.4706227E-04  9.3076832E+00  2.7648696E-08
  5.5140001E-04  9.4105360E+00  2.8088896E-08
  5.5576793E-04  9.5143639E+00  2.8535671E-08
  5.6016625E-04  9.6191748E+00  2.8989119E-08
  5.6459519E-04  9.7249765E+00  2.9449333E-08
  5.6905494E-04  9.8317768E+00  2.9916413E-08
  5.7354574E-04  9.9395837E+00  3.0390457E-08
  5.7806778E-04  1.0048405E+01  3.0871566E-08
  5.8262130E-04  1.0158249E+01  3.1359841E-08
  5.8720651E-04  1.0269124E+01  3.1855385E-08
  5.9182364E-04  1.0381037E+01  3.2358303E-08
  5.9647289E-04  1.0493997E+01  3.2868701E-08
  6.0115450E-04  1.0608013E+01  3.3386687E-08
  6.0586870E-04  1.0723091E+01  3.3912371E-08
  6.1061570E-04  1.0839241E+01  3.4445861E-08
  6.1539574E-04  1.0956471E+01  3.4987272E-08
  6.2020904E-04  1.1074788E+01  3.5536717E-08
  6.2505585E-04  1.1194202E+01  3.6094312E-08
  6.2993638E-04  1.1314721E+01  3.6660173E-08
  6.3485089E-04  1.1436354E+01  3.7234419E-08
  6.3979959E-04  1.1559108E+01  3.7817171E-08
  6.4478274E-04  1.1682992E+01  3.8408551E-08
  6.4980057E-04  1.1808015E+01  3.9008683E-08
  6.5485332E-04  1.1934186E+01  3.9617693E-08
  6.5994123E-04  1.2061513E+01  4.0235707E-08
  6.6506455E-04  1.2190005E+01  4.0862856E-08
  6.7022353E-04  1.2319670E+01  4.1499270E-08
  6.7541842E-04  1.2450517E+01  4.2145083E-08
  6.8064946E-04  1.2582555E+01  4.2800428E-08
  6.8591690E-04  1.2715793E+01  4.3465444E-08
  6.9122101E-04  1.2850240E+01  4.4140268E-08
  6.9656202E-04  1.2985905E+01  4.4825041E-08
  7.0194021E-04  1.3122795E+01  4.5519905E-08
  7.0735583E-04  1.3260921E+01  4.6225006E-08
  7.1280914E-04  1.3400292E+01  4.6940490E-08
  7.1830040E-04  1.3540916E+01  4.7666506E-08
  7.2382988E-04  1.3682802E+01  4.8403205E-08
  7.2939784E-04  1.3825960E+01  4.9150739E-08
  7.3500455E-04  1.3970398E+01  4.9909263E-08
  7.4065029E-04  1.4116126E+01  5.0678936E-08
  7.4633531E-04  1.4263153E+01  5.1459916E-08
  7.5205990E-04  1.4411488E+01  5.2252366E-08
  7.5782433E-04  1.4561141E+01  5.3056450E-08
  7.6362888E-04  1.4712119E+01  5.3872333E-08
  7.6947382E-04  1.4864434E+01  5.4700185E-08
  7.7535945E-04  1.5018094E+01  5.5540177E-08
  7.8128603E-04  1.5173108E+01  5.6392482E-08
  7.8725386E-04  1.5329486E+01  5.7257277E-08
  7.9326323E-04  1.5487237E+01  5.8134740E-08
  7.9931442E-04  1.5646370E+01  5.9025052E-08
  8.0540772E-04  1.5806895E+01  5.9928397E-08
  8.1154343E-04  1.5968822E+01  6.0844961E-08
  8.1772184E-04  1.6132159E+01  6.1774932E-08
  8.2394325E-04  1.6296917E+01  6.2718502E-08
  8.3020795E-04  1.6463104E+01  6.3675866E-08
  8.3651626E-04  1.6630730E+01  6.4647220E-08
  8.4286847E-04  1.6799805E+01  6.5632764E-08
  8.4926489E-04  1.6970339E+01  6.6632701E-08
  8.5570582E-04  1.7142340E+01  6.7647235E-08
  8.6219159E-04  1.7315819E+01  6.8676576E-08
  8.6872249E-04  1.7490784E+01  6.9720935E-08
  8.7529884E-04  1.7667246E+01  7.0780524E-08
  8.8192096E-04  1.7845214E+01  7.1855563E-08
  8.8858916E-04  1.8024698E+01  7.2946271E-08
  8.9530378E-04  1.8205707E+01  7.4052872E-08
  9.0206513E-04  1.8388251E+01  7.5175592E-08
  9.0887353E-04  1.8572339E+01  7.6314660E-08
  9.1572931E-04  1.8757982E+01  7.7470311E-08
  9.2263281E-04  1.8945188E+01  7.8642780E-08
  9.2958436E-04  1.9133968E+01  7.9832306E-08
  9.3658428E-04  1.9324330E+01  8.1039134E-08
  9.4363292E-04  1.9516285E+01  8.2263508E-08
  9.5073062E-04  1.9709843E+01  8.3505680E-08
  9.5787771E-04  1.9905012E+01  8.4765903E-08
  9.6507455E-04  2.0101803E+01  8.6044433E-08
  9.7232147E-04  2.0300225E+01  8.7341531E-08
  9.7961882E-04  2.0500287E+01  8.8657462E-08
  9.8696697E-04  2.0702000E+01  8.9992493E-08
  9.9436625E-04  2.0905372E+01  9.1346896E-08
  1.0018170E-03  2.1110414E+01  9.2720948E-08
  1.0093197E-03  2.1317135E+01  9.4114927E-08
  1.0168745E-03  2.1525544E+01  9.5529116E-08
  1.0244819E-03  2.1735651E+01  9.6963805E-08
  1.0321423E-03  2.1947466E+01  9.8419283E-08
  1.0398560E-03  2.2160997E+01  9.9895846E-08
  1.0476234E-03  2.2376255E+01  1.0139379E-07
  1.0554448E-03  2.2593248E+01  1.0291343E-07
  1.0633206E-03  2.2811986E+01  1.0445507E-07
  1.0712513E-03  2.3032479E+01  1.0601901E-07
  1.0792372E-03  2.3254736E+01  1.0760559E-07
  1.0872786E-03  2.3478766E+01  1.0921511E-07
  1.0953760E-03  2.3704579E+01  1.1084790E-07
  1.1035298E-03  2.3932182E+01  1.1250431E-07
  1.1117403E-03  2.4161587E+01  1.1418465E-07
  1.1200080E-03  2.4392802E+01  1.1588927E-07
  1.1283331E-03  2.4625835E+01  1.1761852E-07
  1.1367163E-03  2.4860697E+01  1.1937274E-07
  1.1451577E-03  2.5097396E+01  1.2115229E-07
  1.1536580E-03  2.5335941E+01  1.2295753E-07
  1.1622174E-03  2.5576341E+01  1.2478883E-07
  1.1708363E-03  2.5818604E+01  1.2664655E-07
  1.1795152E-03  2.6062741E+01  1.2853107E-07
  1.1882546E-03  2.6308758E+01  1.3044276E-07
  1.1970547E-03  2.6556666E+01  1.3238202E-07
  1.2059161E-03  2.6806472E+01  1.3434924E-07
  1.2148392E-03  2.7058186E+01  1.3634480E-07
  1.2238244E-03  2.7311815E+01  1.3836912E-07
  1.2328721E-03  2.7567368E+01  1.4042261E-07
  1.2419828E-03  2.7824854E+01  1.4250566E-07
  1.2511569E-03  2.8084281E+01  1.4461871E-07
  1.2603948E-03  2.8345656E+01  1.4676218E-07
  1.2696970E-03  2.8608988E+01  1.4893651E-07
  1.2790640E-03  2.8874285E+01  1.5114212E-07
  1.2884961E-03  2.9141555E+01  1.5337946E-07
  1.2979939E-03  2.9410806E+01  1.5564898E-07
  1.3075578E-03  2.9682045E+01  1.5795114E-07
  1.3171883E-03  2.9955281E+01  1.6028640E-07
  1.3268858E-03  3.0230520E+01  1.6265522E-07
  1.3366507E-03  3.0507770E+01  1.6505809E-07
  1.3464837E-03  3.0787038E+01  1.6749549E-07
  1.3563850E-03  3.1068333E+01  1.6996790E-07
  1.3663553E-03  3.1351660E+01  1.7247582E-07
  1.3763950E-03  3.1637026E+01  1.7501976E-07
  1.3865045E-03  3.1924440E+01  1.7760022E-07
  1.3966844E-03  3.2213906E+01  1.8021772E-07
  1.4069351E-03  3.2505433E+01  1.8287278E-07
  1.4172572E-03  3.2799027E+01  1.8556594E-07
  1.4276511E-03  3.3094693E+01  1.8829774E-07
  1.4381174E-03  3.3392438E+01  1.9106872E-07
  1.4486565E-03  3.3692269E+01  1.9387943E-07
  1.4592689E-03  3.3994191E+01  1.9673044E-07
  1.4699552E-03  3.4298210E+01  1.9962233E-07
  1.4807159E-03  3.4604331E+01  2.0255566E-07
  1.4915515E-03  3.4912561E+01  2.0553102E-07
  1.5024624E-03  3.5222905E+01  2.0854901E-07
  1.5134493E-03  3.5535367E+01  2.1161023E-07
  1.5245127E-03  3.5849953E+01  2.1471530E-07
  1.5356531E-03  3.6166667E+01  2.1786482E-07
  1.5468710E-03  3.6485515E+01  2.2105944E-07
  1.5581670E-03  3.6806501E+01  2.2429978E-07
  1.5695415E-03  3.7129629E+01  2.2758650E-07
  1.5809953E-03  3.7454903E+01  2.3092025E-07
  1.5925288E-03  3.7782327E+01  2.3430170E-07
  1.6041425E-03  3.8111906E+01  2.3773151E-07
  1.6158371E-03  3.8443642E+01  2.4121037E-07
  1.6276130E-03  3.8777539E+01  2.4473898E-07
  1.6394709E-03  3.9113600E+01  2.4831804E-07
  1.6514113E-03  3.9451828E+01  2.5194826E-07
  1.6634349E-03  3.9792225E+01  2.5563036E-07
  1.6755421E-03  4.0134795E+01  2.5936508E-07
  1.6877336E-03  4.0479540E+01  2.6315316E-07
  1.7000099E-03  4.0826461E+01  2.6699535E-07
  1.7123716E-03  4.1175561E+01  2.7089242E-07
  1.7248194E-03  4.1526841E+01  2.7484514E-07
  1.7373538E-03  4.1880302E+01  2.7885431E-07
  1.7499755E-03  4.2235945E+01  2.8292070E-07
  1.7626850E-03  4.2593772E+01  2.8704514E-07
  1.7754829E-03  4.2953783E+01  2.9122844E-07
  1.7883699E-03  4.3315978E+01  2.9547144E-07
  1.8013466E-03  4.3680358E+01  2.9977497E-07
  1.8144137E-03  4.4046921E+01  3.0413989E-07
  1.8275716E-03  4.4415669E+01  3.0856707E-07
  1.8408211E-03  4.4786599E+01  3.1305738E-07
  1.8541629E-03  4.5159711E+01  3.1761172E-07
  1.8675975E-03  4.5535003E+01  3.2223099E-07
  1.8811256E-03  4.5912474E+01  3.2691610E-07
  1.8947478E-03  4.6292122E+01  3.3166799E-07
  1.9084649E-03  4.6673945E+01  3.3648760E-07
  1.9222774E-03  4.7057940E+01  3.4137588E-07
  1.9361860E-03  4.7444105E+01  3.4633380E-07
  1.9501915E-03  4.7832435E+01  3.5136234E-07
  1.9642944E-03  4.8222928E+01  3.5646250E-07
  1.9784954E-03  4.8615579E+01  3.6163528E-07
  1.9927953E-03  4.9010385E+01  3.6688173E-07
  2.0071947E-03  4.9407341E+01  3.7220286E-07
  2.0216944E-03  4.9806442E+01  3.7759973E-07
  2.0362949E-03  5.0207683E+01  3.8307342E-07
  2.0509971E-03  5.0611058E+01  3.8862500E-07
  2.0658015E-03  5.1016561E+01  3.9425558E-07
  2.0807091E-03  5.1424187E+01  3.9996626E-07
  2.0957203E-03  5.1833927E+01  4.0575818E-07
  2.1108360E-03  5.2245775E+01  4.1163248E-07
  2.1260570E-03  5.2659724E+01  4.1759031E-07
  2.1413838E-03  5.3075766E+01  4.2363287E-07
  2.1568174E-03  5.3493892E+01  4.2976134E-07
  2.1723583E-03  5.3914094E+01  4.3597693E-07
  2.1880074E-03  5.4336363E+01  4.4228088E-07
  2.2037654E-03  5.4760689E+01  4.4867441E-07
  2.2196331E-03  5.5187062E+01  4.5515881E-07
  2.2356112E-03  5.5615472E+01  4.6173534E-07
  2.2517005E-03  5.6045907E+01  4.6840531E-07
  2.2679018E-03  5.6478358E+01  4.7517002E-07
  2.2842158E-03  5.6912812E+01  4.8203082E-07
  2.3006434E-03  5.7349256E+01  4.8898906E-07
  2.3171853E-03  5.7787679E+01  4.9604612E-07
  2.3338423E-03  5.8228067E+01  5.0320337E-07
  2.3506153E-03  5.8670407E+01  5.1046224E-07
  2.3675050E-03  5.9114685E+01  5.1782415E-07
  2.3845122E-03  5.9560886E+01  5.2529055E-07
  2.4016378E-03  6.0008996E+01  5.3286292E-07
  2.4188826E-03  6.0458998E+01  5.4054275E-07
  2.4362474E-03  6.0910877E+01  5.4833155E-07
  2.4537331E-03  6.1364617E+01  5.5623085E-07
  2.4713404E-03  6.1820199E+01  5.6424221E-07
  2.4890703E-03  6.2277608E+01  5.7236721E-07
  2.5069236E-03  6.2736825E+01  5.8060744E-07
  2.5249011E-03  6.3197831E+01  5.8896453E-07
  2.5430037E-03  6.3660608E+01  5.9744012E-07
  2.5612324E-03  6.4125135E+01  6.0603589E-07
  2.5795879E-03  6.4591393E+01  6.1475351E-07
  2.5980711E-03  6.5059361E+01  6.2359471E-07
  2.6166830E-03  6.5529017E+01  6.3256122E-07
  2.6354244E-03  6.6000341E+01  6.4165481E-07
  2.6542962E-03  6.6473308E+01  6.5087726E-07
  2.6732994E-03  6.6947897E+01  6.6023039E-07
  2.6924348E-03  6.7424084E+01  6.6971603E-07
  2.7117035E-03  6.7901845E+01  6.7933606E-07
  2.7311062E-03  6.8381155E+01  6.8909235E-07
  2.7506439E-03  6.8861989E+01  6.9898683E-07
  2.7703176E-03  6.9344321E+01  7.0902144E-07
  2.7901283E-03  6.9828124E+01  7.1919815E-07
  2.8100768E-03  7.0313372E+01  7.2951896E-07
  2.8301641E-03  7.0800037E+01  7.3998589E-07
  2.8503913E-03  7.1288090E+01  7.5060100E-07
  2.8707592E-03  7.1777502E+01  7.6136638E-07
  2.8912688E-03  7.2268244E+01  7.7228413E-07
  2.9119213E-03  7.2760286E+01  7.8335640E-07
  2.9327174E-03  7.3253597E+01  7.9458536E-07
  2.9536583E-03  7.3748146E+01  8.0597321E-07
  2.9747449E-03  7.4243899E+01  8.1752219E-07
  2.9959782E-03  7.4740826E+01  8.2923455E-07
  3.0173594E-03  7.5238891E+01  8.4111261E-07
  3.0388893E-03  7.5738061E+01  8.5315869E-07
  3.0605691E-03  7.6238302E+01  8.6537514E-07
  3.0823998E-03  7.6739578E+01  8.7776436E-07
  3.1043824E-03  7.7241853E+01  8.9032879E-07
  3.1265179E-03  7.7745090E+01  9.0307088E-07
  3.1488076E-03  7.8249252E+01  9.1599313E-07
  3.1712523E-03  7.8754301E+01  9.2909807E-07
  3.1938533E-03  7.9260198E+01  9.4238826E-07
  3.2166116E-03  7.9766903E+01  9.5586632E-07
  3.2395282E-03  8.0274377E+01  9.6953488E-07
  3.2626044E-03  8.0782579E+01  9.8339662E-07
  3.2858411E-03  8.1291467E+01  9.9745425E-07
  3.3092396E-03  8.1800999E+01  1.0117105E-06
  3.3328009E-03  8.2311133E+01  1.0261682E-06
  3.3565262E-03  8.2821824E+01  1.0408302E-06
  3.3804166E-03  8.3333029E+01  1.0556993E-06
  3.4044732E-03  8.3844703E+01  1.0707784E-06
  3.4286973E-03  8.4356799E+01  1.0860706E-06
  3.4530900E-03  8.4869272E+01  1.1015787E-06
  3.4776524E-03  8.5382074E+01  1.1173058E-06
  3.5023858E-03  8.5895159E+01  1.1332550E-06
  3.5272913E-03  8.6408476E+01  1.1494295E-06
  3.5523702E-03  8.6921979E+01  1.1658323E-06
  3.5776236E-03  8.7435615E+01  1.1824667E-06
  3.6030527E-03  8.7949336E+01  1.1993359E-06
  3.6286588E-03  8.8463089E+01  1.2164433E-06
  3.6544432E-03  8.8976824E+01  1.2337921E-06
  3.6804069E-03  8.9490486E+01  1.2513858E-06
  3.7065514E-03  9.0004024E+01  1.2692278E-06
  3.7328778E-03  9.0517382E+01  1.2873215E-06
  3.7593875E-03  9.1030507E+01  1.3056706E-06
  3.7860816E-03  9.1543343E+01  1.3242787E-06
  3.8129615E-03  9.2055834E+01  1.3431492E-06
  3.8400285E-03  9.2567923E+01  1.3622860E-06
  3.8672839E-03  9.3079553E+01  1.3816927E-06
  3.8947289E-03  9.3590665E+01  1.4013732E-06
  3.9223650E-03  9.4101202E+01  1.4213313E-06
  3.9501934E-03  9.4611104E+01  1.4415709E-06
  3.9782155E-03  9.5120310E+01  1.4620959E-06
  4.0064325E-03  9.5628760E+01  1.4829104E-06
  4.0348460E-03  9.6136392E+01  1.5040183E-06
  4.0634572E-03  9.6643146E+01  1.5254239E-06
  4.0922676E-03  9.7148957E+01  1.5471314E-06
  4.1212784E-03  9.7653763E+01  1.5691448E-06
  4.1504912E-03  9.8157500E+01  1.5914686E-06
  4.1799072E-03  9.8660103E+01  1.6141071E-06
  4.2095280E-03  9.9161508E+01  1.6370646E-06
  4.2393549E-03  9.9661648E+01  1.6603458E-06
  4.2693894E-03  1.0016046E+02  1.6839551E-06
  4.2996329E-03  1.0065787E+02  1.7078971E-06
  4.3300870E-03  1.0115382E+02  1.7321765E-06
  4.3607529E-03  1.0164823E+02  1.7567980E-06
  4.3916323E-03  1.0214105E+02  1.7817665E-06
  4.4227266E-03  1.0263219E+02  1.8070867E-06
  4.4540373E-03  1.0312159E+02  1.8327637E-06
  4.4855659E-03  1.0360919E+02  1.8588024E-06
  4.5173139E-03  1.0409490E+02  1.8852079E-06
  4.5492829E-03  1.0457866E+02  1.9119854E-06
  4.5814744E-03  1.0506040E+02  1.9391400E-06
  4.6138899E-03  1.0554004E+02  1.9666771E-06
  4.6465310E-03  1.0601752E+02  1.9946020E-06
  4.6793993E-03  1.0649275E+02  2.0229201E-06
  4.7124963E-03  1.0696567E+02  2.0516371E-06
  4.7458237E-03  1.0743621E+02  2.0807584E-06
  4.7793830E-03  1.0790428E+02  2.1102897E-06
  4.8131759E-03  1.0836981E+02  2.1402368E-06
  4.8472039E-03  1.0883274E+02  2.1706056E-06
  4.8814688E-03  1.0929298E+02  2.2014018E-06
  4.9159721E-03  1.0975046E+02  2.2326316E-06
  4.9507156E-03  1.1020510E+02  2.2643011E-06
  4.9857009E-03  1.1065683E+02  2.2964162E-06
  5.0209296E-03  1.1110557E+02  2.3289834E-06
  5.0564036E-03  1.1155124E+02  2.3620090E-06
  5.0921244E-03  1.1199378E+02  2.3954993E-06
  5.1280938E-03  1.1243309E+02  2.4294609E-06
  5.1643136E-03  1.1286911E+02  2.4639004E-06
  5.2007854E-03  1.1330175E+02  2.4988246E-06
  5.2375110E-03  1.1373095E+02  2.5342401E-06
  5.2744923E-03  1.1415661E+02  2.5701539E-06
  5.3117309E-03  1.1457867E+02  2.6065730E-06
  5.3492287E-03  1.1499705E+02  2.6435044E-06
  5.3869874E-03  1.1541167E+02  2.6809554E-06
  5.4250090E-03  1.1582245E+02  2.7189332E-06
  5.4632951E-03  1.1622932E+02  2.7574452E-06
  5.5018477E-03  1.1663220E+02  2.7964989E-06
  5.5406686E-03  1.1703100E+02  2.8361018E-06
  5.5797597E-03  1.1742566E+02  2.8762617E-06
  5.6191229E-03  1.1781610E+02  2.9169865E-06
  5.6587600E-03  1.1820224E+02  2.9582839E-06
  5.6986729E-03  1.1858400E+02  3.0001620E-06
  5.7388637E-03  1.1896131E+02  3.0426291E-06
  5.7793341E-03  1.1933409E+02  3.0856932E-06
  5.8200862E-03  1.1970227E+02  3.1293628E-06
  5.8611219E-03  1.2006577E+02  3.1736464E-06
  5.9024432E-03  1.2042451E+02  3.2185525E-06
  5.9440521E-03  1.2077843E+02  3.2640900E-06
  5.9859506E-03  1.2112744E+02  3.3102676E-06
  6.0281407E-03  1.2147148E+02  3.3570943E-06
  6.0706244E-03  1.2181047E+02  3.4045792E-06
  6.1134037E-03  1.2214433E+02  3.4527315E-06
  6.1564808E-03  1.2247301E+02  3.5015606E-06
  6.1998577E-03  1.2279642E+02  3.5510760E-06
  6.2435364E-03  1.2311450E+02  3.6012873E-06
  6.2875192E-03  1.2342717E+02  3.6522041E-06
  6.3318080E-03  1.2373438E+02  3.7038365E-06
  6.3764051E-03  1.2403604E+02  3.7561944E-06
  6.4213126E-03  1.2433209E+02  3.8092880E-06
  6.4665326E-03  1.2462247E+02  3.8631277E-06
  6.5120673E-03  1.2490711E+02  3.9177237E-06
  6.5579189E-03  1.2518595E+02  3.9730869E-06
  6.6040896E-03  1.2545892E+02  4.0292278E-06
  6.6505817E-03  1.2572596E+02  4.0861574E-06
  6.6973973E-03  1.2598702E+02  4.1438867E-06
  6.7445387E-03  1.2624202E+02  4.2024270E-06
  6.7920082E-03  1.2649091E+02  4.2617896E-06
  6.8398081E-03  1.2673364E+02  4.3219860E-06
  6.8879406E-03  1.2697015E+02  4.3830279E-06
  6.9364082E-03  1.2720038E+02  4.4449271E-06
  6.9852130E-03  1.2742428E+02  4.5076957E-06
  7.0343575E-03  1.2764179E+02  4.5713457E-06
  7.0838440E-03  1.2785288E+02  4.6358897E-06
  7.1336750E-03  1.2805748E+02  4.7013400E-06
  7.1838527E-03  1.2825556E+02  4.7677094E-06
  7.2343796E-03  1.2844706E+02  4.8350107E-06
  7.2852582E-03  1.2863195E+02  4.9032571E-06
  7.3364909E-03  1.2881017E+02  4.9724616E-06
  7.3880802E-03  1.2898170E+02  5.0426378E-06
  7.4400285E-03  1.2914649E+02  5.1137993E-06
  7.4923383E-03  1.2930450E+02  5.1859598E-06
  7.5450122E-03  1.2945571E+02  5.2591334E-06
  7.5980526E-03  1.2960007E+02  5.3333341E-06
  7.6514622E-03  1.2973756E+02  5.4085765E-06
  7.7052435E-03  1.2986815E+02  5.4848751E-06
  7.7593991E-03  1.2999181E+02  5.5622446E-06
  7.8139316E-03  1.3010853E+02  5.6407001E-06
  7.8688437E-03  1.3021827E+02  5.7202568E-06
  7.9241379E-03  1.3032102E+02  5.8009301E-06
  7.9798169E-03  1.3041676E+02  5.8827356E-06
  8.0358834E-03  1.3050548E+02  5.9656892E-06
  8.0923401E-03  1.3058716E+02  6.0498070E-06
  8.1491897E-03  1.3066180E+02  6.1351052E-06
  8.2064350E-03  1.3072939E+02  6.2216003E-06
  8.2640787E-03  1.3078992E+02  6.3093092E-06
  8.3221236E-03  1.3084340E+02  6.3982489E-06
  8.3805724E-03  1.3088982E+02  6.4884364E-06
  8.4394280E-03  1.3092919E+02  6.5798894E-06
  8.4986932E-03  1.3096152E+02  6.6726255E-06
  8.5583709E-03  1.3098681E+02  6.7666628E-06
  8.6184639E-03  1.3100507E+02  6.8620193E-06
  8.6789751E-03  1.3101633E+02  6.9587136E-06
  8.7399075E-03  1.3102061E+02  7.0567644E-06
  8.8012639E-03  1.3101791E+02  7.1561907E-06
  8.8630473E-03  1.3100828E+02  7.2570117E-06
  8.9252607E-03  1.3099173E+02  7.3592470E-06
  8.9879071E-03  1.3096830E+02  7.4629163E-06
  9.0509895E-03  1.3093802E+02  7.5680398E-06
  9.1145110E-03  1.3090094E+02  7.6746377E-06
  9.1784745E-03  1.3085708E+02  7.7827308E-06
  9.2428831E-03  1.3080651E+02  7.8923399E-06
  9.3077400E-03  1.3074926E+02  8.0034862E-06
  9.3730483E-03  1.3068538E+02  8.1161913E-06
  9.4388111E-03  1.3061494E+02  8.2304771E-06
  9.5050316E-03  1.3053798E+02  8.3463655E-06
  9.5717130E-03  1.3045458E+02  8.4638790E-06
  9.6388584E-03  1.3036480E+02  8.5830404E-06
  9.7064712E-03  1.3026871E+02  8.7038728E-06
  9.7745544E-03  1.3016637E+02  8.8263994E-06
  9.8431116E-03  1.3005788E+02  8.9506441E-06
  9.9121458E-03  1.2994331E+02  9.0766309E-06
  9.9816605E-03  1.2982273E+02  9.2043841E-06
  1.0051659E-02  1.2969626E+02  9.3339285E-06
  1.0122145E-02  1.2956396E+02  9.4652891E-06
  1.0193121E-02  1.2942595E+02  9.5984913E-06
  1.0264591E-02  1.2928231E+02  9.7335609E-06
  1.0336559E-02  1.2913316E+02  9.8705241E-06
  1.0409027E-02  1.2897861E+02  1.0009407E-05
  1.0482000E-02  1.2881875E+02  1.0150237E-05
  1.0555480E-02  1.2865372E+02  1.0293042E-05
  1.0629472E-02  1.2848362E+02  1.0437848E-05
  1.0703979E-02  1.2830859E+02  1.0584683E-05
  1.0779005E-02  1.2812874E+02  1.0733577E-05
  1.0854553E-02  1.2794422E+02  1.0884558E-05
  1.0930626E-02  1.2775515E+02  1.1037655E-05
  1.1007229E-02  1.2756167E+02  1.1192898E-05
  1.1084365E-02  1.2736394E+02  1.1350317E-05
  1.1162038E-02  1.2716209E+02  1.1509941E-05
  1.1240251E-02  1.2695628E+02  1.1671803E-05
  1.1319009E-02  1.2674666E+02  1.1835933E-05
  1.1398315E-02  1.2653339E+02  1.2002364E-05
  1.1478173E-02  1.2631664E+02  1.2171126E-05
  1.1558586E-02  1.2609657E+02  1.2342254E-05
  1.1639559E-02  1.2587335E+02  1.2515779E-05
  1.1721096E-02  1.2564715E+02  1.2691736E-05
  1.1803200E-02  1.2541816E+02  1.2870159E-05
  1.1885876E-02  1.2518656E+02  1.3051082E-05
  1.1969127E-02  1.2495252E+02  1.3234539E-05
  1.2052957E-02  1.2471625E+02  1.3420567E-05
  1.2137371E-02  1.2447793E+02  1.3609202E-05
  1.2222373E-02  1.2423777E+02  1.3800479E-05
  1.2307965E-02  1.2399595E+02  1.3994437E-05
  1.2394154E-02  1.2375269E+02  1.4191111E-05
  1.2480942E-02  1.2350819E+02  1.4390541E-05
  1.2568335E-02  1.2326266E+02  1.4592765E-05
  1.2656335E-02  1.2301631E+02  1.4797822E-05
  1.2744949E-02  1.2276937E+02  1.5005751E-05
  1.2834178E-02  1.2252205E+02  1.5216593E-05
  1.2924029E-02  1.2227458E+02  1.5430389E-05
  1.3014505E-02  1.2202718E+02  1.5647179E-05
  1.3105611E-02  1.2178007E+02  1.5867006E-05
  1.3197351E-02  1.2153350E+02  1.6089912E-05
  1.3289729E-02  1.2128770E+02  1.6315941E-05
  1.3382750E-02  1.2104290E+02  1.6545135E-05
  1.3476419E-02  1.2079935E+02  1.6777539E-05
  1.3570740E-02  1.2055727E+02  1.7013199E-05
  1.3665716E-02  1.2031693E+02  1.7252159E-05
  1.3761354E-02  1.2007857E+02  1.7494465E-05
  1.3857658E-02  1.1984243E+02  1.7740166E-05
  1.3954632E-02  1.1960877E+02  1.7989307E-05
  1.4052280E-02  1.1937783E+02  1.8241937E-05
  1.4150609E-02  1.1914988E+02  1.8498105E-05
  1.4249621E-02  1.1892516E+02  1.8757861E-05
  1.4349323E-02  1.1870394E+02  1.9021254E-05
  1.4449718E-02  1.1848647E+02  1.9288335E-05
  1.4550813E-02  1.1827301E+02  1.9559156E-05
  1.4652611E-02  1.1806383E+02  1.9833770E-05
  1.4755117E-02  1.1785919E+02  2.0112229E-05
  1.4858337E-02  1.1765933E+02  2.0394587E-05
  1.4962275E-02  1.1746454E+02  2.0680898E-05
  1.5066936E-02  1.1727507E+02  2.0971218E-05
  1.5172326E-02  1.1709119E+02  2.1265603E-05
  1.5278449E-02  1.1691315E+02  2.1564110E-05
  1.5385311E-02  1.1674122E+02  2.1866796E-05
  1.5492917E-02  1.1657567E+02  2.2173720E-05
  1.5601271E-02  1.1641674E+02  2.2484941E-05
  1.5710380E-02  1.1626472E+02  2.2800519E-05
  1.5820248E-02  1.1611985E+02  2.3120516E-05
  1.5930880E-02  1.1598239E+02  2.3444991E-05
  1.6042283E-02  1.1585261E+02  2.3774010E-05
  1.6154460E-02  1.1573076E+02  2.4107634E-05
  1.6267419E-02  1.1561708E+02  2.4445928E-05
  1.6381164E-02  1.1551184E+02  2.4788959E-05
  1.6495700E-02  1.1541529E+02  2.5136790E-05
  1.6611033E-02  1.1532767E+02  2.5489491E-05
  1.6727169E-02  1.1524922E+02  2.5847129E-05
  1.6844114E-02  1.1518020E+02  2.6209773E-05
  1.6961872E-02  1.1512083E+02  2.6577493E-05
  1.7080450E-02  1.1507136E+02  2.6950360E-05
  1.7199853E-02  1.1503201E+02  2.7328445E-05
  1.7320087E-02  1.1500302E+02  2.7711823E-05
  1.7441158E-02  1.1498461E+02  2.8100566E-05
  1.7563071E-02  1.1497699E+02  2.8494750E-05
  1.7685833E-02  1.1498039E+02  2.8894451E-05
  1.7809449E-02  1.1499502E+02  2.9299746E-05
  1.7933926E-02  1.1502107E+02  2.9710713E-05
  1.8059268E-02  1.1505876E+02  3.0127432E-05
  1.8185484E-02  1.1510827E+02  3.0549983E-05
  1.8312577E-02  1.1516981E+02  3.0978446E-05
  1.8440555E-02  1.1524354E+02  3.1412906E-05
  1.8569424E-02  1.1532965E+02  3.1853446E-05
  1.8699190E-02  1.1542830E+02  3.2300150E-05
  1.8829858E-02  1.1553967E+02  3.2753106E-05
  1.8961437E-02  1.1566391E+02  3.3212400E-05
  1.9093930E-02  1.1580116E+02  3.3678120E-05
  1.9227346E-02  1.1595158E+02  3.4150358E-05
  1.9361691E-02  1.1611529E+02  3.4629203E-05
  1.9496970E-02  1.1629243E+02  3.5114748E-05
  1.9633191E-02  1.1648311E+02  3.5607087E-05
  1.9770360E-02  1.1668744E+02  3.6106315E-05
  1.9908484E-02  1.1690552E+02  3.6612528E-05
  2.0047569E-02  1.1713745E+02  3.7125824E-05
  2.0187622E-02  1.1738331E+02  3.7646301E-05
  2.0328649E-02  1.1764318E+02  3.8174060E-05
  2.0470658E-02  1.1791711E+02  3.8709203E-05
  2.0613656E-02  1.1820516E+02  3.9251832E-05
  2.0757649E-02  1.1850739E+02  3.9802054E-05
  2.0902643E-02  1.1882381E+02  4.0359972E-05
  2.1048647E-02  1.1915447E+02  4.0925696E-05
  2.1195667E-02  1.1949936E+02  4.1499335E-05
  2.1343710E-02  1.1985850E+02  4.2080998E-05
  2.1492784E-02  1.2023187E+02  4.2670798E-05
  2.1642895E-02  1.2061946E+02  4.3268848E-05
  2.1794050E-02  1.2102123E+02  4.3875265E-05
  2.1946258E-02  1.2143714E+02  4.4490164E-05
  2.2099525E-02  1.2186714E+02  4.5113665E-05
  2.2253859E-02  1.2231117E+02  4.5745887E-05
  2.2409266E-02  1.2276913E+02  4.6386953E-05
  2.2565756E-02  1.2324095E+02  4.7036985E-05
  2.2723334E-02  1.2372651E+02  4.7696110E-05
  2.2882009E-02  1.2422571E+02  4.8364454E-05
  2.3041788E-02  1.2473842E+02  4.9042146E-05
  2.3202680E-02  1.2526449E+02  4.9729317E-05
  2.3364691E-02  1.2580378E+02  5.0426099E-05
  2.3527830E-02  1.2635611E+02  5.1132626E-05
  2.3692104E-02  1.2692130E+02  5.1849035E-05
  2.3857521E-02  1.2749917E+02  5.2575463E-05
  2.4024089E-02  1.2808951E+02  5.3312051E-05
  2.4191817E-02  1.2869210E+02  5.4058940E-05
  2.4360712E-02  1.2930671E+02  5.4816275E-05
  2.4530783E-02  1.2993310E+02  5.5584201E-05
  2.4702037E-02  1.3057100E+02  5.6362866E-05
  2.4874483E-02  1.3122014E+02  5.7152420E-05
  2.5048129E-02  1.3188024E+02  5.7953016E-05
  2.5222984E-02  1.3255101E+02  5.8764807E-05
  2.5399055E-02  1.3323213E+02  5.9587950E-05
  2.5576352E-02  1.3392328E+02  6.0422604E-05
  2.5754883E-02  1.3462412E+02  6.1268929E-05
  2.5934656E-02  1.3533430E+02  6.2127088E-05
  2.6115681E-02  1.3605346E+02  6.2997247E-05
  2.6297965E-02  1.3678123E+02  6.3879573E-05
  2.6481518E-02  1.3751722E+02  6.4774237E-05
  2.6666349E-02  1.3826102E+02  6.5681409E-05
  2.6852465E-02  1.3901223E+02  6.6601266E-05
  2.7039877E-02  1.3977042E+02  6.7533985E-05
  2.7228594E-02  1.4053516E+02  6.8479744E-05
  2.7418624E-02  1.4130600E+02  6.9438726E-05
  2.7609976E-02  1.4208248E+02  7.0411116E-05
  2.7802660E-02  1.4286413E+02  7.1397101E-05
  2.7996685E-02  1.4365047E+02  7.2396871E-05
  2.8192060E-02  1.4444101E+02  7.3410619E-05
  2.8388795E-02  1.4523524E+02  7.4438539E-05
  2.8586899E-02  1.4603266E+02  7.5480829E-05
  2.8786382E-02  1.4683274E+02  7.6537690E-05
  2.8987254E-02  1.4763496E+02  7.7609326E-05
  2.9189523E-02  1.4843877E+02  7.8695943E-05
  2.9393200E-02  1.4924363E+02  7.9797750E-05
  2.9598294E-02  1.5004898E+02  8.0914960E-05
  2.9804816E-02  1.5085425E+02  8.2047786E-05
  3.0012775E-02  1.5165889E+02  8.3196448E-05
  3.0222182E-02  1.5246229E+02  8.4361166E-05
  3.0433046E-02  1.5326390E+02  8.5542165E-05
  3.0645377E-02  1.5406310E+02  8.6739672E-05
  3.0859186E-02  1.5485931E+02  8.7953917E-05
  3.1074483E-02  1.5565194E+02  8.9185135E-05
  3.1291279E-02  1.5644036E+02  9.0433561E-05
  3.1509583E-02  1.5722398E+02  9.1699437E-05
  3.1729407E-02  1.5800218E+02  9.2983005E-05
  3.1950760E-02  1.5877436E+02  9.4284514E-05
  3.2173654E-02  1.5953988E+02  9.5604213E-05
  3.2398099E-02  1.6029815E+02  9.6942356E-05
  3.2624107E-02  1.6104853E+02  9.8299200E-05
  3.2851687E-02  1.6179041E+02  9.9675008E-05
  3.3080851E-02  1.6252317E+02  1.0107004E-04
  3.3311610E-02  1.6324619E+02  1.0248457E-04
  3.3543975E-02  1.6395887E+02  1.0391887E-04
  3.3777957E-02  1.6466058E+02  1.0537322E-04
  3.4013567E-02  1.6535072E+02  1.0684788E-04
  3.4250818E-02  1.6602868E+02  1.0834316E-04
  3.4489719E-02  1.6669387E+02  1.0985933E-04
  3.4730283E-02  1.6734568E+02  1.1139668E-04
  3.4972521E-02  1.6798353E+02  1.1295552E-04
  3.5216446E-02  1.6860683E+02  1.1453614E-04
  3.5462067E-02  1.6921502E+02  1.1613885E-04
  3.5709398E-02  1.6980752E+02  1.1776395E-04
  3.5958451E-02  1.7038378E+02  1.1941175E-04
  3.6209237E-02  1.7094325E+02  1.2108259E-04
  3.6461768E-02  1.7148539E+02  1.2277676E-04
  3.6716057E-02  1.7200968E+02  1.2449461E-04
  3.6972115E-02  1.7251561E+02  1.2623646E-04
  3.7229956E-02  1.7300267E+02  1.2800264E-04
  3.7489590E-02  1.7347038E+02  1.2979350E-04
  3.7751032E-02  1.7391827E+02  1.3160938E-04
  3.8014294E-02  1.7434587E+02  1.3345063E-04
  3.8279387E-02  1.7475276E+02  1.3531760E-04
  3.8546326E-02  1.7513850E+02  1.3721066E-04
  3.8815122E-02  1.7550269E+02  1.3913015E-04
  3.9085789E-02  1.7584494E+02  1.4107647E-04
  3.9358340E-02  1.7616488E+02  1.4304997E-04
  3.9632787E-02  1.7646216E+02  1.4505104E-04
  3.9909145E-02  1.7673645E+02  1.4708006E-04
  4.0187426E-02  1.7698745E+02  1.4913743E-04
  4.0467644E-02  1.7721486E+02  1.5122353E-04
  4.0749812E-02  1.7741843E+02  1.5333877E-04
  4.1033943E-02  1.7759791E+02  1.5548356E-04
  4.1320052E-02  1.7775309E+02  1.5765830E-04
  4.1608152E-02  1.7788377E+02  1.5986342E-04
  4.1898258E-02  1.7798979E+02  1.6209934E-04
  4.2190382E-02  1.7807100E+02  1.6436649E-04
  4.2484539E-02  1.7812728E+02  1.6666530E-04
  4.2780744E-02  1.7815856E+02  1.6899621E-04
  4.3079010E-02  1.7816476E+02  1.7135968E-04
  4.3379352E-02  1.7814585E+02  1.7375615E-04
  4.3681784E-02  1.7810182E+02  1.7618609E-04
  4.3986321E-02  1.7803270E+02  1.7864997E-04
  4.4292977E-02  1.7793853E+02  1.8114825E-04
  4.4601768E-02  1.7781941E+02  1.8368142E-04
  4.4912707E-02  1.7767542E+02  1.8624997E-04
  4.5225811E-02  1.7750672E+02  1.8885438E-04
  4.5541094E-02  1.7731348E+02  1.9149515E-04
  4.5858570E-02  1.7709589E+02  1.9417280E-04
  4.6178257E-02  1.7685418E+02  1.9688784E-04
  4.6500168E-02  1.7658861E+02  1.9964078E-04
  4.6824320E-02  1.7629948E+02  2.0243217E-04
  4.7150727E-02  1.7598711E+02  2.0526252E-04
  4.7479407E-02  1.7565185E+02  2.0813239E-04
  4.7810373E-02  1.7529409E+02  2.1104233E-04
  4.8143643E-02  1.7491423E+02  2.1399289E-04
  4.8479233E-02  1.7451272E+02  2.1698465E-04
  4.8817158E-02  1.7409005E+02  2.2001817E-04
  4.9157435E-02  1.7364671E+02  2.2309404E-04
  4.9500080E-02  1.7318324E+02  2.2621284E-04
  4.9845110E-02  1.7270020E+02  2.2937518E-04
  5.0192541E-02  1.7219820E+02  2.3258167E-04
  5.0542390E-02  1.7167785E+02  2.3583291E-04
  5.0894673E-02  1.7113981E+02  2.3912954E-04
  5.1249409E-02  1.7058475E+02  2.4247217E-04
  5.1606613E-02  1.7001338E+02  2.4586146E-04
  5.1966304E-02  1.6942645E+02  2.4929806E-04
  5.2328497E-02  1.6882470E+02  2.5278262E-04
  5.2693211E-02  1.6820892E+02  2.5631581E-04
  5.3060464E-02  1.6757993E+02  2.5989832E-04
  5.3430272E-02  1.6693855E+02  2.6353081E-04
  5.3802655E-02  1.6628565E+02  2.6721400E-04
  5.4177628E-02  1.6562211E+02  2.7094859E-04
  5.4555212E-02  1.6494882E+02  2.7473529E-04
  5.4935423E-02  1.6426670E+02  2.7857484E-04
  5.5318281E-02  1.6357671E+02  2.8246796E-04
  5.5703802E-02  1.6287978E+02  2.8641540E-04
  5.6092007E-02  1.6217690E+02  2.9041791E-04
  5.6482914E-02  1.6146906E+02  2.9447628E-04
  5.6876541E-02  1.6075726E+02  2.9859126E-04
  5.7272908E-02  1.6004253E+02  3.0276366E-04
  5.7672033E-02  1.5932588E+02  3.0699427E-04
  5.8073936E-02  1.5860836E+02  3.1128389E-04
  5.8478637E-02  1.5789101E+02  3.1563336E-04
  5.8886153E-02  1.5717490E+02  3.2004351E-04
  5.9296506E-02  1.5646108E+02  3.2451517E-04
  5.9709715E-02  1.5575063E+02  3.2904921E-04
  6.0125799E-02  1.5504460E+02  3.3364649E-04
  6.0544779E-02  1.5434407E+02  3.3830790E-04
  6.0966675E-02  1.5365012E+02  3.4303432E-04
  6.1391508E-02  1.5296380E+02  3.4782666E-04
  6.1819297E-02  1.5228619E+02  3.5268584E-04
  6.2250063E-02  1.5161833E+02  3.5761279E-04
  6.2683827E-02  1.5096129E+02  3.6260845E-04
  6.3120610E-02  1.5031610E+02  3.6767377E-04
  6.3560433E-02  1.4968380E+02  3.7280973E-04
  6.4003316E-02  1.4906541E+02  3.7801731E-04
  6.4449282E-02  1.4846193E+02  3.8329750E-04
  6.4898352E-02  1.4787434E+02  3.8865132E-04
  6.5350547E-02  1.4730363E+02  3.9407978E-04
  6.5805890E-02  1.4675074E+02  3.9958393E-04
  6.6264401E-02  1.4621660E+02  4.0516481E-04
  6.6726103E-02  1.4570212E+02  4.1082350E-04
  6.7191018E-02  1.4520817E+02  4.1656108E-04
  6.7659169E-02  1.4473562E+02  4.2237863E-04
  6.8130579E-02  1.4428529E+02  4.2827729E-04
  6.8605269E-02  1.4385797E+02  4.3425816E-04
  6.9083262E-02  1.4345442E+02  4.4032240E-04
  6.9564583E-02  1.4307538E+02  4.4647116E-04
  7.0049253E-02  1.4272154E+02  4.5270562E-04
  7.0537296E-02  1.4239355E+02  4.5902697E-04
  7.1028736E-02  1.4209204E+02  4.6543641E-04
  7.1523595E-02  1.4181757E+02  4.7193518E-04
  7.2021899E-02  1.4157069E+02  4.7852450E-04
  7.2523671E-02  1.4135188E+02  4.8520564E-04
  7.3028935E-02  1.4116159E+02  4.9197987E-04
  7.3537716E-02  1.4100023E+02  4.9884849E-04
  7.4050037E-02  1.4086814E+02  5.0581281E-04
  7.4565924E-02  1.4076564E+02  5.1287415E-04
  7.5085401E-02  1.4069297E+02  5.2003387E-04
  7.5608494E-02  1.4065033E+02  5.2729332E-04
  7.6135227E-02  1.4063789E+02  5.3465390E-04
  7.6665626E-02  1.4065574E+02  5.4211701E-04
  7.7199716E-02  1.4070392E+02  5.4968406E-04
  7.7737524E-02  1.4078242E+02  5.5735651E-04
  7.8279074E-02  1.4089118E+02  5.6513581E-04
  7.8824393E-02  1.4103008E+02  5.7302345E-04
  7.9373507E-02  1.4119894E+02  5.8102092E-04
  7.9926443E-02  1.4139753E+02  5.8912977E-04
  8.0483227E-02  1.4162554E+02  5.9735152E-04
  8.1043887E-02  1.4188264E+02  6.0568775E-04
  8.1608448E-02  1.4216841E+02  6.1414004E-04
  8.2176938E-02  1.4248239E+02  6.2271000E-04
  8.2749385E-02  1.4282407E+02  6.3139927E-04
  8.3325815E-02  1.4319284E+02  6.4020949E-04
  8.3906258E-02  1.4358810E+02  6.4914235E-04
  8.4490739E-02  1.4400912E+02  6.5819955E-04
  8.5079289E-02  1.4445518E+02  6.6738280E-04
  8.5671935E-02  1.4492546E+02  6.7669385E-04
  8.6268705E-02  1.4541910E+02  6.8613448E-04
  8.6869629E-02  1.4593520E+02  6.9570648E-04
  8.7474735E-02  1.4647278E+02  7.0541167E-04
  8.8084052E-02  1.4703082E+02  7.1525190E-04
  8.8697609E-02  1.4760827E+02  7.2522903E-04
  8.9315437E-02  1.4820400E+02  7.3534496E-04
  8.9937565E-02  1.4881684E+02  7.4560162E-04
  9.0564022E-02  1.4944559E+02  7.5600094E-04
  9.1194839E-02  1.5008900E+02  7.6654491E-04
  9.1830046E-02  1.5074576E+02  7.7723553E-04
  9.2469674E-02  1.5141454E+02  7.8807483E-04
  9.3113754E-02  1.5209396E+02  7.9906486E-04
  9.3762316E-02  1.5278261E+02  8.1020771E-04
  9.4415392E-02  1.5347905E+02  8.2150550E-04
  9.5073013E-02  1.5418180E+02  8.3296036E-04
  9.5735211E-02  1.5488935E+02  8.4457447E-04
  9.6402017E-02  1.5560017E+02  8.5635003E-04
  9.7073465E-02  1.5631270E+02  8.6828927E-04
  9.7749585E-02  1.5702537E+02  8.8039446E-04
  9.8430410E-02  1.5773657E+02  8.9266789E-04
  9.9115974E-02  1.5844470E+02  9.0511188E-04
  9.9806309E-02  1.5914813E+02  9.1772879E-04
  1.0050145E-01  1.5984522E+02  9.3052101E-04
  1.0120143E-01  1.6053434E+02  9.4349097E-04
  1.0190627E-01  1.6121385E+02  9.5664110E-04
  1.0261603E-01  1.6188209E+02  9.6997391E-04
  1.0333072E-01  1.6253744E+02  9.8349191E-04
  1.0405039E-01  1.6317825E+02  9.9719767E-04
  1.0477507E-01  1.6380289E+02  1.0110938E-03
  1.0550479E-01  1.6440977E+02  1.0251828E-03
  1.0623959E-01  1.6499728E+02  1.0394675E-03
  1.0697950E-01  1.6556385E+02  1.0539505E-03
  1.0772456E-01  1.6610793E+02  1.0686346E-03
  1.0847481E-01  1.6662799E+02  1.0835226E-03
  1.0923028E-01  1.6712254E+02  1.0986171E-03
  1.0999100E-01  1.6759012E+02  1.1139212E-03
  1.1075702E-01  1.6802930E+02  1.1294376E-03
  1.1152837E-01  1.6843869E+02  1.1451694E-03
  1.1230509E-01  1.6881696E+02  1.1611194E-03
  1.1308722E-01  1.6916282E+02  1.1772907E-03
  1.1387479E-01  1.6947500E+02  1.1936864E-03
  1.1466784E-01  1.6975233E+02  1.2103094E-03
  1.1546641E-01  1.6999366E+02  1.2271630E-03
  1.1627054E-01  1.7019792E+02  1.2442503E-03
  1.1708026E-01  1.7036409E+02  1.2615745E-03
  1.1789562E-01  1.7049121E+02  1.2791390E-03
  1.1871665E-01  1.7057840E+02  1.2969469E-03
  1.1954340E-01  1.7062484E+02  1.3150017E-03
  1.2037590E-01  1.7062978E+02  1.3333066E-03
  1.2121419E-01  1.7059256E+02  1.3518653E-03
  1.2205832E-01  1.7051258E+02  1.3706812E-03
  1.2290833E-01  1.7038932E+02  1.3897577E-03
  1.2376425E-01  1.7022234E+02  1.4090985E-03
  1.2462612E-01  1.7001129E+02  1.4287072E-03
  1.2549400E-01  1.6975590E+02  1.4485874E-03
  1.2636791E-01  1.6945597E+02  1.4687430E-03
  1.2724791E-01  1.6911140E+02  1.4891776E-03
  1.2813403E-01  1.6872218E+02  1.5098952E-03
  1.2902632E-01  1.6828838E+02  1.5308995E-03
  1.2992482E-01  1.6781016E+02  1.5521946E-03
  1.3082957E-01  1.6728777E+02  1.5737844E-03
  1.3174062E-01  1.6672155E+02  1.5956728E-03
  1.3265801E-01  1.6611192E+02  1.6178642E-03
  1.3358178E-01  1.6545939E+02  1.6403625E-03
  1.3451198E-01  1.6476458E+02  1.6631720E-03
  1.3544866E-01  1.6402818E+02  1.6862969E-03
  1.3639185E-01  1.6325096E+02  1.7097415E-03
  1.3734161E-01  1.6243379E+02  1.7335103E-03
  1.3829798E-01  1.6157763E+02  1.7576077E-03
  1.3926101E-01  1.6068350E+02  1.7820381E-03
  1.4023073E-01  1.5975253E+02  1.8068061E-03
  1.4120721E-01  1.5878591E+02  1.8319163E-03
  1.4219048E-01  1.5778492E+02  1.8573734E-03
  1.4318060E-01  1.5675092E+02  1.8831821E-03
  1.4417760E-01  1.5568533E+02  1.9093472E-03
  1.4518155E-01  1.5458964E+02  1.9358736E-03
  1.4619248E-01  1.5346543E+02  1.9627662E-03
  1.4721045E-01  1.5231434E+02  1.9900300E-03
  1.4823550E-01  1.5113804E+02  2.0176700E-03
  1.4926768E-01  1.4993831E+02  2.0456915E-03
  1.5030705E-01  1.4871695E+02  2.0740995E-03
  1.5135366E-01  1.4747583E+02  2.1028993E-03
  1.5240754E-01  1.4621686E+02  2.1320963E-03
  1.5346877E-01  1.4494199E+02  2.1616959E-03
  1.5453737E-01  1.4365322E+02  2.1917035E-03
  1.5561342E-01  1.4235258E+02  2.2221247E-03
  1.5669695E-01  1.4104214E+02  2.2529651E-03
  1.5778802E-01  1.3972400E+02  2.2842304E-03
  1.5888669E-01  1.3840026E+02  2.3159264E-03
  1.5999300E-01  1.3707307E+02  2.3480589E-03
  1.6110702E-01  1.3574456E+02  2.3806338E-03
  1.6222878E-01  1.3441690E+02  2.4136571E-03
  1.6335836E-01  1.3309224E+02  2.4471350E-03
  1.6449579E-01  1.3177275E+02  2.4810735E-03
  1.6564114E-01  1.3046058E+02  2.5154789E-03
  1.6679446E-01  1.2915787E+02  2.5503576E-03
  1.6795581E-01  1.2786674E+02  2.5857158E-03
  1.6912524E-01  1.2658931E+02  2.6215602E-03
  1.7030281E-01  1.2532765E+02  2.6578973E-03
  1.7148858E-01  1.2408382E+02  2.6947336E-03
  1.7268259E-01  1.2285982E+02  2.7320761E-03
  1.7388492E-01  1.2165763E+02  2.7699315E-03
  1.7509562E-01  1.2047918E+02  2.8083066E-03
  1.7631474E-01  1.1932635E+02  2.8472086E-03
  1.7754234E-01  1.1820096E+02  2.8866446E-03
  1.7877849E-01  1.1710477E+02  2.9266216E-03
  1.8002324E-01  1.1603950E+02  2.9671471E-03
  1.8127666E-01  1.1500676E+02  3.0082283E-03
  1.8253880E-01  1.1400813E+02  3.0498728E-03
  1.8380972E-01  1.1304509E+02  3.0920881E-03
  1.8508949E-01  1.1211904E+02  3.1348819E-03
  1.8637816E-01  1.1123132E+02  3.1782620E-03
  1.8767580E-01  1.1038315E+02  3.2222361E-03
  1.8898248E-01  1.0957570E+02  3.2668124E-03
  1.9029824E-01  1.0881000E+02  3.3119988E-03
  1.9162317E-01  1.0808701E+02  3.3578035E-03
  1.9295731E-01  1.0740761E+02  3.4042348E-03
  1.9430074E-01  1.0677254E+02  3.4513010E-03
  1.9565352E-01  1.0618247E+02  3.4990108E-03
  1.9701572E-01  1.0563794E+02  3.5473725E-03
  1.9838739E-01  1.0513940E+02  3.5963951E-03
  1.9976862E-01  1.0468719E+02  3.6460872E-03
  2.0115945E-01  1.0428153E+02  3.6964578E-03
  2.0255996E-01  1.0392253E+02  3.7475159E-03
  2.0397022E-01  1.0361021E+02  3.7992707E-03
  2.0539030E-01  1.0334447E+02  3.8517314E-03
  2.0682026E-01  1.0312508E+02  3.9049075E-03
  2.0826017E-01  1.0295171E+02  3.9588084E-03
  2.0971010E-01  1.0282394E+02  4.0134438E-03
  2.1117012E-01  1.0274121E+02  4.0688233E-03
  2.1264031E-01  1.0270287E+02  4.1249569E-03
  2.1412072E-01  1.0270816E+02  4.1818546E-03
  2.1561144E-01  1.0275620E+02  4.2395264E-03
  2.1711254E-01  1.0284603E+02  4.2979825E-03
  2.1862408E-01  1.0297657E+02  4.3572334E-03
  2.2014614E-01  1.0314664E+02  4.4172896E-03
  2.2167879E-01  1.0335500E+02  4.4781616E-03
  2.2322211E-01  1.0360026E+02  4.5398601E-03
  2.2477617E-01  1.0388098E+02  4.6023962E-03
  2.2634105E-01  1.0419563E+02  4.6657807E-03
  2.2791681E-01  1.0454258E+02  4.7300249E-03
  2.2950355E-01  1.0492013E+02  4.7951400E-03
  2.3110132E-01  1.0532653E+02  4.8611375E-03
  2.3271022E-01  1.0575992E+02  4.9280288E-03
  2.3433031E-01  1.0621840E+02  4.9958258E-03
  2.3596168E-01  1.0670001E+02  5.0645402E-03
  2.3760440E-01  1.0720272E+02  5.1341841E-03
  2.3925856E-01  1.0772446E+02  5.2047695E-03
  2.4092423E-01  1.0826312E+02  5.2763088E-03
  2.4260149E-01  1.0881655E+02  5.3488143E-03
  2.4429042E-01  1.0938255E+02  5.4222987E-03
  2.4599111E-01  1.0995890E+02  5.4967746E-03
  2.4770363E-01  1.1054336E+02  5.5722550E-03
  2.4942807E-01  1.1113367E+02  5.6487528E-03
  2.5116451E-01  1.1172756E+02  5.7262813E-03
  2.5291304E-01  1.1232275E+02  5.8048537E-03
  2.5467374E-01  1.1291696E+02  5.8844837E-03
  2.5644669E-01  1.1350790E+02  5.9651847E-03
  2.5823198E-01  1.1409333E+02  6.0469706E-03
  2.6002969E-01  1.1467098E+02  6.1298554E-03
  2.6183992E-01  1.1523862E+02  6.2138533E-03
  2.6366274E-01  1.1579405E+02  6.2989785E-03
  2.6549825E-01  1.1633510E+02  6.3852454E-03
  2.6734654E-01  1.1685964E+02  6.4726687E-03
  2.6920768E-01  1.1736556E+02  6.5612633E-03
  2.7108178E-01  1.1785083E+02  6.6510440E-03
  2.7296893E-01  1.1831346E+02  6.7420259E-03
  2.7486920E-01  1.1875150E+02  6.8342245E-03
  2.7678271E-01  1.1916308E+02  6.9276552E-03
  2.7870953E-01  1.1954640E+02  7.0223335E-03
  2.8064975E-01  1.1989971E+02  7.1182754E-03
  2.8260349E-01  1.2022135E+02  7.2154969E-03
  2.8457082E-01  1.2050973E+02  7.3140141E-03
  2.8655184E-01  1.2076334E+02  7.4138433E-03
  2.8854665E-01  1.2098078E+02  7.5150012E-03
  2.9055534E-01  1.2116069E+02  7.6175045E-03
  2.9257801E-01  1.2130186E+02  7.7213700E-03
  2.9461476E-01  1.2140311E+02  7.8266148E-03
  2.9666568E-01  1.2146341E+02  7.9332562E-03
  2.9873087E-01  1.2148180E+02  8.0413117E-03
  3.0081044E-01  1.2145743E+02  8.1507989E-03
  3.0290449E-01  1.2138953E+02  8.2617357E-03
  3.0501310E-01  1.2127747E+02  8.3741400E-03
  3.0713639E-01  1.2112069E+02  8.4880301E-03
  3.0927446E-01  1.2091876E+02  8.6034244E-03
  3.1142741E-01  1.2067133E+02  8.7203414E-03
  3.1359534E-01  1.2037816E+02  8.8388000E-03
  3.1577836E-01  1.2003914E+02  8.9588192E-03
  3.1797657E-01  1.1965424E+02  9.0804180E-03
  3.2019008E-01  1.1922353E+02  9.2036160E-03
  3.2241900E-01  1.1874719E+02  9.3284326E-03
  3.2466343E-01  1.1822550E+02  9.4548876E-03
  3.2692347E-01  1.1765886E+02  9.5830010E-03
  3.2919925E-01  1.1704773E+02  9.7127929E-03
  3.3149087E-01  1.1639269E+02  9.8442838E-03
  3.3379843E-01  1.1569442E+02  9.9774941E-03
  3.3612206E-01  1.1495366E+02  1.0112445E-02
  3.3846185E-01  1.1417127E+02  1.0249156E-02
  3.4081793E-01  1.1334819E+02  1.0387650E-02
  3.4319041E-01  1.1248542E+02  1.0527948E-02
  3.4557940E-01  1.1158407E+02  1.0670071E-02
  3.4798501E-01  1.1064530E+02  1.0814041E-02
  3.5040737E-01  1.0967037E+02  1.0959880E-02
  3.5284658E-01  1.0866058E+02  1.1107609E-02
  3.5530278E-01  1.0761732E+02  1.1257253E-02
  3.5777606E-01  1.0654201E+02  1.1408832E-02
  3.6026656E-01  1.0543615E+02  1.1562371E-02
  3.6277439E-01  1.0430130E+02  1.1717891E-02
  3.6529968E-01  1.0313904E+02  1.1875416E-02
  3.6784253E-01  1.0195101E+02  1.2034969E-02
  3.7040309E-01  1.0073890E+02  1.2196574E-02
  3.7298147E-01  9.9504402E+01  1.2360254E-02
  3.7557779E-01  9.8249269E+01  1.2526035E-02
  3.7819218E-01  9.6975265E+01  1.2693938E-02
  3.8082477E-01  9.5684177E+01  1.2863990E-02
  3.8347567E-01  9.4377810E+01  1.3036215E-02
  3.8614503E-01  9.3057978E+01  1.3210637E-02
  3.8883296E-01  9.1726503E+01  1.3387281E-02
  3.9153961E-01  9.0385210E+01  1.3566172E-02
  3.9426508E-01  8.9035922E+01  1.3747336E-02
  3.9700953E-01  8.7680455E+01  1.3930798E-02
  3.9977308E-01  8.6320614E+01  1.4116584E-02
  4.0255586E-01  8.4958190E+01  1.4304720E-02
  4.0535800E-01  8.3594955E+01  1.4495231E-02
  4.0817965E-01  8.2232657E+01  1.4688144E-02
  4.1102094E-01  8.0873018E+01  1.4883486E-02
  4.1388200E-01  7.9517727E+01  1.5081282E-02
  4.1676297E-01  7.8168442E+01  1.5281560E-02
  4.1966399E-01  7.6826779E+01  1.5484347E-02
  4.2258520E-01  7.5494316E+01  1.5689669E-02
  4.2552674E-01  7.4172584E+01  1.5897554E-02
  4.2848876E-01  7.2863069E+01  1.6108029E-02
  4.3147138E-01  7.1567203E+01  1.6321121E-02
  4.3447477E-01  7.0286368E+01  1.6536859E-02
  4.3749906E-01  6.9021889E+01  1.6755270E-02
  4.4054440E-01  6.7775032E+01  1.6976383E-02
  4.4361093E-01  6.6547004E+01  1.7200225E-02
  4.4669880E-01  6.5338951E+01  1.7426824E-02
  4.4980816E-01  6.4151952E+01  1.7656209E-02
  4.5293916E-01  6.2987024E+01  1.7888408E-02
  4.5609196E-01  6.1845115E+01  1.8123450E-02
  4.5926669E-01  6.0727105E+01  1.8361364E-02
  4.6246352E-01  5.9633808E+01  1.8602178E-02
  4.6568260E-01  5.8565965E+01  1.8845922E-02
  4.6892408E-01  5.7524248E+01  1.9092624E-02
  4.7218812E-01  5.6509259E+01  1.9342313E-02
  4.7547488E-01  5.5521529E+01  1.9595019E-02
  4.7878451E-01  5.4561519E+01  1.9850771E-02
  4.8211717E-01  5.3629618E+01  2.0109597E-02
  4.8547303E-01  5.2726146E+01  2.0371528E-02
  4.8885225E-01  5.1851353E+01  2.0636593E-02
  4.9225498E-01  5.1005420E+01  2.0904821E-02
  4.9568139E-01  5.0188461E+01  2.1176241E-02
  4.9913165E-01  4.9400523E+01  2.1450883E-02
  5.0260593E-01  4.8641587E+01  2.1728776E-02
  5.0610438E-01  4.7911568E+01  2.2009951E-02
  5.0962718E-01  4.7210322E+01  2.2294435E-02
  5.1317449E-01  4.6537640E+01  2.2582259E-02
  5.1674650E-01  4.5893256E+01  2.2873452E-02
  5.2034336E-01  4.5276846E+01  2.3168043E-02
  5.2396526E-01  4.4688030E+01  2.3466061E-02
  5.2761236E-01  4.4126374E+01  2.3767536E-02
  5.3128485E-01  4.3591395E+01  2.4072497E-02
  5.3498290E-01  4.3082560E+01  2.4380972E-02
  5.3870668E-01  4.2599287E+01  2.4692990E-02
  5.4245637E-01  4.2140955E+01  2.5008580E-02
  5.4623217E-01  4.1706897E+01  2.5327770E-02
  5.5003424E-01  4.1296410E+01  2.5650590E-02
  5.5386277E-01  4.0908753E+01  2.5977066E-02
  5.5771795E-01  4.0543152E+01  2.6307227E-02
  5.6159996E-01  4.0198803E+01  2.6641100E-02
  5.6550898E-01  3.9874873E+01  2.6978714E-02
  5.6944521E-01  3.9570505E+01  2.7320095E-02
  5.7340884E-01  3.9284818E+01  2.7665269E-02
  5.7740005E-01  3.9016914E+01  2.8014265E-02
  5.8141904E-01  3.8765875E+01  2.8367108E-02
  5.8546599E-01  3.8530771E+01  2.8723823E-02
  5.8954112E-01  3.8310662E+01  2.9084437E-02
  5.9364460E-01  3.8104598E+01  2.9448975E-02
  5.9777664E-01  3.7911623E+01  2.9817461E-02
  6.0193744E-01  3.7730780E+01  3.0189920E-02
  6.0612720E-01  3.7561109E+01  3.0566376E-02
  6.1034611E-01  3.7401654E+01  3.0946851E-02
  6.1459439E-01  3.7251463E+01  3.1331369E-02
  6.1887224E-01  3.7109591E+01  3.1719952E-02
  6.2317985E-01  3.6975102E+01  3.2112622E-02
  6.2751745E-01  3.6847073E+01  3.2509399E-02
  6.3188523E-01  3.6724593E+01  3.2910304E-02
  6.3628341E-01  3.6606767E+01  3.3315357E-02
  6.4071220E-01  3.6492719E+01  3.3724577E-02
  6.4517181E-01  3.6381591E+01  3.4137982E-02
  6.4966246E-01  3.6272546E+01  3.4555589E-02
  6.5418436E-01  3.6164771E+01  3.4977416E-02
  6.5873774E-01  3.6057478E+01  3.5403477E-02
  6.6332280E-01  3.5949904E+01  3.5833789E-02
  6.6793977E-01  3.5841312E+01  3.6268364E-02
  6.7258887E-01  3.5730995E+01  3.6707215E-02
  6.7727034E-01  3.5618276E+01  3.7150356E-02
  6.8198438E-01  3.5502507E+01  3.7597796E-02
  6.8673123E-01  3.5383071E+01  3.8049545E-02
  6.9151111E-01  3.5259385E+01  3.8505613E-02
  6.9632426E-01  3.5130899E+01  3.8966006E-02
  7.0117091E-01  3.4997093E+01  3.9430731E-02
  7.0605129E-01  3.4857484E+01  3.9899792E-02
  7.1096563E-01  3.4711623E+01  4.0373194E-02
  7.1591418E-01  3.4559094E+01  4.0850937E-02
  7.2089717E-01  3.4399516E+01  4.1333024E-02
  7.2591483E-01  3.4232543E+01  4.1819453E-02
  7.3096742E-01  3.4057863E+01  4.2310221E-02
  7.3605517E-01  3.3875199E+01  4.2805326E-02
  7.4117833E-01  3.3684307E+01  4.3304760E-02
  7.4633714E-01  3.3484978E+01  4.3808516E-02
  7.5153186E-01  3.3277036E+01  4.4316586E-02
  7.5676273E-01  3.3060337E+01  4.4828958E-02
  7.6203000E-01  3.2834770E+01  4.5345619E-02
  7.6733393E-01  3.2600256E+01  4.5866554E-02
  7.7267478E-01  3.2356745E+01  4.6391745E-02
  7.7805279E-01  3.2104221E+01  4.6921174E-02
  7.8346824E-01  3.1842692E+01  4.7454819E-02
  7.8892137E-01  3.1572200E+01  4.7992656E-02
  7.9441245E-01  3.1292809E+01  4.8534658E-02
  7.9994175E-01  3.1004613E+01  4.9080797E-02
  8.0550954E-01  3.0707731E+01  4.9631042E-02
  8.1111607E-01  3.0402305E+01  5.0185360E-02
  8.1676162E-01  3.0088500E+01  5.0743712E-02
  8.2244646E-01  2.9766505E+01  5.1306061E-02
  8.2817086E-01  2.9436528E+01  5.1872363E-02
  8.3393511E-01  2.9098797E+01  5.2442575E-02
  8.3973947E-01  2.8753559E+01  5.3016646E-02
  8.4558423E-01  2.8401077E+01  5.3594527E-02
  8.5146966E-01  2.8041633E+01  5.4176162E-02
  8.5739605E-01  2.7675519E+01  5.4761494E-02
  8.6336369E-01  2.7303045E+01  5.5350461E-02
  8.6937286E-01  2.6924531E+01  5.5942997E-02
  8.7542386E-01  2.6540308E+01  5.6539036E-02
  8.8151696E-01  2.6150718E+01  5.7138503E-02
  8.8765247E-01  2.5756110E+01  5.7741323E-02
  8.9383068E-01  2.5356842E+01  5.8347415E-02
  9.0005189E-01  2.4953278E+01  5.8956696E-02
  9.0631640E-01  2.4545786E+01  5.9569077E-02
  9.1262450E-01  2.4134740E+01  6.0184464E-02
  9.1897650E-01  2.3720515E+01  6.0802760E-02
  9.2537272E-01  2.3303489E+01  6.1423864E-02
  9.3181344E-01  2.2884041E+01  6.2047670E-02
  9.3829900E-01  2.2462550E+01  6.2674064E-02
  9.4482969E-01  2.2039392E+01  6.3302932E-02
  9.5140583E-01  2.1614943E+01  6.3934152E-02
  9.5802773E-01  2.1189576E+01  6.4567597E-02
  9.6469572E-01  2.0763660E+01  6.5203135E-02
  9.7141012E-01  2.0337559E+01  6.5840630E-02
  9.7817125E-01  1.9911632E+01  6.6479936E-02
  9.8497943E-01  1.9486232E+01  6.7120907E-02
  9.9183500E-01  1.9061706E+01  6.7763387E-02
  9.9873827E-01  1.8638392E+01  6.8407216E-02
  1.0056896E+00  1.8216622E+01  6.9052226E-02
  1.0126893E+00  1.7796718E+01  6.9698244E-02
  1.0197377E+00  1.7378994E+01  7.0345091E-02
  1.0268352E+00  1.6963754E+01  7.0992579E-02
  1.0339820E+00  1.6551293E+01  7.1640517E-02
  1.0411786E+00  1.6141895E+01  7.2288703E-02
  1.0484253E+00  1.5735834E+01  7.2936931E-02
  1.0557224E+00  1.5333373E+01  7.3584986E-02
  1.0630704E+00  1.4934763E+01  7.4232645E-02
  1.0704694E+00  1.4540245E+01  7.4879681E-02
  1.0779199E+00  1.4150048E+01  7.5525854E-02
  1.0854223E+00  1.3764388E+01  7.6170921E-02
  1.0929769E+00  1.3383473E+01  7.6814628E-02
  1.1005841E+00  1.3007495E+01  7.7456714E-02
  1.1082442E+00  1.2636636E+01  7.8096909E-02
  1.1159577E+00  1.2271066E+01  7.8734935E-02
  1.1237248E+00  1.1910944E+01  7.9370505E-02
  1.1315460E+00  1.1556416E+01  8.0003322E-02
  1.1394216E+00  1.1207616E+01  8.0633083E-02
  1.1473520E+00  1.0864669E+01  8.1259474E-02
  1.1553376E+00  1.0527684E+01  8.1882170E-02
  1.1633788E+00  1.0196764E+01  8.2500839E-02
  1.1714759E+00  9.8719971E+00  8.3115139E-02
  1.1796294E+00  9.5534617E+00  8.3724718E-02
  1.1878397E+00  9.2412258E+00  8.4329213E-02
  1.1961070E+00  8.9353467E+00  8.4928253E-02
  1.2044320E+00  8.6358716E+00  8.5521454E-02
  1.2128148E+00  8.3428377E+00  8.6108425E-02
  1.2212560E+00  8.0562726E+00  8.6688761E-02
  1.2297560E+00  7.7761949E+00  8.7262049E-02
  1.2383151E+00  7.5026138E+00  8.7827865E-02
  1.2469338E+00  7.2355302E+00  8.8385772E-02
  1.2556124E+00  6.9749363E+00  8.8935326E-02
  1.2643515E+00  6.7208166E+00  8.9476067E-02
  1.2731513E+00  6.4731478E+00  9.0007528E-02
  1.2820125E+00  6.2318994E+00  9.0529228E-02
  1.2909352E+00  5.9970336E+00  9.1040677E-02
  1.2999201E+00  5.7685065E+00  9.1541371E-02
  1.3089675E+00  5.5462675E+00  9.2030798E-02
  1.3180779E+00  5.3302602E+00  9.2508431E-02
  1.3272517E+00  5.1204226E+00  9.2973734E-02
  1.3364893E+00  4.9166875E+00  9.3426158E-02
  1.3457913E+00  4.7189828E+00  9.3865142E-02
  1.3551579E+00  4.5272317E+00  9.4290117E-02
  1.3645898E+00  4.3413532E+00  9.4700497E-02
  1.3740873E+00  4.1612624E+00  9.5095690E-02
  1.3836509E+00  3.9868707E+00  9.5475090E-02
  1.3932810E+00  3.8180862E+00  9.5838079E-02
  1.4029782E+00  3.6548141E+00  9.6184029E-02
  1.4127428E+00  3.4969566E+00  9.6512302E-02
  1.4225754E+00  3.3444137E+00  9.6822247E-02
  1.4324765E+00  3.1970831E+00  9.7113204E-02
  1.4424464E+00  3.0548604E+00  9.7384501E-02
  1.4524858E+00  2.9176399E+00  9.7635459E-02
  1.4625950E+00  2.7853141E+00  9.7865385E-02
  1.4727746E+00  2.6577746E+00  9.8073579E-02
  1.4830250E+00  2.5349118E+00  9.8259332E-02
  1.4933467E+00  2.4166156E+00  9.8421924E-02
  1.5037403E+00  2.3027752E+00  9.8560630E-02
  1.5142062E+00  2.1932795E+00  9.8674714E-02
  1.5247450E+00  2.0880172E+00  9.8763435E-02
  1.5353571E+00  1.9868771E+00  9.8826043E-02
  1.5460430E+00  1.8897482E+00  9.8861784E-02
  1.5568033E+00  1.7965200E+00  9.8869898E-02
  1.5676386E+00  1.7070822E+00  9.8849620E-02
  1.5785492E+00  1.6213255E+00  9.8800181E-02
  1.5895357E+00  1.5391413E+00  9.8720809E-02
  1.6005988E+00  1.4604218E+00  9.8610730E-02
  1.6117388E+00  1.3850606E+00  9.8469172E-02
  1.6229563E+00  1.3129522E+00  9.8295357E-02
  1.6342519E+00  1.2439925E+00  9.8088515E-02
  1.6456261E+00  1.1780788E+00  9.7847873E-02
  1.6570795E+00  1.1151098E+00  9.7572667E-02
  1.6686126E+00  1.0549858E+00  9.7262134E-02
  1.6802260E+00  9.9760877E-01  9.6915520E-02
  1.6919202E+00  9.4288240E-01  9.6532080E-02
  1.7036957E+00  8.9071211E-01  9.6111080E-02
  1.7155532E+00  8.4100517E-01  9.5651797E-02
  1.7274933E+00  7.9367073E-01  9.5153522E-02
  1.7395164E+00  7.4861988E-01  9.4615565E-02
  1.7516233E+00  7.0576564E-01  9.4037252E-02
  1.7638143E+00  6.6502306E-01  9.3417933E-02
  1.7760903E+00  6.2630920E-01  9.2756981E-02
  1.7884516E+00  5.8954316E-01  9.2053795E-02
  1.8008990E+00  5.5464612E-01  9.1307804E-02
  1.8134330E+00  5.2154133E-01  9.0518470E-02
  1.8260543E+00  4.9015413E-01  8.9685293E-02
  1.8387633E+00  4.6041193E-01  8.8807809E-02
  1.8515609E+00  4.3224424E-01  8.7885600E-02
  1.8644475E+00  4.0558266E-01  8.6918295E-02
  1.8774238E+00  3.8036085E-01  8.5905574E-02
  1.8904904E+00  3.5651455E-01  8.4847172E-02
  1.9036479E+00  3.3398152E-01  8.3742888E-02
  1.9168970E+00  3.1270158E-01  8.2592583E-02
  1.9302383E+00  2.9261656E-01  8.1396190E-02
  1.9436725E+00  2.7367024E-01  8.0153719E-02
  1.9572001E+00  2.5580840E-01  7.8865261E-02
  1.9708219E+00  2.3897873E-01  7.7530996E-02
  1.9845385E+00  2.2313084E-01  7.6151198E-02
  1.9983506E+00  2.0821619E-01  7.4726245E-02
  2.0122588E+00  1.9418808E-01  7.3256621E-02
  2.0262638E+00  1.8100162E-01  7.1742929E-02
  2.0403662E+00  1.6861367E-01  7.0185893E-02
  2.0545668E+00  1.5698284E-01  6.8586375E-02
  2.0688663E+00  1.4606939E-01  6.6945374E-02
  2.0832652E+00  1.3583525E-01  6.5264045E-02
  2.0977644E+00  1.2624396E-01  6.3543700E-02
  2.1123645E+00  1.1726060E-01  6.1785826E-02
  2.1270661E+00  1.0885180E-01  5.9992091E-02
  2.1418701E+00  1.0098563E-01  5.8164359E-02
  2.1567772E+00  9.3631637E-02  5.6304698E-02
  2.1717879E+00  8.6760738E-02  5.4415398E-02
  2.1869032E+00  8.0345205E-02  5.2498978E-02
  2.2021236E+00  7.4358617E-02  5.0558208E-02
  2.2174500E+00  6.8775819E-02  4.8596118E-02
  2.2328830E+00  6.3572874E-02  4.6616016E-02
  2.2484234E+00  5.8727027E-02  4.4621501E-02
  2.2640720E+00  5.4216660E-02  4.2616488E-02
  2.2798295E+00  5.0021248E-02  4.0605217E-02
  2.2956967E+00  4.6121325E-02  3.8592279E-02
  2.3116743E+00  4.2498437E-02  3.6582634E-02
  2.3277631E+00  3.9135104E-02  3.4581628E-02
  2.3439639E+00  3.6014784E-02  3.2595023E-02
  2.3602774E+00  3.3121830E-02  3.0629012E-02
  2.3767044E+00  3.0441457E-02  2.8690250E-02
  2.3932458E+00  2.7959701E-02  2.6785875E-02
  2.4099023E+00  2.5663388E-02  2.4923538E-02
  2.4266747E+00  2.3540095E-02  2.3111428E-02
  2.4435638E+00  2.1578116E-02  2.1358305E-02
  2.4605705E+00  1.9766432E-02  1.9673528E-02
  2.4776956E+00  1.8094678E-02  1.8067090E-02
  2.4949398E+00  1.6553107E-02  1.6549650E-02
  2.5123040E+00  1.5132569E-02  1.5132569E-02
  2.5297891E+00  1.3824471E-02  1.3824471E-02
  2.5473959E+00  1.2620758E-02  1.2620758E-02
  2.5651252E+00  1.1513880E-02  1.1513880E-02
  2.5829779E+00  1.0496766E-02  1.0496766E-02
  2.6009549E+00  9.5628034E-03  9.5628034E-03
  2.6190569E+00  8.7058071E-03  8.7058071E-03
  2.6372850E+00  7.9200001E-03  7.9200001E-03
  2.6556399E+00  7.1999902E-03  7.1999902E-03
  2.6741225E+00  6.5407477E-03  6.5407477E-03
  2.6927338E+00  5.9375853E-03  5.9375853E-03
  2.7114746E+00  5.3861380E-03  5.3861380E-03
  2.7303458E+00  4.8823444E-03  4.8823444E-03
  2.7493484E+00  4.4224285E-03  4.4224285E-03
  2.7684832E+00  4.0028825E-03  4.0028825E-03
  2.7877512E+00  3.6204504E-03  3.6204504E-03
  2.8071533E+00  3.2721122E-03  3.2721122E-03
  2.8266904E+00  2.9550695E-03  2.9550695E-03
  2.8463635E+00  2.6667310E-03  2.6667310E-03
  2.8661735E+00  2.4046993E-03  2.4046993E-03
  2.8861213E+00  2.1667581E-03  2.1667581E-03
  2.9062080E+00  1.9508603E-03  1.9508603E-03
  2.9264345E+00  1.7551168E-03  1.7551168E-03
  2.9468018E+00  1.5777855E-03  1.5777855E-03
  2.9673108E+00  1.4172612E-03  1.4172612E-03
  2.9879625E+00  1.2720665E-03  1.2720665E-03
  3.0087580E+00  1.1408423E-03  1.1408423E-03
  3.0296982E+00  1.0223396E-03  1.0223396E-03
  3.0507841E+00  9.1541159E-04  9.1541159E-04
  3.0720168E+00  8.1900604E-04  8.1900604E-04
  3.0933973E+00  7.3215850E-04  7.3215850E-04
  3.1149265E+00  6.5398565E-04  6.5398565E-04
  3.1366056E+00  5.8367920E-04  5.8367920E-04
  3.1584355E+00  5.2050013E-04  5.2050013E-04
  3.1804174E+00  4.6377340E-04  4.6377340E-04
  3.2025523E+00  4.1288289E-04  4.1288289E-04
  3.2248412E+00  3.6726681E-04  3.6726681E-04
  3.2472853E+00  3.2641332E-04  3.2641332E-04
  3.2698855E+00  2.8985653E-04  2.8985653E-04
  3.2926430E+00  2.5717273E-04  2.5717273E-04
  3.3155590E+00  2.2797696E-04  2.2797696E-04
  3.3386344E+00  2.0191973E-04  2.0191973E-04
  3.3618703E+00  1.7868406E-04  1.7868406E-04
  3.3852680E+00  1.5798275E-04  1.5798275E-04
  3.4088286E+00  1.3955576E-04  1.3955576E-04
  3.4325531E+00  1.2316791E-04  1.2316791E-04
  3.4564427E+00  1.0860667E-04  1.0860667E-04
  3.4804986E+00  9.5680178E-05  9.5680178E-05
  3.5047219E+00  8.4215366E-05  8.4215366E-05
  3.5291138E+00  7.4056290E-05  7.4056290E-05
  3.5536755E+00  6.5062558E-05  6.5062558E-05
  3.5784081E+00  5.7107900E-05  5.7107900E-05
  3.6033128E+00  5.0078853E-05  5.0078853E-05
  3.6283908E+00  4.3873567E-05  4.3873567E-05
  3.6536434E+00  3.8400697E-05  3.8400697E-05
  3.6790717E+00  3.3578405E-05  3.3578405E-05
  3.7046770E+00  2.9333439E-05  2.9333439E-05
  3.7304605E+00  2.5600297E-05  2.5600297E-05
  3.7564234E+00  2.2320464E-05  2.2320464E-05
  3.7825671E+00  1.9441723E-05  1.9441723E-05
  3.8088926E+00  1.6917518E-05  1.6917518E-05
  3.8354014E+00  1.4706385E-05  1.4706385E-05
  3.8620947E+00  1.2771433E-05  1.2771433E-05
  3.8889737E+00  1.1079871E-05  1.1079871E-05
  3.9160399E+00  9.6025847E-06  9.6025847E-06
  3.9432944E+00  8.3137479E-06  8.3137479E-06
  3.9707385E+00  7.1904774E-06  7.1904774E-06
  3.9983737E+00  6.2125180E-06  6.2125180E-06
  4.0262012E+00  5.3619590E-06  5.3619590E-06
  4.0542223E+00  4.6229803E-06  4.6229803E-06
  4.0824385E+00  3.9816228E-06  3.9816228E-06
  4.1108511E+00  3.4255829E-06  3.4255829E-06
  4.1394614E+00  2.9440276E-06  2.9440276E-06
  4.1682708E+00  2.5274294E-06  2.5274294E-06
  4.1972807E+00  2.1674178E-06  2.1674178E-06
  4.2264925E+00  1.8566470E-06  1.8566470E-06
  4.2559076E+00  1.5886777E-06  1.5886777E-06
  4.2855274E+00  1.3578714E-06  1.3578714E-06
  4.3153534E+00  1.1592963E-06  1.1592963E-06
  4.3453869E+00  9.8864370E-07  9.8864370E-07
  4.3756295E+00  8.4215346E-07  8.4215346E-07
  4.4060825E+00  7.1654798E-07  7.1654798E-07
  4.4367475E+00  6.0897355E-07  6.0897355E-07
  4.4676259E+00  5.1694837E-07  5.1694837E-07
  4.4987191E+00  4.3831665E-07  4.3831665E-07
  4.5300288E+00  3.7120794E-07  3.7120794E-07
  4.5615564E+00  3.1400131E-07  3.1400131E-07
  4.5933034E+00  2.6529372E-07  2.6529372E-07
  4.6252714E+00  2.2387221E-07  2.2387221E-07
  4.6574618E+00  1.8868939E-07  1.8868939E-07
  4.6898763E+00  1.5884194E-07  1.5884194E-07
  4.7225163E+00  1.3355176E-07  1.3355176E-07
  4.7553836E+00  1.1214945E-07  1.1214945E-07
  4.7884795E+00  9.4059797E-08  9.4059797E-08
  4.8218058E+00  7.8789182E-08  7.8789182E-08
  4.8553640E+00  6.5914518E-08  6.5914518E-08
  4.8891558E+00  5.5073639E-08  5.5073639E-08
  4.9231828E+00  4.5956920E-08  4.5956920E-08
  4.9574465E+00  3.8299997E-08  3.8299997E-08
  4.9919488E+00  3.1877442E-08  3.1877442E-08
  5.0266911E+00  2.6497281E-08  2.6497281E-08
  5.0616753E+00  2.1996241E-08  2.1996241E-08
  5.0969029E+00  1.8235645E-08  1.8235645E-08
  5.1323757E+00  1.5097862E-08  1.5097862E-08
  5.1680953E+00  1.2483248E-08  1.2483248E-08
  5.2040636E+00  1.0307509E-08  1.0307509E-08
  5.2402822E+00  8.4994324E-09  8.4994324E-09
  5.2767528E+00  6.9989411E-09  6.9989411E-09
  5.3134773E+00  5.7554205E-09  5.7554205E-09
  5.3504573E+00  4.7262878E-09  4.7262878E-09
  5.3876948E+00  3.8757675E-09  3.8757675E-09
  5.4251913E+00  3.1738453E-09  3.1738453E-09
  5.4629489E+00  2.5953761E-09  2.5953761E-09
  5.5009692E+00  2.1193240E-09  2.1193240E-09
  5.5392541E+00  1.7281161E-09  1.7281161E-09
  5.5778055E+00  1.4070934E-09  1.4070934E-09
  5.6166251E+00  1.1440456E-09  1.1440456E-09
  5.6557149E+00  9.2881672E-10  9.2881672E-10
  5.6950768E+00  7.5297212E-10  7.5297212E-10
  5.7347126E+00  6.0951696E-10  6.0951696E-10
  5.7746243E+00  4.9265915E-10  4.9265915E-10
  5.8148138E+00  3.9760969E-10  3.9760969E-10
  5.8552829E+00  3.2041496E-10  3.2041496E-10
  5.8960337E+00  2.5781592E-10  2.5781592E-10
  5.9370681E+00  2.0713025E-10  2.0713025E-10
  5.9783881E+00  1.6615362E-10  1.6615362E-10
  6.0199956E+00  1.3307737E-10  1.3307737E-10
  6.0618927E+00  1.0641977E-10  1.0641977E-10
  6.1040814E+00  8.4968839E-11  8.4968839E-11
  6.1465637E+00  6.7734791E-11  6.7734791E-11
  6.1893417E+00  5.3910594E-11  5.3910594E-11
  6.2324174E+00  4.2839272E-11  4.2839272E-11
  6.2757929E+00  3.3986862E-11  3.3986862E-11
  6.3194702E+00  2.6920083E-11  2.6920083E-11
  6.3634516E+00  2.1287927E-11  2.1287927E-11
  6.4077390E+00  1.6806498E-11  1.6806498E-11
  6.4523346E+00  1.3246562E-11  1.3246562E-11
  6.4972407E+00  1.0423326E-11  1.0423326E-11
  6.5424592E+00  8.1880755E-12  8.1880755E-12
  6.5879924E+00  6.4213260E-12  6.4213260E-12
  6.6338426E+00  5.0272443E-12  5.0272443E-12
  6.6800118E+00  3.9290956E-12  3.9290956E-12
  6.7265023E+00  3.0655432E-12  3.0655432E-12
  6.7733164E+00  2.3876430E-12  2.3876430E-12
  6.8204563E+00  1.8564072E-12  1.8564072E-12
  6.8679243E+00  1.4408333E-12  1.4408333E-12
  6.9157227E+00  1.1163119E-12  1.1163119E-12
  6.9638537E+00  8.6334306E-13  8.6334306E-13
  7.0123196E+00  6.6650258E-13  6.6650258E-13
  7.0611229E+00  5.1361230E-13  5.1361230E-13
  7.1102658E+00  3.9507417E-13  3.9507417E-13
  7.1597507E+00  3.0333739E-13  3.0333739E-13
  7.2095800E+00  2.3247258E-13  2.3247258E-13
  7.2597562E+00  1.7783218E-13  1.7783218E-13
  7.3102815E+00  1.3578009E-13  1.3578009E-13
  7.3611584E+00  1.0347685E-13  1.0347685E-13
  7.4123895E+00  7.8709267E-14  7.8709267E-14
  7.4639770E+00  5.9755553E-14  5.9755553E-14
  7.5159237E+00  4.5278756E-14  4.5278756E-14
  7.5682318E+00  3.4242745E-14  3.4242745E-14
  7.6209040E+00  2.5846072E-14  2.5846072E-14
  7.6739427E+00  1.9470019E-14  1.9470019E-14
  7.7273506E+00  1.4637872E-14  1.4637872E-14
  7.7811302E+00  1.0983055E-14  1.0983055E-14
  7.8352840E+00  8.2242413E-15  8.2242413E-15
  7.8898148E+00  6.1459605E-15  6.1459605E-15
  7.9447250E+00  4.5835151E-15  4.5835151E-15
  8.0000174E+00  3.4112712E-15  3.4112712E-15
  8.0556947E+00  2.5335890E-15  2.5335890E-15
  8.1117594E+00  1.8778117E-15  1.8778117E-15
  8.1682143E+00  1.3888566E-15  1.3888566E-15
  8.2250621E+00  1.0250519E-15  1.0250519E-15
  8.2823055E+00  7.5493724E-16  7.5493724E-16
  8.3399473E+00  5.5481198E-16  5.5481198E-16
  8.3979903E+00  4.0685927E-16  4.0685927E-16
  8.4564372E+00  2.9771409E-16  2.9771409E-16
  8.5152909E+00  2.1737253E-16  2.1737253E-16
  8.5745542E+00  1.5836286E-16  1.5836286E-16
  8.6342300E+00  1.1511679E-16  1.1511679E-16
  8.6943211E+00  8.3493731E-17  8.3493731E-17
  8.7548303E+00  6.0421585E-17  6.0421585E-17
  8.8157607E+00  4.3626116E-17  4.3626116E-17
  8.8771152E+00  3.1427530E-17  3.1427530E-17
  8.9388966E+00  2.2587923E-17  2.2587923E-17
  9.0011080E+00  1.6197116E-17  1.6197116E-17
  9.0637524E+00  1.1587438E-17  1.1587438E-17
  9.1268328E+00  8.2702454E-18  8.2702454E-18
  9.1903521E+00  5.8887559E-18  5.8887559E-18
  9.2543136E+00  4.1830758E-18  4.1830758E-18
  9.3187202E+00  2.9643382E-18  2.9643382E-18
  9.3835750E+00  2.0956192E-18  2.0956192E-18
  9.4488812E+00  1.4778908E-18  1.4778908E-18
  9.5146419E+00  1.0397055E-18  1.0397055E-18
  9.5808602E+00  7.2964063E-19  7.2964063E-19
  9.6475394E+00  5.1077657E-19  5.1077657E-19
  9.7146827E+00  3.5667179E-19  3.5667179E-19
  9.7822932E+00  2.4843622E-19  2.4843622E-19
  9.8503743E+00  1.7260838E-19  1.7260838E-19
  9.9189292E+00  1.1961953E-19  1.1961953E-19
  9.9879613E+00  8.2685225E-20  8.2685225E-20
  1.0057474E+01  5.7007460E-20  5.7007460E-20
  1.0127470E+01  3.9201773E-20  3.9201773E-20
  1.0197953E+01  2.6886990E-20  2.6886990E-20
  1.0268927E+01  1.8392185E-20  1.8392185E-20
  1.0340395E+01  1.2547905E-20  1.2547905E-20
  1.0412360E+01  8.5378403E-21  8.5378403E-21
  1.0484826E+01  5.7936963E-21  5.7936963E-21
  1.0557797E+01  3.9209049E-21  3.9209049E-21
  1.0631275E+01  2.6462552E-21  2.6462552E-21
  1.0705265E+01  1.7810817E-21  1.7810817E-21
  1.0779769E+01  1.1954584E-21  1.1954584E-21
  1.0854792E+01  8.0015735E-22  8.0015735E-22
  1.0930338E+01  5.3407020E-22  5.3407020E-22
  1.1006409E+01  3.5546346E-22  3.5546346E-22
  1.1083009E+01  2.3591571E-22  2.3591571E-22
  1.1160143E+01  1.5612613E-22  1.5612613E-22
  1.1237813E+01  1.0302500E-22  1.0302500E-22
  1.1316024E+01  6.7787370E-23  6.7787370E-23
  1.1394779E+01  4.4471935E-23  4.4471935E-23
  1.1474082E+01  2.9090131E-23  2.9090131E-23
  1.1553938E+01  1.8972257E-23  1.8972257E-23
  1.1634349E+01  1.2336648E-23  1.2336648E-23
  1.1715319E+01  7.9978151E-24  7.9978151E-24
  1.1796853E+01  5.1693103E-24  5.1693103E-24
  1.1878955E+01  3.3309793E-24  3.3309793E-24
  1.1961628E+01  2.1398350E-24  2.1398350E-24
  1.2044876E+01  1.3704038E-24  1.3704038E-24
  1.2128704E+01  8.7491836E-25  8.7491836E-25
  1.2213115E+01  5.5683690E-25  5.5683690E-25
  1.2298113E+01  3.5328131E-25  3.5328131E-25
  1.2383704E+01  2.2342723E-25  2.2342723E-25
  1.2469889E+01  1.4085262E-25  1.4085262E-25
  1.2556675E+01  8.8511068E-26  8.8511068E-26
  1.2644065E+01  5.5440165E-26  5.5440165E-26
  1.2732062E+01  3.4612748E-26  3.4612748E-26
  1.2820673E+01  2.1538853E-26  2.1538853E-26
  1.2909900E+01  1.3359007E-26  1.3359007E-26
  1.2999747E+01  8.2581181E-27  8.2581181E-27
  1.3090221E+01  5.0878389E-27  5.0878389E-27
  1.3181323E+01  3.1240717E-27  3.1240717E-27
  1.3273060E+01  1.9117625E-27  1.9117625E-27
  1.3365436E+01  1.1659020E-27  1.1659020E-27
  1.3458454E+01  7.0859018E-28  7.0859018E-28
  1.3552119E+01  4.2916361E-28  4.2916361E-28
  1.3646437E+01  2.5902100E-28  2.5902100E-28
  1.3741411E+01  1.5578332E-28  1.5578332E-28
  1.3837046E+01  9.3362036E-29  9.3362036E-29
  1.3933346E+01  5.5753546E-29  5.5753546E-29
  1.4030317E+01  3.3175451E-29  3.3175451E-29
  1.4127962E+01  1.9669467E-29  1.9669467E-29
  1.4226287E+01  1.1619541E-29  1.1619541E-29
  1.4325297E+01  6.8390387E-30  6.8390387E-30
  1.4424995E+01  4.0105130E-30  4.0105130E-30
  1.4525388E+01  2.3431091E-30  2.3431091E-30
  1.4626478E+01  1.3638346E-30  1.3638346E-30
  1.4728273E+01  7.9085390E-31  7.9085390E-31
  1.4830776E+01  4.5686191E-31  4.5686191E-31
  1.4933992E+01  2.6291561E-31  2.6291561E-31
  1.5037927E+01  1.5072285E-31  1.5072285E-31
  1.5142585E+01  8.6071945E-32  8.6071945E-32
  1.5247972E+01  4.8961226E-32  4.8961226E-32
  1.5354091E+01  2.7742106E-32  2.7742106E-32
  1.5460950E+01  1.5657097E-32  1.5657097E-32
  1.5568552E+01  8.8014841E-33  8.8014841E-33
  1.5676903E+01  4.9278951E-33  4.9278951E-33
  1.5786008E+01  2.7479944E-33  2.7479944E-33
  1.5895872E+01  1.5261842E-33  1.5261842E-33
  1.6006501E+01  8.4415581E-34  8.4415581E-34
  1.6117900E+01  4.6499737E-34  4.6499737E-34
  1.6230074E+01  2.5508107E-34  2.5508107E-34
  1.6343029E+01  1.3934563E-34  1.3934563E-34
  1.6456770E+01  7.5802459E-35  7.5802459E-35
  1.6571303E+01  4.1061553E-35  4.1061553E-35
  1.6686633E+01  2.2148072E-35  2.2148072E-35
  1.6802765E+01  1.1895235E-35  1.1895235E-35
  1.6919706E+01  6.3611227E-36  6.3611227E-36
  1.7037460E+01  3.3869214E-36  3.3869214E-36
  1.7156034E+01  1.7954527E-36  1.7954527E-36
  1.7275433E+01  9.4760454E-37  9.4760454E-37
  1.7395663E+01  4.9791050E-37  4.9791050E-37
  1.7516730E+01  2.6045521E-37  2.6045521E-37
  1.7638640E+01  1.3563099E-37  1.3563099E-37
  1.7761397E+01  7.0309720E-38  7.0309720E-38
  1.7885010E+01  3.6281785E-38  3.6281785E-38
  1.8009482E+01  1.8636528E-38  1.8636528E-38
  1.8134821E+01  9.5286323E-39  9.5286323E-39
  1.8261032E+01  4.8492141E-39  4.8492141E-39
  1.8388122E+01  2.4562541E-39  2.4562541E-39
  1.8516096E+01  1.2382895E-39  1.2382895E-39
  1.8644960E+01  6.2130352E-40  6.2130352E-40
  1.8774722E+01  3.1024425E-40  3.1024425E-40
  1.8905386E+01  1.5417271E-40  1.5417271E-40
  1.9036960E+01  7.6243097E-41  7.6243097E-41
  1.9169450E+01  3.7520457E-41  3.7520457E-41
  1.9302861E+01  1.8373652E-41  1.8373652E-41
  1.9437201E+01  8.9529826E-42  8.9529826E-42
  1.9572477E+01  4.3408009E-42  4.3408009E-42
  1.9708693E+01  2.0940486E-42  2.0940486E-42
  1.9845858E+01  1.0050860E-42  1.0050860E-42
  1.9983977E+01  4.7995871E-43  4.7995871E-43
  2.0123057E+01  2.2802021E-43  2.2802021E-43
  2.0263106E+01  1.0776955E-43  1.0776955E-43
  2.0404129E+01  5.0670637E-44  5.0670637E-44
  2.0546133E+01  2.3699463E-44  2.3699463E-44
  2.0689126E+01  1.1026218E-44  1.1026218E-44
  2.0833114E+01  5.1027541E-45  5.1027541E-45
  2.0978104E+01  2.3488569E-45  2.3488569E-45
  2.1124103E+01  1.0753903E-45  1.0753903E-45
  2.1271118E+01  4.8968519E-46  4.8968519E-46
  2.1419157E+01  2.2176484E-46  2.2176484E-46
  2.1568226E+01  9.9879581E-47  9.9879581E-47
  2.1718332E+01  4.4735505E-47  4.4735505E-47
  2.1869482E+01  1.9925204E-47  1.9925204E-47
  2.2021685E+01  8.8249266E-48  8.8249266E-48
  2.2174947E+01  3.8865143E-48  3.8865143E-48
  2.2329276E+01  1.7018965E-48  1.7018965E-48
  2.2484679E+01  7.4099000E-49  7.4099000E-49
  2.2641163E+01  3.2075928E-49  3.2075928E-49
  2.2798736E+01  1.3804399E-49  1.3804399E-49
  2.2957406E+01  5.9062184E-50  5.9062184E-50
  2.3117180E+01  2.5121030E-50  2.5121030E-50
  2.3278066E+01  1.0621440E-50  1.0621440E-50
  2.3440072E+01  4.4640529E-51  4.4640529E-51
  2.3603206E+01  1.8649066E-51  1.8649066E-51
  2.3767474E+01  7.7436972E-52  7.7436972E-52
  2.3932886E+01  3.1958378E-52  3.1958378E-52
  2.4099450E+01  1.3108338E-52  1.3108338E-52
  2.4267172E+01  5.3434081E-53  5.3434081E-53
  2.4436062E+01  2.1646021E-53  2.1646021E-53
  2.4606127E+01  8.7138055E-54  8.7138055E-54
  2.4777375E+01  3.4856887E-54  3.4856887E-54
  2.4949816E+01  1.3854825E-54  1.3854825E-54
  2.5123456E+01  5.4717451E-55  5.4717451E-55
  2.5298305E+01  2.1470567E-55  2.1470567E-55
  2.5474371E+01  8.3701712E-56  8.3701712E-56
  2.5651662E+01  3.2417430E-56  3.2417430E-56
  2.5830187E+01  1.2472580E-56  1.2472580E-56
  2.6009955E+01  4.7670245E-57  4.7670245E-57
  2.6190974E+01  1.8098045E-57  1.8098045E-57
  2.6373252E+01  6.8247814E-58  6.8247814E-58
  2.6556799E+01  2.5562194E-58  2.5562194E-58
  2.6741624E+01  9.5090944E-59  9.5090944E-59
  2.6927734E+01  3.5131041E-59  3.5131041E-59
  2.7115140E+01  1.2889402E-59  1.2889402E-59
  2.7303851E+01  4.6961642E-60  4.6961642E-60
  2.7493874E+01  1.6990310E-60  1.6990310E-60
  2.7685220E+01  6.1035907E-61  6.1035907E-61
  2.7877898E+01  2.1770783E-61  2.1770783E-61
  2.8071917E+01  7.7098420E-62  7.7098420E-62
  2.8267286E+01  2.7106773E-62  2.7106773E-62
  2.8464015E+01  9.4612621E-63  9.4612621E-63
  2.8662112E+01  3.2782109E-63  3.2782109E-63
  2.8861589E+01  1.1275021E-63  1.1275021E-63
  2.9062454E+01  3.8491913E-64  3.8491913E-64
  2.9264717E+01  1.3042794E-64  1.3042794E-64
  2.9468387E+01  4.3862952E-65  4.3862952E-65
  2.9673475E+01  1.4639565E-65  1.4639565E-65
  2.9879990E+01  4.8488459E-66  4.8488459E-66
  3.0087942E+01  1.5936946E-66  1.5936946E-66
  3.0297342E+01  5.1976232E-67  5.1976232E-67
  3.0508199E+01  1.6819526E-67  1.6819526E-67
  3.0720524E+01  5.4001769E-68  5.4001769E-68
  3.0934326E+01  1.7201386E-68  1.7201386E-68
  3.1149616E+01  5.4357062E-69  5.4357062E-69
  3.1366404E+01  1.7039671E-69  1.7039671E-69
  3.1584702E+01  5.2985195E-70  5.2985195E-70
  3.1804518E+01  1.6342223E-70  1.6342223E-70
  3.2025865E+01  4.9992637E-71  4.9992637E-71
  3.2248751E+01  1.5167503E-71  1.5167503E-71
  3.2473189E+01  4.5636245E-72  4.5636245E-72
  3.2699189E+01  1.3616578E-72  1.3616578E-72
  3.2926762E+01  4.0286780E-73  4.0286780E-73
  3.3155919E+01  1.1818647E-73  1.1818647E-73
  3.3386670E+01  3.4376165E-74  3.4376165E-74
  3.3619028E+01  9.9130041E-75  9.9130041E-75
  3.3853002E+01  2.8339019E-75  2.8339019E-75
  3.4088605E+01  8.0309937E-76  8.0309937E-76
  3.4325848E+01  2.2559622E-76  2.2559622E-76
  3.4564742E+01  6.2812381E-77  6.2812381E-77
  3.4805298E+01  1.7333342E-77  1.7333342E-77
  3.5047528E+01  4.7404049E-78  4.7404049E-78
  3.5291445E+01  1.2847448E-78  1.2847448E-78
  3.5537058E+01  3.4503147E-79  3.4503147E-79
  3.5784382E+01  9.1814807E-80  9.1814807E-80
  3.6033426E+01  2.4207534E-80  2.4207534E-80
  3.6284204E+01  6.3232972E-81  6.3232972E-81
  3.6536727E+01  1.6363003E-81  1.6363003E-81
  3.6791007E+01  4.1944956E-82  4.1944956E-82
  3.7047057E+01  1.0650366E-82  1.0650366E-82
  3.7304890E+01  2.6784764E-83  2.6784764E-83
  3.7564516E+01  6.6714452E-84  6.6714452E-84
  3.7825950E+01  1.6456249E-84  1.6456249E-84
  3.8089203E+01  4.0196698E-85  4.0196698E-85
  3.8354288E+01  9.7222789E-86  9.7222789E-86
  3.8621218E+01  2.3282695E-86  2.3282695E-86
  3.8890005E+01  5.5202019E-87  5.5202019E-87
  3.9160663E+01  1.2956928E-87  1.2956928E-87
  3.9433205E+01  3.0105307E-88  3.0105307E-88
  3.9707644E+01  6.9238287E-89  6.9238287E-89
  3.9983993E+01  1.5760860E-89  1.5760860E-89
  4.0262265E+01  3.5506805E-90  3.5506805E-90
  4.0542473E+01  7.9160580E-91  7.9160580E-91
  4.0824632E+01  1.7463822E-91  1.7463822E-91
  4.1108755E+01  3.8121464E-92  3.8121464E-92
  4.1394854E+01  8.2331601E-93  8.2331601E-93
  4.1682945E+01  1.7591251E-93  1.7591251E-93
  4.1973041E+01  3.7181446E-94  3.7181446E-94
  4.2265156E+01  7.7735805E-95  7.7735805E-95
  4.2559304E+01  1.6074847E-95  1.6074847E-95
  4.2855499E+01  3.2875235E-96  3.2875235E-96
  4.3153755E+01  6.6489367E-97  6.6489367E-97
  4.3454088E+01  1.3297243E-97  1.3297243E-97
  4.3756510E+01  2.6294297E-98  2.6294297E-98
  4.4061037E+01  5.1406287E-99  5.1406287E-99
  4.4367683E+01  9.9354940-100  9.9354940-100
  4.4676464E+01  1.8982124-100  1.8982124-100
  4.4987394E+01  3.5846397-101  3.5846397-101
  4.5300487E+01  6.6904369-102  6.6904369-102
  4.5615760E+01  1.2340544-102  1.2340544-102
  4.5933226E+01  2.2492996-103  2.2492996-103
  4.6252902E+01  4.0509360-104  4.0509360-104
  4.6574803E+01  7.2080894-105  7.2080894-105
  4.6898944E+01  1.2670768-105  1.2670768-105
  4.7225341E+01  2.2002123-106  2.2002123-106
  4.7554010E+01  3.7736860-107  3.7736860-107
  4.7884966E+01  6.3924400-108  6.3924400-108
  4.8218225E+01  1.0693679-108  1.0693679-108
  4.8553804E+01  1.7664721-109  1.7664721-109
  4.8891718E+01  2.8811421-110  2.8811421-110
  4.9231984E+01  4.6393767-111  4.6393767-111
  4.9574618E+01  7.3747964-112  7.3747964-112
  4.9919637E+01  1.1571613-112  1.1571613-112
  5.0267057E+01  1.7920449-113  1.7920449-113
  5.0616894E+01  2.7388750-114  2.7388750-114
  5.0969167E+01  4.1306722-115  4.1306722-115
  5.1323891E+01  6.1468255-116  6.1468255-116
  5.1681084E+01  9.0244074-117  9.0244074-117
  5.2040762E+01  1.3070126-117  1.3070126-117
  5.2402944E+01  1.8671935-118  1.8671935-118
  5.2767647E+01  2.6308864-119  2.6308864-119
  5.3134887E+01  3.6557159-120  3.6557159-120
  5.3504684E+01  5.0090368-121  5.0090368-121
  5.3877054E+01  6.7670738-122  6.7670738-122
  5.4252016E+01  9.0129195-123  9.0129195-123
  5.4629587E+01  1.1833153-123  1.1833153-123
  5.5009786E+01  1.5312918-124  1.5312918-124
  5.5392631E+01  1.9529428-125  1.9529428-125
  5.5778141E+01  2.4544052-126  2.4544052-126
  5.6166333E+01  3.0393366-127  3.0393366-127
  5.6557227E+01  3.7079790-128  3.7079790-128
  5.6950842E+01  4.4562679-129  4.4562679-129
  5.7347196E+01  5.2750912-130  5.2750912-130
  5.7746308E+01  6.1498131-131  6.1498131-131
  5.8148198E+01  7.0601703-132  7.0601703-132
  5.8552885E+01  7.9806322-133  7.9806322-133
  5.8960389E+01  8.8812738-134  8.8812738-134
  5.9370728E+01  9.7291635-135  9.7291635-135
  5.9783924E+01  1.0490203-135  1.0490203-135
  6.0199995E+01  1.1131297-136  1.1131297-136
  6.0618961E+01  1.1622669-137  1.1622669-137
  6.1040844E+01  1.1940109-138  1.1940109-138
  6.1465662E+01  1.2066926-139  1.2066926-139
  6.1893437E+01  1.1995375-140  1.1995375-140
  6.2324190E+01  1.1727414-141  1.1727414-141
  6.2757940E+01  1.1274662-142  1.1274662-142
  6.3194709E+01  1.0657586-143  1.0657586-143
  6.3634517E+01  9.9039525-145  9.9039525-145
  6.4077387E+01  9.0467478-146  9.0467478-146
  6.4523338E+01  8.1217526-147  8.1217526-147
  6.4972394E+01  7.1650434-148  7.1650434-148
  6.5424574E+01  6.2106558-149  6.2106558-149
  6.5879902E+01  5.2886246-150  5.2886246-150
  6.6338398E+01  4.4235510-151  4.4235510-151
  6.6800085E+01  3.6337749-152  3.6337749-152
  6.7264986E+01  2.9311539-153  2.9311539-153
  6.7733122E+01  2.3213843-154  2.3213843-154
  6.8204516E+01  1.8047487-155  1.8047487-155
  6.8679191E+01  0.0000000E+00  0.0000000E+00
  6.9157169E+01  0.0000000E+00  0.0000000E+00
  6.9638474E+01  0.0000000E+00  0.0000000E+00
  7.0123128E+01  0.0000000E+00  0.0000000E+00
  7.0611155E+01  0.0000000E+00  0.0000000E+00
  7.1102579E+01  0.0000000E+00  0.0000000E+00
  7.1597423E+01  0.0000000E+00  0.0000000E+00
  7.2095711E+01  0.0000000E+00  0.0000000E+00
  7.2597467E+01  0.0000000E+00  0.0000000E+00
  7.3102715E+01  0.0000000E+00  0.0000000E+00
  7.3611479E+01  0.0000000E+00  0.0000000E+00
  7.4123783E+01  0.0000000E+00  0.0000000E+00
  7.4639654E+01  0.0000000E+00  0.0000000E+00
  7.5159114E+01  0.0000000E+00  0.0000000E+00
  7.5682190E+01  0.0000000E+00  0.0000000E+00
  7.6208906E+01  0.0000000E+00  0.0000000E+00
  7.6739288E+01  0.0000000E+00  0.0000000E+00
  7.7273361E+01  0.0000000E+00  0.0000000E+00
  7.7811151E+01  0.0000000E+00  0.0000000E+00
  7.8352684E+01  0.0000000E+00  0.0000000E+00
  7.8897985E+01  0.0000000E+00  0.0000000E+00
  7.9447082E+01  0.0000000E+00  0.0000000E+00
  8.0000000E+01  0.0000000E+00  0.0000000E+00
