 # l=           0 basis function with energy   -0.331154606942976     
  0.0000E+00  0.0000E+00  0.0000E+00  0.0000E+00
  5.3042E-07  8.7821E-05 -5.9789E-07 -2.5018E-06
  1.0645E-06  1.4783E-04 -1.1999E-06 -5.0211E-06
  1.6023E-06  2.0069E-04 -1.8062E-06 -7.5579E-06
  2.1439E-06  2.4949E-04 -2.4166E-06 -1.0112E-05
  2.6893E-06  2.9549E-04 -3.0313E-06 -1.2684E-05
  3.2384E-06  3.3950E-04 -3.6503E-06 -1.5275E-05
  3.7913E-06  3.8195E-04 -4.2736E-06 -1.7883E-05
  4.3481E-06  4.2312E-04 -4.9013E-06 -2.0509E-05
  4.9088E-06  4.6326E-04 -5.5333E-06 -2.3154E-05
  5.4734E-06  5.0251E-04 -6.1697E-06 -2.5817E-05
  6.0419E-06  5.4101E-04 -6.8105E-06 -2.8498E-05
  6.6144E-06  5.7886E-04 -7.4558E-06 -3.1198E-05
  7.1908E-06  6.1613E-04 -8.1055E-06 -3.3917E-05
  7.7713E-06  6.5291E-04 -8.7598E-06 -3.6655E-05
  8.3558E-06  6.8924E-04 -9.4187E-06 -3.9412E-05
  8.9444E-06  7.2518E-04 -1.0082E-05 -4.2188E-05
  9.5370E-06  7.6077E-04 -1.0750E-05 -4.4984E-05
  1.0134E-05  7.9603E-04 -1.1423E-05 -4.7798E-05
  1.0735E-05  8.3101E-04 -1.2100E-05 -5.0633E-05
  1.1340E-05  8.6573E-04 -1.2782E-05 -5.3487E-05
  1.1949E-05  9.0022E-04 -1.3469E-05 -5.6361E-05
  1.2563E-05  9.3450E-04 -1.4161E-05 -5.9255E-05
  1.3181E-05  9.6859E-04 -1.4857E-05 -6.2170E-05
  1.3803E-05  1.0025E-03 -1.5559E-05 -6.5104E-05
  1.4429E-05  1.0363E-03 -1.6265E-05 -6.8059E-05
  1.5060E-05  1.0699E-03 -1.6976E-05 -7.1034E-05
  1.5695E-05  1.1034E-03 -1.7692E-05 -7.4031E-05
  1.6335E-05  1.1367E-03 -1.8413E-05 -7.7048E-05
  1.6979E-05  1.1700E-03 -1.9139E-05 -8.0086E-05
  1.7628E-05  1.2032E-03 -1.9870E-05 -8.3145E-05
  1.8281E-05  1.2362E-03 -2.0606E-05 -8.6225E-05
  1.8938E-05  1.2692E-03 -2.1348E-05 -8.9327E-05
  1.9601E-05  1.3022E-03 -2.2094E-05 -9.2451E-05
  2.0267E-05  1.3351E-03 -2.2846E-05 -9.5596E-05
  2.0939E-05  1.3679E-03 -2.3603E-05 -9.8763E-05
  2.1615E-05  1.4007E-03 -2.4365E-05 -1.0195E-04
  2.2296E-05  1.4334E-03 -2.5132E-05 -1.0516E-04
  2.2981E-05  1.4661E-03 -2.5905E-05 -1.0840E-04
  2.3672E-05  1.4988E-03 -2.6683E-05 -1.1165E-04
  2.4367E-05  1.5315E-03 -2.7467E-05 -1.1493E-04
  2.5067E-05  1.5642E-03 -2.8256E-05 -1.1823E-04
  2.5772E-05  1.5968E-03 -2.9050E-05 -1.2156E-04
  2.6482E-05  1.6294E-03 -2.9850E-05 -1.2491E-04
  2.7196E-05  1.6621E-03 -3.0656E-05 -1.2828E-04
  2.7916E-05  1.6947E-03 -3.1467E-05 -1.3167E-04
  2.8641E-05  1.7274E-03 -3.2284E-05 -1.3509E-04
  2.9371E-05  1.7600E-03 -3.3107E-05 -1.3853E-04
  3.0105E-05  1.7927E-03 -3.3935E-05 -1.4200E-04
  3.0845E-05  1.8254E-03 -3.4769E-05 -1.4549E-04
  3.1590E-05  1.8581E-03 -3.5609E-05 -1.4900E-04
  3.2341E-05  1.8908E-03 -3.6455E-05 -1.5254E-04
  3.3096E-05  1.9236E-03 -3.7306E-05 -1.5611E-04
  3.3857E-05  1.9564E-03 -3.8164E-05 -1.5969E-04
  3.4623E-05  1.9892E-03 -3.9027E-05 -1.6331E-04
  3.5394E-05  2.0221E-03 -3.9897E-05 -1.6695E-04
  3.6171E-05  2.0550E-03 -4.0772E-05 -1.7061E-04
  3.6953E-05  2.0879E-03 -4.1654E-05 -1.7430E-04
  3.7741E-05  2.1209E-03 -4.2542E-05 -1.7801E-04
  3.8534E-05  2.1540E-03 -4.3436E-05 -1.8175E-04
  3.9332E-05  2.1871E-03 -4.4336E-05 -1.8552E-04
  4.0137E-05  2.2202E-03 -4.5242E-05 -1.8931E-04
  4.0946E-05  2.2534E-03 -4.6155E-05 -1.9313E-04
  4.1762E-05  2.2867E-03 -4.7074E-05 -1.9698E-04
  4.2583E-05  2.3200E-03 -4.8000E-05 -2.0085E-04
  4.3410E-05  2.3533E-03 -4.8932E-05 -2.0475E-04
  4.4242E-05  2.3868E-03 -4.9870E-05 -2.0868E-04
  4.5080E-05  2.4203E-03 -5.0815E-05 -2.1263E-04
  4.5925E-05  2.4539E-03 -5.1767E-05 -2.1661E-04
  4.6775E-05  2.4875E-03 -5.2725E-05 -2.2062E-04
  4.7631E-05  2.5212E-03 -5.3690E-05 -2.2466E-04
  4.8492E-05  2.5550E-03 -5.4661E-05 -2.2873E-04
  4.9360E-05  2.5889E-03 -5.5639E-05 -2.3282E-04
  5.0234E-05  2.6228E-03 -5.6625E-05 -2.3694E-04
  5.1114E-05  2.6568E-03 -5.7616E-05 -2.4109E-04
  5.2000E-05  2.6909E-03 -5.8615E-05 -2.4527E-04
  5.2893E-05  2.7251E-03 -5.9621E-05 -2.4948E-04
  5.3791E-05  2.7593E-03 -6.0634E-05 -2.5372E-04
  5.4696E-05  2.7937E-03 -6.1654E-05 -2.5799E-04
  5.5607E-05  2.8281E-03 -6.2681E-05 -2.6228E-04
  5.6525E-05  2.8626E-03 -6.3715E-05 -2.6661E-04
  5.7448E-05  2.8972E-03 -6.4756E-05 -2.7097E-04
  5.8379E-05  2.9319E-03 -6.5805E-05 -2.7536E-04
  5.9315E-05  2.9667E-03 -6.6861E-05 -2.7977E-04
  6.0259E-05  3.0016E-03 -6.7924E-05 -2.8422E-04
  6.1208E-05  3.0366E-03 -6.8995E-05 -2.8870E-04
  6.2165E-05  3.0716E-03 -7.0073E-05 -2.9321E-04
  6.3128E-05  3.1068E-03 -7.1158E-05 -2.9776E-04
  6.4098E-05  3.1421E-03 -7.2251E-05 -3.0233E-04
  6.5074E-05  3.1774E-03 -7.3352E-05 -3.0694E-04
  6.6057E-05  3.2129E-03 -7.4460E-05 -3.1158E-04
  6.7048E-05  3.2485E-03 -7.5577E-05 -3.1625E-04
  6.8045E-05  3.2842E-03 -7.6700E-05 -3.2095E-04
  6.9049E-05  3.3200E-03 -7.7832E-05 -3.2568E-04
  7.0060E-05  3.3559E-03 -7.8972E-05 -3.3045E-04
  7.1078E-05  3.3919E-03 -8.0119E-05 -3.3525E-04
  7.2103E-05  3.4280E-03 -8.1275E-05 -3.4009E-04
  7.3135E-05  3.4642E-03 -8.2438E-05 -3.4496E-04
  7.4174E-05  3.5005E-03 -8.3610E-05 -3.4986E-04
  7.5221E-05  3.5370E-03 -8.4790E-05 -3.5480E-04
  7.6275E-05  3.5735E-03 -8.5978E-05 -3.5977E-04
  7.7336E-05  3.6102E-03 -8.7174E-05 -3.6477E-04
  7.8405E-05  3.6470E-03 -8.8378E-05 -3.6981E-04
  7.9481E-05  3.6839E-03 -8.9591E-05 -3.7489E-04
  8.0564E-05  3.7209E-03 -9.0813E-05 -3.8000E-04
  8.1655E-05  3.7581E-03 -9.2043E-05 -3.8515E-04
  8.2754E-05  3.7953E-03 -9.3281E-05 -3.9033E-04
  8.3860E-05  3.8327E-03 -9.4528E-05 -3.9555E-04
  8.4975E-05  3.8702E-03 -9.5784E-05 -4.0080E-04
  8.6096E-05  3.9079E-03 -9.7048E-05 -4.0609E-04
  8.7226E-05  3.9457E-03 -9.8322E-05 -4.1142E-04
  8.8363E-05  3.9835E-03 -9.9604E-05 -4.1679E-04
  8.9509E-05  4.0216E-03 -1.0090E-04 -4.2219E-04
  9.0662E-05  4.0597E-03 -1.0220E-04 -4.2763E-04
  9.1824E-05  4.0980E-03 -1.0350E-04 -4.3311E-04
  9.2993E-05  4.1364E-03 -1.0482E-04 -4.3862E-04
  9.4171E-05  4.1750E-03 -1.0615E-04 -4.4418E-04
  9.5356E-05  4.2136E-03 -1.0749E-04 -4.4977E-04
  9.6550E-05  4.2524E-03 -1.0883E-04 -4.5540E-04
  9.7753E-05  4.2914E-03 -1.1019E-04 -4.6107E-04
  9.8964E-05  4.3305E-03 -1.1155E-04 -4.6678E-04
  1.0018E-04  4.3697E-03 -1.1293E-04 -4.7254E-04
  1.0141E-04  4.4090E-03 -1.1431E-04 -4.7833E-04
  1.0265E-04  4.4485E-03 -1.1570E-04 -4.8416E-04
  1.0389E-04  4.4882E-03 -1.1711E-04 -4.9003E-04
  1.0514E-04  4.5280E-03 -1.1852E-04 -4.9594E-04
  1.0641E-04  4.5679E-03 -1.1994E-04 -5.0189E-04
  1.0768E-04  4.6080E-03 -1.2138E-04 -5.0789E-04
  1.0896E-04  4.6482E-03 -1.2282E-04 -5.1392E-04
  1.1025E-04  4.6885E-03 -1.2427E-04 -5.2000E-04
  1.1154E-04  4.7290E-03 -1.2573E-04 -5.2612E-04
  1.1285E-04  4.7697E-03 -1.2721E-04 -5.3229E-04
  1.1417E-04  4.8105E-03 -1.2869E-04 -5.3849E-04
  1.1549E-04  4.8514E-03 -1.3018E-04 -5.4474E-04
  1.1683E-04  4.8925E-03 -1.3169E-04 -5.5104E-04
  1.1817E-04  4.9338E-03 -1.3320E-04 -5.5737E-04
  1.1952E-04  4.9752E-03 -1.3473E-04 -5.6375E-04
  1.2088E-04  5.0167E-03 -1.3626E-04 -5.7018E-04
  1.2226E-04  5.0584E-03 -1.3781E-04 -5.7665E-04
  1.2364E-04  5.1003E-03 -1.3937E-04 -5.8316E-04
  1.2503E-04  5.1423E-03 -1.4093E-04 -5.8973E-04
  1.2643E-04  5.1845E-03 -1.4251E-04 -5.9633E-04
  1.2784E-04  5.2269E-03 -1.4410E-04 -6.0298E-04
  1.2926E-04  5.2694E-03 -1.4570E-04 -6.0968E-04
  1.3069E-04  5.3120E-03 -1.4731E-04 -6.1643E-04
  1.3213E-04  5.3548E-03 -1.4894E-04 -6.2322E-04
  1.3358E-04  5.3978E-03 -1.5057E-04 -6.3006E-04
  1.3504E-04  5.4410E-03 -1.5222E-04 -6.3694E-04
  1.3651E-04  5.4843E-03 -1.5387E-04 -6.4388E-04
  1.3799E-04  5.5278E-03 -1.5554E-04 -6.5086E-04
  1.3948E-04  5.5714E-03 -1.5722E-04 -6.5789E-04
  1.4098E-04  5.6152E-03 -1.5892E-04 -6.6497E-04
  1.4249E-04  5.6592E-03 -1.6062E-04 -6.7210E-04
  1.4402E-04  5.7033E-03 -1.6234E-04 -6.7928E-04
  1.4555E-04  5.7477E-03 -1.6406E-04 -6.8651E-04
  1.4709E-04  5.7922E-03 -1.6580E-04 -6.9379E-04
  1.4865E-04  5.8368E-03 -1.6755E-04 -7.0112E-04
  1.5021E-04  5.8817E-03 -1.6932E-04 -7.0850E-04
  1.5179E-04  5.9267E-03 -1.7109E-04 -7.1594E-04
  1.5337E-04  5.9718E-03 -1.7288E-04 -7.2342E-04
  1.5497E-04  6.0172E-03 -1.7468E-04 -7.3096E-04
  1.5658E-04  6.0627E-03 -1.7650E-04 -7.3855E-04
  1.5820E-04  6.1085E-03 -1.7832E-04 -7.4619E-04
  1.5983E-04  6.1543E-03 -1.8016E-04 -7.5388E-04
  1.6147E-04  6.2004E-03 -1.8202E-04 -7.6163E-04
  1.6313E-04  6.2467E-03 -1.8388E-04 -7.6943E-04
  1.6479E-04  6.2931E-03 -1.8576E-04 -7.7729E-04
  1.6647E-04  6.3397E-03 -1.8765E-04 -7.8520E-04
  1.6816E-04  6.3865E-03 -1.8955E-04 -7.9317E-04
  1.6986E-04  6.4335E-03 -1.9147E-04 -8.0119E-04
  1.7157E-04  6.4807E-03 -1.9340E-04 -8.0927E-04
  1.7330E-04  6.5280E-03 -1.9534E-04 -8.1740E-04
  1.7503E-04  6.5756E-03 -1.9730E-04 -8.2559E-04
  1.7678E-04  6.6233E-03 -1.9927E-04 -8.3384E-04
  1.7854E-04  6.6712E-03 -2.0126E-04 -8.4215E-04
  1.8032E-04  6.7193E-03 -2.0326E-04 -8.5051E-04
  1.8210E-04  6.7676E-03 -2.0527E-04 -8.5893E-04
  1.8390E-04  6.8161E-03 -2.0729E-04 -8.6741E-04
  1.8571E-04  6.8648E-03 -2.0933E-04 -8.7595E-04
  1.8753E-04  6.9137E-03 -2.1139E-04 -8.8455E-04
  1.8937E-04  6.9628E-03 -2.1346E-04 -8.9320E-04
  1.9122E-04  7.0121E-03 -2.1554E-04 -9.0192E-04
  1.9308E-04  7.0615E-03 -2.1764E-04 -9.1070E-04
  1.9495E-04  7.1112E-03 -2.1975E-04 -9.1954E-04
  1.9684E-04  7.1611E-03 -2.2188E-04 -9.2844E-04
  1.9874E-04  7.2111E-03 -2.2402E-04 -9.3741E-04
  2.0065E-04  7.2614E-03 -2.2618E-04 -9.4643E-04
  2.0258E-04  7.3118E-03 -2.2835E-04 -9.5552E-04
  2.0452E-04  7.3625E-03 -2.3054E-04 -9.6467E-04
  2.0647E-04  7.4134E-03 -2.3274E-04 -9.7389E-04
  2.0844E-04  7.4645E-03 -2.3496E-04 -9.8317E-04
  2.1042E-04  7.5157E-03 -2.3719E-04 -9.9251E-04
  2.1242E-04  7.5672E-03 -2.3944E-04 -1.0019E-03
  2.1443E-04  7.6189E-03 -2.4170E-04 -1.0114E-03
  2.1645E-04  7.6708E-03 -2.4398E-04 -1.0209E-03
  2.1849E-04  7.7229E-03 -2.4628E-04 -1.0305E-03
  2.2054E-04  7.7753E-03 -2.4859E-04 -1.0402E-03
  2.2260E-04  7.8278E-03 -2.5092E-04 -1.0500E-03
  2.2468E-04  7.8805E-03 -2.5326E-04 -1.0598E-03
  2.2678E-04  7.9335E-03 -2.5562E-04 -1.0696E-03
  2.2889E-04  7.9866E-03 -2.5800E-04 -1.0796E-03
  2.3101E-04  8.0400E-03 -2.6039E-04 -1.0896E-03
  2.3315E-04  8.0936E-03 -2.6280E-04 -1.0997E-03
  2.3530E-04  8.1474E-03 -2.6523E-04 -1.1098E-03
  2.3747E-04  8.2015E-03 -2.6768E-04 -1.1201E-03
  2.3965E-04  8.2557E-03 -2.7014E-04 -1.1304E-03
  2.4185E-04  8.3102E-03 -2.7261E-04 -1.1407E-03
  2.4406E-04  8.3649E-03 -2.7511E-04 -1.1512E-03
  2.4629E-04  8.4198E-03 -2.7762E-04 -1.1617E-03
  2.4854E-04  8.4749E-03 -2.8015E-04 -1.1723E-03
  2.5080E-04  8.5303E-03 -2.8270E-04 -1.1829E-03
  2.5307E-04  8.5859E-03 -2.8526E-04 -1.1937E-03
  2.5536E-04  8.6417E-03 -2.8785E-04 -1.2045E-03
  2.5767E-04  8.6977E-03 -2.9045E-04 -1.2154E-03
  2.6000E-04  8.7539E-03 -2.9307E-04 -1.2263E-03
  2.6234E-04  8.8104E-03 -2.9571E-04 -1.2374E-03
  2.6469E-04  8.8671E-03 -2.9836E-04 -1.2485E-03
  2.6706E-04  8.9241E-03 -3.0104E-04 -1.2597E-03
  2.6945E-04  8.9812E-03 -3.0373E-04 -1.2709E-03
  2.7186E-04  9.0386E-03 -3.0644E-04 -1.2823E-03
  2.7428E-04  9.0963E-03 -3.0917E-04 -1.2937E-03
  2.7672E-04  9.1541E-03 -3.1192E-04 -1.3052E-03
  2.7918E-04  9.2122E-03 -3.1469E-04 -1.3168E-03
  2.8165E-04  9.2706E-03 -3.1748E-04 -1.3285E-03
  2.8414E-04  9.3291E-03 -3.2029E-04 -1.3402E-03
  2.8665E-04  9.3880E-03 -3.2311E-04 -1.3520E-03
  2.8917E-04  9.4470E-03 -3.2596E-04 -1.3640E-03
  2.9172E-04  9.5063E-03 -3.2883E-04 -1.3760E-03
  2.9428E-04  9.5658E-03 -3.3171E-04 -1.3880E-03
  2.9686E-04  9.6256E-03 -3.3462E-04 -1.4002E-03
  2.9945E-04  9.6856E-03 -3.3754E-04 -1.4124E-03
  3.0207E-04  9.7458E-03 -3.4049E-04 -1.4248E-03
  3.0470E-04  9.8063E-03 -3.4346E-04 -1.4372E-03
  3.0735E-04  9.8670E-03 -3.4645E-04 -1.4497E-03
  3.1002E-04  9.9280E-03 -3.4946E-04 -1.4623E-03
  3.1271E-04  9.9892E-03 -3.5249E-04 -1.4750E-03
  3.1541E-04  1.0051E-02 -3.5554E-04 -1.4877E-03
  3.1814E-04  1.0112E-02 -3.5861E-04 -1.5006E-03
  3.2088E-04  1.0174E-02 -3.6170E-04 -1.5135E-03
  3.2365E-04  1.0237E-02 -3.6482E-04 -1.5266E-03
  3.2643E-04  1.0299E-02 -3.6796E-04 -1.5397E-03
  3.2923E-04  1.0362E-02 -3.7111E-04 -1.5529E-03
  3.3206E-04  1.0425E-02 -3.7430E-04 -1.5662E-03
  3.3490E-04  1.0488E-02 -3.7750E-04 -1.5796E-03
  3.3776E-04  1.0551E-02 -3.8072E-04 -1.5931E-03
  3.4064E-04  1.0615E-02 -3.8397E-04 -1.6067E-03
  3.4354E-04  1.0679E-02 -3.8724E-04 -1.6204E-03
  3.4646E-04  1.0743E-02 -3.9053E-04 -1.6342E-03
  3.4940E-04  1.0808E-02 -3.9385E-04 -1.6480E-03
  3.5236E-04  1.0873E-02 -3.9719E-04 -1.6620E-03
  3.5535E-04  1.0938E-02 -4.0055E-04 -1.6761E-03
  3.5835E-04  1.1003E-02 -4.0394E-04 -1.6902E-03
  3.6138E-04  1.1068E-02 -4.0735E-04 -1.7045E-03
  3.6442E-04  1.1134E-02 -4.1078E-04 -1.7189E-03
  3.6749E-04  1.1200E-02 -4.1423E-04 -1.7333E-03
  3.7058E-04  1.1267E-02 -4.1772E-04 -1.7479E-03
  3.7368E-04  1.1333E-02 -4.2122E-04 -1.7626E-03
  3.7682E-04  1.1400E-02 -4.2475E-04 -1.7773E-03
  3.7997E-04  1.1467E-02 -4.2830E-04 -1.7922E-03
  3.8314E-04  1.1534E-02 -4.3188E-04 -1.8072E-03
  3.8634E-04  1.1602E-02 -4.3549E-04 -1.8223E-03
  3.8956E-04  1.1670E-02 -4.3911E-04 -1.8375E-03
  3.9280E-04  1.1738E-02 -4.4277E-04 -1.8527E-03
  3.9607E-04  1.1807E-02 -4.4645E-04 -1.8681E-03
  3.9935E-04  1.1875E-02 -4.5015E-04 -1.8836E-03
  4.0266E-04  1.1944E-02 -4.5388E-04 -1.8993E-03
  4.0600E-04  1.2014E-02 -4.5764E-04 -1.9150E-03
  4.0935E-04  1.2083E-02 -4.6142E-04 -1.9308E-03
  4.1273E-04  1.2153E-02 -4.6523E-04 -1.9467E-03
  4.1613E-04  1.2223E-02 -4.6907E-04 -1.9628E-03
  4.1956E-04  1.2293E-02 -4.7293E-04 -1.9790E-03
  4.2301E-04  1.2364E-02 -4.7682E-04 -1.9952E-03
  4.2648E-04  1.2435E-02 -4.8074E-04 -2.0116E-03
  4.2998E-04  1.2506E-02 -4.8468E-04 -2.0281E-03
  4.3351E-04  1.2577E-02 -4.8865E-04 -2.0447E-03
  4.3705E-04  1.2649E-02 -4.9265E-04 -2.0615E-03
  4.4063E-04  1.2721E-02 -4.9668E-04 -2.0783E-03
  4.4422E-04  1.2793E-02 -5.0073E-04 -2.0953E-03
  4.4784E-04  1.2866E-02 -5.0481E-04 -2.1124E-03
  4.5149E-04  1.2939E-02 -5.0892E-04 -2.1296E-03
  4.5516E-04  1.3012E-02 -5.1306E-04 -2.1469E-03
  4.5886E-04  1.3085E-02 -5.1723E-04 -2.1643E-03
  4.6259E-04  1.3159E-02 -5.2143E-04 -2.1819E-03
  4.6634E-04  1.3233E-02 -5.2566E-04 -2.1996E-03
  4.7011E-04  1.3307E-02 -5.2991E-04 -2.2174E-03
  4.7391E-04  1.3382E-02 -5.3420E-04 -2.2353E-03
  4.7774E-04  1.3457E-02 -5.3852E-04 -2.2534E-03
  4.8160E-04  1.3532E-02 -5.4286E-04 -2.2716E-03
  4.8548E-04  1.3607E-02 -5.4724E-04 -2.2899E-03
  4.8939E-04  1.3683E-02 -5.5164E-04 -2.3083E-03
  4.9333E-04  1.3759E-02 -5.5608E-04 -2.3269E-03
  4.9729E-04  1.3835E-02 -5.6055E-04 -2.3456E-03
  5.0128E-04  1.3912E-02 -5.6505E-04 -2.3644E-03
  5.0530E-04  1.3989E-02 -5.6958E-04 -2.3834E-03
  5.0935E-04  1.4066E-02 -5.7414E-04 -2.4025E-03
  5.1342E-04  1.4143E-02 -5.7873E-04 -2.4217E-03
  5.1753E-04  1.4221E-02 -5.8336E-04 -2.4410E-03
  5.2166E-04  1.4299E-02 -5.8802E-04 -2.4605E-03
  5.2582E-04  1.4377E-02 -5.9271E-04 -2.4801E-03
  5.3001E-04  1.4456E-02 -5.9743E-04 -2.4999E-03
  5.3423E-04  1.4535E-02 -6.0219E-04 -2.5198E-03
  5.3848E-04  1.4614E-02 -6.0697E-04 -2.5399E-03
  5.4275E-04  1.4694E-02 -6.1180E-04 -2.5600E-03
  5.4706E-04  1.4773E-02 -6.1665E-04 -2.5803E-03
  5.5140E-04  1.4854E-02 -6.2154E-04 -2.6008E-03
  5.5577E-04  1.4934E-02 -6.2647E-04 -2.6214E-03
  5.6017E-04  1.5015E-02 -6.3142E-04 -2.6422E-03
  5.6460E-04  1.5096E-02 -6.3642E-04 -2.6630E-03
  5.6905E-04  1.5177E-02 -6.4144E-04 -2.6841E-03
  5.7355E-04  1.5258E-02 -6.4651E-04 -2.7053E-03
  5.7807E-04  1.5340E-02 -6.5160E-04 -2.7266E-03
  5.8262E-04  1.5423E-02 -6.5674E-04 -2.7481E-03
  5.8721E-04  1.5505E-02 -6.6190E-04 -2.7697E-03
  5.9182E-04  1.5588E-02 -6.6711E-04 -2.7915E-03
  5.9647E-04  1.5671E-02 -6.7235E-04 -2.8134E-03
  6.0115E-04  1.5754E-02 -6.7763E-04 -2.8355E-03
  6.0587E-04  1.5838E-02 -6.8294E-04 -2.8577E-03
  6.1062E-04  1.5922E-02 -6.8829E-04 -2.8801E-03
  6.1540E-04  1.6006E-02 -6.9368E-04 -2.9027E-03
  6.2021E-04  1.6091E-02 -6.9910E-04 -2.9254E-03
  6.2506E-04  1.6176E-02 -7.0457E-04 -2.9482E-03
  6.2994E-04  1.6261E-02 -7.1007E-04 -2.9712E-03
  6.3485E-04  1.6346E-02 -7.1561E-04 -2.9944E-03
  6.3980E-04  1.6432E-02 -7.2119E-04 -3.0178E-03
  6.4478E-04  1.6518E-02 -7.2680E-04 -3.0413E-03
  6.4980E-04  1.6605E-02 -7.3246E-04 -3.0649E-03
  6.5485E-04  1.6692E-02 -7.3816E-04 -3.0888E-03
  6.5994E-04  1.6779E-02 -7.4389E-04 -3.1128E-03
  6.6506E-04  1.6866E-02 -7.4967E-04 -3.1369E-03
  6.7022E-04  1.6954E-02 -7.5548E-04 -3.1613E-03
  6.7542E-04  1.7041E-02 -7.6134E-04 -3.1858E-03
  6.8065E-04  1.7130E-02 -7.6723E-04 -3.2104E-03
  6.8592E-04  1.7218E-02 -7.7317E-04 -3.2353E-03
  6.9122E-04  1.7307E-02 -7.7915E-04 -3.2603E-03
  6.9656E-04  1.7396E-02 -7.8517E-04 -3.2855E-03
  7.0194E-04  1.7486E-02 -7.9123E-04 -3.3109E-03
  7.0736E-04  1.7576E-02 -7.9734E-04 -3.3364E-03
  7.1281E-04  1.7666E-02 -8.0348E-04 -3.3621E-03
  7.1830E-04  1.7756E-02 -8.0967E-04 -3.3880E-03
  7.2383E-04  1.7847E-02 -8.1591E-04 -3.4141E-03
  7.2940E-04  1.7938E-02 -8.2218E-04 -3.4404E-03
  7.3500E-04  1.8029E-02 -8.2850E-04 -3.4668E-03
  7.4065E-04  1.8121E-02 -8.3487E-04 -3.4934E-03
  7.4634E-04  1.8213E-02 -8.4127E-04 -3.5203E-03
  7.5206E-04  1.8305E-02 -8.4773E-04 -3.5473E-03
  7.5782E-04  1.8397E-02 -8.5423E-04 -3.5745E-03
  7.6363E-04  1.8490E-02 -8.6077E-04 -3.6018E-03
  7.6947E-04  1.8583E-02 -8.6736E-04 -3.6294E-03
  7.7536E-04  1.8677E-02 -8.7399E-04 -3.6572E-03
  7.8129E-04  1.8771E-02 -8.8067E-04 -3.6851E-03
  7.8725E-04  1.8865E-02 -8.8740E-04 -3.7133E-03
  7.9326E-04  1.8959E-02 -8.9417E-04 -3.7416E-03
  7.9931E-04  1.9054E-02 -9.0099E-04 -3.7702E-03
  8.0541E-04  1.9149E-02 -9.0786E-04 -3.7989E-03
  8.1154E-04  1.9244E-02 -9.1478E-04 -3.8278E-03
  8.1772E-04  1.9340E-02 -9.2174E-04 -3.8570E-03
  8.2394E-04  1.9436E-02 -9.2875E-04 -3.8863E-03
  8.3021E-04  1.9532E-02 -9.3582E-04 -3.9159E-03
  8.3652E-04  1.9628E-02 -9.4293E-04 -3.9456E-03
  8.4287E-04  1.9725E-02 -9.5009E-04 -3.9756E-03
  8.4926E-04  1.9822E-02 -9.5730E-04 -4.0058E-03
  8.5571E-04  1.9920E-02 -9.6456E-04 -4.0361E-03
  8.6219E-04  2.0017E-02 -9.7187E-04 -4.0667E-03
  8.6872E-04  2.0115E-02 -9.7923E-04 -4.0975E-03
  8.7530E-04  2.0214E-02 -9.8664E-04 -4.1286E-03
  8.8192E-04  2.0312E-02 -9.9411E-04 -4.1598E-03
  8.8859E-04  2.0411E-02 -1.0016E-03 -4.1912E-03
  8.9530E-04  2.0510E-02 -1.0092E-03 -4.2229E-03
  9.0207E-04  2.0610E-02 -1.0168E-03 -4.2548E-03
  9.0887E-04  2.0710E-02 -1.0245E-03 -4.2869E-03
  9.1573E-04  2.0810E-02 -1.0322E-03 -4.3193E-03
  9.2263E-04  2.0910E-02 -1.0400E-03 -4.3518E-03
  9.2958E-04  2.1011E-02 -1.0478E-03 -4.3846E-03
  9.3658E-04  2.1112E-02 -1.0557E-03 -4.4176E-03
  9.4363E-04  2.1213E-02 -1.0637E-03 -4.4509E-03
  9.5073E-04  2.1315E-02 -1.0717E-03 -4.4843E-03
  9.5788E-04  2.1417E-02 -1.0797E-03 -4.5181E-03
  9.6507E-04  2.1519E-02 -1.0878E-03 -4.5520E-03
  9.7232E-04  2.1621E-02 -1.0960E-03 -4.5862E-03
  9.7962E-04  2.1724E-02 -1.1042E-03 -4.6206E-03
  9.8697E-04  2.1827E-02 -1.1125E-03 -4.6553E-03
  9.9437E-04  2.1930E-02 -1.1209E-03 -4.6902E-03
  1.0018E-03  2.2034E-02 -1.1293E-03 -4.7253E-03
  1.0093E-03  2.2138E-02 -1.1377E-03 -4.7607E-03
  1.0169E-03  2.2242E-02 -1.1462E-03 -4.7963E-03
  1.0245E-03  2.2347E-02 -1.1548E-03 -4.8322E-03
  1.0321E-03  2.2451E-02 -1.1634E-03 -4.8683E-03
  1.0399E-03  2.2556E-02 -1.1721E-03 -4.9047E-03
  1.0476E-03  2.2662E-02 -1.1809E-03 -4.9414E-03
  1.0554E-03  2.2767E-02 -1.1897E-03 -4.9782E-03
  1.0633E-03  2.2873E-02 -1.1986E-03 -5.0154E-03
  1.0713E-03  2.2979E-02 -1.2075E-03 -5.0528E-03
  1.0792E-03  2.3086E-02 -1.2165E-03 -5.0905E-03
  1.0873E-03  2.3192E-02 -1.2256E-03 -5.1284E-03
  1.0954E-03  2.3299E-02 -1.2347E-03 -5.1666E-03
  1.1035E-03  2.3406E-02 -1.2439E-03 -5.2051E-03
  1.1117E-03  2.3514E-02 -1.2532E-03 -5.2438E-03
  1.1200E-03  2.3622E-02 -1.2625E-03 -5.2828E-03
  1.1283E-03  2.3730E-02 -1.2719E-03 -5.3220E-03
  1.1367E-03  2.3838E-02 -1.2813E-03 -5.3616E-03
  1.1452E-03  2.3946E-02 -1.2908E-03 -5.4014E-03
  1.1537E-03  2.4055E-02 -1.3004E-03 -5.4415E-03
  1.1622E-03  2.4164E-02 -1.3101E-03 -5.4819E-03
  1.1708E-03  2.4274E-02 -1.3198E-03 -5.5225E-03
  1.1795E-03  2.4383E-02 -1.3296E-03 -5.5635E-03
  1.1883E-03  2.4493E-02 -1.3394E-03 -5.6047E-03
  1.1971E-03  2.4603E-02 -1.3493E-03 -5.6462E-03
  1.2059E-03  2.4713E-02 -1.3593E-03 -5.6880E-03
  1.2148E-03  2.4824E-02 -1.3694E-03 -5.7301E-03
  1.2238E-03  2.4935E-02 -1.3795E-03 -5.7724E-03
  1.2329E-03  2.5046E-02 -1.3897E-03 -5.8151E-03
  1.2420E-03  2.5157E-02 -1.4000E-03 -5.8581E-03
  1.2512E-03  2.5269E-02 -1.4103E-03 -5.9014E-03
  1.2604E-03  2.5380E-02 -1.4207E-03 -5.9449E-03
  1.2697E-03  2.5492E-02 -1.4312E-03 -5.9888E-03
  1.2791E-03  2.5605E-02 -1.4418E-03 -6.0330E-03
  1.2885E-03  2.5717E-02 -1.4524E-03 -6.0775E-03
  1.2980E-03  2.5830E-02 -1.4631E-03 -6.1223E-03
  1.3076E-03  2.5943E-02 -1.4739E-03 -6.1674E-03
  1.3172E-03  2.6056E-02 -1.4847E-03 -6.2128E-03
  1.3269E-03  2.6169E-02 -1.4957E-03 -6.2586E-03
  1.3367E-03  2.6283E-02 -1.5067E-03 -6.3046E-03
  1.3465E-03  2.6396E-02 -1.5178E-03 -6.3510E-03
  1.3564E-03  2.6510E-02 -1.5289E-03 -6.3977E-03
  1.3664E-03  2.6625E-02 -1.5402E-03 -6.4447E-03
  1.3764E-03  2.6739E-02 -1.5515E-03 -6.4921E-03
  1.3865E-03  2.6853E-02 -1.5629E-03 -6.5398E-03
  1.3967E-03  2.6968E-02 -1.5744E-03 -6.5878E-03
  1.4069E-03  2.7083E-02 -1.5859E-03 -6.6361E-03
  1.4173E-03  2.7198E-02 -1.5975E-03 -6.6848E-03
  1.4277E-03  2.7314E-02 -1.6093E-03 -6.7338E-03
  1.4381E-03  2.7429E-02 -1.6211E-03 -6.7832E-03
  1.4487E-03  2.7545E-02 -1.6329E-03 -6.8329E-03
  1.4593E-03  2.7661E-02 -1.6449E-03 -6.8830E-03
  1.4700E-03  2.7777E-02 -1.6569E-03 -6.9334E-03
  1.4807E-03  2.7893E-02 -1.6691E-03 -6.9841E-03
  1.4916E-03  2.8009E-02 -1.6813E-03 -7.0352E-03
  1.5025E-03  2.8126E-02 -1.6936E-03 -7.0867E-03
  1.5134E-03  2.8243E-02 -1.7060E-03 -7.1385E-03
  1.5245E-03  2.8360E-02 -1.7184E-03 -7.1907E-03
  1.5357E-03  2.8477E-02 -1.7310E-03 -7.2433E-03
  1.5469E-03  2.8594E-02 -1.7436E-03 -7.2962E-03
  1.5582E-03  2.8711E-02 -1.7564E-03 -7.3494E-03
  1.5695E-03  2.8829E-02 -1.7692E-03 -7.4031E-03
  1.5810E-03  2.8946E-02 -1.7821E-03 -7.4571E-03
  1.5925E-03  2.9064E-02 -1.7951E-03 -7.5115E-03
  1.6041E-03  2.9182E-02 -1.8082E-03 -7.5663E-03
  1.6158E-03  2.9300E-02 -1.8214E-03 -7.6215E-03
  1.6276E-03  2.9418E-02 -1.8347E-03 -7.6770E-03
  1.6395E-03  2.9536E-02 -1.8480E-03 -7.7329E-03
  1.6514E-03  2.9654E-02 -1.8615E-03 -7.7893E-03
  1.6634E-03  2.9773E-02 -1.8750E-03 -7.8460E-03
  1.6755E-03  2.9891E-02 -1.8887E-03 -7.9031E-03
  1.6877E-03  3.0010E-02 -1.9024E-03 -7.9606E-03
  1.7000E-03  3.0129E-02 -1.9163E-03 -8.0185E-03
  1.7124E-03  3.0247E-02 -1.9302E-03 -8.0768E-03
  1.7248E-03  3.0366E-02 -1.9442E-03 -8.1355E-03
  1.7374E-03  3.0485E-02 -1.9584E-03 -8.1946E-03
  1.7500E-03  3.0604E-02 -1.9726E-03 -8.2542E-03
  1.7627E-03  3.0723E-02 -1.9869E-03 -8.3141E-03
  1.7755E-03  3.0842E-02 -2.0013E-03 -8.3745E-03
  1.7884E-03  3.0962E-02 -2.0159E-03 -8.4353E-03
  1.8013E-03  3.1081E-02 -2.0305E-03 -8.4965E-03
  1.8144E-03  3.1200E-02 -2.0452E-03 -8.5581E-03
  1.8276E-03  3.1320E-02 -2.0600E-03 -8.6202E-03
  1.8408E-03  3.1439E-02 -2.0750E-03 -8.6826E-03
  1.8542E-03  3.1558E-02 -2.0900E-03 -8.7456E-03
  1.8676E-03  3.1678E-02 -2.1052E-03 -8.8089E-03
  1.8811E-03  3.1797E-02 -2.1204E-03 -8.8728E-03
  1.8947E-03  3.1916E-02 -2.1358E-03 -8.9370E-03
  1.9085E-03  3.2036E-02 -2.1512E-03 -9.0017E-03
  1.9223E-03  3.2155E-02 -2.1668E-03 -9.0669E-03
  1.9362E-03  3.2275E-02 -2.1825E-03 -9.1325E-03
  1.9502E-03  3.2394E-02 -2.1983E-03 -9.1985E-03
  1.9643E-03  3.2513E-02 -2.2142E-03 -9.2650E-03
  1.9785E-03  3.2633E-02 -2.2302E-03 -9.3320E-03
  1.9928E-03  3.2752E-02 -2.2463E-03 -9.3995E-03
  2.0072E-03  3.2871E-02 -2.2625E-03 -9.4674E-03
  2.0217E-03  3.2991E-02 -2.2789E-03 -9.5358E-03
  2.0363E-03  3.3110E-02 -2.2953E-03 -9.6046E-03
  2.0510E-03  3.3229E-02 -2.3119E-03 -9.6740E-03
  2.0658E-03  3.3348E-02 -2.3286E-03 -9.7438E-03
  2.0807E-03  3.3467E-02 -2.3454E-03 -9.8141E-03
  2.0957E-03  3.3586E-02 -2.3623E-03 -9.8849E-03
  2.1108E-03  3.3704E-02 -2.3793E-03 -9.9562E-03
  2.1261E-03  3.3823E-02 -2.3965E-03 -1.0028E-02
  2.1414E-03  3.3941E-02 -2.4138E-03 -1.0100E-02
  2.1568E-03  3.4060E-02 -2.4312E-03 -1.0173E-02
  2.1724E-03  3.4178E-02 -2.4487E-03 -1.0246E-02
  2.1880E-03  3.4296E-02 -2.4663E-03 -1.0320E-02
  2.2038E-03  3.4414E-02 -2.4841E-03 -1.0395E-02
  2.2196E-03  3.4532E-02 -2.5020E-03 -1.0469E-02
  2.2356E-03  3.4650E-02 -2.5200E-03 -1.0545E-02
  2.2517E-03  3.4767E-02 -2.5381E-03 -1.0621E-02
  2.2679E-03  3.4885E-02 -2.5564E-03 -1.0697E-02
  2.2842E-03  3.5002E-02 -2.5748E-03 -1.0774E-02
  2.3006E-03  3.5119E-02 -2.5933E-03 -1.0851E-02
  2.3172E-03  3.5236E-02 -2.6119E-03 -1.0930E-02
  2.3338E-03  3.5352E-02 -2.6307E-03 -1.1008E-02
  2.3506E-03  3.5468E-02 -2.6496E-03 -1.1087E-02
  2.3675E-03  3.5585E-02 -2.6687E-03 -1.1167E-02
  2.3845E-03  3.5700E-02 -2.6878E-03 -1.1247E-02
  2.4016E-03  3.5816E-02 -2.7071E-03 -1.1328E-02
  2.4189E-03  3.5931E-02 -2.7266E-03 -1.1409E-02
  2.4362E-03  3.6046E-02 -2.7461E-03 -1.1491E-02
  2.4537E-03  3.6161E-02 -2.7659E-03 -1.1574E-02
  2.4713E-03  3.6276E-02 -2.7857E-03 -1.1657E-02
  2.4891E-03  3.6390E-02 -2.8057E-03 -1.1740E-02
  2.5069E-03  3.6504E-02 -2.8258E-03 -1.1824E-02
  2.5249E-03  3.6618E-02 -2.8461E-03 -1.1909E-02
  2.5430E-03  3.6731E-02 -2.8665E-03 -1.1995E-02
  2.5612E-03  3.6844E-02 -2.8870E-03 -1.2081E-02
  2.5796E-03  3.6956E-02 -2.9077E-03 -1.2167E-02
  2.5981E-03  3.7068E-02 -2.9286E-03 -1.2254E-02
  2.6167E-03  3.7180E-02 -2.9495E-03 -1.2342E-02
  2.6354E-03  3.7292E-02 -2.9707E-03 -1.2431E-02
  2.6543E-03  3.7403E-02 -2.9919E-03 -1.2520E-02
  2.6733E-03  3.7513E-02 -3.0133E-03 -1.2609E-02
  2.6924E-03  3.7624E-02 -3.0349E-03 -1.2699E-02
  2.7117E-03  3.7734E-02 -3.0566E-03 -1.2790E-02
  2.7311E-03  3.7843E-02 -3.0785E-03 -1.2882E-02
  2.7506E-03  3.7952E-02 -3.1005E-03 -1.2974E-02
  2.7703E-03  3.8060E-02 -3.1227E-03 -1.3067E-02
  2.7901E-03  3.8168E-02 -3.1450E-03 -1.3160E-02
  2.8101E-03  3.8276E-02 -3.1675E-03 -1.3254E-02
  2.8302E-03  3.8383E-02 -3.1902E-03 -1.3349E-02
  2.8504E-03  3.8489E-02 -3.2130E-03 -1.3444E-02
  2.8708E-03  3.8595E-02 -3.2359E-03 -1.3541E-02
  2.8913E-03  3.8700E-02 -3.2590E-03 -1.3637E-02
  2.9119E-03  3.8805E-02 -3.2823E-03 -1.3735E-02
  2.9327E-03  3.8909E-02 -3.3058E-03 -1.3833E-02
  2.9537E-03  3.9013E-02 -3.3294E-03 -1.3932E-02
  2.9747E-03  3.9116E-02 -3.3531E-03 -1.4031E-02
  2.9960E-03  3.9219E-02 -3.3771E-03 -1.4131E-02
  3.0174E-03  3.9320E-02 -3.4012E-03 -1.4232E-02
  3.0389E-03  3.9422E-02 -3.4254E-03 -1.4334E-02
  3.0606E-03  3.9522E-02 -3.4499E-03 -1.4436E-02
  3.0824E-03  3.9622E-02 -3.4745E-03 -1.4539E-02
  3.1044E-03  3.9721E-02 -3.4993E-03 -1.4642E-02
  3.1265E-03  3.9820E-02 -3.5242E-03 -1.4747E-02
  3.1488E-03  3.9918E-02 -3.5493E-03 -1.4852E-02
  3.1713E-03  4.0015E-02 -3.5746E-03 -1.4958E-02
  3.1939E-03  4.0111E-02 -3.6001E-03 -1.5064E-02
  3.2166E-03  4.0207E-02 -3.6258E-03 -1.5172E-02
  3.2395E-03  4.0302E-02 -3.6516E-03 -1.5280E-02
  3.2626E-03  4.0396E-02 -3.6776E-03 -1.5389E-02
  3.2858E-03  4.0489E-02 -3.7038E-03 -1.5498E-02
  3.3092E-03  4.0581E-02 -3.7302E-03 -1.5609E-02
  3.3328E-03  4.0673E-02 -3.7567E-03 -1.5720E-02
  3.3565E-03  4.0764E-02 -3.7835E-03 -1.5832E-02
  3.3804E-03  4.0854E-02 -3.8104E-03 -1.5944E-02
  3.4045E-03  4.0943E-02 -3.8375E-03 -1.6058E-02
  3.4287E-03  4.1031E-02 -3.8648E-03 -1.6172E-02
  3.4531E-03  4.1118E-02 -3.8923E-03 -1.6287E-02
  3.4777E-03  4.1204E-02 -3.9200E-03 -1.6403E-02
  3.5024E-03  4.1290E-02 -3.9479E-03 -1.6520E-02
  3.5273E-03  4.1374E-02 -3.9760E-03 -1.6637E-02
  3.5524E-03  4.1457E-02 -4.0042E-03 -1.6755E-02
  3.5776E-03  4.1540E-02 -4.0327E-03 -1.6875E-02
  3.6031E-03  4.1621E-02 -4.0614E-03 -1.6995E-02
  3.6287E-03  4.1702E-02 -4.0902E-03 -1.7115E-02
  3.6544E-03  4.1781E-02 -4.1193E-03 -1.7237E-02
  3.6804E-03  4.1859E-02 -4.1485E-03 -1.7359E-02
  3.7066E-03  4.1936E-02 -4.1780E-03 -1.7483E-02
  3.7329E-03  4.2012E-02 -4.2077E-03 -1.7607E-02
  3.7594E-03  4.2087E-02 -4.2376E-03 -1.7732E-02
  3.7861E-03  4.2161E-02 -4.2677E-03 -1.7858E-02
  3.8130E-03  4.2233E-02 -4.2980E-03 -1.7985E-02
  3.8400E-03  4.2305E-02 -4.3285E-03 -1.8112E-02
  3.8673E-03  4.2375E-02 -4.3592E-03 -1.8241E-02
  3.8947E-03  4.2444E-02 -4.3901E-03 -1.8370E-02
  3.9224E-03  4.2512E-02 -4.4213E-03 -1.8501E-02
  3.9502E-03  4.2578E-02 -4.4526E-03 -1.8632E-02
  3.9782E-03  4.2644E-02 -4.4842E-03 -1.8764E-02
  4.0064E-03  4.2707E-02 -4.5160E-03 -1.8897E-02
  4.0348E-03  4.2770E-02 -4.5481E-03 -1.9031E-02
  4.0635E-03  4.2831E-02 -4.5803E-03 -1.9166E-02
  4.0923E-03  4.2891E-02 -4.6128E-03 -1.9302E-02
  4.1213E-03  4.2950E-02 -4.6455E-03 -1.9439E-02
  4.1505E-03  4.3007E-02 -4.6784E-03 -1.9577E-02
  4.1799E-03  4.3062E-02 -4.7116E-03 -1.9715E-02
  4.2095E-03  4.3117E-02 -4.7450E-03 -1.9855E-02
  4.2394E-03  4.3169E-02 -4.7786E-03 -1.9996E-02
  4.2694E-03  4.3221E-02 -4.8124E-03 -2.0137E-02
  4.2996E-03  4.3270E-02 -4.8465E-03 -2.0280E-02
  4.3301E-03  4.3319E-02 -4.8808E-03 -2.0424E-02
  4.3608E-03  4.3365E-02 -4.9154E-03 -2.0568E-02
  4.3916E-03  4.3410E-02 -4.9502E-03 -2.0714E-02
  4.4227E-03  4.3454E-02 -4.9853E-03 -2.0861E-02
  4.4540E-03  4.3496E-02 -5.0206E-03 -2.1008E-02
  4.4856E-03  4.3536E-02 -5.0561E-03 -2.1157E-02
  4.5173E-03  4.3575E-02 -5.0919E-03 -2.1307E-02
  4.5493E-03  4.3612E-02 -5.1279E-03 -2.1457E-02
  4.5815E-03  4.3647E-02 -5.1642E-03 -2.1609E-02
  4.6139E-03  4.3680E-02 -5.2007E-03 -2.1762E-02
  4.6465E-03  4.3712E-02 -5.2375E-03 -2.1916E-02
  4.6794E-03  4.3742E-02 -5.2746E-03 -2.2071E-02
  4.7125E-03  4.3770E-02 -5.3119E-03 -2.2227E-02
  4.7458E-03  4.3796E-02 -5.3494E-03 -2.2384E-02
  4.7794E-03  4.3820E-02 -5.3873E-03 -2.2543E-02
  4.8132E-03  4.3843E-02 -5.4254E-03 -2.2702E-02
  4.8472E-03  4.3863E-02 -5.4637E-03 -2.2863E-02
  4.8815E-03  4.3882E-02 -5.5023E-03 -2.3024E-02
  4.9160E-03  4.3899E-02 -5.5412E-03 -2.3187E-02
  4.9507E-03  4.3914E-02 -5.5804E-03 -2.3351E-02
  4.9857E-03  4.3926E-02 -5.6198E-03 -2.3516E-02
  5.0209E-03  4.3937E-02 -5.6595E-03 -2.3682E-02
  5.0564E-03  4.3946E-02 -5.6995E-03 -2.3849E-02
  5.0921E-03  4.3952E-02 -5.7398E-03 -2.4018E-02
  5.1281E-03  4.3957E-02 -5.7803E-03 -2.4187E-02
  5.1643E-03  4.3959E-02 -5.8211E-03 -2.4358E-02
  5.2008E-03  4.3959E-02 -5.8622E-03 -2.4530E-02
  5.2375E-03  4.3957E-02 -5.9036E-03 -2.4704E-02
  5.2745E-03  4.3953E-02 -5.9453E-03 -2.4878E-02
  5.3117E-03  4.3946E-02 -5.9873E-03 -2.5054E-02
  5.3492E-03  4.3938E-02 -6.0296E-03 -2.5230E-02
  5.3870E-03  4.3927E-02 -6.0721E-03 -2.5409E-02
  5.4250E-03  4.3913E-02 -6.1150E-03 -2.5588E-02
  5.4633E-03  4.3897E-02 -6.1581E-03 -2.5768E-02
  5.5018E-03  4.3879E-02 -6.2016E-03 -2.5950E-02
  5.5407E-03  4.3859E-02 -6.2453E-03 -2.6133E-02
  5.5798E-03  4.3836E-02 -6.2894E-03 -2.6318E-02
  5.6191E-03  4.3811E-02 -6.3338E-03 -2.6503E-02
  5.6588E-03  4.3783E-02 -6.3784E-03 -2.6690E-02
  5.6987E-03  4.3753E-02 -6.4234E-03 -2.6879E-02
  5.7389E-03  4.3720E-02 -6.4687E-03 -2.7068E-02
  5.7793E-03  4.3684E-02 -6.5144E-03 -2.7259E-02
  5.8201E-03  4.3646E-02 -6.5603E-03 -2.7451E-02
  5.8611E-03  4.3606E-02 -6.6065E-03 -2.7645E-02
  5.9024E-03  4.3562E-02 -6.6531E-03 -2.7840E-02
  5.9441E-03  4.3516E-02 -6.7000E-03 -2.8036E-02
  5.9860E-03  4.3468E-02 -6.7472E-03 -2.8234E-02
  6.0281E-03  4.3416E-02 -6.7948E-03 -2.8433E-02
  6.0706E-03  4.3362E-02 -6.8427E-03 -2.8633E-02
  6.1134E-03  4.3305E-02 -6.8909E-03 -2.8835E-02
  6.1565E-03  4.3246E-02 -6.9394E-03 -2.9038E-02
  6.1999E-03  4.3183E-02 -6.9883E-03 -2.9242E-02
  6.2435E-03  4.3118E-02 -7.0376E-03 -2.9448E-02
  6.2875E-03  4.3049E-02 -7.0871E-03 -2.9656E-02
  6.3318E-03  4.2978E-02 -7.1371E-03 -2.9865E-02
  6.3764E-03  4.2904E-02 -7.1873E-03 -3.0075E-02
  6.4213E-03  4.2826E-02 -7.2379E-03 -3.0287E-02
  6.4665E-03  4.2746E-02 -7.2889E-03 -3.0500E-02
  6.5121E-03  4.2663E-02 -7.3402E-03 -3.0715E-02
  6.5579E-03  4.2577E-02 -7.3919E-03 -3.0931E-02
  6.6041E-03  4.2487E-02 -7.4439E-03 -3.1149E-02
  6.6506E-03  4.2394E-02 -7.4963E-03 -3.1368E-02
  6.6974E-03  4.2299E-02 -7.5491E-03 -3.1589E-02
  6.7445E-03  4.2200E-02 -7.6022E-03 -3.1811E-02
  6.7920E-03  4.2098E-02 -7.6557E-03 -3.2035E-02
  6.8398E-03  4.1992E-02 -7.7096E-03 -3.2261E-02
  6.8879E-03  4.1883E-02 -7.7639E-03 -3.2488E-02
  6.9364E-03  4.1771E-02 -7.8185E-03 -3.2716E-02
  6.9852E-03  4.1656E-02 -7.8735E-03 -3.2946E-02
  7.0344E-03  4.1537E-02 -7.9289E-03 -3.3178E-02
  7.0838E-03  4.1415E-02 -7.9847E-03 -3.3412E-02
  7.1337E-03  4.1290E-02 -8.0408E-03 -3.3647E-02
  7.1839E-03  4.1161E-02 -8.0974E-03 -3.3883E-02
  7.2344E-03  4.1028E-02 -8.1543E-03 -3.4122E-02
  7.2853E-03  4.0892E-02 -8.2117E-03 -3.4362E-02
  7.3365E-03  4.0753E-02 -8.2694E-03 -3.4603E-02
  7.3881E-03  4.0610E-02 -8.3276E-03 -3.4846E-02
  7.4400E-03  4.0463E-02 -8.3861E-03 -3.5091E-02
  7.4923E-03  4.0313E-02 -8.4451E-03 -3.5338E-02
  7.5450E-03  4.0159E-02 -8.5044E-03 -3.5587E-02
  7.5981E-03  4.0001E-02 -8.5642E-03 -3.5837E-02
  7.6515E-03  3.9840E-02 -8.6244E-03 -3.6089E-02
  7.7052E-03  3.9675E-02 -8.6850E-03 -3.6342E-02
  7.7594E-03  3.9506E-02 -8.7461E-03 -3.6598E-02
  7.8139E-03  3.9333E-02 -8.8075E-03 -3.6855E-02
  7.8688E-03  3.9157E-02 -8.8694E-03 -3.7114E-02
  7.9241E-03  3.8977E-02 -8.9317E-03 -3.7375E-02
  7.9798E-03  3.8792E-02 -8.9945E-03 -3.7637E-02
  8.0359E-03  3.8604E-02 -9.0577E-03 -3.7902E-02
  8.0923E-03  3.8412E-02 -9.1213E-03 -3.8168E-02
  8.1492E-03  3.8216E-02 -9.1854E-03 -3.8436E-02
  8.2064E-03  3.8016E-02 -9.2499E-03 -3.8706E-02
  8.2641E-03  3.7812E-02 -9.3149E-03 -3.8978E-02
  8.3221E-03  3.7604E-02 -9.3803E-03 -3.9252E-02
  8.3806E-03  3.7392E-02 -9.4462E-03 -3.9527E-02
  8.4394E-03  3.7176E-02 -9.5125E-03 -3.9805E-02
  8.4987E-03  3.6956E-02 -9.5793E-03 -4.0084E-02
  8.5584E-03  3.6732E-02 -9.6465E-03 -4.0366E-02
  8.6185E-03  3.6503E-02 -9.7143E-03 -4.0649E-02
  8.6790E-03  3.6270E-02 -9.7825E-03 -4.0935E-02
  8.7399E-03  3.6033E-02 -9.8511E-03 -4.1222E-02
  8.8013E-03  3.5792E-02 -9.9203E-03 -4.1511E-02
  8.8630E-03  3.5547E-02 -9.9899E-03 -4.1803E-02
  8.9253E-03  3.5297E-02 -1.0060E-02 -4.2096E-02
  8.9879E-03  3.5043E-02 -1.0131E-02 -4.2392E-02
  9.0510E-03  3.4785E-02 -1.0202E-02 -4.2689E-02
  9.1145E-03  3.4522E-02 -1.0273E-02 -4.2989E-02
  9.1785E-03  3.4255E-02 -1.0345E-02 -4.3290E-02
  9.2429E-03  3.3983E-02 -1.0418E-02 -4.3594E-02
  9.3077E-03  3.3707E-02 -1.0491E-02 -4.3900E-02
  9.3730E-03  3.3427E-02 -1.0565E-02 -4.4208E-02
  9.4388E-03  3.3142E-02 -1.0639E-02 -4.4518E-02
  9.5050E-03  3.2853E-02 -1.0713E-02 -4.4830E-02
  9.5717E-03  3.2559E-02 -1.0789E-02 -4.5145E-02
  9.6389E-03  3.2261E-02 -1.0864E-02 -4.5461E-02
  9.7065E-03  3.1958E-02 -1.0940E-02 -4.5780E-02
  9.7746E-03  3.1651E-02 -1.1017E-02 -4.6101E-02
  9.8431E-03  3.1339E-02 -1.1094E-02 -4.6425E-02
  9.9121E-03  3.1022E-02 -1.1172E-02 -4.6750E-02
  9.9817E-03  3.0701E-02 -1.1251E-02 -4.7078E-02
  1.0052E-02  3.0375E-02 -1.1329E-02 -4.7408E-02
  1.0122E-02  3.0045E-02 -1.1409E-02 -4.7741E-02
  1.0193E-02  2.9709E-02 -1.1489E-02 -4.8075E-02
  1.0265E-02  2.9370E-02 -1.1569E-02 -4.8412E-02
  1.0337E-02  2.9025E-02 -1.1651E-02 -4.8752E-02
  1.0409E-02  2.8676E-02 -1.1732E-02 -4.9093E-02
  1.0482E-02  2.8322E-02 -1.1814E-02 -4.9438E-02
  1.0555E-02  2.7964E-02 -1.1897E-02 -4.9784E-02
  1.0629E-02  2.7600E-02 -1.1981E-02 -5.0133E-02
  1.0704E-02  2.7232E-02 -1.2065E-02 -5.0484E-02
  1.0779E-02  2.6859E-02 -1.2149E-02 -5.0838E-02
  1.0855E-02  2.6482E-02 -1.2234E-02 -5.1194E-02
  1.0931E-02  2.6100E-02 -1.2320E-02 -5.1553E-02
  1.1007E-02  2.5712E-02 -1.2406E-02 -5.1914E-02
  1.1084E-02  2.5320E-02 -1.2493E-02 -5.2278E-02
  1.1162E-02  2.4924E-02 -1.2581E-02 -5.2645E-02
  1.1240E-02  2.4522E-02 -1.2669E-02 -5.3013E-02
  1.1319E-02  2.4116E-02 -1.2758E-02 -5.3385E-02
  1.1398E-02  2.3705E-02 -1.2847E-02 -5.3759E-02
  1.1478E-02  2.3289E-02 -1.2937E-02 -5.4135E-02
  1.1559E-02  2.2868E-02 -1.3028E-02 -5.4514E-02
  1.1640E-02  2.2443E-02 -1.3119E-02 -5.4896E-02
  1.1721E-02  2.2012E-02 -1.3211E-02 -5.5281E-02
  1.1803E-02  2.1577E-02 -1.3303E-02 -5.5668E-02
  1.1886E-02  2.1137E-02 -1.3396E-02 -5.6058E-02
  1.1969E-02  2.0692E-02 -1.3490E-02 -5.6450E-02
  1.2053E-02  2.0243E-02 -1.3585E-02 -5.6846E-02
  1.2137E-02  1.9788E-02 -1.3680E-02 -5.7244E-02
  1.2222E-02  1.9329E-02 -1.3776E-02 -5.7645E-02
  1.2308E-02  1.8865E-02 -1.3872E-02 -5.8048E-02
  1.2394E-02  1.8396E-02 -1.3969E-02 -5.8455E-02
  1.2481E-02  1.7923E-02 -1.4067E-02 -5.8864E-02
  1.2568E-02  1.7444E-02 -1.4165E-02 -5.9276E-02
  1.2656E-02  1.6961E-02 -1.4265E-02 -5.9691E-02
  1.2745E-02  1.6473E-02 -1.4364E-02 -6.0109E-02
  1.2834E-02  1.5981E-02 -1.4465E-02 -6.0530E-02
  1.2924E-02  1.5484E-02 -1.4566E-02 -6.0953E-02
  1.3015E-02  1.4982E-02 -1.4668E-02 -6.1380E-02
  1.3106E-02  1.4475E-02 -1.4771E-02 -6.1809E-02
  1.3197E-02  1.3964E-02 -1.4874E-02 -6.2242E-02
  1.3290E-02  1.3448E-02 -1.4978E-02 -6.2678E-02
  1.3383E-02  1.2927E-02 -1.5083E-02 -6.3116E-02
  1.3476E-02  1.2402E-02 -1.5189E-02 -6.3558E-02
  1.3571E-02  1.1872E-02 -1.5295E-02 -6.4003E-02
  1.3666E-02  1.1338E-02 -1.5402E-02 -6.4450E-02
  1.3761E-02  1.0799E-02 -1.5510E-02 -6.4901E-02
  1.3858E-02  1.0256E-02 -1.5618E-02 -6.5355E-02
  1.3955E-02  9.7082E-03 -1.5728E-02 -6.5813E-02
  1.4052E-02  9.1559E-03 -1.5838E-02 -6.6273E-02
  1.4151E-02  8.5993E-03 -1.5948E-02 -6.6737E-02
  1.4250E-02  8.0383E-03 -1.6060E-02 -6.7204E-02
  1.4349E-02  7.4729E-03 -1.6172E-02 -6.7674E-02
  1.4450E-02  6.9033E-03 -1.6285E-02 -6.8147E-02
  1.4551E-02  6.3293E-03 -1.6399E-02 -6.8624E-02
  1.4653E-02  5.7512E-03 -1.6514E-02 -6.9104E-02
  1.4755E-02  5.1688E-03 -1.6629E-02 -6.9587E-02
  1.4858E-02  4.5824E-03 -1.6746E-02 -7.0074E-02
  1.4962E-02  3.9918E-03 -1.6863E-02 -7.0564E-02
  1.5067E-02  3.3971E-03 -1.6981E-02 -7.1057E-02
  1.5172E-02  2.7985E-03 -1.7099E-02 -7.1554E-02
  1.5278E-02  2.1959E-03 -1.7219E-02 -7.2054E-02
  1.5385E-02  1.5894E-03 -1.7339E-02 -7.2558E-02
  1.5493E-02  9.7900E-04 -1.7461E-02 -7.3066E-02
  1.5601E-02  3.6483E-04 -1.7583E-02 -7.3576E-02
  1.5710E-02 -2.5309E-04 -1.7706E-02 -7.4091E-02
  1.5820E-02 -8.7468E-04 -1.7829E-02 -7.4609E-02
  1.5931E-02 -1.4999E-03 -1.7954E-02 -7.5130E-02
  1.6042E-02 -2.1287E-03 -1.8080E-02 -7.5656E-02
  1.6154E-02 -2.7610E-03 -1.8206E-02 -7.6185E-02
  1.6267E-02 -3.3967E-03 -1.8333E-02 -7.6717E-02
  1.6381E-02 -4.0358E-03 -1.8461E-02 -7.7253E-02
  1.6496E-02 -4.6782E-03 -1.8590E-02 -7.7793E-02
  1.6611E-02 -5.3238E-03 -1.8720E-02 -7.8337E-02
  1.6727E-02 -5.9726E-03 -1.8851E-02 -7.8885E-02
  1.6844E-02 -6.6245E-03 -1.8983E-02 -7.9436E-02
  1.6962E-02 -7.2794E-03 -1.9116E-02 -7.9991E-02
  1.7080E-02 -7.9372E-03 -1.9249E-02 -8.0550E-02
  1.7200E-02 -8.5978E-03 -1.9384E-02 -8.1113E-02
  1.7320E-02 -9.2612E-03 -1.9519E-02 -8.1680E-02
  1.7441E-02 -9.9273E-03 -1.9655E-02 -8.2251E-02
  1.7563E-02 -1.0596E-02 -1.9793E-02 -8.2825E-02
  1.7686E-02 -1.1267E-02 -1.9931E-02 -8.3404E-02
  1.7809E-02 -1.1941E-02 -2.0070E-02 -8.3987E-02
  1.7934E-02 -1.2617E-02 -2.0210E-02 -8.4574E-02
  1.8059E-02 -1.3295E-02 -2.0352E-02 -8.5164E-02
  1.8185E-02 -1.3975E-02 -2.0494E-02 -8.5759E-02
  1.8313E-02 -1.4657E-02 -2.0637E-02 -8.6358E-02
  1.8441E-02 -1.5341E-02 -2.0781E-02 -8.6962E-02
  1.8569E-02 -1.6027E-02 -2.0926E-02 -8.7569E-02
  1.8699E-02 -1.6715E-02 -2.1072E-02 -8.8181E-02
  1.8830E-02 -1.7404E-02 -2.1220E-02 -8.8797E-02
  1.8961E-02 -1.8095E-02 -2.1368E-02 -8.9417E-02
  1.9094E-02 -1.8787E-02 -2.1517E-02 -9.0042E-02
  1.9227E-02 -1.9481E-02 -2.1667E-02 -9.0671E-02
  1.9362E-02 -2.0175E-02 -2.1819E-02 -9.1304E-02
  1.9497E-02 -2.0871E-02 -2.1971E-02 -9.1941E-02
  1.9633E-02 -2.1567E-02 -2.2124E-02 -9.2584E-02
  1.9770E-02 -2.2264E-02 -2.2279E-02 -9.3230E-02
  1.9908E-02 -2.2962E-02 -2.2434E-02 -9.3881E-02
  2.0048E-02 -2.3661E-02 -2.2591E-02 -9.4537E-02
  2.0188E-02 -2.4359E-02 -2.2749E-02 -9.5197E-02
  2.0329E-02 -2.5058E-02 -2.2908E-02 -9.5861E-02
  2.0471E-02 -2.5757E-02 -2.3068E-02 -9.6531E-02
  2.0614E-02 -2.6457E-02 -2.3229E-02 -9.7205E-02
  2.0758E-02 -2.7156E-02 -2.3391E-02 -9.7883E-02
  2.0903E-02 -2.7854E-02 -2.3554E-02 -9.8567E-02
  2.1049E-02 -2.8552E-02 -2.3718E-02 -9.9255E-02
  2.1196E-02 -2.9250E-02 -2.3884E-02 -9.9948E-02
  2.1344E-02 -2.9947E-02 -2.4051E-02 -1.0065E-01
  2.1493E-02 -3.0643E-02 -2.4219E-02 -1.0135E-01
  2.1643E-02 -3.1337E-02 -2.4388E-02 -1.0206E-01
  2.1794E-02 -3.2031E-02 -2.4558E-02 -1.0277E-01
  2.1946E-02 -3.2723E-02 -2.4729E-02 -1.0349E-01
  2.2100E-02 -3.3414E-02 -2.4902E-02 -1.0421E-01
  2.2254E-02 -3.4103E-02 -2.5076E-02 -1.0493E-01
  2.2409E-02 -3.4790E-02 -2.5251E-02 -1.0567E-01
  2.2566E-02 -3.5475E-02 -2.5427E-02 -1.0640E-01
  2.2723E-02 -3.6157E-02 -2.5604E-02 -1.0715E-01
  2.2882E-02 -3.6838E-02 -2.5783E-02 -1.0790E-01
  2.3042E-02 -3.7516E-02 -2.5963E-02 -1.0865E-01
  2.3203E-02 -3.8191E-02 -2.6144E-02 -1.0941E-01
  2.3365E-02 -3.8863E-02 -2.6326E-02 -1.1017E-01
  2.3528E-02 -3.9532E-02 -2.6510E-02 -1.1094E-01
  2.3692E-02 -4.0198E-02 -2.6695E-02 -1.1171E-01
  2.3858E-02 -4.0860E-02 -2.6881E-02 -1.1249E-01
  2.4024E-02 -4.1518E-02 -2.7069E-02 -1.1328E-01
  2.4192E-02 -4.2173E-02 -2.7257E-02 -1.1407E-01
  2.4361E-02 -4.2823E-02 -2.7448E-02 -1.1486E-01
  2.4531E-02 -4.3470E-02 -2.7639E-02 -1.1566E-01
  2.4702E-02 -4.4112E-02 -2.7832E-02 -1.1647E-01
  2.4874E-02 -4.4749E-02 -2.8026E-02 -1.1728E-01
  2.5048E-02 -4.5381E-02 -2.8221E-02 -1.1810E-01
  2.5223E-02 -4.6008E-02 -2.8418E-02 -1.1893E-01
  2.5399E-02 -4.6630E-02 -2.8616E-02 -1.1976E-01
  2.5576E-02 -4.7247E-02 -2.8816E-02 -1.2059E-01
  2.5755E-02 -4.7857E-02 -2.9017E-02 -1.2143E-01
  2.5935E-02 -4.8462E-02 -2.9219E-02 -1.2228E-01
  2.6116E-02 -4.9061E-02 -2.9423E-02 -1.2313E-01
  2.6298E-02 -4.9653E-02 -2.9628E-02 -1.2399E-01
  2.6482E-02 -5.0239E-02 -2.9835E-02 -1.2485E-01
  2.6666E-02 -5.0818E-02 -3.0043E-02 -1.2573E-01
  2.6852E-02 -5.1390E-02 -3.0252E-02 -1.2660E-01
  2.7040E-02 -5.1955E-02 -3.0463E-02 -1.2748E-01
  2.7229E-02 -5.2512E-02 -3.0676E-02 -1.2837E-01
  2.7419E-02 -5.3062E-02 -3.0889E-02 -1.2927E-01
  2.7610E-02 -5.3603E-02 -3.1105E-02 -1.3017E-01
  2.7803E-02 -5.4137E-02 -3.1322E-02 -1.3108E-01
  2.7997E-02 -5.4662E-02 -3.1540E-02 -1.3199E-01
  2.8192E-02 -5.5179E-02 -3.1760E-02 -1.3291E-01
  2.8389E-02 -5.5687E-02 -3.1981E-02 -1.3384E-01
  2.8587E-02 -5.6185E-02 -3.2204E-02 -1.3477E-01
  2.8786E-02 -5.6675E-02 -3.2428E-02 -1.3571E-01
  2.8987E-02 -5.7155E-02 -3.2654E-02 -1.3666E-01
  2.9190E-02 -5.7625E-02 -3.2882E-02 -1.3761E-01
  2.9393E-02 -5.8085E-02 -3.3111E-02 -1.3857E-01
  2.9598E-02 -5.8534E-02 -3.3342E-02 -1.3954E-01
  2.9805E-02 -5.8974E-02 -3.3574E-02 -1.4051E-01
  3.0013E-02 -5.9402E-02 -3.3808E-02 -1.4149E-01
  3.0222E-02 -5.9820E-02 -3.4044E-02 -1.4247E-01
  3.0433E-02 -6.0226E-02 -3.4281E-02 -1.4347E-01
  3.0645E-02 -6.0621E-02 -3.4520E-02 -1.4447E-01
  3.0859E-02 -6.1004E-02 -3.4760E-02 -1.4547E-01
  3.1074E-02 -6.1375E-02 -3.5003E-02 -1.4649E-01
  3.1291E-02 -6.1734E-02 -3.5246E-02 -1.4751E-01
  3.1510E-02 -6.2081E-02 -3.5492E-02 -1.4854E-01
  3.1729E-02 -6.2415E-02 -3.5739E-02 -1.4957E-01
  3.1951E-02 -6.2736E-02 -3.5988E-02 -1.5061E-01
  3.2174E-02 -6.3043E-02 -3.6239E-02 -1.5166E-01
  3.2398E-02 -6.3338E-02 -3.6491E-02 -1.5272E-01
  3.2624E-02 -6.3618E-02 -3.6745E-02 -1.5378E-01
  3.2852E-02 -6.3885E-02 -3.7001E-02 -1.5485E-01
  3.3081E-02 -6.4138E-02 -3.7259E-02 -1.5593E-01
  3.3312E-02 -6.4376E-02 -3.7518E-02 -1.5702E-01
  3.3544E-02 -6.4600E-02 -3.7780E-02 -1.5811E-01
  3.3778E-02 -6.4809E-02 -3.8043E-02 -1.5921E-01
  3.4014E-02 -6.5003E-02 -3.8308E-02 -1.6032E-01
  3.4251E-02 -6.5181E-02 -3.8574E-02 -1.6144E-01
  3.4490E-02 -6.5344E-02 -3.8843E-02 -1.6256E-01
  3.4730E-02 -6.5491E-02 -3.9114E-02 -1.6370E-01
  3.4973E-02 -6.5622E-02 -3.9386E-02 -1.6484E-01
  3.5216E-02 -6.5737E-02 -3.9660E-02 -1.6599E-01
  3.5462E-02 -6.5835E-02 -3.9936E-02 -1.6714E-01
  3.5709E-02 -6.5917E-02 -4.0214E-02 -1.6831E-01
  3.5958E-02 -6.5981E-02 -4.0494E-02 -1.6948E-01
  3.6209E-02 -6.6029E-02 -4.0776E-02 -1.7066E-01
  3.6462E-02 -6.6059E-02 -4.1060E-02 -1.7185E-01
  3.6716E-02 -6.6071E-02 -4.1346E-02 -1.7304E-01
  3.6972E-02 -6.6066E-02 -4.1633E-02 -1.7425E-01
  3.7230E-02 -6.6043E-02 -4.1923E-02 -1.7546E-01
  3.7490E-02 -6.6001E-02 -4.2215E-02 -1.7668E-01
  3.7751E-02 -6.5941E-02 -4.2509E-02 -1.7791E-01
  3.8014E-02 -6.5863E-02 -4.2804E-02 -1.7915E-01
  3.8279E-02 -6.5765E-02 -4.3102E-02 -1.8040E-01
  3.8546E-02 -6.5649E-02 -4.3402E-02 -1.8165E-01
  3.8815E-02 -6.5513E-02 -4.3704E-02 -1.8292E-01
  3.9086E-02 -6.5358E-02 -4.4008E-02 -1.8419E-01
  3.9358E-02 -6.5184E-02 -4.4315E-02 -1.8547E-01
  3.9633E-02 -6.4990E-02 -4.4623E-02 -1.8676E-01
  3.9909E-02 -6.4775E-02 -4.4933E-02 -1.8806E-01
  4.0187E-02 -6.4541E-02 -4.5246E-02 -1.8937E-01
  4.0468E-02 -6.4286E-02 -4.5561E-02 -1.9069E-01
  4.0750E-02 -6.4012E-02 -4.5877E-02 -1.9202E-01
  4.1034E-02 -6.3716E-02 -4.6197E-02 -1.9335E-01
  4.1320E-02 -6.3400E-02 -4.6518E-02 -1.9470E-01
  4.1608E-02 -6.3063E-02 -4.6841E-02 -1.9605E-01
  4.1898E-02 -6.2705E-02 -4.7167E-02 -1.9742E-01
  4.2190E-02 -6.2325E-02 -4.7495E-02 -1.9879E-01
  4.2485E-02 -6.1925E-02 -4.7825E-02 -2.0017E-01
  4.2781E-02 -6.1503E-02 -4.8158E-02 -2.0157E-01
  4.3079E-02 -6.1060E-02 -4.8493E-02 -2.0297E-01
  4.3379E-02 -6.0595E-02 -4.8830E-02 -2.0438E-01
  4.3682E-02 -6.0109E-02 -4.9169E-02 -2.0580E-01
  4.3986E-02 -5.9600E-02 -4.9511E-02 -2.0723E-01
  4.4293E-02 -5.9070E-02 -4.9855E-02 -2.0868E-01
  4.4602E-02 -5.8518E-02 -5.0202E-02 -2.1013E-01
  4.4913E-02 -5.7944E-02 -5.0551E-02 -2.1159E-01
  4.5226E-02 -5.7348E-02 -5.0902E-02 -2.1306E-01
  4.5541E-02 -5.6730E-02 -5.1256E-02 -2.1454E-01
  4.5859E-02 -5.6090E-02 -5.1612E-02 -2.1603E-01
  4.6178E-02 -5.5427E-02 -5.1971E-02 -2.1754E-01
  4.6500E-02 -5.4742E-02 -5.2332E-02 -2.1905E-01
  4.6824E-02 -5.4035E-02 -5.2696E-02 -2.2057E-01
  4.7151E-02 -5.3306E-02 -5.3062E-02 -2.2211E-01
  4.7479E-02 -5.2555E-02 -5.3431E-02 -2.2365E-01
  4.7810E-02 -5.1781E-02 -5.3802E-02 -2.2520E-01
  4.8144E-02 -5.0985E-02 -5.4175E-02 -2.2677E-01
  4.8479E-02 -5.0167E-02 -5.4552E-02 -2.2835E-01
  4.8817E-02 -4.9327E-02 -5.4931E-02 -2.2993E-01
  4.9157E-02 -4.8465E-02 -5.5312E-02 -2.3153E-01
  4.9500E-02 -4.7581E-02 -5.5696E-02 -2.3314E-01
  4.9845E-02 -4.6674E-02 -5.6083E-02 -2.3476E-01
  5.0193E-02 -4.5746E-02 -5.6473E-02 -2.3639E-01
  5.0542E-02 -4.4796E-02 -5.6865E-02 -2.3804E-01
  5.0895E-02 -4.3824E-02 -5.7260E-02 -2.3969E-01
  5.1249E-02 -4.2831E-02 -5.7657E-02 -2.4136E-01
  5.1607E-02 -4.1816E-02 -5.8058E-02 -2.4303E-01
  5.1966E-02 -4.0780E-02 -5.8461E-02 -2.4472E-01
  5.2328E-02 -3.9723E-02 -5.8866E-02 -2.4642E-01
  5.2693E-02 -3.8645E-02 -5.9275E-02 -2.4813E-01
  5.3060E-02 -3.7546E-02 -5.9686E-02 -2.4986E-01
  5.3430E-02 -3.6426E-02 -6.0101E-02 -2.5159E-01
  5.3803E-02 -3.5285E-02 -6.0518E-02 -2.5334E-01
  5.4178E-02 -3.4125E-02 -6.0938E-02 -2.5510E-01
  5.4555E-02 -3.2944E-02 -6.1361E-02 -2.5687E-01
  5.4935E-02 -3.1744E-02 -6.1786E-02 -2.5865E-01
  5.5318E-02 -3.0524E-02 -6.2215E-02 -2.6045E-01
  5.5704E-02 -2.9284E-02 -6.2647E-02 -2.6226E-01
  5.6092E-02 -2.8026E-02 -6.3081E-02 -2.6408E-01
  5.6483E-02 -2.6748E-02 -6.3519E-02 -2.6591E-01
  5.6877E-02 -2.5453E-02 -6.3959E-02 -2.6776E-01
  5.7273E-02 -2.4139E-02 -6.4403E-02 -2.6962E-01
  5.7672E-02 -2.2807E-02 -6.4850E-02 -2.7149E-01
  5.8074E-02 -2.1458E-02 -6.5299E-02 -2.7337E-01
  5.8479E-02 -2.0091E-02 -6.5752E-02 -2.7527E-01
  5.8886E-02 -1.8708E-02 -6.6208E-02 -2.7718E-01
  5.9297E-02 -1.7308E-02 -6.6667E-02 -2.7911E-01
  5.9710E-02 -1.5893E-02 -6.7129E-02 -2.8104E-01
  6.0126E-02 -1.4461E-02 -6.7594E-02 -2.8299E-01
  6.0545E-02 -1.3015E-02 -6.8063E-02 -2.8496E-01
  6.0967E-02 -1.1553E-02 -6.8534E-02 -2.8693E-01
  6.1392E-02 -1.0078E-02 -6.9009E-02 -2.8892E-01
  6.1819E-02 -8.5883E-03 -6.9488E-02 -2.9093E-01
  6.2250E-02 -7.0854E-03 -6.9969E-02 -2.9294E-01
  6.2684E-02 -5.5695E-03 -7.0454E-02 -2.9498E-01
  6.3121E-02 -4.0413E-03 -7.0942E-02 -2.9702E-01
  6.3560E-02 -2.5011E-03 -7.1433E-02 -2.9908E-01
  6.4003E-02 -9.4965E-04 -7.1928E-02 -3.0116E-01
  6.4449E-02  6.1267E-04 -7.2426E-02 -3.0324E-01
  6.4898E-02  2.1853E-03 -7.2928E-02 -3.0535E-01
  6.5351E-02  3.7675E-03 -7.3433E-02 -3.0746E-01
  6.5806E-02  5.3589E-03 -7.3941E-02 -3.0959E-01
  6.6264E-02  6.9588E-03 -7.4453E-02 -3.1174E-01
  6.6726E-02  8.5665E-03 -7.4968E-02 -3.1390E-01
  6.7191E-02  1.0182E-02 -7.5487E-02 -3.1608E-01
  6.7659E-02  1.1803E-02 -7.6010E-02 -3.1827E-01
  6.8131E-02  1.3431E-02 -7.6536E-02 -3.2047E-01
  6.8605E-02  1.5064E-02 -7.7065E-02 -3.2269E-01
  6.9083E-02  1.6701E-02 -7.7598E-02 -3.2493E-01
  6.9565E-02  1.8343E-02 -7.8135E-02 -3.2718E-01
  7.0049E-02  1.9987E-02 -7.8676E-02 -3.2945E-01
  7.0537E-02  2.1635E-02 -7.9220E-02 -3.3173E-01
  7.1029E-02  2.3283E-02 -7.9768E-02 -3.3402E-01
  7.1524E-02  2.4933E-02 -8.0319E-02 -3.3634E-01
  7.2022E-02  2.6584E-02 -8.0874E-02 -3.3867E-01
  7.2524E-02  2.8233E-02 -8.1434E-02 -3.4101E-01
  7.3029E-02  2.9882E-02 -8.1996E-02 -3.4337E-01
  7.3538E-02  3.1528E-02 -8.2563E-02 -3.4575E-01
  7.4050E-02  3.3172E-02 -8.3134E-02 -3.4814E-01
  7.4566E-02  3.4812E-02 -8.3708E-02 -3.5055E-01
  7.5085E-02  3.6447E-02 -8.4287E-02 -3.5298E-01
  7.5608E-02  3.8077E-02 -8.4869E-02 -3.5542E-01
  7.6135E-02  3.9701E-02 -8.5455E-02 -3.5788E-01
  7.6666E-02  4.1318E-02 -8.6045E-02 -3.6035E-01
  7.7200E-02  4.2927E-02 -8.6639E-02 -3.6285E-01
  7.7738E-02  4.4527E-02 -8.7238E-02 -3.6536E-01
  7.8279E-02  4.6117E-02 -8.7840E-02 -3.6788E-01
  7.8824E-02  4.7697E-02 -8.8446E-02 -3.7043E-01
  7.9374E-02  4.9266E-02 -8.9057E-02 -3.7299E-01
  7.9926E-02  5.0822E-02 -8.9671E-02 -3.7557E-01
  8.0483E-02  5.2365E-02 -9.0290E-02 -3.7816E-01
  8.1044E-02  5.3894E-02 -9.0913E-02 -3.8078E-01
  8.1608E-02  5.5407E-02 -9.1540E-02 -3.8341E-01
  8.2177E-02  5.6905E-02 -9.2171E-02 -3.8606E-01
  8.2749E-02  5.8386E-02 -9.2807E-02 -3.8873E-01
  8.3326E-02  5.9849E-02 -9.3447E-02 -3.9141E-01
  8.3906E-02  6.1293E-02 -9.4091E-02 -3.9412E-01
  8.4491E-02  6.2717E-02 -9.4740E-02 -3.9684E-01
  8.5079E-02  6.4120E-02 -9.5393E-02 -3.9958E-01
  8.5672E-02  6.5502E-02 -9.6050E-02 -4.0234E-01
  8.6269E-02  6.6861E-02 -9.6712E-02 -4.0511E-01
  8.6870E-02  6.8196E-02 -9.7378E-02 -4.0791E-01
  8.7475E-02  6.9507E-02 -9.8049E-02 -4.1073E-01
  8.8084E-02  7.0793E-02 -9.8724E-02 -4.1356E-01
  8.8698E-02  7.2052E-02 -9.9404E-02 -4.1642E-01
  8.9315E-02  7.3283E-02 -1.0009E-01 -4.1929E-01
  8.9938E-02  7.4486E-02 -1.0078E-01 -4.2218E-01
  9.0564E-02  7.5660E-02 -1.0147E-01 -4.2509E-01
  9.1195E-02  7.6804E-02 -1.0217E-01 -4.2802E-01
  9.1830E-02  7.7916E-02 -1.0287E-01 -4.3098E-01
  9.2470E-02  7.8996E-02 -1.0358E-01 -4.3395E-01
  9.3114E-02  8.0043E-02 -1.0429E-01 -4.3694E-01
  9.3762E-02  8.1056E-02 -1.0501E-01 -4.3995E-01
  9.4415E-02  8.2034E-02 -1.0573E-01 -4.4298E-01
  9.5073E-02  8.2976E-02 -1.0646E-01 -4.4603E-01
  9.5735E-02  8.3881E-02 -1.0719E-01 -4.4911E-01
  9.6402E-02  8.4748E-02 -1.0792E-01 -4.5220E-01
  9.7073E-02  8.5577E-02 -1.0867E-01 -4.5531E-01
  9.7750E-02  8.6367E-02 -1.0941E-01 -4.5845E-01
  9.8430E-02  8.7116E-02 -1.1016E-01 -4.6161E-01
  9.9116E-02  8.7824E-02 -1.1092E-01 -4.6478E-01
  9.9806E-02  8.8490E-02 -1.1168E-01 -4.6798E-01
  1.0050E-01  8.9113E-02 -1.1245E-01 -4.7120E-01
  1.0120E-01  8.9692E-02 -1.1322E-01 -4.7444E-01
  1.0191E-01  9.0227E-02 -1.1400E-01 -4.7771E-01
  1.0262E-01  9.0716E-02 -1.1478E-01 -4.8099E-01
  1.0333E-01  9.1160E-02 -1.1556E-01 -4.8430E-01
  1.0405E-01  9.1556E-02 -1.1636E-01 -4.8763E-01
  1.0478E-01  9.1905E-02 -1.1715E-01 -4.9098E-01
  1.0550E-01  9.2206E-02 -1.1796E-01 -4.9435E-01
  1.0624E-01  9.2458E-02 -1.1876E-01 -4.9775E-01
  1.0698E-01  9.2660E-02 -1.1958E-01 -5.0117E-01
  1.0772E-01  9.2812E-02 -1.2040E-01 -5.0461E-01
  1.0847E-01  9.2913E-02 -1.2122E-01 -5.0808E-01
  1.0923E-01  9.2963E-02 -1.2205E-01 -5.1156E-01
  1.0999E-01  9.2960E-02 -1.2288E-01 -5.1508E-01
  1.1076E-01  9.2905E-02 -1.2372E-01 -5.1861E-01
  1.1153E-01  9.2797E-02 -1.2457E-01 -5.2217E-01
  1.1231E-01  9.2634E-02 -1.2542E-01 -5.2575E-01
  1.1309E-01  9.2418E-02 -1.2628E-01 -5.2936E-01
  1.1387E-01  9.2147E-02 -1.2714E-01 -5.3298E-01
  1.1467E-01  9.1822E-02 -1.2801E-01 -5.3664E-01
  1.1547E-01  9.1440E-02 -1.2888E-01 -5.4032E-01
  1.1627E-01  9.1003E-02 -1.2976E-01 -5.4402E-01
  1.1708E-01  9.0510E-02 -1.3065E-01 -5.4774E-01
  1.1790E-01  8.9961E-02 -1.3154E-01 -5.5149E-01
  1.1872E-01  8.9355E-02 -1.3244E-01 -5.5527E-01
  1.1954E-01  8.8692E-02 -1.3334E-01 -5.5907E-01
  1.2038E-01  8.7972E-02 -1.3425E-01 -5.6290E-01
  1.2121E-01  8.7194E-02 -1.3516E-01 -5.6675E-01
  1.2206E-01  8.6360E-02 -1.3608E-01 -5.7062E-01
  1.2291E-01  8.5468E-02 -1.3701E-01 -5.7452E-01
  1.2376E-01  8.4518E-02 -1.3794E-01 -5.7845E-01
  1.2463E-01  8.3511E-02 -1.3888E-01 -5.8240E-01
  1.2549E-01  8.2447E-02 -1.3983E-01 -5.8638E-01
  1.2637E-01  8.1325E-02 -1.4078E-01 -5.9039E-01
  1.2725E-01  8.0146E-02 -1.4174E-01 -5.9442E-01
  1.2813E-01  7.8910E-02 -1.4270E-01 -5.9848E-01
  1.2903E-01  7.7618E-02 -1.4367E-01 -6.0256E-01
  1.2992E-01  7.6268E-02 -1.4464E-01 -6.0667E-01
  1.3083E-01  7.4862E-02 -1.4563E-01 -6.1081E-01
  1.3174E-01  7.3400E-02 -1.4661E-01 -6.1497E-01
  1.3266E-01  7.1882E-02 -1.4761E-01 -6.1917E-01
  1.3358E-01  7.0309E-02 -1.4861E-01 -6.2338E-01
  1.3451E-01  6.8682E-02 -1.4962E-01 -6.2763E-01
  1.3545E-01  6.7000E-02 -1.5063E-01 -6.3190E-01
  1.3639E-01  6.5264E-02 -1.5165E-01 -6.3620E-01
  1.3734E-01  6.3475E-02 -1.5268E-01 -6.4053E-01
  1.3830E-01  6.1633E-02 -1.5371E-01 -6.4489E-01
  1.3926E-01  5.9739E-02 -1.5475E-01 -6.4928E-01
  1.4023E-01  5.7794E-02 -1.5580E-01 -6.5369E-01
  1.4121E-01  5.5799E-02 -1.5685E-01 -6.5813E-01
  1.4219E-01  5.3754E-02 -1.5791E-01 -6.6260E-01
  1.4318E-01  5.1661E-02 -1.5898E-01 -6.6710E-01
  1.4418E-01  4.9520E-02 -1.6005E-01 -6.7163E-01
  1.4518E-01  4.7331E-02 -1.6113E-01 -6.7619E-01
  1.4619E-01  4.5097E-02 -1.6222E-01 -6.8077E-01
  1.4721E-01  4.2818E-02 -1.6331E-01 -6.8539E-01
  1.4824E-01  4.0496E-02 -1.6441E-01 -6.9003E-01
  1.4927E-01  3.8130E-02 -1.6552E-01 -6.9471E-01
  1.5031E-01  3.5724E-02 -1.6663E-01 -6.9941E-01
  1.5135E-01  3.3277E-02 -1.6775E-01 -7.0415E-01
  1.5241E-01  3.0791E-02 -1.6888E-01 -7.0891E-01
  1.5347E-01  2.8268E-02 -1.7002E-01 -7.1371E-01
  1.5454E-01  2.5708E-02 -1.7116E-01 -7.1853E-01
  1.5561E-01  2.3114E-02 -1.7231E-01 -7.2339E-01
  1.5670E-01  2.0486E-02 -1.7347E-01 -7.2827E-01
  1.5779E-01  1.7826E-02 -1.7463E-01 -7.3319E-01
  1.5889E-01  1.5136E-02 -1.7580E-01 -7.3814E-01
  1.5999E-01  1.2417E-02 -1.7698E-01 -7.4312E-01
  1.6111E-01  9.6711E-03 -1.7816E-01 -7.4813E-01
  1.6223E-01  6.8996E-03 -1.7936E-01 -7.5317E-01
  1.6336E-01  4.1044E-03 -1.8056E-01 -7.5824E-01
  1.6450E-01  1.2870E-03 -1.8176E-01 -7.6334E-01
  1.6564E-01 -1.5506E-03 -1.8298E-01 -7.6848E-01
  1.6679E-01 -4.4066E-03 -1.8420E-01 -7.7365E-01
  1.6796E-01 -7.2793E-03 -1.8543E-01 -7.7885E-01
  1.6913E-01 -1.0167E-02 -1.8667E-01 -7.8408E-01
  1.7030E-01 -1.3067E-02 -1.8791E-01 -7.8935E-01
  1.7149E-01 -1.5978E-02 -1.8916E-01 -7.9464E-01
  1.7268E-01 -1.8898E-02 -1.9042E-01 -7.9997E-01
  1.7388E-01 -2.1825E-02 -1.9169E-01 -8.0534E-01
  1.7510E-01 -2.4756E-02 -1.9296E-01 -8.1073E-01
  1.7631E-01 -2.7691E-02 -1.9424E-01 -8.1616E-01
  1.7754E-01 -3.0626E-02 -1.9553E-01 -8.2162E-01
  1.7878E-01 -3.3559E-02 -1.9683E-01 -8.2712E-01
  1.8002E-01 -3.6489E-02 -1.9814E-01 -8.3265E-01
  1.8128E-01 -3.9413E-02 -1.9945E-01 -8.3821E-01
  1.8254E-01 -4.2329E-02 -2.0077E-01 -8.4381E-01
  1.8381E-01 -4.5235E-02 -2.0210E-01 -8.4944E-01
  1.8509E-01 -4.8128E-02 -2.0343E-01 -8.5510E-01
  1.8638E-01 -5.1007E-02 -2.0478E-01 -8.6080E-01
  1.8768E-01 -5.3868E-02 -2.0613E-01 -8.6653E-01
  1.8898E-01 -5.6711E-02 -2.0749E-01 -8.7229E-01
  1.9030E-01 -5.9531E-02 -2.0886E-01 -8.7809E-01
  1.9162E-01 -6.2328E-02 -2.1023E-01 -8.8393E-01
  1.9296E-01 -6.5099E-02 -2.1162E-01 -8.8980E-01
  1.9430E-01 -6.7842E-02 -2.1301E-01 -8.9570E-01
  1.9565E-01 -7.0553E-02 -2.1441E-01 -9.0164E-01
  1.9702E-01 -7.3232E-02 -2.1582E-01 -9.0762E-01
  1.9839E-01 -7.5875E-02 -2.1723E-01 -9.1363E-01
  1.9977E-01 -7.8481E-02 -2.1865E-01 -9.1967E-01
  2.0116E-01 -8.1046E-02 -2.2009E-01 -9.2575E-01
  2.0256E-01 -8.3569E-02 -2.2153E-01 -9.3186E-01
  2.0397E-01 -8.6047E-02 -2.2297E-01 -9.3801E-01
  2.0539E-01 -8.8479E-02 -2.2443E-01 -9.4420E-01
  2.0682E-01 -9.0861E-02 -2.2589E-01 -9.5042E-01
  2.0826E-01 -9.3192E-02 -2.2737E-01 -9.5668E-01
  2.0971E-01 -9.5469E-02 -2.2885E-01 -9.6297E-01
  2.1117E-01 -9.7690E-02 -2.3034E-01 -9.6930E-01
  2.1264E-01 -9.9853E-02 -2.3183E-01 -9.7567E-01
  2.1412E-01 -1.0196E-01 -2.3334E-01 -9.8207E-01
  2.1561E-01 -1.0400E-01 -2.3485E-01 -9.8851E-01
  2.1711E-01 -1.0597E-01 -2.3637E-01 -9.9498E-01
  2.1862E-01 -1.0788E-01 -2.3790E-01 -1.0015E+00
  2.2015E-01 -1.0972E-01 -2.3944E-01 -1.0080E+00
  2.2168E-01 -1.1149E-01 -2.4099E-01 -1.0146E+00
  2.2322E-01 -1.1318E-01 -2.4254E-01 -1.0212E+00
  2.2478E-01 -1.1480E-01 -2.4410E-01 -1.0279E+00
  2.2634E-01 -1.1635E-01 -2.4567E-01 -1.0346E+00
  2.2792E-01 -1.1781E-01 -2.4725E-01 -1.0413E+00
  2.2950E-01 -1.1920E-01 -2.4884E-01 -1.0481E+00
  2.3110E-01 -1.2050E-01 -2.5044E-01 -1.0549E+00
  2.3271E-01 -1.2172E-01 -2.5204E-01 -1.0617E+00
  2.3433E-01 -1.2285E-01 -2.5366E-01 -1.0686E+00
  2.3596E-01 -1.2389E-01 -2.5528E-01 -1.0755E+00
  2.3760E-01 -1.2485E-01 -2.5691E-01 -1.0824E+00
  2.3926E-01 -1.2571E-01 -2.5854E-01 -1.0894E+00
  2.4092E-01 -1.2649E-01 -2.6019E-01 -1.0965E+00
  2.4260E-01 -1.2716E-01 -2.6184E-01 -1.1035E+00
  2.4429E-01 -1.2775E-01 -2.6351E-01 -1.1106E+00
  2.4599E-01 -1.2824E-01 -2.6518E-01 -1.1177E+00
  2.4770E-01 -1.2863E-01 -2.6686E-01 -1.1249E+00
  2.4943E-01 -1.2892E-01 -2.6854E-01 -1.1321E+00
  2.5116E-01 -1.2911E-01 -2.7024E-01 -1.1394E+00
  2.5291E-01 -1.2920E-01 -2.7194E-01 -1.1466E+00
  2.5467E-01 -1.2919E-01 -2.7365E-01 -1.1539E+00
  2.5645E-01 -1.2908E-01 -2.7537E-01 -1.1613E+00
  2.5823E-01 -1.2886E-01 -2.7710E-01 -1.1687E+00
  2.6003E-01 -1.2854E-01 -2.7884E-01 -1.1761E+00
  2.6184E-01 -1.2811E-01 -2.8058E-01 -1.1836E+00
  2.6366E-01 -1.2758E-01 -2.8234E-01 -1.1911E+00
  2.6550E-01 -1.2695E-01 -2.8410E-01 -1.1986E+00
  2.6735E-01 -1.2621E-01 -2.8587E-01 -1.2062E+00
  2.6921E-01 -1.2536E-01 -2.8764E-01 -1.2138E+00
  2.7108E-01 -1.2440E-01 -2.8943E-01 -1.2214E+00
  2.7297E-01 -1.2334E-01 -2.9122E-01 -1.2291E+00
  2.7487E-01 -1.2217E-01 -2.9302E-01 -1.2368E+00
  2.7678E-01 -1.2090E-01 -2.9483E-01 -1.2445E+00
  2.7871E-01 -1.1952E-01 -2.9665E-01 -1.2523E+00
  2.8065E-01 -1.1803E-01 -2.9847E-01 -1.2601E+00
  2.8260E-01 -1.1644E-01 -3.0031E-01 -1.2680E+00
  2.8457E-01 -1.1474E-01 -3.0215E-01 -1.2759E+00
  2.8655E-01 -1.1294E-01 -3.0399E-01 -1.2838E+00
  2.8855E-01 -1.1103E-01 -3.0585E-01 -1.2918E+00
  2.9056E-01 -1.0902E-01 -3.0771E-01 -1.2997E+00
  2.9258E-01 -1.0690E-01 -3.0958E-01 -1.3078E+00
  2.9461E-01 -1.0469E-01 -3.1146E-01 -1.3158E+00
  2.9667E-01 -1.0237E-01 -3.1335E-01 -1.3239E+00
  2.9873E-01 -9.9955E-02 -3.1524E-01 -1.3320E+00
  3.0081E-01 -9.7441E-02 -3.1714E-01 -1.3402E+00
  3.0290E-01 -9.4829E-02 -3.1905E-01 -1.3484E+00
  3.0501E-01 -9.2122E-02 -3.2097E-01 -1.3566E+00
  3.0714E-01 -8.9320E-02 -3.2289E-01 -1.3648E+00
  3.0927E-01 -8.6425E-02 -3.2482E-01 -1.3731E+00
  3.1143E-01 -8.3439E-02 -3.2675E-01 -1.3814E+00
  3.1360E-01 -8.0364E-02 -3.2870E-01 -1.3898E+00
  3.1578E-01 -7.7201E-02 -3.3065E-01 -1.3982E+00
  3.1798E-01 -7.3953E-02 -3.3261E-01 -1.4066E+00
  3.2019E-01 -7.0621E-02 -3.3457E-01 -1.4150E+00
  3.2242E-01 -6.7207E-02 -3.3654E-01 -1.4235E+00
  3.2466E-01 -6.3715E-02 -3.3852E-01 -1.4319E+00
  3.2692E-01 -6.0145E-02 -3.4050E-01 -1.4405E+00
  3.2920E-01 -5.6501E-02 -3.4249E-01 -1.4490E+00
  3.3149E-01 -5.2785E-02 -3.4448E-01 -1.4576E+00
  3.3380E-01 -4.8999E-02 -3.4649E-01 -1.4662E+00
  3.3612E-01 -4.5146E-02 -3.4849E-01 -1.4748E+00
  3.3846E-01 -4.1229E-02 -3.5051E-01 -1.4835E+00
  3.4082E-01 -3.7251E-02 -3.5253E-01 -1.4922E+00
  3.4319E-01 -3.3214E-02 -3.5455E-01 -1.5009E+00
  3.4558E-01 -2.9121E-02 -3.5658E-01 -1.5096E+00
  3.4799E-01 -2.4976E-02 -3.5862E-01 -1.5183E+00
  3.5041E-01 -2.0781E-02 -3.6066E-01 -1.5271E+00
  3.5285E-01 -1.6540E-02 -3.6271E-01 -1.5359E+00
  3.5530E-01 -1.2255E-02 -3.6476E-01 -1.5447E+00
  3.5778E-01 -7.9307E-03 -3.6681E-01 -1.5536E+00
  3.6027E-01 -3.5696E-03 -3.6888E-01 -1.5624E+00
  3.6277E-01  8.2477E-04 -3.7094E-01 -1.5713E+00
  3.6530E-01  5.2489E-03 -3.7301E-01 -1.5802E+00
  3.6784E-01  9.6993E-03 -3.7509E-01 -1.5891E+00
  3.7040E-01  1.4173E-02 -3.7716E-01 -1.5980E+00
  3.7298E-01  1.8665E-02 -3.7925E-01 -1.6070E+00
  3.7558E-01  2.3173E-02 -3.8133E-01 -1.6159E+00
  3.7819E-01  2.7692E-02 -3.8342E-01 -1.6249E+00
  3.8082E-01  3.2220E-02 -3.8551E-01 -1.6339E+00
  3.8348E-01  3.6752E-02 -3.8761E-01 -1.6429E+00
  3.8615E-01  4.1285E-02 -3.8971E-01 -1.6519E+00
  3.8883E-01  4.5814E-02 -3.9181E-01 -1.6609E+00
  3.9154E-01  5.0336E-02 -3.9392E-01 -1.6699E+00
  3.9427E-01  5.4847E-02 -3.9602E-01 -1.6790E+00
  3.9701E-01  5.9344E-02 -3.9813E-01 -1.6880E+00
  3.9977E-01  6.3821E-02 -4.0024E-01 -1.6970E+00
  4.0256E-01  6.8276E-02 -4.0236E-01 -1.7061E+00
  4.0536E-01  7.2704E-02 -4.0447E-01 -1.7151E+00
  4.0818E-01  7.7101E-02 -4.0659E-01 -1.7242E+00
  4.1102E-01  8.1464E-02 -4.0870E-01 -1.7332E+00
  4.1388E-01  8.5789E-02 -4.1082E-01 -1.7423E+00
  4.1676E-01  9.0071E-02 -4.1294E-01 -1.7513E+00
  4.1966E-01  9.4306E-02 -4.1506E-01 -1.7604E+00
  4.2259E-01  9.8492E-02 -4.1717E-01 -1.7694E+00
  4.2553E-01  1.0262E-01 -4.1929E-01 -1.7785E+00
  4.2849E-01  1.0670E-01 -4.2141E-01 -1.7875E+00
  4.3147E-01  1.1071E-01 -4.2353E-01 -1.7965E+00
  4.3447E-01  1.1465E-01 -4.2564E-01 -1.8055E+00
  4.3750E-01  1.1853E-01 -4.2776E-01 -1.8145E+00
  4.4054E-01  1.2233E-01 -4.2987E-01 -1.8235E+00
  4.4361E-01  1.2606E-01 -4.3198E-01 -1.8324E+00
  4.4670E-01  1.2970E-01 -4.3409E-01 -1.8414E+00
  4.4981E-01  1.3326E-01 -4.3619E-01 -1.8503E+00
  4.5294E-01  1.3673E-01 -4.3830E-01 -1.8592E+00
  4.5609E-01  1.4011E-01 -4.4040E-01 -1.8681E+00
  4.5927E-01  1.4340E-01 -4.4249E-01 -1.8769E+00
  4.6246E-01  1.4659E-01 -4.4458E-01 -1.8858E+00
  4.6568E-01  1.4967E-01 -4.4667E-01 -1.8946E+00
  4.6892E-01  1.5265E-01 -4.4876E-01 -1.9033E+00
  4.7219E-01  1.5552E-01 -4.5083E-01 -1.9120E+00
  4.7547E-01  1.5828E-01 -4.5291E-01 -1.9207E+00
  4.7878E-01  1.6092E-01 -4.5497E-01 -1.9294E+00
  4.8212E-01  1.6345E-01 -4.5703E-01 -1.9380E+00
  4.8547E-01  1.6586E-01 -4.5909E-01 -1.9466E+00
  4.8885E-01  1.6814E-01 -4.6113E-01 -1.9551E+00
  4.9225E-01  1.7029E-01 -4.6317E-01 -1.9636E+00
  4.9568E-01  1.7232E-01 -4.6520E-01 -1.9720E+00
  4.9913E-01  1.7422E-01 -4.6723E-01 -1.9803E+00
  5.0261E-01  1.7598E-01 -4.6924E-01 -1.9887E+00
  5.0610E-01  1.7760E-01 -4.7125E-01 -1.9969E+00
  5.0963E-01  1.7909E-01 -4.7324E-01 -2.0051E+00
  5.1317E-01  1.8043E-01 -4.7523E-01 -2.0132E+00
  5.1675E-01  1.8163E-01 -4.7720E-01 -2.0213E+00
  5.2034E-01  1.8269E-01 -4.7916E-01 -2.0293E+00
  5.2397E-01  1.8359E-01 -4.8112E-01 -2.0372E+00
  5.2761E-01  1.8435E-01 -4.8306E-01 -2.0451E+00
  5.3128E-01  1.8496E-01 -4.8498E-01 -2.0528E+00
  5.3498E-01  1.8542E-01 -4.8690E-01 -2.0605E+00
  5.3871E-01  1.8573E-01 -4.8880E-01 -2.0681E+00
  5.4246E-01  1.8588E-01 -4.9068E-01 -2.0756E+00
  5.4623E-01  1.8587E-01 -4.9256E-01 -2.0831E+00
  5.5003E-01  1.8571E-01 -4.9441E-01 -2.0904E+00
  5.5386E-01  1.8539E-01 -4.9625E-01 -2.0976E+00
  5.5772E-01  1.8491E-01 -4.9808E-01 -2.1047E+00
  5.6160E-01  1.8427E-01 -4.9988E-01 -2.1118E+00
  5.6551E-01  1.8347E-01 -5.0167E-01 -2.1187E+00
  5.6945E-01  1.8251E-01 -5.0344E-01 -2.1255E+00
  5.7341E-01  1.8139E-01 -5.0519E-01 -2.1322E+00
  5.7740E-01  1.8011E-01 -5.0693E-01 -2.1387E+00
  5.8142E-01  1.7867E-01 -5.0864E-01 -2.1452E+00
  5.8547E-01  1.7707E-01 -5.1033E-01 -2.1515E+00
  5.8954E-01  1.7531E-01 -5.1200E-01 -2.1577E+00
  5.9364E-01  1.7339E-01 -5.1365E-01 -2.1637E+00
  5.9778E-01  1.7131E-01 -5.1527E-01 -2.1696E+00
  6.0194E-01  1.6908E-01 -5.1688E-01 -2.1754E+00
  6.0613E-01  1.6668E-01 -5.1845E-01 -2.1810E+00
  6.1035E-01  1.6413E-01 -5.2001E-01 -2.1864E+00
  6.1459E-01  1.6142E-01 -5.2153E-01 -2.1917E+00
  6.1887E-01  1.5856E-01 -5.2303E-01 -2.1969E+00
  6.2318E-01  1.5555E-01 -5.2451E-01 -2.2018E+00
  6.2752E-01  1.5238E-01 -5.2595E-01 -2.2066E+00
  6.3189E-01  1.4907E-01 -5.2737E-01 -2.2113E+00
  6.3628E-01  1.4560E-01 -5.2876E-01 -2.2157E+00
  6.4071E-01  1.4199E-01 -5.3012E-01 -2.2200E+00
  6.4517E-01  1.3824E-01 -5.3145E-01 -2.2241E+00
  6.4966E-01  1.3435E-01 -5.3274E-01 -2.2279E+00
  6.5418E-01  1.3031E-01 -5.3401E-01 -2.2316E+00
  6.5874E-01  1.2614E-01 -5.3524E-01 -2.2351E+00
  6.6332E-01  1.2184E-01 -5.3643E-01 -2.2384E+00
  6.6794E-01  1.1740E-01 -5.3759E-01 -2.2414E+00
  6.7259E-01  1.1284E-01 -5.3872E-01 -2.2443E+00
  6.7727E-01  1.0815E-01 -5.3981E-01 -2.2469E+00
  6.8198E-01  1.0333E-01 -5.4086E-01 -2.2493E+00
  6.8673E-01  9.8400E-02 -5.4187E-01 -2.2514E+00
  6.9151E-01  9.3352E-02 -5.4285E-01 -2.2534E+00
  6.9632E-01  8.8191E-02 -5.4378E-01 -2.2550E+00
  7.0117E-01  8.2921E-02 -5.4468E-01 -2.2565E+00
  7.0605E-01  7.7546E-02 -5.4553E-01 -2.2576E+00
  7.1097E-01  7.2069E-02 -5.4634E-01 -2.2585E+00
  7.1591E-01  6.6495E-02 -5.4710E-01 -2.2592E+00
  7.2090E-01  6.0827E-02 -5.4782E-01 -2.2596E+00
  7.2591E-01  5.5070E-02 -5.4850E-01 -2.2597E+00
  7.3097E-01  4.9227E-02 -5.4913E-01 -2.2595E+00
  7.3606E-01  4.3303E-02 -5.4971E-01 -2.2591E+00
  7.4118E-01  3.7303E-02 -5.5024E-01 -2.2583E+00
  7.4634E-01  3.1230E-02 -5.5072E-01 -2.2573E+00
  7.5153E-01  2.5089E-02 -5.5116E-01 -2.2559E+00
  7.5676E-01  1.8885E-02 -5.5154E-01 -2.2543E+00
  7.6203E-01  1.2623E-02 -5.5187E-01 -2.2523E+00
  7.6733E-01  6.3065E-03 -5.5215E-01 -2.2501E+00
  7.7267E-01 -5.8872E-05 -5.5237E-01 -2.2475E+00
  7.7805E-01 -6.4684E-03 -5.5254E-01 -2.2446E+00
  7.8347E-01 -1.2917E-02 -5.5265E-01 -2.2413E+00
  7.8892E-01 -1.9401E-02 -5.5270E-01 -2.2377E+00
  7.9441E-01 -2.5913E-02 -5.5270E-01 -2.2338E+00
  7.9994E-01 -3.2450E-02 -5.5264E-01 -2.2296E+00
  8.0551E-01 -3.9006E-02 -5.5251E-01 -2.2250E+00
  8.1112E-01 -4.5577E-02 -5.5233E-01 -2.2200E+00
  8.1676E-01 -5.2156E-02 -5.5208E-01 -2.2147E+00
  8.2245E-01 -5.8740E-02 -5.5177E-01 -2.2090E+00
  8.2817E-01 -6.5322E-02 -5.5140E-01 -2.2029E+00
  8.3394E-01 -7.1898E-02 -5.5096E-01 -2.1965E+00
  8.3974E-01 -7.8462E-02 -5.5046E-01 -2.1897E+00
  8.4558E-01 -8.5009E-02 -5.4988E-01 -2.1826E+00
  8.5147E-01 -9.1534E-02 -5.4924E-01 -2.1750E+00
  8.5740E-01 -9.8032E-02 -5.4853E-01 -2.1671E+00
  8.6336E-01 -1.0450E-01 -5.4775E-01 -2.1588E+00
  8.6937E-01 -1.1092E-01 -5.4690E-01 -2.1500E+00
  8.7542E-01 -1.1731E-01 -5.4598E-01 -2.1409E+00
  8.8152E-01 -1.2365E-01 -5.4498E-01 -2.1314E+00
  8.8765E-01 -1.2993E-01 -5.4391E-01 -2.1215E+00
  8.9383E-01 -1.3616E-01 -5.4276E-01 -2.1112E+00
  9.0005E-01 -1.4232E-01 -5.4154E-01 -2.1005E+00
  9.0632E-01 -1.4841E-01 -5.4024E-01 -2.0894E+00
  9.1262E-01 -1.5444E-01 -5.3886E-01 -2.0779E+00
  9.1898E-01 -1.6038E-01 -5.3741E-01 -2.0660E+00
  9.2537E-01 -1.6624E-01 -5.3587E-01 -2.0537E+00
  9.3181E-01 -1.7201E-01 -5.3425E-01 -2.0409E+00
  9.3830E-01 -1.7769E-01 -5.3255E-01 -2.0278E+00
  9.4483E-01 -1.8327E-01 -5.3077E-01 -2.0142E+00
  9.5141E-01 -1.8875E-01 -5.2890E-01 -2.0002E+00
  9.5803E-01 -1.9413E-01 -5.2695E-01 -1.9858E+00
  9.6470E-01 -1.9939E-01 -5.2492E-01 -1.9710E+00
  9.7141E-01 -2.0454E-01 -5.2280E-01 -1.9558E+00
  9.7817E-01 -2.0957E-01 -5.2059E-01 -1.9402E+00
  9.8498E-01 -2.1447E-01 -5.1829E-01 -1.9242E+00
  9.9183E-01 -2.1925E-01 -5.1590E-01 -1.9078E+00
  9.9874E-01 -2.2389E-01 -5.1343E-01 -1.8910E+00
  1.0057E+00 -2.2840E-01 -5.1086E-01 -1.8738E+00
  1.0127E+00 -2.3277E-01 -5.0820E-01 -1.8562E+00
  1.0197E+00 -2.3699E-01 -5.0545E-01 -1.8382E+00
  1.0268E+00 -2.4107E-01 -5.0261E-01 -1.8198E+00
  1.0340E+00 -2.4499E-01 -4.9968E-01 -1.8011E+00
  1.0412E+00 -2.4876E-01 -4.9665E-01 -1.7819E+00
  1.0484E+00 -2.5238E-01 -4.9353E-01 -1.7624E+00
  1.0557E+00 -2.5583E-01 -4.9031E-01 -1.7425E+00
  1.0631E+00 -2.5912E-01 -4.8700E-01 -1.7223E+00
  1.0705E+00 -2.6224E-01 -4.8359E-01 -1.7017E+00
  1.0779E+00 -2.6519E-01 -4.8008E-01 -1.6808E+00
  1.0854E+00 -2.6796E-01 -4.7648E-01 -1.6595E+00
  1.0930E+00 -2.7056E-01 -4.7278E-01 -1.6379E+00
  1.1006E+00 -2.7299E-01 -4.6898E-01 -1.6160E+00
  1.1082E+00 -2.7523E-01 -4.6508E-01 -1.5938E+00
  1.1160E+00 -2.7729E-01 -4.6109E-01 -1.5713E+00
  1.1237E+00 -2.7916E-01 -4.5699E-01 -1.5484E+00
  1.1315E+00 -2.8085E-01 -4.5280E-01 -1.5253E+00
  1.1394E+00 -2.8235E-01 -4.4851E-01 -1.5020E+00
  1.1474E+00 -2.8365E-01 -4.4412E-01 -1.4783E+00
  1.1553E+00 -2.8477E-01 -4.3963E-01 -1.4544E+00
  1.1634E+00 -2.8569E-01 -4.3503E-01 -1.4303E+00
  1.1715E+00 -2.8641E-01 -4.3034E-01 -1.4060E+00
  1.1796E+00 -2.8694E-01 -4.2555E-01 -1.3814E+00
  1.1878E+00 -2.8727E-01 -4.2066E-01 -1.3567E+00
  1.1961E+00 -2.8741E-01 -4.1567E-01 -1.3317E+00
  1.2044E+00 -2.8734E-01 -4.1058E-01 -1.3066E+00
  1.2128E+00 -2.8707E-01 -4.0539E-01 -1.2813E+00
  1.2213E+00 -2.8660E-01 -4.0010E-01 -1.2559E+00
  1.2298E+00 -2.8593E-01 -3.9471E-01 -1.2304E+00
  1.2383E+00 -2.8506E-01 -3.8922E-01 -1.2047E+00
  1.2469E+00 -2.8399E-01 -3.8364E-01 -1.1790E+00
  1.2556E+00 -2.8271E-01 -3.7796E-01 -1.1532E+00
  1.2644E+00 -2.8123E-01 -3.7218E-01 -1.1273E+00
  1.2732E+00 -2.7955E-01 -3.6630E-01 -1.1014E+00
  1.2820E+00 -2.7767E-01 -3.6032E-01 -1.0754E+00
  1.2909E+00 -2.7559E-01 -3.5425E-01 -1.0494E+00
  1.2999E+00 -2.7331E-01 -3.4809E-01 -1.0235E+00
  1.3090E+00 -2.7083E-01 -3.4183E-01 -9.9751E-01
  1.3181E+00 -2.6815E-01 -3.3548E-01 -9.7160E-01
  1.3273E+00 -2.6527E-01 -3.2903E-01 -9.4576E-01
  1.3365E+00 -2.6220E-01 -3.2249E-01 -9.1998E-01
  1.3458E+00 -2.5893E-01 -3.1587E-01 -8.9430E-01
  1.3552E+00 -2.5546E-01 -3.0915E-01 -8.6873E-01
  1.3646E+00 -2.5181E-01 -3.0234E-01 -8.4328E-01
  1.3741E+00 -2.4796E-01 -2.9544E-01 -8.1798E-01
  1.3837E+00 -2.4392E-01 -2.8846E-01 -7.9284E-01
  1.3933E+00 -2.3970E-01 -2.8139E-01 -7.6788E-01
  1.4030E+00 -2.3529E-01 -2.7424E-01 -7.4312E-01
  1.4127E+00 -2.3070E-01 -2.6701E-01 -7.1858E-01
  1.4226E+00 -2.2592E-01 -2.5969E-01 -6.9426E-01
  1.4325E+00 -2.2097E-01 -2.5229E-01 -6.7019E-01
  1.4424E+00 -2.1584E-01 -2.4481E-01 -6.4638E-01
  1.4525E+00 -2.1054E-01 -2.3726E-01 -6.2285E-01
  1.4626E+00 -2.0507E-01 -2.2963E-01 -5.9962E-01
  1.4728E+00 -1.9942E-01 -2.2193E-01 -5.7669E-01
  1.4830E+00 -1.9362E-01 -2.1415E-01 -5.5409E-01
  1.4933E+00 -1.8765E-01 -2.0630E-01 -5.3183E-01
  1.5037E+00 -1.8152E-01 -1.9839E-01 -5.0993E-01
  1.5142E+00 -1.7523E-01 -1.9040E-01 -4.8838E-01
  1.5247E+00 -1.6879E-01 -1.8235E-01 -4.6722E-01
  1.5354E+00 -1.6220E-01 -1.7423E-01 -4.4644E-01
  1.5460E+00 -1.5546E-01 -1.6606E-01 -4.2607E-01
  1.5568E+00 -1.4859E-01 -1.5782E-01 -4.0611E-01
  1.5676E+00 -1.4157E-01 -1.4953E-01 -3.8657E-01
  1.5785E+00 -1.3442E-01 -1.4117E-01 -3.6747E-01
  1.5895E+00 -1.2713E-01 -1.3277E-01 -3.4881E-01
  1.6006E+00 -1.1972E-01 -1.2431E-01 -3.3059E-01
  1.6117E+00 -1.1218E-01 -1.1580E-01 -3.1284E-01
  1.6230E+00 -1.0452E-01 -1.0724E-01 -2.9554E-01
  1.6343E+00 -9.6751E-02 -9.8635E-02 -2.7872E-01
  1.6456E+00 -8.8867E-02 -8.9986E-02 -2.6237E-01
  1.6571E+00 -8.0874E-02 -8.1295E-02 -2.4650E-01
  1.6686E+00 -7.2778E-02 -7.2563E-02 -2.3112E-01
  1.6802E+00 -6.4583E-02 -6.3794E-02 -2.1622E-01
  1.6919E+00 -5.6293E-02 -5.4988E-02 -2.0180E-01
  1.7037E+00 -4.7912E-02 -4.6149E-02 -1.8788E-01
  1.7156E+00 -3.9445E-02 -3.7278E-02 -1.7445E-01
  1.7275E+00 -3.0896E-02 -2.8378E-02 -1.6150E-01
  1.7395E+00 -2.2269E-02 -1.9450E-02 -1.4905E-01
  1.7516E+00 -1.3570E-02 -1.0497E-02 -1.3708E-01
  1.7638E+00 -4.8032E-03 -1.5210E-03 -1.2559E-01
  1.7761E+00  4.0279E-03  7.4761E-03 -1.1459E-01
  1.7885E+00  1.2918E-02  1.6492E-02 -1.0407E-01
  1.8009E+00  2.1863E-02  2.5525E-02 -9.4014E-02
  1.8134E+00  3.0858E-02  3.4572E-02 -8.4431E-02
  1.8261E+00  3.9898E-02  4.3631E-02 -7.5311E-02
  1.8388E+00  4.8979E-02  5.2701E-02 -6.6648E-02
  1.8516E+00  5.8096E-02  6.1779E-02 -5.8437E-02
  1.8644E+00  6.7245E-02  7.0863E-02 -5.0670E-02
  1.8774E+00  7.6421E-02  7.9951E-02 -4.3341E-02
  1.8905E+00  8.5619E-02  8.9041E-02 -3.6442E-02
  1.9036E+00  9.4835E-02  9.8130E-02 -2.9965E-02
  1.9169E+00  1.0406E-01  1.0722E-01 -2.3904E-02
  1.9302E+00  1.1330E-01  1.1630E-01 -1.8251E-02
  1.9437E+00  1.2254E-01  1.2537E-01 -1.2997E-02
  1.9572E+00  1.3179E-01  1.3444E-01 -8.1371E-03
  1.9708E+00  1.4102E-01  1.4349E-01 -3.6628E-03
  1.9845E+00  1.5025E-01  1.5254E-01  4.3226E-04
  1.9984E+00  1.5947E-01  1.6156E-01  4.1542E-03
  2.0123E+00  1.6866E-01  1.7057E-01  7.5085E-03
  2.0263E+00  1.7784E-01  1.7956E-01  1.0500E-02
  2.0404E+00  1.8698E-01  1.8852E-01  1.3133E-02
  2.0546E+00  1.9610E-01  1.9746E-01  1.5410E-02
  2.0689E+00  2.0518E-01  2.0637E-01  1.7334E-02
  2.0833E+00  2.1423E-01  2.1525E-01  1.8904E-02
  2.0978E+00  2.2323E-01  2.2410E-01  2.0121E-02
  2.1124E+00  2.3218E-01  2.3291E-01  2.0982E-02
  2.1271E+00  2.4108E-01  2.4168E-01  2.1483E-02
  2.1419E+00  2.4993E-01  2.5041E-01  2.1618E-02
  2.1568E+00  2.5871E-01  2.5909E-01  2.1381E-02
  2.1718E+00  2.6744E-01  2.6772E-01  2.0762E-02
  2.1869E+00  2.7610E-01  2.7631E-01  1.9751E-02
  2.2021E+00  2.8469E-01  2.8483E-01  1.8332E-02
  2.2174E+00  2.9320E-01  2.9330E-01  1.6492E-02
  2.2329E+00  3.0164E-01  3.0170E-01  1.4212E-02
  2.2484E+00  3.1000E-01  3.1003E-01  1.1475E-02
  2.2641E+00  3.1827E-01  3.1828E-01  8.2569E-03
  2.2798E+00  3.2646E-01  3.2646E-01  4.5367E-03
  2.2957E+00  3.3455E-01  3.3455E-01  2.8972E-04
  2.3117E+00  3.4256E-01  3.4256E-01 -3.8762E-03
  2.3278E+00  3.5046E-01  3.5046E-01 -3.9604E-03
  2.3440E+00  3.5827E-01  3.5827E-01 -3.2557E-03
  2.3603E+00  3.6597E-01  3.6597E-01 -2.6416E-03
  2.3767E+00  3.7357E-01  3.7357E-01 -2.0608E-03
  2.3932E+00  3.8107E-01  3.8107E-01 -1.5309E-03
  2.4099E+00  3.8845E-01  3.8845E-01 -1.0679E-03
  2.4267E+00  3.9572E-01  3.9572E-01 -6.8444E-04
  2.4436E+00  4.0287E-01  4.0287E-01 -3.8910E-04
  2.4606E+00  4.0991E-01  4.0991E-01 -1.8431E-04
  2.4777E+00  4.1682E-01  4.1682E-01 -6.4666E-05
  2.4949E+00  4.2362E-01  4.2362E-01 -1.4723E-05
  2.5123E+00  4.3028E-01  4.3028E-01  0.0000E+00
  2.5298E+00  4.3683E-01  4.3683E-01  0.0000E+00
  2.5474E+00  4.4324E-01  4.4324E-01  0.0000E+00
  2.5651E+00  4.4952E-01  4.4952E-01  0.0000E+00
  2.5830E+00  4.5568E-01  4.5568E-01  0.0000E+00
  2.6010E+00  4.6170E-01  4.6170E-01  0.0000E+00
  2.6191E+00  4.6758E-01  4.6758E-01  0.0000E+00
  2.6373E+00  4.7332E-01  4.7332E-01  0.0000E+00
  2.6556E+00  4.7893E-01  4.7893E-01  0.0000E+00
  2.6741E+00  4.8440E-01  4.8440E-01  0.0000E+00
  2.6927E+00  4.8973E-01  4.8973E-01  0.0000E+00
  2.7115E+00  4.9491E-01  4.9491E-01  0.0000E+00
  2.7303E+00  4.9995E-01  4.9995E-01  0.0000E+00
  2.7493E+00  5.0485E-01  5.0485E-01  0.0000E+00
  2.7685E+00  5.0960E-01  5.0960E-01  0.0000E+00
  2.7878E+00  5.1421E-01  5.1421E-01  0.0000E+00
  2.8072E+00  5.1866E-01  5.1866E-01  0.0000E+00
  2.8267E+00  5.2297E-01  5.2297E-01  0.0000E+00
  2.8464E+00  5.2714E-01  5.2714E-01  0.0000E+00
  2.8662E+00  5.3115E-01  5.3115E-01  0.0000E+00
  2.8861E+00  5.3501E-01  5.3501E-01  0.0000E+00
  2.9062E+00  5.3872E-01  5.3872E-01  0.0000E+00
  2.9264E+00  5.4228E-01  5.4228E-01  0.0000E+00
  2.9468E+00  5.4569E-01  5.4569E-01  0.0000E+00
  2.9673E+00  5.4895E-01  5.4895E-01  0.0000E+00
  2.9880E+00  5.5206E-01  5.5206E-01  0.0000E+00
  3.0088E+00  5.5502E-01  5.5502E-01  0.0000E+00
  3.0297E+00  5.5782E-01  5.5782E-01  0.0000E+00
  3.0508E+00  5.6047E-01  5.6047E-01  0.0000E+00
  3.0720E+00  5.6297E-01  5.6297E-01  0.0000E+00
  3.0934E+00  5.6532E-01  5.6532E-01  0.0000E+00
  3.1149E+00  5.6751E-01  5.6751E-01  0.0000E+00
  3.1366E+00  5.6956E-01  5.6956E-01  0.0000E+00
  3.1584E+00  5.7145E-01  5.7145E-01  0.0000E+00
  3.1804E+00  5.7320E-01  5.7320E-01  0.0000E+00
  3.2026E+00  5.7479E-01  5.7479E-01  0.0000E+00
  3.2248E+00  5.7623E-01  5.7623E-01  0.0000E+00
  3.2473E+00  5.7752E-01  5.7752E-01  0.0000E+00
  3.2699E+00  5.7866E-01  5.7866E-01  0.0000E+00
  3.2926E+00  5.7966E-01  5.7966E-01  0.0000E+00
  3.3156E+00  5.8050E-01  5.8050E-01  0.0000E+00
  3.3386E+00  5.8120E-01  5.8120E-01  0.0000E+00
  3.3619E+00  5.8175E-01  5.8175E-01  0.0000E+00
  3.3853E+00  5.8216E-01  5.8216E-01  0.0000E+00
  3.4088E+00  5.8242E-01  5.8242E-01  0.0000E+00
  3.4326E+00  5.8254E-01  5.8254E-01  0.0000E+00
  3.4564E+00  5.8251E-01  5.8251E-01  0.0000E+00
  3.4805E+00  5.8234E-01  5.8234E-01  0.0000E+00
  3.5047E+00  5.8204E-01  5.8204E-01  0.0000E+00
  3.5291E+00  5.8159E-01  5.8159E-01  0.0000E+00
  3.5537E+00  5.8100E-01  5.8100E-01  0.0000E+00
