 # l=           2 basis function with energy   -0.228833639151842     
  0.0000E+00  0.0000E+00  0.0000E+00  0.0000E+00
  5.3042E-07 -2.6144E-14  5.3733E-20  7.2159E-19
  1.0645E-06 -1.5567E-13  4.3437E-19  5.8336E-18
  1.6023E-06 -4.4368E-13  1.4814E-18  1.9893E-17
  2.1439E-06 -9.3526E-13  3.5482E-18  4.7653E-17
  2.6893E-06 -1.6711E-12  7.0030E-18  9.4045E-17
  3.2384E-06 -2.6896E-12  1.2229E-17  1.6422E-16
  3.7913E-06 -4.0277E-12  1.9623E-17  2.6352E-16
  4.3481E-06 -5.7211E-12  2.9601E-17  3.9752E-16
  4.9088E-06 -7.8055E-12  4.2591E-17  5.7198E-16
  5.4734E-06 -1.0316E-11  5.9042E-17  7.9291E-16
  6.0419E-06 -1.3287E-11  7.9417E-17  1.0665E-15
  6.6144E-06 -1.6755E-11  1.0420E-16  1.3993E-15
  7.1908E-06 -2.0754E-11  1.3388E-16  1.7980E-15
  7.7713E-06 -2.5320E-11  1.6899E-16  2.2695E-15
  8.3558E-06 -3.0489E-11  2.1006E-16  2.8210E-15
  8.9444E-06 -3.6297E-11  2.5765E-16  3.4601E-15
  9.5370E-06 -4.2781E-11  3.1234E-16  4.1945E-15
  1.0134E-05 -4.9978E-11  3.7472E-16  5.0323E-15
  1.0735E-05 -5.7926E-11  4.4542E-16  5.9817E-15
  1.1340E-05 -6.6664E-11  5.2507E-16  7.0513E-15
  1.1949E-05 -7.6230E-11  6.1434E-16  8.2502E-15
  1.2563E-05 -8.6664E-11  7.1392E-16  9.5875E-15
  1.3181E-05 -9.8008E-11  8.2452E-16  1.1073E-14
  1.3803E-05 -1.1030E-10  9.4687E-16  1.2716E-14
  1.4429E-05 -1.2359E-10  1.0817E-15  1.4527E-14
  1.5060E-05 -1.3791E-10  1.2299E-15  1.6517E-14
  1.5695E-05 -1.5331E-10  1.3922E-15  1.8696E-14
  1.6335E-05 -1.6983E-10  1.5694E-15  2.1077E-14
  1.6979E-05 -1.8752E-10  1.7625E-15  2.3669E-14
  1.7628E-05 -2.0642E-10  1.9723E-15  2.6487E-14
  1.8281E-05 -2.2659E-10  2.1997E-15  2.9541E-14
  1.8938E-05 -2.4807E-10  2.4458E-15  3.2846E-14
  1.9601E-05 -2.7091E-10  2.7114E-15  3.6413E-14
  2.0267E-05 -2.9516E-10  2.9977E-15  4.0257E-14
  2.0939E-05 -3.2087E-10  3.3056E-15  4.4392E-14
  2.1615E-05 -3.4810E-10  3.6363E-15  4.8833E-14
  2.2296E-05 -3.7689E-10  3.9908E-15  5.3595E-14
  2.2981E-05 -4.0731E-10  4.3704E-15  5.8692E-14
  2.3672E-05 -4.3941E-10  4.7762E-15  6.4142E-14
  2.4367E-05 -4.7324E-10  5.2095E-15  6.9961E-14
  2.5067E-05 -5.0887E-10  5.6715E-15  7.6165E-14
  2.5772E-05 -5.4635E-10  6.1635E-15  8.2772E-14
  2.6482E-05 -5.8575E-10  6.6869E-15  8.9801E-14
  2.7196E-05 -6.2713E-10  7.2431E-15  9.7270E-14
  2.7916E-05 -6.7055E-10  7.8334E-15  1.0520E-13
  2.8641E-05 -7.1608E-10  8.4595E-15  1.1361E-13
  2.9371E-05 -7.6378E-10  9.1227E-15  1.2251E-13
  3.0105E-05 -8.1372E-10  9.8247E-15  1.3194E-13
  3.0845E-05 -8.6598E-10  1.0567E-14  1.4191E-13
  3.1590E-05 -9.2062E-10  1.1352E-14  1.5244E-13
  3.2341E-05 -9.7771E-10  1.2180E-14  1.6357E-13
  3.3096E-05 -1.0373E-09  1.3053E-14  1.7530E-13
  3.3857E-05 -1.0996E-09  1.3974E-14  1.8767E-13
  3.4623E-05 -1.1645E-09  1.4944E-14  2.0070E-13
  3.5394E-05 -1.2321E-09  1.5966E-14  2.1441E-13
  3.6171E-05 -1.3027E-09  1.7040E-14  2.2884E-13
  3.6953E-05 -1.3761E-09  1.8170E-14  2.4401E-13
  3.7741E-05 -1.4526E-09  1.9356E-14  2.5994E-13
  3.8534E-05 -1.5321E-09  2.0602E-14  2.7668E-13
  3.9332E-05 -1.6148E-09  2.1910E-14  2.9424E-13
  4.0137E-05 -1.7009E-09  2.3282E-14  3.1266E-13
  4.0946E-05 -1.7902E-09  2.4719E-14  3.3197E-13
  4.1762E-05 -1.8831E-09  2.6226E-14  3.5219E-13
  4.2583E-05 -1.9795E-09  2.7803E-14  3.7338E-13
  4.3410E-05 -2.0795E-09  2.9454E-14  3.9555E-13
  4.4242E-05 -2.1833E-09  3.1182E-14  4.1875E-13
  4.5080E-05 -2.2910E-09  3.2988E-14  4.4301E-13
  4.5925E-05 -2.4026E-09  3.4876E-14  4.6836E-13
  4.6775E-05 -2.5183E-09  3.6849E-14  4.9485E-13
  4.7631E-05 -2.6382E-09  3.8909E-14  5.2252E-13
  4.8492E-05 -2.7624E-09  4.1059E-14  5.5140E-13
  4.9360E-05 -2.8910E-09  4.3304E-14  5.8154E-13
  5.0234E-05 -3.0241E-09  4.5645E-14  6.1298E-13
  5.1114E-05 -3.1618E-09  4.8086E-14  6.4577E-13
  5.2000E-05 -3.3043E-09  5.0630E-14  6.7994E-13
  5.2893E-05 -3.4517E-09  5.3282E-14  7.1554E-13
  5.3791E-05 -3.6041E-09  5.6044E-14  7.5263E-13
  5.4696E-05 -3.7617E-09  5.8920E-14  7.9125E-13
  5.5607E-05 -3.9245E-09  6.1913E-14  8.3146E-13
  5.6525E-05 -4.0927E-09  6.5028E-14  8.7329E-13
  5.7448E-05 -4.2665E-09  6.8269E-14  9.1681E-13
  5.8379E-05 -4.4460E-09  7.1639E-14  9.6207E-13
  5.9315E-05 -4.6313E-09  7.5143E-14  1.0091E-12
  6.0259E-05 -4.8226E-09  7.8786E-14  1.0580E-12
  6.1208E-05 -5.0200E-09  8.2570E-14  1.1089E-12
  6.2165E-05 -5.2237E-09  8.6501E-14  1.1617E-12
  6.3128E-05 -5.4339E-09  9.0584E-14  1.2165E-12
  6.4098E-05 -5.6506E-09  9.4823E-14  1.2734E-12
  6.5074E-05 -5.8742E-09  9.9223E-14  1.3325E-12
  6.6057E-05 -6.1046E-09  1.0379E-13  1.3938E-12
  6.7048E-05 -6.3422E-09  1.0853E-13  1.4575E-12
  6.8045E-05 -6.5870E-09  1.1344E-13  1.5234E-12
  6.9049E-05 -6.8393E-09  1.1854E-13  1.5919E-12
  7.0060E-05 -7.0992E-09  1.2382E-13  1.6628E-12
  7.1078E-05 -7.3669E-09  1.2930E-13  1.7364E-12
  7.2103E-05 -7.6427E-09  1.3497E-13  1.8126E-12
  7.3135E-05 -7.9266E-09  1.4085E-13  1.8916E-12
  7.4174E-05 -8.2190E-09  1.4694E-13  1.9734E-12
  7.5221E-05 -8.5199E-09  1.5325E-13  2.0581E-12
  7.6275E-05 -8.8297E-09  1.5978E-13  2.1458E-12
  7.7336E-05 -9.1484E-09  1.6655E-13  2.2366E-12
  7.8405E-05 -9.4764E-09  1.7355E-13  2.3306E-12
  7.9481E-05 -9.8139E-09  1.8079E-13  2.4279E-12
  8.0564E-05 -1.0161E-08  1.8829E-13  2.5286E-12
  8.1655E-05 -1.0518E-08  1.9604E-13  2.6327E-12
  8.2754E-05 -1.0885E-08  2.0406E-13  2.7404E-12
  8.3860E-05 -1.1263E-08  2.1235E-13  2.8518E-12
  8.4975E-05 -1.1651E-08  2.2093E-13  2.9670E-12
  8.6096E-05 -1.2050E-08  2.2980E-13  3.0860E-12
  8.7226E-05 -1.2460E-08  2.3896E-13  3.2091E-12
  8.8363E-05 -1.2881E-08  2.4843E-13  3.3363E-12
  8.9509E-05 -1.3314E-08  2.5822E-13  3.4677E-12
  9.0662E-05 -1.3759E-08  2.6833E-13  3.6035E-12
  9.1824E-05 -1.4216E-08  2.7877E-13  3.7438E-12
  9.2993E-05 -1.4686E-08  2.8956E-13  3.8886E-12
  9.4171E-05 -1.5168E-08  3.0070E-13  4.0383E-12
  9.5356E-05 -1.5664E-08  3.1220E-13  4.1927E-12
  9.6550E-05 -1.6172E-08  3.2408E-13  4.3522E-12
  9.7753E-05 -1.6694E-08  3.3634E-13  4.5168E-12
  9.8964E-05 -1.7231E-08  3.4899E-13  4.6868E-12
  1.0018E-04 -1.7781E-08  3.6205E-13  4.8621E-12
  1.0141E-04 -1.8346E-08  3.7552E-13  5.0431E-12
  1.0265E-04 -1.8926E-08  3.8942E-13  5.2297E-12
  1.0389E-04 -1.9521E-08  4.0376E-13  5.4223E-12
  1.0514E-04 -2.0132E-08  4.1856E-13  5.6210E-12
  1.0641E-04 -2.0758E-08  4.3381E-13  5.8258E-12
  1.0768E-04 -2.1401E-08  4.4954E-13  6.0371E-12
  1.0896E-04 -2.2061E-08  4.6576E-13  6.2549E-12
  1.1025E-04 -2.2737E-08  4.8249E-13  6.4795E-12
  1.1154E-04 -2.3431E-08  4.9972E-13  6.7110E-12
  1.1285E-04 -2.4143E-08  5.1749E-13  6.9496E-12
  1.1417E-04 -2.4873E-08  5.3581E-13  7.1956E-12
  1.1549E-04 -2.5621E-08  5.5468E-13  7.4490E-12
  1.1683E-04 -2.6389E-08  5.7413E-13  7.7102E-12
  1.1817E-04 -2.7175E-08  5.9416E-13  7.9792E-12
  1.1952E-04 -2.7982E-08  6.1480E-13  8.2564E-12
  1.2088E-04 -2.8809E-08  6.3606E-13  8.5420E-12
  1.2226E-04 -2.9656E-08  6.5796E-13  8.8361E-12
  1.2364E-04 -3.0525E-08  6.8052E-13  9.1389E-12
  1.2503E-04 -3.1415E-08  7.0374E-13  9.4509E-12
  1.2643E-04 -3.2328E-08  7.2766E-13  9.7720E-12
  1.2784E-04 -3.3263E-08  7.5228E-13  1.0103E-11
  1.2926E-04 -3.4221E-08  7.7763E-13  1.0443E-11
  1.3069E-04 -3.5202E-08  8.0373E-13  1.0794E-11
  1.3213E-04 -3.6208E-08  8.3059E-13  1.1154E-11
  1.3358E-04 -3.7238E-08  8.5824E-13  1.1526E-11
  1.3504E-04 -3.8293E-08  8.8669E-13  1.1908E-11
  1.3651E-04 -3.9374E-08  9.1596E-13  1.2301E-11
  1.3799E-04 -4.0481E-08  9.4609E-13  1.2705E-11
  1.3948E-04 -4.1615E-08  9.7709E-13  1.3122E-11
  1.4098E-04 -4.2777E-08  1.0090E-12  1.3550E-11
  1.4249E-04 -4.3966E-08  1.0418E-12  1.3990E-11
  1.4402E-04 -4.5183E-08  1.0755E-12  1.4444E-11
  1.4555E-04 -4.6430E-08  1.1102E-12  1.4910E-11
  1.4709E-04 -4.7707E-08  1.1459E-12  1.5389E-11
  1.4865E-04 -4.9014E-08  1.1826E-12  1.5882E-11
  1.5021E-04 -5.0352E-08  1.2204E-12  1.6389E-11
  1.5179E-04 -5.1721E-08  1.2592E-12  1.6910E-11
  1.5337E-04 -5.3123E-08  1.2991E-12  1.7446E-11
  1.5497E-04 -5.4558E-08  1.3401E-12  1.7997E-11
  1.5658E-04 -5.6027E-08  1.3823E-12  1.8563E-11
  1.5820E-04 -5.7531E-08  1.4256E-12  1.9146E-11
  1.5983E-04 -5.9069E-08  1.4702E-12  1.9744E-11
  1.6147E-04 -6.0643E-08  1.5160E-12  2.0359E-11
  1.6313E-04 -6.2254E-08  1.5631E-12  2.0991E-11
  1.6479E-04 -6.3903E-08  1.6114E-12  2.1641E-11
  1.6647E-04 -6.5589E-08  1.6612E-12  2.2308E-11
  1.6816E-04 -6.7315E-08  1.7122E-12  2.2994E-11
  1.6986E-04 -6.9081E-08  1.7647E-12  2.3699E-11
  1.7157E-04 -7.0887E-08  1.8186E-12  2.4423E-11
  1.7330E-04 -7.2735E-08  1.8740E-12  2.5167E-11
  1.7503E-04 -7.4625E-08  1.9309E-12  2.5931E-11
  1.7678E-04 -7.6559E-08  1.9894E-12  2.6716E-11
  1.7854E-04 -7.8536E-08  2.0494E-12  2.7522E-11
  1.8032E-04 -8.0559E-08  2.1111E-12  2.8350E-11
  1.8210E-04 -8.2628E-08  2.1744E-12  2.9201E-11
  1.8390E-04 -8.4744E-08  2.2394E-12  3.0074E-11
  1.8571E-04 -8.6907E-08  2.3062E-12  3.0971E-11
  1.8753E-04 -8.9120E-08  2.3748E-12  3.1892E-11
  1.8937E-04 -9.1383E-08  2.4452E-12  3.2838E-11
  1.9122E-04 -9.3696E-08  2.5175E-12  3.3809E-11
  1.9308E-04 -9.6062E-08  2.5917E-12  3.4806E-11
  1.9495E-04 -9.8481E-08  2.6680E-12  3.5829E-11
  1.9684E-04 -1.0095E-07  2.7462E-12  3.6880E-11
  1.9874E-04 -1.0348E-07  2.8265E-12  3.7958E-11
  2.0065E-04 -1.0607E-07  2.9089E-12  3.9065E-11
  2.0258E-04 -1.0871E-07  2.9935E-12  4.0201E-11
  2.0452E-04 -1.1141E-07  3.0804E-12  4.1368E-11
  2.0647E-04 -1.1417E-07  3.1695E-12  4.2565E-11
  2.0844E-04 -1.1700E-07  3.2610E-12  4.3793E-11
  2.1042E-04 -1.1988E-07  3.3548E-12  4.5054E-11
  2.1242E-04 -1.2283E-07  3.4512E-12  4.6347E-11
  2.1443E-04 -1.2584E-07  3.5500E-12  4.7674E-11
  2.1645E-04 -1.2892E-07  3.6514E-12  4.9036E-11
  2.1849E-04 -1.3207E-07  3.7555E-12  5.0434E-11
  2.2054E-04 -1.3529E-07  3.8622E-12  5.1867E-11
  2.2260E-04 -1.3858E-07  3.9718E-12  5.3338E-11
  2.2468E-04 -1.4194E-07  4.0841E-12  5.4847E-11
  2.2678E-04 -1.4537E-07  4.1994E-12  5.6395E-11
  2.2889E-04 -1.4888E-07  4.3176E-12  5.7983E-11
  2.3101E-04 -1.5246E-07  4.4389E-12  5.9612E-11
  2.3315E-04 -1.5613E-07  4.5633E-12  6.1282E-11
  2.3530E-04 -1.5987E-07  4.6909E-12  6.2996E-11
  2.3747E-04 -1.6369E-07  4.8217E-12  6.4753E-11
  2.3965E-04 -1.6760E-07  4.9559E-12  6.6555E-11
  2.4185E-04 -1.7159E-07  5.0936E-12  6.8404E-11
  2.4406E-04 -1.7567E-07  5.2347E-12  7.0299E-11
  2.4629E-04 -1.7983E-07  5.3795E-12  7.2243E-11
  2.4854E-04 -1.8409E-07  5.5279E-12  7.4236E-11
  2.5080E-04 -1.8843E-07  5.6801E-12  7.6280E-11
  2.5307E-04 -1.9287E-07  5.8361E-12  7.8375E-11
  2.5536E-04 -1.9741E-07  5.9961E-12  8.0524E-11
  2.5767E-04 -2.0204E-07  6.1601E-12  8.2727E-11
  2.6000E-04 -2.0677E-07  6.3283E-12  8.4985E-11
  2.6234E-04 -2.1160E-07  6.5007E-12  8.7300E-11
  2.6469E-04 -2.1654E-07  6.6774E-12  8.9674E-11
  2.6706E-04 -2.2158E-07  6.8586E-12  9.2107E-11
  2.6945E-04 -2.2673E-07  7.0443E-12  9.4601E-11
  2.7186E-04 -2.3199E-07  7.2347E-12  9.7157E-11
  2.7428E-04 -2.3736E-07  7.4298E-12  9.9778E-11
  2.7672E-04 -2.4284E-07  7.6298E-12  1.0246E-10
  2.7918E-04 -2.4844E-07  7.8348E-12  1.0522E-10
  2.8165E-04 -2.5416E-07  8.0449E-12  1.0804E-10
  2.8414E-04 -2.5999E-07  8.2602E-12  1.1093E-10
  2.8665E-04 -2.6596E-07  8.4808E-12  1.1389E-10
  2.8917E-04 -2.7204E-07  8.7070E-12  1.1693E-10
  2.9172E-04 -2.7826E-07  8.9387E-12  1.2004E-10
  2.9428E-04 -2.8460E-07  9.1761E-12  1.2323E-10
  2.9686E-04 -2.9108E-07  9.4195E-12  1.2650E-10
  2.9945E-04 -2.9770E-07  9.6688E-12  1.2985E-10
  3.0207E-04 -3.0445E-07  9.9243E-12  1.3328E-10
  3.0470E-04 -3.1135E-07  1.0186E-11  1.3679E-10
  3.0735E-04 -3.1839E-07  1.0454E-11  1.4039E-10
  3.1002E-04 -3.2558E-07  1.0729E-11  1.4408E-10
  3.1271E-04 -3.3291E-07  1.1010E-11  1.4786E-10
  3.1541E-04 -3.4040E-07  1.1299E-11  1.5174E-10
  3.1814E-04 -3.4805E-07  1.1594E-11  1.5570E-10
  3.2088E-04 -3.5585E-07  1.1897E-11  1.5977E-10
  3.2365E-04 -3.6382E-07  1.2207E-11  1.6393E-10
  3.2643E-04 -3.7195E-07  1.2525E-11  1.6820E-10
  3.2923E-04 -3.8026E-07  1.2850E-11  1.7257E-10
  3.3206E-04 -3.8873E-07  1.3183E-11  1.7704E-10
  3.3490E-04 -3.9738E-07  1.3525E-11  1.8163E-10
  3.3776E-04 -4.0621E-07  1.3874E-11  1.8632E-10
  3.4064E-04 -4.1522E-07  1.4232E-11  1.9113E-10
  3.4354E-04 -4.2441E-07  1.4599E-11  1.9606E-10
  3.4646E-04 -4.3380E-07  1.4975E-11  2.0110E-10
  3.4940E-04 -4.4338E-07  1.5359E-11  2.0627E-10
  3.5236E-04 -4.5315E-07  1.5753E-11  2.1156E-10
  3.5535E-04 -4.6313E-07  1.6157E-11  2.1697E-10
  3.5835E-04 -4.7331E-07  1.6570E-11  2.2252E-10
  3.6138E-04 -4.8370E-07  1.6993E-11  2.2820E-10
  3.6442E-04 -4.9431E-07  1.7426E-11  2.3402E-10
  3.6749E-04 -5.0513E-07  1.7870E-11  2.3998E-10
  3.7058E-04 -5.1617E-07  1.8324E-11  2.4608E-10
  3.7368E-04 -5.2744E-07  1.8789E-11  2.5233E-10
  3.7682E-04 -5.3894E-07  1.9265E-11  2.5872E-10
  3.7997E-04 -5.5068E-07  1.9753E-11  2.6527E-10
  3.8314E-04 -5.6265E-07  2.0252E-11  2.7198E-10
  3.8634E-04 -5.7487E-07  2.0764E-11  2.7884E-10
  3.8956E-04 -5.8734E-07  2.1287E-11  2.8587E-10
  3.9280E-04 -6.0006E-07  2.1823E-11  2.9307E-10
  3.9607E-04 -6.1304E-07  2.2371E-11  3.0043E-10
  3.9935E-04 -6.2628E-07  2.2933E-11  3.0798E-10
  4.0266E-04 -6.3979E-07  2.3508E-11  3.1570E-10
  4.0600E-04 -6.5358E-07  2.4096E-11  3.2360E-10
  4.0935E-04 -6.6764E-07  2.4699E-11  3.3169E-10
  4.1273E-04 -6.8199E-07  2.5316E-11  3.3997E-10
  4.1613E-04 -6.9664E-07  2.5947E-11  3.4845E-10
  4.1956E-04 -7.1157E-07  2.6593E-11  3.5713E-10
  4.2301E-04 -7.2681E-07  2.7255E-11  3.6602E-10
  4.2648E-04 -7.4236E-07  2.7932E-11  3.7511E-10
  4.2998E-04 -7.5822E-07  2.8625E-11  3.8442E-10
  4.3351E-04 -7.7440E-07  2.9334E-11  3.9394E-10
  4.3705E-04 -7.9091E-07  3.0060E-11  4.0369E-10
  4.4063E-04 -8.0775E-07  3.0803E-11  4.1367E-10
  4.4422E-04 -8.2493E-07  3.1564E-11  4.2389E-10
  4.4784E-04 -8.4245E-07  3.2342E-11  4.3434E-10
  4.5149E-04 -8.6033E-07  3.3139E-11  4.4504E-10
  4.5516E-04 -8.7856E-07  3.3954E-11  4.5599E-10
  4.5886E-04 -8.9716E-07  3.4789E-11  4.6719E-10
  4.6259E-04 -9.1614E-07  3.5643E-11  4.7866E-10
  4.6634E-04 -9.3549E-07  3.6516E-11  4.9039E-10
  4.7011E-04 -9.5523E-07  3.7411E-11  5.0240E-10
  4.7391E-04 -9.7537E-07  3.8326E-11  5.1469E-10
  4.7774E-04 -9.9591E-07  3.9262E-11  5.2727E-10
  4.8160E-04 -1.0169E-06  4.0220E-11  5.4013E-10
  4.8548E-04 -1.0382E-06  4.1201E-11  5.5330E-10
  4.8939E-04 -1.0600E-06  4.2204E-11  5.6678E-10
  4.9333E-04 -1.0823E-06  4.3231E-11  5.8056E-10
  4.9729E-04 -1.1049E-06  4.4281E-11  5.9467E-10
  5.0128E-04 -1.1281E-06  4.5356E-11  6.0910E-10
  5.0530E-04 -1.1516E-06  4.6456E-11  6.2387E-10
  5.0935E-04 -1.1757E-06  4.7581E-11  6.3898E-10
  5.1342E-04 -1.2002E-06  4.8732E-11  6.5444E-10
  5.1753E-04 -1.2253E-06  4.9910E-11  6.7026E-10
  5.2166E-04 -1.2508E-06  5.1115E-11  6.8644E-10
  5.2582E-04 -1.2768E-06  5.2348E-11  7.0300E-10
  5.3001E-04 -1.3034E-06  5.3609E-11  7.1994E-10
  5.3423E-04 -1.3304E-06  5.4900E-11  7.3727E-10
  5.3848E-04 -1.3580E-06  5.6220E-11  7.5500E-10
  5.4275E-04 -1.3862E-06  5.7571E-11  7.7314E-10
  5.4706E-04 -1.4149E-06  5.8952E-11  7.9169E-10
  5.5140E-04 -1.4442E-06  6.0366E-11  8.1068E-10
  5.5577E-04 -1.4740E-06  6.1812E-11  8.3009E-10
  5.6017E-04 -1.5045E-06  6.3291E-11  8.4996E-10
  5.6460E-04 -1.5355E-06  6.4804E-11  8.7028E-10
  5.6905E-04 -1.5672E-06  6.6352E-11  8.9107E-10
  5.7355E-04 -1.5995E-06  6.7935E-11  9.1233E-10
  5.7807E-04 -1.6324E-06  6.9555E-11  9.3408E-10
  5.8262E-04 -1.6660E-06  7.1211E-11  9.5633E-10
  5.8721E-04 -1.7003E-06  7.2906E-11  9.7908E-10
  5.9182E-04 -1.7352E-06  7.4639E-11  1.0024E-09
  5.9647E-04 -1.7708E-06  7.6412E-11  1.0262E-09
  6.0115E-04 -1.8071E-06  7.8225E-11  1.0505E-09
  6.0587E-04 -1.8441E-06  8.0080E-11  1.0754E-09
  6.1062E-04 -1.8818E-06  8.1977E-11  1.1009E-09
  6.1540E-04 -1.9203E-06  8.3918E-11  1.1270E-09
  6.2021E-04 -1.9596E-06  8.5902E-11  1.1536E-09
  6.2506E-04 -1.9996E-06  8.7932E-11  1.1809E-09
  6.2994E-04 -2.0404E-06  9.0008E-11  1.2088E-09
  6.3485E-04 -2.0820E-06  9.2131E-11  1.2373E-09
  6.3980E-04 -2.1244E-06  9.4302E-11  1.2664E-09
  6.4478E-04 -2.1677E-06  9.6523E-11  1.2962E-09
  6.4980E-04 -2.2118E-06  9.8794E-11  1.3267E-09
  6.5485E-04 -2.2567E-06  1.0112E-10  1.3579E-09
  6.5994E-04 -2.3026E-06  1.0349E-10  1.3898E-09
  6.6506E-04 -2.3493E-06  1.0592E-10  1.4225E-09
  6.7022E-04 -2.3969E-06  1.0840E-10  1.4558E-09
  6.7542E-04 -2.4455E-06  1.1095E-10  1.4899E-09
  6.8065E-04 -2.4951E-06  1.1354E-10  1.5248E-09
  6.8592E-04 -2.5456E-06  1.1620E-10  1.5605E-09
  6.9122E-04 -2.5971E-06  1.1892E-10  1.5970E-09
  6.9656E-04 -2.6496E-06  1.2169E-10  1.6343E-09
  7.0194E-04 -2.7031E-06  1.2453E-10  1.6724E-09
  7.0736E-04 -2.7576E-06  1.2744E-10  1.7114E-09
  7.1281E-04 -2.8133E-06  1.3041E-10  1.7513E-09
  7.1830E-04 -2.8700E-06  1.3345E-10  1.7921E-09
  7.2383E-04 -2.9278E-06  1.3655E-10  1.8338E-09
  7.2940E-04 -2.9867E-06  1.3973E-10  1.8765E-09
  7.3500E-04 -3.0468E-06  1.4297E-10  1.9201E-09
  7.4065E-04 -3.1081E-06  1.4629E-10  1.9647E-09
  7.4634E-04 -3.1706E-06  1.4969E-10  2.0102E-09
  7.5206E-04 -3.2342E-06  1.5316E-10  2.0569E-09
  7.5782E-04 -3.2991E-06  1.5671E-10  2.1045E-09
  7.6363E-04 -3.3653E-06  1.6034E-10  2.1532E-09
  7.6947E-04 -3.4328E-06  1.6405E-10  2.2031E-09
  7.7536E-04 -3.5015E-06  1.6784E-10  2.2540E-09
  7.8129E-04 -3.5716E-06  1.7172E-10  2.3061E-09
  7.8725E-04 -3.6431E-06  1.7568E-10  2.3593E-09
  7.9326E-04 -3.7159E-06  1.7974E-10  2.4138E-09
  7.9931E-04 -3.7902E-06  1.8388E-10  2.4694E-09
  8.0541E-04 -3.8659E-06  1.8812E-10  2.5264E-09
  8.1154E-04 -3.9431E-06  1.9245E-10  2.5845E-09
  8.1772E-04 -4.0217E-06  1.9688E-10  2.6440E-09
  8.2394E-04 -4.1019E-06  2.0141E-10  2.7048E-09
  8.3021E-04 -4.1837E-06  2.0604E-10  2.7670E-09
  8.3652E-04 -4.2670E-06  2.1077E-10  2.8305E-09
  8.4287E-04 -4.3519E-06  2.1561E-10  2.8955E-09
  8.4926E-04 -4.4385E-06  2.2056E-10  2.9619E-09
  8.5571E-04 -4.5268E-06  2.2561E-10  3.0298E-09
  8.6219E-04 -4.6167E-06  2.3078E-10  3.0993E-09
  8.6872E-04 -4.7084E-06  2.3607E-10  3.1702E-09
  8.7530E-04 -4.8019E-06  2.4147E-10  3.2428E-09
  8.8192E-04 -4.8972E-06  2.4699E-10  3.3169E-09
  8.8859E-04 -4.9943E-06  2.5263E-10  3.3927E-09
  8.9530E-04 -5.0933E-06  2.5841E-10  3.4702E-09
  9.0207E-04 -5.1942E-06  2.6430E-10  3.5494E-09
  9.0887E-04 -5.2971E-06  2.7033E-10  3.6304E-09
  9.1573E-04 -5.4019E-06  2.7650E-10  3.7132E-09
  9.2263E-04 -5.5088E-06  2.8280E-10  3.7978E-09
  9.2958E-04 -5.6177E-06  2.8924E-10  3.8843E-09
  9.3658E-04 -5.7287E-06  2.9582E-10  3.9727E-09
  9.4363E-04 -5.8419E-06  3.0255E-10  4.0631E-09
  9.5073E-04 -5.9572E-06  3.0943E-10  4.1555E-09
  9.5788E-04 -6.0748E-06  3.1646E-10  4.2499E-09
  9.6507E-04 -6.1946E-06  3.2365E-10  4.3464E-09
  9.7232E-04 -6.3168E-06  3.3099E-10  4.4450E-09
  9.7962E-04 -6.4413E-06  3.3850E-10  4.5459E-09
  9.8697E-04 -6.5681E-06  3.4618E-10  4.6489E-09
  9.9437E-04 -6.6975E-06  3.5402E-10  4.7543E-09
  1.0018E-03 -6.8293E-06  3.6204E-10  4.8620E-09
  1.0093E-03 -6.9636E-06  3.7023E-10  4.9720E-09
  1.0169E-03 -7.1006E-06  3.7861E-10  5.0845E-09
  1.0245E-03 -7.2401E-06  3.8717E-10  5.1995E-09
  1.0321E-03 -7.3824E-06  3.9592E-10  5.3170E-09
  1.0399E-03 -7.5274E-06  4.0486E-10  5.4371E-09
  1.0476E-03 -7.6751E-06  4.1400E-10  5.5598E-09
  1.0554E-03 -7.8257E-06  4.2335E-10  5.6853E-09
  1.0633E-03 -7.9792E-06  4.3289E-10  5.8135E-09
  1.0713E-03 -8.1357E-06  4.4265E-10  5.9446E-09
  1.0792E-03 -8.2951E-06  4.5263E-10  6.0785E-09
  1.0873E-03 -8.4576E-06  4.6282E-10  6.2154E-09
  1.0954E-03 -8.6232E-06  4.7324E-10  6.3553E-09
  1.1035E-03 -8.7920E-06  4.8388E-10  6.4983E-09
  1.1117E-03 -8.9640E-06  4.9477E-10  6.6444E-09
  1.1200E-03 -9.1394E-06  5.0589E-10  6.7938E-09
  1.1283E-03 -9.3180E-06  5.1725E-10  6.9464E-09
  1.1367E-03 -9.5002E-06  5.2887E-10  7.1024E-09
  1.1452E-03 -9.6858E-06  5.4074E-10  7.2618E-09
  1.1537E-03 -9.8749E-06  5.5287E-10  7.4247E-09
  1.1622E-03 -1.0068E-05  5.6526E-10  7.5912E-09
  1.1708E-03 -1.0264E-05  5.7793E-10  7.7613E-09
  1.1795E-03 -1.0464E-05  5.9088E-10  7.9352E-09
  1.1883E-03 -1.0668E-05  6.0411E-10  8.1129E-09
  1.1971E-03 -1.0876E-05  6.1763E-10  8.2945E-09
  1.2059E-03 -1.1088E-05  6.3145E-10  8.4800E-09
  1.2148E-03 -1.1304E-05  6.4557E-10  8.6697E-09
  1.2238E-03 -1.1524E-05  6.6000E-10  8.8635E-09
  1.2329E-03 -1.1749E-05  6.7475E-10  9.0615E-09
  1.2420E-03 -1.1977E-05  6.8982E-10  9.2639E-09
  1.2512E-03 -1.2210E-05  7.0522E-10  9.4707E-09
  1.2604E-03 -1.2448E-05  7.2096E-10  9.6820E-09
  1.2697E-03 -1.2690E-05  7.3704E-10  9.8980E-09
  1.2791E-03 -1.2936E-05  7.5347E-10  1.0119E-08
  1.2885E-03 -1.3188E-05  7.7026E-10  1.0344E-08
  1.2980E-03 -1.3444E-05  7.8742E-10  1.0575E-08
  1.3076E-03 -1.3705E-05  8.0496E-10  1.0810E-08
  1.3172E-03 -1.3971E-05  8.2287E-10  1.1051E-08
  1.3269E-03 -1.4242E-05  8.4118E-10  1.1297E-08
  1.3367E-03 -1.4518E-05  8.5989E-10  1.1548E-08
  1.3465E-03 -1.4800E-05  8.7901E-10  1.1805E-08
  1.3564E-03 -1.5086E-05  8.9854E-10  1.2067E-08
  1.3664E-03 -1.5379E-05  9.1850E-10  1.2335E-08
  1.3764E-03 -1.5677E-05  9.3890E-10  1.2609E-08
  1.3865E-03 -1.5980E-05  9.5974E-10  1.2889E-08
  1.3967E-03 -1.6290E-05  9.8103E-10  1.3175E-08
  1.4069E-03 -1.6605E-05  1.0028E-09  1.3467E-08
  1.4173E-03 -1.6926E-05  1.0250E-09  1.3766E-08
  1.4277E-03 -1.7254E-05  1.0477E-09  1.4071E-08
  1.4381E-03 -1.7587E-05  1.0710E-09  1.4382E-08
  1.4487E-03 -1.7927E-05  1.0947E-09  1.4701E-08
  1.4593E-03 -1.8274E-05  1.1189E-09  1.5026E-08
  1.4700E-03 -1.8627E-05  1.1437E-09  1.5359E-08
  1.4807E-03 -1.8987E-05  1.1690E-09  1.5699E-08
  1.4916E-03 -1.9353E-05  1.1948E-09  1.6046E-08
  1.5025E-03 -1.9727E-05  1.2212E-09  1.6401E-08
  1.5134E-03 -2.0108E-05  1.2482E-09  1.6763E-08
  1.5245E-03 -2.0495E-05  1.2758E-09  1.7133E-08
  1.5357E-03 -2.0891E-05  1.3040E-09  1.7512E-08
  1.5469E-03 -2.1294E-05  1.3328E-09  1.7898E-08
  1.5582E-03 -2.1704E-05  1.3622E-09  1.8293E-08
  1.5695E-03 -2.2122E-05  1.3922E-09  1.8697E-08
  1.5810E-03 -2.2549E-05  1.4229E-09  1.9109E-08
  1.5925E-03 -2.2983E-05  1.4543E-09  1.9530E-08
  1.6041E-03 -2.3426E-05  1.4863E-09  1.9961E-08
  1.6158E-03 -2.3877E-05  1.5191E-09  2.0400E-08
  1.6276E-03 -2.4336E-05  1.5525E-09  2.0850E-08
  1.6395E-03 -2.4805E-05  1.5867E-09  2.1309E-08
  1.6514E-03 -2.5282E-05  1.6216E-09  2.1778E-08
  1.6634E-03 -2.5768E-05  1.6573E-09  2.2257E-08
  1.6755E-03 -2.6264E-05  1.6938E-09  2.2746E-08
  1.6877E-03 -2.6769E-05  1.7310E-09  2.3247E-08
  1.7000E-03 -2.7283E-05  1.7691E-09  2.3758E-08
  1.7124E-03 -2.7807E-05  1.8079E-09  2.4280E-08
  1.7248E-03 -2.8341E-05  1.8477E-09  2.4813E-08
  1.7374E-03 -2.8886E-05  1.8882E-09  2.5358E-08
  1.7500E-03 -2.9440E-05  1.9297E-09  2.5914E-08
  1.7627E-03 -3.0006E-05  1.9720E-09  2.6483E-08
  1.7755E-03 -3.0582E-05  2.0153E-09  2.7064E-08
  1.7884E-03 -3.1168E-05  2.0595E-09  2.7658E-08
  1.8013E-03 -3.1766E-05  2.1047E-09  2.8264E-08
  1.8144E-03 -3.2376E-05  2.1508E-09  2.8884E-08
  1.8276E-03 -3.2996E-05  2.1979E-09  2.9517E-08
  1.8408E-03 -3.3629E-05  2.2461E-09  3.0163E-08
  1.8542E-03 -3.4273E-05  2.2953E-09  3.0824E-08
  1.8676E-03 -3.4930E-05  2.3455E-09  3.1499E-08
  1.8811E-03 -3.5599E-05  2.3969E-09  3.2188E-08
  1.8947E-03 -3.6281E-05  2.4493E-09  3.2893E-08
  1.9085E-03 -3.6976E-05  2.5029E-09  3.3612E-08
  1.9223E-03 -3.7684E-05  2.5576E-09  3.4347E-08
  1.9362E-03 -3.8405E-05  2.6135E-09  3.5098E-08
  1.9502E-03 -3.9140E-05  2.6707E-09  3.5866E-08
  1.9643E-03 -3.9889E-05  2.7290E-09  3.6649E-08
  1.9785E-03 -4.0652E-05  2.7887E-09  3.7450E-08
  1.9928E-03 -4.1430E-05  2.8496E-09  3.8268E-08
  2.0072E-03 -4.2222E-05  2.9118E-09  3.9103E-08
  2.0217E-03 -4.3029E-05  2.9753E-09  3.9957E-08
  2.0363E-03 -4.3852E-05  3.0403E-09  4.0829E-08
  2.0510E-03 -4.4690E-05  3.1066E-09  4.1720E-08
  2.0658E-03 -4.5543E-05  3.1744E-09  4.2630E-08
  2.0807E-03 -4.6413E-05  3.2436E-09  4.3559E-08
  2.0957E-03 -4.7300E-05  3.3143E-09  4.4509E-08
  2.1108E-03 -4.8203E-05  3.3865E-09  4.5479E-08
  2.1261E-03 -4.9123E-05  3.4603E-09  4.6470E-08
  2.1414E-03 -5.0061E-05  3.5357E-09  4.7482E-08
  2.1568E-03 -5.1016E-05  3.6127E-09  4.8516E-08
  2.1724E-03 -5.1989E-05  3.6913E-09  4.9572E-08
  2.1880E-03 -5.2981E-05  3.7717E-09  5.0652E-08
  2.2038E-03 -5.3991E-05  3.8538E-09  5.1754E-08
  2.2196E-03 -5.5021E-05  3.9376E-09  5.2880E-08
  2.2356E-03 -5.6070E-05  4.0233E-09  5.4030E-08
  2.2517E-03 -5.7138E-05  4.1107E-09  5.5205E-08
  2.2679E-03 -5.8227E-05  4.2001E-09  5.6405E-08
  2.2842E-03 -5.9337E-05  4.2914E-09  5.7631E-08
  2.3006E-03 -6.0467E-05  4.3847E-09  5.8884E-08
  2.3172E-03 -6.1619E-05  4.4799E-09  6.0163E-08
  2.3338E-03 -6.2792E-05  4.5772E-09  6.1470E-08
  2.3506E-03 -6.3987E-05  4.6766E-09  6.2805E-08
  2.3675E-03 -6.5205E-05  4.7782E-09  6.4168E-08
  2.3845E-03 -6.6446E-05  4.8819E-09  6.5561E-08
  2.4016E-03 -6.7711E-05  4.9878E-09  6.6984E-08
  2.4189E-03 -6.8999E-05  5.0960E-09  6.8437E-08
  2.4362E-03 -7.0311E-05  5.2066E-09  6.9921E-08
  2.4537E-03 -7.1648E-05  5.3195E-09  7.1438E-08
  2.4713E-03 -7.3010E-05  5.4348E-09  7.2987E-08
  2.4891E-03 -7.4398E-05  5.5526E-09  7.4569E-08
  2.5069E-03 -7.5812E-05  5.6730E-09  7.6185E-08
  2.5249E-03 -7.7253E-05  5.7959E-09  7.7836E-08
  2.5430E-03 -7.8721E-05  5.9215E-09  7.9522E-08
  2.5612E-03 -8.0216E-05  6.0497E-09  8.1244E-08
  2.5796E-03 -8.1739E-05  6.1807E-09  8.3004E-08
  2.5981E-03 -8.3292E-05  6.3145E-09  8.4801E-08
  2.6167E-03 -8.4873E-05  6.4512E-09  8.6636E-08
  2.6354E-03 -8.6484E-05  6.5908E-09  8.8511E-08
  2.6543E-03 -8.8125E-05  6.7334E-09  9.0426E-08
  2.6733E-03 -8.9797E-05  6.8791E-09  9.2382E-08
  2.6924E-03 -9.1501E-05  7.0279E-09  9.4380E-08
  2.7117E-03 -9.3236E-05  7.1798E-09  9.6421E-08
  2.7311E-03 -9.5004E-05  7.3351E-09  9.8506E-08
  2.7506E-03 -9.6806E-05  7.4936E-09  1.0063E-07
  2.7703E-03 -9.8641E-05  7.6556E-09  1.0281E-07
  2.7901E-03 -1.0051E-04  7.8210E-09  1.0503E-07
  2.8101E-03 -1.0242E-04  7.9899E-09  1.0730E-07
  2.8302E-03 -1.0436E-04  8.1625E-09  1.0962E-07
  2.8504E-03 -1.0633E-04  8.3388E-09  1.1198E-07
  2.8708E-03 -1.0835E-04  8.5188E-09  1.1440E-07
  2.8913E-03 -1.1040E-04  8.7027E-09  1.1687E-07
  2.9119E-03 -1.1249E-04  8.8905E-09  1.1939E-07
  2.9327E-03 -1.1462E-04  9.0824E-09  1.2197E-07
  2.9537E-03 -1.1679E-04  9.2783E-09  1.2460E-07
  2.9747E-03 -1.1900E-04  9.4785E-09  1.2729E-07
  2.9960E-03 -1.2125E-04  9.6829E-09  1.3004E-07
  3.0174E-03 -1.2354E-04  9.8917E-09  1.3284E-07
  3.0389E-03 -1.2588E-04  1.0105E-08  1.3570E-07
  3.0606E-03 -1.2826E-04  1.0323E-08  1.3863E-07
  3.0824E-03 -1.3068E-04  1.0545E-08  1.4162E-07
  3.1044E-03 -1.3315E-04  1.0772E-08  1.4467E-07
  3.1265E-03 -1.3567E-04  1.1005E-08  1.4778E-07
  3.1488E-03 -1.3823E-04  1.1242E-08  1.5097E-07
  3.1713E-03 -1.4084E-04  1.1484E-08  1.5422E-07
  3.1939E-03 -1.4350E-04  1.1731E-08  1.5754E-07
  3.2166E-03 -1.4621E-04  1.1984E-08  1.6093E-07
  3.2395E-03 -1.4897E-04  1.2241E-08  1.6440E-07
  3.2626E-03 -1.5178E-04  1.2505E-08  1.6793E-07
  3.2858E-03 -1.5465E-04  1.2774E-08  1.7155E-07
  3.3092E-03 -1.5757E-04  1.3049E-08  1.7524E-07
  3.3328E-03 -1.6054E-04  1.3330E-08  1.7901E-07
  3.3565E-03 -1.6357E-04  1.3616E-08  1.8286E-07
  3.3804E-03 -1.6665E-04  1.3909E-08  1.8679E-07
  3.4045E-03 -1.6979E-04  1.4208E-08  1.9081E-07
  3.4287E-03 -1.7299E-04  1.4514E-08  1.9491E-07
  3.4531E-03 -1.7625E-04  1.4826E-08  1.9910E-07
  3.4777E-03 -1.7957E-04  1.5144E-08  2.0338E-07
  3.5024E-03 -1.8296E-04  1.5470E-08  2.0775E-07
  3.5273E-03 -1.8640E-04  1.5802E-08  2.1221E-07
  3.5524E-03 -1.8991E-04  1.6141E-08  2.1677E-07
  3.5776E-03 -1.9349E-04  1.6488E-08  2.2143E-07
  3.6031E-03 -1.9713E-04  1.6842E-08  2.2618E-07
  3.6287E-03 -2.0084E-04  1.7204E-08  2.3104E-07
  3.6544E-03 -2.0462E-04  1.7573E-08  2.3600E-07
  3.6804E-03 -2.0847E-04  1.7950E-08  2.4106E-07
  3.7066E-03 -2.1239E-04  1.8336E-08  2.4624E-07
  3.7329E-03 -2.1638E-04  1.8729E-08  2.5152E-07
  3.7594E-03 -2.2045E-04  1.9131E-08  2.5692E-07
  3.7861E-03 -2.2460E-04  1.9541E-08  2.6243E-07
  3.8130E-03 -2.2882E-04  1.9961E-08  2.6806E-07
  3.8400E-03 -2.3311E-04  2.0389E-08  2.7381E-07
  3.8673E-03 -2.3749E-04  2.0826E-08  2.7968E-07
  3.8947E-03 -2.4195E-04  2.1273E-08  2.8568E-07
  3.9224E-03 -2.4650E-04  2.1729E-08  2.9180E-07
  3.9502E-03 -2.5112E-04  2.2194E-08  2.9806E-07
  3.9782E-03 -2.5584E-04  2.2670E-08  3.0445E-07
  4.0064E-03 -2.6064E-04  2.3156E-08  3.1097E-07
  4.0348E-03 -2.6553E-04  2.3652E-08  3.1763E-07
  4.0635E-03 -2.7051E-04  2.4159E-08  3.2444E-07
  4.0923E-03 -2.7558E-04  2.4676E-08  3.3139E-07
  4.1213E-03 -2.8074E-04  2.5205E-08  3.3849E-07
  4.1505E-03 -2.8601E-04  2.5745E-08  3.4573E-07
  4.1799E-03 -2.9136E-04  2.6296E-08  3.5314E-07
  4.2095E-03 -2.9682E-04  2.6859E-08  3.6070E-07
  4.2394E-03 -3.0238E-04  2.7434E-08  3.6842E-07
  4.2694E-03 -3.0804E-04  2.8021E-08  3.7631E-07
  4.2996E-03 -3.1381E-04  2.8621E-08  3.8436E-07
  4.3301E-03 -3.1968E-04  2.9233E-08  3.9259E-07
  4.3608E-03 -3.2567E-04  2.9859E-08  4.0099E-07
  4.3916E-03 -3.3176E-04  3.0497E-08  4.0956E-07
  4.4227E-03 -3.3796E-04  3.1150E-08  4.1833E-07
  4.4540E-03 -3.4428E-04  3.1816E-08  4.2727E-07
  4.4856E-03 -3.5072E-04  3.2497E-08  4.3641E-07
  4.5173E-03 -3.5727E-04  3.3191E-08  4.4574E-07
  4.5493E-03 -3.6395E-04  3.3901E-08  4.5527E-07
  4.5815E-03 -3.7074E-04  3.4626E-08  4.6501E-07
  4.6139E-03 -3.7767E-04  3.5366E-08  4.7495E-07
  4.6465E-03 -3.8472E-04  3.6122E-08  4.8510E-07
  4.6794E-03 -3.9190E-04  3.6894E-08  4.9547E-07
  4.7125E-03 -3.9921E-04  3.7682E-08  5.0605E-07
  4.7458E-03 -4.0666E-04  3.8488E-08  5.1687E-07
  4.7794E-03 -4.1424E-04  3.9310E-08  5.2791E-07
  4.8132E-03 -4.2196E-04  4.0150E-08  5.3919E-07
  4.8472E-03 -4.2983E-04  4.1007E-08  5.5070E-07
  4.8815E-03 -4.3784E-04  4.1883E-08  5.6246E-07
  4.9160E-03 -4.4600E-04  4.2777E-08  5.7448E-07
  4.9507E-03 -4.5430E-04  4.3691E-08  5.8674E-07
  4.9857E-03 -4.6276E-04  4.4624E-08  5.9927E-07
  5.0209E-03 -4.7137E-04  4.5576E-08  6.1206E-07
  5.0564E-03 -4.8015E-04  4.6549E-08  6.2513E-07
  5.0921E-03 -4.8908E-04  4.7542E-08  6.3847E-07
  5.1281E-03 -4.9817E-04  4.8557E-08  6.5210E-07
  5.1643E-03 -5.0743E-04  4.9593E-08  6.6601E-07
  5.2008E-03 -5.1687E-04  5.0651E-08  6.8022E-07
  5.2375E-03 -5.2647E-04  5.1732E-08  6.9473E-07
  5.2745E-03 -5.3625E-04  5.2836E-08  7.0955E-07
  5.3117E-03 -5.4621E-04  5.3963E-08  7.2469E-07
  5.3492E-03 -5.5635E-04  5.5113E-08  7.4014E-07
  5.3870E-03 -5.6667E-04  5.6289E-08  7.5593E-07
  5.4250E-03 -5.7719E-04  5.7489E-08  7.7205E-07
  5.4633E-03 -5.8789E-04  5.8715E-08  7.8851E-07
  5.5018E-03 -5.9879E-04  5.9967E-08  8.0532E-07
  5.5407E-03 -6.0989E-04  6.1245E-08  8.2249E-07
  5.5798E-03 -6.2119E-04  6.2550E-08  8.4002E-07
  5.6191E-03 -6.3270E-04  6.3884E-08  8.5792E-07
  5.6588E-03 -6.4441E-04  6.5245E-08  8.7621E-07
  5.6987E-03 -6.5634E-04  6.6635E-08  8.9488E-07
  5.7389E-03 -6.6849E-04  6.8055E-08  9.1395E-07
  5.7793E-03 -6.8085E-04  6.9505E-08  9.3342E-07
  5.8201E-03 -6.9344E-04  7.0986E-08  9.5330E-07
  5.8611E-03 -7.0626E-04  7.2498E-08  9.7361E-07
  5.9024E-03 -7.1931E-04  7.4042E-08  9.9435E-07
  5.9441E-03 -7.3260E-04  7.5619E-08  1.0155E-06
  5.9860E-03 -7.4613E-04  7.7229E-08  1.0371E-06
  6.0281E-03 -7.5990E-04  7.8874E-08  1.0592E-06
  6.0706E-03 -7.7393E-04  8.0553E-08  1.0818E-06
  6.1134E-03 -7.8820E-04  8.2268E-08  1.1048E-06
  6.1565E-03 -8.0274E-04  8.4020E-08  1.1283E-06
  6.1999E-03 -8.1754E-04  8.5808E-08  1.1524E-06
  6.2435E-03 -8.3260E-04  8.7634E-08  1.1769E-06
  6.2875E-03 -8.4794E-04  8.9499E-08  1.2019E-06
  6.3318E-03 -8.6355E-04  9.1404E-08  1.2275E-06
  6.3764E-03 -8.7944E-04  9.3349E-08  1.2536E-06
  6.4213E-03 -8.9562E-04  9.5335E-08  1.2803E-06
  6.4665E-03 -9.1210E-04  9.7364E-08  1.3075E-06
  6.5121E-03 -9.2887E-04  9.9435E-08  1.3354E-06
  6.5579E-03 -9.4594E-04  1.0155E-07  1.3638E-06
  6.6041E-03 -9.6331E-04  1.0371E-07  1.3928E-06
  6.6506E-03 -9.8100E-04  1.0592E-07  1.4224E-06
  6.6974E-03 -9.9901E-04  1.0817E-07  1.4526E-06
  6.7445E-03 -1.0173E-03  1.1047E-07  1.4835E-06
  6.7920E-03 -1.0360E-03  1.1282E-07  1.5151E-06
  6.8398E-03 -1.0550E-03  1.1522E-07  1.5473E-06
  6.8879E-03 -1.0743E-03  1.1767E-07  1.5802E-06
  6.9364E-03 -1.0940E-03  1.2017E-07  1.6138E-06
  6.9852E-03 -1.1140E-03  1.2272E-07  1.6481E-06
  7.0344E-03 -1.1344E-03  1.2533E-07  1.6831E-06
  7.0838E-03 -1.1552E-03  1.2799E-07  1.7189E-06
  7.1337E-03 -1.1763E-03  1.3071E-07  1.7554E-06
  7.1839E-03 -1.1978E-03  1.3349E-07  1.7927E-06
  7.2344E-03 -1.2197E-03  1.3633E-07  1.8308E-06
  7.2853E-03 -1.2419E-03  1.3922E-07  1.8697E-06
  7.3365E-03 -1.2646E-03  1.4218E-07  1.9094E-06
  7.3881E-03 -1.2877E-03  1.4520E-07  1.9500E-06
  7.4400E-03 -1.3112E-03  1.4829E-07  1.9914E-06
  7.4923E-03 -1.3351E-03  1.5144E-07  2.0337E-06
  7.5450E-03 -1.3594E-03  1.5465E-07  2.0769E-06
  7.5981E-03 -1.3841E-03  1.5794E-07  2.1210E-06
  7.6515E-03 -1.4093E-03  1.6129E-07  2.1661E-06
  7.7052E-03 -1.4350E-03  1.6472E-07  2.2121E-06
  7.7594E-03 -1.4611E-03  1.6821E-07  2.2590E-06
  7.8139E-03 -1.4876E-03  1.7179E-07  2.3070E-06
  7.8688E-03 -1.5146E-03  1.7543E-07  2.3560E-06
  7.9241E-03 -1.5421E-03  1.7916E-07  2.4060E-06
  7.9798E-03 -1.5701E-03  1.8296E-07  2.4571E-06
  8.0359E-03 -1.5986E-03  1.8684E-07  2.5092E-06
  8.0923E-03 -1.6276E-03  1.9081E-07  2.5625E-06
  8.1492E-03 -1.6571E-03  1.9486E-07  2.6169E-06
  8.2064E-03 -1.6871E-03  1.9899E-07  2.6724E-06
  8.2641E-03 -1.7176E-03  2.0322E-07  2.7291E-06
  8.3221E-03 -1.7487E-03  2.0753E-07  2.7870E-06
  8.3806E-03 -1.7803E-03  2.1193E-07  2.8462E-06
  8.4394E-03 -1.8124E-03  2.1643E-07  2.9065E-06
  8.4987E-03 -1.8452E-03  2.2102E-07  2.9682E-06
  8.5584E-03 -1.8785E-03  2.2571E-07  3.0312E-06
  8.6185E-03 -1.9124E-03  2.3050E-07  3.0955E-06
  8.6790E-03 -1.9468E-03  2.3539E-07  3.1611E-06
  8.7399E-03 -1.9819E-03  2.4038E-07  3.2282E-06
  8.8013E-03 -2.0176E-03  2.4548E-07  3.2966E-06
  8.8630E-03 -2.0539E-03  2.5068E-07  3.3666E-06
  8.9253E-03 -2.0909E-03  2.5600E-07  3.4379E-06
  8.9879E-03 -2.1284E-03  2.6143E-07  3.5108E-06
  9.0510E-03 -2.1667E-03  2.6697E-07  3.5853E-06
  9.1145E-03 -2.2056E-03  2.7263E-07  3.6613E-06
  9.1785E-03 -2.2452E-03  2.7841E-07  3.7389E-06
  9.2429E-03 -2.2854E-03  2.8431E-07  3.8182E-06
  9.3077E-03 -2.3264E-03  2.9034E-07  3.8991E-06
  9.3730E-03 -2.3680E-03  2.9649E-07  3.9818E-06
  9.4388E-03 -2.4104E-03  3.0278E-07  4.0662E-06
  9.5050E-03 -2.4535E-03  3.0920E-07  4.1524E-06
  9.5717E-03 -2.4974E-03  3.1575E-07  4.2404E-06
  9.6389E-03 -2.5420E-03  3.2244E-07  4.3302E-06
  9.7065E-03 -2.5874E-03  3.2927E-07  4.4220E-06
  9.7746E-03 -2.6335E-03  3.3625E-07  4.5157E-06
  9.8431E-03 -2.6805E-03  3.4337E-07  4.6114E-06
  9.9121E-03 -2.7282E-03  3.5065E-07  4.7091E-06
  9.9817E-03 -2.7768E-03  3.5808E-07  4.8089E-06
  1.0052E-02 -2.8262E-03  3.6567E-07  4.9107E-06
  1.0122E-02 -2.8764E-03  3.7341E-07  5.0148E-06
  1.0193E-02 -2.9275E-03  3.8132E-07  5.1210E-06
  1.0265E-02 -2.9795E-03  3.8940E-07  5.2295E-06
  1.0337E-02 -3.0324E-03  3.9765E-07  5.3402E-06
  1.0409E-02 -3.0861E-03  4.0607E-07  5.4533E-06
  1.0482E-02 -3.1408E-03  4.1467E-07  5.5688E-06
  1.0555E-02 -3.1964E-03  4.2345E-07  5.6868E-06
  1.0629E-02 -3.2529E-03  4.3242E-07  5.8072E-06
  1.0704E-02 -3.3104E-03  4.4157E-07  5.9302E-06
  1.0779E-02 -3.3689E-03  4.5092E-07  6.0557E-06
  1.0855E-02 -3.4283E-03  4.6047E-07  6.1840E-06
  1.0931E-02 -3.4888E-03  4.7022E-07  6.3149E-06
  1.1007E-02 -3.5503E-03  4.8018E-07  6.4486E-06
  1.1084E-02 -3.6128E-03  4.9034E-07  6.5851E-06
  1.1162E-02 -3.6764E-03  5.0072E-07  6.7245E-06
  1.1240E-02 -3.7410E-03  5.1132E-07  6.8669E-06
  1.1319E-02 -3.8067E-03  5.2214E-07  7.0122E-06
  1.1398E-02 -3.8735E-03  5.3320E-07  7.1606E-06
  1.1478E-02 -3.9414E-03  5.4448E-07  7.3122E-06
  1.1559E-02 -4.0105E-03  5.5600E-07  7.4669E-06
  1.1640E-02 -4.0807E-03  5.6777E-07  7.6250E-06
  1.1721E-02 -4.1521E-03  5.7979E-07  7.7863E-06
  1.1803E-02 -4.2246E-03  5.9206E-07  7.9511E-06
  1.1886E-02 -4.2984E-03  6.0458E-07  8.1193E-06
  1.1969E-02 -4.3734E-03  6.1738E-07  8.2911E-06
  1.2053E-02 -4.4496E-03  6.3044E-07  8.4666E-06
  1.2137E-02 -4.5271E-03  6.4378E-07  8.6457E-06
  1.2222E-02 -4.6059E-03  6.5740E-07  8.8286E-06
  1.2308E-02 -4.6860E-03  6.7130E-07  9.0154E-06
  1.2394E-02 -4.7674E-03  6.8551E-07  9.2061E-06
  1.2481E-02 -4.8501E-03  7.0001E-07  9.4009E-06
  1.2568E-02 -4.9342E-03  7.1481E-07  9.5997E-06
  1.2656E-02 -5.0196E-03  7.2993E-07  9.8028E-06
  1.2745E-02 -5.1065E-03  7.4537E-07  1.0010E-05
  1.2834E-02 -5.1948E-03  7.6114E-07  1.0222E-05
  1.2924E-02 -5.2845E-03  7.7723E-07  1.0438E-05
  1.3015E-02 -5.3757E-03  7.9367E-07  1.0659E-05
  1.3106E-02 -5.4684E-03  8.1045E-07  1.0884E-05
  1.3197E-02 -5.5625E-03  8.2759E-07  1.1114E-05
  1.3290E-02 -5.6582E-03  8.4509E-07  1.1349E-05
  1.3383E-02 -5.7555E-03  8.6296E-07  1.1589E-05
  1.3476E-02 -5.8543E-03  8.8121E-07  1.1834E-05
  1.3571E-02 -5.9547E-03  8.9984E-07  1.2085E-05
  1.3666E-02 -6.0567E-03  9.1886E-07  1.2340E-05
  1.3761E-02 -6.1604E-03  9.3829E-07  1.2601E-05
  1.3858E-02 -6.2657E-03  9.5812E-07  1.2867E-05
  1.3955E-02 -6.3728E-03  9.7838E-07  1.3139E-05
  1.4052E-02 -6.4815E-03  9.9906E-07  1.3417E-05
  1.4151E-02 -6.5920E-03  1.0202E-06  1.3701E-05
  1.4250E-02 -6.7042E-03  1.0417E-06  1.3990E-05
  1.4349E-02 -6.8182E-03  1.0638E-06  1.4286E-05
  1.4450E-02 -6.9340E-03  1.0862E-06  1.4588E-05
  1.4551E-02 -7.0517E-03  1.1092E-06  1.4896E-05
  1.4653E-02 -7.1712E-03  1.1326E-06  1.5211E-05
  1.4755E-02 -7.2926E-03  1.1566E-06  1.5533E-05
  1.4858E-02 -7.4160E-03  1.1810E-06  1.5861E-05
  1.4962E-02 -7.5412E-03  1.2060E-06  1.6196E-05
  1.5067E-02 -7.6684E-03  1.2315E-06  1.6538E-05
  1.5172E-02 -7.7977E-03  1.2575E-06  1.6888E-05
  1.5278E-02 -7.9289E-03  1.2841E-06  1.7245E-05
  1.5385E-02 -8.0622E-03  1.3112E-06  1.7609E-05
  1.5493E-02 -8.1976E-03  1.3389E-06  1.7981E-05
  1.5601E-02 -8.3351E-03  1.3672E-06  1.8361E-05
  1.5710E-02 -8.4747E-03  1.3961E-06  1.8749E-05
  1.5820E-02 -8.6164E-03  1.4255E-06  1.9145E-05
  1.5931E-02 -8.7604E-03  1.4557E-06  1.9549E-05
  1.6042E-02 -8.9066E-03  1.4864E-06  1.9962E-05
  1.6154E-02 -9.0550E-03  1.5178E-06  2.0384E-05
  1.6267E-02 -9.2057E-03  1.5499E-06  2.0815E-05
  1.6381E-02 -9.3587E-03  1.5826E-06  2.1254E-05
  1.6496E-02 -9.5141E-03  1.6160E-06  2.1703E-05
  1.6611E-02 -9.6718E-03  1.6502E-06  2.2161E-05
  1.6727E-02 -9.8319E-03  1.6850E-06  2.2630E-05
  1.6844E-02 -9.9945E-03  1.7206E-06  2.3107E-05
  1.6962E-02 -1.0159E-02  1.7569E-06  2.3595E-05
  1.7080E-02 -1.0327E-02  1.7940E-06  2.4094E-05
  1.7200E-02 -1.0497E-02  1.8319E-06  2.4603E-05
  1.7320E-02 -1.0670E-02  1.8706E-06  2.5122E-05
  1.7441E-02 -1.0845E-02  1.9101E-06  2.5653E-05
  1.7563E-02 -1.1023E-02  1.9504E-06  2.6194E-05
  1.7686E-02 -1.1203E-02  1.9916E-06  2.6747E-05
  1.7809E-02 -1.1386E-02  2.0337E-06  2.7312E-05
  1.7934E-02 -1.1572E-02  2.0766E-06  2.7889E-05
  1.8059E-02 -1.1761E-02  2.1204E-06  2.8478E-05
  1.8185E-02 -1.1952E-02  2.1652E-06  2.9079E-05
  1.8313E-02 -1.2146E-02  2.2109E-06  2.9693E-05
  1.8441E-02 -1.2343E-02  2.2576E-06  3.0320E-05
  1.8569E-02 -1.2543E-02  2.3053E-06  3.0960E-05
  1.8699E-02 -1.2746E-02  2.3539E-06  3.1613E-05
  1.8830E-02 -1.2952E-02  2.4036E-06  3.2280E-05
  1.8961E-02 -1.3161E-02  2.4543E-06  3.2962E-05
  1.9094E-02 -1.3373E-02  2.5061E-06  3.3658E-05
  1.9227E-02 -1.3588E-02  2.5590E-06  3.4368E-05
  1.9362E-02 -1.3806E-02  2.6130E-06  3.5093E-05
  1.9497E-02 -1.4027E-02  2.6682E-06  3.5834E-05
  1.9633E-02 -1.4251E-02  2.7245E-06  3.6590E-05
  1.9770E-02 -1.4479E-02  2.7820E-06  3.7363E-05
  1.9908E-02 -1.4710E-02  2.8407E-06  3.8151E-05
  2.0048E-02 -1.4944E-02  2.9007E-06  3.8956E-05
  2.0188E-02 -1.5181E-02  2.9619E-06  3.9778E-05
  2.0329E-02 -1.5422E-02  3.0244E-06  4.0618E-05
  2.0471E-02 -1.5666E-02  3.0882E-06  4.1475E-05
  2.0614E-02 -1.5913E-02  3.1534E-06  4.2350E-05
  2.0758E-02 -1.6164E-02  3.2199E-06  4.3244E-05
  2.0903E-02 -1.6419E-02  3.2878E-06  4.4156E-05
  2.1049E-02 -1.6677E-02  3.3572E-06  4.5088E-05
  2.1196E-02 -1.6939E-02  3.4280E-06  4.6039E-05
  2.1344E-02 -1.7204E-02  3.5003E-06  4.7010E-05
  2.1493E-02 -1.7473E-02  3.5742E-06  4.8002E-05
  2.1643E-02 -1.7745E-02  3.6496E-06  4.9015E-05
  2.1794E-02 -1.8021E-02  3.7266E-06  5.0049E-05
  2.1946E-02 -1.8302E-02  3.8052E-06  5.1105E-05
  2.2100E-02 -1.8585E-02  3.8855E-06  5.2183E-05
  2.2254E-02 -1.8873E-02  3.9674E-06  5.3284E-05
  2.2409E-02 -1.9165E-02  4.0511E-06  5.4408E-05
  2.2566E-02 -1.9460E-02  4.1366E-06  5.5555E-05
  2.2723E-02 -1.9759E-02  4.2238E-06  5.6727E-05
  2.2882E-02 -2.0063E-02  4.3129E-06  5.7924E-05
  2.3042E-02 -2.0370E-02  4.4039E-06  5.9146E-05
  2.3203E-02 -2.0682E-02  4.4968E-06  6.0393E-05
  2.3365E-02 -2.0997E-02  4.5916E-06  6.1667E-05
  2.3528E-02 -2.1317E-02  4.6884E-06  6.2968E-05
  2.3692E-02 -2.1641E-02  4.7873E-06  6.4296E-05
  2.3858E-02 -2.1969E-02  4.8883E-06  6.5652E-05
  2.4024E-02 -2.2301E-02  4.9914E-06  6.7036E-05
  2.4192E-02 -2.2638E-02  5.0966E-06  6.8450E-05
  2.4361E-02 -2.2979E-02  5.2041E-06  6.9893E-05
  2.4531E-02 -2.3324E-02  5.3138E-06  7.1367E-05
  2.4702E-02 -2.3674E-02  5.4259E-06  7.2872E-05
  2.4874E-02 -2.4028E-02  5.5403E-06  7.4409E-05
  2.5048E-02 -2.4386E-02  5.6571E-06  7.5978E-05
  2.5223E-02 -2.4749E-02  5.7764E-06  7.7580E-05
  2.5399E-02 -2.5117E-02  5.8982E-06  7.9216E-05
  2.5576E-02 -2.5489E-02  6.0225E-06  8.0886E-05
  2.5755E-02 -2.5866E-02  6.1495E-06  8.2591E-05
  2.5935E-02 -2.6247E-02  6.2791E-06  8.4333E-05
  2.6116E-02 -2.6633E-02  6.4115E-06  8.6111E-05
  2.6298E-02 -2.7024E-02  6.5467E-06  8.7926E-05
  2.6482E-02 -2.7419E-02  6.6847E-06  8.9780E-05
  2.6666E-02 -2.7820E-02  6.8256E-06  9.1673E-05
  2.6852E-02 -2.8225E-02  6.9695E-06  9.3605E-05
  2.7040E-02 -2.8634E-02  7.1164E-06  9.5579E-05
  2.7229E-02 -2.9049E-02  7.2664E-06  9.7594E-05
  2.7419E-02 -2.9469E-02  7.4196E-06  9.9651E-05
  2.7610E-02 -2.9893E-02  7.5760E-06  1.0175E-04
  2.7803E-02 -3.0323E-02  7.7357E-06  1.0390E-04
  2.7997E-02 -3.0757E-02  7.8987E-06  1.0609E-04
  2.8192E-02 -3.1197E-02  8.0652E-06  1.0832E-04
  2.8389E-02 -3.1641E-02  8.2352E-06  1.1061E-04
  2.8587E-02 -3.2091E-02  8.4088E-06  1.1294E-04
  2.8786E-02 -3.2545E-02  8.5860E-06  1.1532E-04
  2.8987E-02 -3.3005E-02  8.7669E-06  1.1775E-04
  2.9190E-02 -3.3470E-02  8.9517E-06  1.2023E-04
  2.9393E-02 -3.3940E-02  9.1403E-06  1.2276E-04
  2.9598E-02 -3.4415E-02  9.3330E-06  1.2535E-04
  2.9805E-02 -3.4895E-02  9.5296E-06  1.2799E-04
  3.0013E-02 -3.5381E-02  9.7305E-06  1.3069E-04
  3.0222E-02 -3.5872E-02  9.9355E-06  1.3344E-04
  3.0433E-02 -3.6368E-02  1.0145E-05  1.3626E-04
  3.0645E-02 -3.6869E-02  1.0359E-05  1.3913E-04
  3.0859E-02 -3.7376E-02  1.0577E-05  1.4206E-04
  3.1074E-02 -3.7888E-02  1.0800E-05  1.4505E-04
  3.1291E-02 -3.8405E-02  1.1027E-05  1.4811E-04
  3.1510E-02 -3.8928E-02  1.1260E-05  1.5123E-04
  3.1729E-02 -3.9456E-02  1.1497E-05  1.5442E-04
  3.1951E-02 -3.9989E-02  1.1739E-05  1.5767E-04
  3.2174E-02 -4.0528E-02  1.1986E-05  1.6099E-04
  3.2398E-02 -4.1072E-02  1.2239E-05  1.6438E-04
  3.2624E-02 -4.1621E-02  1.2497E-05  1.6785E-04
  3.2852E-02 -4.2176E-02  1.2760E-05  1.7138E-04
  3.3081E-02 -4.2736E-02  1.3029E-05  1.7500E-04
  3.3312E-02 -4.3302E-02  1.3303E-05  1.7868E-04
  3.3544E-02 -4.3873E-02  1.3584E-05  1.8245E-04
  3.3778E-02 -4.4450E-02  1.3870E-05  1.8629E-04
  3.4014E-02 -4.5031E-02  1.4162E-05  1.9022E-04
  3.4251E-02 -4.5619E-02  1.4460E-05  1.9422E-04
  3.4490E-02 -4.6211E-02  1.4765E-05  1.9831E-04
  3.4730E-02 -4.6809E-02  1.5076E-05  2.0249E-04
  3.4973E-02 -4.7413E-02  1.5393E-05  2.0676E-04
  3.5216E-02 -4.8021E-02  1.5718E-05  2.1111E-04
  3.5462E-02 -4.8635E-02  1.6049E-05  2.1556E-04
  3.5709E-02 -4.9255E-02  1.6387E-05  2.2010E-04
  3.5958E-02 -4.9880E-02  1.6732E-05  2.2474E-04
  3.6209E-02 -5.0510E-02  1.7084E-05  2.2947E-04
  3.6462E-02 -5.1145E-02  1.7444E-05  2.3430E-04
  3.6716E-02 -5.1785E-02  1.7811E-05  2.3924E-04
  3.6972E-02 -5.2431E-02  1.8186E-05  2.4428E-04
  3.7230E-02 -5.3082E-02  1.8569E-05  2.4942E-04
  3.7490E-02 -5.3738E-02  1.8960E-05  2.5468E-04
  3.7751E-02 -5.4400E-02  1.9360E-05  2.6004E-04
  3.8014E-02 -5.5066E-02  1.9767E-05  2.6552E-04
  3.8279E-02 -5.5737E-02  2.0184E-05  2.7111E-04
  3.8546E-02 -5.6414E-02  2.0609E-05  2.7682E-04
  3.8815E-02 -5.7095E-02  2.1043E-05  2.8265E-04
  3.9086E-02 -5.7782E-02  2.1486E-05  2.8860E-04
  3.9358E-02 -5.8473E-02  2.1938E-05  2.9468E-04
  3.9633E-02 -5.9169E-02  2.2400E-05  3.0088E-04
  3.9909E-02 -5.9870E-02  2.2872E-05  3.0722E-04
  4.0187E-02 -6.0576E-02  2.3353E-05  3.1369E-04
  4.0468E-02 -6.1286E-02  2.3845E-05  3.2029E-04
  4.0750E-02 -6.2001E-02  2.4347E-05  3.2704E-04
  4.1034E-02 -6.2721E-02  2.4859E-05  3.3392E-04
  4.1320E-02 -6.3445E-02  2.5383E-05  3.4095E-04
  4.1608E-02 -6.4174E-02  2.5917E-05  3.4813E-04
  4.1898E-02 -6.4907E-02  2.6463E-05  3.5546E-04
  4.2190E-02 -6.5644E-02  2.7020E-05  3.6295E-04
  4.2485E-02 -6.6385E-02  2.7589E-05  3.7059E-04
  4.2781E-02 -6.7131E-02  2.8169E-05  3.7839E-04
  4.3079E-02 -6.7880E-02  2.8762E-05  3.8636E-04
  4.3379E-02 -6.8633E-02  2.9368E-05  3.9449E-04
  4.3682E-02 -6.9391E-02  2.9986E-05  4.0280E-04
  4.3986E-02 -7.0152E-02  3.0617E-05  4.1128E-04
  4.4293E-02 -7.0917E-02  3.1262E-05  4.1994E-04
  4.4602E-02 -7.1685E-02  3.1920E-05  4.2878E-04
  4.4913E-02 -7.2457E-02  3.2592E-05  4.3780E-04
  4.5226E-02 -7.3232E-02  3.3278E-05  4.4702E-04
  4.5541E-02 -7.4010E-02  3.3978E-05  4.5643E-04
  4.5859E-02 -7.4791E-02  3.4693E-05  4.6604E-04
  4.6178E-02 -7.5576E-02  3.5423E-05  4.7585E-04
  4.6500E-02 -7.6363E-02  3.6169E-05  4.8586E-04
  4.6824E-02 -7.7153E-02  3.6930E-05  4.9609E-04
  4.7151E-02 -7.7945E-02  3.7707E-05  5.0653E-04
  4.7479E-02 -7.8740E-02  3.8501E-05  5.1719E-04
  4.7810E-02 -7.9538E-02  3.9311E-05  5.2808E-04
  4.8144E-02 -8.0337E-02  4.0138E-05  5.3919E-04
  4.8479E-02 -8.1139E-02  4.0983E-05  5.5054E-04
  4.8817E-02 -8.1942E-02  4.1845E-05  5.6213E-04
  4.9157E-02 -8.2747E-02  4.2726E-05  5.7396E-04
  4.9500E-02 -8.3554E-02  4.3625E-05  5.8604E-04
  4.9845E-02 -8.4362E-02  4.4542E-05  5.9838E-04
  5.0193E-02 -8.5171E-02  4.5480E-05  6.1097E-04
  5.0542E-02 -8.5981E-02  4.6437E-05  6.2383E-04
  5.0895E-02 -8.6792E-02  4.7414E-05  6.3695E-04
  5.1249E-02 -8.7604E-02  4.8411E-05  6.5036E-04
  5.1607E-02 -8.8416E-02  4.9430E-05  6.6404E-04
  5.1966E-02 -8.9229E-02  5.0470E-05  6.7802E-04
  5.2328E-02 -9.0041E-02  5.1531E-05  6.9229E-04
  5.2693E-02 -9.0854E-02  5.2616E-05  7.0685E-04
  5.3060E-02 -9.1666E-02  5.3722E-05  7.2173E-04
  5.3430E-02 -9.2477E-02  5.4853E-05  7.3691E-04
  5.3803E-02 -9.3288E-02  5.6006E-05  7.5242E-04
  5.4178E-02 -9.4098E-02  5.7185E-05  7.6825E-04
  5.4555E-02 -9.4906E-02  5.8388E-05  7.8442E-04
  5.4935E-02 -9.5714E-02  5.9616E-05  8.0092E-04
  5.5318E-02 -9.6519E-02  6.0870E-05  8.1777E-04
  5.5704E-02 -9.7323E-02  6.2150E-05  8.3498E-04
  5.6092E-02 -9.8124E-02  6.3457E-05  8.5255E-04
  5.6483E-02 -9.8923E-02  6.4792E-05  8.7048E-04
  5.6877E-02 -9.9719E-02  6.6155E-05  8.8880E-04
  5.7273E-02 -1.0051E-01  6.7546E-05  9.0749E-04
  5.7672E-02 -1.0130E-01  6.8967E-05  9.2659E-04
  5.8074E-02 -1.0209E-01  7.0417E-05  9.4608E-04
  5.8479E-02 -1.0287E-01  7.1898E-05  9.6598E-04
  5.8886E-02 -1.0365E-01  7.3410E-05  9.8630E-04
  5.9297E-02 -1.0443E-01  7.4954E-05  1.0070E-03
  5.9710E-02 -1.0520E-01  7.6530E-05  1.0282E-03
  6.0126E-02 -1.0596E-01  7.8139E-05  1.0499E-03
  6.0545E-02 -1.0672E-01  7.9782E-05  1.0719E-03
  6.0967E-02 -1.0747E-01  8.1460E-05  1.0945E-03
  6.1392E-02 -1.0822E-01  8.3173E-05  1.1175E-03
  6.1819E-02 -1.0897E-01  8.4922E-05  1.1410E-03
  6.2250E-02 -1.0970E-01  8.6707E-05  1.1650E-03
  6.2684E-02 -1.1043E-01  8.8530E-05  1.1895E-03
  6.3121E-02 -1.1115E-01  9.0392E-05  1.2145E-03
  6.3560E-02 -1.1187E-01  9.2292E-05  1.2401E-03
  6.4003E-02 -1.1257E-01  9.4233E-05  1.2662E-03
  6.4449E-02 -1.1327E-01  9.6214E-05  1.2928E-03
  6.4898E-02 -1.1396E-01  9.8236E-05  1.3200E-03
  6.5351E-02 -1.1464E-01  1.0030E-04  1.3477E-03
  6.5806E-02 -1.1531E-01  1.0241E-04  1.3761E-03
  6.6264E-02 -1.1598E-01  1.0456E-04  1.4050E-03
  6.6726E-02 -1.1663E-01  1.0676E-04  1.4346E-03
  6.7191E-02 -1.1727E-01  1.0900E-04  1.4647E-03
  6.7659E-02 -1.1790E-01  1.1130E-04  1.4955E-03
  6.8131E-02 -1.1852E-01  1.1364E-04  1.5270E-03
  6.8605E-02 -1.1913E-01  1.1602E-04  1.5591E-03
  6.9083E-02 -1.1973E-01  1.1846E-04  1.5919E-03
  6.9565E-02 -1.2031E-01  1.2095E-04  1.6253E-03
  7.0049E-02 -1.2088E-01  1.2349E-04  1.6595E-03
  7.0537E-02 -1.2144E-01  1.2609E-04  1.6944E-03
  7.1029E-02 -1.2199E-01  1.2874E-04  1.7300E-03
  7.1524E-02 -1.2252E-01  1.3144E-04  1.7664E-03
  7.2022E-02 -1.2304E-01  1.3421E-04  1.8035E-03
  7.2524E-02 -1.2354E-01  1.3703E-04  1.8415E-03
  7.3029E-02 -1.2403E-01  1.3991E-04  1.8802E-03
  7.3538E-02 -1.2450E-01  1.4285E-04  1.9197E-03
  7.4050E-02 -1.2496E-01  1.4585E-04  1.9600E-03
  7.4566E-02 -1.2540E-01  1.4891E-04  2.0012E-03
  7.5085E-02 -1.2582E-01  1.5204E-04  2.0433E-03
  7.5608E-02 -1.2623E-01  1.5524E-04  2.0863E-03
  7.6135E-02 -1.2661E-01  1.5850E-04  2.1301E-03
  7.6666E-02 -1.2698E-01  1.6183E-04  2.1749E-03
  7.7200E-02 -1.2733E-01  1.6523E-04  2.2206E-03
  7.7738E-02 -1.2767E-01  1.6870E-04  2.2673E-03
  7.8279E-02 -1.2798E-01  1.7224E-04  2.3149E-03
  7.8824E-02 -1.2827E-01  1.7586E-04  2.3636E-03
  7.9374E-02 -1.2855E-01  1.7955E-04  2.4133E-03
  7.9926E-02 -1.2880E-01  1.8332E-04  2.4640E-03
  8.0483E-02 -1.2903E-01  1.8717E-04  2.5158E-03
  8.1044E-02 -1.2924E-01  1.9111E-04  2.5686E-03
  8.1608E-02 -1.2942E-01  1.9512E-04  2.6226E-03
  8.2177E-02 -1.2959E-01  1.9922E-04  2.6777E-03
  8.2749E-02 -1.2973E-01  2.0340E-04  2.7340E-03
  8.3326E-02 -1.2985E-01  2.0767E-04  2.7914E-03
  8.3906E-02 -1.2994E-01  2.1203E-04  2.8501E-03
  8.4491E-02 -1.3001E-01  2.1649E-04  2.9100E-03
  8.5079E-02 -1.3006E-01  2.2103E-04  2.9711E-03
  8.5672E-02 -1.3007E-01  2.2567E-04  3.0335E-03
  8.6269E-02 -1.3007E-01  2.3041E-04  3.0973E-03
  8.6870E-02 -1.3004E-01  2.3525E-04  3.1623E-03
  8.7475E-02 -1.2998E-01  2.4019E-04  3.2288E-03
  8.8084E-02 -1.2989E-01  2.4523E-04  3.2966E-03
  8.8698E-02 -1.2978E-01  2.5038E-04  3.3658E-03
  8.9315E-02 -1.2963E-01  2.5563E-04  3.4365E-03
  8.9938E-02 -1.2946E-01  2.6100E-04  3.5087E-03
  9.0564E-02 -1.2926E-01  2.6648E-04  3.5824E-03
  9.1195E-02 -1.2904E-01  2.7207E-04  3.6577E-03
  9.1830E-02 -1.2878E-01  2.7778E-04  3.7345E-03
  9.2470E-02 -1.2849E-01  2.8361E-04  3.8129E-03
  9.3114E-02 -1.2817E-01  2.8956E-04  3.8930E-03
  9.3762E-02 -1.2782E-01  2.9564E-04  3.9748E-03
  9.4415E-02 -1.2744E-01  3.0185E-04  4.0583E-03
  9.5073E-02 -1.2703E-01  3.0818E-04  4.1435E-03
  9.5735E-02 -1.2658E-01  3.1465E-04  4.2305E-03
  9.6402E-02 -1.2611E-01  3.2125E-04  4.3193E-03
  9.7073E-02 -1.2560E-01  3.2799E-04  4.4100E-03
  9.7750E-02 -1.2505E-01  3.3487E-04  4.5026E-03
  9.8430E-02 -1.2447E-01  3.4190E-04  4.5972E-03
  9.9116E-02 -1.2386E-01  3.4907E-04  4.6937E-03
  9.9806E-02 -1.2322E-01  3.5639E-04  4.7922E-03
  1.0050E-01 -1.2254E-01  3.6387E-04  4.8928E-03
  1.0120E-01 -1.2182E-01  3.7150E-04  4.9956E-03
  1.0191E-01 -1.2107E-01  3.7929E-04  5.1004E-03
  1.0262E-01 -1.2029E-01  3.8725E-04  5.2075E-03
  1.0333E-01 -1.1946E-01  3.9537E-04  5.3168E-03
  1.0405E-01 -1.1860E-01  4.0366E-04  5.4284E-03
  1.0478E-01 -1.1771E-01  4.1213E-04  5.5423E-03
  1.0550E-01 -1.1678E-01  4.2077E-04  5.6587E-03
  1.0624E-01 -1.1581E-01  4.2959E-04  5.7774E-03
  1.0698E-01 -1.1480E-01  4.3860E-04  5.8987E-03
  1.0772E-01 -1.1376E-01  4.4779E-04  6.0225E-03
  1.0847E-01 -1.1268E-01  4.5718E-04  6.1489E-03
  1.0923E-01 -1.1156E-01  4.6677E-04  6.2779E-03
  1.0999E-01 -1.1040E-01  4.7655E-04  6.4096E-03
  1.1076E-01 -1.0920E-01  4.8654E-04  6.5441E-03
  1.1153E-01 -1.0797E-01  4.9674E-04  6.6814E-03
  1.1231E-01 -1.0669E-01  5.0715E-04  6.8216E-03
  1.1309E-01 -1.0538E-01  5.1778E-04  6.9647E-03
  1.1387E-01 -1.0403E-01  5.2863E-04  7.1108E-03
  1.1467E-01 -1.0264E-01  5.3971E-04  7.2600E-03
  1.1547E-01 -1.0121E-01  5.5102E-04  7.4123E-03
  1.1627E-01 -9.9737E-02  5.6256E-04  7.5678E-03
  1.1708E-01 -9.8229E-02  5.7435E-04  7.7265E-03
  1.1790E-01 -9.6681E-02  5.8638E-04  7.8885E-03
  1.1872E-01 -9.5093E-02  5.9867E-04  8.0540E-03
  1.1954E-01 -9.3466E-02  6.1121E-04  8.2229E-03
  1.2038E-01 -9.1800E-02  6.2401E-04  8.3953E-03
  1.2121E-01 -9.0095E-02  6.3708E-04  8.5714E-03
  1.2206E-01 -8.8350E-02  6.5042E-04  8.7511E-03
  1.2291E-01 -8.6566E-02  6.6404E-04  8.9346E-03
  1.2376E-01 -8.4742E-02  6.7795E-04  9.1219E-03
  1.2463E-01 -8.2880E-02  6.9215E-04  9.3132E-03
  1.2549E-01 -8.0979E-02  7.0664E-04  9.5084E-03
  1.2637E-01 -7.9039E-02  7.2143E-04  9.7077E-03
  1.2725E-01 -7.7061E-02  7.3654E-04  9.9112E-03
  1.2813E-01 -7.5044E-02  7.5195E-04  1.0119E-02
  1.2903E-01 -7.2989E-02  7.6769E-04  1.0331E-02
  1.2992E-01 -7.0896E-02  7.8376E-04  1.0548E-02
  1.3083E-01 -6.8766E-02  8.0017E-04  1.0769E-02
  1.3174E-01 -6.6598E-02  8.1691E-04  1.0994E-02
  1.3266E-01 -6.4393E-02  8.3401E-04  1.1225E-02
  1.3358E-01 -6.2152E-02  8.5146E-04  1.1460E-02
  1.3451E-01 -5.9874E-02  8.6927E-04  1.1700E-02
  1.3545E-01 -5.7561E-02  8.8746E-04  1.1945E-02
  1.3639E-01 -5.5212E-02  9.0602E-04  1.2195E-02
  1.3734E-01 -5.2828E-02  9.2497E-04  1.2451E-02
  1.3830E-01 -5.0409E-02  9.4432E-04  1.2712E-02
  1.3926E-01 -4.7956E-02  9.6407E-04  1.2978E-02
  1.4023E-01 -4.5470E-02  9.8423E-04  1.3250E-02
  1.4121E-01 -4.2951E-02  1.0048E-03  1.3527E-02
  1.4219E-01 -4.0399E-02  1.0258E-03  1.3810E-02
  1.4318E-01 -3.7815E-02  1.0473E-03  1.4100E-02
  1.4418E-01 -3.5200E-02  1.0692E-03  1.4395E-02
  1.4518E-01 -3.2554E-02  1.0915E-03  1.4696E-02
  1.4619E-01 -2.9878E-02  1.1143E-03  1.5004E-02
  1.4721E-01 -2.7174E-02  1.1376E-03  1.5318E-02
  1.4824E-01 -2.4440E-02  1.1614E-03  1.5638E-02
  1.4927E-01 -2.1679E-02  1.1856E-03  1.5966E-02
  1.5031E-01 -1.8891E-02  1.2104E-03  1.6300E-02
  1.5135E-01 -1.6076E-02  1.2357E-03  1.6641E-02
  1.5241E-01 -1.3237E-02  1.2615E-03  1.6989E-02
  1.5347E-01 -1.0372E-02  1.2879E-03  1.7345E-02
  1.5454E-01 -7.4843E-03  1.3148E-03  1.7707E-02
  1.5561E-01 -4.5737E-03  1.3422E-03  1.8078E-02
  1.5670E-01 -1.6414E-03  1.3702E-03  1.8456E-02
  1.5779E-01  1.3118E-03  1.3989E-03  1.8842E-02
  1.5889E-01  4.2848E-03  1.4281E-03  1.9236E-02
  1.5999E-01  7.2765E-03  1.4579E-03  1.9638E-02
  1.6111E-01  1.0286E-02  1.4883E-03  2.0049E-02
  1.6223E-01  1.3312E-02  1.5193E-03  2.0468E-02
  1.6336E-01  1.6354E-02  1.5511E-03  2.0896E-02
  1.6450E-01  1.9410E-02  1.5834E-03  2.1333E-02
  1.6564E-01  2.2480E-02  1.6164E-03  2.1779E-02
  1.6679E-01  2.5561E-02  1.6502E-03  2.2234E-02
  1.6796E-01  2.8654E-02  1.6846E-03  2.2699E-02
  1.6913E-01  3.1756E-02  1.7197E-03  2.3173E-02
  1.7030E-01  3.4867E-02  1.7556E-03  2.3657E-02
  1.7149E-01  3.7985E-02  1.7922E-03  2.4151E-02
  1.7268E-01  4.1109E-02  1.8295E-03  2.4656E-02
  1.7388E-01  4.4237E-02  1.8677E-03  2.5171E-02
  1.7510E-01  4.7369E-02  1.9066E-03  2.5696E-02
  1.7631E-01  5.0502E-02  1.9463E-03  2.6233E-02
  1.7754E-01  5.3636E-02  1.9869E-03  2.6781E-02
  1.7878E-01  5.6770E-02  2.0283E-03  2.7340E-02
  1.8002E-01  5.9900E-02  2.0705E-03  2.7911E-02
  1.8128E-01  6.3028E-02  2.1136E-03  2.8493E-02
  1.8254E-01  6.6149E-02  2.1576E-03  2.9088E-02
  1.8381E-01  6.9264E-02  2.2026E-03  2.9695E-02
  1.8509E-01  7.2371E-02  2.2484E-03  3.0314E-02
  1.8638E-01  7.5469E-02  2.2952E-03  3.0947E-02
  1.8768E-01  7.8554E-02  2.3430E-03  3.1592E-02
  1.8898E-01  8.1628E-02  2.3917E-03  3.2251E-02
  1.9030E-01  8.4686E-02  2.4415E-03  3.2924E-02
  1.9162E-01  8.7729E-02  2.4923E-03  3.3610E-02
  1.9296E-01  9.0754E-02  2.5441E-03  3.4311E-02
  1.9430E-01  9.3760E-02  2.5970E-03  3.5026E-02
  1.9565E-01  9.6746E-02  2.6510E-03  3.5756E-02
  1.9702E-01  9.9709E-02  2.7061E-03  3.6502E-02
  1.9839E-01  1.0265E-01  2.7624E-03  3.7262E-02
  1.9977E-01  1.0556E-01  2.8198E-03  3.8038E-02
  2.0116E-01  1.0845E-01  2.8784E-03  3.8831E-02
  2.0256E-01  1.1130E-01  2.9382E-03  3.9640E-02
  2.0397E-01  1.1413E-01  2.9992E-03  4.0465E-02
  2.0539E-01  1.1692E-01  3.0615E-03  4.1307E-02
  2.0682E-01  1.1968E-01  3.1250E-03  4.2167E-02
  2.0826E-01  1.2241E-01  3.1899E-03  4.3045E-02
  2.0971E-01  1.2509E-01  3.2561E-03  4.3941E-02
  2.1117E-01  1.2774E-01  3.3237E-03  4.4855E-02
  2.1264E-01  1.3035E-01  3.3927E-03  4.5788E-02
  2.1412E-01  1.3291E-01  3.4630E-03  4.6741E-02
  2.1561E-01  1.3543E-01  3.5348E-03  4.7713E-02
  2.1711E-01  1.3790E-01  3.6081E-03  4.8705E-02
  2.1862E-01  1.4033E-01  3.6829E-03  4.9717E-02
  2.2015E-01  1.4270E-01  3.7593E-03  5.0750E-02
  2.2168E-01  1.4503E-01  3.8372E-03  5.1805E-02
  2.2322E-01  1.4730E-01  3.9167E-03  5.2881E-02
  2.2478E-01  1.4952E-01  3.9978E-03  5.3980E-02
  2.2634E-01  1.5168E-01  4.0806E-03  5.5101E-02
  2.2792E-01  1.5379E-01  4.1651E-03  5.6245E-02
  2.2950E-01  1.5583E-01  4.2513E-03  5.7413E-02
  2.3110E-01  1.5782E-01  4.3393E-03  5.8604E-02
  2.3271E-01  1.5974E-01  4.4291E-03  5.9820E-02
  2.3433E-01  1.6159E-01  4.5207E-03  6.1061E-02
  2.3596E-01  1.6338E-01  4.6142E-03  6.2328E-02
  2.3760E-01  1.6511E-01  4.7096E-03  6.3620E-02
  2.3926E-01  1.6676E-01  4.8069E-03  6.4939E-02
  2.4092E-01  1.6835E-01  4.9063E-03  6.6285E-02
  2.4260E-01  1.6986E-01  5.0077E-03  6.7659E-02
  2.4429E-01  1.7130E-01  5.1111E-03  6.9061E-02
  2.4599E-01  1.7266E-01  5.2166E-03  7.0491E-02
  2.4770E-01  1.7395E-01  5.3243E-03  7.1951E-02
  2.4943E-01  1.7516E-01  5.4342E-03  7.3440E-02
  2.5116E-01  1.7629E-01  5.5464E-03  7.4960E-02
  2.5291E-01  1.7734E-01  5.6608E-03  7.6511E-02
  2.5467E-01  1.7831E-01  5.7775E-03  7.8094E-02
  2.5645E-01  1.7919E-01  5.8966E-03  7.9709E-02
  2.5823E-01  1.7999E-01  6.0182E-03  8.1357E-02
  2.6003E-01  1.8071E-01  6.1422E-03  8.3038E-02
  2.6184E-01  1.8134E-01  6.2687E-03  8.4754E-02
  2.6366E-01  1.8188E-01  6.3978E-03  8.6505E-02
  2.6550E-01  1.8233E-01  6.5295E-03  8.8291E-02
  2.6735E-01  1.8269E-01  6.6639E-03  9.0114E-02
  2.6921E-01  1.8296E-01  6.8010E-03  9.1974E-02
  2.7108E-01  1.8314E-01  6.9409E-03  9.3871E-02
  2.7297E-01  1.8323E-01  7.0836E-03  9.5807E-02
  2.7487E-01  1.8322E-01  7.2292E-03  9.7782E-02
  2.7678E-01  1.8311E-01  7.3778E-03  9.9798E-02
  2.7871E-01  1.8292E-01  7.5293E-03  1.0185E-01
  2.8065E-01  1.8262E-01  7.6839E-03  1.0395E-01
  2.8260E-01  1.8223E-01  7.8417E-03  1.0609E-01
  2.8457E-01  1.8174E-01  8.0026E-03  1.0828E-01
  2.8655E-01  1.8115E-01  8.1668E-03  1.1050E-01
  2.8855E-01  1.8046E-01  8.3342E-03  1.1278E-01
  2.9056E-01  1.7968E-01  8.5051E-03  1.1510E-01
  2.9258E-01  1.7879E-01  8.6794E-03  1.1746E-01
  2.9461E-01  1.7781E-01  8.8572E-03  1.1987E-01
  2.9667E-01  1.7672E-01  9.0385E-03  1.2234E-01
  2.9873E-01  1.7553E-01  9.2235E-03  1.2485E-01
  3.0081E-01  1.7424E-01  9.4123E-03  1.2741E-01
  3.0290E-01  1.7285E-01  9.6048E-03  1.3002E-01
  3.0501E-01  1.7136E-01  9.8012E-03  1.3269E-01
  3.0714E-01  1.6977E-01  1.0001E-02  1.3541E-01
  3.0927E-01  1.6807E-01  1.0206E-02  1.3818E-01
  3.1143E-01  1.6628E-01  1.0414E-02  1.4101E-01
  3.1360E-01  1.6438E-01  1.0627E-02  1.4389E-01
  3.1578E-01  1.6239E-01  1.0844E-02  1.4684E-01
  3.1798E-01  1.6029E-01  1.1065E-02  1.4984E-01
  3.2019E-01  1.5809E-01  1.1290E-02  1.5290E-01
  3.2242E-01  1.5579E-01  1.1520E-02  1.5602E-01
  3.2466E-01  1.5339E-01  1.1755E-02  1.5921E-01
  3.2692E-01  1.5089E-01  1.1994E-02  1.6246E-01
  3.2920E-01  1.4830E-01  1.2238E-02  1.6577E-01
  3.3149E-01  1.4560E-01  1.2487E-02  1.6915E-01
  3.3380E-01  1.4281E-01  1.2741E-02  1.7260E-01
  3.3612E-01  1.3992E-01  1.3000E-02  1.7611E-01
  3.3846E-01  1.3694E-01  1.3264E-02  1.7969E-01
  3.4082E-01  1.3386E-01  1.3533E-02  1.8335E-01
  3.4319E-01  1.3068E-01  1.3808E-02  1.8707E-01
  3.4558E-01  1.2742E-01  1.4088E-02  1.9087E-01
  3.4799E-01  1.2406E-01  1.4374E-02  1.9475E-01
  3.5041E-01  1.2061E-01  1.4665E-02  1.9870E-01
  3.5285E-01  1.1707E-01  1.4962E-02  2.0273E-01
  3.5530E-01  1.1344E-01  1.5264E-02  2.0683E-01
  3.5778E-01  1.0973E-01  1.5573E-02  2.1102E-01
  3.6027E-01  1.0592E-01  1.5888E-02  2.1529E-01
  3.6277E-01  1.0204E-01  1.6209E-02  2.1964E-01
  3.6530E-01  9.8072E-02  1.6536E-02  2.2408E-01
  3.6784E-01  9.4022E-02  1.6870E-02  2.2861E-01
  3.7040E-01  8.9893E-02  1.7210E-02  2.3322E-01
  3.7298E-01  8.5686E-02  1.7557E-02  2.3792E-01
  3.7558E-01  8.1402E-02  1.7911E-02  2.4271E-01
  3.7819E-01  7.7044E-02  1.8271E-02  2.4760E-01
  3.8082E-01  7.2613E-02  1.8639E-02  2.5258E-01
  3.8348E-01  6.8112E-02  1.9014E-02  2.5766E-01
  3.8615E-01  6.3541E-02  1.9396E-02  2.6283E-01
  3.8883E-01  5.8904E-02  1.9785E-02  2.6810E-01
  3.9154E-01  5.4202E-02  2.0182E-02  2.7348E-01
  3.9427E-01  4.9437E-02  2.0587E-02  2.7896E-01
  3.9701E-01  4.4612E-02  2.1000E-02  2.8454E-01
  3.9977E-01  3.9729E-02  2.1420E-02  2.9023E-01
  4.0256E-01  3.4790E-02  2.1849E-02  2.9603E-01
  4.0536E-01  2.9797E-02  2.2286E-02  3.0193E-01
  4.0818E-01  2.4754E-02  2.2731E-02  3.0795E-01
  4.1102E-01  1.9661E-02  2.3185E-02  3.1409E-01
  4.1388E-01  1.4522E-02  2.3648E-02  3.2034E-01
  4.1676E-01  9.3396E-03  2.4119E-02  3.2670E-01
  4.1966E-01  4.1158E-03  2.4600E-02  3.3319E-01
  4.2259E-01 -1.1465E-03  2.5090E-02  3.3980E-01
  4.2553E-01 -6.4447E-03  2.5589E-02  3.4653E-01
  4.2849E-01 -1.1776E-02  2.6097E-02  3.5339E-01
  4.3147E-01 -1.7138E-02  2.6616E-02  3.6037E-01
  4.3447E-01 -2.2527E-02  2.7144E-02  3.6749E-01
  4.3750E-01 -2.7942E-02  2.7682E-02  3.7474E-01
  4.4054E-01 -3.3378E-02  2.8231E-02  3.8212E-01
  4.4361E-01 -3.8834E-02  2.8790E-02  3.8964E-01
  4.4670E-01 -4.4306E-02  2.9359E-02  3.9729E-01
  4.4981E-01 -4.9791E-02  2.9939E-02  4.0509E-01
  4.5294E-01 -5.5286E-02  3.0530E-02  4.1303E-01
  4.5609E-01 -6.0789E-02  3.1133E-02  4.2111E-01
  4.5927E-01 -6.6296E-02  3.1746E-02  4.2934E-01
  4.6246E-01 -7.1804E-02  3.2371E-02  4.3772E-01
  4.6568E-01 -7.7311E-02  3.3008E-02  4.4625E-01
  4.6892E-01 -8.2812E-02  3.3657E-02  4.5494E-01
  4.7219E-01 -8.8306E-02  3.4318E-02  4.6378E-01
  4.7547E-01 -9.3788E-02  3.4991E-02  4.7277E-01
  4.7878E-01 -9.9256E-02  3.5676E-02  4.8193E-01
  4.8212E-01 -1.0471E-01  3.6375E-02  4.9125E-01
  4.8547E-01 -1.1014E-01  3.7086E-02  5.0074E-01
  4.8885E-01 -1.1554E-01  3.7811E-02  5.1039E-01
  4.9225E-01 -1.2092E-01  3.8548E-02  5.2021E-01
  4.9568E-01 -1.2627E-01  3.9300E-02  5.3021E-01
  4.9913E-01 -1.3159E-01  4.0065E-02  5.4038E-01
  5.0261E-01 -1.3687E-01  4.0844E-02  5.5072E-01
  5.0610E-01 -1.4211E-01  4.1638E-02  5.6125E-01
  5.0963E-01 -1.4731E-01  4.2446E-02  5.7195E-01
  5.1317E-01 -1.5246E-01  4.3268E-02  5.8284E-01
  5.1675E-01 -1.5756E-01  4.4106E-02  5.9391E-01
  5.2034E-01 -1.6261E-01  4.4959E-02  6.0517E-01
  5.2397E-01 -1.6761E-01  4.5827E-02  6.1662E-01
  5.2761E-01 -1.7254E-01  4.6711E-02  6.2826E-01
  5.3128E-01 -1.7742E-01  4.7611E-02  6.4010E-01
  5.3498E-01 -1.8223E-01  4.8528E-02  6.5213E-01
  5.3871E-01 -1.8697E-01  4.9460E-02  6.6436E-01
  5.4246E-01 -1.9164E-01  5.0409E-02  6.7680E-01
  5.4623E-01 -1.9624E-01  5.1376E-02  6.8943E-01
  5.5003E-01 -2.0076E-01  5.2359E-02  7.0227E-01
  5.5386E-01 -2.0520E-01  5.3360E-02  7.1532E-01
  5.5772E-01 -2.0955E-01  5.4378E-02  7.2858E-01
  5.6160E-01 -2.1382E-01  5.5415E-02  7.4205E-01
  5.6551E-01 -2.1800E-01  5.6470E-02  7.5573E-01
  5.6945E-01 -2.2209E-01  5.7543E-02  7.6963E-01
  5.7341E-01 -2.2609E-01  5.8635E-02  7.8374E-01
  5.7740E-01 -2.2999E-01  5.9746E-02  7.9807E-01
  5.8142E-01 -2.3379E-01  6.0877E-02  8.1262E-01
  5.8547E-01 -2.3748E-01  6.2027E-02  8.2740E-01
  5.8954E-01 -2.4107E-01  6.3197E-02  8.4240E-01
  5.9364E-01 -2.4455E-01  6.4388E-02  8.5762E-01
  5.9778E-01 -2.4792E-01  6.5598E-02  8.7307E-01
  6.0194E-01 -2.5118E-01  6.6830E-02  8.8875E-01
  6.0613E-01 -2.5431E-01  6.8082E-02  9.0465E-01
  6.1035E-01 -2.5734E-01  6.9356E-02  9.2079E-01
  6.1459E-01 -2.6024E-01  7.0652E-02  9.3716E-01
  6.1887E-01 -2.6301E-01  7.1969E-02  9.5376E-01
  6.2318E-01 -2.6566E-01  7.3309E-02  9.7060E-01
  6.2752E-01 -2.6819E-01  7.4671E-02  9.8766E-01
  6.3189E-01 -2.7058E-01  7.6056E-02  1.0050E+00
  6.3628E-01 -2.7284E-01  7.7464E-02  1.0225E+00
  6.4071E-01 -2.7497E-01  7.8895E-02  1.0403E+00
  6.4517E-01 -2.7696E-01  8.0351E-02  1.0583E+00
  6.4966E-01 -2.7882E-01  8.1830E-02  1.0765E+00
  6.5418E-01 -2.8053E-01  8.3333E-02  1.0950E+00
  6.5874E-01 -2.8210E-01  8.4861E-02  1.1137E+00
  6.6332E-01 -2.8353E-01  8.6414E-02  1.1327E+00
  6.6794E-01 -2.8481E-01  8.7992E-02  1.1519E+00
  6.7259E-01 -2.8595E-01  8.9596E-02  1.1713E+00
  6.7727E-01 -2.8694E-01  9.1225E-02  1.1910E+00
  6.8198E-01 -2.8778E-01  9.2880E-02  1.2108E+00
  6.8673E-01 -2.8847E-01  9.4562E-02  1.2310E+00
  6.9151E-01 -2.8901E-01  9.6271E-02  1.2513E+00
  6.9632E-01 -2.8939E-01  9.8006E-02  1.2719E+00
  7.0117E-01 -2.8962E-01  9.9769E-02  1.2927E+00
  7.0605E-01 -2.8970E-01  1.0156E-01  1.3137E+00
  7.1097E-01 -2.8962E-01  1.0338E-01  1.3349E+00
  7.1591E-01 -2.8938E-01  1.0522E-01  1.3564E+00
  7.2090E-01 -2.8899E-01  1.0710E-01  1.3781E+00
  7.2591E-01 -2.8844E-01  1.0900E-01  1.4000E+00
  7.3097E-01 -2.8773E-01  1.1093E-01  1.4221E+00
  7.3606E-01 -2.8686E-01  1.1290E-01  1.4444E+00
  7.4118E-01 -2.8583E-01  1.1489E-01  1.4669E+00
  7.4634E-01 -2.8464E-01  1.1691E-01  1.4896E+00
  7.5153E-01 -2.8330E-01  1.1896E-01  1.5124E+00
  7.5676E-01 -2.8179E-01  1.2104E-01  1.5355E+00
  7.6203E-01 -2.8012E-01  1.2315E-01  1.5588E+00
  7.6733E-01 -2.7830E-01  1.2529E-01  1.5822E+00
  7.7267E-01 -2.7631E-01  1.2747E-01  1.6058E+00
  7.7805E-01 -2.7417E-01  1.2967E-01  1.6295E+00
  7.8347E-01 -2.7186E-01  1.3191E-01  1.6535E+00
  7.8892E-01 -2.6940E-01  1.3418E-01  1.6775E+00
  7.9441E-01 -2.6678E-01  1.3648E-01  1.7017E+00
  7.9994E-01 -2.6400E-01  1.3881E-01  1.7260E+00
  8.0551E-01 -2.6107E-01  1.4118E-01  1.7505E+00
  8.1112E-01 -2.5798E-01  1.4358E-01  1.7751E+00
  8.1676E-01 -2.5473E-01  1.4601E-01  1.7997E+00
  8.2245E-01 -2.5133E-01  1.4847E-01  1.8245E+00
  8.2817E-01 -2.4778E-01  1.5097E-01  1.8493E+00
  8.3394E-01 -2.4407E-01  1.5350E-01  1.8743E+00
  8.3974E-01 -2.4022E-01  1.5607E-01  1.8992E+00
  8.4558E-01 -2.3621E-01  1.5867E-01  1.9243E+00
  8.5147E-01 -2.3206E-01  1.6130E-01  1.9493E+00
  8.5740E-01 -2.2776E-01  1.6396E-01  1.9744E+00
  8.6336E-01 -2.2332E-01  1.6666E-01  1.9995E+00
  8.6937E-01 -2.1873E-01  1.6940E-01  2.0246E+00
  8.7542E-01 -2.1400E-01  1.7217E-01  2.0497E+00
  8.8152E-01 -2.0913E-01  1.7497E-01  2.0748E+00
  8.8765E-01 -2.0412E-01  1.7781E-01  2.0998E+00
  8.9383E-01 -1.9898E-01  1.8068E-01  2.1248E+00
  9.0005E-01 -1.9370E-01  1.8359E-01  2.1496E+00
  9.0632E-01 -1.8828E-01  1.8653E-01  2.1744E+00
  9.1262E-01 -1.8274E-01  1.8951E-01  2.1991E+00
  9.1898E-01 -1.7707E-01  1.9252E-01  2.2236E+00
  9.2537E-01 -1.7127E-01  1.9557E-01  2.2480E+00
  9.3181E-01 -1.6535E-01  1.9865E-01  2.2722E+00
  9.3830E-01 -1.5931E-01  2.0177E-01  2.2963E+00
  9.4483E-01 -1.5315E-01  2.0492E-01  2.3201E+00
  9.5141E-01 -1.4687E-01  2.0810E-01  2.3437E+00
  9.5803E-01 -1.4048E-01  2.1132E-01  2.3671E+00
  9.6470E-01 -1.3397E-01  2.1457E-01  2.3901E+00
  9.7141E-01 -1.2736E-01  2.1786E-01  2.4129E+00
  9.7817E-01 -1.2064E-01  2.2118E-01  2.4354E+00
  9.8498E-01 -1.1381E-01  2.2454E-01  2.4576E+00
  9.9183E-01 -1.0689E-01  2.2793E-01  2.4793E+00
  9.9874E-01 -9.9864E-02  2.3135E-01  2.5008E+00
  1.0057E+00 -9.2744E-02  2.3480E-01  2.5218E+00
  1.0127E+00 -8.5532E-02  2.3829E-01  2.5423E+00
  1.0197E+00 -7.8230E-02  2.4181E-01  2.5624E+00
  1.0268E+00 -7.0841E-02  2.4537E-01  2.5821E+00
  1.0340E+00 -6.3369E-02  2.4895E-01  2.6012E+00
  1.0412E+00 -5.5815E-02  2.5257E-01  2.6198E+00
  1.0484E+00 -4.8183E-02  2.5622E-01  2.6378E+00
  1.0557E+00 -4.0476E-02  2.5990E-01  2.6553E+00
  1.0631E+00 -3.2697E-02  2.6361E-01  2.6721E+00
  1.0705E+00 -2.4850E-02  2.6734E-01  2.6883E+00
  1.0779E+00 -1.6936E-02  2.7111E-01  2.7039E+00
  1.0854E+00 -8.9604E-03  2.7491E-01  2.7187E+00
  1.0930E+00 -9.2496E-04  2.7874E-01  2.7329E+00
  1.1006E+00  7.1667E-03  2.8259E-01  2.7462E+00
  1.1082E+00  1.5312E-02  2.8647E-01  2.7589E+00
  1.1160E+00  2.3506E-02  2.9038E-01  2.7707E+00
  1.1237E+00  3.1748E-02  2.9431E-01  2.7817E+00
  1.1315E+00  4.0033E-02  2.9827E-01  2.7919E+00
  1.1394E+00  4.8359E-02  3.0225E-01  2.8012E+00
  1.1474E+00  5.6721E-02  3.0626E-01  2.8096E+00
  1.1553E+00  6.5118E-02  3.1029E-01  2.8170E+00
  1.1634E+00  7.3545E-02  3.1434E-01  2.8235E+00
  1.1715E+00  8.2000E-02  3.1841E-01  2.8291E+00
  1.1796E+00  9.0479E-02  3.2251E-01  2.8336E+00
  1.1878E+00  9.8979E-02  3.2662E-01  2.8372E+00
  1.1961E+00  1.0750E-01  3.3075E-01  2.8396E+00
  1.2044E+00  1.1603E-01  3.3490E-01  2.8411E+00
  1.2128E+00  1.2457E-01  3.3907E-01  2.8414E+00
  1.2213E+00  1.3313E-01  3.4325E-01  2.8406E+00
  1.2298E+00  1.4168E-01  3.4745E-01  2.8388E+00
  1.2383E+00  1.5024E-01  3.5166E-01  2.8357E+00
  1.2469E+00  1.5880E-01  3.5588E-01  2.8315E+00
  1.2556E+00  1.6735E-01  3.6012E-01  2.8262E+00
  1.2644E+00  1.7590E-01  3.6436E-01  2.8197E+00
  1.2732E+00  1.8444E-01  3.6862E-01  2.8119E+00
  1.2820E+00  1.9296E-01  3.7288E-01  2.8030E+00
  1.2909E+00  2.0146E-01  3.7715E-01  2.7928E+00
  1.2999E+00  2.0995E-01  3.8142E-01  2.7814E+00
  1.3090E+00  2.1841E-01  3.8570E-01  2.7688E+00
  1.3181E+00  2.2684E-01  3.8998E-01  2.7549E+00
  1.3273E+00  2.3525E-01  3.9427E-01  2.7398E+00
  1.3365E+00  2.4362E-01  3.9855E-01  2.7234E+00
  1.3458E+00  2.5196E-01  4.0283E-01  2.7058E+00
  1.3552E+00  2.6026E-01  4.0711E-01  2.6869E+00
  1.3646E+00  2.6853E-01  4.1139E-01  2.6669E+00
  1.3741E+00  2.7674E-01  4.1566E-01  2.6455E+00
  1.3837E+00  2.8491E-01  4.1992E-01  2.6230E+00
  1.3933E+00  2.9303E-01  4.2418E-01  2.5992E+00
  1.4030E+00  3.0110E-01  4.2842E-01  2.5743E+00
  1.4127E+00  3.0912E-01  4.3266E-01  2.5481E+00
  1.4226E+00  3.1707E-01  4.3688E-01  2.5208E+00
  1.4325E+00  3.2497E-01  4.4109E-01  2.4923E+00
  1.4424E+00  3.3280E-01  4.4528E-01  2.4627E+00
  1.4525E+00  3.4057E-01  4.4946E-01  2.4320E+00
  1.4626E+00  3.4827E-01  4.5361E-01  2.4003E+00
  1.4728E+00  3.5590E-01  4.5775E-01  2.3674E+00
  1.4830E+00  3.6345E-01  4.6186E-01  2.3336E+00
  1.4933E+00  3.7093E-01  4.6595E-01  2.2987E+00
  1.5037E+00  3.7834E-01  4.7002E-01  2.2630E+00
  1.5142E+00  3.8566E-01  4.7406E-01  2.2263E+00
  1.5247E+00  3.9290E-01  4.7807E-01  2.1887E+00
  1.5354E+00  4.0006E-01  4.8205E-01  2.1503E+00
  1.5460E+00  4.0712E-01  4.8600E-01  2.1111E+00
  1.5568E+00  4.1410E-01  4.8992E-01  2.0711E+00
  1.5676E+00  4.2099E-01  4.9381E-01  2.0305E+00
  1.5785E+00  4.2779E-01  4.9766E-01  1.9892E+00
  1.5895E+00  4.3449E-01  5.0147E-01  1.9473E+00
  1.6006E+00  4.4109E-01  5.0525E-01  1.9048E+00
  1.6117E+00  4.4760E-01  5.0899E-01  1.8619E+00
  1.6230E+00  4.5400E-01  5.1268E-01  1.8185E+00
  1.6343E+00  4.6030E-01  5.1634E-01  1.7748E+00
  1.6456E+00  4.6650E-01  5.1995E-01  1.7307E+00
  1.6571E+00  4.7259E-01  5.2351E-01  1.6864E+00
  1.6686E+00  4.7858E-01  5.2703E-01  1.6418E+00
  1.6802E+00  4.8445E-01  5.3051E-01  1.5971E+00
  1.6919E+00  4.9022E-01  5.3393E-01  1.5524E+00
  1.7037E+00  4.9588E-01  5.3731E-01  1.5076E+00
  1.7156E+00  5.0142E-01  5.4063E-01  1.4628E+00
  1.7275E+00  5.0685E-01  5.4391E-01  1.4181E+00
  1.7395E+00  5.1216E-01  5.4713E-01  1.3736E+00
  1.7516E+00  5.1736E-01  5.5030E-01  1.3293E+00
  1.7638E+00  5.2244E-01  5.5342E-01  1.2853E+00
  1.7761E+00  5.2740E-01  5.5648E-01  1.2415E+00
  1.7885E+00  5.3224E-01  5.5948E-01  1.1982E+00
  1.8009E+00  5.3696E-01  5.6243E-01  1.1553E+00
  1.8134E+00  5.4156E-01  5.6532E-01  1.1129E+00
  1.8261E+00  5.4604E-01  5.6815E-01  1.0710E+00
  1.8388E+00  5.5040E-01  5.7092E-01  1.0297E+00
  1.8516E+00  5.5463E-01  5.7364E-01  9.8897E-01
  1.8644E+00  5.5874E-01  5.7629E-01  9.4893E-01
  1.8774E+00  5.6273E-01  5.7888E-01  9.0957E-01
  1.8905E+00  5.6659E-01  5.8141E-01  8.7094E-01
  1.9036E+00  5.7033E-01  5.8388E-01  8.3305E-01
  1.9169E+00  5.7394E-01  5.8629E-01  7.9593E-01
  1.9302E+00  5.7743E-01  5.8864E-01  7.5960E-01
  1.9437E+00  5.8079E-01  5.9092E-01  7.2405E-01
  1.9572E+00  5.8403E-01  5.9314E-01  6.8930E-01
  1.9708E+00  5.8714E-01  5.9529E-01  6.5535E-01
  1.9845E+00  5.9013E-01  5.9738E-01  6.2218E-01
  1.9984E+00  5.9299E-01  5.9940E-01  5.8978E-01
  2.0123E+00  5.9572E-01  6.0135E-01  5.5812E-01
  2.0263E+00  5.9833E-01  6.0324E-01  5.2717E-01
  2.0404E+00  6.0082E-01  6.0507E-01  4.9690E-01
  2.0546E+00  6.0318E-01  6.0682E-01  4.6724E-01
  2.0689E+00  6.0542E-01  6.0850E-01  4.3815E-01
  2.0833E+00  6.0753E-01  6.1012E-01  4.0956E-01
  2.0978E+00  6.0952E-01  6.1166E-01  3.8139E-01
  2.1124E+00  6.1139E-01  6.1313E-01  3.5356E-01
  2.1271E+00  6.1313E-01  6.1453E-01  3.2596E-01
  2.1419E+00  6.1476E-01  6.1585E-01  2.9851E-01
  2.1568E+00  6.1626E-01  6.1710E-01  2.7108E-01
  2.1718E+00  6.1764E-01  6.1826E-01  2.4355E-01
  2.1869E+00  6.1890E-01  6.1935E-01  2.1579E-01
  2.2021E+00  6.2005E-01  6.2035E-01  1.8767E-01
  2.2174E+00  6.2108E-01  6.2127E-01  1.5903E-01
  2.2329E+00  6.2199E-01  6.2210E-01  1.2972E-01
  2.2484E+00  6.2278E-01  6.2284E-01  9.9595E-02
  2.2641E+00  6.2346E-01  6.2349E-01  6.8482E-02
  2.2798E+00  6.2403E-01  6.2403E-01  3.6221E-02
  2.2957E+00  6.2448E-01  6.2448E-01  2.6476E-03
  2.3117E+00  6.2482E-01  6.2482E-01 -2.7843E-02
  2.3278E+00  6.2505E-01  6.2505E-01 -2.7841E-02
  2.3440E+00  6.2517E-01  6.2517E-01 -2.2370E-02
  2.3603E+00  6.2518E-01  6.2518E-01 -1.7763E-02
  2.3767E+00  6.2509E-01  6.2509E-01 -1.3567E-02
  2.3932E+00  6.2489E-01  6.2489E-01 -9.8707E-03
  2.4099E+00  6.2459E-01  6.2459E-01 -6.7430E-03
  2.4267E+00  6.2418E-01  6.2418E-01 -4.2306E-03
  2.4436E+00  6.2367E-01  6.2367E-01 -2.3500E-03
  2.4606E+00  6.2306E-01  6.2306E-01 -1.0807E-03
  2.4777E+00  6.2235E-01  6.2235E-01 -3.5804E-04
  2.4949E+00  6.2154E-01  6.2154E-01 -6.3819E-05
  2.5123E+00  6.2063E-01  6.2063E-01  0.0000E+00
  2.5298E+00  6.1963E-01  6.1963E-01  0.0000E+00
  2.5474E+00  6.1854E-01  6.1854E-01  0.0000E+00
  2.5651E+00  6.1735E-01  6.1735E-01  0.0000E+00
  2.5830E+00  6.1608E-01  6.1608E-01  0.0000E+00
  2.6010E+00  6.1471E-01  6.1471E-01  0.0000E+00
  2.6191E+00  6.1326E-01  6.1326E-01  0.0000E+00
  2.6373E+00  6.1172E-01  6.1172E-01  0.0000E+00
  2.6556E+00  6.1009E-01  6.1009E-01  0.0000E+00
  2.6741E+00  6.0838E-01  6.0838E-01  0.0000E+00
  2.6927E+00  6.0659E-01  6.0659E-01  0.0000E+00
  2.7115E+00  6.0472E-01  6.0472E-01  0.0000E+00
  2.7303E+00  6.0276E-01  6.0276E-01  0.0000E+00
  2.7493E+00  6.0074E-01  6.0074E-01  0.0000E+00
  2.7685E+00  5.9863E-01  5.9863E-01  0.0000E+00
  2.7878E+00  5.9645E-01  5.9645E-01  0.0000E+00
  2.8072E+00  5.9420E-01  5.9420E-01  0.0000E+00
  2.8267E+00  5.9187E-01  5.9187E-01  0.0000E+00
  2.8464E+00  5.8948E-01  5.8948E-01  0.0000E+00
  2.8662E+00  5.8701E-01  5.8701E-01  0.0000E+00
  2.8861E+00  5.8448E-01  5.8448E-01  0.0000E+00
  2.9062E+00  5.8189E-01  5.8189E-01  0.0000E+00
  2.9264E+00  5.7922E-01  5.7922E-01  0.0000E+00
  2.9468E+00  5.7650E-01  5.7650E-01  0.0000E+00
  2.9673E+00  5.7371E-01  5.7371E-01  0.0000E+00
  2.9880E+00  5.7087E-01  5.7087E-01  0.0000E+00
  3.0088E+00  5.6796E-01  5.6796E-01  0.0000E+00
  3.0297E+00  5.6500E-01  5.6500E-01  0.0000E+00
  3.0508E+00  5.6198E-01  5.6198E-01  0.0000E+00
  3.0720E+00  5.5890E-01  5.5890E-01  0.0000E+00
  3.0934E+00  5.5577E-01  5.5577E-01  0.0000E+00
  3.1149E+00  5.5259E-01  5.5259E-01  0.0000E+00
  3.1366E+00  5.4936E-01  5.4936E-01  0.0000E+00
  3.1584E+00  5.4608E-01  5.4608E-01  0.0000E+00
  3.1804E+00  5.4275E-01  5.4275E-01  0.0000E+00
  3.2026E+00  5.3937E-01  5.3937E-01  0.0000E+00
  3.2248E+00  5.3595E-01  5.3595E-01  0.0000E+00
  3.2473E+00  5.3248E-01  5.3248E-01  0.0000E+00
  3.2699E+00  5.2897E-01  5.2897E-01  0.0000E+00
  3.2926E+00  5.2542E-01  5.2542E-01  0.0000E+00
  3.3156E+00  5.2182E-01  5.2182E-01  0.0000E+00
  3.3386E+00  5.1819E-01  5.1819E-01  0.0000E+00
  3.3619E+00  5.1451E-01  5.1451E-01  0.0000E+00
  3.3853E+00  5.1080E-01  5.1080E-01  0.0000E+00
  3.4088E+00  5.0706E-01  5.0706E-01  0.0000E+00
  3.4326E+00  5.0327E-01  5.0327E-01  0.0000E+00
  3.4564E+00  4.9946E-01  4.9946E-01  0.0000E+00
  3.4805E+00  4.9561E-01  4.9561E-01  0.0000E+00
  3.5047E+00  4.9172E-01  4.9172E-01  0.0000E+00
  3.5291E+00  4.8781E-01  4.8781E-01  0.0000E+00
  3.5537E+00  4.8387E-01  4.8387E-01  0.0000E+00
