 # l=           0 basis function with energy   -0.241197863100936     
  0.0000E+00  0.0000E+00  0.0000E+00  0.0000E+00
  5.4602E-07  5.9467E-05 -4.7690E-07 -1.3681E-05
  1.0958E-06  1.0143E-04 -9.5712E-07 -2.7458E-05
  1.6495E-06  1.3876E-04 -1.4407E-06 -4.1330E-05
  2.2069E-06  1.7345E-04 -1.9276E-06 -5.5298E-05
  2.7683E-06  2.0632E-04 -2.4179E-06 -6.9364E-05
  3.3335E-06  2.3788E-04 -2.9115E-06 -8.3527E-05
  3.9027E-06  2.6842E-04 -3.4087E-06 -9.7788E-05
  4.4758E-06  2.9812E-04 -3.9092E-06 -1.1215E-04
  5.0529E-06  3.2715E-04 -4.4133E-06 -1.2661E-04
  5.6340E-06  3.5560E-04 -4.9208E-06 -1.4117E-04
  6.2192E-06  3.8355E-04 -5.4319E-06 -1.5583E-04
  6.8084E-06  4.1109E-04 -5.9465E-06 -1.7059E-04
  7.4017E-06  4.3825E-04 -6.4647E-06 -1.8546E-04
  7.9991E-06  4.6509E-04 -6.9865E-06 -2.0043E-04
  8.6007E-06  4.9164E-04 -7.5119E-06 -2.1550E-04
  9.2064E-06  5.1794E-04 -8.0410E-06 -2.3068E-04
  9.8164E-06  5.4401E-04 -8.5737E-06 -2.4596E-04
  1.0431E-05  5.6988E-04 -9.1102E-06 -2.6135E-04
  1.1049E-05  5.9556E-04 -9.6503E-06 -2.7685E-04
  1.1672E-05  6.2109E-04 -1.0194E-05 -2.9245E-04
  1.2299E-05  6.4647E-04 -1.0742E-05 -3.0817E-04
  1.2930E-05  6.7171E-04 -1.1293E-05 -3.2399E-04
  1.3566E-05  6.9684E-04 -1.1849E-05 -3.3992E-04
  1.4206E-05  7.2187E-04 -1.2408E-05 -3.5596E-04
  1.4851E-05  7.4679E-04 -1.2971E-05 -3.7211E-04
  1.5500E-05  7.7164E-04 -1.3538E-05 -3.8838E-04
  1.6154E-05  7.9641E-04 -1.4109E-05 -4.0476E-04
  1.6812E-05  8.2111E-04 -1.4684E-05 -4.2125E-04
  1.7475E-05  8.4575E-04 -1.5263E-05 -4.3786E-04
  1.8142E-05  8.7034E-04 -1.5845E-05 -4.5458E-04
  1.8814E-05  8.9488E-04 -1.6432E-05 -4.7142E-04
  1.9491E-05  9.1938E-04 -1.7023E-05 -4.8837E-04
  2.0172E-05  9.4385E-04 -1.7619E-05 -5.0544E-04
  2.0858E-05  9.6829E-04 -1.8218E-05 -5.2263E-04
  2.1549E-05  9.9271E-04 -1.8821E-05 -5.3994E-04
  2.2245E-05  1.0171E-03 -1.9429E-05 -5.5738E-04
  2.2945E-05  1.0415E-03 -2.0041E-05 -5.7493E-04
  2.3651E-05  1.0659E-03 -2.0657E-05 -5.9260E-04
  2.4361E-05  1.0902E-03 -2.1277E-05 -6.1040E-04
  2.5076E-05  1.1146E-03 -2.1902E-05 -6.2832E-04
  2.5796E-05  1.1390E-03 -2.2531E-05 -6.4636E-04
  2.6521E-05  1.1633E-03 -2.3164E-05 -6.6453E-04
  2.7251E-05  1.1877E-03 -2.3802E-05 -6.8283E-04
  2.7987E-05  1.2121E-03 -2.4444E-05 -7.0125E-04
  2.8727E-05  1.2365E-03 -2.5090E-05 -7.1980E-04
  2.9473E-05  1.2609E-03 -2.5742E-05 -7.3848E-04
  3.0223E-05  1.2854E-03 -2.6397E-05 -7.5729E-04
  3.0979E-05  1.3099E-03 -2.7057E-05 -7.7623E-04
  3.1740E-05  1.3343E-03 -2.7722E-05 -7.9530E-04
  3.2507E-05  1.3589E-03 -2.8392E-05 -8.1450E-04
  3.3278E-05  1.3834E-03 -2.9066E-05 -8.3384E-04
  3.4056E-05  1.4080E-03 -2.9744E-05 -8.5331E-04
  3.4838E-05  1.4326E-03 -3.0428E-05 -8.7292E-04
  3.5626E-05  1.4573E-03 -3.1116E-05 -8.9266E-04
  3.6419E-05  1.4819E-03 -3.1809E-05 -9.1254E-04
  3.7218E-05  1.5067E-03 -3.2507E-05 -9.3256E-04
  3.8023E-05  1.5314E-03 -3.3209E-05 -9.5272E-04
  3.8833E-05  1.5562E-03 -3.3917E-05 -9.7301E-04
  3.9648E-05  1.5811E-03 -3.4629E-05 -9.9345E-04
  4.0470E-05  1.6060E-03 -3.5347E-05 -1.0140E-03
  4.1297E-05  1.6310E-03 -3.6069E-05 -1.0348E-03
  4.2130E-05  1.6560E-03 -3.6796E-05 -1.0556E-03
  4.2968E-05  1.6810E-03 -3.7529E-05 -1.0766E-03
  4.3813E-05  1.7061E-03 -3.8266E-05 -1.0978E-03
  4.4663E-05  1.7313E-03 -3.9009E-05 -1.1191E-03
  4.5519E-05  1.7565E-03 -3.9757E-05 -1.1405E-03
  4.6381E-05  1.7818E-03 -4.0510E-05 -1.1621E-03
  4.7249E-05  1.8071E-03 -4.1268E-05 -1.1839E-03
  4.8123E-05  1.8325E-03 -4.2031E-05 -1.2058E-03
  4.9003E-05  1.8580E-03 -4.2800E-05 -1.2279E-03
  4.9890E-05  1.8835E-03 -4.3574E-05 -1.2501E-03
  5.0782E-05  1.9091E-03 -4.4354E-05 -1.2724E-03
  5.1681E-05  1.9348E-03 -4.5139E-05 -1.2949E-03
  5.2586E-05  1.9605E-03 -4.5929E-05 -1.3176E-03
  5.3497E-05  1.9863E-03 -4.6725E-05 -1.3404E-03
  5.4414E-05  2.0122E-03 -4.7526E-05 -1.3634E-03
  5.5338E-05  2.0381E-03 -4.8333E-05 -1.3866E-03
  5.6269E-05  2.0641E-03 -4.9145E-05 -1.4099E-03
  5.7205E-05  2.0902E-03 -4.9964E-05 -1.4334E-03
  5.8149E-05  2.1163E-03 -5.0787E-05 -1.4570E-03
  5.9098E-05  2.1426E-03 -5.1617E-05 -1.4808E-03
  6.0055E-05  2.1689E-03 -5.2452E-05 -1.5048E-03
  6.1018E-05  2.1953E-03 -5.3293E-05 -1.5289E-03
  6.1987E-05  2.2217E-03 -5.4140E-05 -1.5532E-03
  6.2964E-05  2.2483E-03 -5.4993E-05 -1.5777E-03
  6.3947E-05  2.2749E-03 -5.5852E-05 -1.6023E-03
  6.4937E-05  2.3016E-03 -5.6717E-05 -1.6271E-03
  6.5934E-05  2.3284E-03 -5.7588E-05 -1.6521E-03
  6.6938E-05  2.3553E-03 -5.8464E-05 -1.6772E-03
  6.7949E-05  2.3822E-03 -5.9347E-05 -1.7026E-03
  6.8967E-05  2.4093E-03 -6.0236E-05 -1.7281E-03
  6.9992E-05  2.4364E-03 -6.1131E-05 -1.7537E-03
  7.1024E-05  2.4636E-03 -6.2033E-05 -1.7796E-03
  7.2063E-05  2.4909E-03 -6.2940E-05 -1.8056E-03
  7.3109E-05  2.5183E-03 -6.3854E-05 -1.8319E-03
  7.4163E-05  2.5458E-03 -6.4775E-05 -1.8583E-03
  7.5224E-05  2.5734E-03 -6.5701E-05 -1.8849E-03
  7.6292E-05  2.6010E-03 -6.6634E-05 -1.9116E-03
  7.7368E-05  2.6288E-03 -6.7574E-05 -1.9386E-03
  7.8451E-05  2.6567E-03 -6.8520E-05 -1.9657E-03
  7.9542E-05  2.6846E-03 -6.9473E-05 -1.9930E-03
  8.0640E-05  2.7127E-03 -7.0432E-05 -2.0206E-03
  8.1746E-05  2.7408E-03 -7.1398E-05 -2.0483E-03
  8.2860E-05  2.7691E-03 -7.2371E-05 -2.0762E-03
  8.3981E-05  2.7974E-03 -7.3350E-05 -2.1043E-03
  8.5111E-05  2.8259E-03 -7.4336E-05 -2.1326E-03
  8.6248E-05  2.8544E-03 -7.5330E-05 -2.1611E-03
  8.7393E-05  2.8830E-03 -7.6330E-05 -2.1898E-03
  8.8545E-05  2.9118E-03 -7.7336E-05 -2.2186E-03
  8.9706E-05  2.9406E-03 -7.8350E-05 -2.2477E-03
  9.0875E-05  2.9696E-03 -7.9371E-05 -2.2770E-03
  9.2052E-05  2.9987E-03 -8.0399E-05 -2.3065E-03
  9.3237E-05  3.0278E-03 -8.1435E-05 -2.3362E-03
  9.4431E-05  3.0571E-03 -8.2477E-05 -2.3661E-03
  9.5633E-05  3.0865E-03 -8.3526E-05 -2.3962E-03
  9.6843E-05  3.1160E-03 -8.4583E-05 -2.4265E-03
  9.8061E-05  3.1455E-03 -8.5648E-05 -2.4571E-03
  9.9288E-05  3.1753E-03 -8.6719E-05 -2.4878E-03
  1.0052E-04  3.2051E-03 -8.7798E-05 -2.5188E-03
  1.0177E-04  3.2350E-03 -8.8885E-05 -2.5499E-03
  1.0302E-04  3.2650E-03 -8.9979E-05 -2.5813E-03
  1.0428E-04  3.2952E-03 -9.1081E-05 -2.6129E-03
  1.0555E-04  3.3255E-03 -9.2190E-05 -2.6448E-03
  1.0683E-04  3.3558E-03 -9.3307E-05 -2.6768E-03
  1.0812E-04  3.3863E-03 -9.4432E-05 -2.7091E-03
  1.0942E-04  3.4169E-03 -9.5564E-05 -2.7416E-03
  1.1072E-04  3.4477E-03 -9.6705E-05 -2.7743E-03
  1.1204E-04  3.4785E-03 -9.7853E-05 -2.8072E-03
  1.1336E-04  3.5095E-03 -9.9010E-05 -2.8404E-03
  1.1469E-04  3.5406E-03 -1.0017E-04 -2.8738E-03
  1.1604E-04  3.5718E-03 -1.0135E-04 -2.9075E-03
  1.1739E-04  3.6031E-03 -1.0253E-04 -2.9413E-03
  1.1875E-04  3.6346E-03 -1.0372E-04 -2.9754E-03
  1.2012E-04  3.6661E-03 -1.0491E-04 -3.0098E-03
  1.2150E-04  3.6978E-03 -1.0612E-04 -3.0444E-03
  1.2289E-04  3.7296E-03 -1.0733E-04 -3.0792E-03
  1.2429E-04  3.7616E-03 -1.0855E-04 -3.1142E-03
  1.2570E-04  3.7937E-03 -1.0979E-04 -3.1495E-03
  1.2712E-04  3.8259E-03 -1.1102E-04 -3.1851E-03
  1.2854E-04  3.8582E-03 -1.1227E-04 -3.2209E-03
  1.2998E-04  3.8906E-03 -1.1353E-04 -3.2569E-03
  1.3143E-04  3.9232E-03 -1.1479E-04 -3.2932E-03
  1.3289E-04  3.9559E-03 -1.1607E-04 -3.3298E-03
  1.3436E-04  3.9888E-03 -1.1735E-04 -3.3666E-03
  1.3584E-04  4.0217E-03 -1.1864E-04 -3.4036E-03
  1.3733E-04  4.0548E-03 -1.1994E-04 -3.4410E-03
  1.3883E-04  4.0881E-03 -1.2125E-04 -3.4785E-03
  1.4034E-04  4.1214E-03 -1.2257E-04 -3.5164E-03
  1.4186E-04  4.1549E-03 -1.2390E-04 -3.5545E-03
  1.4339E-04  4.1886E-03 -1.2524E-04 -3.5928E-03
  1.4493E-04  4.2224E-03 -1.2658E-04 -3.6315E-03
  1.4648E-04  4.2563E-03 -1.2794E-04 -3.6704E-03
  1.4805E-04  4.2903E-03 -1.2931E-04 -3.7095E-03
  1.4962E-04  4.3245E-03 -1.3068E-04 -3.7490E-03
  1.5121E-04  4.3588E-03 -1.3206E-04 -3.7887E-03
  1.5280E-04  4.3933E-03 -1.3346E-04 -3.8287E-03
  1.5441E-04  4.4279E-03 -1.3486E-04 -3.8689E-03
  1.5603E-04  4.4626E-03 -1.3628E-04 -3.9095E-03
  1.5766E-04  4.4975E-03 -1.3770E-04 -3.9503E-03
  1.5930E-04  4.5326E-03 -1.3913E-04 -3.9914E-03
  1.6095E-04  4.5677E-03 -1.4057E-04 -4.0328E-03
  1.6261E-04  4.6031E-03 -1.4203E-04 -4.0745E-03
  1.6429E-04  4.6385E-03 -1.4349E-04 -4.1165E-03
  1.6597E-04  4.6741E-03 -1.4496E-04 -4.1587E-03
  1.6767E-04  4.7099E-03 -1.4645E-04 -4.2013E-03
  1.6938E-04  4.7458E-03 -1.4794E-04 -4.2442E-03
  1.7111E-04  4.7819E-03 -1.4945E-04 -4.2873E-03
  1.7284E-04  4.8181E-03 -1.5096E-04 -4.3308E-03
  1.7459E-04  4.8544E-03 -1.5248E-04 -4.3745E-03
  1.7634E-04  4.8909E-03 -1.5402E-04 -4.4186E-03
  1.7811E-04  4.9276E-03 -1.5557E-04 -4.4629E-03
  1.7990E-04  4.9644E-03 -1.5712E-04 -4.5076E-03
  1.8169E-04  5.0013E-03 -1.5869E-04 -4.5526E-03
  1.8350E-04  5.0384E-03 -1.6027E-04 -4.5979E-03
  1.8532E-04  5.0757E-03 -1.6186E-04 -4.6435E-03
  1.8715E-04  5.1131E-03 -1.6346E-04 -4.6894E-03
  1.8900E-04  5.1507E-03 -1.6507E-04 -4.7357E-03
  1.9086E-04  5.1884E-03 -1.6670E-04 -4.7822E-03
  1.9273E-04  5.2263E-03 -1.6833E-04 -4.8291E-03
  1.9461E-04  5.2644E-03 -1.6998E-04 -4.8763E-03
  1.9651E-04  5.3026E-03 -1.7163E-04 -4.9239E-03
  1.9842E-04  5.3410E-03 -1.7330E-04 -4.9717E-03
  2.0034E-04  5.3795E-03 -1.7498E-04 -5.0199E-03
  2.0228E-04  5.4182E-03 -1.7667E-04 -5.0685E-03
  2.0423E-04  5.4570E-03 -1.7838E-04 -5.1174E-03
  2.0620E-04  5.4961E-03 -1.8009E-04 -5.1666E-03
  2.0817E-04  5.5352E-03 -1.8182E-04 -5.2161E-03
  2.1017E-04  5.5746E-03 -1.8356E-04 -5.2660E-03
  2.1217E-04  5.6141E-03 -1.8531E-04 -5.3163E-03
  2.1419E-04  5.6538E-03 -1.8708E-04 -5.3669E-03
  2.1622E-04  5.6936E-03 -1.8885E-04 -5.4178E-03
  2.1827E-04  5.7336E-03 -1.9064E-04 -5.4691E-03
  2.2033E-04  5.7738E-03 -1.9244E-04 -5.5208E-03
  2.2241E-04  5.8141E-03 -1.9425E-04 -5.5728E-03
  2.2450E-04  5.8547E-03 -1.9608E-04 -5.6252E-03
  2.2660E-04  5.8953E-03 -1.9792E-04 -5.6779E-03
  2.2872E-04  5.9362E-03 -1.9977E-04 -5.7310E-03
  2.3086E-04  5.9772E-03 -2.0163E-04 -5.7845E-03
  2.3301E-04  6.0184E-03 -2.0351E-04 -5.8384E-03
  2.3517E-04  6.0598E-03 -2.0540E-04 -5.8926E-03
  2.3735E-04  6.1014E-03 -2.0730E-04 -5.9472E-03
  2.3954E-04  6.1431E-03 -2.0922E-04 -6.0022E-03
  2.4175E-04  6.1850E-03 -2.1115E-04 -6.0575E-03
  2.4398E-04  6.2271E-03 -2.1309E-04 -6.1133E-03
  2.4622E-04  6.2693E-03 -2.1505E-04 -6.1694E-03
  2.4847E-04  6.3118E-03 -2.1702E-04 -6.2259E-03
  2.5075E-04  6.3544E-03 -2.1900E-04 -6.2828E-03
  2.5303E-04  6.3972E-03 -2.2100E-04 -6.3401E-03
  2.5534E-04  6.4402E-03 -2.2301E-04 -6.3978E-03
  2.5766E-04  6.4833E-03 -2.2504E-04 -6.4559E-03
  2.5999E-04  6.5267E-03 -2.2708E-04 -6.5145E-03
  2.6234E-04  6.5702E-03 -2.2913E-04 -6.5734E-03
  2.6471E-04  6.6139E-03 -2.3120E-04 -6.6327E-03
  2.6709E-04  6.6578E-03 -2.3328E-04 -6.6924E-03
  2.6949E-04  6.7019E-03 -2.3538E-04 -6.7526E-03
  2.7191E-04  6.7461E-03 -2.3749E-04 -6.8132E-03
  2.7435E-04  6.7906E-03 -2.3962E-04 -6.8741E-03
  2.7680E-04  6.8352E-03 -2.4176E-04 -6.9356E-03
  2.7926E-04  6.8801E-03 -2.4391E-04 -6.9974E-03
  2.8175E-04  6.9251E-03 -2.4608E-04 -7.0597E-03
  2.8425E-04  6.9703E-03 -2.4827E-04 -7.1224E-03
  2.8677E-04  7.0157E-03 -2.5047E-04 -7.1855E-03
  2.8931E-04  7.0613E-03 -2.5269E-04 -7.2491E-03
  2.9186E-04  7.1071E-03 -2.5492E-04 -7.3131E-03
  2.9444E-04  7.1530E-03 -2.5716E-04 -7.3776E-03
  2.9703E-04  7.1992E-03 -2.5943E-04 -7.4425E-03
  2.9964E-04  7.2456E-03 -2.6170E-04 -7.5078E-03
  3.0226E-04  7.2921E-03 -2.6400E-04 -7.5737E-03
  3.0491E-04  7.3389E-03 -2.6631E-04 -7.6399E-03
  3.0757E-04  7.3858E-03 -2.6864E-04 -7.7067E-03
  3.1025E-04  7.4330E-03 -2.7098E-04 -7.7739E-03
  3.1295E-04  7.4804E-03 -2.7334E-04 -7.8415E-03
  3.1567E-04  7.5279E-03 -2.7571E-04 -7.9096E-03
  3.1841E-04  7.5756E-03 -2.7810E-04 -7.9782E-03
  3.2117E-04  7.6236E-03 -2.8051E-04 -8.0473E-03
  3.2394E-04  7.6718E-03 -2.8294E-04 -8.1169E-03
  3.2674E-04  7.7201E-03 -2.8538E-04 -8.1869E-03
  3.2955E-04  7.7687E-03 -2.8784E-04 -8.2575E-03
  3.3239E-04  7.8174E-03 -2.9031E-04 -8.3285E-03
  3.3524E-04  7.8664E-03 -2.9280E-04 -8.4000E-03
  3.3812E-04  7.9156E-03 -2.9531E-04 -8.4720E-03
  3.4101E-04  7.9649E-03 -2.9784E-04 -8.5445E-03
  3.4392E-04  8.0145E-03 -3.0039E-04 -8.6175E-03
  3.4686E-04  8.0643E-03 -3.0295E-04 -8.6910E-03
  3.4981E-04  8.1143E-03 -3.0553E-04 -8.7651E-03
  3.5279E-04  8.1645E-03 -3.0813E-04 -8.8396E-03
  3.5578E-04  8.2150E-03 -3.1074E-04 -8.9147E-03
  3.5880E-04  8.2656E-03 -3.1338E-04 -8.9903E-03
  3.6184E-04  8.3164E-03 -3.1603E-04 -9.0664E-03
  3.6490E-04  8.3675E-03 -3.1870E-04 -9.1430E-03
  3.6798E-04  8.4187E-03 -3.2139E-04 -9.2202E-03
  3.7108E-04  8.4702E-03 -3.2410E-04 -9.2979E-03
  3.7420E-04  8.5219E-03 -3.2683E-04 -9.3761E-03
  3.7734E-04  8.5738E-03 -3.2958E-04 -9.4549E-03
  3.8051E-04  8.6260E-03 -3.3234E-04 -9.5343E-03
  3.8370E-04  8.6783E-03 -3.3513E-04 -9.6141E-03
  3.8691E-04  8.7309E-03 -3.3793E-04 -9.6946E-03
  3.9014E-04  8.7836E-03 -3.4075E-04 -9.7756E-03
  3.9340E-04  8.8366E-03 -3.4360E-04 -9.8571E-03
  3.9667E-04  8.8899E-03 -3.4646E-04 -9.9393E-03
  3.9997E-04  8.9433E-03 -3.4934E-04 -1.0022E-02
  4.0330E-04  8.9970E-03 -3.5224E-04 -1.0105E-02
  4.0664E-04  9.0508E-03 -3.5517E-04 -1.0189E-02
  4.1001E-04  9.1049E-03 -3.5811E-04 -1.0274E-02
  4.1341E-04  9.1593E-03 -3.6107E-04 -1.0359E-02
  4.1682E-04  9.2138E-03 -3.6406E-04 -1.0444E-02
  4.2026E-04  9.2686E-03 -3.6706E-04 -1.0530E-02
  4.2373E-04  9.3236E-03 -3.7009E-04 -1.0617E-02
  4.2722E-04  9.3788E-03 -3.7313E-04 -1.0705E-02
  4.3073E-04  9.4343E-03 -3.7620E-04 -1.0793E-02
  4.3427E-04  9.4899E-03 -3.7929E-04 -1.0881E-02
  4.3783E-04  9.5458E-03 -3.8240E-04 -1.0970E-02
  4.4141E-04  9.6020E-03 -3.8553E-04 -1.1060E-02
  4.4502E-04  9.6583E-03 -3.8869E-04 -1.1151E-02
  4.4866E-04  9.7149E-03 -3.9186E-04 -1.1242E-02
  4.5232E-04  9.7718E-03 -3.9506E-04 -1.1334E-02
  4.5601E-04  9.8288E-03 -3.9828E-04 -1.1426E-02
  4.5972E-04  9.8861E-03 -4.0153E-04 -1.1519E-02
  4.6346E-04  9.9436E-03 -4.0479E-04 -1.1613E-02
  4.6722E-04  1.0001E-02 -4.0808E-04 -1.1707E-02
  4.7101E-04  1.0059E-02 -4.1139E-04 -1.1802E-02
  4.7483E-04  1.0118E-02 -4.1472E-04 -1.1898E-02
  4.7867E-04  1.0176E-02 -4.1808E-04 -1.1994E-02
  4.8254E-04  1.0235E-02 -4.2146E-04 -1.2091E-02
  4.8644E-04  1.0294E-02 -4.2486E-04 -1.2189E-02
  4.9036E-04  1.0353E-02 -4.2829E-04 -1.2287E-02
  4.9432E-04  1.0412E-02 -4.3174E-04 -1.2386E-02
  4.9829E-04  1.0472E-02 -4.3521E-04 -1.2486E-02
  5.0230E-04  1.0532E-02 -4.3871E-04 -1.2586E-02
  5.0633E-04  1.0592E-02 -4.4224E-04 -1.2687E-02
  5.1040E-04  1.0652E-02 -4.4578E-04 -1.2789E-02
  5.1449E-04  1.0713E-02 -4.4936E-04 -1.2891E-02
  5.1860E-04  1.0774E-02 -4.5295E-04 -1.2994E-02
  5.2275E-04  1.0835E-02 -4.5658E-04 -1.3098E-02
  5.2693E-04  1.0896E-02 -4.6022E-04 -1.3203E-02
  5.3113E-04  1.0958E-02 -4.6390E-04 -1.3308E-02
  5.3537E-04  1.1020E-02 -4.6759E-04 -1.3414E-02
  5.3963E-04  1.1082E-02 -4.7132E-04 -1.3521E-02
  5.4392E-04  1.1144E-02 -4.7507E-04 -1.3629E-02
  5.4825E-04  1.1206E-02 -4.7884E-04 -1.3737E-02
  5.5260E-04  1.1269E-02 -4.8265E-04 -1.3846E-02
  5.5698E-04  1.1332E-02 -4.8647E-04 -1.3956E-02
  5.6140E-04  1.1396E-02 -4.9033E-04 -1.4067E-02
  5.6584E-04  1.1459E-02 -4.9421E-04 -1.4178E-02
  5.7032E-04  1.1523E-02 -4.9812E-04 -1.4290E-02
  5.7482E-04  1.1587E-02 -5.0205E-04 -1.4403E-02
  5.7936E-04  1.1651E-02 -5.0602E-04 -1.4517E-02
  5.8393E-04  1.1716E-02 -5.1001E-04 -1.4631E-02
  5.8853E-04  1.1780E-02 -5.1403E-04 -1.4746E-02
  5.9316E-04  1.1846E-02 -5.1807E-04 -1.4863E-02
  5.9783E-04  1.1911E-02 -5.2215E-04 -1.4979E-02
  6.0252E-04  1.1976E-02 -5.2625E-04 -1.5097E-02
  6.0725E-04  1.2042E-02 -5.3038E-04 -1.5216E-02
  6.1202E-04  1.2108E-02 -5.3454E-04 -1.5335E-02
  6.1681E-04  1.2174E-02 -5.3873E-04 -1.5455E-02
  6.2164E-04  1.2241E-02 -5.4295E-04 -1.5576E-02
  6.2650E-04  1.2308E-02 -5.4719E-04 -1.5698E-02
  6.3140E-04  1.2375E-02 -5.5147E-04 -1.5821E-02
  6.3633E-04  1.2442E-02 -5.5578E-04 -1.5944E-02
  6.4129E-04  1.2510E-02 -5.6011E-04 -1.6069E-02
  6.4629E-04  1.2578E-02 -5.6448E-04 -1.6194E-02
  6.5133E-04  1.2646E-02 -5.6888E-04 -1.6320E-02
  6.5640E-04  1.2714E-02 -5.7330E-04 -1.6447E-02
  6.6150E-04  1.2782E-02 -5.7776E-04 -1.6575E-02
  6.6664E-04  1.2851E-02 -5.8225E-04 -1.6704E-02
  6.7181E-04  1.2920E-02 -5.8677E-04 -1.6833E-02
  6.7703E-04  1.2990E-02 -5.9132E-04 -1.6964E-02
  6.8227E-04  1.3059E-02 -5.9590E-04 -1.7095E-02
  6.8756E-04  1.3129E-02 -6.0052E-04 -1.7228E-02
  6.9288E-04  1.3199E-02 -6.0517E-04 -1.7361E-02
  6.9823E-04  1.3270E-02 -6.0984E-04 -1.7495E-02
  7.0363E-04  1.3340E-02 -6.1456E-04 -1.7630E-02
  7.0906E-04  1.3411E-02 -6.1930E-04 -1.7767E-02
  7.1453E-04  1.3482E-02 -6.2408E-04 -1.7904E-02
  7.2004E-04  1.3554E-02 -6.2889E-04 -1.8042E-02
  7.2558E-04  1.3626E-02 -6.3373E-04 -1.8181E-02
  7.3117E-04  1.3697E-02 -6.3861E-04 -1.8321E-02
  7.3679E-04  1.3770E-02 -6.4352E-04 -1.8461E-02
  7.4245E-04  1.3842E-02 -6.4847E-04 -1.8603E-02
  7.4815E-04  1.3915E-02 -6.5345E-04 -1.8746E-02
  7.5390E-04  1.3988E-02 -6.5846E-04 -1.8890E-02
  7.5968E-04  1.4061E-02 -6.6351E-04 -1.9035E-02
  7.6550E-04  1.4135E-02 -6.6859E-04 -1.9181E-02
  7.7136E-04  1.4208E-02 -6.7371E-04 -1.9328E-02
  7.7726E-04  1.4282E-02 -6.7887E-04 -1.9475E-02
  7.8320E-04  1.4357E-02 -6.8406E-04 -1.9624E-02
  7.8919E-04  1.4431E-02 -6.8928E-04 -1.9774E-02
  7.9521E-04  1.4506E-02 -6.9455E-04 -1.9925E-02
  8.0128E-04  1.4581E-02 -6.9985E-04 -2.0077E-02
  8.0739E-04  1.4656E-02 -7.0518E-04 -2.0230E-02
  8.1355E-04  1.4732E-02 -7.1056E-04 -2.0385E-02
  8.1974E-04  1.4808E-02 -7.1597E-04 -2.0540E-02
  8.2598E-04  1.4884E-02 -7.2142E-04 -2.0696E-02
  8.3226E-04  1.4960E-02 -7.2690E-04 -2.0854E-02
  8.3858E-04  1.5037E-02 -7.3243E-04 -2.1012E-02
  8.4495E-04  1.5114E-02 -7.3799E-04 -2.1172E-02
  8.5137E-04  1.5191E-02 -7.4359E-04 -2.1332E-02
  8.5782E-04  1.5268E-02 -7.4923E-04 -2.1494E-02
  8.6433E-04  1.5346E-02 -7.5491E-04 -2.1657E-02
  8.7088E-04  1.5424E-02 -7.6063E-04 -2.1821E-02
  8.7747E-04  1.5502E-02 -7.6639E-04 -2.1986E-02
  8.8411E-04  1.5581E-02 -7.7219E-04 -2.2153E-02
  8.9079E-04  1.5659E-02 -7.7803E-04 -2.2320E-02
  8.9752E-04  1.5738E-02 -7.8391E-04 -2.2489E-02
  9.0430E-04  1.5817E-02 -7.8983E-04 -2.2659E-02
  9.1113E-04  1.5897E-02 -7.9579E-04 -2.2830E-02
  9.1800E-04  1.5977E-02 -8.0179E-04 -2.3002E-02
  9.2492E-04  1.6057E-02 -8.0783E-04 -2.3175E-02
  9.3189E-04  1.6137E-02 -8.1392E-04 -2.3350E-02
  9.3891E-04  1.6217E-02 -8.2005E-04 -2.3526E-02
  9.4597E-04  1.6298E-02 -8.2622E-04 -2.3703E-02
  9.5309E-04  1.6379E-02 -8.3243E-04 -2.3881E-02
  9.6025E-04  1.6460E-02 -8.3869E-04 -2.4061E-02
  9.6746E-04  1.6542E-02 -8.4499E-04 -2.4241E-02
  9.7473E-04  1.6624E-02 -8.5134E-04 -2.4423E-02
  9.8204E-04  1.6706E-02 -8.5773E-04 -2.4607E-02
  9.8941E-04  1.6788E-02 -8.6416E-04 -2.4791E-02
  9.9682E-04  1.6871E-02 -8.7064E-04 -2.4977E-02
  1.0043E-03  1.6954E-02 -8.7716E-04 -2.5164E-02
  1.0118E-03  1.7037E-02 -8.8373E-04 -2.5352E-02
  1.0194E-03  1.7120E-02 -8.9034E-04 -2.5542E-02
  1.0270E-03  1.7203E-02 -8.9700E-04 -2.5733E-02
  1.0347E-03  1.7287E-02 -9.0370E-04 -2.5926E-02
  1.0424E-03  1.7371E-02 -9.1046E-04 -2.6119E-02
  1.0502E-03  1.7456E-02 -9.1725E-04 -2.6314E-02
  1.0580E-03  1.7540E-02 -9.2410E-04 -2.6511E-02
  1.0659E-03  1.7625E-02 -9.3099E-04 -2.6709E-02
  1.0739E-03  1.7710E-02 -9.3794E-04 -2.6908E-02
  1.0819E-03  1.7795E-02 -9.4493E-04 -2.7108E-02
  1.0899E-03  1.7881E-02 -9.5196E-04 -2.7310E-02
  1.0981E-03  1.7967E-02 -9.5905E-04 -2.7513E-02
  1.1062E-03  1.8053E-02 -9.6619E-04 -2.7718E-02
  1.1145E-03  1.8139E-02 -9.7337E-04 -2.7924E-02
  1.1227E-03  1.8226E-02 -9.8061E-04 -2.8132E-02
  1.1311E-03  1.8312E-02 -9.8790E-04 -2.8341E-02
  1.1395E-03  1.8399E-02 -9.9523E-04 -2.8551E-02
  1.1479E-03  1.8487E-02 -1.0026E-03 -2.8763E-02
  1.1565E-03  1.8574E-02 -1.0101E-03 -2.8977E-02
  1.1650E-03  1.8662E-02 -1.0175E-03 -2.9192E-02
  1.1737E-03  1.8750E-02 -1.0251E-03 -2.9408E-02
  1.1824E-03  1.8838E-02 -1.0327E-03 -2.9626E-02
  1.1911E-03  1.8926E-02 -1.0403E-03 -2.9845E-02
  1.1999E-03  1.9015E-02 -1.0480E-03 -3.0066E-02
  1.2088E-03  1.9104E-02 -1.0558E-03 -3.0289E-02
  1.2178E-03  1.9193E-02 -1.0636E-03 -3.0513E-02
  1.2268E-03  1.9282E-02 -1.0715E-03 -3.0738E-02
  1.2358E-03  1.9372E-02 -1.0794E-03 -3.0965E-02
  1.2449E-03  1.9462E-02 -1.0873E-03 -3.1194E-02
  1.2541E-03  1.9552E-02 -1.0954E-03 -3.1424E-02
  1.2634E-03  1.9642E-02 -1.1035E-03 -3.1656E-02
  1.2727E-03  1.9732E-02 -1.1116E-03 -3.1890E-02
  1.2821E-03  1.9823E-02 -1.1198E-03 -3.2125E-02
  1.2915E-03  1.9914E-02 -1.1280E-03 -3.2362E-02
  1.3011E-03  2.0005E-02 -1.1364E-03 -3.2600E-02
  1.3106E-03  2.0096E-02 -1.1447E-03 -3.2840E-02
  1.3203E-03  2.0188E-02 -1.1531E-03 -3.3082E-02
  1.3300E-03  2.0280E-02 -1.1616E-03 -3.3325E-02
  1.3398E-03  2.0372E-02 -1.1702E-03 -3.3570E-02
  1.3496E-03  2.0464E-02 -1.1788E-03 -3.3817E-02
  1.3595E-03  2.0556E-02 -1.1874E-03 -3.4065E-02
  1.3695E-03  2.0649E-02 -1.1962E-03 -3.4316E-02
  1.3796E-03  2.0741E-02 -1.2049E-03 -3.4568E-02
  1.3897E-03  2.0834E-02 -1.2138E-03 -3.4821E-02
  1.3999E-03  2.0927E-02 -1.2227E-03 -3.5077E-02
  1.4102E-03  2.1021E-02 -1.2317E-03 -3.5334E-02
  1.4205E-03  2.1114E-02 -1.2407E-03 -3.5593E-02
  1.4309E-03  2.1208E-02 -1.2498E-03 -3.5854E-02
  1.4414E-03  2.1302E-02 -1.2589E-03 -3.6117E-02
  1.4520E-03  2.1396E-02 -1.2682E-03 -3.6381E-02
  1.4626E-03  2.1490E-02 -1.2774E-03 -3.6647E-02
  1.4733E-03  2.1585E-02 -1.2868E-03 -3.6916E-02
  1.4841E-03  2.1680E-02 -1.2962E-03 -3.7186E-02
  1.4949E-03  2.1774E-02 -1.3057E-03 -3.7457E-02
  1.5058E-03  2.1869E-02 -1.3152E-03 -3.7731E-02
  1.5168E-03  2.1965E-02 -1.3248E-03 -3.8007E-02
  1.5279E-03  2.2060E-02 -1.3345E-03 -3.8284E-02
  1.5391E-03  2.2155E-02 -1.3442E-03 -3.8564E-02
  1.5503E-03  2.2251E-02 -1.3541E-03 -3.8845E-02
  1.5616E-03  2.2347E-02 -1.3639E-03 -3.9129E-02
  1.5730E-03  2.2443E-02 -1.3739E-03 -3.9414E-02
  1.5845E-03  2.2539E-02 -1.3839E-03 -3.9702E-02
  1.5960E-03  2.2635E-02 -1.3940E-03 -3.9991E-02
  1.6077E-03  2.2732E-02 -1.4041E-03 -4.0282E-02
  1.6194E-03  2.2828E-02 -1.4144E-03 -4.0576E-02
  1.6312E-03  2.2925E-02 -1.4247E-03 -4.0871E-02
  1.6430E-03  2.3022E-02 -1.4350E-03 -4.1169E-02
  1.6550E-03  2.3119E-02 -1.4455E-03 -4.1468E-02
  1.6670E-03  2.3216E-02 -1.4560E-03 -4.1770E-02
  1.6792E-03  2.3313E-02 -1.4666E-03 -4.2074E-02
  1.6914E-03  2.3411E-02 -1.4772E-03 -4.2379E-02
  1.7036E-03  2.3508E-02 -1.4880E-03 -4.2687E-02
  1.7160E-03  2.3606E-02 -1.4988E-03 -4.2997E-02
  1.7285E-03  2.3704E-02 -1.5097E-03 -4.3310E-02
  1.7410E-03  2.3802E-02 -1.5206E-03 -4.3624E-02
  1.7537E-03  2.3900E-02 -1.5317E-03 -4.3941E-02
  1.7664E-03  2.3998E-02 -1.5428E-03 -4.4259E-02
  1.7792E-03  2.4096E-02 -1.5540E-03 -4.4580E-02
  1.7921E-03  2.4194E-02 -1.5652E-03 -4.4904E-02
  1.8051E-03  2.4292E-02 -1.5766E-03 -4.5229E-02
  1.8182E-03  2.4391E-02 -1.5880E-03 -4.5557E-02
  1.8313E-03  2.4489E-02 -1.5995E-03 -4.5887E-02
  1.8446E-03  2.4588E-02 -1.6111E-03 -4.6219E-02
  1.8580E-03  2.4687E-02 -1.6228E-03 -4.6554E-02
  1.8714E-03  2.4786E-02 -1.6345E-03 -4.6891E-02
  1.8850E-03  2.4884E-02 -1.6463E-03 -4.7230E-02
  1.8986E-03  2.4983E-02 -1.6582E-03 -4.7572E-02
  1.9123E-03  2.5082E-02 -1.6702E-03 -4.7916E-02
  1.9261E-03  2.5181E-02 -1.6823E-03 -4.8262E-02
  1.9401E-03  2.5281E-02 -1.6945E-03 -4.8611E-02
  1.9541E-03  2.5380E-02 -1.7067E-03 -4.8962E-02
  1.9682E-03  2.5479E-02 -1.7190E-03 -4.9316E-02
  1.9824E-03  2.5578E-02 -1.7314E-03 -4.9672E-02
  1.9967E-03  2.5677E-02 -1.7439E-03 -5.0031E-02
  2.0111E-03  2.5777E-02 -1.7565E-03 -5.0392E-02
  2.0256E-03  2.5876E-02 -1.7692E-03 -5.0755E-02
  2.0403E-03  2.5975E-02 -1.7820E-03 -5.1121E-02
  2.0550E-03  2.6075E-02 -1.7948E-03 -5.1490E-02
  2.0698E-03  2.6174E-02 -1.8078E-03 -5.1861E-02
  2.0847E-03  2.6273E-02 -1.8208E-03 -5.2235E-02
  2.0997E-03  2.6373E-02 -1.8339E-03 -5.2611E-02
  2.1148E-03  2.6472E-02 -1.8471E-03 -5.2990E-02
  2.1301E-03  2.6571E-02 -1.8604E-03 -5.3372E-02
  2.1454E-03  2.6670E-02 -1.8738E-03 -5.3756E-02
  2.1609E-03  2.6770E-02 -1.8873E-03 -5.4143E-02
  2.1764E-03  2.6869E-02 -1.9009E-03 -5.4533E-02
  2.1921E-03  2.6968E-02 -1.9146E-03 -5.4925E-02
  2.2078E-03  2.7067E-02 -1.9283E-03 -5.5320E-02
  2.2237E-03  2.7166E-02 -1.9422E-03 -5.5718E-02
  2.2397E-03  2.7265E-02 -1.9562E-03 -5.6119E-02
  2.2558E-03  2.7364E-02 -1.9702E-03 -5.6522E-02
  2.2720E-03  2.7463E-02 -1.9844E-03 -5.6928E-02
  2.2883E-03  2.7562E-02 -1.9986E-03 -5.7337E-02
  2.3048E-03  2.7661E-02 -2.0130E-03 -5.7749E-02
  2.3213E-03  2.7760E-02 -2.0275E-03 -5.8164E-02
  2.3380E-03  2.7858E-02 -2.0420E-03 -5.8581E-02
  2.3548E-03  2.7957E-02 -2.0567E-03 -5.9002E-02
  2.3717E-03  2.8055E-02 -2.0714E-03 -5.9425E-02
  2.3887E-03  2.8153E-02 -2.0863E-03 -5.9851E-02
  2.4058E-03  2.8251E-02 -2.1012E-03 -6.0281E-02
  2.4231E-03  2.8349E-02 -2.1163E-03 -6.0713E-02
  2.4404E-03  2.8447E-02 -2.1315E-03 -6.1148E-02
  2.4579E-03  2.8545E-02 -2.1468E-03 -6.1586E-02
  2.4755E-03  2.8643E-02 -2.1621E-03 -6.2028E-02
  2.4933E-03  2.8740E-02 -2.1776E-03 -6.2472E-02
  2.5111E-03  2.8837E-02 -2.1932E-03 -6.2920E-02
  2.5291E-03  2.8934E-02 -2.2089E-03 -6.3370E-02
  2.5472E-03  2.9031E-02 -2.2248E-03 -6.3824E-02
  2.5654E-03  2.9128E-02 -2.2407E-03 -6.4281E-02
  2.5838E-03  2.9224E-02 -2.2567E-03 -6.4741E-02
  2.6023E-03  2.9321E-02 -2.2729E-03 -6.5204E-02
  2.6209E-03  2.9417E-02 -2.2891E-03 -6.5670E-02
  2.6397E-03  2.9513E-02 -2.3055E-03 -6.6140E-02
  2.6585E-03  2.9608E-02 -2.3220E-03 -6.6613E-02
  2.6775E-03  2.9704E-02 -2.3386E-03 -6.7089E-02
  2.6967E-03  2.9799E-02 -2.3553E-03 -6.7569E-02
  2.7159E-03  2.9894E-02 -2.3721E-03 -6.8052E-02
  2.7354E-03  2.9988E-02 -2.3891E-03 -6.8538E-02
  2.7549E-03  3.0083E-02 -2.4061E-03 -6.9027E-02
  2.7746E-03  3.0177E-02 -2.4233E-03 -6.9520E-02
  2.7944E-03  3.0271E-02 -2.4406E-03 -7.0017E-02
  2.8143E-03  3.0364E-02 -2.4581E-03 -7.0517E-02
  2.8344E-03  3.0457E-02 -2.4756E-03 -7.1020E-02
  2.8546E-03  3.0550E-02 -2.4933E-03 -7.1527E-02
  2.8750E-03  3.0643E-02 -2.5111E-03 -7.2037E-02
  2.8955E-03  3.0735E-02 -2.5290E-03 -7.2551E-02
  2.9162E-03  3.0827E-02 -2.5470E-03 -7.3068E-02
  2.9370E-03  3.0918E-02 -2.5652E-03 -7.3590E-02
  2.9579E-03  3.1009E-02 -2.5835E-03 -7.4114E-02
  2.9790E-03  3.1100E-02 -2.6019E-03 -7.4642E-02
  3.0002E-03  3.1190E-02 -2.6204E-03 -7.5174E-02
  3.0216E-03  3.1280E-02 -2.6391E-03 -7.5710E-02
  3.0431E-03  3.1370E-02 -2.6579E-03 -7.6249E-02
  3.0648E-03  3.1459E-02 -2.6768E-03 -7.6793E-02
  3.0866E-03  3.1547E-02 -2.6959E-03 -7.7340E-02
  3.1086E-03  3.1636E-02 -2.7151E-03 -7.7890E-02
  3.1308E-03  3.1723E-02 -2.7344E-03 -7.8445E-02
  3.1530E-03  3.1811E-02 -2.7539E-03 -7.9003E-02
  3.1755E-03  3.1898E-02 -2.7735E-03 -7.9565E-02
  3.1981E-03  3.1984E-02 -2.7932E-03 -8.0132E-02
  3.2208E-03  3.2070E-02 -2.8131E-03 -8.0702E-02
  3.2437E-03  3.2155E-02 -2.8331E-03 -8.1276E-02
  3.2668E-03  3.2240E-02 -2.8532E-03 -8.1854E-02
  3.2900E-03  3.2324E-02 -2.8735E-03 -8.2436E-02
  3.3134E-03  3.2408E-02 -2.8940E-03 -8.3022E-02
  3.3370E-03  3.2491E-02 -2.9145E-03 -8.3612E-02
  3.3607E-03  3.2574E-02 -2.9352E-03 -8.4206E-02
  3.3846E-03  3.2656E-02 -2.9561E-03 -8.4805E-02
  3.4086E-03  3.2737E-02 -2.9771E-03 -8.5407E-02
  3.4328E-03  3.2818E-02 -2.9983E-03 -8.6014E-02
  3.4572E-03  3.2898E-02 -3.0196E-03 -8.6625E-02
  3.4818E-03  3.2978E-02 -3.0410E-03 -8.7240E-02
  3.5065E-03  3.3057E-02 -3.0626E-03 -8.7859E-02
  3.5314E-03  3.3135E-02 -3.0843E-03 -8.8483E-02
  3.5565E-03  3.3213E-02 -3.1062E-03 -8.9111E-02
  3.5817E-03  3.3290E-02 -3.1283E-03 -8.9744E-02
  3.6071E-03  3.3366E-02 -3.1505E-03 -9.0380E-02
  3.6327E-03  3.3441E-02 -3.1728E-03 -9.1022E-02
  3.6585E-03  3.3516E-02 -3.1953E-03 -9.1667E-02
  3.6844E-03  3.3590E-02 -3.2180E-03 -9.2318E-02
  3.7106E-03  3.3663E-02 -3.2408E-03 -9.2972E-02
  3.7369E-03  3.3736E-02 -3.2638E-03 -9.3631E-02
  3.7634E-03  3.3808E-02 -3.2869E-03 -9.4295E-02
  3.7901E-03  3.3879E-02 -3.3102E-03 -9.4964E-02
  3.8169E-03  3.3949E-02 -3.3337E-03 -9.5637E-02
  3.8440E-03  3.4018E-02 -3.3573E-03 -9.6315E-02
  3.8712E-03  3.4086E-02 -3.3811E-03 -9.6997E-02
  3.8986E-03  3.4154E-02 -3.4051E-03 -9.7684E-02
  3.9262E-03  3.4221E-02 -3.4292E-03 -9.8376E-02
  3.9541E-03  3.4287E-02 -3.4535E-03 -9.9073E-02
  3.9821E-03  3.4352E-02 -3.4779E-03 -9.9774E-02
  4.0103E-03  3.4416E-02 -3.5026E-03 -1.0048E-01
  4.0386E-03  3.4479E-02 -3.5274E-03 -1.0119E-01
  4.0672E-03  3.4541E-02 -3.5523E-03 -1.0191E-01
  4.0960E-03  3.4602E-02 -3.5775E-03 -1.0263E-01
  4.1250E-03  3.4662E-02 -3.6028E-03 -1.0336E-01
  4.1542E-03  3.4721E-02 -3.6283E-03 -1.0409E-01
  4.1836E-03  3.4779E-02 -3.6540E-03 -1.0482E-01
  4.2132E-03  3.4837E-02 -3.6798E-03 -1.0557E-01
  4.2430E-03  3.4893E-02 -3.7058E-03 -1.0631E-01
  4.2730E-03  3.4948E-02 -3.7320E-03 -1.0706E-01
  4.3032E-03  3.5002E-02 -3.7584E-03 -1.0782E-01
  4.3336E-03  3.5055E-02 -3.7850E-03 -1.0858E-01
  4.3643E-03  3.5106E-02 -3.8118E-03 -1.0935E-01
  4.3951E-03  3.5157E-02 -3.8387E-03 -1.1012E-01
  4.4262E-03  3.5206E-02 -3.8658E-03 -1.1090E-01
  4.4575E-03  3.5255E-02 -3.8932E-03 -1.1169E-01
  4.4890E-03  3.5302E-02 -3.9207E-03 -1.1248E-01
  4.5207E-03  3.5348E-02 -3.9484E-03 -1.1327E-01
  4.5526E-03  3.5392E-02 -3.9763E-03 -1.1407E-01
  4.5848E-03  3.5436E-02 -4.0044E-03 -1.1488E-01
  4.6172E-03  3.5478E-02 -4.0326E-03 -1.1569E-01
  4.6498E-03  3.5519E-02 -4.0611E-03 -1.1650E-01
  4.6826E-03  3.5558E-02 -4.0898E-03 -1.1733E-01
  4.7157E-03  3.5597E-02 -4.1187E-03 -1.1815E-01
  4.7490E-03  3.5634E-02 -4.1477E-03 -1.1899E-01
  4.7825E-03  3.5669E-02 -4.1770E-03 -1.1983E-01
  4.8162E-03  3.5703E-02 -4.2065E-03 -1.2067E-01
  4.8502E-03  3.5736E-02 -4.2362E-03 -1.2153E-01
  4.8845E-03  3.5768E-02 -4.2661E-03 -1.2238E-01
  4.9189E-03  3.5798E-02 -4.2962E-03 -1.2325E-01
  4.9536E-03  3.5826E-02 -4.3265E-03 -1.2412E-01
  4.9886E-03  3.5853E-02 -4.3570E-03 -1.2499E-01
  5.0237E-03  3.5879E-02 -4.3877E-03 -1.2587E-01
  5.0592E-03  3.5903E-02 -4.4187E-03 -1.2676E-01
  5.0949E-03  3.5925E-02 -4.4498E-03 -1.2765E-01
  5.1308E-03  3.5946E-02 -4.4812E-03 -1.2855E-01
  5.1670E-03  3.5966E-02 -4.5128E-03 -1.2946E-01
  5.2034E-03  3.5983E-02 -4.5446E-03 -1.3037E-01
  5.2401E-03  3.6000E-02 -4.5766E-03 -1.3129E-01
  5.2770E-03  3.6014E-02 -4.6089E-03 -1.3222E-01
  5.3142E-03  3.6027E-02 -4.6414E-03 -1.3315E-01
  5.3516E-03  3.6038E-02 -4.6741E-03 -1.3409E-01
  5.3893E-03  3.6048E-02 -4.7070E-03 -1.3503E-01
  5.4273E-03  3.6056E-02 -4.7402E-03 -1.3598E-01
  5.4655E-03  3.6062E-02 -4.7736E-03 -1.3694E-01
  5.5040E-03  3.6066E-02 -4.8072E-03 -1.3791E-01
  5.5428E-03  3.6069E-02 -4.8410E-03 -1.3888E-01
  5.5818E-03  3.6069E-02 -4.8751E-03 -1.3986E-01
  5.6211E-03  3.6068E-02 -4.9095E-03 -1.4084E-01
  5.6607E-03  3.6065E-02 -4.9440E-03 -1.4183E-01
  5.7006E-03  3.6060E-02 -4.9788E-03 -1.4283E-01
  5.7407E-03  3.6054E-02 -5.0139E-03 -1.4384E-01
  5.7811E-03  3.6045E-02 -5.0492E-03 -1.4485E-01
  5.8218E-03  3.6035E-02 -5.0847E-03 -1.4587E-01
  5.8628E-03  3.6022E-02 -5.1205E-03 -1.4689E-01
  5.9040E-03  3.6007E-02 -5.1565E-03 -1.4793E-01
  5.9456E-03  3.5991E-02 -5.1928E-03 -1.4897E-01
  5.9874E-03  3.5972E-02 -5.2293E-03 -1.5002E-01
  6.0295E-03  3.5952E-02 -5.2661E-03 -1.5107E-01
  6.0719E-03  3.5929E-02 -5.3032E-03 -1.5213E-01
  6.1146E-03  3.5904E-02 -5.3405E-03 -1.5320E-01
  6.1576E-03  3.5877E-02 -5.3780E-03 -1.5428E-01
  6.2009E-03  3.5848E-02 -5.4158E-03 -1.5537E-01
  6.2445E-03  3.5817E-02 -5.4539E-03 -1.5646E-01
  6.2885E-03  3.5784E-02 -5.4923E-03 -1.5756E-01
  6.3327E-03  3.5748E-02 -5.5309E-03 -1.5867E-01
  6.3772E-03  3.5710E-02 -5.5698E-03 -1.5978E-01
  6.4220E-03  3.5670E-02 -5.6089E-03 -1.6090E-01
  6.4672E-03  3.5627E-02 -5.6483E-03 -1.6204E-01
  6.5126E-03  3.5583E-02 -5.6880E-03 -1.6317E-01
  6.5584E-03  3.5536E-02 -5.7280E-03 -1.6432E-01
  6.6045E-03  3.5486E-02 -5.7683E-03 -1.6548E-01
  6.6509E-03  3.5434E-02 -5.8088E-03 -1.6664E-01
  6.6976E-03  3.5380E-02 -5.8496E-03 -1.6781E-01
  6.7446E-03  3.5323E-02 -5.8907E-03 -1.6899E-01
  6.7920E-03  3.5264E-02 -5.9321E-03 -1.7017E-01
  6.8397E-03  3.5203E-02 -5.9737E-03 -1.7137E-01
  6.8878E-03  3.5138E-02 -6.0157E-03 -1.7257E-01
  6.9361E-03  3.5072E-02 -6.0579E-03 -1.7378E-01
  6.9849E-03  3.5003E-02 -6.1005E-03 -1.7500E-01
  7.0339E-03  3.4931E-02 -6.1433E-03 -1.7623E-01
  7.0833E-03  3.4856E-02 -6.1864E-03 -1.7747E-01
  7.1330E-03  3.4779E-02 -6.2299E-03 -1.7872E-01
  7.1831E-03  3.4700E-02 -6.2736E-03 -1.7997E-01
  7.2335E-03  3.4617E-02 -6.3176E-03 -1.8123E-01
  7.2843E-03  3.4532E-02 -6.3620E-03 -1.8251E-01
  7.3354E-03  3.4444E-02 -6.4066E-03 -1.8379E-01
  7.3869E-03  3.4354E-02 -6.4516E-03 -1.8508E-01
  7.4387E-03  3.4261E-02 -6.4969E-03 -1.8638E-01
  7.4909E-03  3.4164E-02 -6.5425E-03 -1.8768E-01
  7.5435E-03  3.4065E-02 -6.5884E-03 -1.8900E-01
  7.5964E-03  3.3964E-02 -6.6346E-03 -1.9033E-01
  7.6497E-03  3.3859E-02 -6.6811E-03 -1.9166E-01
  7.7034E-03  3.3751E-02 -6.7280E-03 -1.9300E-01
  7.7574E-03  3.3641E-02 -6.7752E-03 -1.9436E-01
  7.8118E-03  3.3528E-02 -6.8227E-03 -1.9572E-01
  7.8666E-03  3.3411E-02 -6.8705E-03 -1.9709E-01
  7.9218E-03  3.3292E-02 -6.9187E-03 -1.9848E-01
  7.9774E-03  3.3169E-02 -6.9672E-03 -1.9987E-01
  8.0333E-03  3.3044E-02 -7.0161E-03 -2.0127E-01
  8.0896E-03  3.2915E-02 -7.0653E-03 -2.0268E-01
  8.1463E-03  3.2784E-02 -7.1148E-03 -2.0410E-01
  8.2035E-03  3.2649E-02 -7.1647E-03 -2.0553E-01
  8.2610E-03  3.2511E-02 -7.2149E-03 -2.0697E-01
  8.3189E-03  3.2370E-02 -7.2655E-03 -2.0842E-01
  8.3772E-03  3.2226E-02 -7.3164E-03 -2.0988E-01
  8.4359E-03  3.2079E-02 -7.3677E-03 -2.1135E-01
  8.4950E-03  3.1928E-02 -7.4193E-03 -2.1284E-01
  8.5546E-03  3.1774E-02 -7.4713E-03 -2.1433E-01
  8.6145E-03  3.1617E-02 -7.5237E-03 -2.1583E-01
  8.6749E-03  3.1457E-02 -7.5764E-03 -2.1734E-01
  8.7357E-03  3.1293E-02 -7.6295E-03 -2.1886E-01
  8.7969E-03  3.1126E-02 -7.6829E-03 -2.2040E-01
  8.8585E-03  3.0955E-02 -7.7367E-03 -2.2194E-01
  8.9205E-03  3.0781E-02 -7.7909E-03 -2.2349E-01
  8.9830E-03  3.0604E-02 -7.8455E-03 -2.2506E-01
  9.0460E-03  3.0423E-02 -7.9004E-03 -2.2664E-01
  9.1093E-03  3.0239E-02 -7.9558E-03 -2.2822E-01
  9.1731E-03  3.0052E-02 -8.0115E-03 -2.2982E-01
  9.2374E-03  2.9860E-02 -8.0676E-03 -2.3143E-01
  9.3020E-03  2.9666E-02 -8.1241E-03 -2.3305E-01
  9.3672E-03  2.9468E-02 -8.1810E-03 -2.3468E-01
  9.4328E-03  2.9266E-02 -8.2382E-03 -2.3632E-01
  9.4988E-03  2.9061E-02 -8.2959E-03 -2.3798E-01
  9.5653E-03  2.8852E-02 -8.3540E-03 -2.3964E-01
  9.6323E-03  2.8639E-02 -8.4125E-03 -2.4132E-01
  9.6997E-03  2.8423E-02 -8.4714E-03 -2.4301E-01
  9.7676E-03  2.8203E-02 -8.5307E-03 -2.4471E-01
  9.8360E-03  2.7980E-02 -8.5904E-03 -2.4642E-01
  9.9048E-03  2.7753E-02 -8.6505E-03 -2.4815E-01
  9.9742E-03  2.7522E-02 -8.7110E-03 -2.4988E-01
  1.0044E-02  2.7287E-02 -8.7720E-03 -2.5163E-01
  1.0114E-02  2.7049E-02 -8.8334E-03 -2.5339E-01
  1.0185E-02  2.6807E-02 -8.8952E-03 -2.5517E-01
  1.0256E-02  2.6561E-02 -8.9574E-03 -2.5695E-01
  1.0328E-02  2.6311E-02 -9.0201E-03 -2.5875E-01
  1.0400E-02  2.6058E-02 -9.0832E-03 -2.6056E-01
  1.0473E-02  2.5801E-02 -9.1467E-03 -2.6238E-01
  1.0546E-02  2.5539E-02 -9.2107E-03 -2.6422E-01
  1.0620E-02  2.5274E-02 -9.2751E-03 -2.6606E-01
  1.0694E-02  2.5006E-02 -9.3400E-03 -2.6792E-01
  1.0769E-02  2.4733E-02 -9.4053E-03 -2.6980E-01
  1.0845E-02  2.4456E-02 -9.4711E-03 -2.7168E-01
  1.0920E-02  2.4176E-02 -9.5373E-03 -2.7358E-01
  1.0997E-02  2.3892E-02 -9.6040E-03 -2.7550E-01
  1.1074E-02  2.3603E-02 -9.6712E-03 -2.7742E-01
  1.1151E-02  2.3311E-02 -9.7388E-03 -2.7936E-01
  1.1229E-02  2.3015E-02 -9.8069E-03 -2.8131E-01
  1.1308E-02  2.2715E-02 -9.8755E-03 -2.8328E-01
  1.1387E-02  2.2411E-02 -9.9445E-03 -2.8526E-01
  1.1466E-02  2.2102E-02 -1.0014E-02 -2.8725E-01
  1.1546E-02  2.1790E-02 -1.0084E-02 -2.8926E-01
  1.1627E-02  2.1474E-02 -1.0154E-02 -2.9128E-01
  1.1708E-02  2.1154E-02 -1.0225E-02 -2.9332E-01
  1.1790E-02  2.0830E-02 -1.0297E-02 -2.9537E-01
  1.1873E-02  2.0502E-02 -1.0369E-02 -2.9743E-01
  1.1956E-02  2.0170E-02 -1.0441E-02 -2.9951E-01
  1.2039E-02  1.9834E-02 -1.0514E-02 -3.0160E-01
  1.2123E-02  1.9494E-02 -1.0588E-02 -3.0371E-01
  1.2208E-02  1.9150E-02 -1.0662E-02 -3.0583E-01
  1.2293E-02  1.8802E-02 -1.0736E-02 -3.0797E-01
  1.2379E-02  1.8450E-02 -1.0811E-02 -3.1012E-01
  1.2466E-02  1.8094E-02 -1.0887E-02 -3.1229E-01
  1.2553E-02  1.7733E-02 -1.0963E-02 -3.1447E-01
  1.2641E-02  1.7369E-02 -1.1039E-02 -3.1666E-01
  1.2729E-02  1.7001E-02 -1.1117E-02 -3.1888E-01
  1.2818E-02  1.6629E-02 -1.1194E-02 -3.2110E-01
  1.2908E-02  1.6252E-02 -1.1272E-02 -3.2335E-01
  1.2998E-02  1.5872E-02 -1.1351E-02 -3.2560E-01
  1.3088E-02  1.5488E-02 -1.1430E-02 -3.2788E-01
  1.3180E-02  1.5100E-02 -1.1510E-02 -3.3017E-01
  1.3272E-02  1.4707E-02 -1.1591E-02 -3.3247E-01
  1.3365E-02  1.4311E-02 -1.1672E-02 -3.3479E-01
  1.3458E-02  1.3911E-02 -1.1753E-02 -3.3713E-01
  1.3552E-02  1.3507E-02 -1.1835E-02 -3.3948E-01
  1.3647E-02  1.3099E-02 -1.1918E-02 -3.4185E-01
  1.3742E-02  1.2687E-02 -1.2001E-02 -3.4424E-01
  1.3838E-02  1.2271E-02 -1.2085E-02 -3.4664E-01
  1.3935E-02  1.1851E-02 -1.2169E-02 -3.4906E-01
  1.4032E-02  1.1427E-02 -1.2254E-02 -3.5150E-01
  1.4130E-02  1.1000E-02 -1.2340E-02 -3.5395E-01
  1.4229E-02  1.0568E-02 -1.2426E-02 -3.5642E-01
  1.4328E-02  1.0133E-02 -1.2513E-02 -3.5891E-01
  1.4428E-02  9.6936E-03 -1.2600E-02 -3.6141E-01
  1.4529E-02  9.2507E-03 -1.2688E-02 -3.6393E-01
  1.4630E-02  8.8039E-03 -1.2776E-02 -3.6647E-01
  1.4732E-02  8.3534E-03 -1.2866E-02 -3.6903E-01
  1.4835E-02  7.8992E-03 -1.2955E-02 -3.7161E-01
  1.4939E-02  7.4413E-03 -1.3046E-02 -3.7420E-01
  1.5043E-02  6.9797E-03 -1.3137E-02 -3.7681E-01
  1.5148E-02  6.5144E-03 -1.3229E-02 -3.7944E-01
  1.5254E-02  6.0456E-03 -1.3321E-02 -3.8208E-01
  1.5360E-02  5.5731E-03 -1.3414E-02 -3.8475E-01
  1.5467E-02  5.0971E-03 -1.3507E-02 -3.8743E-01
  1.5575E-02  4.6175E-03 -1.3602E-02 -3.9013E-01
  1.5684E-02  4.1345E-03 -1.3697E-02 -3.9285E-01
  1.5793E-02  3.6480E-03 -1.3792E-02 -3.9559E-01
  1.5904E-02  3.1580E-03 -1.3888E-02 -3.9835E-01
  1.6015E-02  2.6647E-03 -1.3985E-02 -4.0113E-01
  1.6126E-02  2.1681E-03 -1.4083E-02 -4.0393E-01
  1.6239E-02  1.6682E-03 -1.4181E-02 -4.0674E-01
  1.6352E-02  1.1650E-03 -1.4280E-02 -4.0958E-01
  1.6466E-02  6.5858E-04 -1.4380E-02 -4.1244E-01
  1.6581E-02  1.4902E-04 -1.4480E-02 -4.1531E-01
  1.6697E-02 -3.6367E-04 -1.4581E-02 -4.1821E-01
  1.6813E-02 -8.7942E-04 -1.4682E-02 -4.2112E-01
  1.6931E-02 -1.3982E-03 -1.4785E-02 -4.2406E-01
  1.7049E-02 -1.9199E-03 -1.4888E-02 -4.2701E-01
  1.7168E-02 -2.4446E-03 -1.4992E-02 -4.2999E-01
  1.7287E-02 -2.9721E-03 -1.5096E-02 -4.3299E-01
  1.7408E-02 -3.5024E-03 -1.5202E-02 -4.3601E-01
  1.7529E-02 -4.0354E-03 -1.5308E-02 -4.3904E-01
  1.7652E-02 -4.5712E-03 -1.5414E-02 -4.4210E-01
  1.7775E-02 -5.1095E-03 -1.5522E-02 -4.4518E-01
  1.7899E-02 -5.6504E-03 -1.5630E-02 -4.4829E-01
  1.8024E-02 -6.1938E-03 -1.5739E-02 -4.5141E-01
  1.8149E-02 -6.7397E-03 -1.5849E-02 -4.5456E-01
  1.8276E-02 -7.2879E-03 -1.5959E-02 -4.5772E-01
  1.8403E-02 -7.8383E-03 -1.6070E-02 -4.6091E-01
  1.8532E-02 -8.3910E-03 -1.6182E-02 -4.6412E-01
  1.8661E-02 -8.9459E-03 -1.6295E-02 -4.6736E-01
  1.8791E-02 -9.5028E-03 -1.6409E-02 -4.7061E-01
  1.8922E-02 -1.0062E-02 -1.6523E-02 -4.7389E-01
  1.9054E-02 -1.0622E-02 -1.6638E-02 -4.7719E-01
  1.9187E-02 -1.1185E-02 -1.6754E-02 -4.8052E-01
  1.9321E-02 -1.1749E-02 -1.6871E-02 -4.8386E-01
  1.9455E-02 -1.2316E-02 -1.6989E-02 -4.8723E-01
  1.9591E-02 -1.2883E-02 -1.7107E-02 -4.9063E-01
  1.9728E-02 -1.3452E-02 -1.7226E-02 -4.9404E-01
  1.9865E-02 -1.4023E-02 -1.7346E-02 -4.9748E-01
  2.0004E-02 -1.4595E-02 -1.7467E-02 -5.0095E-01
  2.0143E-02 -1.5168E-02 -1.7589E-02 -5.0444E-01
  2.0283E-02 -1.5742E-02 -1.7711E-02 -5.0795E-01
  2.0425E-02 -1.6317E-02 -1.7835E-02 -5.1149E-01
  2.0567E-02 -1.6893E-02 -1.7959E-02 -5.1505E-01
  2.0711E-02 -1.7470E-02 -1.8084E-02 -5.1863E-01
  2.0855E-02 -1.8047E-02 -1.8210E-02 -5.2224E-01
  2.1000E-02 -1.8626E-02 -1.8337E-02 -5.2588E-01
  2.1147E-02 -1.9204E-02 -1.8465E-02 -5.2954E-01
  2.1294E-02 -1.9784E-02 -1.8593E-02 -5.3323E-01
  2.1442E-02 -2.0363E-02 -1.8723E-02 -5.3694E-01
  2.1592E-02 -2.0943E-02 -1.8853E-02 -5.4068E-01
  2.1742E-02 -2.1522E-02 -1.8985E-02 -5.4444E-01
  2.1894E-02 -2.2102E-02 -1.9117E-02 -5.4823E-01
  2.2046E-02 -2.2681E-02 -1.9250E-02 -5.5204E-01
  2.2200E-02 -2.3260E-02 -1.9384E-02 -5.5589E-01
  2.2355E-02 -2.3839E-02 -1.9519E-02 -5.5975E-01
  2.2511E-02 -2.4417E-02 -1.9655E-02 -5.6365E-01
  2.2667E-02 -2.4994E-02 -1.9792E-02 -5.6757E-01
  2.2825E-02 -2.5571E-02 -1.9930E-02 -5.7152E-01
  2.2984E-02 -2.6147E-02 -2.0069E-02 -5.7550E-01
  2.3145E-02 -2.6721E-02 -2.0208E-02 -5.7950E-01
  2.3306E-02 -2.7295E-02 -2.0349E-02 -5.8353E-01
  2.3468E-02 -2.7867E-02 -2.0491E-02 -5.8759E-01
  2.3632E-02 -2.8437E-02 -2.0633E-02 -5.9168E-01
  2.3796E-02 -2.9006E-02 -2.0777E-02 -5.9580E-01
  2.3962E-02 -2.9573E-02 -2.0922E-02 -5.9994E-01
  2.4129E-02 -3.0139E-02 -2.1067E-02 -6.0411E-01
  2.4297E-02 -3.0702E-02 -2.1214E-02 -6.0832E-01
  2.4466E-02 -3.1263E-02 -2.1362E-02 -6.1255E-01
  2.4637E-02 -3.1821E-02 -2.1510E-02 -6.1681E-01
  2.4808E-02 -3.2378E-02 -2.1660E-02 -6.2110E-01
  2.4981E-02 -3.2931E-02 -2.1811E-02 -6.2542E-01
  2.5155E-02 -3.3482E-02 -2.1963E-02 -6.2976E-01
  2.5330E-02 -3.4029E-02 -2.2116E-02 -6.3414E-01
  2.5507E-02 -3.4574E-02 -2.2269E-02 -6.3855E-01
  2.5685E-02 -3.5115E-02 -2.2424E-02 -6.4299E-01
  2.5863E-02 -3.5653E-02 -2.2581E-02 -6.4746E-01
  2.6044E-02 -3.6187E-02 -2.2738E-02 -6.5196E-01
  2.6225E-02 -3.6718E-02 -2.2896E-02 -6.5650E-01
  2.6408E-02 -3.7244E-02 -2.3055E-02 -6.6106E-01
  2.6592E-02 -3.7766E-02 -2.3216E-02 -6.6566E-01
  2.6777E-02 -3.8284E-02 -2.3377E-02 -6.7028E-01
  2.6963E-02 -3.8798E-02 -2.3540E-02 -6.7494E-01
  2.7151E-02 -3.9307E-02 -2.3704E-02 -6.7963E-01
  2.7340E-02 -3.9811E-02 -2.3869E-02 -6.8436E-01
  2.7530E-02 -4.0310E-02 -2.4035E-02 -6.8911E-01
  2.7722E-02 -4.0803E-02 -2.4202E-02 -6.9390E-01
  2.7915E-02 -4.1292E-02 -2.4370E-02 -6.9872E-01
  2.8110E-02 -4.1775E-02 -2.4540E-02 -7.0358E-01
  2.8305E-02 -4.2252E-02 -2.4711E-02 -7.0847E-01
  2.8502E-02 -4.2723E-02 -2.4882E-02 -7.1339E-01
  2.8701E-02 -4.3188E-02 -2.5056E-02 -7.1835E-01
  2.8901E-02 -4.3647E-02 -2.5230E-02 -7.2334E-01
  2.9102E-02 -4.4099E-02 -2.5405E-02 -7.2836E-01
  2.9305E-02 -4.4545E-02 -2.5582E-02 -7.3342E-01
  2.9509E-02 -4.4984E-02 -2.5760E-02 -7.3851E-01
  2.9714E-02 -4.5415E-02 -2.5939E-02 -7.4364E-01
  2.9921E-02 -4.5840E-02 -2.6120E-02 -7.4881E-01
  3.0129E-02 -4.6257E-02 -2.6301E-02 -7.5401E-01
  3.0339E-02 -4.6666E-02 -2.6484E-02 -7.5925E-01
  3.0550E-02 -4.7068E-02 -2.6668E-02 -7.6452E-01
  3.0763E-02 -4.7461E-02 -2.6854E-02 -7.6983E-01
  3.0977E-02 -4.7846E-02 -2.7040E-02 -7.7517E-01
  3.1193E-02 -4.8223E-02 -2.7228E-02 -7.8055E-01
  3.1410E-02 -4.8591E-02 -2.7418E-02 -7.8597E-01
  3.1628E-02 -4.8950E-02 -2.7608E-02 -7.9143E-01
  3.1849E-02 -4.9301E-02 -2.7800E-02 -7.9692E-01
  3.2070E-02 -4.9642E-02 -2.7994E-02 -8.0246E-01
  3.2294E-02 -4.9973E-02 -2.8188E-02 -8.0803E-01
  3.2518E-02 -5.0295E-02 -2.8384E-02 -8.1364E-01
  3.2745E-02 -5.0607E-02 -2.8582E-02 -8.1928E-01
  3.2973E-02 -5.0909E-02 -2.8780E-02 -8.2497E-01
  3.3202E-02 -5.1201E-02 -2.8980E-02 -8.3069E-01
  3.3433E-02 -5.1482E-02 -2.9182E-02 -8.3646E-01
  3.3666E-02 -5.1753E-02 -2.9385E-02 -8.4226E-01
  3.3900E-02 -5.2012E-02 -2.9589E-02 -8.4811E-01
  3.4136E-02 -5.2261E-02 -2.9795E-02 -8.5399E-01
  3.4374E-02 -5.2498E-02 -3.0002E-02 -8.5991E-01
  3.4613E-02 -5.2724E-02 -3.0210E-02 -8.6588E-01
  3.4854E-02 -5.2939E-02 -3.0420E-02 -8.7189E-01
  3.5096E-02 -5.3141E-02 -3.0631E-02 -8.7793E-01
  3.5341E-02 -5.3331E-02 -3.0844E-02 -8.8402E-01
  3.5587E-02 -5.3509E-02 -3.1059E-02 -8.9015E-01
  3.5834E-02 -5.3675E-02 -3.1275E-02 -8.9633E-01
  3.6084E-02 -5.3828E-02 -3.1492E-02 -9.0254E-01
  3.6335E-02 -5.3968E-02 -3.1711E-02 -9.0880E-01
  3.6588E-02 -5.4095E-02 -3.1931E-02 -9.1510E-01
  3.6842E-02 -5.4209E-02 -3.2153E-02 -9.2145E-01
  3.7099E-02 -5.4309E-02 -3.2376E-02 -9.2784E-01
  3.7357E-02 -5.4396E-02 -3.2601E-02 -9.3427E-01
  3.7617E-02 -5.4469E-02 -3.2828E-02 -9.4074E-01
  3.7878E-02 -5.4528E-02 -3.3056E-02 -9.4727E-01
  3.8142E-02 -5.4572E-02 -3.3285E-02 -9.5383E-01
  3.8407E-02 -5.4603E-02 -3.3516E-02 -9.6044E-01
  3.8675E-02 -5.4618E-02 -3.3749E-02 -9.6710E-01
  3.8944E-02 -5.4620E-02 -3.3984E-02 -9.7380E-01
  3.9215E-02 -5.4606E-02 -3.4220E-02 -9.8055E-01
  3.9488E-02 -5.4577E-02 -3.4457E-02 -9.8734E-01
  3.9762E-02 -5.4533E-02 -3.4697E-02 -9.9418E-01
  4.0039E-02 -5.4473E-02 -3.4938E-02 -1.0011E+00
  4.0318E-02 -5.4398E-02 -3.5180E-02 -1.0080E+00
  4.0598E-02 -5.4307E-02 -3.5425E-02 -1.0150E+00
  4.0881E-02 -5.4201E-02 -3.5670E-02 -1.0220E+00
  4.1165E-02 -5.4078E-02 -3.5918E-02 -1.0291E+00
  4.1451E-02 -5.3939E-02 -3.6168E-02 -1.0362E+00
  4.1740E-02 -5.3783E-02 -3.6419E-02 -1.0434E+00
  4.2030E-02 -5.3612E-02 -3.6671E-02 -1.0506E+00
  4.2322E-02 -5.3423E-02 -3.6926E-02 -1.0579E+00
  4.2617E-02 -5.3218E-02 -3.7182E-02 -1.0652E+00
  4.2913E-02 -5.2996E-02 -3.7441E-02 -1.0726E+00
  4.3212E-02 -5.2757E-02 -3.7700E-02 -1.0800E+00
  4.3512E-02 -5.2500E-02 -3.7962E-02 -1.0875E+00
  4.3815E-02 -5.2227E-02 -3.8226E-02 -1.0950E+00
  4.4120E-02 -5.1936E-02 -3.8491E-02 -1.1026E+00
  4.4427E-02 -5.1627E-02 -3.8758E-02 -1.1102E+00
  4.4736E-02 -5.1301E-02 -3.9027E-02 -1.1179E+00
  4.5047E-02 -5.0958E-02 -3.9298E-02 -1.1256E+00
  4.5360E-02 -5.0596E-02 -3.9571E-02 -1.1334E+00
  4.5676E-02 -5.0217E-02 -3.9845E-02 -1.1413E+00
  4.5994E-02 -4.9819E-02 -4.0122E-02 -1.1492E+00
  4.6314E-02 -4.9404E-02 -4.0400E-02 -1.1571E+00
  4.6636E-02 -4.8971E-02 -4.0680E-02 -1.1651E+00
  4.6960E-02 -4.8519E-02 -4.0962E-02 -1.1732E+00
  4.7287E-02 -4.8049E-02 -4.1247E-02 -1.1813E+00
  4.7616E-02 -4.7561E-02 -4.1533E-02 -1.1894E+00
  4.7947E-02 -4.7054E-02 -4.1821E-02 -1.1977E+00
  4.8280E-02 -4.6530E-02 -4.2111E-02 -1.2059E+00
  4.8616E-02 -4.5986E-02 -4.2403E-02 -1.2143E+00
  4.8954E-02 -4.5425E-02 -4.2697E-02 -1.2227E+00
  4.9295E-02 -4.4845E-02 -4.2993E-02 -1.2311E+00
  4.9638E-02 -4.4246E-02 -4.3291E-02 -1.2396E+00
  4.9983E-02 -4.3629E-02 -4.3592E-02 -1.2482E+00
  5.0330E-02 -4.2994E-02 -4.3894E-02 -1.2568E+00
  5.0680E-02 -4.2340E-02 -4.4198E-02 -1.2655E+00
  5.1033E-02 -4.1668E-02 -4.4505E-02 -1.2742E+00
  5.1388E-02 -4.0977E-02 -4.4813E-02 -1.2830E+00
  5.1745E-02 -4.0268E-02 -4.5124E-02 -1.2919E+00
  5.2105E-02 -3.9541E-02 -4.5437E-02 -1.3008E+00
  5.2467E-02 -3.8796E-02 -4.5752E-02 -1.3098E+00
  5.2832E-02 -3.8032E-02 -4.6069E-02 -1.3188E+00
  5.3200E-02 -3.7250E-02 -4.6388E-02 -1.3279E+00
  5.3570E-02 -3.6451E-02 -4.6710E-02 -1.3371E+00
  5.3942E-02 -3.5633E-02 -4.7033E-02 -1.3463E+00
  5.4317E-02 -3.4798E-02 -4.7359E-02 -1.3556E+00
  5.4695E-02 -3.3944E-02 -4.7687E-02 -1.3649E+00
  5.5075E-02 -3.3074E-02 -4.8018E-02 -1.3743E+00
  5.5458E-02 -3.2186E-02 -4.8351E-02 -1.3838E+00
  5.5844E-02 -3.1280E-02 -4.8686E-02 -1.3934E+00
  5.6232E-02 -3.0357E-02 -4.9023E-02 -1.4030E+00
  5.6623E-02 -2.9418E-02 -4.9362E-02 -1.4126E+00
  5.7017E-02 -2.8461E-02 -4.9704E-02 -1.4224E+00
  5.7413E-02 -2.7488E-02 -5.0049E-02 -1.4322E+00
  5.7813E-02 -2.6498E-02 -5.0395E-02 -1.4421E+00
  5.8215E-02 -2.5492E-02 -5.0744E-02 -1.4520E+00
  5.8619E-02 -2.4470E-02 -5.1096E-02 -1.4620E+00
  5.9027E-02 -2.3432E-02 -5.1450E-02 -1.4721E+00
  5.9437E-02 -2.2379E-02 -5.1806E-02 -1.4822E+00
  5.9851E-02 -2.1310E-02 -5.2165E-02 -1.4924E+00
  6.0267E-02 -2.0226E-02 -5.2526E-02 -1.5027E+00
  6.0686E-02 -1.9127E-02 -5.2889E-02 -1.5130E+00
  6.1108E-02 -1.8013E-02 -5.3255E-02 -1.5234E+00
  6.1533E-02 -1.6886E-02 -5.3624E-02 -1.5339E+00
  6.1960E-02 -1.5744E-02 -5.3995E-02 -1.5445E+00
  6.2391E-02 -1.4589E-02 -5.4369E-02 -1.5551E+00
  6.2825E-02 -1.3420E-02 -5.4745E-02 -1.5658E+00
  6.3262E-02 -1.2238E-02 -5.5124E-02 -1.5766E+00
  6.3702E-02 -1.1044E-02 -5.5505E-02 -1.5874E+00
  6.4145E-02 -9.8369E-03 -5.5890E-02 -1.5983E+00
  6.4590E-02 -8.6182E-03 -5.6276E-02 -1.6093E+00
  6.5040E-02 -7.3879E-03 -5.6666E-02 -1.6204E+00
  6.5492E-02 -6.1464E-03 -5.7058E-02 -1.6315E+00
  6.5947E-02 -4.8941E-03 -5.7452E-02 -1.6427E+00
  6.6405E-02 -3.6314E-03 -5.7850E-02 -1.6540E+00
  6.6867E-02 -2.3588E-03 -5.8250E-02 -1.6654E+00
  6.7332E-02 -1.0767E-03 -5.8652E-02 -1.6768E+00
  6.7800E-02  2.1443E-04 -5.9058E-02 -1.6883E+00
  6.8271E-02  1.5142E-03 -5.9466E-02 -1.6999E+00
  6.8746E-02  2.8221E-03 -5.9877E-02 -1.7116E+00
  6.9224E-02  4.1377E-03 -6.0291E-02 -1.7233E+00
  6.9705E-02  5.4604E-03 -6.0708E-02 -1.7351E+00
  7.0190E-02  6.7897E-03 -6.1128E-02 -1.7470E+00
  7.0678E-02  8.1252E-03 -6.1550E-02 -1.7590E+00
  7.1169E-02  9.4663E-03 -6.1975E-02 -1.7711E+00
  7.1664E-02  1.0813E-02 -6.2404E-02 -1.7832E+00
  7.2162E-02  1.2163E-02 -6.2835E-02 -1.7954E+00
  7.2663E-02  1.3518E-02 -6.3269E-02 -1.8077E+00
  7.3169E-02  1.4876E-02 -6.3706E-02 -1.8201E+00
  7.3677E-02  1.6237E-02 -6.4146E-02 -1.8326E+00
  7.4189E-02  1.7600E-02 -6.4589E-02 -1.8451E+00
  7.4705E-02  1.8964E-02 -6.5035E-02 -1.8578E+00
  7.5224E-02  2.0330E-02 -6.5484E-02 -1.8705E+00
  7.5747E-02  2.1696E-02 -6.5936E-02 -1.8833E+00
  7.6274E-02  2.3062E-02 -6.6392E-02 -1.8962E+00
  7.6804E-02  2.4427E-02 -6.6850E-02 -1.9091E+00
  7.7338E-02  2.5790E-02 -6.7311E-02 -1.9222E+00
  7.7875E-02  2.7151E-02 -6.7776E-02 -1.9353E+00
  7.8417E-02  2.8510E-02 -6.8244E-02 -1.9486E+00
  7.8962E-02  2.9864E-02 -6.8714E-02 -1.9619E+00
  7.9511E-02  3.1215E-02 -6.9189E-02 -1.9753E+00
  8.0063E-02  3.2560E-02 -6.9666E-02 -1.9888E+00
  8.0620E-02  3.3900E-02 -7.0146E-02 -2.0024E+00
  8.1180E-02  3.5234E-02 -7.0630E-02 -2.0160E+00
  8.1744E-02  3.6560E-02 -7.1117E-02 -2.0298E+00
  8.2312E-02  3.7879E-02 -7.1608E-02 -2.0436E+00
  8.2885E-02  3.9189E-02 -7.2101E-02 -2.0576E+00
  8.3461E-02  4.0490E-02 -7.2598E-02 -2.0716E+00
  8.4041E-02  4.1781E-02 -7.3099E-02 -2.0857E+00
  8.4625E-02  4.3061E-02 -7.3603E-02 -2.1000E+00
  8.5213E-02  4.4330E-02 -7.4110E-02 -2.1143E+00
  8.5805E-02  4.5586E-02 -7.4621E-02 -2.1287E+00
  8.6402E-02  4.6830E-02 -7.5135E-02 -2.1432E+00
  8.7002E-02  4.8059E-02 -7.5652E-02 -2.1578E+00
  8.7607E-02  4.9274E-02 -7.6173E-02 -2.1724E+00
  8.8216E-02  5.0474E-02 -7.6698E-02 -2.1872E+00
  8.8829E-02  5.1657E-02 -7.7226E-02 -2.2021E+00
  8.9446E-02  5.2824E-02 -7.7758E-02 -2.2171E+00
  9.0068E-02  5.3973E-02 -7.8293E-02 -2.2321E+00
  9.0694E-02  5.5103E-02 -7.8832E-02 -2.2473E+00
  9.1324E-02  5.6214E-02 -7.9374E-02 -2.2626E+00
  9.1959E-02  5.7305E-02 -7.9921E-02 -2.2779E+00
  9.2598E-02  5.8375E-02 -8.0470E-02 -2.2934E+00
  9.3241E-02  5.9424E-02 -8.1024E-02 -2.3090E+00
  9.3889E-02  6.0450E-02 -8.1581E-02 -2.3246E+00
  9.4542E-02  6.1453E-02 -8.2142E-02 -2.3404E+00
  9.5199E-02  6.2432E-02 -8.2707E-02 -2.3563E+00
  9.5860E-02  6.3386E-02 -8.3276E-02 -2.3722E+00
  9.6527E-02  6.4314E-02 -8.3848E-02 -2.3883E+00
  9.7197E-02  6.5216E-02 -8.4424E-02 -2.4045E+00
  9.7873E-02  6.6091E-02 -8.5005E-02 -2.4207E+00
  9.8553E-02  6.6938E-02 -8.5589E-02 -2.4371E+00
  9.9238E-02  6.7757E-02 -8.6177E-02 -2.4536E+00
  9.9928E-02  6.8546E-02 -8.6768E-02 -2.4702E+00
  1.0062E-01  6.9305E-02 -8.7364E-02 -2.4869E+00
  1.0132E-01  7.0033E-02 -8.7964E-02 -2.5037E+00
  1.0203E-01  7.0730E-02 -8.8568E-02 -2.5206E+00
  1.0273E-01  7.1394E-02 -8.9176E-02 -2.5376E+00
  1.0345E-01  7.2025E-02 -8.9788E-02 -2.5547E+00
  1.0417E-01  7.2622E-02 -9.0404E-02 -2.5720E+00
  1.0489E-01  7.3185E-02 -9.1024E-02 -2.5893E+00
  1.0562E-01  7.3712E-02 -9.1648E-02 -2.6068E+00
  1.0635E-01  7.4204E-02 -9.2277E-02 -2.6243E+00
  1.0709E-01  7.4659E-02 -9.2909E-02 -2.6420E+00
  1.0784E-01  7.5077E-02 -9.3546E-02 -2.6598E+00
  1.0859E-01  7.5457E-02 -9.4187E-02 -2.6777E+00
  1.0934E-01  7.5799E-02 -9.4833E-02 -2.6957E+00
  1.1010E-01  7.6102E-02 -9.5482E-02 -2.7138E+00
  1.1087E-01  7.6365E-02 -9.6136E-02 -2.7320E+00
  1.1164E-01  7.6588E-02 -9.6795E-02 -2.7504E+00
  1.1241E-01  7.6771E-02 -9.7457E-02 -2.7688E+00
  1.1319E-01  7.6912E-02 -9.8124E-02 -2.7874E+00
  1.1398E-01  7.7011E-02 -9.8796E-02 -2.8061E+00
  1.1477E-01  7.7068E-02 -9.9472E-02 -2.8249E+00
  1.1557E-01  7.7082E-02 -1.0015E-01 -2.8438E+00
  1.1637E-01  7.7053E-02 -1.0084E-01 -2.8628E+00
  1.1718E-01  7.6980E-02 -1.0153E-01 -2.8820E+00
  1.1799E-01  7.6864E-02 -1.0222E-01 -2.9013E+00
  1.1881E-01  7.6702E-02 -1.0292E-01 -2.9206E+00
  1.1964E-01  7.6496E-02 -1.0362E-01 -2.9401E+00
  1.2047E-01  7.6244E-02 -1.0433E-01 -2.9598E+00
  1.2131E-01  7.5947E-02 -1.0504E-01 -2.9795E+00
  1.2215E-01  7.5605E-02 -1.0576E-01 -2.9994E+00
  1.2300E-01  7.5216E-02 -1.0648E-01 -3.0194E+00
  1.2386E-01  7.4780E-02 -1.0721E-01 -3.0395E+00
  1.2472E-01  7.4298E-02 -1.0794E-01 -3.0597E+00
  1.2558E-01  7.3770E-02 -1.0868E-01 -3.0800E+00
  1.2645E-01  7.3194E-02 -1.0942E-01 -3.1005E+00
  1.2733E-01  7.2571E-02 -1.1016E-01 -3.1211E+00
  1.2822E-01  7.1901E-02 -1.1091E-01 -3.1418E+00
  1.2911E-01  7.1184E-02 -1.1167E-01 -3.1627E+00
  1.3001E-01  7.0420E-02 -1.1243E-01 -3.1836E+00
  1.3091E-01  6.9608E-02 -1.1319E-01 -3.2047E+00
  1.3182E-01  6.8749E-02 -1.1397E-01 -3.2259E+00
  1.3273E-01  6.7842E-02 -1.1474E-01 -3.2473E+00
  1.3366E-01  6.6889E-02 -1.1552E-01 -3.2687E+00
  1.3459E-01  6.5888E-02 -1.1631E-01 -3.2903E+00
  1.3552E-01  6.4840E-02 -1.1710E-01 -3.3120E+00
  1.3646E-01  6.3746E-02 -1.1789E-01 -3.3339E+00
  1.3741E-01  6.2605E-02 -1.1869E-01 -3.3559E+00
  1.3837E-01  6.1418E-02 -1.1950E-01 -3.3780E+00
  1.3933E-01  6.0185E-02 -1.2031E-01 -3.4002E+00
  1.4029E-01  5.8906E-02 -1.2113E-01 -3.4226E+00
  1.4127E-01  5.7582E-02 -1.2195E-01 -3.4450E+00
  1.4225E-01  5.6213E-02 -1.2278E-01 -3.4677E+00
  1.4324E-01  5.4800E-02 -1.2361E-01 -3.4904E+00
  1.4423E-01  5.3342E-02 -1.2445E-01 -3.5133E+00
  1.4524E-01  5.1841E-02 -1.2529E-01 -3.5363E+00
  1.4625E-01  5.0297E-02 -1.2614E-01 -3.5594E+00
  1.4726E-01  4.8711E-02 -1.2699E-01 -3.5827E+00
  1.4828E-01  4.7083E-02 -1.2785E-01 -3.6061E+00
  1.4931E-01  4.5414E-02 -1.2872E-01 -3.6296E+00
  1.5035E-01  4.3704E-02 -1.2959E-01 -3.6533E+00
  1.5140E-01  4.1955E-02 -1.3047E-01 -3.6771E+00
  1.5245E-01  4.0166E-02 -1.3135E-01 -3.7010E+00
  1.5351E-01  3.8340E-02 -1.3224E-01 -3.7251E+00
  1.5457E-01  3.6476E-02 -1.3313E-01 -3.7492E+00
  1.5565E-01  3.4575E-02 -1.3403E-01 -3.7736E+00
  1.5673E-01  3.2640E-02 -1.3493E-01 -3.7980E+00
  1.5782E-01  3.0669E-02 -1.3584E-01 -3.8226E+00
  1.5891E-01  2.8665E-02 -1.3676E-01 -3.8473E+00
  1.6002E-01  2.6628E-02 -1.3768E-01 -3.8722E+00
  1.6113E-01  2.4560E-02 -1.3861E-01 -3.8972E+00
  1.6225E-01  2.2462E-02 -1.3954E-01 -3.9223E+00
  1.6338E-01  2.0334E-02 -1.4048E-01 -3.9476E+00
  1.6451E-01  1.8178E-02 -1.4142E-01 -3.9730E+00
  1.6565E-01  1.5995E-02 -1.4237E-01 -3.9985E+00
  1.6681E-01  1.3787E-02 -1.4333E-01 -4.0242E+00
  1.6796E-01  1.1554E-02 -1.4429E-01 -4.0500E+00
  1.6913E-01  9.2978E-03 -1.4526E-01 -4.0759E+00
  1.7031E-01  7.0200E-03 -1.4624E-01 -4.1020E+00
  1.7149E-01  4.7218E-03 -1.4722E-01 -4.1282E+00
  1.7268E-01  2.4046E-03 -1.4821E-01 -4.1545E+00
  1.7388E-01  6.9880E-05 -1.4920E-01 -4.1810E+00
  1.7509E-01 -2.2810E-03 -1.5020E-01 -4.2076E+00
  1.7630E-01 -4.6464E-03 -1.5120E-01 -4.2343E+00
  1.7753E-01 -7.0249E-03 -1.5222E-01 -4.2612E+00
  1.7876E-01 -9.4150E-03 -1.5323E-01 -4.2882E+00
  1.8000E-01 -1.1815E-02 -1.5426E-01 -4.3153E+00
  1.8125E-01 -1.4223E-02 -1.5529E-01 -4.3426E+00
  1.8251E-01 -1.6638E-02 -1.5632E-01 -4.3700E+00
  1.8378E-01 -1.9059E-02 -1.5737E-01 -4.3976E+00
  1.8506E-01 -2.1482E-02 -1.5842E-01 -4.4252E+00
  1.8634E-01 -2.3908E-02 -1.5947E-01 -4.4531E+00
  1.8764E-01 -2.6333E-02 -1.6053E-01 -4.4810E+00
  1.8894E-01 -2.8756E-02 -1.6160E-01 -4.5091E+00
  1.9025E-01 -3.1176E-02 -1.6268E-01 -4.5373E+00
  1.9158E-01 -3.3591E-02 -1.6376E-01 -4.5656E+00
  1.9291E-01 -3.5999E-02 -1.6485E-01 -4.5941E+00
  1.9425E-01 -3.8397E-02 -1.6594E-01 -4.6227E+00
  1.9560E-01 -4.0786E-02 -1.6704E-01 -4.6514E+00
  1.9696E-01 -4.3161E-02 -1.6815E-01 -4.6803E+00
  1.9832E-01 -4.5522E-02 -1.6927E-01 -4.7093E+00
  1.9970E-01 -4.7867E-02 -1.7039E-01 -4.7384E+00
  2.0109E-01 -5.0194E-02 -1.7151E-01 -4.7676E+00
  2.0249E-01 -5.2501E-02 -1.7265E-01 -4.7970E+00
  2.0389E-01 -5.4786E-02 -1.7379E-01 -4.8265E+00
  2.0531E-01 -5.7047E-02 -1.7494E-01 -4.8561E+00
  2.0673E-01 -5.9283E-02 -1.7609E-01 -4.8859E+00
  2.0817E-01 -6.1491E-02 -1.7725E-01 -4.9158E+00
  2.0962E-01 -6.3670E-02 -1.7842E-01 -4.9458E+00
  2.1107E-01 -6.5817E-02 -1.7959E-01 -4.9759E+00
  2.1254E-01 -6.7932E-02 -1.8078E-01 -5.0061E+00
  2.1401E-01 -7.0011E-02 -1.8196E-01 -5.0365E+00
  2.1550E-01 -7.2054E-02 -1.8316E-01 -5.0670E+00
  2.1700E-01 -7.4057E-02 -1.8436E-01 -5.0976E+00
  2.1851E-01 -7.6021E-02 -1.8557E-01 -5.1283E+00
  2.2002E-01 -7.7942E-02 -1.8679E-01 -5.1592E+00
  2.2155E-01 -7.9818E-02 -1.8801E-01 -5.1901E+00
  2.2309E-01 -8.1649E-02 -1.8924E-01 -5.2212E+00
  2.2464E-01 -8.3432E-02 -1.9048E-01 -5.2524E+00
  2.2620E-01 -8.5165E-02 -1.9172E-01 -5.2837E+00
  2.2777E-01 -8.6847E-02 -1.9297E-01 -5.3151E+00
  2.2935E-01 -8.8476E-02 -1.9423E-01 -5.3466E+00
  2.3095E-01 -9.0050E-02 -1.9549E-01 -5.3783E+00
  2.3255E-01 -9.1568E-02 -1.9677E-01 -5.4100E+00
  2.3417E-01 -9.3027E-02 -1.9804E-01 -5.4419E+00
  2.3579E-01 -9.4427E-02 -1.9933E-01 -5.4738E+00
  2.3743E-01 -9.5765E-02 -2.0062E-01 -5.5059E+00
  2.3908E-01 -9.7041E-02 -2.0192E-01 -5.5380E+00
  2.4074E-01 -9.8252E-02 -2.0323E-01 -5.5703E+00
  2.4241E-01 -9.9397E-02 -2.0454E-01 -5.6026E+00
  2.4410E-01 -1.0047E-01 -2.0587E-01 -5.6351E+00
  2.4579E-01 -1.0148E-01 -2.0719E-01 -5.6676E+00
  2.4750E-01 -1.0242E-01 -2.0853E-01 -5.7003E+00
  2.4922E-01 -1.0329E-01 -2.0987E-01 -5.7330E+00
  2.5095E-01 -1.0408E-01 -2.1122E-01 -5.7658E+00
  2.5269E-01 -1.0480E-01 -2.1258E-01 -5.7987E+00
  2.5445E-01 -1.0545E-01 -2.1395E-01 -5.8317E+00
  2.5622E-01 -1.0602E-01 -2.1532E-01 -5.8648E+00
  2.5800E-01 -1.0651E-01 -2.1670E-01 -5.8979E+00
  2.5979E-01 -1.0692E-01 -2.1808E-01 -5.9311E+00
  2.6159E-01 -1.0726E-01 -2.1947E-01 -5.9644E+00
  2.6341E-01 -1.0751E-01 -2.2087E-01 -5.9978E+00
  2.6524E-01 -1.0768E-01 -2.2228E-01 -6.0312E+00
  2.6708E-01 -1.0777E-01 -2.2370E-01 -6.0647E+00
  2.6894E-01 -1.0778E-01 -2.2512E-01 -6.0983E+00
  2.7080E-01 -1.0770E-01 -2.2655E-01 -6.1319E+00
  2.7269E-01 -1.0754E-01 -2.2798E-01 -6.1656E+00
  2.7458E-01 -1.0729E-01 -2.2943E-01 -6.1993E+00
  2.7649E-01 -1.0696E-01 -2.3088E-01 -6.2331E+00
  2.7841E-01 -1.0654E-01 -2.3234E-01 -6.2669E+00
  2.8034E-01 -1.0604E-01 -2.3380E-01 -6.3008E+00
  2.8229E-01 -1.0545E-01 -2.3527E-01 -6.3347E+00
  2.8425E-01 -1.0478E-01 -2.3675E-01 -6.3686E+00
  2.8622E-01 -1.0401E-01 -2.3824E-01 -6.4026E+00
  2.8821E-01 -1.0316E-01 -2.3973E-01 -6.4366E+00
  2.9021E-01 -1.0223E-01 -2.4123E-01 -6.4707E+00
  2.9223E-01 -1.0120E-01 -2.4274E-01 -6.5047E+00
  2.9426E-01 -1.0009E-01 -2.4425E-01 -6.5388E+00
  2.9630E-01 -9.8895E-02 -2.4577E-01 -6.5729E+00
  2.9836E-01 -9.7612E-02 -2.4730E-01 -6.6070E+00
  3.0043E-01 -9.6243E-02 -2.4884E-01 -6.6412E+00
  3.0252E-01 -9.4788E-02 -2.5038E-01 -6.6753E+00
  3.0462E-01 -9.3248E-02 -2.5193E-01 -6.7094E+00
  3.0674E-01 -9.1624E-02 -2.5348E-01 -6.7435E+00
  3.0887E-01 -8.9915E-02 -2.5505E-01 -6.7776E+00
  3.1101E-01 -8.8124E-02 -2.5662E-01 -6.8117E+00
  3.1317E-01 -8.6250E-02 -2.5819E-01 -6.8457E+00
  3.1535E-01 -8.4294E-02 -2.5978E-01 -6.8797E+00
  3.1754E-01 -8.2258E-02 -2.6137E-01 -6.9137E+00
  3.1974E-01 -8.0142E-02 -2.6296E-01 -6.9477E+00
  3.2196E-01 -7.7948E-02 -2.6457E-01 -6.9816E+00
  3.2420E-01 -7.5676E-02 -2.6618E-01 -7.0155E+00
  3.2645E-01 -7.3329E-02 -2.6779E-01 -7.0493E+00
  3.2872E-01 -7.0906E-02 -2.6942E-01 -7.0830E+00
  3.3100E-01 -6.8410E-02 -2.7105E-01 -7.1167E+00
  3.3330E-01 -6.5842E-02 -2.7268E-01 -7.1503E+00
  3.3562E-01 -6.3204E-02 -2.7433E-01 -7.1838E+00
  3.3795E-01 -6.0496E-02 -2.7598E-01 -7.2173E+00
  3.4029E-01 -5.7722E-02 -2.7763E-01 -7.2506E+00
  3.4266E-01 -5.4882E-02 -2.7929E-01 -7.2839E+00
  3.4504E-01 -5.1978E-02 -2.8096E-01 -7.3170E+00
  3.4743E-01 -4.9012E-02 -2.8263E-01 -7.3501E+00
  3.4985E-01 -4.5986E-02 -2.8431E-01 -7.3830E+00
  3.5228E-01 -4.2903E-02 -2.8600E-01 -7.4158E+00
  3.5472E-01 -3.9764E-02 -2.8769E-01 -7.4484E+00
  3.5719E-01 -3.6571E-02 -2.8939E-01 -7.4809E+00
  3.5967E-01 -3.3326E-02 -2.9109E-01 -7.5133E+00
  3.6217E-01 -3.0032E-02 -2.9280E-01 -7.5455E+00
  3.6468E-01 -2.6691E-02 -2.9451E-01 -7.5776E+00
  3.6721E-01 -2.3306E-02 -2.9623E-01 -7.6094E+00
  3.6976E-01 -1.9878E-02 -2.9796E-01 -7.6411E+00
  3.7233E-01 -1.6410E-02 -2.9969E-01 -7.6726E+00
  3.7492E-01 -1.2906E-02 -3.0143E-01 -7.7039E+00
  3.7752E-01 -9.3662E-03 -3.0317E-01 -7.7350E+00
  3.8014E-01 -5.7946E-03 -3.0491E-01 -7.7658E+00
  3.8278E-01 -2.1937E-03 -3.0666E-01 -7.7964E+00
  3.8544E-01  1.4340E-03 -3.0842E-01 -7.8268E+00
  3.8812E-01  5.0856E-03 -3.1018E-01 -7.8570E+00
  3.9082E-01  8.7584E-03 -3.1195E-01 -7.8869E+00
  3.9353E-01  1.2449E-02 -3.1372E-01 -7.9165E+00
  3.9626E-01  1.6156E-02 -3.1549E-01 -7.9458E+00
  3.9902E-01  1.9875E-02 -3.1727E-01 -7.9749E+00
  4.0179E-01  2.3604E-02 -3.1905E-01 -8.0036E+00
  4.0458E-01  2.7340E-02 -3.2084E-01 -8.0321E+00
  4.0739E-01  3.1079E-02 -3.2263E-01 -8.0602E+00
  4.1022E-01  3.4819E-02 -3.2442E-01 -8.0880E+00
  4.1307E-01  3.8557E-02 -3.2622E-01 -8.1154E+00
  4.1593E-01  4.2289E-02 -3.2802E-01 -8.1425E+00
  4.1882E-01  4.6013E-02 -3.2983E-01 -8.1693E+00
  4.2173E-01  4.9725E-02 -3.3164E-01 -8.1956E+00
  4.2466E-01  5.3423E-02 -3.3345E-01 -8.2215E+00
  4.2761E-01  5.7103E-02 -3.3526E-01 -8.2471E+00
  4.3058E-01  6.0763E-02 -3.3708E-01 -8.2722E+00
  4.3357E-01  6.4398E-02 -3.3890E-01 -8.2969E+00
  4.3658E-01  6.8007E-02 -3.4072E-01 -8.3211E+00
  4.3961E-01  7.1585E-02 -3.4254E-01 -8.3449E+00
  4.4267E-01  7.5130E-02 -3.4437E-01 -8.3682E+00
  4.4574E-01  7.8639E-02 -3.4620E-01 -8.3911E+00
  4.4884E-01  8.2108E-02 -3.4803E-01 -8.4134E+00
  4.5195E-01  8.5535E-02 -3.4986E-01 -8.4352E+00
  4.5509E-01  8.8916E-02 -3.5169E-01 -8.4565E+00
  4.5825E-01  9.2248E-02 -3.5352E-01 -8.4772E+00
  4.6144E-01  9.5529E-02 -3.5536E-01 -8.4974E+00
  4.6464E-01  9.8755E-02 -3.5719E-01 -8.5170E+00
  4.6787E-01  1.0192E-01 -3.5903E-01 -8.5360E+00
  4.7112E-01  1.0503E-01 -3.6086E-01 -8.5543E+00
  4.7439E-01  1.0808E-01 -3.6270E-01 -8.5721E+00
  4.7768E-01  1.1105E-01 -3.6453E-01 -8.5892E+00
  4.8100E-01  1.1396E-01 -3.6637E-01 -8.6057E+00
  4.8434E-01  1.1680E-01 -3.6820E-01 -8.6215E+00
  4.8771E-01  1.1956E-01 -3.7003E-01 -8.6366E+00
  4.9109E-01  1.2225E-01 -3.7187E-01 -8.6510E+00
  4.9450E-01  1.2485E-01 -3.7370E-01 -8.6646E+00
  4.9794E-01  1.2737E-01 -3.7552E-01 -8.6775E+00
  5.0140E-01  1.2981E-01 -3.7735E-01 -8.6897E+00
  5.0488E-01  1.3215E-01 -3.7918E-01 -8.7011E+00
  5.0838E-01  1.3441E-01 -3.8100E-01 -8.7116E+00
  5.1191E-01  1.3658E-01 -3.8282E-01 -8.7214E+00
  5.1547E-01  1.3865E-01 -3.8463E-01 -8.7303E+00
  5.1905E-01  1.4062E-01 -3.8644E-01 -8.7383E+00
  5.2265E-01  1.4249E-01 -3.8825E-01 -8.7455E+00
  5.2628E-01  1.4426E-01 -3.9005E-01 -8.7517E+00
  5.2994E-01  1.4593E-01 -3.9185E-01 -8.7571E+00
  5.3362E-01  1.4749E-01 -3.9365E-01 -8.7615E+00
  5.3733E-01  1.4894E-01 -3.9544E-01 -8.7649E+00
  5.4106E-01  1.5028E-01 -3.9722E-01 -8.7673E+00
  5.4481E-01  1.5151E-01 -3.9900E-01 -8.7688E+00
  5.4860E-01  1.5263E-01 -4.0077E-01 -8.7692E+00
  5.5241E-01  1.5364E-01 -4.0254E-01 -8.7686E+00
  5.5624E-01  1.5452E-01 -4.0430E-01 -8.7669E+00
  5.6011E-01  1.5529E-01 -4.0605E-01 -8.7641E+00
  5.6400E-01  1.5594E-01 -4.0780E-01 -8.7602E+00
  5.6791E-01  1.5647E-01 -4.0953E-01 -8.7551E+00
  5.7186E-01  1.5688E-01 -4.1126E-01 -8.7489E+00
  5.7583E-01  1.5717E-01 -4.1298E-01 -8.7415E+00
  5.7983E-01  1.5733E-01 -4.1469E-01 -8.7329E+00
  5.8386E-01  1.5736E-01 -4.1639E-01 -8.7231E+00
  5.8791E-01  1.5728E-01 -4.1808E-01 -8.7120E+00
  5.9199E-01  1.5706E-01 -4.1976E-01 -8.6996E+00
  5.9610E-01  1.5672E-01 -4.2143E-01 -8.6859E+00
  6.0024E-01  1.5625E-01 -4.2308E-01 -8.6709E+00
  6.0441E-01  1.5565E-01 -4.2473E-01 -8.6546E+00
  6.0861E-01  1.5493E-01 -4.2636E-01 -8.6368E+00
  6.1284E-01  1.5408E-01 -4.2798E-01 -8.6177E+00
  6.1709E-01  1.5310E-01 -4.2959E-01 -8.5971E+00
  6.2138E-01  1.5199E-01 -4.3118E-01 -8.5751E+00
  6.2569E-01  1.5075E-01 -4.3276E-01 -8.5516E+00
  6.3004E-01  1.4938E-01 -4.3433E-01 -8.5266E+00
  6.3441E-01  1.4789E-01 -4.3588E-01 -8.5001E+00
  6.3882E-01  1.4626E-01 -4.3741E-01 -8.4720E+00
  6.4326E-01  1.4451E-01 -4.3893E-01 -8.4423E+00
  6.4772E-01  1.4264E-01 -4.4043E-01 -8.4111E+00
  6.5222E-01  1.4064E-01 -4.4191E-01 -8.3782E+00
  6.5675E-01  1.3851E-01 -4.4337E-01 -8.3436E+00
  6.6131E-01  1.3626E-01 -4.4482E-01 -8.3074E+00
  6.6590E-01  1.3388E-01 -4.4625E-01 -8.2694E+00
  6.7053E-01  1.3139E-01 -4.4766E-01 -8.2297E+00
  6.7519E-01  1.2877E-01 -4.4904E-01 -8.1883E+00
  6.7987E-01  1.2603E-01 -4.5041E-01 -8.1450E+00
  6.8460E-01  1.2318E-01 -4.5175E-01 -8.1000E+00
  6.8935E-01  1.2021E-01 -4.5308E-01 -8.0531E+00
  6.9414E-01  1.1712E-01 -4.5438E-01 -8.0044E+00
  6.9896E-01  1.1392E-01 -4.5565E-01 -7.9537E+00
  7.0381E-01  1.1061E-01 -4.5691E-01 -7.9012E+00
  7.0870E-01  1.0719E-01 -4.5813E-01 -7.8467E+00
  7.1362E-01  1.0366E-01 -4.5934E-01 -7.7902E+00
  7.1858E-01  1.0003E-01 -4.6051E-01 -7.7318E+00
  7.2357E-01  9.6289E-02 -4.6166E-01 -7.6713E+00
  7.2859E-01  9.2451E-02 -4.6279E-01 -7.6088E+00
  7.3365E-01  8.8514E-02 -4.6388E-01 -7.5443E+00
  7.3875E-01  8.4482E-02 -4.6495E-01 -7.4777E+00
  7.4388E-01  8.0356E-02 -4.6599E-01 -7.4089E+00
  7.4904E-01  7.6139E-02 -4.6699E-01 -7.3380E+00
  7.5424E-01  7.1833E-02 -4.6797E-01 -7.2650E+00
  7.5948E-01  6.7443E-02 -4.6892E-01 -7.1898E+00
  7.6476E-01  6.2969E-02 -4.6983E-01 -7.1124E+00
  7.7007E-01  5.8417E-02 -4.7071E-01 -7.0328E+00
  7.7542E-01  5.3787E-02 -4.7155E-01 -6.9510E+00
  7.8080E-01  4.9084E-02 -4.7237E-01 -6.8669E+00
  7.8622E-01  4.4311E-02 -4.7314E-01 -6.7805E+00
  7.9168E-01  3.9471E-02 -4.7388E-01 -6.6919E+00
  7.9718E-01  3.4567E-02 -4.7459E-01 -6.6009E+00
  8.0272E-01  2.9603E-02 -4.7525E-01 -6.5076E+00
  8.0829E-01  2.4581E-02 -4.7588E-01 -6.4120E+00
  8.1390E-01  1.9506E-02 -4.7647E-01 -6.3140E+00
  8.1956E-01  1.4382E-02 -4.7702E-01 -6.2136E+00
  8.2525E-01  9.2101E-03 -4.7752E-01 -6.1109E+00
  8.3098E-01  3.9958E-03 -4.7799E-01 -6.0057E+00
  8.3675E-01 -1.2577E-03 -4.7841E-01 -5.8982E+00
  8.4256E-01 -6.5467E-03 -4.7879E-01 -5.7883E+00
  8.4841E-01 -1.1868E-02 -4.7913E-01 -5.6759E+00
  8.5430E-01 -1.7216E-02 -4.7942E-01 -5.5611E+00
  8.6024E-01 -2.2589E-02 -4.7967E-01 -5.4438E+00
  8.6621E-01 -2.7983E-02 -4.7987E-01 -5.3241E+00
  8.7222E-01 -3.3393E-02 -4.8002E-01 -5.2020E+00
  8.7828E-01 -3.8815E-02 -4.8012E-01 -5.0774E+00
  8.8438E-01 -4.4247E-02 -4.8018E-01 -4.9504E+00
  8.9052E-01 -4.9683E-02 -4.8018E-01 -4.8209E+00
  8.9671E-01 -5.5120E-02 -4.8014E-01 -4.6890E+00
  9.0293E-01 -6.0554E-02 -4.8004E-01 -4.5546E+00
  9.0920E-01 -6.5981E-02 -4.7989E-01 -4.4179E+00
  9.1552E-01 -7.1398E-02 -4.7969E-01 -4.2786E+00
  9.2188E-01 -7.6799E-02 -4.7943E-01 -4.1370E+00
  9.2828E-01 -8.2182E-02 -4.7912E-01 -3.9930E+00
  9.3472E-01 -8.7543E-02 -4.7875E-01 -3.8466E+00
  9.4122E-01 -9.2876E-02 -4.7832E-01 -3.6978E+00
  9.4775E-01 -9.8179E-02 -4.7784E-01 -3.5467E+00
  9.5433E-01 -1.0345E-01 -4.7730E-01 -3.3932E+00
  9.6096E-01 -1.0868E-01 -4.7669E-01 -3.2375E+00
  9.6763E-01 -1.1387E-01 -4.7603E-01 -3.0794E+00
  9.7435E-01 -1.1901E-01 -4.7531E-01 -2.9191E+00
  9.8112E-01 -1.2410E-01 -4.7453E-01 -2.7566E+00
  9.8793E-01 -1.2914E-01 -4.7368E-01 -2.5919E+00
  9.9479E-01 -1.3412E-01 -4.7277E-01 -2.4250E+00
  1.0017E+00 -1.3905E-01 -4.7179E-01 -2.2560E+00
  1.0087E+00 -1.4390E-01 -4.7075E-01 -2.0850E+00
  1.0157E+00 -1.4869E-01 -4.6965E-01 -1.9119E+00
  1.0227E+00 -1.5341E-01 -4.6847E-01 -1.7369E+00
  1.0298E+00 -1.5805E-01 -4.6723E-01 -1.5599E+00
  1.0370E+00 -1.6261E-01 -4.6592E-01 -1.3810E+00
  1.0442E+00 -1.6709E-01 -4.6455E-01 -1.2004E+00
  1.0514E+00 -1.7149E-01 -4.6310E-01 -1.0179E+00
  1.0587E+00 -1.7579E-01 -4.6158E-01 -8.3382E-01
  1.0661E+00 -1.8001E-01 -4.5999E-01 -6.4808E-01
  1.0735E+00 -1.8413E-01 -4.5832E-01 -4.6079E-01
  1.0809E+00 -1.8815E-01 -4.5659E-01 -2.7202E-01
  1.0884E+00 -1.9207E-01 -4.5478E-01 -8.1848E-02
  1.0960E+00 -1.9588E-01 -4.5289E-01  1.0964E-01
  1.1036E+00 -1.9959E-01 -4.5093E-01  3.0235E-01
  1.1113E+00 -2.0318E-01 -4.4890E-01  4.9621E-01
  1.1190E+00 -2.0666E-01 -4.4679E-01  6.9111E-01
  1.1268E+00 -2.1003E-01 -4.4460E-01  8.8696E-01
  1.1346E+00 -2.1328E-01 -4.4233E-01  1.0837E+00
  1.1425E+00 -2.1641E-01 -4.3999E-01  1.2811E+00
  1.1504E+00 -2.1941E-01 -4.3757E-01  1.4792E+00
  1.1584E+00 -2.2229E-01 -4.3506E-01  1.6777E+00
  1.1664E+00 -2.2504E-01 -4.3248E-01  1.8767E+00
  1.1745E+00 -2.2766E-01 -4.2982E-01  2.0760E+00
  1.1827E+00 -2.3014E-01 -4.2707E-01  2.2754E+00
  1.1909E+00 -2.3250E-01 -4.2425E-01  2.4748E+00
  1.1992E+00 -2.3471E-01 -4.2134E-01  2.6741E+00
  1.2075E+00 -2.3679E-01 -4.1835E-01  2.8731E+00
  1.2159E+00 -2.3872E-01 -4.1528E-01  3.0718E+00
  1.2243E+00 -2.4051E-01 -4.1213E-01  3.2699E+00
  1.2328E+00 -2.4216E-01 -4.0889E-01  3.4673E+00
  1.2414E+00 -2.4367E-01 -4.0557E-01  3.6638E+00
  1.2500E+00 -2.4502E-01 -4.0217E-01  3.8593E+00
  1.2587E+00 -2.4623E-01 -3.9868E-01  4.0536E+00
  1.2674E+00 -2.4729E-01 -3.9510E-01  4.2466E+00
  1.2762E+00 -2.4820E-01 -3.9145E-01  4.4380E+00
  1.2851E+00 -2.4896E-01 -3.8771E-01  4.6277E+00
  1.2940E+00 -2.4956E-01 -3.8388E-01  4.8155E+00
  1.3030E+00 -2.5001E-01 -3.7997E-01  5.0013E+00
  1.3121E+00 -2.5030E-01 -3.7598E-01  5.1848E+00
  1.3212E+00 -2.5044E-01 -3.7190E-01  5.3659E+00
  1.3303E+00 -2.5043E-01 -3.6773E-01  5.5443E+00
  1.3396E+00 -2.5025E-01 -3.6348E-01  5.7198E+00
  1.3489E+00 -2.4992E-01 -3.5915E-01  5.8923E+00
  1.3582E+00 -2.4944E-01 -3.5474E-01  6.0616E+00
  1.3677E+00 -2.4879E-01 -3.5023E-01  6.2274E+00
  1.3772E+00 -2.4799E-01 -3.4565E-01  6.3896E+00
  1.3867E+00 -2.4703E-01 -3.4098E-01  6.5478E+00
  1.3964E+00 -2.4591E-01 -3.3623E-01  6.7020E+00
  1.4061E+00 -2.4463E-01 -3.3140E-01  6.8518E+00
  1.4158E+00 -2.4320E-01 -3.2649E-01  6.9972E+00
  1.4257E+00 -2.4161E-01 -3.2149E-01  7.1378E+00
  1.4356E+00 -2.3986E-01 -3.1641E-01  7.2734E+00
  1.4455E+00 -2.3795E-01 -3.1126E-01  7.4039E+00
  1.4556E+00 -2.3589E-01 -3.0602E-01  7.5289E+00
  1.4657E+00 -2.3367E-01 -3.0070E-01  7.6484E+00
  1.4759E+00 -2.3130E-01 -2.9531E-01  7.7620E+00
  1.4861E+00 -2.2878E-01 -2.8983E-01  7.8696E+00
  1.4964E+00 -2.2610E-01 -2.8428E-01  7.9709E+00
  1.5068E+00 -2.2327E-01 -2.7866E-01  8.0657E+00
  1.5173E+00 -2.2029E-01 -2.7295E-01  8.1539E+00
  1.5278E+00 -2.1715E-01 -2.6718E-01  8.2352E+00
  1.5384E+00 -2.1387E-01 -2.6133E-01  8.3093E+00
  1.5491E+00 -2.1045E-01 -2.5541E-01  8.3762E+00
  1.5599E+00 -2.0687E-01 -2.4941E-01  8.4356E+00
  1.5707E+00 -2.0315E-01 -2.4335E-01  8.4873E+00
  1.5816E+00 -1.9929E-01 -2.3722E-01  8.5312E+00
  1.5926E+00 -1.9529E-01 -2.3101E-01  8.5670E+00
  1.6036E+00 -1.9114E-01 -2.2475E-01  8.5947E+00
  1.6148E+00 -1.8686E-01 -2.1841E-01  8.6140E+00
  1.6260E+00 -1.8245E-01 -2.1202E-01  8.6248E+00
  1.6373E+00 -1.7790E-01 -2.0556E-01  8.6269E+00
  1.6487E+00 -1.7321E-01 -1.9903E-01  8.6203E+00
  1.6601E+00 -1.6840E-01 -1.9245E-01  8.6047E+00
  1.6716E+00 -1.6346E-01 -1.8581E-01  8.5802E+00
  1.6832E+00 -1.5839E-01 -1.7911E-01  8.5465E+00
  1.6949E+00 -1.5320E-01 -1.7236E-01  8.5037E+00
  1.7067E+00 -1.4789E-01 -1.6555E-01  8.4517E+00
  1.7185E+00 -1.4246E-01 -1.5869E-01  8.3903E+00
  1.7305E+00 -1.3691E-01 -1.5178E-01  8.3197E+00
  1.7425E+00 -1.3125E-01 -1.4482E-01  8.2397E+00
  1.7546E+00 -1.2548E-01 -1.3781E-01  8.1503E+00
  1.7668E+00 -1.1960E-01 -1.3075E-01  8.0516E+00
  1.7791E+00 -1.1361E-01 -1.2365E-01  7.9437E+00
  1.7914E+00 -1.0752E-01 -1.1651E-01  7.8265E+00
  1.8038E+00 -1.0133E-01 -1.0932E-01  7.7002E+00
  1.8164E+00 -9.5045E-02 -1.0210E-01  7.5649E+00
  1.8290E+00 -8.8663E-02 -9.4839E-02  7.4206E+00
  1.8417E+00 -8.2190E-02 -8.7541E-02  7.2677E+00
  1.8545E+00 -7.5629E-02 -8.0208E-02  7.1061E+00
  1.8674E+00 -6.8982E-02 -7.2843E-02  6.9362E+00
  1.8803E+00 -6.2252E-02 -6.5446E-02  6.7582E+00
  1.8934E+00 -5.5443E-02 -5.8021E-02  6.5722E+00
  1.9065E+00 -4.8558E-02 -5.0568E-02  6.3787E+00
  1.9198E+00 -4.1599E-02 -4.3089E-02  6.1780E+00
  1.9331E+00 -3.4571E-02 -3.5585E-02  5.9703E+00
  1.9465E+00 -2.7477E-02 -2.8060E-02  5.7561E+00
  1.9600E+00 -2.0318E-02 -2.0513E-02  5.5357E+00
  1.9736E+00 -1.3100E-02 -1.2948E-02  5.3096E+00
  1.9873E+00 -5.8253E-03 -5.3651E-03  5.0784E+00
  2.0011E+00  1.5031E-03  2.2336E-03  4.8424E+00
  2.0150E+00  8.8817E-03  9.8464E-03  4.6022E+00
  2.0290E+00  1.6307E-02  1.7472E-02  4.3584E+00
  2.0431E+00  2.3776E-02  2.5108E-02  4.1116E+00
  2.0573E+00  3.1285E-02  3.2754E-02  3.8624E+00
  2.0716E+00  3.8830E-02  4.0407E-02  3.6115E+00
  2.0860E+00  4.6409E-02  4.8066E-02  3.3596E+00
  2.1005E+00  5.4018E-02  5.5731E-02  3.1074E+00
  2.1151E+00  6.1653E-02  6.3398E-02  2.8557E+00
  2.1297E+00  6.9311E-02  7.1067E-02  2.6053E+00
  2.1445E+00  7.6989E-02  7.8736E-02  2.3569E+00
  2.1594E+00  8.4684E-02  8.6404E-02  2.1115E+00
  2.1744E+00  9.2391E-02  9.4068E-02  1.8699E+00
  2.1895E+00  1.0011E-01  1.0173E-01  1.6330E+00
  2.2047E+00  1.0783E-01  1.0938E-01  1.4018E+00
  2.2200E+00  1.1556E-01  1.1703E-01  1.1771E+00
  2.2355E+00  1.2328E-01  1.2467E-01  9.5994E-01
  2.2510E+00  1.3101E-01  1.3230E-01  7.5130E-01
  2.2666E+00  1.3872E-01  1.3992E-01  5.5217E-01
  2.2823E+00  1.4643E-01  1.4752E-01  3.6353E-01
  2.2982E+00  1.5412E-01  1.5511E-01  1.8639E-01
  2.3142E+00  1.6180E-01  1.6268E-01  2.1753E-02
  2.3302E+00  1.6945E-01  1.7023E-01 -1.2937E-01
  2.3464E+00  1.7709E-01  1.7777E-01 -2.6600E-01
  2.3627E+00  1.8469E-01  1.8528E-01 -3.8714E-01
  2.3791E+00  1.9227E-01  1.9276E-01 -4.9184E-01
  2.3956E+00  1.9982E-01  2.0023E-01 -5.7917E-01
  2.4123E+00  2.0733E-01  2.0766E-01 -6.4822E-01
  2.4290E+00  2.1480E-01  2.1507E-01 -6.9812E-01
  2.4459E+00  2.2224E-01  2.2244E-01 -7.2806E-01
  2.4629E+00  2.2963E-01  2.2977E-01 -7.3728E-01
  2.4800E+00  2.3697E-01  2.3707E-01 -7.2509E-01
  2.4972E+00  2.4426E-01  2.4433E-01 -6.9085E-01
  2.5145E+00  2.5151E-01  2.5155E-01 -6.3404E-01
  2.5320E+00  2.5869E-01  2.5871E-01 -5.5420E-01
  2.5496E+00  2.6582E-01  2.6583E-01 -4.5101E-01
  2.5673E+00  2.7289E-01  2.7290E-01 -3.2423E-01
  2.5851E+00  2.7990E-01  2.7990E-01 -1.7379E-01
  2.6031E+00  2.8685E-01  2.8685E-01  0.0000E+00
  2.6211E+00  2.9372E-01  2.9372E-01  0.0000E+00
  2.6393E+00  3.0053E-01  3.0053E-01  0.0000E+00
  2.6577E+00  3.0726E-01  3.0726E-01  0.0000E+00
  2.6761E+00  3.1392E-01  3.1392E-01  0.0000E+00
  2.6947E+00  3.2051E-01  3.2051E-01  0.0000E+00
  2.7134E+00  3.2702E-01  3.2702E-01  0.0000E+00
  2.7322E+00  3.3344E-01  3.3344E-01  0.0000E+00
  2.7512E+00  3.3979E-01  3.3979E-01  0.0000E+00
  2.7703E+00  3.4604E-01  3.4604E-01  0.0000E+00
  2.7896E+00  3.5222E-01  3.5222E-01  0.0000E+00
  2.8089E+00  3.5830E-01  3.5830E-01  0.0000E+00
  2.8284E+00  3.6430E-01  3.6430E-01  0.0000E+00
  2.8481E+00  3.7020E-01  3.7020E-01  0.0000E+00
  2.8679E+00  3.7601E-01  3.7601E-01  0.0000E+00
  2.8878E+00  3.8172E-01  3.8172E-01  0.0000E+00
  2.9078E+00  3.8734E-01  3.8734E-01  0.0000E+00
  2.9280E+00  3.9286E-01  3.9286E-01  0.0000E+00
  2.9483E+00  3.9828E-01  3.9828E-01  0.0000E+00
  2.9688E+00  4.0360E-01  4.0360E-01  0.0000E+00
  2.9894E+00  4.0882E-01  4.0882E-01  0.0000E+00
  3.0102E+00  4.1393E-01  4.1393E-01  0.0000E+00
  3.0311E+00  4.1894E-01  4.1894E-01  0.0000E+00
  3.0521E+00  4.2385E-01  4.2385E-01  0.0000E+00
  3.0733E+00  4.2865E-01  4.2865E-01  0.0000E+00
  3.0947E+00  4.3333E-01  4.3333E-01  0.0000E+00
  3.1162E+00  4.3792E-01  4.3792E-01  0.0000E+00
  3.1378E+00  4.4239E-01  4.4239E-01  0.0000E+00
  3.1596E+00  4.4675E-01  4.4675E-01  0.0000E+00
  3.1815E+00  4.5100E-01  4.5100E-01  0.0000E+00
  3.2036E+00  4.5513E-01  4.5513E-01  0.0000E+00
  3.2259E+00  4.5916E-01  4.5916E-01  0.0000E+00
  3.2483E+00  4.6307E-01  4.6307E-01  0.0000E+00
  3.2708E+00  4.6687E-01  4.6687E-01  0.0000E+00
  3.2935E+00  4.7055E-01  4.7055E-01  0.0000E+00
  3.3164E+00  4.7412E-01  4.7412E-01  0.0000E+00
  3.3394E+00  4.7757E-01  4.7757E-01  0.0000E+00
  3.3626E+00  4.8091E-01  4.8091E-01  0.0000E+00
  3.3860E+00  4.8413E-01  4.8413E-01  0.0000E+00
  3.4095E+00  4.8723E-01  4.8723E-01  0.0000E+00
  3.4332E+00  4.9022E-01  4.9022E-01  0.0000E+00
  3.4570E+00  4.9309E-01  4.9309E-01  0.0000E+00
  3.4810E+00  4.9584E-01  4.9584E-01  0.0000E+00
  3.5052E+00  4.9848E-01  4.9848E-01  0.0000E+00
  3.5295E+00  5.0100E-01  5.0100E-01  0.0000E+00
  3.5540E+00  5.0340E-01  5.0340E-01  0.0000E+00
  3.5787E+00  5.0568E-01  5.0568E-01  0.0000E+00
  3.6036E+00  5.0785E-01  5.0785E-01  0.0000E+00
  3.6286E+00  5.0990E-01  5.0990E-01  0.0000E+00
  3.6538E+00  5.1183E-01  5.1183E-01  0.0000E+00
  3.6792E+00  5.1364E-01  5.1364E-01  0.0000E+00
