 # l=           0 basis function with energy   -0.241197863100936     
  0.0000E+00  0.0000E+00  0.0000E+00  0.0000E+00
  5.4602E-07 -1.3282E-05 -8.5322E-08 -1.2165E-05
  1.0958E-06 -2.2654E-05 -1.7124E-07 -2.4413E-05
  1.6495E-06 -3.0992E-05 -2.5775E-07 -3.6748E-05
  2.2069E-06 -3.8740E-05 -3.4486E-07 -4.9167E-05
  2.7683E-06 -4.6080E-05 -4.3258E-07 -6.1673E-05
  3.3335E-06 -5.3129E-05 -5.2090E-07 -7.4266E-05
  3.9027E-06 -5.9949E-05 -6.0984E-07 -8.6946E-05
  4.4758E-06 -6.6584E-05 -6.9940E-07 -9.9714E-05
  5.0529E-06 -7.3067E-05 -7.8958E-07 -1.1257E-04
  5.6340E-06 -7.9420E-05 -8.8038E-07 -1.2552E-04
  6.2192E-06 -8.5664E-05 -9.7182E-07 -1.3855E-04
  6.8084E-06 -9.1814E-05 -1.0639E-06 -1.5168E-04
  7.4017E-06 -9.7880E-05 -1.1566E-06 -1.6490E-04
  7.9991E-06 -1.0387E-04 -1.2500E-06 -1.7821E-04
  8.6007E-06 -1.0980E-04 -1.3440E-06 -1.9161E-04
  9.2064E-06 -1.1568E-04 -1.4386E-06 -2.0510E-04
  9.8164E-06 -1.2150E-04 -1.5339E-06 -2.1869E-04
  1.0431E-05 -1.2728E-04 -1.6299E-06 -2.3238E-04
  1.1049E-05 -1.3302E-04 -1.7265E-06 -2.4615E-04
  1.1672E-05 -1.3872E-04 -1.8238E-06 -2.6003E-04
  1.2299E-05 -1.4438E-04 -1.9218E-06 -2.7400E-04
  1.2930E-05 -1.5002E-04 -2.0205E-06 -2.8807E-04
  1.3566E-05 -1.5564E-04 -2.1198E-06 -3.0223E-04
  1.4206E-05 -1.6122E-04 -2.2199E-06 -3.1649E-04
  1.4851E-05 -1.6679E-04 -2.3206E-06 -3.3086E-04
  1.5500E-05 -1.7234E-04 -2.4221E-06 -3.4532E-04
  1.6154E-05 -1.7787E-04 -2.5242E-06 -3.5988E-04
  1.6812E-05 -1.8339E-04 -2.6271E-06 -3.7454E-04
  1.7475E-05 -1.8889E-04 -2.7306E-06 -3.8931E-04
  1.8142E-05 -1.9438E-04 -2.8349E-06 -4.0418E-04
  1.8814E-05 -1.9987E-04 -2.9399E-06 -4.1915E-04
  1.9491E-05 -2.0534E-04 -3.0456E-06 -4.3422E-04
  2.0172E-05 -2.1080E-04 -3.1521E-06 -4.4940E-04
  2.0858E-05 -2.1626E-04 -3.2593E-06 -4.6469E-04
  2.1549E-05 -2.2171E-04 -3.3673E-06 -4.8008E-04
  2.2245E-05 -2.2716E-04 -3.4760E-06 -4.9558E-04
  2.2945E-05 -2.3261E-04 -3.5854E-06 -5.1118E-04
  2.3651E-05 -2.3805E-04 -3.6957E-06 -5.2690E-04
  2.4361E-05 -2.4350E-04 -3.8066E-06 -5.4272E-04
  2.5076E-05 -2.4894E-04 -3.9184E-06 -5.5865E-04
  2.5796E-05 -2.5438E-04 -4.0309E-06 -5.7470E-04
  2.6521E-05 -2.5982E-04 -4.1442E-06 -5.9085E-04
  2.7251E-05 -2.6527E-04 -4.2583E-06 -6.0712E-04
  2.7987E-05 -2.7072E-04 -4.3732E-06 -6.2350E-04
  2.8727E-05 -2.7617E-04 -4.4889E-06 -6.3999E-04
  2.9473E-05 -2.8162E-04 -4.6054E-06 -6.5660E-04
  3.0223E-05 -2.8708E-04 -4.7227E-06 -6.7332E-04
  3.0979E-05 -2.9255E-04 -4.8408E-06 -6.9016E-04
  3.1740E-05 -2.9802E-04 -4.9598E-06 -7.0712E-04
  3.2507E-05 -3.0349E-04 -5.0795E-06 -7.2420E-04
  3.3278E-05 -3.0898E-04 -5.2001E-06 -7.4139E-04
  3.4056E-05 -3.1447E-04 -5.3216E-06 -7.5870E-04
  3.4838E-05 -3.1996E-04 -5.4438E-06 -7.7613E-04
  3.5626E-05 -3.2547E-04 -5.5670E-06 -7.9369E-04
  3.6419E-05 -3.3098E-04 -5.6909E-06 -8.1136E-04
  3.7218E-05 -3.3650E-04 -5.8158E-06 -8.2916E-04
  3.8023E-05 -3.4204E-04 -5.9415E-06 -8.4708E-04
  3.8833E-05 -3.4758E-04 -6.0681E-06 -8.6513E-04
  3.9648E-05 -3.5313E-04 -6.1955E-06 -8.8330E-04
  4.0470E-05 -3.5869E-04 -6.3239E-06 -9.0160E-04
  4.1297E-05 -3.6427E-04 -6.4531E-06 -9.2003E-04
  4.2130E-05 -3.6985E-04 -6.5832E-06 -9.3858E-04
  4.2968E-05 -3.7545E-04 -6.7143E-06 -9.5726E-04
  4.3813E-05 -3.8106E-04 -6.8462E-06 -9.7607E-04
  4.4663E-05 -3.8668E-04 -6.9791E-06 -9.9501E-04
  4.5519E-05 -3.9231E-04 -7.1128E-06 -1.0141E-03
  4.6381E-05 -3.9796E-04 -7.2476E-06 -1.0333E-03
  4.7249E-05 -4.0361E-04 -7.3832E-06 -1.0526E-03
  4.8123E-05 -4.0929E-04 -7.5198E-06 -1.0721E-03
  4.9003E-05 -4.1498E-04 -7.6573E-06 -1.0917E-03
  4.9890E-05 -4.2068E-04 -7.7958E-06 -1.1115E-03
  5.0782E-05 -4.2639E-04 -7.9353E-06 -1.1313E-03
  5.1681E-05 -4.3212E-04 -8.0757E-06 -1.1514E-03
  5.2586E-05 -4.3787E-04 -8.2171E-06 -1.1715E-03
  5.3497E-05 -4.4363E-04 -8.3595E-06 -1.1918E-03
  5.4414E-05 -4.4941E-04 -8.5029E-06 -1.2123E-03
  5.5338E-05 -4.5520E-04 -8.6472E-06 -1.2328E-03
  5.6269E-05 -4.6101E-04 -8.7926E-06 -1.2536E-03
  5.7205E-05 -4.6683E-04 -8.9390E-06 -1.2744E-03
  5.8149E-05 -4.7267E-04 -9.0864E-06 -1.2955E-03
  5.9098E-05 -4.7853E-04 -9.2348E-06 -1.3166E-03
  6.0055E-05 -4.8441E-04 -9.3842E-06 -1.3379E-03
  6.1018E-05 -4.9030E-04 -9.5347E-06 -1.3594E-03
  6.1987E-05 -4.9621E-04 -9.6862E-06 -1.3810E-03
  6.2964E-05 -5.0214E-04 -9.8388E-06 -1.4027E-03
  6.3947E-05 -5.0808E-04 -9.9925E-06 -1.4246E-03
  6.4937E-05 -5.1405E-04 -1.0147E-05 -1.4467E-03
  6.5934E-05 -5.2003E-04 -1.0303E-05 -1.4689E-03
  6.6938E-05 -5.2603E-04 -1.0460E-05 -1.4913E-03
  6.7949E-05 -5.3205E-04 -1.0618E-05 -1.5138E-03
  6.8967E-05 -5.3809E-04 -1.0777E-05 -1.5365E-03
  6.9992E-05 -5.4415E-04 -1.0937E-05 -1.5593E-03
  7.1024E-05 -5.5023E-04 -1.1098E-05 -1.5823E-03
  7.2063E-05 -5.5633E-04 -1.1261E-05 -1.6054E-03
  7.3109E-05 -5.6245E-04 -1.1424E-05 -1.6288E-03
  7.4163E-05 -5.6859E-04 -1.1589E-05 -1.6522E-03
  7.5224E-05 -5.7475E-04 -1.1755E-05 -1.6759E-03
  7.6292E-05 -5.8093E-04 -1.1922E-05 -1.6997E-03
  7.7368E-05 -5.8713E-04 -1.2090E-05 -1.7236E-03
  7.8451E-05 -5.9335E-04 -1.2259E-05 -1.7478E-03
  7.9542E-05 -5.9959E-04 -1.2429E-05 -1.7721E-03
  8.0640E-05 -6.0586E-04 -1.2601E-05 -1.7965E-03
  8.1746E-05 -6.1214E-04 -1.2774E-05 -1.8212E-03
  8.2860E-05 -6.1845E-04 -1.2948E-05 -1.8460E-03
  8.3981E-05 -6.2478E-04 -1.3123E-05 -1.8710E-03
  8.5111E-05 -6.3114E-04 -1.3299E-05 -1.8961E-03
  8.6248E-05 -6.3751E-04 -1.3477E-05 -1.9215E-03
  8.7393E-05 -6.4391E-04 -1.3656E-05 -1.9470E-03
  8.8545E-05 -6.5033E-04 -1.3836E-05 -1.9726E-03
  8.9706E-05 -6.5677E-04 -1.4018E-05 -1.9985E-03
  9.0875E-05 -6.6324E-04 -1.4200E-05 -2.0246E-03
  9.2052E-05 -6.6973E-04 -1.4384E-05 -2.0508E-03
  9.3237E-05 -6.7624E-04 -1.4569E-05 -2.0772E-03
  9.4431E-05 -6.8278E-04 -1.4756E-05 -2.1038E-03
  9.5633E-05 -6.8934E-04 -1.4944E-05 -2.1305E-03
  9.6843E-05 -6.9593E-04 -1.5133E-05 -2.1575E-03
  9.8061E-05 -7.0254E-04 -1.5323E-05 -2.1846E-03
  9.9288E-05 -7.0917E-04 -1.5515E-05 -2.2120E-03
  1.0052E-04 -7.1583E-04 -1.5708E-05 -2.2395E-03
  1.0177E-04 -7.2252E-04 -1.5902E-05 -2.2672E-03
  1.0302E-04 -7.2923E-04 -1.6098E-05 -2.2951E-03
  1.0428E-04 -7.3596E-04 -1.6295E-05 -2.3232E-03
  1.0555E-04 -7.4272E-04 -1.6494E-05 -2.3515E-03
  1.0683E-04 -7.4951E-04 -1.6694E-05 -2.3800E-03
  1.0812E-04 -7.5632E-04 -1.6895E-05 -2.4087E-03
  1.0942E-04 -7.6315E-04 -1.7097E-05 -2.4376E-03
  1.1072E-04 -7.7002E-04 -1.7301E-05 -2.4667E-03
  1.1204E-04 -7.7691E-04 -1.7507E-05 -2.4960E-03
  1.1336E-04 -7.8382E-04 -1.7714E-05 -2.5255E-03
  1.1469E-04 -7.9077E-04 -1.7922E-05 -2.5552E-03
  1.1604E-04 -7.9774E-04 -1.8132E-05 -2.5851E-03
  1.1739E-04 -8.0473E-04 -1.8343E-05 -2.6152E-03
  1.1875E-04 -8.1176E-04 -1.8556E-05 -2.6455E-03
  1.2012E-04 -8.1881E-04 -1.8770E-05 -2.6761E-03
  1.2150E-04 -8.2589E-04 -1.8986E-05 -2.7068E-03
  1.2289E-04 -8.3299E-04 -1.9203E-05 -2.7378E-03
  1.2429E-04 -8.4013E-04 -1.9421E-05 -2.7689E-03
  1.2570E-04 -8.4729E-04 -1.9642E-05 -2.8003E-03
  1.2712E-04 -8.5448E-04 -1.9863E-05 -2.8319E-03
  1.2854E-04 -8.6170E-04 -2.0087E-05 -2.8638E-03
  1.2998E-04 -8.6895E-04 -2.0311E-05 -2.8958E-03
  1.3143E-04 -8.7622E-04 -2.0538E-05 -2.9281E-03
  1.3289E-04 -8.8353E-04 -2.0766E-05 -2.9606E-03
  1.3436E-04 -8.9086E-04 -2.0995E-05 -2.9933E-03
  1.3584E-04 -8.9823E-04 -2.1226E-05 -3.0263E-03
  1.3733E-04 -9.0562E-04 -2.1459E-05 -3.0594E-03
  1.3883E-04 -9.1305E-04 -2.1693E-05 -3.0928E-03
  1.4034E-04 -9.2050E-04 -2.1929E-05 -3.1265E-03
  1.4186E-04 -9.2798E-04 -2.2167E-05 -3.1604E-03
  1.4339E-04 -9.3549E-04 -2.2406E-05 -3.1945E-03
  1.4493E-04 -9.4304E-04 -2.2647E-05 -3.2288E-03
  1.4648E-04 -9.5061E-04 -2.2890E-05 -3.2634E-03
  1.4805E-04 -9.5822E-04 -2.3134E-05 -3.2982E-03
  1.4962E-04 -9.6585E-04 -2.3380E-05 -3.3333E-03
  1.5121E-04 -9.7352E-04 -2.3628E-05 -3.3686E-03
  1.5280E-04 -9.8122E-04 -2.3877E-05 -3.4042E-03
  1.5441E-04 -9.8894E-04 -2.4128E-05 -3.4400E-03
  1.5603E-04 -9.9671E-04 -2.4381E-05 -3.4760E-03
  1.5766E-04 -1.0045E-03 -2.4636E-05 -3.5123E-03
  1.5930E-04 -1.0123E-03 -2.4892E-05 -3.5489E-03
  1.6095E-04 -1.0202E-03 -2.5150E-05 -3.5857E-03
  1.6261E-04 -1.0281E-03 -2.5410E-05 -3.6227E-03
  1.6429E-04 -1.0360E-03 -2.5672E-05 -3.6601E-03
  1.6597E-04 -1.0439E-03 -2.5935E-05 -3.6976E-03
  1.6767E-04 -1.0519E-03 -2.6201E-05 -3.7355E-03
  1.6938E-04 -1.0599E-03 -2.6468E-05 -3.7736E-03
  1.7111E-04 -1.0680E-03 -2.6737E-05 -3.8120E-03
  1.7284E-04 -1.0761E-03 -2.7008E-05 -3.8506E-03
  1.7459E-04 -1.0842E-03 -2.7281E-05 -3.8895E-03
  1.7634E-04 -1.0924E-03 -2.7556E-05 -3.9287E-03
  1.7811E-04 -1.1005E-03 -2.7832E-05 -3.9681E-03
  1.7990E-04 -1.1088E-03 -2.8111E-05 -4.0078E-03
  1.8169E-04 -1.1170E-03 -2.8392E-05 -4.0478E-03
  1.8350E-04 -1.1253E-03 -2.8674E-05 -4.0881E-03
  1.8532E-04 -1.1336E-03 -2.8958E-05 -4.1286E-03
  1.8715E-04 -1.1420E-03 -2.9245E-05 -4.1695E-03
  1.8900E-04 -1.1504E-03 -2.9533E-05 -4.2106E-03
  1.9086E-04 -1.1588E-03 -2.9824E-05 -4.2520E-03
  1.9273E-04 -1.1673E-03 -3.0116E-05 -4.2937E-03
  1.9461E-04 -1.1758E-03 -3.0410E-05 -4.3357E-03
  1.9651E-04 -1.1843E-03 -3.0707E-05 -4.3779E-03
  1.9842E-04 -1.1929E-03 -3.1005E-05 -4.4205E-03
  2.0034E-04 -1.2015E-03 -3.1306E-05 -4.4634E-03
  2.0228E-04 -1.2101E-03 -3.1609E-05 -4.5065E-03
  2.0423E-04 -1.2188E-03 -3.1914E-05 -4.5500E-03
  2.0620E-04 -1.2275E-03 -3.2221E-05 -4.5937E-03
  2.0817E-04 -1.2363E-03 -3.2530E-05 -4.6378E-03
  2.1017E-04 -1.2451E-03 -3.2841E-05 -4.6822E-03
  2.1217E-04 -1.2539E-03 -3.3154E-05 -4.7268E-03
  2.1419E-04 -1.2627E-03 -3.3470E-05 -4.7718E-03
  2.1622E-04 -1.2716E-03 -3.3787E-05 -4.8171E-03
  2.1827E-04 -1.2806E-03 -3.4107E-05 -4.8627E-03
  2.2033E-04 -1.2895E-03 -3.4430E-05 -4.9087E-03
  2.2241E-04 -1.2986E-03 -3.4754E-05 -4.9549E-03
  2.2450E-04 -1.3076E-03 -3.5081E-05 -5.0015E-03
  2.2660E-04 -1.3167E-03 -3.5409E-05 -5.0484E-03
  2.2872E-04 -1.3258E-03 -3.5741E-05 -5.0956E-03
  2.3086E-04 -1.3350E-03 -3.6074E-05 -5.1431E-03
  2.3301E-04 -1.3442E-03 -3.6410E-05 -5.1910E-03
  2.3517E-04 -1.3534E-03 -3.6748E-05 -5.2392E-03
  2.3735E-04 -1.3627E-03 -3.7089E-05 -5.2878E-03
  2.3954E-04 -1.3720E-03 -3.7432E-05 -5.3367E-03
  2.4175E-04 -1.3814E-03 -3.7777E-05 -5.3859E-03
  2.4398E-04 -1.3908E-03 -3.8124E-05 -5.4354E-03
  2.4622E-04 -1.4002E-03 -3.8474E-05 -5.4854E-03
  2.4847E-04 -1.4097E-03 -3.8827E-05 -5.5356E-03
  2.5075E-04 -1.4192E-03 -3.9182E-05 -5.5862E-03
  2.5303E-04 -1.4288E-03 -3.9539E-05 -5.6372E-03
  2.5534E-04 -1.4384E-03 -3.9899E-05 -5.6885E-03
  2.5766E-04 -1.4480E-03 -4.0261E-05 -5.7401E-03
  2.5999E-04 -1.4577E-03 -4.0626E-05 -5.7922E-03
  2.6234E-04 -1.4674E-03 -4.0994E-05 -5.8445E-03
  2.6471E-04 -1.4772E-03 -4.1364E-05 -5.8973E-03
  2.6709E-04 -1.4870E-03 -4.1736E-05 -5.9504E-03
  2.6949E-04 -1.4968E-03 -4.2111E-05 -6.0039E-03
  2.7191E-04 -1.5067E-03 -4.2489E-05 -6.0577E-03
  2.7435E-04 -1.5166E-03 -4.2870E-05 -6.1120E-03
  2.7680E-04 -1.5266E-03 -4.3253E-05 -6.1666E-03
  2.7926E-04 -1.5366E-03 -4.3638E-05 -6.2216E-03
  2.8175E-04 -1.5467E-03 -4.4027E-05 -6.2769E-03
  2.8425E-04 -1.5568E-03 -4.4418E-05 -6.3327E-03
  2.8677E-04 -1.5669E-03 -4.4811E-05 -6.3888E-03
  2.8931E-04 -1.5771E-03 -4.5208E-05 -6.4453E-03
  2.9186E-04 -1.5873E-03 -4.5607E-05 -6.5023E-03
  2.9444E-04 -1.5976E-03 -4.6009E-05 -6.5596E-03
  2.9703E-04 -1.6079E-03 -4.6414E-05 -6.6173E-03
  2.9964E-04 -1.6183E-03 -4.6821E-05 -6.6754E-03
  3.0226E-04 -1.6287E-03 -4.7232E-05 -6.7339E-03
  3.0491E-04 -1.6391E-03 -4.7645E-05 -6.7928E-03
  3.0757E-04 -1.6496E-03 -4.8061E-05 -6.8522E-03
  3.1025E-04 -1.6601E-03 -4.8480E-05 -6.9119E-03
  3.1295E-04 -1.6707E-03 -4.8902E-05 -6.9721E-03
  3.1567E-04 -1.6813E-03 -4.9327E-05 -7.0327E-03
  3.1841E-04 -1.6920E-03 -4.9755E-05 -7.0937E-03
  3.2117E-04 -1.7027E-03 -5.0186E-05 -7.1551E-03
  3.2394E-04 -1.7134E-03 -5.0620E-05 -7.2169E-03
  3.2674E-04 -1.7242E-03 -5.1057E-05 -7.2792E-03
  3.2955E-04 -1.7351E-03 -5.1496E-05 -7.3419E-03
  3.3239E-04 -1.7460E-03 -5.1939E-05 -7.4051E-03
  3.3524E-04 -1.7569E-03 -5.2385E-05 -7.4686E-03
  3.3812E-04 -1.7679E-03 -5.2834E-05 -7.5327E-03
  3.4101E-04 -1.7789E-03 -5.3287E-05 -7.5971E-03
  3.4392E-04 -1.7900E-03 -5.3742E-05 -7.6621E-03
  3.4686E-04 -1.8011E-03 -5.4200E-05 -7.7274E-03
  3.4981E-04 -1.8123E-03 -5.4662E-05 -7.7932E-03
  3.5279E-04 -1.8235E-03 -5.5127E-05 -7.8595E-03
  3.5578E-04 -1.8348E-03 -5.5595E-05 -7.9263E-03
  3.5880E-04 -1.8461E-03 -5.6066E-05 -7.9935E-03
  3.6184E-04 -1.8574E-03 -5.6541E-05 -8.0611E-03
  3.6490E-04 -1.8688E-03 -5.7019E-05 -8.1293E-03
  3.6798E-04 -1.8803E-03 -5.7500E-05 -8.1979E-03
  3.7108E-04 -1.8918E-03 -5.7985E-05 -8.2670E-03
  3.7420E-04 -1.9033E-03 -5.8473E-05 -8.3365E-03
  3.7734E-04 -1.9149E-03 -5.8964E-05 -8.4066E-03
  3.8051E-04 -1.9266E-03 -5.9459E-05 -8.4771E-03
  3.8370E-04 -1.9383E-03 -5.9957E-05 -8.5482E-03
  3.8691E-04 -1.9500E-03 -6.0459E-05 -8.6197E-03
  3.9014E-04 -1.9618E-03 -6.0964E-05 -8.6917E-03
  3.9340E-04 -1.9736E-03 -6.1473E-05 -8.7642E-03
  3.9667E-04 -1.9855E-03 -6.1985E-05 -8.8372E-03
  3.9997E-04 -1.9974E-03 -6.2500E-05 -8.9108E-03
  4.0330E-04 -2.0094E-03 -6.3020E-05 -8.9848E-03
  4.0664E-04 -2.0215E-03 -6.3543E-05 -9.0594E-03
  4.1001E-04 -2.0335E-03 -6.4069E-05 -9.1344E-03
  4.1341E-04 -2.0457E-03 -6.4599E-05 -9.2100E-03
  4.1682E-04 -2.0579E-03 -6.5133E-05 -9.2861E-03
  4.2026E-04 -2.0701E-03 -6.5671E-05 -9.3628E-03
  4.2373E-04 -2.0824E-03 -6.6212E-05 -9.4400E-03
  4.2722E-04 -2.0947E-03 -6.6757E-05 -9.5177E-03
  4.3073E-04 -2.1071E-03 -6.7306E-05 -9.5959E-03
  4.3427E-04 -2.1195E-03 -6.7859E-05 -9.6747E-03
  4.3783E-04 -2.1320E-03 -6.8415E-05 -9.7541E-03
  4.4141E-04 -2.1446E-03 -6.8976E-05 -9.8340E-03
  4.4502E-04 -2.1572E-03 -6.9540E-05 -9.9144E-03
  4.4866E-04 -2.1698E-03 -7.0108E-05 -9.9954E-03
  4.5232E-04 -2.1825E-03 -7.0680E-05 -1.0077E-02
  4.5601E-04 -2.1952E-03 -7.1257E-05 -1.0159E-02
  4.5972E-04 -2.2080E-03 -7.1837E-05 -1.0242E-02
  4.6346E-04 -2.2209E-03 -7.2421E-05 -1.0325E-02
  4.6722E-04 -2.2338E-03 -7.3009E-05 -1.0409E-02
  4.7101E-04 -2.2467E-03 -7.3601E-05 -1.0493E-02
  4.7483E-04 -2.2597E-03 -7.4198E-05 -1.0578E-02
  4.7867E-04 -2.2728E-03 -7.4798E-05 -1.0664E-02
  4.8254E-04 -2.2859E-03 -7.5403E-05 -1.0750E-02
  4.8644E-04 -2.2991E-03 -7.6012E-05 -1.0837E-02
  4.9036E-04 -2.3123E-03 -7.6625E-05 -1.0925E-02
  4.9432E-04 -2.3255E-03 -7.7242E-05 -1.1013E-02
  4.9829E-04 -2.3389E-03 -7.7864E-05 -1.1101E-02
  5.0230E-04 -2.3522E-03 -7.8490E-05 -1.1190E-02
  5.0633E-04 -2.3657E-03 -7.9120E-05 -1.1280E-02
  5.1040E-04 -2.3791E-03 -7.9755E-05 -1.1371E-02
  5.1449E-04 -2.3927E-03 -8.0394E-05 -1.1462E-02
  5.1860E-04 -2.4063E-03 -8.1038E-05 -1.1554E-02
  5.2275E-04 -2.4199E-03 -8.1686E-05 -1.1646E-02
  5.2693E-04 -2.4336E-03 -8.2338E-05 -1.1739E-02
  5.3113E-04 -2.4474E-03 -8.2995E-05 -1.1833E-02
  5.3537E-04 -2.4612E-03 -8.3657E-05 -1.1927E-02
  5.3963E-04 -2.4750E-03 -8.4323E-05 -1.2022E-02
  5.4392E-04 -2.4889E-03 -8.4994E-05 -1.2118E-02
  5.4825E-04 -2.5029E-03 -8.5670E-05 -1.2214E-02
  5.5260E-04 -2.5169E-03 -8.6350E-05 -1.2311E-02
  5.5698E-04 -2.5310E-03 -8.7035E-05 -1.2409E-02
  5.6140E-04 -2.5452E-03 -8.7724E-05 -1.2507E-02
  5.6584E-04 -2.5593E-03 -8.8419E-05 -1.2606E-02
  5.7032E-04 -2.5736E-03 -8.9118E-05 -1.2706E-02
  5.7482E-04 -2.5879E-03 -8.9822E-05 -1.2806E-02
  5.7936E-04 -2.6023E-03 -9.0531E-05 -1.2907E-02
  5.8393E-04 -2.6167E-03 -9.1245E-05 -1.3009E-02
  5.8853E-04 -2.6311E-03 -9.1964E-05 -1.3111E-02
  5.9316E-04 -2.6457E-03 -9.2688E-05 -1.3215E-02
  5.9783E-04 -2.6602E-03 -9.3417E-05 -1.3319E-02
  6.0252E-04 -2.6749E-03 -9.4151E-05 -1.3423E-02
  6.0725E-04 -2.6896E-03 -9.4890E-05 -1.3529E-02
  6.1202E-04 -2.7043E-03 -9.5634E-05 -1.3635E-02
  6.1681E-04 -2.7191E-03 -9.6384E-05 -1.3742E-02
  6.2164E-04 -2.7340E-03 -9.7138E-05 -1.3849E-02
  6.2650E-04 -2.7489E-03 -9.7898E-05 -1.3957E-02
  6.3140E-04 -2.7639E-03 -9.8663E-05 -1.4067E-02
  6.3633E-04 -2.7789E-03 -9.9434E-05 -1.4176E-02
  6.4129E-04 -2.7940E-03 -1.0021E-04 -1.4287E-02
  6.4629E-04 -2.8092E-03 -1.0099E-04 -1.4398E-02
  6.5133E-04 -2.8244E-03 -1.0178E-04 -1.4511E-02
  6.5640E-04 -2.8396E-03 -1.0257E-04 -1.4623E-02
  6.6150E-04 -2.8549E-03 -1.0337E-04 -1.4737E-02
  6.6664E-04 -2.8703E-03 -1.0417E-04 -1.4852E-02
  6.7181E-04 -2.8857E-03 -1.0498E-04 -1.4967E-02
  6.7703E-04 -2.9012E-03 -1.0579E-04 -1.5083E-02
  6.8227E-04 -2.9168E-03 -1.0661E-04 -1.5200E-02
  6.8756E-04 -2.9324E-03 -1.0744E-04 -1.5318E-02
  6.9288E-04 -2.9480E-03 -1.0827E-04 -1.5436E-02
  6.9823E-04 -2.9638E-03 -1.0911E-04 -1.5556E-02
  7.0363E-04 -2.9795E-03 -1.0995E-04 -1.5676E-02
  7.0906E-04 -2.9954E-03 -1.1080E-04 -1.5797E-02
  7.1453E-04 -3.0113E-03 -1.1165E-04 -1.5919E-02
  7.2004E-04 -3.0272E-03 -1.1251E-04 -1.6041E-02
  7.2558E-04 -3.0432E-03 -1.1338E-04 -1.6165E-02
  7.3117E-04 -3.0593E-03 -1.1425E-04 -1.6289E-02
  7.3679E-04 -3.0754E-03 -1.1513E-04 -1.6414E-02
  7.4245E-04 -3.0916E-03 -1.1602E-04 -1.6541E-02
  7.4815E-04 -3.1079E-03 -1.1691E-04 -1.6668E-02
  7.5390E-04 -3.1242E-03 -1.1780E-04 -1.6796E-02
  7.5968E-04 -3.1405E-03 -1.1871E-04 -1.6924E-02
  7.6550E-04 -3.1569E-03 -1.1962E-04 -1.7054E-02
  7.7136E-04 -3.1734E-03 -1.2053E-04 -1.7185E-02
  7.7726E-04 -3.1899E-03 -1.2146E-04 -1.7316E-02
  7.8320E-04 -3.2065E-03 -1.2238E-04 -1.7449E-02
  7.8919E-04 -3.2232E-03 -1.2332E-04 -1.7582E-02
  7.9521E-04 -3.2399E-03 -1.2426E-04 -1.7716E-02
  8.0128E-04 -3.2566E-03 -1.2521E-04 -1.7851E-02
  8.0739E-04 -3.2735E-03 -1.2616E-04 -1.7987E-02
  8.1355E-04 -3.2903E-03 -1.2713E-04 -1.8124E-02
  8.1974E-04 -3.3073E-03 -1.2809E-04 -1.8262E-02
  8.2598E-04 -3.3243E-03 -1.2907E-04 -1.8401E-02
  8.3226E-04 -3.3413E-03 -1.3005E-04 -1.8541E-02
  8.3858E-04 -3.3585E-03 -1.3104E-04 -1.8682E-02
  8.4495E-04 -3.3756E-03 -1.3203E-04 -1.8824E-02
  8.5137E-04 -3.3929E-03 -1.3304E-04 -1.8967E-02
  8.5782E-04 -3.4102E-03 -1.3404E-04 -1.9111E-02
  8.6433E-04 -3.4275E-03 -1.3506E-04 -1.9256E-02
  8.7088E-04 -3.4449E-03 -1.3608E-04 -1.9402E-02
  8.7747E-04 -3.4624E-03 -1.3711E-04 -1.9549E-02
  8.8411E-04 -3.4799E-03 -1.3815E-04 -1.9696E-02
  8.9079E-04 -3.4975E-03 -1.3920E-04 -1.9845E-02
  8.9752E-04 -3.5151E-03 -1.4025E-04 -1.9995E-02
  9.0430E-04 -3.5328E-03 -1.4131E-04 -2.0146E-02
  9.1113E-04 -3.5506E-03 -1.4237E-04 -2.0298E-02
  9.1800E-04 -3.5684E-03 -1.4345E-04 -2.0452E-02
  9.2492E-04 -3.5862E-03 -1.4453E-04 -2.0606E-02
  9.3189E-04 -3.6042E-03 -1.4562E-04 -2.0761E-02
  9.3891E-04 -3.6221E-03 -1.4671E-04 -2.0917E-02
  9.4597E-04 -3.6402E-03 -1.4782E-04 -2.1075E-02
  9.5309E-04 -3.6583E-03 -1.4893E-04 -2.1233E-02
  9.6025E-04 -3.6764E-03 -1.5005E-04 -2.1393E-02
  9.6746E-04 -3.6947E-03 -1.5118E-04 -2.1554E-02
  9.7473E-04 -3.7129E-03 -1.5231E-04 -2.1715E-02
  9.8204E-04 -3.7313E-03 -1.5346E-04 -2.1878E-02
  9.8941E-04 -3.7496E-03 -1.5461E-04 -2.2042E-02
  9.9682E-04 -3.7681E-03 -1.5576E-04 -2.2208E-02
  1.0043E-03 -3.7866E-03 -1.5693E-04 -2.2374E-02
  1.0118E-03 -3.8051E-03 -1.5811E-04 -2.2541E-02
  1.0194E-03 -3.8237E-03 -1.5929E-04 -2.2710E-02
  1.0270E-03 -3.8424E-03 -1.6048E-04 -2.2880E-02
  1.0347E-03 -3.8611E-03 -1.6168E-04 -2.3051E-02
  1.0424E-03 -3.8799E-03 -1.6289E-04 -2.3223E-02
  1.0502E-03 -3.8987E-03 -1.6411E-04 -2.3397E-02
  1.0580E-03 -3.9176E-03 -1.6533E-04 -2.3571E-02
  1.0659E-03 -3.9366E-03 -1.6656E-04 -2.3747E-02
  1.0739E-03 -3.9556E-03 -1.6781E-04 -2.3924E-02
  1.0819E-03 -3.9746E-03 -1.6906E-04 -2.4103E-02
  1.0899E-03 -3.9937E-03 -1.7032E-04 -2.4282E-02
  1.0981E-03 -4.0129E-03 -1.7158E-04 -2.4463E-02
  1.1062E-03 -4.0321E-03 -1.7286E-04 -2.4645E-02
  1.1145E-03 -4.0514E-03 -1.7415E-04 -2.4828E-02
  1.1227E-03 -4.0707E-03 -1.7544E-04 -2.5013E-02
  1.1311E-03 -4.0901E-03 -1.7674E-04 -2.5199E-02
  1.1395E-03 -4.1095E-03 -1.7806E-04 -2.5386E-02
  1.1479E-03 -4.1290E-03 -1.7938E-04 -2.5574E-02
  1.1565E-03 -4.1485E-03 -1.8071E-04 -2.5764E-02
  1.1650E-03 -4.1681E-03 -1.8205E-04 -2.5955E-02
  1.1737E-03 -4.1878E-03 -1.8340E-04 -2.6147E-02
  1.1824E-03 -4.2075E-03 -1.8476E-04 -2.6341E-02
  1.1911E-03 -4.2272E-03 -1.8613E-04 -2.6536E-02
  1.1999E-03 -4.2470E-03 -1.8750E-04 -2.6733E-02
  1.2088E-03 -4.2669E-03 -1.8889E-04 -2.6930E-02
  1.2178E-03 -4.2868E-03 -1.9029E-04 -2.7130E-02
  1.2268E-03 -4.3067E-03 -1.9169E-04 -2.7330E-02
  1.2358E-03 -4.3267E-03 -1.9311E-04 -2.7532E-02
  1.2449E-03 -4.3468E-03 -1.9454E-04 -2.7735E-02
  1.2541E-03 -4.3669E-03 -1.9597E-04 -2.7940E-02
  1.2634E-03 -4.3870E-03 -1.9742E-04 -2.8146E-02
  1.2727E-03 -4.4073E-03 -1.9888E-04 -2.8354E-02
  1.2821E-03 -4.4275E-03 -2.0034E-04 -2.8563E-02
  1.2915E-03 -4.4478E-03 -2.0182E-04 -2.8773E-02
  1.3011E-03 -4.4682E-03 -2.0330E-04 -2.8985E-02
  1.3106E-03 -4.4886E-03 -2.0480E-04 -2.9199E-02
  1.3203E-03 -4.5090E-03 -2.0631E-04 -2.9414E-02
  1.3300E-03 -4.5295E-03 -2.0783E-04 -2.9630E-02
  1.3398E-03 -4.5500E-03 -2.0936E-04 -2.9848E-02
  1.3496E-03 -4.5706E-03 -2.1089E-04 -3.0067E-02
  1.3595E-03 -4.5912E-03 -2.1244E-04 -3.0288E-02
  1.3695E-03 -4.6119E-03 -2.1400E-04 -3.0511E-02
  1.3796E-03 -4.6326E-03 -2.1558E-04 -3.0735E-02
  1.3897E-03 -4.6534E-03 -2.1716E-04 -3.0961E-02
  1.3999E-03 -4.6742E-03 -2.1875E-04 -3.1188E-02
  1.4102E-03 -4.6951E-03 -2.2036E-04 -3.1416E-02
  1.4205E-03 -4.7159E-03 -2.2197E-04 -3.1647E-02
  1.4309E-03 -4.7369E-03 -2.2360E-04 -3.1879E-02
  1.4414E-03 -4.7579E-03 -2.2524E-04 -3.2112E-02
  1.4520E-03 -4.7789E-03 -2.2688E-04 -3.2347E-02
  1.4626E-03 -4.7999E-03 -2.2855E-04 -3.2584E-02
  1.4733E-03 -4.8210E-03 -2.3022E-04 -3.2822E-02
  1.4841E-03 -4.8422E-03 -2.3190E-04 -3.3063E-02
  1.4949E-03 -4.8634E-03 -2.3360E-04 -3.3304E-02
  1.5058E-03 -4.8846E-03 -2.3530E-04 -3.3548E-02
  1.5168E-03 -4.9059E-03 -2.3702E-04 -3.3793E-02
  1.5279E-03 -4.9271E-03 -2.3876E-04 -3.4040E-02
  1.5391E-03 -4.9485E-03 -2.4050E-04 -3.4288E-02
  1.5503E-03 -4.9699E-03 -2.4225E-04 -3.4538E-02
  1.5616E-03 -4.9913E-03 -2.4402E-04 -3.4790E-02
  1.5730E-03 -5.0127E-03 -2.4580E-04 -3.5044E-02
  1.5845E-03 -5.0342E-03 -2.4759E-04 -3.5300E-02
  1.5960E-03 -5.0557E-03 -2.4940E-04 -3.5557E-02
  1.6077E-03 -5.0772E-03 -2.5121E-04 -3.5816E-02
  1.6194E-03 -5.0988E-03 -2.5304E-04 -3.6077E-02
  1.6312E-03 -5.1204E-03 -2.5489E-04 -3.6340E-02
  1.6430E-03 -5.1421E-03 -2.5674E-04 -3.6604E-02
  1.6550E-03 -5.1637E-03 -2.5861E-04 -3.6870E-02
  1.6670E-03 -5.1854E-03 -2.6049E-04 -3.7139E-02
  1.6792E-03 -5.2072E-03 -2.6239E-04 -3.7409E-02
  1.6914E-03 -5.2289E-03 -2.6429E-04 -3.7681E-02
  1.7036E-03 -5.2507E-03 -2.6621E-04 -3.7954E-02
  1.7160E-03 -5.2725E-03 -2.6815E-04 -3.8230E-02
  1.7285E-03 -5.2943E-03 -2.7009E-04 -3.8508E-02
  1.7410E-03 -5.3162E-03 -2.7205E-04 -3.8787E-02
  1.7537E-03 -5.3381E-03 -2.7403E-04 -3.9069E-02
  1.7664E-03 -5.3600E-03 -2.7602E-04 -3.9352E-02
  1.7792E-03 -5.3819E-03 -2.7802E-04 -3.9638E-02
  1.7921E-03 -5.4039E-03 -2.8004E-04 -3.9925E-02
  1.8051E-03 -5.4259E-03 -2.8207E-04 -4.0214E-02
  1.8182E-03 -5.4479E-03 -2.8411E-04 -4.0506E-02
  1.8313E-03 -5.4699E-03 -2.8617E-04 -4.0799E-02
  1.8446E-03 -5.4919E-03 -2.8824E-04 -4.1095E-02
  1.8580E-03 -5.5140E-03 -2.9033E-04 -4.1392E-02
  1.8714E-03 -5.5360E-03 -2.9243E-04 -4.1692E-02
  1.8850E-03 -5.5581E-03 -2.9454E-04 -4.1993E-02
  1.8986E-03 -5.5802E-03 -2.9667E-04 -4.2297E-02
  1.9123E-03 -5.6023E-03 -2.9882E-04 -4.2603E-02
  1.9261E-03 -5.6245E-03 -3.0098E-04 -4.2911E-02
  1.9401E-03 -5.6466E-03 -3.0315E-04 -4.3221E-02
  1.9541E-03 -5.6687E-03 -3.0535E-04 -4.3533E-02
  1.9682E-03 -5.6909E-03 -3.0755E-04 -4.3848E-02
  1.9824E-03 -5.7131E-03 -3.0977E-04 -4.4165E-02
  1.9967E-03 -5.7352E-03 -3.1201E-04 -4.4483E-02
  2.0111E-03 -5.7574E-03 -3.1426E-04 -4.4804E-02
  2.0256E-03 -5.7796E-03 -3.1653E-04 -4.5128E-02
  2.0403E-03 -5.8018E-03 -3.1881E-04 -4.5453E-02
  2.0550E-03 -5.8240E-03 -3.2111E-04 -4.5781E-02
  2.0698E-03 -5.8461E-03 -3.2342E-04 -4.6111E-02
  2.0847E-03 -5.8683E-03 -3.2576E-04 -4.6443E-02
  2.0997E-03 -5.8905E-03 -3.2810E-04 -4.6778E-02
  2.1148E-03 -5.9127E-03 -3.3047E-04 -4.7115E-02
  2.1301E-03 -5.9349E-03 -3.3285E-04 -4.7454E-02
  2.1454E-03 -5.9571E-03 -3.3524E-04 -4.7796E-02
  2.1609E-03 -5.9793E-03 -3.3766E-04 -4.8140E-02
  2.1764E-03 -6.0014E-03 -3.4009E-04 -4.8487E-02
  2.1921E-03 -6.0236E-03 -3.4253E-04 -4.8835E-02
  2.2078E-03 -6.0457E-03 -3.4500E-04 -4.9187E-02
  2.2237E-03 -6.0679E-03 -3.4748E-04 -4.9540E-02
  2.2397E-03 -6.0900E-03 -3.4998E-04 -4.9896E-02
  2.2558E-03 -6.1121E-03 -3.5249E-04 -5.0255E-02
  2.2720E-03 -6.1342E-03 -3.5502E-04 -5.0616E-02
  2.2883E-03 -6.1563E-03 -3.5757E-04 -5.0980E-02
  2.3048E-03 -6.1784E-03 -3.6014E-04 -5.1346E-02
  2.3213E-03 -6.2004E-03 -3.6273E-04 -5.1715E-02
  2.3380E-03 -6.2224E-03 -3.6533E-04 -5.2086E-02
  2.3548E-03 -6.2444E-03 -3.6795E-04 -5.2460E-02
  2.3717E-03 -6.2664E-03 -3.7060E-04 -5.2836E-02
  2.3887E-03 -6.2883E-03 -3.7325E-04 -5.3215E-02
  2.4058E-03 -6.3103E-03 -3.7593E-04 -5.3597E-02
  2.4231E-03 -6.3322E-03 -3.7863E-04 -5.3981E-02
  2.4404E-03 -6.3540E-03 -3.8134E-04 -5.4368E-02
  2.4579E-03 -6.3759E-03 -3.8407E-04 -5.4758E-02
  2.4755E-03 -6.3977E-03 -3.8683E-04 -5.5150E-02
  2.4933E-03 -6.4194E-03 -3.8960E-04 -5.5545E-02
  2.5111E-03 -6.4411E-03 -3.9239E-04 -5.5943E-02
  2.5291E-03 -6.4628E-03 -3.9520E-04 -5.6344E-02
  2.5472E-03 -6.4845E-03 -3.9803E-04 -5.6747E-02
  2.5654E-03 -6.5061E-03 -4.0088E-04 -5.7154E-02
  2.5838E-03 -6.5276E-03 -4.0375E-04 -5.7563E-02
  2.6023E-03 -6.5492E-03 -4.0663E-04 -5.7974E-02
  2.6209E-03 -6.5706E-03 -4.0954E-04 -5.8389E-02
  2.6397E-03 -6.5920E-03 -4.1247E-04 -5.8807E-02
  2.6585E-03 -6.6134E-03 -4.1542E-04 -5.9227E-02
  2.6775E-03 -6.6347E-03 -4.1839E-04 -5.9651E-02
  2.6967E-03 -6.6560E-03 -4.2138E-04 -6.0077E-02
  2.7159E-03 -6.6772E-03 -4.2439E-04 -6.0506E-02
  2.7354E-03 -6.6983E-03 -4.2743E-04 -6.0939E-02
  2.7549E-03 -6.7194E-03 -4.3048E-04 -6.1374E-02
  2.7746E-03 -6.7404E-03 -4.3355E-04 -6.1812E-02
  2.7944E-03 -6.7614E-03 -4.3665E-04 -6.2254E-02
  2.8143E-03 -6.7823E-03 -4.3977E-04 -6.2698E-02
  2.8344E-03 -6.8031E-03 -4.4291E-04 -6.3146E-02
  2.8546E-03 -6.8238E-03 -4.4607E-04 -6.3596E-02
  2.8750E-03 -6.8445E-03 -4.4925E-04 -6.4050E-02
  2.8955E-03 -6.8651E-03 -4.5245E-04 -6.4507E-02
  2.9162E-03 -6.8856E-03 -4.5568E-04 -6.4967E-02
  2.9370E-03 -6.9061E-03 -4.5893E-04 -6.5430E-02
  2.9579E-03 -6.9264E-03 -4.6220E-04 -6.5897E-02
  2.9790E-03 -6.9467E-03 -4.6550E-04 -6.6366E-02
  3.0002E-03 -6.9669E-03 -4.6881E-04 -6.6839E-02
  3.0216E-03 -6.9870E-03 -4.7215E-04 -6.7316E-02
  3.0431E-03 -7.0070E-03 -4.7552E-04 -6.7795E-02
  3.0648E-03 -7.0269E-03 -4.7891E-04 -6.8278E-02
  3.0866E-03 -7.0467E-03 -4.8232E-04 -6.8764E-02
  3.1086E-03 -7.0664E-03 -4.8575E-04 -6.9254E-02
  3.1308E-03 -7.0860E-03 -4.8921E-04 -6.9747E-02
  3.1530E-03 -7.1055E-03 -4.9269E-04 -7.0244E-02
  3.1755E-03 -7.1249E-03 -4.9620E-04 -7.0744E-02
  3.1981E-03 -7.1442E-03 -4.9973E-04 -7.1247E-02
  3.2208E-03 -7.1634E-03 -5.0328E-04 -7.1754E-02
  3.2437E-03 -7.1825E-03 -5.0686E-04 -7.2264E-02
  3.2668E-03 -7.2015E-03 -5.1047E-04 -7.2778E-02
  3.2900E-03 -7.2203E-03 -5.1410E-04 -7.3296E-02
  3.3134E-03 -7.2390E-03 -5.1775E-04 -7.3817E-02
  3.3370E-03 -7.2576E-03 -5.2143E-04 -7.4341E-02
  3.3607E-03 -7.2761E-03 -5.2514E-04 -7.4870E-02
  3.3846E-03 -7.2944E-03 -5.2887E-04 -7.5402E-02
  3.4086E-03 -7.3126E-03 -5.3263E-04 -7.5938E-02
  3.4328E-03 -7.3307E-03 -5.3641E-04 -7.6477E-02
  3.4572E-03 -7.3486E-03 -5.4022E-04 -7.7020E-02
  3.4818E-03 -7.3664E-03 -5.4406E-04 -7.7567E-02
  3.5065E-03 -7.3840E-03 -5.4792E-04 -7.8118E-02
  3.5314E-03 -7.4015E-03 -5.5181E-04 -7.8673E-02
  3.5565E-03 -7.4188E-03 -5.5573E-04 -7.9231E-02
  3.5817E-03 -7.4360E-03 -5.5967E-04 -7.9793E-02
  3.6071E-03 -7.4531E-03 -5.6364E-04 -8.0359E-02
  3.6327E-03 -7.4699E-03 -5.6764E-04 -8.0930E-02
  3.6585E-03 -7.4867E-03 -5.7167E-04 -8.1504E-02
  3.6844E-03 -7.5032E-03 -5.7572E-04 -8.2082E-02
  3.7106E-03 -7.5196E-03 -5.7981E-04 -8.2664E-02
  3.7369E-03 -7.5358E-03 -5.8392E-04 -8.3250E-02
  3.7634E-03 -7.5518E-03 -5.8806E-04 -8.3840E-02
  3.7901E-03 -7.5677E-03 -5.9223E-04 -8.4435E-02
  3.8169E-03 -7.5834E-03 -5.9642E-04 -8.5033E-02
  3.8440E-03 -7.5989E-03 -6.0065E-04 -8.5636E-02
  3.8712E-03 -7.6142E-03 -6.0491E-04 -8.6242E-02
  3.8986E-03 -7.6293E-03 -6.0919E-04 -8.6853E-02
  3.9262E-03 -7.6442E-03 -6.1351E-04 -8.7469E-02
  3.9541E-03 -7.6589E-03 -6.1785E-04 -8.8088E-02
  3.9821E-03 -7.6734E-03 -6.2223E-04 -8.8712E-02
  4.0103E-03 -7.6877E-03 -6.2663E-04 -8.9340E-02
  4.0386E-03 -7.7018E-03 -6.3107E-04 -8.9973E-02
  4.0672E-03 -7.7157E-03 -6.3554E-04 -9.0609E-02
  4.0960E-03 -7.7294E-03 -6.4004E-04 -9.1251E-02
  4.1250E-03 -7.7429E-03 -6.4457E-04 -9.1897E-02
  4.1542E-03 -7.7561E-03 -6.4913E-04 -9.2547E-02
  4.1836E-03 -7.7691E-03 -6.5372E-04 -9.3202E-02
  4.2132E-03 -7.7819E-03 -6.5834E-04 -9.3861E-02
  4.2430E-03 -7.7944E-03 -6.6300E-04 -9.4525E-02
  4.2730E-03 -7.8067E-03 -6.6769E-04 -9.5193E-02
  4.3032E-03 -7.8188E-03 -6.7241E-04 -9.5866E-02
  4.3336E-03 -7.8306E-03 -6.7716E-04 -9.6544E-02
  4.3643E-03 -7.8422E-03 -6.8195E-04 -9.7227E-02
  4.3951E-03 -7.8535E-03 -6.8677E-04 -9.7914E-02
  4.4262E-03 -7.8646E-03 -6.9163E-04 -9.8606E-02
  4.4575E-03 -7.8754E-03 -6.9651E-04 -9.9303E-02
  4.4890E-03 -7.8859E-03 -7.0144E-04 -1.0000E-01
  4.5207E-03 -7.8962E-03 -7.0639E-04 -1.0071E-01
  4.5526E-03 -7.9062E-03 -7.1138E-04 -1.0142E-01
  4.5848E-03 -7.9159E-03 -7.1641E-04 -1.0214E-01
  4.6172E-03 -7.9253E-03 -7.2147E-04 -1.0286E-01
  4.6498E-03 -7.9345E-03 -7.2656E-04 -1.0359E-01
  4.6826E-03 -7.9433E-03 -7.3169E-04 -1.0432E-01
  4.7157E-03 -7.9519E-03 -7.3686E-04 -1.0505E-01
  4.7490E-03 -7.9602E-03 -7.4206E-04 -1.0580E-01
  4.7825E-03 -7.9681E-03 -7.4730E-04 -1.0654E-01
  4.8162E-03 -7.9758E-03 -7.5257E-04 -1.0729E-01
  4.8502E-03 -7.9832E-03 -7.5788E-04 -1.0805E-01
  4.8845E-03 -7.9902E-03 -7.6323E-04 -1.0881E-01
  4.9189E-03 -7.9969E-03 -7.6861E-04 -1.0958E-01
  4.9536E-03 -8.0033E-03 -7.7403E-04 -1.1036E-01
  4.9886E-03 -8.0094E-03 -7.7949E-04 -1.1113E-01
  5.0237E-03 -8.0151E-03 -7.8499E-04 -1.1192E-01
  5.0592E-03 -8.0205E-03 -7.9053E-04 -1.1271E-01
  5.0949E-03 -8.0256E-03 -7.9610E-04 -1.1350E-01
  5.1308E-03 -8.0303E-03 -8.0171E-04 -1.1430E-01
  5.1670E-03 -8.0346E-03 -8.0737E-04 -1.1511E-01
  5.2034E-03 -8.0386E-03 -8.1306E-04 -1.1592E-01
  5.2401E-03 -8.0423E-03 -8.1879E-04 -1.1674E-01
  5.2770E-03 -8.0455E-03 -8.2456E-04 -1.1756E-01
  5.3142E-03 -8.0484E-03 -8.3037E-04 -1.1839E-01
  5.3516E-03 -8.0510E-03 -8.3622E-04 -1.1922E-01
  5.3893E-03 -8.0531E-03 -8.4211E-04 -1.2006E-01
  5.4273E-03 -8.0549E-03 -8.4804E-04 -1.2091E-01
  5.4655E-03 -8.0563E-03 -8.5402E-04 -1.2176E-01
  5.5040E-03 -8.0573E-03 -8.6003E-04 -1.2262E-01
  5.5428E-03 -8.0579E-03 -8.6609E-04 -1.2348E-01
  5.5818E-03 -8.0580E-03 -8.7219E-04 -1.2435E-01
  5.6211E-03 -8.0578E-03 -8.7833E-04 -1.2522E-01
  5.6607E-03 -8.0572E-03 -8.8451E-04 -1.2611E-01
  5.7006E-03 -8.0561E-03 -8.9074E-04 -1.2699E-01
  5.7407E-03 -8.0547E-03 -8.9701E-04 -1.2789E-01
  5.7811E-03 -8.0528E-03 -9.0332E-04 -1.2879E-01
  5.8218E-03 -8.0504E-03 -9.0968E-04 -1.2969E-01
  5.8628E-03 -8.0476E-03 -9.1608E-04 -1.3061E-01
  5.9040E-03 -8.0444E-03 -9.2253E-04 -1.3153E-01
  5.9456E-03 -8.0408E-03 -9.2902E-04 -1.3245E-01
  5.9874E-03 -8.0366E-03 -9.3555E-04 -1.3338E-01
  6.0295E-03 -8.0321E-03 -9.4213E-04 -1.3432E-01
  6.0719E-03 -8.0270E-03 -9.4876E-04 -1.3527E-01
  6.1146E-03 -8.0215E-03 -9.5543E-04 -1.3622E-01
  6.1576E-03 -8.0155E-03 -9.6215E-04 -1.3718E-01
  6.2009E-03 -8.0091E-03 -9.6892E-04 -1.3814E-01
  6.2445E-03 -8.0021E-03 -9.7573E-04 -1.3911E-01
  6.2885E-03 -7.9947E-03 -9.8259E-04 -1.4009E-01
  6.3327E-03 -7.9868E-03 -9.8950E-04 -1.4107E-01
  6.3772E-03 -7.9783E-03 -9.9645E-04 -1.4207E-01
  6.4220E-03 -7.9694E-03 -1.0035E-03 -1.4306E-01
  6.4672E-03 -7.9599E-03 -1.0105E-03 -1.4407E-01
  6.5126E-03 -7.9500E-03 -1.0176E-03 -1.4508E-01
  6.5584E-03 -7.9395E-03 -1.0248E-03 -1.4610E-01
  6.6045E-03 -7.9285E-03 -1.0320E-03 -1.4713E-01
  6.6509E-03 -7.9169E-03 -1.0392E-03 -1.4816E-01
  6.6976E-03 -7.9048E-03 -1.0465E-03 -1.4920E-01
  6.7446E-03 -7.8922E-03 -1.0539E-03 -1.5025E-01
  6.7920E-03 -7.8790E-03 -1.0613E-03 -1.5131E-01
  6.8397E-03 -7.8653E-03 -1.0687E-03 -1.5237E-01
  6.8878E-03 -7.8510E-03 -1.0762E-03 -1.5344E-01
  6.9361E-03 -7.8362E-03 -1.0838E-03 -1.5452E-01
  6.9849E-03 -7.8207E-03 -1.0914E-03 -1.5560E-01
  7.0339E-03 -7.8047E-03 -1.0991E-03 -1.5669E-01
  7.0833E-03 -7.7881E-03 -1.1068E-03 -1.5779E-01
  7.1330E-03 -7.7710E-03 -1.1145E-03 -1.5890E-01
  7.1831E-03 -7.7532E-03 -1.1224E-03 -1.6002E-01
  7.2335E-03 -7.7349E-03 -1.1302E-03 -1.6114E-01
  7.2843E-03 -7.7159E-03 -1.1382E-03 -1.6227E-01
  7.3354E-03 -7.6963E-03 -1.1462E-03 -1.6341E-01
  7.3869E-03 -7.6761E-03 -1.1542E-03 -1.6456E-01
  7.4387E-03 -7.6553E-03 -1.1623E-03 -1.6571E-01
  7.4909E-03 -7.6339E-03 -1.1705E-03 -1.6687E-01
  7.5435E-03 -7.6119E-03 -1.1787E-03 -1.6804E-01
  7.5964E-03 -7.5892E-03 -1.1869E-03 -1.6922E-01
  7.6497E-03 -7.5658E-03 -1.1953E-03 -1.7041E-01
  7.7034E-03 -7.5418E-03 -1.2037E-03 -1.7161E-01
  7.7574E-03 -7.5172E-03 -1.2121E-03 -1.7281E-01
  7.8118E-03 -7.4919E-03 -1.2206E-03 -1.7402E-01
  7.8666E-03 -7.4660E-03 -1.2292E-03 -1.7524E-01
  7.9218E-03 -7.4393E-03 -1.2378E-03 -1.7647E-01
  7.9774E-03 -7.4120E-03 -1.2465E-03 -1.7771E-01
  8.0333E-03 -7.3841E-03 -1.2552E-03 -1.7895E-01
  8.0896E-03 -7.3554E-03 -1.2640E-03 -1.8021E-01
  8.1463E-03 -7.3261E-03 -1.2728E-03 -1.8147E-01
  8.2035E-03 -7.2960E-03 -1.2818E-03 -1.8274E-01
  8.2610E-03 -7.2653E-03 -1.2908E-03 -1.8402E-01
  8.3189E-03 -7.2338E-03 -1.2998E-03 -1.8531E-01
  8.3772E-03 -7.2017E-03 -1.3089E-03 -1.8661E-01
  8.4359E-03 -7.1688E-03 -1.3181E-03 -1.8792E-01
  8.4950E-03 -7.1352E-03 -1.3273E-03 -1.8924E-01
  8.5546E-03 -7.1009E-03 -1.3366E-03 -1.9056E-01
  8.6145E-03 -7.0658E-03 -1.3460E-03 -1.9190E-01
  8.6749E-03 -7.0300E-03 -1.3554E-03 -1.9324E-01
  8.7357E-03 -6.9935E-03 -1.3649E-03 -1.9460E-01
  8.7969E-03 -6.9562E-03 -1.3745E-03 -1.9596E-01
  8.8585E-03 -6.9182E-03 -1.3841E-03 -1.9733E-01
  8.9205E-03 -6.8794E-03 -1.3938E-03 -1.9871E-01
  8.9830E-03 -6.8398E-03 -1.4036E-03 -2.0011E-01
  9.0460E-03 -6.7995E-03 -1.4134E-03 -2.0151E-01
  9.1093E-03 -6.7584E-03 -1.4233E-03 -2.0292E-01
  9.1731E-03 -6.7166E-03 -1.4332E-03 -2.0434E-01
  9.2374E-03 -6.6739E-03 -1.4433E-03 -2.0577E-01
  9.3020E-03 -6.6305E-03 -1.4534E-03 -2.0721E-01
  9.3672E-03 -6.5863E-03 -1.4636E-03 -2.0866E-01
  9.4328E-03 -6.5413E-03 -1.4738E-03 -2.1012E-01
  9.4988E-03 -6.4955E-03 -1.4841E-03 -2.1159E-01
  9.5653E-03 -6.4489E-03 -1.4945E-03 -2.1307E-01
  9.6323E-03 -6.4015E-03 -1.5050E-03 -2.1457E-01
  9.6997E-03 -6.3533E-03 -1.5155E-03 -2.1607E-01
  9.7676E-03 -6.3042E-03 -1.5261E-03 -2.1758E-01
  9.8360E-03 -6.2544E-03 -1.5368E-03 -2.1910E-01
  9.9048E-03 -6.2037E-03 -1.5475E-03 -2.2064E-01
  9.9742E-03 -6.1522E-03 -1.5584E-03 -2.2218E-01
  1.0044E-02 -6.0998E-03 -1.5693E-03 -2.2373E-01
  1.0114E-02 -6.0467E-03 -1.5803E-03 -2.2530E-01
  1.0185E-02 -5.9926E-03 -1.5913E-03 -2.2688E-01
  1.0256E-02 -5.9378E-03 -1.6024E-03 -2.2846E-01
  1.0328E-02 -5.8821E-03 -1.6137E-03 -2.3006E-01
  1.0400E-02 -5.8255E-03 -1.6249E-03 -2.3167E-01
  1.0473E-02 -5.7681E-03 -1.6363E-03 -2.3329E-01
  1.0546E-02 -5.7099E-03 -1.6478E-03 -2.3492E-01
  1.0620E-02 -5.6507E-03 -1.6593E-03 -2.3656E-01
  1.0694E-02 -5.5908E-03 -1.6709E-03 -2.3822E-01
  1.0769E-02 -5.5299E-03 -1.6826E-03 -2.3989E-01
  1.0845E-02 -5.4682E-03 -1.6943E-03 -2.4156E-01
  1.0920E-02 -5.4056E-03 -1.7062E-03 -2.4325E-01
  1.0997E-02 -5.3422E-03 -1.7181E-03 -2.4495E-01
  1.1074E-02 -5.2778E-03 -1.7301E-03 -2.4666E-01
  1.1151E-02 -5.2126E-03 -1.7422E-03 -2.4839E-01
  1.1229E-02 -5.1465E-03 -1.7544E-03 -2.5013E-01
  1.1308E-02 -5.0795E-03 -1.7667E-03 -2.5187E-01
  1.1387E-02 -5.0117E-03 -1.7790E-03 -2.5363E-01
  1.1466E-02 -4.9429E-03 -1.7914E-03 -2.5541E-01
  1.1546E-02 -4.8733E-03 -1.8040E-03 -2.5719E-01
  1.1627E-02 -4.8027E-03 -1.8166E-03 -2.5899E-01
  1.1708E-02 -4.7313E-03 -1.8293E-03 -2.6080E-01
  1.1790E-02 -4.6590E-03 -1.8420E-03 -2.6262E-01
  1.1873E-02 -4.5858E-03 -1.8549E-03 -2.6446E-01
  1.1956E-02 -4.5117E-03 -1.8679E-03 -2.6630E-01
  1.2039E-02 -4.4367E-03 -1.8809E-03 -2.6817E-01
  1.2123E-02 -4.3608E-03 -1.8941E-03 -2.7004E-01
  1.2208E-02 -4.2840E-03 -1.9073E-03 -2.7193E-01
  1.2293E-02 -4.2063E-03 -1.9206E-03 -2.7383E-01
  1.2379E-02 -4.1277E-03 -1.9340E-03 -2.7574E-01
  1.2466E-02 -4.0482E-03 -1.9475E-03 -2.7766E-01
  1.2553E-02 -3.9678E-03 -1.9612E-03 -2.7960E-01
  1.2641E-02 -3.8866E-03 -1.9748E-03 -2.8156E-01
  1.2729E-02 -3.8044E-03 -1.9886E-03 -2.8352E-01
  1.2818E-02 -3.7213E-03 -2.0025E-03 -2.8550E-01
  1.2908E-02 -3.6373E-03 -2.0165E-03 -2.8750E-01
  1.2998E-02 -3.5525E-03 -2.0306E-03 -2.8950E-01
  1.3088E-02 -3.4667E-03 -2.0448E-03 -2.9153E-01
  1.3180E-02 -3.3800E-03 -2.0591E-03 -2.9356E-01
  1.3272E-02 -3.2925E-03 -2.0734E-03 -2.9561E-01
  1.3365E-02 -3.2041E-03 -2.0879E-03 -2.9767E-01
  1.3458E-02 -3.1147E-03 -2.1025E-03 -2.9975E-01
  1.3552E-02 -3.0245E-03 -2.1172E-03 -3.0185E-01
  1.3647E-02 -2.9334E-03 -2.1319E-03 -3.0395E-01
  1.3742E-02 -2.8415E-03 -2.1468E-03 -3.0607E-01
  1.3838E-02 -2.7486E-03 -2.1618E-03 -3.0821E-01
  1.3935E-02 -2.6549E-03 -2.1769E-03 -3.1036E-01
  1.4032E-02 -2.5603E-03 -2.1921E-03 -3.1253E-01
  1.4130E-02 -2.4649E-03 -2.2074E-03 -3.1471E-01
  1.4229E-02 -2.3686E-03 -2.2228E-03 -3.1691E-01
  1.4328E-02 -2.2714E-03 -2.2383E-03 -3.1912E-01
  1.4428E-02 -2.1734E-03 -2.2539E-03 -3.2134E-01
  1.4529E-02 -2.0745E-03 -2.2697E-03 -3.2359E-01
  1.4630E-02 -1.9748E-03 -2.2855E-03 -3.2584E-01
  1.4732E-02 -1.8742E-03 -2.3014E-03 -3.2812E-01
  1.4835E-02 -1.7728E-03 -2.3175E-03 -3.3041E-01
  1.4939E-02 -1.6706E-03 -2.3337E-03 -3.3271E-01
  1.5043E-02 -1.5676E-03 -2.3499E-03 -3.3503E-01
  1.5148E-02 -1.4637E-03 -2.3663E-03 -3.3737E-01
  1.5254E-02 -1.3590E-03 -2.3828E-03 -3.3972E-01
  1.5360E-02 -1.2536E-03 -2.3995E-03 -3.4209E-01
  1.5467E-02 -1.1473E-03 -2.4162E-03 -3.4448E-01
  1.5575E-02 -1.0402E-03 -2.4331E-03 -3.4688E-01
  1.5684E-02 -9.3239E-04 -2.4500E-03 -3.4930E-01
  1.5793E-02 -8.2379E-04 -2.4671E-03 -3.5174E-01
  1.5904E-02 -7.1441E-04 -2.4843E-03 -3.5419E-01
  1.6015E-02 -6.0429E-04 -2.5016E-03 -3.5666E-01
  1.6126E-02 -4.9341E-04 -2.5191E-03 -3.5915E-01
  1.6239E-02 -3.8180E-04 -2.5366E-03 -3.6165E-01
  1.6352E-02 -2.6946E-04 -2.5543E-03 -3.6417E-01
  1.6466E-02 -1.5640E-04 -2.5721E-03 -3.6671E-01
  1.6581E-02 -4.2635E-05 -2.5901E-03 -3.6927E-01
  1.6697E-02  7.1828E-05 -2.6081E-03 -3.7184E-01
  1.6813E-02  1.8698E-04 -2.6263E-03 -3.7444E-01
  1.6931E-02  3.0280E-04 -2.6446E-03 -3.7705E-01
  1.7049E-02  4.1929E-04 -2.6631E-03 -3.7968E-01
  1.7168E-02  5.3643E-04 -2.6816E-03 -3.8232E-01
  1.7287E-02  6.5421E-04 -2.7003E-03 -3.8499E-01
  1.7408E-02  7.7262E-04 -2.7191E-03 -3.8767E-01
  1.7529E-02  8.9164E-04 -2.7381E-03 -3.9037E-01
  1.7652E-02  1.0113E-03 -2.7572E-03 -3.9309E-01
  1.7775E-02  1.1315E-03 -2.7764E-03 -3.9583E-01
  1.7899E-02  1.2522E-03 -2.7957E-03 -3.9859E-01
  1.8024E-02  1.3736E-03 -2.8152E-03 -4.0137E-01
  1.8149E-02  1.4955E-03 -2.8348E-03 -4.0416E-01
  1.8276E-02  1.6179E-03 -2.8546E-03 -4.0698E-01
  1.8403E-02  1.7408E-03 -2.8745E-03 -4.0982E-01
  1.8532E-02  1.8642E-03 -2.8945E-03 -4.1267E-01
  1.8661E-02  1.9881E-03 -2.9147E-03 -4.1555E-01
  1.8791E-02  2.1125E-03 -2.9350E-03 -4.1844E-01
  1.8922E-02  2.2373E-03 -2.9554E-03 -4.2136E-01
  1.9054E-02  2.3625E-03 -2.9760E-03 -4.2429E-01
  1.9187E-02  2.4882E-03 -2.9967E-03 -4.2725E-01
  1.9321E-02  2.6142E-03 -3.0176E-03 -4.3022E-01
  1.9455E-02  2.7406E-03 -3.0386E-03 -4.3322E-01
  1.9591E-02  2.8674E-03 -3.0598E-03 -4.3624E-01
  1.9728E-02  2.9945E-03 -3.0811E-03 -4.3928E-01
  1.9865E-02  3.1219E-03 -3.1026E-03 -4.4234E-01
  2.0004E-02  3.2496E-03 -3.1242E-03 -4.4542E-01
  2.0143E-02  3.3776E-03 -3.1459E-03 -4.4852E-01
  2.0283E-02  3.5059E-03 -3.1678E-03 -4.5164E-01
  2.0425E-02  3.6343E-03 -3.1899E-03 -4.5479E-01
  2.0567E-02  3.7630E-03 -3.2121E-03 -4.5795E-01
  2.0711E-02  3.8919E-03 -3.2345E-03 -4.6114E-01
  2.0855E-02  4.0209E-03 -3.2570E-03 -4.6435E-01
  2.1000E-02  4.1500E-03 -3.2797E-03 -4.6758E-01
  2.1147E-02  4.2793E-03 -3.3025E-03 -4.7084E-01
  2.1294E-02  4.4087E-03 -3.3255E-03 -4.7412E-01
  2.1442E-02  4.5381E-03 -3.3486E-03 -4.7742E-01
  2.1592E-02  4.6676E-03 -3.3720E-03 -4.8074E-01
  2.1742E-02  4.7971E-03 -3.3954E-03 -4.8409E-01
  2.1894E-02  4.9266E-03 -3.4191E-03 -4.8746E-01
  2.2046E-02  5.0560E-03 -3.4429E-03 -4.9085E-01
  2.2200E-02  5.1854E-03 -3.4668E-03 -4.9427E-01
  2.2355E-02  5.3147E-03 -3.4909E-03 -4.9771E-01
  2.2511E-02  5.4438E-03 -3.5152E-03 -5.0117E-01
  2.2667E-02  5.5729E-03 -3.5397E-03 -5.0466E-01
  2.2825E-02  5.7017E-03 -3.5643E-03 -5.0817E-01
  2.2984E-02  5.8303E-03 -3.5891E-03 -5.1170E-01
  2.3145E-02  5.9587E-03 -3.6141E-03 -5.1526E-01
  2.3306E-02  6.0869E-03 -3.6393E-03 -5.1885E-01
  2.3468E-02  6.2147E-03 -3.6646E-03 -5.2246E-01
  2.3632E-02  6.3422E-03 -3.6901E-03 -5.2609E-01
  2.3796E-02  6.4694E-03 -3.7157E-03 -5.2975E-01
  2.3962E-02  6.5962E-03 -3.7416E-03 -5.3344E-01
  2.4129E-02  6.7225E-03 -3.7676E-03 -5.3715E-01
  2.4297E-02  6.8484E-03 -3.7938E-03 -5.4089E-01
  2.4466E-02  6.9738E-03 -3.8202E-03 -5.4465E-01
  2.4637E-02  7.0987E-03 -3.8468E-03 -5.4844E-01
  2.4808E-02  7.2230E-03 -3.8735E-03 -5.5225E-01
  2.4981E-02  7.3467E-03 -3.9005E-03 -5.5609E-01
  2.5155E-02  7.4698E-03 -3.9276E-03 -5.5996E-01
  2.5330E-02  7.5923E-03 -3.9549E-03 -5.6385E-01
  2.5507E-02  7.7140E-03 -3.9824E-03 -5.6777E-01
  2.5685E-02  7.8351E-03 -4.0101E-03 -5.7172E-01
  2.5863E-02  7.9553E-03 -4.0380E-03 -5.7570E-01
  2.6044E-02  8.0748E-03 -4.0661E-03 -5.7970E-01
  2.6225E-02  8.1934E-03 -4.0943E-03 -5.8373E-01
  2.6408E-02  8.3111E-03 -4.1228E-03 -5.8779E-01
  2.6592E-02  8.4279E-03 -4.1515E-03 -5.9187E-01
  2.6777E-02  8.5438E-03 -4.1803E-03 -5.9599E-01
  2.6963E-02  8.6587E-03 -4.2094E-03 -6.0013E-01
  2.7151E-02  8.7725E-03 -4.2386E-03 -6.0430E-01
  2.7340E-02  8.8852E-03 -4.2681E-03 -6.0850E-01
  2.7530E-02  8.9969E-03 -4.2978E-03 -6.1273E-01
  2.7722E-02  9.1074E-03 -4.3276E-03 -6.1699E-01
  2.7915E-02  9.2167E-03 -4.3577E-03 -6.2128E-01
  2.8110E-02  9.3248E-03 -4.3880E-03 -6.2560E-01
  2.8305E-02  9.4316E-03 -4.4185E-03 -6.2994E-01
  2.8502E-02  9.5370E-03 -4.4492E-03 -6.3432E-01
  2.8701E-02  9.6411E-03 -4.4801E-03 -6.3873E-01
  2.8901E-02  9.7439E-03 -4.5112E-03 -6.4317E-01
  2.9102E-02  9.8451E-03 -4.5426E-03 -6.4763E-01
  2.9305E-02  9.9449E-03 -4.5741E-03 -6.5213E-01
  2.9509E-02  1.0043E-02 -4.6059E-03 -6.5666E-01
  2.9714E-02  1.0140E-02 -4.6379E-03 -6.6123E-01
  2.9921E-02  1.0235E-02 -4.6701E-03 -6.6582E-01
  3.0129E-02  1.0328E-02 -4.7026E-03 -6.7044E-01
  3.0339E-02  1.0420E-02 -4.7352E-03 -6.7510E-01
  3.0550E-02  1.0510E-02 -4.7681E-03 -6.7979E-01
  3.0763E-02  1.0598E-02 -4.8012E-03 -6.8451E-01
  3.0977E-02  1.0685E-02 -4.8346E-03 -6.8926E-01
  3.1193E-02  1.0769E-02 -4.8681E-03 -6.9405E-01
  3.1410E-02  1.0852E-02 -4.9019E-03 -6.9887E-01
  3.1628E-02  1.0932E-02 -4.9360E-03 -7.0372E-01
  3.1849E-02  1.1011E-02 -4.9702E-03 -7.0861E-01
  3.2070E-02  1.1087E-02 -5.0047E-03 -7.1353E-01
  3.2294E-02  1.1162E-02 -5.0395E-03 -7.1848E-01
  3.2518E-02  1.1234E-02 -5.0745E-03 -7.2347E-01
  3.2745E-02  1.1304E-02 -5.1097E-03 -7.2849E-01
  3.2973E-02  1.1372E-02 -5.1452E-03 -7.3354E-01
  3.3202E-02  1.1438E-02 -5.1809E-03 -7.3864E-01
  3.3433E-02  1.1501E-02 -5.2168E-03 -7.4376E-01
  3.3666E-02  1.1562E-02 -5.2530E-03 -7.4892E-01
  3.3900E-02  1.1620E-02 -5.2895E-03 -7.5412E-01
  3.4136E-02  1.1676E-02 -5.3262E-03 -7.5935E-01
  3.4374E-02  1.1730E-02 -5.3632E-03 -7.6462E-01
  3.4613E-02  1.1781E-02 -5.4004E-03 -7.6993E-01
  3.4854E-02  1.1829E-02 -5.4378E-03 -7.7527E-01
  3.5096E-02  1.1875E-02 -5.4756E-03 -7.8065E-01
  3.5341E-02  1.1918E-02 -5.5135E-03 -7.8606E-01
  3.5587E-02  1.1958E-02 -5.5518E-03 -7.9152E-01
  3.5834E-02  1.1995E-02 -5.5903E-03 -7.9701E-01
  3.6084E-02  1.2030E-02 -5.6291E-03 -8.0253E-01
  3.6335E-02  1.2062E-02 -5.6681E-03 -8.0810E-01
  3.6588E-02  1.2091E-02 -5.7074E-03 -8.1370E-01
  3.6842E-02  1.2117E-02 -5.7470E-03 -8.1935E-01
  3.7099E-02  1.2140E-02 -5.7869E-03 -8.2503E-01
  3.7357E-02  1.2160E-02 -5.8270E-03 -8.3075E-01
  3.7617E-02  1.2177E-02 -5.8674E-03 -8.3651E-01
  3.7878E-02  1.2190E-02 -5.9081E-03 -8.4231E-01
  3.8142E-02  1.2201E-02 -5.9490E-03 -8.4814E-01
  3.8407E-02  1.2208E-02 -5.9902E-03 -8.5402E-01
  3.8675E-02  1.2213E-02 -6.0318E-03 -8.5994E-01
  3.8944E-02  1.2214E-02 -6.0736E-03 -8.6590E-01
  3.9215E-02  1.2211E-02 -6.1157E-03 -8.7190E-01
  3.9488E-02  1.2205E-02 -6.1580E-03 -8.7795E-01
  3.9762E-02  1.2196E-02 -6.2007E-03 -8.8403E-01
  4.0039E-02  1.2184E-02 -6.2437E-03 -8.9016E-01
  4.0318E-02  1.2168E-02 -6.2869E-03 -8.9632E-01
  4.0598E-02  1.2148E-02 -6.3305E-03 -9.0253E-01
  4.0881E-02  1.2125E-02 -6.3744E-03 -9.0878E-01
  4.1165E-02  1.2098E-02 -6.4185E-03 -9.1508E-01
  4.1451E-02  1.2068E-02 -6.4630E-03 -9.2142E-01
  4.1740E-02  1.2034E-02 -6.5077E-03 -9.2780E-01
  4.2030E-02  1.1996E-02 -6.5528E-03 -9.3422E-01
  4.2322E-02  1.1955E-02 -6.5982E-03 -9.4069E-01
  4.2617E-02  1.1910E-02 -6.6439E-03 -9.4721E-01
  4.2913E-02  1.1861E-02 -6.6899E-03 -9.5376E-01
  4.3212E-02  1.1809E-02 -6.7362E-03 -9.6037E-01
  4.3512E-02  1.1752E-02 -6.7828E-03 -9.6702E-01
  4.3815E-02  1.1692E-02 -6.8298E-03 -9.7371E-01
  4.4120E-02  1.1628E-02 -6.8770E-03 -9.8045E-01
  4.4427E-02  1.1560E-02 -6.9246E-03 -9.8723E-01
  4.4736E-02  1.1488E-02 -6.9726E-03 -9.9407E-01
  4.5047E-02  1.1412E-02 -7.0208E-03 -1.0009E+00
  4.5360E-02  1.1332E-02 -7.0694E-03 -1.0079E+00
  4.5676E-02  1.1248E-02 -7.1183E-03 -1.0148E+00
  4.5994E-02  1.1160E-02 -7.1675E-03 -1.0219E+00
  4.6314E-02  1.1069E-02 -7.2171E-03 -1.0289E+00
  4.6636E-02  1.0973E-02 -7.2670E-03 -1.0360E+00
  4.6960E-02  1.0873E-02 -7.3173E-03 -1.0432E+00
  4.7287E-02  1.0769E-02 -7.3679E-03 -1.0504E+00
  4.7616E-02  1.0661E-02 -7.4189E-03 -1.0577E+00
  4.7947E-02  1.0548E-02 -7.4702E-03 -1.0650E+00
  4.8280E-02  1.0432E-02 -7.5218E-03 -1.0724E+00
  4.8616E-02  1.0312E-02 -7.5738E-03 -1.0798E+00
  4.8954E-02  1.0187E-02 -7.6262E-03 -1.0872E+00
  4.9295E-02  1.0059E-02 -7.6789E-03 -1.0948E+00
  4.9638E-02  9.9261E-03 -7.7319E-03 -1.1023E+00
  4.9983E-02  9.7893E-03 -7.7854E-03 -1.1099E+00
  5.0330E-02  9.6484E-03 -7.8392E-03 -1.1176E+00
  5.0680E-02  9.5034E-03 -7.8933E-03 -1.1253E+00
  5.1033E-02  9.3543E-03 -7.9478E-03 -1.1331E+00
  5.1388E-02  9.2011E-03 -8.0027E-03 -1.1409E+00
  5.1745E-02  9.0437E-03 -8.0580E-03 -1.1488E+00
  5.2105E-02  8.8823E-03 -8.1137E-03 -1.1567E+00
  5.2467E-02  8.7169E-03 -8.1697E-03 -1.1647E+00
  5.2832E-02  8.5474E-03 -8.2261E-03 -1.1728E+00
  5.3200E-02  8.3738E-03 -8.2829E-03 -1.1809E+00
  5.3570E-02  8.1962E-03 -8.3401E-03 -1.1890E+00
  5.3942E-02  8.0147E-03 -8.3976E-03 -1.1972E+00
  5.4317E-02  7.8291E-03 -8.4556E-03 -1.2055E+00
  5.4695E-02  7.6396E-03 -8.5139E-03 -1.2138E+00
  5.5075E-02  7.4461E-03 -8.5727E-03 -1.2222E+00
  5.5458E-02  7.2488E-03 -8.6318E-03 -1.2306E+00
  5.5844E-02  7.0476E-03 -8.6914E-03 -1.2391E+00
  5.6232E-02  6.8425E-03 -8.7513E-03 -1.2476E+00
  5.6623E-02  6.6337E-03 -8.8117E-03 -1.2562E+00
  5.7017E-02  6.4210E-03 -8.8724E-03 -1.2649E+00
  5.7413E-02  6.2047E-03 -8.9336E-03 -1.2736E+00
  5.7813E-02  5.9846E-03 -8.9952E-03 -1.2824E+00
  5.8215E-02  5.7609E-03 -9.0572E-03 -1.2913E+00
  5.8619E-02  5.5337E-03 -9.1196E-03 -1.3001E+00
  5.9027E-02  5.3028E-03 -9.1825E-03 -1.3091E+00
  5.9437E-02  5.0685E-03 -9.2457E-03 -1.3181E+00
  5.9851E-02  4.8308E-03 -9.3094E-03 -1.3272E+00
  6.0267E-02  4.5896E-03 -9.3736E-03 -1.3363E+00
  6.0686E-02  4.3451E-03 -9.4381E-03 -1.3456E+00
  6.1108E-02  4.0974E-03 -9.5031E-03 -1.3548E+00
  6.1533E-02  3.8464E-03 -9.5685E-03 -1.3641E+00
  6.1960E-02  3.5923E-03 -9.6344E-03 -1.3735E+00
  6.2391E-02  3.3352E-03 -9.7007E-03 -1.3830E+00
  6.2825E-02  3.0750E-03 -9.7675E-03 -1.3925E+00
  6.3262E-02  2.8119E-03 -9.8347E-03 -1.4021E+00
  6.3702E-02  2.5460E-03 -9.9024E-03 -1.4117E+00
  6.4145E-02  2.2773E-03 -9.9705E-03 -1.4214E+00
  6.4590E-02  2.0059E-03 -1.0039E-02 -1.4312E+00
  6.5040E-02  1.7318E-03 -1.0108E-02 -1.4411E+00
  6.5492E-02  1.4553E-03 -1.0178E-02 -1.4510E+00
  6.5947E-02  1.1763E-03 -1.0248E-02 -1.4609E+00
  6.6405E-02  8.9504E-04 -1.0318E-02 -1.4710E+00
  6.6867E-02  6.1148E-04 -1.0389E-02 -1.4811E+00
  6.7332E-02  3.2577E-04 -1.0460E-02 -1.4913E+00
  6.7800E-02  3.8008E-05 -1.0532E-02 -1.5015E+00
  6.8271E-02 -2.5171E-04 -1.0605E-02 -1.5118E+00
  6.8746E-02 -5.4327E-04 -1.0677E-02 -1.5222E+00
  6.9224E-02 -8.3658E-04 -1.0751E-02 -1.5327E+00
  6.9705E-02 -1.1315E-03 -1.0824E-02 -1.5432E+00
  7.0190E-02 -1.4280E-03 -1.0899E-02 -1.5538E+00
  7.0678E-02 -1.7258E-03 -1.0974E-02 -1.5644E+00
  7.1169E-02 -2.0250E-03 -1.1049E-02 -1.5752E+00
  7.1664E-02 -2.3253E-03 -1.1125E-02 -1.5860E+00
  7.2162E-02 -2.6267E-03 -1.1201E-02 -1.5968E+00
  7.2663E-02 -2.9290E-03 -1.1278E-02 -1.6078E+00
  7.3169E-02 -3.2322E-03 -1.1355E-02 -1.6188E+00
  7.3677E-02 -3.5359E-03 -1.1433E-02 -1.6299E+00
  7.4189E-02 -3.8403E-03 -1.1511E-02 -1.6411E+00
  7.4705E-02 -4.1450E-03 -1.1590E-02 -1.6523E+00
  7.5224E-02 -4.4500E-03 -1.1670E-02 -1.6636E+00
  7.5747E-02 -4.7552E-03 -1.1749E-02 -1.6750E+00
  7.6274E-02 -5.0603E-03 -1.1830E-02 -1.6865E+00
  7.6804E-02 -5.3654E-03 -1.1911E-02 -1.6980E+00
  7.7338E-02 -5.6701E-03 -1.1992E-02 -1.7097E+00
  7.7875E-02 -5.9744E-03 -1.2074E-02 -1.7214E+00
  7.8417E-02 -6.2781E-03 -1.2157E-02 -1.7331E+00
  7.8962E-02 -6.5811E-03 -1.2240E-02 -1.7450E+00
  7.9511E-02 -6.8832E-03 -1.2324E-02 -1.7569E+00
  8.0063E-02 -7.1842E-03 -1.2408E-02 -1.7689E+00
  8.0620E-02 -7.4841E-03 -1.2493E-02 -1.7810E+00
  8.1180E-02 -7.7826E-03 -1.2578E-02 -1.7932E+00
  8.1744E-02 -8.0796E-03 -1.2664E-02 -1.8054E+00
  8.2312E-02 -8.3750E-03 -1.2751E-02 -1.8178E+00
  8.2885E-02 -8.6685E-03 -1.2838E-02 -1.8302E+00
  8.3461E-02 -8.9601E-03 -1.2925E-02 -1.8427E+00
  8.4041E-02 -9.2494E-03 -1.3014E-02 -1.8552E+00
  8.4625E-02 -9.5365E-03 -1.3102E-02 -1.8679E+00
  8.5213E-02 -9.8211E-03 -1.3192E-02 -1.8806E+00
  8.5805E-02 -1.0103E-02 -1.3282E-02 -1.8935E+00
  8.6402E-02 -1.0382E-02 -1.3372E-02 -1.9064E+00
  8.7002E-02 -1.0658E-02 -1.3463E-02 -1.9193E+00
  8.7607E-02 -1.0931E-02 -1.3555E-02 -1.9324E+00
  8.8216E-02 -1.1201E-02 -1.3647E-02 -1.9456E+00
  8.8829E-02 -1.1467E-02 -1.3740E-02 -1.9588E+00
  8.9446E-02 -1.1729E-02 -1.3834E-02 -1.9722E+00
  9.0068E-02 -1.1988E-02 -1.3928E-02 -1.9856E+00
  9.0694E-02 -1.2242E-02 -1.4023E-02 -1.9991E+00
  9.1324E-02 -1.2493E-02 -1.4118E-02 -2.0127E+00
  9.1959E-02 -1.2738E-02 -1.4214E-02 -2.0264E+00
  9.2598E-02 -1.2980E-02 -1.4311E-02 -2.0401E+00
  9.3241E-02 -1.3216E-02 -1.4408E-02 -2.0540E+00
  9.3889E-02 -1.3448E-02 -1.4506E-02 -2.0679E+00
  9.4542E-02 -1.3675E-02 -1.4604E-02 -2.0820E+00
  9.5199E-02 -1.3896E-02 -1.4704E-02 -2.0961E+00
  9.5860E-02 -1.4112E-02 -1.4803E-02 -2.1103E+00
  9.6527E-02 -1.4323E-02 -1.4904E-02 -2.1246E+00
  9.7197E-02 -1.4527E-02 -1.5005E-02 -2.1390E+00
  9.7873E-02 -1.4726E-02 -1.5106E-02 -2.1535E+00
  9.8553E-02 -1.4918E-02 -1.5209E-02 -2.1681E+00
  9.9238E-02 -1.5105E-02 -1.5312E-02 -2.1828E+00
  9.9928E-02 -1.5285E-02 -1.5416E-02 -2.1976E+00
  1.0062E-01 -1.5458E-02 -1.5520E-02 -2.2125E+00
  1.0132E-01 -1.5624E-02 -1.5625E-02 -2.2274E+00
  1.0203E-01 -1.5784E-02 -1.5731E-02 -2.2425E+00
  1.0273E-01 -1.5936E-02 -1.5837E-02 -2.2576E+00
  1.0345E-01 -1.6081E-02 -1.5944E-02 -2.2729E+00
  1.0417E-01 -1.6219E-02 -1.6052E-02 -2.2882E+00
  1.0489E-01 -1.6349E-02 -1.6160E-02 -2.3037E+00
  1.0562E-01 -1.6471E-02 -1.6269E-02 -2.3192E+00
  1.0635E-01 -1.6586E-02 -1.6379E-02 -2.3349E+00
  1.0709E-01 -1.6692E-02 -1.6489E-02 -2.3506E+00
  1.0784E-01 -1.6791E-02 -1.6600E-02 -2.3665E+00
  1.0859E-01 -1.6881E-02 -1.6712E-02 -2.3824E+00
  1.0934E-01 -1.6962E-02 -1.6825E-02 -2.3984E+00
  1.1010E-01 -1.7035E-02 -1.6938E-02 -2.4146E+00
  1.1087E-01 -1.7100E-02 -1.7052E-02 -2.4308E+00
  1.1164E-01 -1.7155E-02 -1.7167E-02 -2.4472E+00
  1.1241E-01 -1.7201E-02 -1.7282E-02 -2.4636E+00
  1.1319E-01 -1.7239E-02 -1.7398E-02 -2.4802E+00
  1.1398E-01 -1.7267E-02 -1.7515E-02 -2.4968E+00
  1.1477E-01 -1.7286E-02 -1.7633E-02 -2.5136E+00
  1.1557E-01 -1.7295E-02 -1.7751E-02 -2.5304E+00
  1.1637E-01 -1.7295E-02 -1.7870E-02 -2.5474E+00
  1.1718E-01 -1.7285E-02 -1.7990E-02 -2.5645E+00
  1.1799E-01 -1.7265E-02 -1.8110E-02 -2.5817E+00
  1.1881E-01 -1.7236E-02 -1.8232E-02 -2.5989E+00
  1.1964E-01 -1.7197E-02 -1.8354E-02 -2.6163E+00
  1.2047E-01 -1.7147E-02 -1.8476E-02 -2.6338E+00
  1.2131E-01 -1.7088E-02 -1.8600E-02 -2.6514E+00
  1.2215E-01 -1.7019E-02 -1.8724E-02 -2.6691E+00
  1.2300E-01 -1.6939E-02 -1.8849E-02 -2.6869E+00
  1.2386E-01 -1.6849E-02 -1.8975E-02 -2.7049E+00
  1.2472E-01 -1.6749E-02 -1.9101E-02 -2.7229E+00
  1.2558E-01 -1.6638E-02 -1.9229E-02 -2.7410E+00
  1.2645E-01 -1.6517E-02 -1.9357E-02 -2.7593E+00
  1.2733E-01 -1.6386E-02 -1.9486E-02 -2.7777E+00
  1.2822E-01 -1.6244E-02 -1.9615E-02 -2.7961E+00
  1.2911E-01 -1.6092E-02 -1.9746E-02 -2.8147E+00
  1.3001E-01 -1.5929E-02 -1.9877E-02 -2.8334E+00
  1.3091E-01 -1.5756E-02 -2.0009E-02 -2.8522E+00
  1.3182E-01 -1.5572E-02 -2.0142E-02 -2.8711E+00
  1.3273E-01 -1.5378E-02 -2.0275E-02 -2.8902E+00
  1.3366E-01 -1.5173E-02 -2.0410E-02 -2.9093E+00
  1.3459E-01 -1.4958E-02 -2.0545E-02 -2.9286E+00
  1.3552E-01 -1.4732E-02 -2.0681E-02 -2.9480E+00
  1.3646E-01 -1.4496E-02 -2.0818E-02 -2.9675E+00
  1.3741E-01 -1.4250E-02 -2.0955E-02 -2.9871E+00
  1.3837E-01 -1.3993E-02 -2.1094E-02 -3.0068E+00
  1.3933E-01 -1.3726E-02 -2.1233E-02 -3.0266E+00
  1.4029E-01 -1.3449E-02 -2.1373E-02 -3.0466E+00
  1.4127E-01 -1.3162E-02 -2.1514E-02 -3.0666E+00
  1.4225E-01 -1.2865E-02 -2.1655E-02 -3.0868E+00
  1.4324E-01 -1.2558E-02 -2.1798E-02 -3.1071E+00
  1.4423E-01 -1.2241E-02 -2.1941E-02 -3.1275E+00
  1.4524E-01 -1.1914E-02 -2.2085E-02 -3.1481E+00
  1.4625E-01 -1.1578E-02 -2.2230E-02 -3.1687E+00
  1.4726E-01 -1.1232E-02 -2.2376E-02 -3.1895E+00
  1.4828E-01 -1.0876E-02 -2.2522E-02 -3.2104E+00
  1.4931E-01 -1.0512E-02 -2.2670E-02 -3.2314E+00
  1.5035E-01 -1.0139E-02 -2.2818E-02 -3.2525E+00
  1.5140E-01 -9.7560E-03 -2.2967E-02 -3.2737E+00
  1.5245E-01 -9.3648E-03 -2.3117E-02 -3.2951E+00
  1.5351E-01 -8.9649E-03 -2.3268E-02 -3.3166E+00
  1.5457E-01 -8.5566E-03 -2.3419E-02 -3.3382E+00
  1.5565E-01 -8.1401E-03 -2.3572E-02 -3.3599E+00
  1.5673E-01 -7.7155E-03 -2.3725E-02 -3.3818E+00
  1.5782E-01 -7.2831E-03 -2.3879E-02 -3.4037E+00
  1.5891E-01 -6.8430E-03 -2.4034E-02 -3.4258E+00
  1.6002E-01 -6.3955E-03 -2.4190E-02 -3.4480E+00
  1.6113E-01 -5.9408E-03 -2.4347E-02 -3.4704E+00
  1.6225E-01 -5.4791E-03 -2.4505E-02 -3.4928E+00
  1.6338E-01 -5.0107E-03 -2.4663E-02 -3.5154E+00
  1.6451E-01 -4.5358E-03 -2.4822E-02 -3.5381E+00
  1.6565E-01 -4.0547E-03 -2.4982E-02 -3.5609E+00
  1.6681E-01 -3.5676E-03 -2.5143E-02 -3.5838E+00
  1.6796E-01 -3.0749E-03 -2.5305E-02 -3.6069E+00
  1.6913E-01 -2.5767E-03 -2.5468E-02 -3.6301E+00
  1.7031E-01 -2.0734E-03 -2.5632E-02 -3.6534E+00
  1.7149E-01 -1.5653E-03 -2.5796E-02 -3.6768E+00
  1.7268E-01 -1.0527E-03 -2.5961E-02 -3.7003E+00
  1.7388E-01 -5.3576E-04 -2.6127E-02 -3.7240E+00
  1.7509E-01 -1.4962E-05 -2.6294E-02 -3.7478E+00
  1.7630E-01  5.0944E-04 -2.6462E-02 -3.7717E+00
  1.7753E-01  1.0371E-03 -2.6631E-02 -3.7957E+00
  1.7876E-01  1.5677E-03 -2.6801E-02 -3.8199E+00
  1.8000E-01  2.1009E-03 -2.6971E-02 -3.8442E+00
  1.8125E-01  2.6364E-03 -2.7142E-02 -3.8686E+00
  1.8251E-01  3.1738E-03 -2.7314E-02 -3.8931E+00
  1.8378E-01  3.7128E-03 -2.7487E-02 -3.9178E+00
  1.8506E-01  4.2529E-03 -2.7661E-02 -3.9425E+00
  1.8634E-01  4.7939E-03 -2.7836E-02 -3.9674E+00
  1.8764E-01  5.3354E-03 -2.8012E-02 -3.9924E+00
  1.8894E-01  5.8769E-03 -2.8188E-02 -4.0176E+00
  1.9025E-01  6.4182E-03 -2.8365E-02 -4.0428E+00
  1.9158E-01  6.9588E-03 -2.8543E-02 -4.0682E+00
  1.9291E-01  7.4984E-03 -2.8722E-02 -4.0937E+00
  1.9425E-01  8.0365E-03 -2.8902E-02 -4.1193E+00
  1.9560E-01  8.5728E-03 -2.9083E-02 -4.1450E+00
  1.9696E-01  9.1069E-03 -2.9264E-02 -4.1709E+00
  1.9832E-01  9.6384E-03 -2.9447E-02 -4.1969E+00
  1.9970E-01  1.0167E-02 -2.9630E-02 -4.2229E+00
  2.0109E-01  1.0692E-02 -2.9814E-02 -4.2492E+00
  2.0249E-01  1.1213E-02 -2.9999E-02 -4.2755E+00
  2.0389E-01  1.1730E-02 -3.0184E-02 -4.3019E+00
  2.0531E-01  1.2243E-02 -3.0371E-02 -4.3285E+00
  2.0673E-01  1.2750E-02 -3.0558E-02 -4.3552E+00
  2.0817E-01  1.3252E-02 -3.0746E-02 -4.3820E+00
  2.0962E-01  1.3748E-02 -3.0935E-02 -4.4089E+00
  2.1107E-01  1.4238E-02 -3.1125E-02 -4.4359E+00
  2.1254E-01  1.4721E-02 -3.1315E-02 -4.4630E+00
  2.1401E-01  1.5197E-02 -3.1507E-02 -4.4903E+00
  2.1550E-01  1.5666E-02 -3.1699E-02 -4.5176E+00
  2.1700E-01  1.6127E-02 -3.1891E-02 -4.5451E+00
  2.1851E-01  1.6579E-02 -3.2085E-02 -4.5727E+00
  2.2002E-01  1.7023E-02 -3.2280E-02 -4.6004E+00
  2.2155E-01  1.7458E-02 -3.2475E-02 -4.6282E+00
  2.2309E-01  1.7884E-02 -3.2671E-02 -4.6561E+00
  2.2464E-01  1.8299E-02 -3.2867E-02 -4.6841E+00
  2.2620E-01  1.8705E-02 -3.3065E-02 -4.7122E+00
  2.2777E-01  1.9099E-02 -3.3263E-02 -4.7405E+00
  2.2935E-01  1.9483E-02 -3.3462E-02 -4.7688E+00
  2.3095E-01  1.9856E-02 -3.3662E-02 -4.7972E+00
  2.3255E-01  2.0217E-02 -3.3862E-02 -4.8258E+00
  2.3417E-01  2.0565E-02 -3.4063E-02 -4.8544E+00
  2.3579E-01  2.0902E-02 -3.4265E-02 -4.8831E+00
  2.3743E-01  2.1225E-02 -3.4467E-02 -4.9120E+00
  2.3908E-01  2.1535E-02 -3.4670E-02 -4.9409E+00
  2.4074E-01  2.1832E-02 -3.4874E-02 -4.9699E+00
  2.4241E-01  2.2116E-02 -3.5078E-02 -4.9991E+00
  2.4410E-01  2.2385E-02 -3.5283E-02 -5.0283E+00
  2.4579E-01  2.2639E-02 -3.5489E-02 -5.0576E+00
  2.4750E-01  2.2879E-02 -3.5695E-02 -5.0870E+00
  2.4922E-01  2.3104E-02 -3.5902E-02 -5.1165E+00
  2.5095E-01  2.3313E-02 -3.6110E-02 -5.1460E+00
  2.5269E-01  2.3507E-02 -3.6318E-02 -5.1757E+00
  2.5445E-01  2.3685E-02 -3.6527E-02 -5.2054E+00
  2.5622E-01  2.3847E-02 -3.6736E-02 -5.2352E+00
  2.5800E-01  2.3993E-02 -3.6946E-02 -5.2651E+00
  2.5979E-01  2.4122E-02 -3.7156E-02 -5.2951E+00
  2.6159E-01  2.4234E-02 -3.7367E-02 -5.3251E+00
  2.6341E-01  2.4329E-02 -3.7579E-02 -5.3552E+00
  2.6524E-01  2.4407E-02 -3.7790E-02 -5.3854E+00
  2.6708E-01  2.4467E-02 -3.8003E-02 -5.4157E+00
  2.6894E-01  2.4510E-02 -3.8215E-02 -5.4460E+00
  2.7080E-01  2.4534E-02 -3.8429E-02 -5.4764E+00
  2.7269E-01  2.4541E-02 -3.8642E-02 -5.5068E+00
  2.7458E-01  2.4530E-02 -3.8856E-02 -5.5373E+00
  2.7649E-01  2.4501E-02 -3.9071E-02 -5.5679E+00
  2.7841E-01  2.4453E-02 -3.9286E-02 -5.5985E+00
  2.8034E-01  2.4387E-02 -3.9501E-02 -5.6291E+00
  2.8229E-01  2.4302E-02 -3.9716E-02 -5.6598E+00
  2.8425E-01  2.4199E-02 -3.9932E-02 -5.6906E+00
  2.8622E-01  2.4077E-02 -4.0148E-02 -5.7214E+00
  2.8821E-01  2.3936E-02 -4.0364E-02 -5.7522E+00
  2.9021E-01  2.3776E-02 -4.0581E-02 -5.7830E+00
  2.9223E-01  2.3598E-02 -4.0798E-02 -5.8139E+00
  2.9426E-01  2.3401E-02 -4.1015E-02 -5.8449E+00
  2.9630E-01  2.3185E-02 -4.1232E-02 -5.8758E+00
  2.9836E-01  2.2950E-02 -4.1449E-02 -5.9068E+00
  3.0043E-01  2.2697E-02 -4.1666E-02 -5.9378E+00
  3.0252E-01  2.2425E-02 -4.1884E-02 -5.9688E+00
  3.0462E-01  2.2134E-02 -4.2101E-02 -5.9998E+00
  3.0674E-01  2.1825E-02 -4.2319E-02 -6.0308E+00
  3.0887E-01  2.1497E-02 -4.2536E-02 -6.0618E+00
  3.1101E-01  2.1151E-02 -4.2754E-02 -6.0928E+00
  3.1317E-01  2.0787E-02 -4.2971E-02 -6.1239E+00
  3.1535E-01  2.0405E-02 -4.3189E-02 -6.1549E+00
  3.1754E-01  2.0005E-02 -4.3406E-02 -6.1859E+00
  3.1974E-01  1.9587E-02 -4.3623E-02 -6.2168E+00
  3.2196E-01  1.9152E-02 -4.3840E-02 -6.2478E+00
  3.2420E-01  1.8699E-02 -4.4057E-02 -6.2787E+00
  3.2645E-01  1.8230E-02 -4.4273E-02 -6.3096E+00
  3.2872E-01  1.7743E-02 -4.4489E-02 -6.3404E+00
  3.3100E-01  1.7240E-02 -4.4705E-02 -6.3713E+00
  3.3330E-01  1.6720E-02 -4.4920E-02 -6.4020E+00
  3.3562E-01  1.6184E-02 -4.5135E-02 -6.4327E+00
  3.3795E-01  1.5633E-02 -4.5350E-02 -6.4634E+00
  3.4029E-01  1.5066E-02 -4.5564E-02 -6.4940E+00
  3.4266E-01  1.4484E-02 -4.5778E-02 -6.5245E+00
  3.4504E-01  1.3887E-02 -4.5991E-02 -6.5549E+00
  3.4743E-01  1.3275E-02 -4.6203E-02 -6.5853E+00
  3.4985E-01  1.2649E-02 -4.6415E-02 -6.6155E+00
  3.5228E-01  1.2010E-02 -4.6626E-02 -6.6457E+00
  3.5472E-01  1.1356E-02 -4.6837E-02 -6.6758E+00
  3.5719E-01  1.0690E-02 -4.7046E-02 -6.7058E+00
  3.5967E-01  1.0012E-02 -4.7255E-02 -6.7356E+00
  3.6217E-01  9.3207E-03 -4.7463E-02 -6.7654E+00
  3.6468E-01  8.6180E-03 -4.7670E-02 -6.7950E+00
  3.6721E-01  7.9039E-03 -4.7875E-02 -6.8245E+00
  3.6976E-01  7.1789E-03 -4.8080E-02 -6.8538E+00
  3.7233E-01  6.4435E-03 -4.8284E-02 -6.8830E+00
  3.7492E-01  5.6980E-03 -4.8487E-02 -6.9120E+00
  3.7752E-01  4.9431E-03 -4.8688E-02 -6.9409E+00
  3.8014E-01  4.1791E-03 -4.8888E-02 -6.9696E+00
  3.8278E-01  3.4066E-03 -4.9087E-02 -6.9981E+00
  3.8544E-01  2.6261E-03 -4.9284E-02 -7.0265E+00
  3.8812E-01  1.8381E-03 -4.9480E-02 -7.0546E+00
  3.9082E-01  1.0432E-03 -4.9675E-02 -7.0825E+00
  3.9353E-01  2.4173E-04 -4.9868E-02 -7.1103E+00
  3.9626E-01 -5.6562E-04 -5.0059E-02 -7.1378E+00
  3.9902E-01 -1.3784E-03 -5.0249E-02 -7.1650E+00
  4.0179E-01 -2.1959E-03 -5.0436E-02 -7.1921E+00
  4.0458E-01 -3.0177E-03 -5.0622E-02 -7.2189E+00
  4.0739E-01 -3.8433E-03 -5.0806E-02 -7.2454E+00
  4.1022E-01 -4.6720E-03 -5.0988E-02 -7.2716E+00
  4.1307E-01 -5.5032E-03 -5.1168E-02 -7.2976E+00
  4.1593E-01 -6.3365E-03 -5.1346E-02 -7.3233E+00
  4.1882E-01 -7.1712E-03 -5.1522E-02 -7.3487E+00
  4.2173E-01 -8.0068E-03 -5.1695E-02 -7.3738E+00
  4.2466E-01 -8.8426E-03 -5.1866E-02 -7.3986E+00
  4.2761E-01 -9.6781E-03 -5.2035E-02 -7.4230E+00
  4.3058E-01 -1.0513E-02 -5.2201E-02 -7.4471E+00
  4.3357E-01 -1.1346E-02 -5.2364E-02 -7.4709E+00
  4.3658E-01 -1.2177E-02 -5.2525E-02 -7.4943E+00
  4.3961E-01 -1.3005E-02 -5.2683E-02 -7.5173E+00
  4.4267E-01 -1.3830E-02 -5.2838E-02 -7.5399E+00
  4.4574E-01 -1.4652E-02 -5.2990E-02 -7.5621E+00
  4.4884E-01 -1.5469E-02 -5.3139E-02 -7.5839E+00
  4.5195E-01 -1.6280E-02 -5.3285E-02 -7.6053E+00
  4.5509E-01 -1.7087E-02 -5.3427E-02 -7.6263E+00
  4.5825E-01 -1.7887E-02 -5.3567E-02 -7.6468E+00
  4.6144E-01 -1.8680E-02 -5.3702E-02 -7.6669E+00
  4.6464E-01 -1.9466E-02 -5.3835E-02 -7.6864E+00
  4.6787E-01 -2.0244E-02 -5.3963E-02 -7.7055E+00
  4.7112E-01 -2.1014E-02 -5.4088E-02 -7.7241E+00
  4.7439E-01 -2.1775E-02 -5.4209E-02 -7.7422E+00
  4.7768E-01 -2.2526E-02 -5.4326E-02 -7.7597E+00
  4.8100E-01 -2.3267E-02 -5.4439E-02 -7.7767E+00
  4.8434E-01 -2.3997E-02 -5.4548E-02 -7.7932E+00
  4.8771E-01 -2.4716E-02 -5.4652E-02 -7.8090E+00
  4.9109E-01 -2.5423E-02 -5.4752E-02 -7.8243E+00
  4.9450E-01 -2.6118E-02 -5.4847E-02 -7.8390E+00
  4.9794E-01 -2.6801E-02 -5.4938E-02 -7.8530E+00
  5.0140E-01 -2.7469E-02 -5.5024E-02 -7.8664E+00
  5.0488E-01 -2.8125E-02 -5.5105E-02 -7.8792E+00
  5.0838E-01 -2.8766E-02 -5.5181E-02 -7.8913E+00
  5.1191E-01 -2.9392E-02 -5.5251E-02 -7.9027E+00
  5.1547E-01 -3.0003E-02 -5.5317E-02 -7.9134E+00
  5.1905E-01 -3.0598E-02 -5.5377E-02 -7.9234E+00
  5.2265E-01 -3.1177E-02 -5.5431E-02 -7.9327E+00
  5.2628E-01 -3.1740E-02 -5.5480E-02 -7.9412E+00
  5.2994E-01 -3.2285E-02 -5.5522E-02 -7.9490E+00
  5.3362E-01 -3.2813E-02 -5.5559E-02 -7.9559E+00
  5.3733E-01 -3.3323E-02 -5.5590E-02 -7.9621E+00
  5.4106E-01 -3.3815E-02 -5.5614E-02 -7.9674E+00
  5.4481E-01 -3.4289E-02 -5.5632E-02 -7.9719E+00
  5.4860E-01 -3.4743E-02 -5.5643E-02 -7.9755E+00
  5.5241E-01 -3.5178E-02 -5.5648E-02 -7.9783E+00
  5.5624E-01 -3.5593E-02 -5.5646E-02 -7.9801E+00
  5.6011E-01 -3.5989E-02 -5.5636E-02 -7.9811E+00
  5.6400E-01 -3.6364E-02 -5.5619E-02 -7.9811E+00
  5.6791E-01 -3.6718E-02 -5.5595E-02 -7.9801E+00
  5.7186E-01 -3.7051E-02 -5.5564E-02 -7.9782E+00
  5.7583E-01 -3.7363E-02 -5.5524E-02 -7.9753E+00
  5.7983E-01 -3.7653E-02 -5.5477E-02 -7.9714E+00
  5.8386E-01 -3.7922E-02 -5.5422E-02 -7.9664E+00
  5.8791E-01 -3.8168E-02 -5.5358E-02 -7.9604E+00
  5.9199E-01 -3.8392E-02 -5.5286E-02 -7.9533E+00
  5.9610E-01 -3.8594E-02 -5.5206E-02 -7.9451E+00
  6.0024E-01 -3.8773E-02 -5.5116E-02 -7.9358E+00
  6.0441E-01 -3.8929E-02 -5.5018E-02 -7.9253E+00
  6.0861E-01 -3.9061E-02 -5.4911E-02 -7.9137E+00
  6.1284E-01 -3.9171E-02 -5.4794E-02 -7.9009E+00
  6.1709E-01 -3.9257E-02 -5.4667E-02 -7.8869E+00
  6.2138E-01 -3.9320E-02 -5.4531E-02 -7.8716E+00
  6.2569E-01 -3.9358E-02 -5.4385E-02 -7.8552E+00
  6.3004E-01 -3.9373E-02 -5.4229E-02 -7.8374E+00
  6.3441E-01 -3.9364E-02 -5.4063E-02 -7.8184E+00
  6.3882E-01 -3.9331E-02 -5.3886E-02 -7.7980E+00
  6.4326E-01 -3.9274E-02 -5.3698E-02 -7.7763E+00
  6.4772E-01 -3.9193E-02 -5.3499E-02 -7.7533E+00
  6.5222E-01 -3.9087E-02 -5.3290E-02 -7.7288E+00
  6.5675E-01 -3.8957E-02 -5.3068E-02 -7.7030E+00
  6.6131E-01 -3.8803E-02 -5.2836E-02 -7.6757E+00
  6.6590E-01 -3.8624E-02 -5.2591E-02 -7.6470E+00
  6.7053E-01 -3.8421E-02 -5.2334E-02 -7.6168E+00
  6.7519E-01 -3.8194E-02 -5.2066E-02 -7.5852E+00
  6.7987E-01 -3.7942E-02 -5.1784E-02 -7.5520E+00
  6.8460E-01 -3.7667E-02 -5.1490E-02 -7.5172E+00
  6.8935E-01 -3.7366E-02 -5.1184E-02 -7.4809E+00
  6.9414E-01 -3.7042E-02 -5.0864E-02 -7.4431E+00
  6.9896E-01 -3.6694E-02 -5.0530E-02 -7.4036E+00
  7.0381E-01 -3.6321E-02 -5.0183E-02 -7.3625E+00
  7.0870E-01 -3.5925E-02 -4.9823E-02 -7.3197E+00
  7.1362E-01 -3.5504E-02 -4.9448E-02 -7.2753E+00
  7.1858E-01 -3.5060E-02 -4.9059E-02 -7.2291E+00
  7.2357E-01 -3.4592E-02 -4.8655E-02 -7.1813E+00
  7.2859E-01 -3.4101E-02 -4.8236E-02 -7.1317E+00
  7.3365E-01 -3.3586E-02 -4.7803E-02 -7.0804E+00
  7.3875E-01 -3.3048E-02 -4.7354E-02 -7.0273E+00
  7.4388E-01 -3.2487E-02 -4.6890E-02 -6.9724E+00
  7.4904E-01 -3.1903E-02 -4.6409E-02 -6.9157E+00
  7.5424E-01 -3.1296E-02 -4.5913E-02 -6.8571E+00
  7.5948E-01 -3.0666E-02 -4.5401E-02 -6.7967E+00
  7.6476E-01 -3.0014E-02 -4.4872E-02 -6.7344E+00
  7.7007E-01 -2.9339E-02 -4.4326E-02 -6.6702E+00
  7.7542E-01 -2.8642E-02 -4.3764E-02 -6.6041E+00
  7.8080E-01 -2.7924E-02 -4.3184E-02 -6.5360E+00
  7.8622E-01 -2.7183E-02 -4.2586E-02 -6.4660E+00
  7.9168E-01 -2.6421E-02 -4.1971E-02 -6.3941E+00
  7.9718E-01 -2.5638E-02 -4.1337E-02 -6.3202E+00
  8.0272E-01 -2.4833E-02 -4.0686E-02 -6.2442E+00
  8.0829E-01 -2.4008E-02 -4.0016E-02 -6.1663E+00
  8.1390E-01 -2.3162E-02 -3.9327E-02 -6.0863E+00
  8.1956E-01 -2.2295E-02 -3.8619E-02 -6.0043E+00
  8.2525E-01 -2.1408E-02 -3.7891E-02 -5.9203E+00
  8.3098E-01 -2.0500E-02 -3.7144E-02 -5.8342E+00
  8.3675E-01 -1.9573E-02 -3.6378E-02 -5.7460E+00
  8.4256E-01 -1.8626E-02 -3.5591E-02 -5.6557E+00
  8.4841E-01 -1.7659E-02 -3.4784E-02 -5.5634E+00
  8.5430E-01 -1.6673E-02 -3.3956E-02 -5.4689E+00
  8.6024E-01 -1.5668E-02 -3.3107E-02 -5.3723E+00
  8.6621E-01 -1.4644E-02 -3.2238E-02 -5.2737E+00
  8.7222E-01 -1.3602E-02 -3.1347E-02 -5.1729E+00
  8.7828E-01 -1.2540E-02 -3.0434E-02 -5.0700E+00
  8.8438E-01 -1.1461E-02 -2.9500E-02 -4.9649E+00
  8.9052E-01 -1.0363E-02 -2.8544E-02 -4.8578E+00
  8.9671E-01 -9.2471E-03 -2.7565E-02 -4.7485E+00
  9.0293E-01 -8.1136E-03 -2.6564E-02 -4.6371E+00
  9.0920E-01 -6.9624E-03 -2.5540E-02 -4.5236E+00
  9.1552E-01 -5.7937E-03 -2.4493E-02 -4.4080E+00
  9.2188E-01 -4.6078E-03 -2.3422E-02 -4.2902E+00
  9.2828E-01 -3.4047E-03 -2.2329E-02 -4.1704E+00
  9.3472E-01 -2.1846E-03 -2.1211E-02 -4.0485E+00
  9.4122E-01 -9.4765E-04 -2.0070E-02 -3.9245E+00
  9.4775E-01  3.0601E-04 -1.8904E-02 -3.7985E+00
  9.5433E-01  1.5762E-03 -1.7715E-02 -3.6704E+00
  9.6096E-01  2.8630E-03 -1.6500E-02 -3.5403E+00
  9.6763E-01  4.1660E-03 -1.5261E-02 -3.4082E+00
  9.7435E-01  5.4853E-03 -1.3997E-02 -3.2740E+00
  9.8112E-01  6.8208E-03 -1.2708E-02 -3.1380E+00
  9.8793E-01  8.1723E-03 -1.1394E-02 -3.0000E+00
  9.9479E-01  9.5398E-03 -1.0054E-02 -2.8600E+00
  1.0017E+00  1.0923E-02 -8.6884E-03 -2.7182E+00
  1.0087E+00  1.2323E-02 -7.2970E-03 -2.5746E+00
  1.0157E+00  1.3738E-02 -5.8795E-03 -2.4291E+00
  1.0227E+00  1.5168E-02 -4.4359E-03 -2.2819E+00
  1.0298E+00  1.6615E-02 -2.9660E-03 -2.1329E+00
  1.0370E+00  1.8077E-02 -1.4696E-03 -1.9823E+00
  1.0442E+00  1.9555E-02  5.3305E-05 -1.8300E+00
  1.0514E+00  2.1049E-02  1.6030E-03 -1.6761E+00
  1.0587E+00  2.2558E-02  3.1795E-03 -1.5206E+00
  1.0661E+00  2.4083E-02  4.7829E-03 -1.3637E+00
  1.0735E+00  2.5624E-02  6.4134E-03 -1.2054E+00
  1.0809E+00  2.7180E-02  8.0710E-03 -1.0456E+00
  1.0884E+00  2.8752E-02  9.7559E-03 -8.8460E-01
  1.0960E+00  3.0340E-02  1.1468E-02 -7.2233E-01
  1.1036E+00  3.1944E-02  1.3207E-02 -5.5888E-01
  1.1113E+00  3.3564E-02  1.4974E-02 -3.9434E-01
  1.1190E+00  3.5200E-02  1.6769E-02 -2.2877E-01
  1.1268E+00  3.6852E-02  1.8591E-02 -6.2265E-02
  1.1346E+00  3.8521E-02  2.0440E-02  1.0510E-01
  1.1425E+00  4.0205E-02  2.2317E-02  2.7324E-01
  1.1504E+00  4.1906E-02  2.4221E-02  4.4206E-01
  1.1584E+00  4.3624E-02  2.6153E-02  6.1146E-01
  1.1664E+00  4.5358E-02  2.8113E-02  7.8136E-01
  1.1745E+00  4.7109E-02  3.0100E-02  9.5165E-01
  1.1827E+00  4.8877E-02  3.2114E-02  1.1222E+00
  1.1909E+00  5.0662E-02  3.4156E-02  1.2930E+00
  1.1992E+00  5.2465E-02  3.6225E-02  1.4638E+00
  1.2075E+00  5.4285E-02  3.8321E-02  1.6345E+00
  1.2159E+00  5.6122E-02  4.0444E-02  1.8051E+00
  1.2243E+00  5.7977E-02  4.2595E-02  1.9755E+00
  1.2328E+00  5.9851E-02  4.4772E-02  2.1453E+00
  1.2414E+00  6.1742E-02  4.6976E-02  2.3147E+00
  1.2500E+00  6.3651E-02  4.9206E-02  2.4833E+00
  1.2587E+00  6.5579E-02  5.1463E-02  2.6512E+00
  1.2674E+00  6.7526E-02  5.3746E-02  2.8181E+00
  1.2762E+00  6.9491E-02  5.6056E-02  2.9839E+00
  1.2851E+00  7.1476E-02  5.8391E-02  3.1484E+00
  1.2940E+00  7.3480E-02  6.0751E-02  3.3115E+00
  1.3030E+00  7.5503E-02  6.3137E-02  3.4731E+00
  1.3121E+00  7.7546E-02  6.5549E-02  3.6330E+00
  1.3212E+00  7.9608E-02  6.7985E-02  3.7910E+00
  1.3303E+00  8.1691E-02  7.0445E-02  3.9470E+00
  1.3396E+00  8.3794E-02  7.2931E-02  4.1008E+00
  1.3489E+00  8.5917E-02  7.5440E-02  4.2522E+00
  1.3582E+00  8.8061E-02  7.7972E-02  4.4010E+00
  1.3677E+00  9.0225E-02  8.0529E-02  4.5472E+00
  1.3772E+00  9.2410E-02  8.3108E-02  4.6905E+00
  1.3867E+00  9.4617E-02  8.5710E-02  4.8307E+00
  1.3964E+00  9.6844E-02  8.8334E-02  4.9676E+00
  1.4061E+00  9.9094E-02  9.0980E-02  5.1012E+00
  1.4158E+00  1.0136E-01  9.3648E-02  5.2311E+00
  1.4257E+00  1.0366E-01  9.6337E-02  5.3573E+00
  1.4356E+00  1.0597E-01  9.9046E-02  5.4794E+00
  1.4455E+00  1.0831E-01  1.0178E-01  5.5974E+00
  1.4556E+00  1.1066E-01  1.0453E-01  5.7111E+00
  1.4657E+00  1.1304E-01  1.0730E-01  5.8203E+00
  1.4759E+00  1.1545E-01  1.1008E-01  5.9247E+00
  1.4861E+00  1.1787E-01  1.1289E-01  6.0242E+00
  1.4964E+00  1.2032E-01  1.1572E-01  6.1187E+00
  1.5068E+00  1.2279E-01  1.1856E-01  6.2078E+00
  1.5173E+00  1.2528E-01  1.2142E-01  6.2916E+00
  1.5278E+00  1.2780E-01  1.2429E-01  6.3697E+00
  1.5384E+00  1.3033E-01  1.2719E-01  6.4421E+00
  1.5491E+00  1.3289E-01  1.3009E-01  6.5084E+00
  1.5599E+00  1.3547E-01  1.3302E-01  6.5687E+00
  1.5707E+00  1.3808E-01  1.3595E-01  6.6227E+00
  1.5816E+00  1.4071E-01  1.3890E-01  6.6702E+00
  1.5926E+00  1.4335E-01  1.4187E-01  6.7111E+00
  1.6036E+00  1.4603E-01  1.4485E-01  6.7453E+00
  1.6148E+00  1.4872E-01  1.4784E-01  6.7726E+00
  1.6260E+00  1.5144E-01  1.5084E-01  6.7928E+00
  1.6373E+00  1.5417E-01  1.5386E-01  6.8059E+00
  1.6487E+00  1.5693E-01  1.5688E-01  6.8118E+00
  1.6601E+00  1.5971E-01  1.5992E-01  6.8103E+00
  1.6716E+00  1.6252E-01  1.6296E-01  6.8013E+00
  1.6832E+00  1.6534E-01  1.6602E-01  6.7848E+00
  1.6949E+00  1.6818E-01  1.6908E-01  6.7606E+00
  1.7067E+00  1.7105E-01  1.7216E-01  6.7288E+00
  1.7185E+00  1.7393E-01  1.7524E-01  6.6892E+00
  1.7305E+00  1.7684E-01  1.7833E-01  6.6418E+00
  1.7425E+00  1.7976E-01  1.8142E-01  6.5866E+00
  1.7546E+00  1.8271E-01  1.8452E-01  6.5236E+00
  1.7668E+00  1.8567E-01  1.8763E-01  6.4527E+00
  1.7791E+00  1.8865E-01  1.9075E-01  6.3741E+00
  1.7914E+00  1.9166E-01  1.9387E-01  6.2877E+00
  1.8038E+00  1.9467E-01  1.9700E-01  6.1936E+00
  1.8164E+00  1.9771E-01  2.0013E-01  6.0919E+00
  1.8290E+00  2.0076E-01  2.0326E-01  5.9827E+00
  1.8417E+00  2.0383E-01  2.0640E-01  5.8660E+00
  1.8545E+00  2.0692E-01  2.0954E-01  5.7420E+00
  1.8674E+00  2.1002E-01  2.1269E-01  5.6109E+00
  1.8803E+00  2.1314E-01  2.1584E-01  5.4729E+00
  1.8934E+00  2.1627E-01  2.1899E-01  5.3281E+00
  1.9065E+00  2.1941E-01  2.2215E-01  5.1768E+00
  1.9198E+00  2.2257E-01  2.2531E-01  5.0192E+00
  1.9331E+00  2.2574E-01  2.2847E-01  4.8556E+00
  1.9465E+00  2.2892E-01  2.3163E-01  4.6863E+00
  1.9600E+00  2.3211E-01  2.3480E-01  4.5116E+00
  1.9736E+00  2.3532E-01  2.3796E-01  4.3318E+00
  1.9873E+00  2.3853E-01  2.4113E-01  4.1474E+00
  2.0011E+00  2.4175E-01  2.4430E-01  3.9587E+00
  2.0150E+00  2.4498E-01  2.4747E-01  3.7663E+00
  2.0290E+00  2.4822E-01  2.5065E-01  3.5704E+00
  2.0431E+00  2.5146E-01  2.5382E-01  3.3716E+00
  2.0573E+00  2.5471E-01  2.5699E-01  3.1705E+00
  2.0716E+00  2.5797E-01  2.6017E-01  2.9675E+00
  2.0860E+00  2.6123E-01  2.6334E-01  2.7632E+00
  2.1005E+00  2.6449E-01  2.6651E-01  2.5582E+00
  2.1151E+00  2.6776E-01  2.6969E-01  2.3532E+00
  2.1297E+00  2.7103E-01  2.7286E-01  2.1487E+00
  2.1445E+00  2.7430E-01  2.7603E-01  1.9455E+00
  2.1594E+00  2.7756E-01  2.7921E-01  1.7441E+00
  2.1744E+00  2.8083E-01  2.8238E-01  1.5454E+00
  2.1895E+00  2.8410E-01  2.8555E-01  1.3501E+00
  2.2047E+00  2.8736E-01  2.8871E-01  1.1589E+00
  2.2200E+00  2.9062E-01  2.9188E-01  9.7252E-01
  2.2355E+00  2.9387E-01  2.9504E-01  7.9185E-01
  2.2510E+00  2.9712E-01  2.9819E-01  6.1766E-01
  2.2666E+00  3.0036E-01  3.0134E-01  4.5074E-01
  2.2823E+00  3.0359E-01  3.0449E-01  2.9193E-01
  2.2982E+00  3.0682E-01  3.0762E-01  1.4203E-01
  2.3142E+00  3.1003E-01  3.1075E-01  2.8433E-03
  2.3302E+00  3.1323E-01  3.1387E-01 -1.1919E-01
  2.3464E+00  3.1642E-01  3.1698E-01 -2.2849E-01
  2.3627E+00  3.1960E-01  3.2008E-01 -3.2555E-01
  2.3791E+00  3.2276E-01  3.2317E-01 -4.0942E-01
  2.3956E+00  3.2591E-01  3.2625E-01 -4.7934E-01
  2.4123E+00  3.2904E-01  3.2931E-01 -5.3454E-01
  2.4290E+00  3.3216E-01  3.3237E-01 -5.7429E-01
  2.4459E+00  3.3526E-01  3.3542E-01 -5.9791E-01
  2.4629E+00  3.3833E-01  3.3845E-01 -6.0475E-01
  2.4800E+00  3.4139E-01  3.4147E-01 -5.9424E-01
  2.4972E+00  3.4442E-01  3.4448E-01 -5.6582E-01
  2.5145E+00  3.4744E-01  3.4747E-01 -5.1906E-01
  2.5320E+00  3.5043E-01  3.5044E-01 -4.5355E-01
  2.5496E+00  3.5339E-01  3.5340E-01 -3.6902E-01
  2.5673E+00  3.5633E-01  3.5633E-01 -2.6525E-01
  2.5851E+00  3.5924E-01  3.5924E-01 -1.4216E-01
  2.6031E+00  3.6212E-01  3.6212E-01  0.0000E+00
  2.6211E+00  3.6498E-01  3.6498E-01  0.0000E+00
  2.6393E+00  3.6780E-01  3.6780E-01  0.0000E+00
  2.6577E+00  3.7059E-01  3.7059E-01  0.0000E+00
  2.6761E+00  3.7336E-01  3.7336E-01  0.0000E+00
  2.6947E+00  3.7608E-01  3.7608E-01  0.0000E+00
  2.7134E+00  3.7878E-01  3.7878E-01  0.0000E+00
  2.7322E+00  3.8144E-01  3.8144E-01  0.0000E+00
  2.7512E+00  3.8406E-01  3.8406E-01  0.0000E+00
  2.7703E+00  3.8665E-01  3.8665E-01  0.0000E+00
  2.7896E+00  3.8919E-01  3.8919E-01  0.0000E+00
  2.8089E+00  3.9170E-01  3.9170E-01  0.0000E+00
  2.8284E+00  3.9417E-01  3.9417E-01  0.0000E+00
  2.8481E+00  3.9660E-01  3.9660E-01  0.0000E+00
  2.8679E+00  3.9898E-01  3.9898E-01  0.0000E+00
  2.8878E+00  4.0133E-01  4.0133E-01  0.0000E+00
  2.9078E+00  4.0362E-01  4.0362E-01  0.0000E+00
  2.9280E+00  4.0588E-01  4.0588E-01  0.0000E+00
  2.9483E+00  4.0809E-01  4.0809E-01  0.0000E+00
  2.9688E+00  4.1025E-01  4.1025E-01  0.0000E+00
  2.9894E+00  4.1236E-01  4.1236E-01  0.0000E+00
  3.0102E+00  4.1443E-01  4.1443E-01  0.0000E+00
  3.0311E+00  4.1645E-01  4.1645E-01  0.0000E+00
  3.0521E+00  4.1841E-01  4.1841E-01  0.0000E+00
  3.0733E+00  4.2033E-01  4.2033E-01  0.0000E+00
  3.0947E+00  4.2220E-01  4.2220E-01  0.0000E+00
  3.1162E+00  4.2401E-01  4.2401E-01  0.0000E+00
  3.1378E+00  4.2577E-01  4.2577E-01  0.0000E+00
  3.1596E+00  4.2748E-01  4.2748E-01  0.0000E+00
  3.1815E+00  4.2913E-01  4.2913E-01  0.0000E+00
  3.2036E+00  4.3073E-01  4.3073E-01  0.0000E+00
  3.2259E+00  4.3227E-01  4.3227E-01  0.0000E+00
  3.2483E+00  4.3375E-01  4.3375E-01  0.0000E+00
  3.2708E+00  4.3518E-01  4.3518E-01  0.0000E+00
  3.2935E+00  4.3655E-01  4.3655E-01  0.0000E+00
  3.3164E+00  4.3786E-01  4.3786E-01  0.0000E+00
  3.3394E+00  4.3912E-01  4.3912E-01  0.0000E+00
  3.3626E+00  4.4031E-01  4.4031E-01  0.0000E+00
  3.3860E+00  4.4145E-01  4.4145E-01  0.0000E+00
  3.4095E+00  4.4252E-01  4.4252E-01  0.0000E+00
  3.4332E+00  4.4353E-01  4.4353E-01  0.0000E+00
  3.4570E+00  4.4449E-01  4.4449E-01  0.0000E+00
  3.4810E+00  4.4538E-01  4.4538E-01  0.0000E+00
  3.5052E+00  4.4620E-01  4.4620E-01  0.0000E+00
  3.5295E+00  4.4697E-01  4.4697E-01  0.0000E+00
  3.5540E+00  4.4767E-01  4.4767E-01  0.0000E+00
  3.5787E+00  4.4831E-01  4.4831E-01  0.0000E+00
  3.6036E+00  4.4888E-01  4.4888E-01  0.0000E+00
  3.6286E+00  4.4939E-01  4.4939E-01  0.0000E+00
  3.6538E+00  4.4984E-01  4.4984E-01  0.0000E+00
  3.6792E+00  4.5021E-01  4.5021E-01  0.0000E+00
