 # l=           1 basis function with energy     4.00000000000000     
  0.0000E+00  0.0000E+00  0.0000E+00  0.0000E+00
  5.2053E-07 -1.6269E-08 -3.4851E-13 -1.4598E-12
  1.0447E-06 -4.9373E-08 -1.4038E-12 -5.8797E-12
  1.5725E-06 -9.4735E-08 -3.1806E-12 -1.3322E-11
  2.1040E-06 -1.5067E-07 -5.6939E-12 -2.3850E-11
  2.6392E-06 -2.1622E-07 -8.9591E-12 -3.7527E-11
  3.1781E-06 -2.9074E-07 -1.2992E-11 -5.4417E-11
  3.7208E-06 -3.7378E-07 -1.7807E-11 -7.4588E-11
  4.2673E-06 -4.6500E-07 -2.3422E-11 -9.8106E-11
  4.8175E-06 -5.6416E-07 -2.9852E-11 -1.2504E-10
  5.3716E-06 -6.7105E-07 -3.7114E-11 -1.5546E-10
  5.9296E-06 -7.8551E-07 -4.5225E-11 -1.8943E-10
  6.4915E-06 -9.0741E-07 -5.4201E-11 -2.2703E-10
  7.0572E-06 -1.0367E-06 -6.4061E-11 -2.6833E-10
  7.6270E-06 -1.1732E-06 -7.4822E-11 -3.1340E-10
  8.2007E-06 -1.3170E-06 -8.6501E-11 -3.6232E-10
  8.7783E-06 -1.4679E-06 -9.9117E-11 -4.1517E-10
  9.3601E-06 -1.6259E-06 -1.1269E-10 -4.7201E-10
  9.9458E-06 -1.7910E-06 -1.2723E-10 -5.3294E-10
  1.0536E-05 -1.9633E-06 -1.4277E-10 -5.9803E-10
  1.1130E-05 -2.1426E-06 -1.5933E-10 -6.6736E-10
  1.1728E-05 -2.3290E-06 -1.7691E-10 -7.4101E-10
  1.2330E-05 -2.5225E-06 -1.9555E-10 -8.1908E-10
  1.2936E-05 -2.7231E-06 -2.1526E-10 -9.0163E-10
  1.3547E-05 -2.9309E-06 -2.3606E-10 -9.8877E-10
  1.4162E-05 -3.1457E-06 -2.5798E-10 -1.0806E-09
  1.4781E-05 -3.3678E-06 -2.8103E-10 -1.1771E-09
  1.5405E-05 -3.5970E-06 -3.0524E-10 -1.2785E-09
  1.6033E-05 -3.8335E-06 -3.3063E-10 -1.3849E-09
  1.6665E-05 -4.0773E-06 -3.5722E-10 -1.4963E-09
  1.7302E-05 -4.3283E-06 -3.8504E-10 -1.6128E-09
  1.7943E-05 -4.5867E-06 -4.1410E-10 -1.7345E-09
  1.8588E-05 -4.8526E-06 -4.4444E-10 -1.8616E-09
  1.9239E-05 -5.1258E-06 -4.7607E-10 -1.9941E-09
  1.9893E-05 -5.4066E-06 -5.0902E-10 -2.1321E-09
  2.0552E-05 -5.6949E-06 -5.4331E-10 -2.2757E-09
  2.1216E-05 -5.9909E-06 -5.7897E-10 -2.4251E-09
  2.1885E-05 -6.2945E-06 -6.1603E-10 -2.5803E-09
  2.2558E-05 -6.6059E-06 -6.5450E-10 -2.7415E-09
  2.3235E-05 -6.9250E-06 -6.9442E-10 -2.9087E-09
  2.3918E-05 -7.2520E-06 -7.3582E-10 -3.0821E-09
  2.4605E-05 -7.5870E-06 -7.7871E-10 -3.2617E-09
  2.5297E-05 -7.9299E-06 -8.2313E-10 -3.4478E-09
  2.5994E-05 -8.2809E-06 -8.6910E-10 -3.6403E-09
  2.6696E-05 -8.6401E-06 -9.1665E-10 -3.8395E-09
  2.7402E-05 -9.0074E-06 -9.6582E-10 -4.0455E-09
  2.8114E-05 -9.3831E-06 -1.0166E-09 -4.2583E-09
  2.8830E-05 -9.7671E-06 -1.0691E-09 -4.4781E-09
  2.9552E-05 -1.0160E-05 -1.1233E-09 -4.7050E-09
  3.0278E-05 -1.0561E-05 -1.1792E-09 -4.9392E-09
  3.1010E-05 -1.0970E-05 -1.2369E-09 -5.1808E-09
  3.1746E-05 -1.1389E-05 -1.2963E-09 -5.4299E-09
  3.2488E-05 -1.1816E-05 -1.3576E-09 -5.6866E-09
  3.3235E-05 -1.2252E-05 -1.4208E-09 -5.9511E-09
  3.3987E-05 -1.2697E-05 -1.4858E-09 -6.2235E-09
  3.4745E-05 -1.3151E-05 -1.5528E-09 -6.5040E-09
  3.5508E-05 -1.3614E-05 -1.6217E-09 -6.7926E-09
  3.6276E-05 -1.4086E-05 -1.6926E-09 -7.0897E-09
  3.7049E-05 -1.4568E-05 -1.7655E-09 -7.3952E-09
  3.7828E-05 -1.5059E-05 -1.8405E-09 -7.7093E-09
  3.8612E-05 -1.5560E-05 -1.9176E-09 -8.0323E-09
  3.9401E-05 -1.6070E-05 -1.9969E-09 -8.3642E-09
  4.0197E-05 -1.6590E-05 -2.0783E-09 -8.7052E-09
  4.0997E-05 -1.7120E-05 -2.1619E-09 -9.0554E-09
  4.1804E-05 -1.7660E-05 -2.2478E-09 -9.4151E-09
  4.2615E-05 -1.8209E-05 -2.3359E-09 -9.7844E-09
  4.3433E-05 -1.8770E-05 -2.4264E-09 -1.0163E-08
  4.4256E-05 -1.9340E-05 -2.5193E-09 -1.0552E-08
  4.5085E-05 -1.9921E-05 -2.6145E-09 -1.0951E-08
  4.5920E-05 -2.0512E-05 -2.7122E-09 -1.1361E-08
  4.6761E-05 -2.1114E-05 -2.8124E-09 -1.1780E-08
  4.7607E-05 -2.1726E-05 -2.9152E-09 -1.2211E-08
  4.8459E-05 -2.2349E-05 -3.0205E-09 -1.2652E-08
  4.9318E-05 -2.2984E-05 -3.1285E-09 -1.3104E-08
  5.0182E-05 -2.3629E-05 -3.2391E-09 -1.3567E-08
  5.1052E-05 -2.4286E-05 -3.3524E-09 -1.4042E-08
  5.1929E-05 -2.4954E-05 -3.4685E-09 -1.4528E-08
  5.2811E-05 -2.5633E-05 -3.5874E-09 -1.5026E-08
  5.3700E-05 -2.6324E-05 -3.7091E-09 -1.5536E-08
  5.4594E-05 -2.7027E-05 -3.8337E-09 -1.6058E-08
  5.5496E-05 -2.7742E-05 -3.9613E-09 -1.6593E-08
  5.6403E-05 -2.8468E-05 -4.0919E-09 -1.7140E-08
  5.7316E-05 -2.9207E-05 -4.2256E-09 -1.7699E-08
  5.8237E-05 -2.9958E-05 -4.3623E-09 -1.8272E-08
  5.9163E-05 -3.0721E-05 -4.5022E-09 -1.8858E-08
  6.0096E-05 -3.1497E-05 -4.6453E-09 -1.9457E-08
  6.1035E-05 -3.2286E-05 -4.7916E-09 -2.0071E-08
  6.1981E-05 -3.3087E-05 -4.9413E-09 -2.0697E-08
  6.2934E-05 -3.3902E-05 -5.0944E-09 -2.1338E-08
  6.3893E-05 -3.4729E-05 -5.2508E-09 -2.1994E-08
  6.4859E-05 -3.5570E-05 -5.4108E-09 -2.2664E-08
  6.5831E-05 -3.6424E-05 -5.5743E-09 -2.3349E-08
  6.6811E-05 -3.7292E-05 -5.7414E-09 -2.4049E-08
  6.7797E-05 -3.8173E-05 -5.9121E-09 -2.4764E-08
  6.8790E-05 -3.9069E-05 -6.0866E-09 -2.5494E-08
  6.9790E-05 -3.9978E-05 -6.2648E-09 -2.6241E-08
  7.0797E-05 -4.0902E-05 -6.4469E-09 -2.7004E-08
  7.1811E-05 -4.1840E-05 -6.6329E-09 -2.7783E-08
  7.2832E-05 -4.2792E-05 -6.8229E-09 -2.8579E-08
  7.3860E-05 -4.3759E-05 -7.0169E-09 -2.9391E-08
  7.4895E-05 -4.4741E-05 -7.2149E-09 -3.0221E-08
  7.5938E-05 -4.5738E-05 -7.4172E-09 -3.1068E-08
  7.6988E-05 -4.6751E-05 -7.6237E-09 -3.1933E-08
  7.8045E-05 -4.7778E-05 -7.8345E-09 -3.2816E-08
  7.9109E-05 -4.8822E-05 -8.0497E-09 -3.3717E-08
  8.0181E-05 -4.9881E-05 -8.2693E-09 -3.4637E-08
  8.1261E-05 -5.0956E-05 -8.4934E-09 -3.5576E-08
  8.2347E-05 -5.2047E-05 -8.7222E-09 -3.6534E-08
  8.3442E-05 -5.3154E-05 -8.9556E-09 -3.7512E-08
  8.4544E-05 -5.4278E-05 -9.1937E-09 -3.8509E-08
  8.5654E-05 -5.5419E-05 -9.4366E-09 -3.9527E-08
  8.6771E-05 -5.6576E-05 -9.6845E-09 -4.0565E-08
  8.7897E-05 -5.7750E-05 -9.9373E-09 -4.1624E-08
  8.9030E-05 -5.8942E-05 -1.0195E-08 -4.2704E-08
  9.0171E-05 -6.0151E-05 -1.0458E-08 -4.3806E-08
  9.1320E-05 -6.1378E-05 -1.0726E-08 -4.4929E-08
  9.2477E-05 -6.2623E-05 -1.1000E-08 -4.6075E-08
  9.3642E-05 -6.3886E-05 -1.1279E-08 -4.7243E-08
  9.4815E-05 -6.5167E-05 -1.1563E-08 -4.8434E-08
  9.5996E-05 -6.6466E-05 -1.1853E-08 -4.9649E-08
  9.7186E-05 -6.7785E-05 -1.2149E-08 -5.0887E-08
  9.8384E-05 -6.9122E-05 -1.2450E-08 -5.2149E-08
  9.9590E-05 -7.0478E-05 -1.2757E-08 -5.3436E-08
  1.0080E-04 -7.1854E-05 -1.3070E-08 -5.4747E-08
  1.0203E-04 -7.3250E-05 -1.3389E-08 -5.6084E-08
  1.0326E-04 -7.4665E-05 -1.3715E-08 -5.7446E-08
  1.0450E-04 -7.6100E-05 -1.4046E-08 -5.8834E-08
  1.0575E-04 -7.7555E-05 -1.4384E-08 -6.0249E-08
  1.0701E-04 -7.9031E-05 -1.4728E-08 -6.1690E-08
  1.0827E-04 -8.0528E-05 -1.5079E-08 -6.3159E-08
  1.0955E-04 -8.2046E-05 -1.5436E-08 -6.4655E-08
  1.1083E-04 -8.3585E-05 -1.5800E-08 -6.6180E-08
  1.1212E-04 -8.5146E-05 -1.6171E-08 -6.7733E-08
  1.1343E-04 -8.6728E-05 -1.6548E-08 -6.9315E-08
  1.1474E-04 -8.8332E-05 -1.6933E-08 -7.0927E-08
  1.1606E-04 -8.9959E-05 -1.7325E-08 -7.2569E-08
  1.1739E-04 -9.1608E-05 -1.7724E-08 -7.4241E-08
  1.1873E-04 -9.3280E-05 -1.8131E-08 -7.5944E-08
  1.2007E-04 -9.4974E-05 -1.8545E-08 -7.7678E-08
  1.2143E-04 -9.6693E-05 -1.8967E-08 -7.9444E-08
  1.2280E-04 -9.8434E-05 -1.9396E-08 -8.1243E-08
  1.2418E-04 -1.0020E-04 -1.9833E-08 -8.3074E-08
  1.2556E-04 -1.0199E-04 -2.0278E-08 -8.4939E-08
  1.2696E-04 -1.0380E-04 -2.0732E-08 -8.6838E-08
  1.2836E-04 -1.0564E-04 -2.1193E-08 -8.8771E-08
  1.2978E-04 -1.0751E-04 -2.1663E-08 -9.0739E-08
  1.3120E-04 -1.0940E-04 -2.2142E-08 -9.2743E-08
  1.3264E-04 -1.1131E-04 -2.2629E-08 -9.4783E-08
  1.3408E-04 -1.1325E-04 -2.3124E-08 -9.6859E-08
  1.3554E-04 -1.1522E-04 -2.3629E-08 -9.8973E-08
  1.3700E-04 -1.1721E-04 -2.4142E-08 -1.0112E-07
  1.3848E-04 -1.1923E-04 -2.4665E-08 -1.0331E-07
  1.3996E-04 -1.2128E-04 -2.5197E-08 -1.0554E-07
  1.4146E-04 -1.2335E-04 -2.5739E-08 -1.0781E-07
  1.4297E-04 -1.2545E-04 -2.6290E-08 -1.1012E-07
  1.4448E-04 -1.2758E-04 -2.6851E-08 -1.1247E-07
  1.4601E-04 -1.2974E-04 -2.7422E-08 -1.1486E-07
  1.4755E-04 -1.3193E-04 -2.8002E-08 -1.1729E-07
  1.4910E-04 -1.3414E-04 -2.8593E-08 -1.1977E-07
  1.5066E-04 -1.3639E-04 -2.9195E-08 -1.2229E-07
  1.5223E-04 -1.3866E-04 -2.9807E-08 -1.2485E-07
  1.5381E-04 -1.4097E-04 -3.0429E-08 -1.2746E-07
  1.5540E-04 -1.4331E-04 -3.1063E-08 -1.3011E-07
  1.5701E-04 -1.4567E-04 -3.1707E-08 -1.3281E-07
  1.5862E-04 -1.4807E-04 -3.2363E-08 -1.3556E-07
  1.6025E-04 -1.5050E-04 -3.3030E-08 -1.3835E-07
  1.6188E-04 -1.5296E-04 -3.3708E-08 -1.4119E-07
  1.6353E-04 -1.5545E-04 -3.4398E-08 -1.4408E-07
  1.6519E-04 -1.5798E-04 -3.5100E-08 -1.4702E-07
  1.6687E-04 -1.6053E-04 -3.5814E-08 -1.5001E-07
  1.6855E-04 -1.6313E-04 -3.6541E-08 -1.5306E-07
  1.7024E-04 -1.6575E-04 -3.7279E-08 -1.5615E-07
  1.7195E-04 -1.6841E-04 -3.8031E-08 -1.5930E-07
  1.7367E-04 -1.7110E-04 -3.8795E-08 -1.6250E-07
  1.7540E-04 -1.7383E-04 -3.9572E-08 -1.6575E-07
  1.7714E-04 -1.7660E-04 -4.0363E-08 -1.6906E-07
  1.7890E-04 -1.7940E-04 -4.1166E-08 -1.7243E-07
  1.8067E-04 -1.8223E-04 -4.1984E-08 -1.7585E-07
  1.8245E-04 -1.8511E-04 -4.2815E-08 -1.7934E-07
  1.8424E-04 -1.8801E-04 -4.3660E-08 -1.8288E-07
  1.8604E-04 -1.9096E-04 -4.4520E-08 -1.8648E-07
  1.8786E-04 -1.9395E-04 -4.5394E-08 -1.9014E-07
  1.8969E-04 -1.9697E-04 -4.6282E-08 -1.9386E-07
  1.9153E-04 -2.0003E-04 -4.7186E-08 -1.9764E-07
  1.9339E-04 -2.0313E-04 -4.8104E-08 -2.0149E-07
  1.9526E-04 -2.0627E-04 -4.9038E-08 -2.0540E-07
  1.9714E-04 -2.0945E-04 -4.9988E-08 -2.0938E-07
  1.9903E-04 -2.1267E-04 -5.0953E-08 -2.1343E-07
  2.0094E-04 -2.1593E-04 -5.1935E-08 -2.1754E-07
  2.0286E-04 -2.1924E-04 -5.2933E-08 -2.2172E-07
  2.0480E-04 -2.2258E-04 -5.3947E-08 -2.2596E-07
  2.0674E-04 -2.2597E-04 -5.4978E-08 -2.3028E-07
  2.0871E-04 -2.2940E-04 -5.6026E-08 -2.3467E-07
  2.1068E-04 -2.3287E-04 -5.7092E-08 -2.3914E-07
  2.1267E-04 -2.3639E-04 -5.8175E-08 -2.4367E-07
  2.1467E-04 -2.3995E-04 -5.9276E-08 -2.4828E-07
  2.1669E-04 -2.4356E-04 -6.0395E-08 -2.5297E-07
  2.1872E-04 -2.4721E-04 -6.1532E-08 -2.5774E-07
  2.2076E-04 -2.5091E-04 -6.2688E-08 -2.6258E-07
  2.2282E-04 -2.5465E-04 -6.3863E-08 -2.6750E-07
  2.2490E-04 -2.5845E-04 -6.5057E-08 -2.7250E-07
  2.2699E-04 -2.6229E-04 -6.6271E-08 -2.7758E-07
  2.2909E-04 -2.6617E-04 -6.7504E-08 -2.8275E-07
  2.3121E-04 -2.7011E-04 -6.8758E-08 -2.8800E-07
  2.3334E-04 -2.7409E-04 -7.0032E-08 -2.9334E-07
  2.3548E-04 -2.7813E-04 -7.1326E-08 -2.9876E-07
  2.3765E-04 -2.8221E-04 -7.2642E-08 -3.0427E-07
  2.3982E-04 -2.8635E-04 -7.3979E-08 -3.0987E-07
  2.4202E-04 -2.9054E-04 -7.5337E-08 -3.1556E-07
  2.4422E-04 -2.9478E-04 -7.6718E-08 -3.2134E-07
  2.4645E-04 -2.9907E-04 -7.8120E-08 -3.2722E-07
  2.4868E-04 -3.0342E-04 -7.9546E-08 -3.3319E-07
  2.5094E-04 -3.0782E-04 -8.0994E-08 -3.3926E-07
  2.5321E-04 -3.1227E-04 -8.2466E-08 -3.4542E-07
  2.5549E-04 -3.1678E-04 -8.3961E-08 -3.5168E-07
  2.5779E-04 -3.2135E-04 -8.5481E-08 -3.5805E-07
  2.6011E-04 -3.2597E-04 -8.7024E-08 -3.6451E-07
  2.6244E-04 -3.3065E-04 -8.8593E-08 -3.7108E-07
  2.6479E-04 -3.3539E-04 -9.0186E-08 -3.7776E-07
  2.6716E-04 -3.4018E-04 -9.1805E-08 -3.8454E-07
  2.6954E-04 -3.4504E-04 -9.3450E-08 -3.9143E-07
  2.7194E-04 -3.4995E-04 -9.5121E-08 -3.9843E-07
  2.7436E-04 -3.5492E-04 -9.6818E-08 -4.0554E-07
  2.7679E-04 -3.5996E-04 -9.8543E-08 -4.1276E-07
  2.7924E-04 -3.6506E-04 -1.0029E-07 -4.2010E-07
  2.8171E-04 -3.7022E-04 -1.0207E-07 -4.2755E-07
  2.8419E-04 -3.7544E-04 -1.0388E-07 -4.3513E-07
  2.8669E-04 -3.8073E-04 -1.0572E-07 -4.4282E-07
  2.8921E-04 -3.8608E-04 -1.0759E-07 -4.5064E-07
  2.9175E-04 -3.9150E-04 -1.0948E-07 -4.5857E-07
  2.9430E-04 -3.9698E-04 -1.1141E-07 -4.6664E-07
  2.9687E-04 -4.0253E-04 -1.1336E-07 -4.7483E-07
  2.9946E-04 -4.0815E-04 -1.1535E-07 -4.8315E-07
  3.0207E-04 -4.1384E-04 -1.1737E-07 -4.9160E-07
  3.0470E-04 -4.1960E-04 -1.1941E-07 -5.0019E-07
  3.0734E-04 -4.2542E-04 -1.2150E-07 -5.0890E-07
  3.1000E-04 -4.3132E-04 -1.2361E-07 -5.1776E-07
  3.1268E-04 -4.3729E-04 -1.2576E-07 -5.2675E-07
  3.1538E-04 -4.4333E-04 -1.2794E-07 -5.3589E-07
  3.1810E-04 -4.4945E-04 -1.3015E-07 -5.4517E-07
  3.2084E-04 -4.5563E-04 -1.3240E-07 -5.5459E-07
  3.2360E-04 -4.6190E-04 -1.3469E-07 -5.6416E-07
  3.2637E-04 -4.6824E-04 -1.3701E-07 -5.7389E-07
  3.2917E-04 -4.7466E-04 -1.3937E-07 -5.8376E-07
  3.3198E-04 -4.8115E-04 -1.4176E-07 -5.9378E-07
  3.3482E-04 -4.8772E-04 -1.4419E-07 -6.0397E-07
  3.3767E-04 -4.9438E-04 -1.4666E-07 -6.1431E-07
  3.4055E-04 -5.0111E-04 -1.4917E-07 -6.2481E-07
  3.4344E-04 -5.0793E-04 -1.5171E-07 -6.3547E-07
  3.4635E-04 -5.1482E-04 -1.5430E-07 -6.4630E-07
  3.4929E-04 -5.2180E-04 -1.5692E-07 -6.5730E-07
  3.5224E-04 -5.2887E-04 -1.5959E-07 -6.6847E-07
  3.5522E-04 -5.3601E-04 -1.6230E-07 -6.7981E-07
  3.5822E-04 -5.4325E-04 -1.6505E-07 -6.9133E-07
  3.6123E-04 -5.5057E-04 -1.6784E-07 -7.0302E-07
  3.6427E-04 -5.5798E-04 -1.7068E-07 -7.1490E-07
  3.6733E-04 -5.6548E-04 -1.7355E-07 -7.2696E-07
  3.7041E-04 -5.7307E-04 -1.7648E-07 -7.3920E-07
  3.7351E-04 -5.8075E-04 -1.7945E-07 -7.5164E-07
  3.7664E-04 -5.8852E-04 -1.8246E-07 -7.6426E-07
  3.7978E-04 -5.9639E-04 -1.8552E-07 -7.7708E-07
  3.8295E-04 -6.0435E-04 -1.8863E-07 -7.9010E-07
  3.8614E-04 -6.1240E-04 -1.9178E-07 -8.0332E-07
  3.8935E-04 -6.2055E-04 -1.9499E-07 -8.1673E-07
  3.9259E-04 -6.2880E-04 -1.9824E-07 -8.3036E-07
  3.9584E-04 -6.3715E-04 -2.0154E-07 -8.4419E-07
  3.9912E-04 -6.4559E-04 -2.0490E-07 -8.5824E-07
  4.0242E-04 -6.5414E-04 -2.0830E-07 -8.7250E-07
  4.0575E-04 -6.6279E-04 -2.1176E-07 -8.8698E-07
  4.0910E-04 -6.7154E-04 -2.1527E-07 -9.0168E-07
  4.1247E-04 -6.8040E-04 -2.1883E-07 -9.1660E-07
  4.1587E-04 -6.8936E-04 -2.2245E-07 -9.3176E-07
  4.1928E-04 -6.9843E-04 -2.2612E-07 -9.4714E-07
  4.2273E-04 -7.0761E-04 -2.2985E-07 -9.6276E-07
  4.2619E-04 -7.1690E-04 -2.3364E-07 -9.7862E-07
  4.2968E-04 -7.2629E-04 -2.3748E-07 -9.9471E-07
  4.3320E-04 -7.3580E-04 -2.4138E-07 -1.0111E-06
  4.3674E-04 -7.4542E-04 -2.4534E-07 -1.0276E-06
  4.4030E-04 -7.5516E-04 -2.4936E-07 -1.0445E-06
  4.4389E-04 -7.6501E-04 -2.5344E-07 -1.0616E-06
  4.4751E-04 -7.7498E-04 -2.5759E-07 -1.0789E-06
  4.5115E-04 -7.8506E-04 -2.6180E-07 -1.0966E-06
  4.5481E-04 -7.9527E-04 -2.6607E-07 -1.1145E-06
  4.5850E-04 -8.0559E-04 -2.7040E-07 -1.1326E-06
  4.6222E-04 -8.1604E-04 -2.7480E-07 -1.1510E-06
  4.6596E-04 -8.2661E-04 -2.7927E-07 -1.1698E-06
  4.6973E-04 -8.3731E-04 -2.8381E-07 -1.1888E-06
  4.7352E-04 -8.4813E-04 -2.8841E-07 -1.2080E-06
  4.7735E-04 -8.5908E-04 -2.9308E-07 -1.2276E-06
  4.8119E-04 -8.7016E-04 -2.9783E-07 -1.2475E-06
  4.8507E-04 -8.8137E-04 -3.0264E-07 -1.2677E-06
  4.8897E-04 -8.9271E-04 -3.0753E-07 -1.2881E-06
  4.9290E-04 -9.0419E-04 -3.1249E-07 -1.3089E-06
  4.9685E-04 -9.1580E-04 -3.1753E-07 -1.3300E-06
  5.0084E-04 -9.2755E-04 -3.2264E-07 -1.3514E-06
  5.0485E-04 -9.3944E-04 -3.2783E-07 -1.3732E-06
  5.0889E-04 -9.5146E-04 -3.3309E-07 -1.3952E-06
  5.1295E-04 -9.6363E-04 -3.3844E-07 -1.4176E-06
  5.1705E-04 -9.7594E-04 -3.4387E-07 -1.4403E-06
  5.2117E-04 -9.8840E-04 -3.4937E-07 -1.4634E-06
  5.2533E-04 -1.0010E-03 -3.5496E-07 -1.4868E-06
  5.2951E-04 -1.0138E-03 -3.6064E-07 -1.5106E-06
  5.3372E-04 -1.0267E-03 -3.6640E-07 -1.5347E-06
  5.3796E-04 -1.0397E-03 -3.7224E-07 -1.5592E-06
  5.4223E-04 -1.0529E-03 -3.7817E-07 -1.5840E-06
  5.4653E-04 -1.0663E-03 -3.8420E-07 -1.6093E-06
  5.5086E-04 -1.0798E-03 -3.9031E-07 -1.6349E-06
  5.5522E-04 -1.0935E-03 -3.9651E-07 -1.6608E-06
  5.5961E-04 -1.1073E-03 -4.0281E-07 -1.6872E-06
  5.6403E-04 -1.1213E-03 -4.0920E-07 -1.7140E-06
  5.6848E-04 -1.1354E-03 -4.1568E-07 -1.7411E-06
  5.7297E-04 -1.1498E-03 -4.2226E-07 -1.7687E-06
  5.7748E-04 -1.1643E-03 -4.2894E-07 -1.7967E-06
  5.8203E-04 -1.1789E-03 -4.3572E-07 -1.8251E-06
  5.8660E-04 -1.1938E-03 -4.4260E-07 -1.8539E-06
  5.9121E-04 -1.2088E-03 -4.4958E-07 -1.8831E-06
  5.9585E-04 -1.2239E-03 -4.5667E-07 -1.9128E-06
  6.0053E-04 -1.2393E-03 -4.6386E-07 -1.9429E-06
  6.0523E-04 -1.2548E-03 -4.7116E-07 -1.9735E-06
  6.0997E-04 -1.2706E-03 -4.7857E-07 -2.0045E-06
  6.1474E-04 -1.2865E-03 -4.8608E-07 -2.0360E-06
  6.1955E-04 -1.3025E-03 -4.9371E-07 -2.0680E-06
  6.2439E-04 -1.3188E-03 -5.0145E-07 -2.1004E-06
  6.2926E-04 -1.3353E-03 -5.0931E-07 -2.1333E-06
  6.3417E-04 -1.3519E-03 -5.1728E-07 -2.1667E-06
  6.3911E-04 -1.3688E-03 -5.2538E-07 -2.2006E-06
  6.4408E-04 -1.3858E-03 -5.3359E-07 -2.2350E-06
  6.4909E-04 -1.4031E-03 -5.4192E-07 -2.2699E-06
  6.5413E-04 -1.4205E-03 -5.5038E-07 -2.3053E-06
  6.5921E-04 -1.4382E-03 -5.5896E-07 -2.3413E-06
  6.6433E-04 -1.4560E-03 -5.6766E-07 -2.3777E-06
  6.6948E-04 -1.4741E-03 -5.7650E-07 -2.4148E-06
  6.7467E-04 -1.4923E-03 -5.8547E-07 -2.4523E-06
  6.7989E-04 -1.5108E-03 -5.9457E-07 -2.4904E-06
  6.8515E-04 -1.5295E-03 -6.0380E-07 -2.5291E-06
  6.9045E-04 -1.5484E-03 -6.1317E-07 -2.5684E-06
  6.9578E-04 -1.5675E-03 -6.2268E-07 -2.6082E-06
  7.0115E-04 -1.5869E-03 -6.3233E-07 -2.6486E-06
  7.0656E-04 -1.6065E-03 -6.4212E-07 -2.6896E-06
  7.1200E-04 -1.6263E-03 -6.5206E-07 -2.7312E-06
  7.1748E-04 -1.6463E-03 -6.6214E-07 -2.7735E-06
  7.2300E-04 -1.6666E-03 -6.7237E-07 -2.8163E-06
  7.2856E-04 -1.6870E-03 -6.8275E-07 -2.8598E-06
  7.3416E-04 -1.7078E-03 -6.9328E-07 -2.9039E-06
  7.3980E-04 -1.7288E-03 -7.0397E-07 -2.9487E-06
  7.4548E-04 -1.7500E-03 -7.1481E-07 -2.9941E-06
  7.5119E-04 -1.7714E-03 -7.2582E-07 -3.0402E-06
  7.5695E-04 -1.7931E-03 -7.3698E-07 -3.0870E-06
  7.6275E-04 -1.8151E-03 -7.4831E-07 -3.1344E-06
  7.6858E-04 -1.8373E-03 -7.5981E-07 -3.1826E-06
  7.7446E-04 -1.8598E-03 -7.7148E-07 -3.2314E-06
  7.8038E-04 -1.8825E-03 -7.8331E-07 -3.2810E-06
  7.8634E-04 -1.9055E-03 -7.9532E-07 -3.3313E-06
  7.9234E-04 -1.9287E-03 -8.0751E-07 -3.3824E-06
  7.9838E-04 -1.9522E-03 -8.1987E-07 -3.4341E-06
  8.0447E-04 -1.9760E-03 -8.3242E-07 -3.4867E-06
  8.1059E-04 -2.0001E-03 -8.4515E-07 -3.5400E-06
  8.1676E-04 -2.0244E-03 -8.5806E-07 -3.5941E-06
  8.2298E-04 -2.0490E-03 -8.7117E-07 -3.6490E-06
  8.2923E-04 -2.0739E-03 -8.8446E-07 -3.7047E-06
  8.3553E-04 -2.0991E-03 -8.9795E-07 -3.7612E-06
  8.4188E-04 -2.1246E-03 -9.1164E-07 -3.8185E-06
  8.4827E-04 -2.1504E-03 -9.2553E-07 -3.8767E-06
  8.5470E-04 -2.1764E-03 -9.3962E-07 -3.9357E-06
  8.6118E-04 -2.2028E-03 -9.5391E-07 -3.9956E-06
  8.6770E-04 -2.2295E-03 -9.6842E-07 -4.0564E-06
  8.7427E-04 -2.2564E-03 -9.8314E-07 -4.1180E-06
  8.8088E-04 -2.2837E-03 -9.9807E-07 -4.1805E-06
  8.8754E-04 -2.3113E-03 -1.0132E-06 -4.2440E-06
  8.9425E-04 -2.3392E-03 -1.0286E-06 -4.3084E-06
  9.0100E-04 -2.3675E-03 -1.0442E-06 -4.3737E-06
  9.0780E-04 -2.3960E-03 -1.0600E-06 -4.4400E-06
  9.1465E-04 -2.4249E-03 -1.0761E-06 -4.5072E-06
  9.2155E-04 -2.4541E-03 -1.0923E-06 -4.5754E-06
  9.2849E-04 -2.4836E-03 -1.1089E-06 -4.6446E-06
  9.3548E-04 -2.5135E-03 -1.1256E-06 -4.7148E-06
  9.4252E-04 -2.5437E-03 -1.1426E-06 -4.7861E-06
  9.4961E-04 -2.5743E-03 -1.1599E-06 -4.8584E-06
  9.5675E-04 -2.6052E-03 -1.1774E-06 -4.9317E-06
  9.6394E-04 -2.6365E-03 -1.1952E-06 -5.0061E-06
  9.7118E-04 -2.6681E-03 -1.2132E-06 -5.0815E-06
  9.7847E-04 -2.7001E-03 -1.2315E-06 -5.1581E-06
  9.8581E-04 -2.7325E-03 -1.2500E-06 -5.2358E-06
  9.9320E-04 -2.7652E-03 -1.2688E-06 -5.3146E-06
  1.0006E-03 -2.7983E-03 -1.2879E-06 -5.3945E-06
  1.0081E-03 -2.8318E-03 -1.3073E-06 -5.4757E-06
  1.0157E-03 -2.8656E-03 -1.3269E-06 -5.5579E-06
  1.0233E-03 -2.8998E-03 -1.3468E-06 -5.6414E-06
  1.0309E-03 -2.9345E-03 -1.3671E-06 -5.7261E-06
  1.0386E-03 -2.9695E-03 -1.3876E-06 -5.8120E-06
  1.0464E-03 -3.0049E-03 -1.4084E-06 -5.8992E-06
  1.0542E-03 -3.0407E-03 -1.4295E-06 -5.9876E-06
  1.0621E-03 -3.0770E-03 -1.4509E-06 -6.0774E-06
  1.0700E-03 -3.1136E-03 -1.4726E-06 -6.1684E-06
  1.0780E-03 -3.1507E-03 -1.4947E-06 -6.2607E-06
  1.0860E-03 -3.1881E-03 -1.5170E-06 -6.3544E-06
  1.0941E-03 -3.2260E-03 -1.5397E-06 -6.4494E-06
  1.1023E-03 -3.2644E-03 -1.5627E-06 -6.5458E-06
  1.1105E-03 -3.3031E-03 -1.5861E-06 -6.6436E-06
  1.1187E-03 -3.3423E-03 -1.6098E-06 -6.7428E-06
  1.1270E-03 -3.3820E-03 -1.6338E-06 -6.8434E-06
  1.1354E-03 -3.4221E-03 -1.6582E-06 -6.9455E-06
  1.1438E-03 -3.4626E-03 -1.6829E-06 -7.0491E-06
  1.1523E-03 -3.5037E-03 -1.7080E-06 -7.1541E-06
  1.1609E-03 -3.5451E-03 -1.7334E-06 -7.2607E-06
  1.1695E-03 -3.5871E-03 -1.7592E-06 -7.3688E-06
  1.1782E-03 -3.6295E-03 -1.7854E-06 -7.4785E-06
  1.1869E-03 -3.6724E-03 -1.8120E-06 -7.5898E-06
  1.1957E-03 -3.7158E-03 -1.8389E-06 -7.7027E-06
  1.2046E-03 -3.7597E-03 -1.8663E-06 -7.8172E-06
  1.2135E-03 -3.8040E-03 -1.8940E-06 -7.9333E-06
  1.2224E-03 -3.8489E-03 -1.9221E-06 -8.0511E-06
  1.2315E-03 -3.8943E-03 -1.9507E-06 -8.1707E-06
  1.2406E-03 -3.9402E-03 -1.9796E-06 -8.2919E-06
  1.2498E-03 -3.9866E-03 -2.0090E-06 -8.4149E-06
  1.2590E-03 -4.0335E-03 -2.0388E-06 -8.5397E-06
  1.2683E-03 -4.0810E-03 -2.0690E-06 -8.6663E-06
  1.2776E-03 -4.1290E-03 -2.0996E-06 -8.7946E-06
  1.2871E-03 -4.1775E-03 -2.1307E-06 -8.9249E-06
  1.2966E-03 -4.2266E-03 -2.1623E-06 -9.0570E-06
  1.3061E-03 -4.2762E-03 -2.1943E-06 -9.1910E-06
  1.3157E-03 -4.3264E-03 -2.2267E-06 -9.3270E-06
  1.3254E-03 -4.3772E-03 -2.2596E-06 -9.4649E-06
  1.3352E-03 -4.4285E-03 -2.2930E-06 -9.6047E-06
  1.3450E-03 -4.4804E-03 -2.3269E-06 -9.7466E-06
  1.3549E-03 -4.5329E-03 -2.3613E-06 -9.8906E-06
  1.3649E-03 -4.5860E-03 -2.3961E-06 -1.0037E-05
  1.3749E-03 -4.6397E-03 -2.4315E-06 -1.0185E-05
  1.3850E-03 -4.6940E-03 -2.4674E-06 -1.0335E-05
  1.3952E-03 -4.7488E-03 -2.5037E-06 -1.0487E-05
  1.4054E-03 -4.8043E-03 -2.5407E-06 -1.0642E-05
  1.4158E-03 -4.8605E-03 -2.5781E-06 -1.0799E-05
  1.4261E-03 -4.9172E-03 -2.6161E-06 -1.0958E-05
  1.4366E-03 -4.9746E-03 -2.6546E-06 -1.1119E-05
  1.4471E-03 -5.0326E-03 -2.6936E-06 -1.1283E-05
  1.4577E-03 -5.0913E-03 -2.7333E-06 -1.1449E-05
  1.4684E-03 -5.1506E-03 -2.7735E-06 -1.1617E-05
  1.4792E-03 -5.2106E-03 -2.8143E-06 -1.1788E-05
  1.4900E-03 -5.2713E-03 -2.8556E-06 -1.1961E-05
  1.5009E-03 -5.3326E-03 -2.8976E-06 -1.2137E-05
  1.5119E-03 -5.3947E-03 -2.9401E-06 -1.2315E-05
  1.5230E-03 -5.4574E-03 -2.9833E-06 -1.2496E-05
  1.5341E-03 -5.5208E-03 -3.0271E-06 -1.2679E-05
  1.5453E-03 -5.5849E-03 -3.0715E-06 -1.2865E-05
  1.5566E-03 -5.6498E-03 -3.1165E-06 -1.3054E-05
  1.5680E-03 -5.7154E-03 -3.1622E-06 -1.3245E-05
  1.5794E-03 -5.7816E-03 -3.2086E-06 -1.3440E-05
  1.5909E-03 -5.8487E-03 -3.2556E-06 -1.3636E-05
  1.6025E-03 -5.9165E-03 -3.3033E-06 -1.3836E-05
  1.6142E-03 -5.9850E-03 -3.3516E-06 -1.4039E-05
  1.6260E-03 -6.0543E-03 -3.4007E-06 -1.4244E-05
  1.6379E-03 -6.1244E-03 -3.4505E-06 -1.4453E-05
  1.6498E-03 -6.1952E-03 -3.5009E-06 -1.4664E-05
  1.6618E-03 -6.2668E-03 -3.5521E-06 -1.4879E-05
  1.6739E-03 -6.3393E-03 -3.6041E-06 -1.5096E-05
  1.6861E-03 -6.4125E-03 -3.6567E-06 -1.5317E-05
  1.6984E-03 -6.4865E-03 -3.7102E-06 -1.5541E-05
  1.7107E-03 -6.5614E-03 -3.7643E-06 -1.5767E-05
  1.7232E-03 -6.6371E-03 -3.8193E-06 -1.5998E-05
  1.7357E-03 -6.7136E-03 -3.8751E-06 -1.6231E-05
  1.7483E-03 -6.7910E-03 -3.9316E-06 -1.6468E-05
  1.7610E-03 -6.8692E-03 -3.9890E-06 -1.6708E-05
  1.7738E-03 -6.9483E-03 -4.0471E-06 -1.6952E-05
  1.7867E-03 -7.0283E-03 -4.1061E-06 -1.7199E-05
  1.7997E-03 -7.1091E-03 -4.1660E-06 -1.7450E-05
  1.8128E-03 -7.1909E-03 -4.2267E-06 -1.7704E-05
  1.8259E-03 -7.2735E-03 -4.2883E-06 -1.7962E-05
  1.8392E-03 -7.3571E-03 -4.3507E-06 -1.8223E-05
  1.8525E-03 -7.4416E-03 -4.4140E-06 -1.8489E-05
  1.8659E-03 -7.5270E-03 -4.4783E-06 -1.8758E-05
  1.8794E-03 -7.6133E-03 -4.5434E-06 -1.9031E-05
  1.8931E-03 -7.7006E-03 -4.6095E-06 -1.9308E-05
  1.9068E-03 -7.7889E-03 -4.6766E-06 -1.9588E-05
  1.9206E-03 -7.8781E-03 -4.7446E-06 -1.9873E-05
  1.9345E-03 -7.9683E-03 -4.8135E-06 -2.0162E-05
  1.9485E-03 -8.0595E-03 -4.8834E-06 -2.0455E-05
  1.9626E-03 -8.1517E-03 -4.9544E-06 -2.0752E-05
  1.9768E-03 -8.2449E-03 -5.0263E-06 -2.1053E-05
  1.9911E-03 -8.3392E-03 -5.0993E-06 -2.1359E-05
  2.0055E-03 -8.4344E-03 -5.1733E-06 -2.1669E-05
  2.0200E-03 -8.5308E-03 -5.2484E-06 -2.1984E-05
  2.0346E-03 -8.6281E-03 -5.3245E-06 -2.2303E-05
  2.0493E-03 -8.7266E-03 -5.4018E-06 -2.2626E-05
  2.0641E-03 -8.8261E-03 -5.4801E-06 -2.2954E-05
  2.0790E-03 -8.9267E-03 -5.5595E-06 -2.3287E-05
  2.0940E-03 -9.0283E-03 -5.6401E-06 -2.3624E-05
  2.1091E-03 -9.1311E-03 -5.7218E-06 -2.3967E-05
  2.1244E-03 -9.2351E-03 -5.8047E-06 -2.4314E-05
  2.1397E-03 -9.3401E-03 -5.8888E-06 -2.4666E-05
  2.1551E-03 -9.4463E-03 -5.9740E-06 -2.5023E-05
  2.1707E-03 -9.5537E-03 -6.0605E-06 -2.5385E-05
  2.1863E-03 -9.6622E-03 -6.1482E-06 -2.5752E-05
  2.2021E-03 -9.7719E-03 -6.2371E-06 -2.6125E-05
  2.2179E-03 -9.8828E-03 -6.3274E-06 -2.6503E-05
  2.2339E-03 -9.9949E-03 -6.4189E-06 -2.6886E-05
  2.2500E-03 -1.0108E-02 -6.5117E-06 -2.7275E-05
  2.2662E-03 -1.0223E-02 -6.6058E-06 -2.7669E-05
  2.2825E-03 -1.0339E-02 -6.7012E-06 -2.8069E-05
  2.2990E-03 -1.0456E-02 -6.7980E-06 -2.8475E-05
  2.3155E-03 -1.0574E-02 -6.8962E-06 -2.8886E-05
  2.3322E-03 -1.0693E-02 -6.9958E-06 -2.9303E-05
  2.3489E-03 -1.0814E-02 -7.0968E-06 -2.9726E-05
  2.3658E-03 -1.0937E-02 -7.1993E-06 -3.0155E-05
  2.3828E-03 -1.1060E-02 -7.3032E-06 -3.0590E-05
  2.4000E-03 -1.1185E-02 -7.4085E-06 -3.1032E-05
  2.4172E-03 -1.1311E-02 -7.5154E-06 -3.1479E-05
  2.4346E-03 -1.1439E-02 -7.6238E-06 -3.1933E-05
  2.4521E-03 -1.1567E-02 -7.7337E-06 -3.2394E-05
  2.4697E-03 -1.1698E-02 -7.8452E-06 -3.2861E-05
  2.4874E-03 -1.1829E-02 -7.9583E-06 -3.3334E-05
  2.5053E-03 -1.1963E-02 -8.0730E-06 -3.3815E-05
  2.5232E-03 -1.2097E-02 -8.1893E-06 -3.4302E-05
  2.5414E-03 -1.2233E-02 -8.3072E-06 -3.4796E-05
  2.5596E-03 -1.2371E-02 -8.4268E-06 -3.5297E-05
  2.5780E-03 -1.2509E-02 -8.5482E-06 -3.5805E-05
  2.5964E-03 -1.2650E-02 -8.6712E-06 -3.6320E-05
  2.6151E-03 -1.2792E-02 -8.7960E-06 -3.6843E-05
  2.6338E-03 -1.2935E-02 -8.9226E-06 -3.7373E-05
  2.6527E-03 -1.3080E-02 -9.0509E-06 -3.7911E-05
  2.6717E-03 -1.3227E-02 -9.1811E-06 -3.8456E-05
  2.6908E-03 -1.3375E-02 -9.3132E-06 -3.9009E-05
  2.7101E-03 -1.3524E-02 -9.4471E-06 -3.9570E-05
  2.7295E-03 -1.3675E-02 -9.5829E-06 -4.0139E-05
  2.7491E-03 -1.3828E-02 -9.7206E-06 -4.0716E-05
  2.7687E-03 -1.3983E-02 -9.8603E-06 -4.1301E-05
  2.7886E-03 -1.4139E-02 -1.0002E-05 -4.1894E-05
  2.8085E-03 -1.4296E-02 -1.0146E-05 -4.2496E-05
  2.8286E-03 -1.4456E-02 -1.0291E-05 -4.3106E-05
  2.8488E-03 -1.4617E-02 -1.0439E-05 -4.3725E-05
  2.8692E-03 -1.4780E-02 -1.0589E-05 -4.4353E-05
  2.8897E-03 -1.4944E-02 -1.0741E-05 -4.4990E-05
  2.9104E-03 -1.5111E-02 -1.0895E-05 -4.5635E-05
  2.9312E-03 -1.5278E-02 -1.1051E-05 -4.6290E-05
  2.9522E-03 -1.5448E-02 -1.1210E-05 -4.6954E-05
  2.9733E-03 -1.5620E-02 -1.1371E-05 -4.7628E-05
  2.9945E-03 -1.5793E-02 -1.1534E-05 -4.8311E-05
  3.0159E-03 -1.5968E-02 -1.1699E-05 -4.9003E-05
  3.0374E-03 -1.6145E-02 -1.1867E-05 -4.9706E-05
  3.0591E-03 -1.6324E-02 -1.2037E-05 -5.0418E-05
  3.0810E-03 -1.6505E-02 -1.2209E-05 -5.1141E-05
  3.1030E-03 -1.6688E-02 -1.2384E-05 -5.1874E-05
  3.1251E-03 -1.6872E-02 -1.2562E-05 -5.2617E-05
  3.1474E-03 -1.7059E-02 -1.2742E-05 -5.3370E-05
  3.1699E-03 -1.7247E-02 -1.2924E-05 -5.4135E-05
  3.1925E-03 -1.7437E-02 -1.3109E-05 -5.4910E-05
  3.2152E-03 -1.7630E-02 -1.3297E-05 -5.5696E-05
  3.2382E-03 -1.7824E-02 -1.3487E-05 -5.6493E-05
  3.2613E-03 -1.8020E-02 -1.3680E-05 -5.7302E-05
  3.2845E-03 -1.8219E-02 -1.3876E-05 -5.8122E-05
  3.3079E-03 -1.8419E-02 -1.4075E-05 -5.8953E-05
  3.3315E-03 -1.8622E-02 -1.4276E-05 -5.9797E-05
  3.3552E-03 -1.8826E-02 -1.4480E-05 -6.0652E-05
  3.3792E-03 -1.9033E-02 -1.4687E-05 -6.1519E-05
  3.4032E-03 -1.9242E-02 -1.4897E-05 -6.2399E-05
  3.4275E-03 -1.9453E-02 -1.5110E-05 -6.3291E-05
  3.4519E-03 -1.9666E-02 -1.5326E-05 -6.4196E-05
  3.4765E-03 -1.9882E-02 -1.5545E-05 -6.5113E-05
  3.5012E-03 -2.0099E-02 -1.5767E-05 -6.6043E-05
  3.5261E-03 -2.0319E-02 -1.5993E-05 -6.6987E-05
  3.5512E-03 -2.0541E-02 -1.6221E-05 -6.7944E-05
  3.5765E-03 -2.0765E-02 -1.6453E-05 -6.8914E-05
  3.6019E-03 -2.0992E-02 -1.6688E-05 -6.9899E-05
  3.6276E-03 -2.1221E-02 -1.6926E-05 -7.0897E-05
  3.6534E-03 -2.1452E-02 -1.7168E-05 -7.1909E-05
  3.6794E-03 -2.1686E-02 -1.7413E-05 -7.2935E-05
  3.7055E-03 -2.1922E-02 -1.7661E-05 -7.3976E-05
  3.7319E-03 -2.2160E-02 -1.7913E-05 -7.5032E-05
  3.7584E-03 -2.2401E-02 -1.8169E-05 -7.6103E-05
  3.7851E-03 -2.2644E-02 -1.8428E-05 -7.7188E-05
  3.8120E-03 -2.2890E-02 -1.8691E-05 -7.8290E-05
  3.8391E-03 -2.3138E-02 -1.8958E-05 -7.9406E-05
  3.8664E-03 -2.3389E-02 -1.9228E-05 -8.0539E-05
  3.8939E-03 -2.3642E-02 -1.9502E-05 -8.1687E-05
  3.9215E-03 -2.3898E-02 -1.9780E-05 -8.2852E-05
  3.9494E-03 -2.4156E-02 -2.0062E-05 -8.4033E-05
  3.9774E-03 -2.4417E-02 -2.0348E-05 -8.5230E-05
  4.0057E-03 -2.4681E-02 -2.0638E-05 -8.6445E-05
  4.0341E-03 -2.4947E-02 -2.0932E-05 -8.7677E-05
  4.0627E-03 -2.5216E-02 -2.1231E-05 -8.8926E-05
  4.0916E-03 -2.5487E-02 -2.1533E-05 -9.0193E-05
  4.1206E-03 -2.5761E-02 -2.1840E-05 -9.1478E-05
  4.1499E-03 -2.6038E-02 -2.2151E-05 -9.2781E-05
  4.1793E-03 -2.6318E-02 -2.2466E-05 -9.4102E-05
  4.2089E-03 -2.6600E-02 -2.2786E-05 -9.5442E-05
  4.2388E-03 -2.6885E-02 -2.3111E-05 -9.6801E-05
  4.2689E-03 -2.7173E-02 -2.3439E-05 -9.8179E-05
  4.2991E-03 -2.7464E-02 -2.3773E-05 -9.9576E-05
  4.3296E-03 -2.7758E-02 -2.4111E-05 -1.0099E-04
  4.3603E-03 -2.8055E-02 -2.4455E-05 -1.0243E-04
  4.3912E-03 -2.8354E-02 -2.4803E-05 -1.0389E-04
  4.4224E-03 -2.8656E-02 -2.5155E-05 -1.0537E-04
  4.4537E-03 -2.8962E-02 -2.5513E-05 -1.0686E-04
  4.4853E-03 -2.9270E-02 -2.5876E-05 -1.0838E-04
  4.5170E-03 -2.9581E-02 -2.6244E-05 -1.0993E-04
  4.5490E-03 -2.9896E-02 -2.6617E-05 -1.1149E-04
  4.5813E-03 -3.0213E-02 -2.6996E-05 -1.1307E-04
  4.6137E-03 -3.0534E-02 -2.7380E-05 -1.1468E-04
  4.6464E-03 -3.0857E-02 -2.7769E-05 -1.1631E-04
  4.6793E-03 -3.1184E-02 -2.8163E-05 -1.1797E-04
  4.7124E-03 -3.1514E-02 -2.8564E-05 -1.1964E-04
  4.7458E-03 -3.1847E-02 -2.8970E-05 -1.2134E-04
  4.7794E-03 -3.2183E-02 -2.9381E-05 -1.2307E-04
  4.8132E-03 -3.2522E-02 -2.9799E-05 -1.2481E-04
  4.8473E-03 -3.2865E-02 -3.0222E-05 -1.2659E-04
  4.8816E-03 -3.3211E-02 -3.0651E-05 -1.2839E-04
  4.9162E-03 -3.3560E-02 -3.1087E-05 -1.3021E-04
  4.9509E-03 -3.3913E-02 -3.1528E-05 -1.3206E-04
  4.9860E-03 -3.4269E-02 -3.1976E-05 -1.3393E-04
  5.0212E-03 -3.4628E-02 -3.2430E-05 -1.3583E-04
  5.0568E-03 -3.4990E-02 -3.2890E-05 -1.3776E-04
  5.0925E-03 -3.5356E-02 -3.3357E-05 -1.3972E-04
  5.1285E-03 -3.5726E-02 -3.3831E-05 -1.4170E-04
  5.1648E-03 -3.6099E-02 -3.4311E-05 -1.4371E-04
  5.2013E-03 -3.6475E-02 -3.4798E-05 -1.4575E-04
  5.2381E-03 -3.6855E-02 -3.5291E-05 -1.4782E-04
  5.2751E-03 -3.7238E-02 -3.5792E-05 -1.4992E-04
  5.3124E-03 -3.7625E-02 -3.6300E-05 -1.5204E-04
  5.3500E-03 -3.8016E-02 -3.6815E-05 -1.5420E-04
  5.3878E-03 -3.8410E-02 -3.7337E-05 -1.5639E-04
  5.4258E-03 -3.8808E-02 -3.7867E-05 -1.5861E-04
  5.4642E-03 -3.9209E-02 -3.8404E-05 -1.6086E-04
  5.5028E-03 -3.9614E-02 -3.8948E-05 -1.6314E-04
  5.5416E-03 -4.0023E-02 -3.9500E-05 -1.6545E-04
  5.5808E-03 -4.0436E-02 -4.0060E-05 -1.6780E-04
  5.6202E-03 -4.0852E-02 -4.0628E-05 -1.7017E-04
  5.6599E-03 -4.1272E-02 -4.1204E-05 -1.7259E-04
  5.6999E-03 -4.1696E-02 -4.1788E-05 -1.7503E-04
  5.7401E-03 -4.2123E-02 -4.2380E-05 -1.7751E-04
  5.7806E-03 -4.2555E-02 -4.2981E-05 -1.8003E-04
  5.8215E-03 -4.2990E-02 -4.3590E-05 -1.8258E-04
  5.8626E-03 -4.3430E-02 -4.4208E-05 -1.8517E-04
  5.9039E-03 -4.3873E-02 -4.4834E-05 -1.8779E-04
  5.9456E-03 -4.4320E-02 -4.5469E-05 -1.9045E-04
  5.9876E-03 -4.4771E-02 -4.6113E-05 -1.9315E-04
  6.0298E-03 -4.5226E-02 -4.6766E-05 -1.9588E-04
  6.0724E-03 -4.5685E-02 -4.7428E-05 -1.9866E-04
  6.1152E-03 -4.6148E-02 -4.8100E-05 -2.0147E-04
  6.1583E-03 -4.6616E-02 -4.8781E-05 -2.0432E-04
  6.2018E-03 -4.7087E-02 -4.9472E-05 -2.0721E-04
  6.2455E-03 -4.7562E-02 -5.0172E-05 -2.1015E-04
  6.2896E-03 -4.8042E-02 -5.0882E-05 -2.1312E-04
  6.3339E-03 -4.8525E-02 -5.1603E-05 -2.1614E-04
  6.3786E-03 -4.9013E-02 -5.2333E-05 -2.1920E-04
  6.4236E-03 -4.9505E-02 -5.3074E-05 -2.2230E-04
  6.4689E-03 -5.0001E-02 -5.3825E-05 -2.2545E-04
  6.5145E-03 -5.0502E-02 -5.4586E-05 -2.2864E-04
  6.5604E-03 -5.1007E-02 -5.5359E-05 -2.3187E-04
  6.6067E-03 -5.1516E-02 -5.6142E-05 -2.3515E-04
  6.6532E-03 -5.2029E-02 -5.6936E-05 -2.3848E-04
  6.7001E-03 -5.2546E-02 -5.7741E-05 -2.4185E-04
  6.7473E-03 -5.3068E-02 -5.8558E-05 -2.4527E-04
  6.7949E-03 -5.3595E-02 -5.9386E-05 -2.4874E-04
  6.8428E-03 -5.4125E-02 -6.0226E-05 -2.5226E-04
  6.8910E-03 -5.4660E-02 -6.1078E-05 -2.5583E-04
  6.9395E-03 -5.5200E-02 -6.1942E-05 -2.5944E-04
  6.9884E-03 -5.5744E-02 -6.2817E-05 -2.6311E-04
  7.0376E-03 -5.6292E-02 -6.3706E-05 -2.6683E-04
  7.0872E-03 -5.6845E-02 -6.4606E-05 -2.7060E-04
  7.1371E-03 -5.7402E-02 -6.5519E-05 -2.7443E-04
  7.1874E-03 -5.7964E-02 -6.6446E-05 -2.7831E-04
  7.2380E-03 -5.8531E-02 -6.7385E-05 -2.8224E-04
  7.2890E-03 -5.9101E-02 -6.8337E-05 -2.8623E-04
  7.3403E-03 -5.9677E-02 -6.9303E-05 -2.9028E-04
  7.3920E-03 -6.0257E-02 -7.0282E-05 -2.9438E-04
  7.4440E-03 -6.0842E-02 -7.1275E-05 -2.9854E-04
  7.4964E-03 -6.1431E-02 -7.2282E-05 -3.0275E-04
  7.5492E-03 -6.2025E-02 -7.3303E-05 -3.0703E-04
  7.6023E-03 -6.2623E-02 -7.4339E-05 -3.1137E-04
  7.6558E-03 -6.3226E-02 -7.5389E-05 -3.1577E-04
  7.7097E-03 -6.3834E-02 -7.6454E-05 -3.2023E-04
  7.7640E-03 -6.4446E-02 -7.7534E-05 -3.2475E-04
  7.8186E-03 -6.5064E-02 -7.8629E-05 -3.2934E-04
  7.8736E-03 -6.5685E-02 -7.9739E-05 -3.3399E-04
  7.9290E-03 -6.6312E-02 -8.0865E-05 -3.3870E-04
  7.9848E-03 -6.6943E-02 -8.2007E-05 -3.4348E-04
  8.0410E-03 -6.7579E-02 -8.3165E-05 -3.4833E-04
  8.0975E-03 -6.8220E-02 -8.4339E-05 -3.5325E-04
  8.1545E-03 -6.8866E-02 -8.5530E-05 -3.5824E-04
  8.2119E-03 -6.9516E-02 -8.6737E-05 -3.6330E-04
  8.2696E-03 -7.0171E-02 -8.7962E-05 -3.6842E-04
  8.3278E-03 -7.0831E-02 -8.9203E-05 -3.7362E-04
  8.3863E-03 -7.1495E-02 -9.0462E-05 -3.7890E-04
  8.4453E-03 -7.2165E-02 -9.1739E-05 -3.8424E-04
  8.5047E-03 -7.2839E-02 -9.3033E-05 -3.8967E-04
  8.5645E-03 -7.3518E-02 -9.4346E-05 -3.9517E-04
  8.6247E-03 -7.4201E-02 -9.5678E-05 -4.0074E-04
  8.6853E-03 -7.4890E-02 -9.7028E-05 -4.0639E-04
  8.7464E-03 -7.5583E-02 -9.8396E-05 -4.1213E-04
  8.8079E-03 -7.6281E-02 -9.9785E-05 -4.1794E-04
  8.8698E-03 -7.6984E-02 -1.0119E-04 -4.2384E-04
  8.9321E-03 -7.7692E-02 -1.0262E-04 -4.2982E-04
  8.9949E-03 -7.8404E-02 -1.0407E-04 -4.3588E-04
  9.0581E-03 -7.9122E-02 -1.0554E-04 -4.4203E-04
  9.1218E-03 -7.9844E-02 -1.0702E-04 -4.4826E-04
  9.1859E-03 -8.0571E-02 -1.0853E-04 -4.5458E-04
  9.2504E-03 -8.1302E-02 -1.1006E-04 -4.6099E-04
  9.3154E-03 -8.2039E-02 -1.1162E-04 -4.6749E-04
  9.3808E-03 -8.2780E-02 -1.1319E-04 -4.7408E-04
  9.4467E-03 -8.3526E-02 -1.1479E-04 -4.8077E-04
  9.5131E-03 -8.4277E-02 -1.1640E-04 -4.8755E-04
  9.5799E-03 -8.5032E-02 -1.1804E-04 -4.9442E-04
  9.6472E-03 -8.5793E-02 -1.1971E-04 -5.0139E-04
  9.7150E-03 -8.6558E-02 -1.2140E-04 -5.0846E-04
  9.7832E-03 -8.7327E-02 -1.2311E-04 -5.1562E-04
  9.8519E-03 -8.8102E-02 -1.2484E-04 -5.2289E-04
  9.9211E-03 -8.8881E-02 -1.2660E-04 -5.3026E-04
  9.9908E-03 -8.9664E-02 -1.2839E-04 -5.3773E-04
  1.0061E-02 -9.0453E-02 -1.3020E-04 -5.4531E-04
  1.0132E-02 -9.1245E-02 -1.3203E-04 -5.5299E-04
  1.0203E-02 -9.2043E-02 -1.3389E-04 -5.6079E-04
  1.0274E-02 -9.2845E-02 -1.3578E-04 -5.6869E-04
  1.0346E-02 -9.3652E-02 -1.3769E-04 -5.7670E-04
  1.0419E-02 -9.4463E-02 -1.3963E-04 -5.8483E-04
  1.0492E-02 -9.5279E-02 -1.4160E-04 -5.9306E-04
  1.0566E-02 -9.6099E-02 -1.4359E-04 -6.0142E-04
  1.0640E-02 -9.6924E-02 -1.4562E-04 -6.0989E-04
  1.0715E-02 -9.7753E-02 -1.4767E-04 -6.1848E-04
  1.0790E-02 -9.8586E-02 -1.4975E-04 -6.2719E-04
  1.0866E-02 -9.9424E-02 -1.5186E-04 -6.3603E-04
  1.0942E-02 -1.0027E-01 -1.5400E-04 -6.4498E-04
  1.1019E-02 -1.0111E-01 -1.5616E-04 -6.5407E-04
  1.1096E-02 -1.0196E-01 -1.5836E-04 -6.6328E-04
  1.1174E-02 -1.0282E-01 -1.6059E-04 -6.7262E-04
  1.1252E-02 -1.0368E-01 -1.6285E-04 -6.8209E-04
  1.1331E-02 -1.0454E-01 -1.6515E-04 -6.9169E-04
  1.1411E-02 -1.0541E-01 -1.6747E-04 -7.0143E-04
  1.1491E-02 -1.0628E-01 -1.6983E-04 -7.1131E-04
  1.1571E-02 -1.0715E-01 -1.7222E-04 -7.2132E-04
  1.1653E-02 -1.0803E-01 -1.7465E-04 -7.3147E-04
  1.1734E-02 -1.0892E-01 -1.7711E-04 -7.4177E-04
  1.1817E-02 -1.0980E-01 -1.7960E-04 -7.5221E-04
  1.1899E-02 -1.1069E-01 -1.8213E-04 -7.6280E-04
  1.1983E-02 -1.1159E-01 -1.8469E-04 -7.7354E-04
  1.2067E-02 -1.1249E-01 -1.8729E-04 -7.8442E-04
  1.2152E-02 -1.1339E-01 -1.8993E-04 -7.9546E-04
  1.2237E-02 -1.1429E-01 -1.9260E-04 -8.0666E-04
  1.2323E-02 -1.1520E-01 -1.9531E-04 -8.1801E-04
  1.2409E-02 -1.1611E-01 -1.9806E-04 -8.2952E-04
  1.2496E-02 -1.1703E-01 -2.0085E-04 -8.4119E-04
  1.2584E-02 -1.1795E-01 -2.0367E-04 -8.5303E-04
  1.2672E-02 -1.1887E-01 -2.0654E-04 -8.6503E-04
  1.2761E-02 -1.1979E-01 -2.0944E-04 -8.7720E-04
  1.2850E-02 -1.2072E-01 -2.1239E-04 -8.8954E-04
  1.2940E-02 -1.2165E-01 -2.1538E-04 -9.0206E-04
  1.3031E-02 -1.2259E-01 -2.1841E-04 -9.1475E-04
  1.3122E-02 -1.2352E-01 -2.2148E-04 -9.2761E-04
  1.3214E-02 -1.2446E-01 -2.2460E-04 -9.4066E-04
  1.3307E-02 -1.2541E-01 -2.2776E-04 -9.5389E-04
  1.3400E-02 -1.2635E-01 -2.3096E-04 -9.6731E-04
  1.3494E-02 -1.2730E-01 -2.3421E-04 -9.8091E-04
  1.3589E-02 -1.2825E-01 -2.3750E-04 -9.9471E-04
  1.3684E-02 -1.2920E-01 -2.4085E-04 -1.0087E-03
  1.3780E-02 -1.3015E-01 -2.4423E-04 -1.0229E-03
  1.3876E-02 -1.3111E-01 -2.4767E-04 -1.0373E-03
  1.3974E-02 -1.3206E-01 -2.5115E-04 -1.0519E-03
  1.4072E-02 -1.3302E-01 -2.5468E-04 -1.0666E-03
  1.4170E-02 -1.3398E-01 -2.5826E-04 -1.0816E-03
  1.4269E-02 -1.3495E-01 -2.6190E-04 -1.0969E-03
  1.4369E-02 -1.3591E-01 -2.6558E-04 -1.1123E-03
  1.4470E-02 -1.3688E-01 -2.6931E-04 -1.1279E-03
  1.4571E-02 -1.3784E-01 -2.7310E-04 -1.1438E-03
  1.4673E-02 -1.3881E-01 -2.7694E-04 -1.1598E-03
  1.4776E-02 -1.3978E-01 -2.8083E-04 -1.1761E-03
  1.4880E-02 -1.4075E-01 -2.8478E-04 -1.1927E-03
  1.4984E-02 -1.4172E-01 -2.8878E-04 -1.2094E-03
  1.5089E-02 -1.4269E-01 -2.9284E-04 -1.2264E-03
  1.5195E-02 -1.4366E-01 -2.9696E-04 -1.2437E-03
  1.5301E-02 -1.4463E-01 -3.0113E-04 -1.2612E-03
  1.5408E-02 -1.4560E-01 -3.0537E-04 -1.2789E-03
  1.5516E-02 -1.4657E-01 -3.0966E-04 -1.2969E-03
  1.5625E-02 -1.4755E-01 -3.1401E-04 -1.3151E-03
  1.5734E-02 -1.4852E-01 -3.1843E-04 -1.3336E-03
  1.5844E-02 -1.4949E-01 -3.2290E-04 -1.3523E-03
  1.5955E-02 -1.5046E-01 -3.2744E-04 -1.3713E-03
  1.6067E-02 -1.5143E-01 -3.3204E-04 -1.3906E-03
  1.6180E-02 -1.5239E-01 -3.3671E-04 -1.4101E-03
  1.6293E-02 -1.5336E-01 -3.4144E-04 -1.4299E-03
  1.6407E-02 -1.5433E-01 -3.4624E-04 -1.4500E-03
  1.6522E-02 -1.5529E-01 -3.5110E-04 -1.4704E-03
  1.6638E-02 -1.5625E-01 -3.5604E-04 -1.4911E-03
  1.6754E-02 -1.5721E-01 -3.6104E-04 -1.5120E-03
  1.6871E-02 -1.5817E-01 -3.6611E-04 -1.5332E-03
  1.6989E-02 -1.5913E-01 -3.7125E-04 -1.5548E-03
  1.7108E-02 -1.6008E-01 -3.7647E-04 -1.5766E-03
  1.7228E-02 -1.6103E-01 -3.8176E-04 -1.5988E-03
  1.7349E-02 -1.6198E-01 -3.8712E-04 -1.6212E-03
  1.7470E-02 -1.6293E-01 -3.9256E-04 -1.6440E-03
  1.7592E-02 -1.6387E-01 -3.9808E-04 -1.6671E-03
  1.7716E-02 -1.6481E-01 -4.0367E-04 -1.6905E-03
  1.7840E-02 -1.6574E-01 -4.0934E-04 -1.7142E-03
  1.7964E-02 -1.6667E-01 -4.1509E-04 -1.7383E-03
  1.8090E-02 -1.6760E-01 -4.2092E-04 -1.7627E-03
  1.8217E-02 -1.6852E-01 -4.2683E-04 -1.7875E-03
  1.8344E-02 -1.6944E-01 -4.3283E-04 -1.8126E-03
  1.8473E-02 -1.7035E-01 -4.3890E-04 -1.8380E-03
  1.8602E-02 -1.7126E-01 -4.4507E-04 -1.8638E-03
  1.8732E-02 -1.7216E-01 -4.5132E-04 -1.8900E-03
  1.8863E-02 -1.7306E-01 -4.5766E-04 -1.9165E-03
  1.8995E-02 -1.7395E-01 -4.6408E-04 -1.9435E-03
  1.9128E-02 -1.7484E-01 -4.7060E-04 -1.9707E-03
  1.9262E-02 -1.7571E-01 -4.7721E-04 -1.9984E-03
  1.9397E-02 -1.7659E-01 -4.8391E-04 -2.0265E-03
  1.9532E-02 -1.7745E-01 -4.9071E-04 -2.0549E-03
  1.9669E-02 -1.7831E-01 -4.9760E-04 -2.0838E-03
  1.9807E-02 -1.7916E-01 -5.0458E-04 -2.1130E-03
  1.9945E-02 -1.8000E-01 -5.1167E-04 -2.1427E-03
  2.0085E-02 -1.8084E-01 -5.1885E-04 -2.1727E-03
  2.0225E-02 -1.8166E-01 -5.2614E-04 -2.2032E-03
  2.0367E-02 -1.8248E-01 -5.3352E-04 -2.2342E-03
  2.0509E-02 -1.8329E-01 -5.4101E-04 -2.2655E-03
  2.0653E-02 -1.8409E-01 -5.4861E-04 -2.2973E-03
  2.0797E-02 -1.8488E-01 -5.5631E-04 -2.3296E-03
  2.0943E-02 -1.8566E-01 -5.6412E-04 -2.3623E-03
  2.1089E-02 -1.8643E-01 -5.7204E-04 -2.3954E-03
  2.1237E-02 -1.8720E-01 -5.8007E-04 -2.4290E-03
  2.1385E-02 -1.8795E-01 -5.8821E-04 -2.4631E-03
  2.1535E-02 -1.8868E-01 -5.9647E-04 -2.4977E-03
  2.1685E-02 -1.8941E-01 -6.0484E-04 -2.5327E-03
  2.1837E-02 -1.9013E-01 -6.1333E-04 -2.5683E-03
  2.1990E-02 -1.9083E-01 -6.2194E-04 -2.6043E-03
  2.2143E-02 -1.9152E-01 -6.3067E-04 -2.6408E-03
  2.2298E-02 -1.9220E-01 -6.3952E-04 -2.6779E-03
  2.2454E-02 -1.9287E-01 -6.4849E-04 -2.7155E-03
  2.2611E-02 -1.9352E-01 -6.5760E-04 -2.7536E-03
  2.2769E-02 -1.9416E-01 -6.6682E-04 -2.7922E-03
  2.2929E-02 -1.9479E-01 -6.7618E-04 -2.8314E-03
  2.3089E-02 -1.9540E-01 -6.8567E-04 -2.8711E-03
  2.3250E-02 -1.9600E-01 -6.9529E-04 -2.9114E-03
  2.3413E-02 -1.9658E-01 -7.0505E-04 -2.9522E-03
  2.3577E-02 -1.9714E-01 -7.1494E-04 -2.9936E-03
  2.3742E-02 -1.9769E-01 -7.2498E-04 -3.0356E-03
  2.3908E-02 -1.9823E-01 -7.3515E-04 -3.0782E-03
  2.4075E-02 -1.9874E-01 -7.4546E-04 -3.1214E-03
  2.4243E-02 -1.9924E-01 -7.5592E-04 -3.1652E-03
  2.4412E-02 -1.9973E-01 -7.6653E-04 -3.2095E-03
  2.4583E-02 -2.0019E-01 -7.7728E-04 -3.2546E-03
  2.4755E-02 -2.0064E-01 -7.8819E-04 -3.3002E-03
  2.4928E-02 -2.0107E-01 -7.9925E-04 -3.3465E-03
  2.5102E-02 -2.0148E-01 -8.1046E-04 -3.3934E-03
  2.5278E-02 -2.0187E-01 -8.2183E-04 -3.4410E-03
  2.5454E-02 -2.0224E-01 -8.3336E-04 -3.4893E-03
  2.5632E-02 -2.0259E-01 -8.4505E-04 -3.5382E-03
  2.5812E-02 -2.0292E-01 -8.5691E-04 -3.5878E-03
  2.5992E-02 -2.0323E-01 -8.6893E-04 -3.6381E-03
  2.6174E-02 -2.0352E-01 -8.8112E-04 -3.6891E-03
  2.6357E-02 -2.0379E-01 -8.9348E-04 -3.7409E-03
  2.6541E-02 -2.0403E-01 -9.0601E-04 -3.7933E-03
  2.6726E-02 -2.0425E-01 -9.1872E-04 -3.8465E-03
  2.6913E-02 -2.0445E-01 -9.3160E-04 -3.9004E-03
  2.7101E-02 -2.0463E-01 -9.4467E-04 -3.9551E-03
  2.7291E-02 -2.0478E-01 -9.5792E-04 -4.0106E-03
  2.7481E-02 -2.0491E-01 -9.7136E-04 -4.0668E-03
  2.7673E-02 -2.0501E-01 -9.8498E-04 -4.1238E-03
  2.7867E-02 -2.0509E-01 -9.9879E-04 -4.1816E-03
  2.8062E-02 -2.0514E-01 -1.0128E-03 -4.2402E-03
  2.8258E-02 -2.0517E-01 -1.0270E-03 -4.2997E-03
  2.8455E-02 -2.0517E-01 -1.0414E-03 -4.3599E-03
  2.8654E-02 -2.0514E-01 -1.0560E-03 -4.4210E-03
  2.8854E-02 -2.0509E-01 -1.0708E-03 -4.4830E-03
  2.9056E-02 -2.0501E-01 -1.0858E-03 -4.5459E-03
  2.9259E-02 -2.0490E-01 -1.1011E-03 -4.6096E-03
  2.9463E-02 -2.0476E-01 -1.1165E-03 -4.6742E-03
  2.9669E-02 -2.0460E-01 -1.1322E-03 -4.7397E-03
  2.9877E-02 -2.0440E-01 -1.1480E-03 -4.8061E-03
  3.0085E-02 -2.0418E-01 -1.1641E-03 -4.8735E-03
  3.0296E-02 -2.0392E-01 -1.1805E-03 -4.9418E-03
  3.0507E-02 -2.0364E-01 -1.1970E-03 -5.0110E-03
  3.0720E-02 -2.0332E-01 -1.2138E-03 -5.0812E-03
  3.0935E-02 -2.0297E-01 -1.2308E-03 -5.1524E-03
  3.1151E-02 -2.0259E-01 -1.2481E-03 -5.2246E-03
  3.1369E-02 -2.0218E-01 -1.2656E-03 -5.2979E-03
  3.1588E-02 -2.0174E-01 -1.2833E-03 -5.3721E-03
  3.1809E-02 -2.0126E-01 -1.3013E-03 -5.4474E-03
  3.2031E-02 -2.0075E-01 -1.3196E-03 -5.5237E-03
  3.2255E-02 -2.0020E-01 -1.3381E-03 -5.6011E-03
  3.2480E-02 -1.9962E-01 -1.3568E-03 -5.6795E-03
  3.2707E-02 -1.9901E-01 -1.3758E-03 -5.7591E-03
  3.2935E-02 -1.9836E-01 -1.3951E-03 -5.8398E-03
  3.3165E-02 -1.9767E-01 -1.4147E-03 -5.9216E-03
  3.3397E-02 -1.9695E-01 -1.4345E-03 -6.0046E-03
  3.3630E-02 -1.9620E-01 -1.4546E-03 -6.0887E-03
  3.3865E-02 -1.9540E-01 -1.4750E-03 -6.1740E-03
  3.4102E-02 -1.9457E-01 -1.4957E-03 -6.2605E-03
  3.4340E-02 -1.9370E-01 -1.5167E-03 -6.3482E-03
  3.4580E-02 -1.9279E-01 -1.5379E-03 -6.4371E-03
  3.4821E-02 -1.9185E-01 -1.5595E-03 -6.5272E-03
  3.5065E-02 -1.9087E-01 -1.5813E-03 -6.6187E-03
  3.5310E-02 -1.8984E-01 -1.6035E-03 -6.7114E-03
  3.5556E-02 -1.8878E-01 -1.6260E-03 -6.8054E-03
  3.5804E-02 -1.8768E-01 -1.6488E-03 -6.9007E-03
  3.6055E-02 -1.8654E-01 -1.6719E-03 -6.9973E-03
  3.6306E-02 -1.8536E-01 -1.6953E-03 -7.0953E-03
  3.6560E-02 -1.8414E-01 -1.7191E-03 -7.1947E-03
  3.6815E-02 -1.8287E-01 -1.7432E-03 -7.2954E-03
  3.7072E-02 -1.8157E-01 -1.7676E-03 -7.3976E-03
  3.7331E-02 -1.8022E-01 -1.7924E-03 -7.5012E-03
  3.7592E-02 -1.7883E-01 -1.8175E-03 -7.6062E-03
  3.7855E-02 -1.7740E-01 -1.8430E-03 -7.7127E-03
  3.8119E-02 -1.7593E-01 -1.8688E-03 -7.8207E-03
  3.8385E-02 -1.7441E-01 -1.8950E-03 -7.9302E-03
  3.8653E-02 -1.7285E-01 -1.9215E-03 -8.0412E-03
  3.8923E-02 -1.7125E-01 -1.9485E-03 -8.1538E-03
  3.9195E-02 -1.6961E-01 -1.9758E-03 -8.2680E-03
  3.9469E-02 -1.6792E-01 -2.0034E-03 -8.3837E-03
  3.9744E-02 -1.6618E-01 -2.0315E-03 -8.5011E-03
  4.0022E-02 -1.6440E-01 -2.0600E-03 -8.6201E-03
  4.0301E-02 -1.6258E-01 -2.0889E-03 -8.7408E-03
  4.0583E-02 -1.6072E-01 -2.1181E-03 -8.8631E-03
  4.0866E-02 -1.5880E-01 -2.1478E-03 -8.9872E-03
  4.1151E-02 -1.5685E-01 -2.1779E-03 -9.1130E-03
  4.1439E-02 -1.5485E-01 -2.2084E-03 -9.2406E-03
  4.1728E-02 -1.5280E-01 -2.2394E-03 -9.3699E-03
  4.2019E-02 -1.5071E-01 -2.2707E-03 -9.5010E-03
  4.2313E-02 -1.4857E-01 -2.3026E-03 -9.6340E-03
  4.2608E-02 -1.4639E-01 -2.3348E-03 -9.7689E-03
  4.2906E-02 -1.4416E-01 -2.3675E-03 -9.9056E-03
  4.3205E-02 -1.4188E-01 -2.4007E-03 -1.0044E-02
  4.3507E-02 -1.3956E-01 -2.4343E-03 -1.0185E-02
  4.3811E-02 -1.3720E-01 -2.4684E-03 -1.0327E-02
  4.4116E-02 -1.3478E-01 -2.5030E-03 -1.0472E-02
  4.4424E-02 -1.3233E-01 -2.5381E-03 -1.0618E-02
  4.4735E-02 -1.2982E-01 -2.5736E-03 -1.0767E-02
  4.5047E-02 -1.2727E-01 -2.6097E-03 -1.0918E-02
  4.5361E-02 -1.2468E-01 -2.6463E-03 -1.1070E-02
  4.5678E-02 -1.2204E-01 -2.6833E-03 -1.1225E-02
  4.5997E-02 -1.1935E-01 -2.7209E-03 -1.1382E-02
  4.6318E-02 -1.1662E-01 -2.7590E-03 -1.1541E-02
  4.6641E-02 -1.1384E-01 -2.7977E-03 -1.1703E-02
  4.6967E-02 -1.1102E-01 -2.8369E-03 -1.1867E-02
  4.7295E-02 -1.0815E-01 -2.8766E-03 -1.2033E-02
  4.7625E-02 -1.0524E-01 -2.9169E-03 -1.2201E-02
  4.7958E-02 -1.0229E-01 -2.9578E-03 -1.2372E-02
  4.8292E-02 -9.9286E-02 -2.9992E-03 -1.2545E-02
  4.8629E-02 -9.6241E-02 -3.0412E-03 -1.2720E-02
  4.8969E-02 -9.3153E-02 -3.0838E-03 -1.2898E-02
  4.9311E-02 -9.0020E-02 -3.1270E-03 -1.3078E-02
  4.9655E-02 -8.6845E-02 -3.1708E-03 -1.3261E-02
  5.0002E-02 -8.3627E-02 -3.2152E-03 -1.3447E-02
  5.0351E-02 -8.0366E-02 -3.2603E-03 -1.3635E-02
  5.0702E-02 -7.7064E-02 -3.3059E-03 -1.3826E-02
  5.1056E-02 -7.3719E-02 -3.3522E-03 -1.4019E-02
  5.1412E-02 -7.0333E-02 -3.3992E-03 -1.4215E-02
  5.1771E-02 -6.6907E-02 -3.4468E-03 -1.4414E-02
  5.2132E-02 -6.3440E-02 -3.4951E-03 -1.4615E-02
  5.2496E-02 -5.9934E-02 -3.5440E-03 -1.4820E-02
  5.2863E-02 -5.6388E-02 -3.5936E-03 -1.5027E-02
  5.3232E-02 -5.2803E-02 -3.6440E-03 -1.5237E-02
  5.3603E-02 -4.9181E-02 -3.6950E-03 -1.5450E-02
  5.3977E-02 -4.5521E-02 -3.7468E-03 -1.5666E-02
  5.4354E-02 -4.1824E-02 -3.7992E-03 -1.5885E-02
  5.4733E-02 -3.8091E-02 -3.8524E-03 -1.6107E-02
  5.5115E-02 -3.4322E-02 -3.9064E-03 -1.6332E-02
  5.5500E-02 -3.0519E-02 -3.9611E-03 -1.6560E-02
  5.5887E-02 -2.6682E-02 -4.0166E-03 -1.6792E-02
  5.6278E-02 -2.2812E-02 -4.0728E-03 -1.7027E-02
  5.6670E-02 -1.8909E-02 -4.1298E-03 -1.7264E-02
  5.7066E-02 -1.4975E-02 -4.1877E-03 -1.7506E-02
  5.7464E-02 -1.1010E-02 -4.2463E-03 -1.7750E-02
  5.7865E-02 -7.0158E-03 -4.3058E-03 -1.7998E-02
  5.8269E-02 -2.9925E-03 -4.3661E-03 -1.8250E-02
  5.8676E-02  1.0587E-03 -4.4272E-03 -1.8505E-02
  5.9085E-02  5.1367E-03 -4.4892E-03 -1.8764E-02
  5.9497E-02  9.2406E-03 -4.5520E-03 -1.9026E-02
  5.9913E-02  1.3369E-02 -4.6158E-03 -1.9291E-02
  6.0331E-02  1.7522E-02 -4.6804E-03 -1.9561E-02
  6.0752E-02  2.1697E-02 -4.7459E-03 -1.9834E-02
  6.1176E-02  2.5893E-02 -4.8124E-03 -2.0111E-02
  6.1603E-02  3.0110E-02 -4.8798E-03 -2.0392E-02
  6.2032E-02  3.4346E-02 -4.9481E-03 -2.0677E-02
  6.2465E-02  3.8599E-02 -5.0174E-03 -2.0966E-02
  6.2901E-02  4.2869E-02 -5.0876E-03 -2.1259E-02
  6.3340E-02  4.7155E-02 -5.1589E-03 -2.1556E-02
  6.3782E-02  5.1455E-02 -5.2311E-03 -2.1857E-02
  6.4227E-02  5.5767E-02 -5.3043E-03 -2.2162E-02
  6.4675E-02  6.0090E-02 -5.3786E-03 -2.2471E-02
  6.5127E-02  6.4423E-02 -5.4539E-03 -2.2785E-02
  6.5581E-02  6.8765E-02 -5.5302E-03 -2.3103E-02
  6.6039E-02  7.3114E-02 -5.6077E-03 -2.3426E-02
  6.6499E-02  7.7468E-02 -5.6862E-03 -2.3753E-02
  6.6963E-02  8.1826E-02 -5.7658E-03 -2.4085E-02
  6.7431E-02  8.6186E-02 -5.8465E-03 -2.4421E-02
  6.7901E-02  9.0547E-02 -5.9283E-03 -2.4762E-02
  6.8375E-02  9.4907E-02 -6.0113E-03 -2.5107E-02
  6.8852E-02  9.9264E-02 -6.0955E-03 -2.5458E-02
  6.9332E-02  1.0362E-01 -6.1808E-03 -2.5813E-02
  6.9816E-02  1.0797E-01 -6.2673E-03 -2.6173E-02
  7.0303E-02  1.1230E-01 -6.3550E-03 -2.6539E-02
  7.0794E-02  1.1664E-01 -6.4440E-03 -2.6909E-02
  7.1288E-02  1.2095E-01 -6.5342E-03 -2.7284E-02
  7.1785E-02  1.2526E-01 -6.6256E-03 -2.7665E-02
  7.2286E-02  1.2955E-01 -6.7184E-03 -2.8051E-02
  7.2790E-02  1.3383E-01 -6.8124E-03 -2.8443E-02
  7.3298E-02  1.3808E-01 -6.9078E-03 -2.8839E-02
  7.3810E-02  1.4232E-01 -7.0045E-03 -2.9242E-02
  7.4325E-02  1.4653E-01 -7.1025E-03 -2.9650E-02
  7.4843E-02  1.5072E-01 -7.2019E-03 -3.0063E-02
  7.5365E-02  1.5488E-01 -7.3027E-03 -3.0482E-02
  7.5891E-02  1.5902E-01 -7.4049E-03 -3.0907E-02
  7.6421E-02  1.6312E-01 -7.5086E-03 -3.1339E-02
  7.6954E-02  1.6719E-01 -7.6136E-03 -3.1776E-02
  7.7491E-02  1.7123E-01 -7.7202E-03 -3.2219E-02
  7.8031E-02  1.7523E-01 -7.8282E-03 -3.2668E-02
  7.8576E-02  1.7919E-01 -7.9378E-03 -3.3123E-02
  7.9124E-02  1.8311E-01 -8.0489E-03 -3.3585E-02
  7.9676E-02  1.8699E-01 -8.1615E-03 -3.4053E-02
  8.0232E-02  1.9082E-01 -8.2757E-03 -3.4528E-02
  8.0791E-02  1.9461E-01 -8.3916E-03 -3.5009E-02
  8.1355E-02  1.9834E-01 -8.5090E-03 -3.5497E-02
  8.1922E-02  2.0203E-01 -8.6281E-03 -3.5992E-02
  8.2494E-02  2.0566E-01 -8.7488E-03 -3.6493E-02
  8.3069E-02  2.0923E-01 -8.8712E-03 -3.7002E-02
  8.3649E-02  2.1275E-01 -8.9954E-03 -3.7517E-02
  8.4232E-02  2.1620E-01 -9.1212E-03 -3.8040E-02
  8.4820E-02  2.1960E-01 -9.2489E-03 -3.8570E-02
  8.5412E-02  2.2292E-01 -9.3783E-03 -3.9107E-02
  8.6008E-02  2.2618E-01 -9.5095E-03 -3.9652E-02
  8.6608E-02  2.2937E-01 -9.6426E-03 -4.0204E-02
  8.7212E-02  2.3249E-01 -9.7775E-03 -4.0764E-02
  8.7820E-02  2.3554E-01 -9.9143E-03 -4.1332E-02
  8.8433E-02  2.3851E-01 -1.0053E-02 -4.1908E-02
  8.9050E-02  2.4140E-01 -1.0194E-02 -4.2491E-02
  8.9671E-02  2.4421E-01 -1.0336E-02 -4.3083E-02
  9.0296E-02  2.4693E-01 -1.0481E-02 -4.3682E-02
  9.0926E-02  2.4957E-01 -1.0628E-02 -4.4290E-02
  9.1560E-02  2.5213E-01 -1.0776E-02 -4.4907E-02
  9.2199E-02  2.5459E-01 -1.0927E-02 -4.5532E-02
  9.2842E-02  2.5696E-01 -1.1080E-02 -4.6165E-02
  9.3490E-02  2.5924E-01 -1.1235E-02 -4.6808E-02
  9.4142E-02  2.6142E-01 -1.1392E-02 -4.7459E-02
  9.4799E-02  2.6350E-01 -1.1551E-02 -4.8119E-02
  9.5460E-02  2.6548E-01 -1.1713E-02 -4.8789E-02
  9.6126E-02  2.6736E-01 -1.1877E-02 -4.9467E-02
  9.6796E-02  2.6914E-01 -1.2043E-02 -5.0155E-02
  9.7471E-02  2.7080E-01 -1.2211E-02 -5.0853E-02
  9.8151E-02  2.7236E-01 -1.2382E-02 -5.1560E-02
  9.8836E-02  2.7381E-01 -1.2555E-02 -5.2277E-02
  9.9525E-02  2.7514E-01 -1.2731E-02 -5.3004E-02
  1.0022E-01  2.7636E-01 -1.2909E-02 -5.3741E-02
  1.0092E-01  2.7746E-01 -1.3090E-02 -5.4488E-02
  1.0162E-01  2.7844E-01 -1.3273E-02 -5.5245E-02
  1.0233E-01  2.7931E-01 -1.3458E-02 -5.6013E-02
  1.0304E-01  2.8004E-01 -1.3647E-02 -5.6791E-02
  1.0376E-01  2.8066E-01 -1.3838E-02 -5.7580E-02
  1.0449E-01  2.8115E-01 -1.4031E-02 -5.8380E-02
  1.0522E-01  2.8151E-01 -1.4227E-02 -5.9191E-02
  1.0595E-01  2.8174E-01 -1.4426E-02 -6.0013E-02
  1.0669E-01  2.8183E-01 -1.4628E-02 -6.0847E-02
  1.0743E-01  2.8180E-01 -1.4833E-02 -6.1691E-02
  1.0818E-01  2.8163E-01 -1.5040E-02 -6.2548E-02
  1.0894E-01  2.8133E-01 -1.5250E-02 -6.3416E-02
  1.0970E-01  2.8089E-01 -1.5464E-02 -6.4297E-02
  1.1046E-01  2.8031E-01 -1.5680E-02 -6.5189E-02
  1.1123E-01  2.7959E-01 -1.5899E-02 -6.6094E-02
  1.1201E-01  2.7873E-01 -1.6121E-02 -6.7011E-02
  1.1279E-01  2.7772E-01 -1.6347E-02 -6.7941E-02
  1.1358E-01  2.7658E-01 -1.6575E-02 -6.8883E-02
  1.1437E-01  2.7528E-01 -1.6807E-02 -6.9838E-02
  1.1517E-01  2.7385E-01 -1.7042E-02 -7.0807E-02
  1.1597E-01  2.7226E-01 -1.7280E-02 -7.1789E-02
  1.1678E-01  2.7053E-01 -1.7522E-02 -7.2784E-02
  1.1759E-01  2.6866E-01 -1.7767E-02 -7.3793E-02
  1.1841E-01  2.6663E-01 -1.8015E-02 -7.4816E-02
  1.1924E-01  2.6445E-01 -1.8267E-02 -7.5853E-02
  1.2007E-01  2.6213E-01 -1.8523E-02 -7.6904E-02
  1.2091E-01  2.5965E-01 -1.8782E-02 -7.7969E-02
  1.2175E-01  2.5703E-01 -1.9044E-02 -7.9050E-02
  1.2260E-01  2.5425E-01 -1.9310E-02 -8.0144E-02
  1.2345E-01  2.5132E-01 -1.9580E-02 -8.1254E-02
  1.2432E-01  2.4824E-01 -1.9854E-02 -8.2379E-02
  1.2518E-01  2.4502E-01 -2.0132E-02 -8.3520E-02
  1.2606E-01  2.4164E-01 -2.0413E-02 -8.4676E-02
  1.2693E-01  2.3810E-01 -2.0698E-02 -8.5848E-02
  1.2782E-01  2.3442E-01 -2.0988E-02 -8.7036E-02
  1.2871E-01  2.3059E-01 -2.1281E-02 -8.8240E-02
  1.2961E-01  2.2661E-01 -2.1578E-02 -8.9460E-02
  1.3051E-01  2.2248E-01 -2.1880E-02 -9.0698E-02
  1.3142E-01  2.1821E-01 -2.2186E-02 -9.1952E-02
  1.3234E-01  2.1378E-01 -2.2496E-02 -9.3223E-02
  1.3326E-01  2.0921E-01 -2.2810E-02 -9.4512E-02
  1.3419E-01  2.0449E-01 -2.3129E-02 -9.5818E-02
  1.3513E-01  1.9963E-01 -2.3452E-02 -9.7142E-02
  1.3607E-01  1.9463E-01 -2.3780E-02 -9.8484E-02
  1.3702E-01  1.8948E-01 -2.4112E-02 -9.9844E-02
  1.3797E-01  1.8420E-01 -2.4449E-02 -1.0122E-01
  1.3894E-01  1.7877E-01 -2.4790E-02 -1.0262E-01
  1.3990E-01  1.7321E-01 -2.5137E-02 -1.0404E-01
  1.4088E-01  1.6751E-01 -2.5488E-02 -1.0547E-01
  1.4186E-01  1.6168E-01 -2.5844E-02 -1.0693E-01
  1.4285E-01  1.5572E-01 -2.6205E-02 -1.0840E-01
  1.4385E-01  1.4963E-01 -2.6571E-02 -1.0990E-01
  1.4485E-01  1.4341E-01 -2.6942E-02 -1.1141E-01
  1.4586E-01  1.3707E-01 -2.7319E-02 -1.1295E-01
  1.4688E-01  1.3061E-01 -2.7700E-02 -1.1451E-01
  1.4790E-01  1.2402E-01 -2.8087E-02 -1.1609E-01
  1.4893E-01  1.1732E-01 -2.8480E-02 -1.1768E-01
  1.4997E-01  1.1050E-01 -2.8877E-02 -1.1931E-01
  1.5102E-01  1.0358E-01 -2.9281E-02 -1.2095E-01
  1.5207E-01  9.6541E-02 -2.9690E-02 -1.2261E-01
  1.5313E-01  8.9401E-02 -3.0104E-02 -1.2430E-01
  1.5420E-01  8.2159E-02 -3.0525E-02 -1.2601E-01
  1.5528E-01  7.4819E-02 -3.0951E-02 -1.2775E-01
  1.5636E-01  6.7384E-02 -3.1383E-02 -1.2950E-01
  1.5745E-01  5.9857E-02 -3.1821E-02 -1.3128E-01
  1.5855E-01  5.2243E-02 -3.2266E-02 -1.3309E-01
  1.5965E-01  4.4545E-02 -3.2716E-02 -1.3492E-01
  1.6077E-01  3.6768E-02 -3.3173E-02 -1.3677E-01
  1.6189E-01  2.8915E-02 -3.3636E-02 -1.3865E-01
  1.6301E-01  2.0990E-02 -3.4105E-02 -1.4055E-01
  1.6415E-01  1.2997E-02 -3.4582E-02 -1.4248E-01
  1.6530E-01  4.9422E-03 -3.5064E-02 -1.4444E-01
  1.6645E-01 -3.1716E-03 -3.5554E-02 -1.4642E-01
  1.6761E-01 -1.1339E-02 -3.6050E-02 -1.4843E-01
  1.6878E-01 -1.9556E-02 -3.6553E-02 -1.5047E-01
  1.6996E-01 -2.7818E-02 -3.7063E-02 -1.5253E-01
  1.7114E-01 -3.6119E-02 -3.7580E-02 -1.5462E-01
  1.7233E-01 -4.4456E-02 -3.8105E-02 -1.5674E-01
  1.7354E-01 -5.2822E-02 -3.8636E-02 -1.5888E-01
  1.7475E-01 -6.1212E-02 -3.9176E-02 -1.6106E-01
  1.7596E-01 -6.9622E-02 -3.9722E-02 -1.6326E-01
  1.7719E-01 -7.8047E-02 -4.0276E-02 -1.6550E-01
  1.7843E-01 -8.6480E-02 -4.0838E-02 -1.6776E-01
  1.7967E-01 -9.4916E-02 -4.1408E-02 -1.7005E-01
  1.8092E-01 -1.0335E-01 -4.1985E-02 -1.7238E-01
  1.8218E-01 -1.1178E-01 -4.2571E-02 -1.7473E-01
  1.8345E-01 -1.2019E-01 -4.3165E-02 -1.7712E-01
  1.8473E-01 -1.2859E-01 -4.3767E-02 -1.7954E-01
  1.8602E-01 -1.3696E-01 -4.4377E-02 -1.8199E-01
  1.8732E-01 -1.4529E-01 -4.4996E-02 -1.8447E-01
  1.8863E-01 -1.5360E-01 -4.5623E-02 -1.8699E-01
  1.8994E-01 -1.6186E-01 -4.6259E-02 -1.8954E-01
  1.9126E-01 -1.7007E-01 -4.6904E-02 -1.9212E-01
  1.9260E-01 -1.7823E-01 -4.7558E-02 -1.9474E-01
  1.9394E-01 -1.8633E-01 -4.8221E-02 -1.9739E-01
  1.9529E-01 -1.9436E-01 -4.8893E-02 -2.0008E-01
  1.9666E-01 -2.0232E-01 -4.9575E-02 -2.0280E-01
  1.9803E-01 -2.1020E-01 -5.0266E-02 -2.0556E-01
  1.9941E-01 -2.1799E-01 -5.0966E-02 -2.0836E-01
  2.0080E-01 -2.2570E-01 -5.1676E-02 -2.1119E-01
  2.0220E-01 -2.3331E-01 -5.2396E-02 -2.1406E-01
  2.0361E-01 -2.4081E-01 -5.3126E-02 -2.1696E-01
  2.0503E-01 -2.4821E-01 -5.3866E-02 -2.1991E-01
  2.0646E-01 -2.5549E-01 -5.4617E-02 -2.2289E-01
  2.0790E-01 -2.6265E-01 -5.5378E-02 -2.2591E-01
  2.0935E-01 -2.6968E-01 -5.6149E-02 -2.2897E-01
  2.1080E-01 -2.7657E-01 -5.6931E-02 -2.3208E-01
  2.1227E-01 -2.8333E-01 -5.7724E-02 -2.3522E-01
  2.1375E-01 -2.8994E-01 -5.8527E-02 -2.3840E-01
  2.1525E-01 -2.9640E-01 -5.9342E-02 -2.4163E-01
  2.1675E-01 -3.0270E-01 -6.0168E-02 -2.4489E-01
  2.1826E-01 -3.0884E-01 -6.1006E-02 -2.4820E-01
  2.1978E-01 -3.1481E-01 -6.1855E-02 -2.5155E-01
  2.2131E-01 -3.2060E-01 -6.2716E-02 -2.5495E-01
  2.2285E-01 -3.2621E-01 -6.3588E-02 -2.5839E-01
  2.2441E-01 -3.3164E-01 -6.4473E-02 -2.6187E-01
  2.2597E-01 -3.3687E-01 -6.5370E-02 -2.6540E-01
  2.2755E-01 -3.4190E-01 -6.6279E-02 -2.6898E-01
  2.2913E-01 -3.4673E-01 -6.7201E-02 -2.7260E-01
  2.3073E-01 -3.5135E-01 -6.8136E-02 -2.7626E-01
  2.3234E-01 -3.5576E-01 -6.9083E-02 -2.7998E-01
  2.3396E-01 -3.5994E-01 -7.0044E-02 -2.8374E-01
  2.3559E-01 -3.6390E-01 -7.1017E-02 -2.8755E-01
  2.3723E-01 -3.6764E-01 -7.2005E-02 -2.9141E-01
  2.3889E-01 -3.7113E-01 -7.3005E-02 -2.9532E-01
  2.4055E-01 -3.7439E-01 -7.4020E-02 -2.9927E-01
  2.4223E-01 -3.7741E-01 -7.5048E-02 -3.0328E-01
  2.4392E-01 -3.8018E-01 -7.6091E-02 -3.0734E-01
  2.4562E-01 -3.8269E-01 -7.7148E-02 -3.1145E-01
  2.4733E-01 -3.8495E-01 -7.8219E-02 -3.1562E-01
  2.4906E-01 -3.8695E-01 -7.9306E-02 -3.1983E-01
  2.5079E-01 -3.8868E-01 -8.0407E-02 -3.2410E-01
  2.5254E-01 -3.9015E-01 -8.1523E-02 -3.2842E-01
  2.5430E-01 -3.9135E-01 -8.2654E-02 -3.3280E-01
  2.5608E-01 -3.9227E-01 -8.3802E-02 -3.3723E-01
  2.5786E-01 -3.9291E-01 -8.4964E-02 -3.4172E-01
  2.5966E-01 -3.9327E-01 -8.6143E-02 -3.4626E-01
  2.6147E-01 -3.9335E-01 -8.7338E-02 -3.5086E-01
  2.6329E-01 -3.9314E-01 -8.8549E-02 -3.5552E-01
  2.6513E-01 -3.9265E-01 -8.9777E-02 -3.6024E-01
  2.6698E-01 -3.9186E-01 -9.1022E-02 -3.6501E-01
  2.6884E-01 -3.9078E-01 -9.2283E-02 -3.6985E-01
  2.7071E-01 -3.8941E-01 -9.3562E-02 -3.7474E-01
  2.7260E-01 -3.8774E-01 -9.4859E-02 -3.7969E-01
  2.7450E-01 -3.8578E-01 -9.6173E-02 -3.8471E-01
  2.7641E-01 -3.8351E-01 -9.7505E-02 -3.8979E-01
  2.7834E-01 -3.8095E-01 -9.8855E-02 -3.9493E-01
  2.8028E-01 -3.7808E-01 -1.0022E-01 -4.0013E-01
  2.8223E-01 -3.7492E-01 -1.0161E-01 -4.0539E-01
  2.8420E-01 -3.7145E-01 -1.0302E-01 -4.1072E-01
  2.8618E-01 -3.6769E-01 -1.0444E-01 -4.1612E-01
  2.8818E-01 -3.6362E-01 -1.0589E-01 -4.2158E-01
  2.9019E-01 -3.5926E-01 -1.0735E-01 -4.2710E-01
  2.9221E-01 -3.5459E-01 -1.0883E-01 -4.3270E-01
  2.9425E-01 -3.4963E-01 -1.1034E-01 -4.3836E-01
  2.9630E-01 -3.4437E-01 -1.1186E-01 -4.4409E-01
  2.9836E-01 -3.3882E-01 -1.1341E-01 -4.4988E-01
  3.0044E-01 -3.3297E-01 -1.1498E-01 -4.5575E-01
  3.0254E-01 -3.2683E-01 -1.1656E-01 -4.6168E-01
  3.0465E-01 -3.2040E-01 -1.1817E-01 -4.6769E-01
  3.0677E-01 -3.1368E-01 -1.1980E-01 -4.7377E-01
  3.0891E-01 -3.0668E-01 -1.2145E-01 -4.7991E-01
  3.1106E-01 -2.9940E-01 -1.2313E-01 -4.8613E-01
  3.1323E-01 -2.9184E-01 -1.2483E-01 -4.9243E-01
  3.1542E-01 -2.8401E-01 -1.2655E-01 -4.9880E-01
  3.1762E-01 -2.7590E-01 -1.2829E-01 -5.0524E-01
  3.1983E-01 -2.6753E-01 -1.3006E-01 -5.1175E-01
  3.2206E-01 -2.5890E-01 -1.3185E-01 -5.1834E-01
  3.2431E-01 -2.5000E-01 -1.3366E-01 -5.2501E-01
  3.2657E-01 -2.4086E-01 -1.3550E-01 -5.3176E-01
  3.2884E-01 -2.3147E-01 -1.3737E-01 -5.3858E-01
  3.3113E-01 -2.2183E-01 -1.3926E-01 -5.4548E-01
  3.3344E-01 -2.1196E-01 -1.4117E-01 -5.5245E-01
  3.3577E-01 -2.0185E-01 -1.4311E-01 -5.5951E-01
  3.3811E-01 -1.9152E-01 -1.4507E-01 -5.6664E-01
  3.4047E-01 -1.8097E-01 -1.4707E-01 -5.7386E-01
  3.4284E-01 -1.7021E-01 -1.4908E-01 -5.8115E-01
  3.4523E-01 -1.5924E-01 -1.5113E-01 -5.8853E-01
  3.4764E-01 -1.4807E-01 -1.5320E-01 -5.9599E-01
  3.5006E-01 -1.3671E-01 -1.5530E-01 -6.0353E-01
  3.5250E-01 -1.2516E-01 -1.5743E-01 -6.1115E-01
  3.5496E-01 -1.1344E-01 -1.5958E-01 -6.1886E-01
  3.5743E-01 -1.0154E-01 -1.6177E-01 -6.2665E-01
  3.5992E-01 -8.9486E-02 -1.6398E-01 -6.3452E-01
  3.6243E-01 -7.7277E-02 -1.6622E-01 -6.4248E-01
  3.6496E-01 -6.4923E-02 -1.6849E-01 -6.5053E-01
  3.6750E-01 -5.2432E-02 -1.7079E-01 -6.5866E-01
  3.7007E-01 -3.9813E-02 -1.7313E-01 -6.6687E-01
  3.7265E-01 -2.7076E-02 -1.7549E-01 -6.7517E-01
  3.7524E-01 -1.4229E-02 -1.7788E-01 -6.8356E-01
  3.7786E-01 -1.2812E-03 -1.8031E-01 -6.9203E-01
  3.8049E-01  1.1757E-02 -1.8276E-01 -7.0060E-01
  3.8315E-01  2.4877E-02 -1.8525E-01 -7.0925E-01
  3.8582E-01  3.8069E-02 -1.8777E-01 -7.1798E-01
  3.8851E-01  5.1322E-02 -1.9032E-01 -7.2681E-01
  3.9121E-01  6.4627E-02 -1.9291E-01 -7.3573E-01
  3.9394E-01  7.7973E-02 -1.9553E-01 -7.4473E-01
  3.9669E-01  9.1350E-02 -1.9818E-01 -7.5382E-01
  3.9945E-01  1.0475E-01 -2.0087E-01 -7.6300E-01
  4.0224E-01  1.1816E-01 -2.0359E-01 -7.7228E-01
  4.0504E-01  1.3156E-01 -2.0634E-01 -7.8164E-01
  4.0787E-01  1.4496E-01 -2.0914E-01 -7.9109E-01
  4.1071E-01  1.5833E-01 -2.1196E-01 -8.0063E-01
  4.1357E-01  1.7168E-01 -2.1483E-01 -8.1026E-01
  4.1645E-01  1.8497E-01 -2.1773E-01 -8.1998E-01
  4.1936E-01  1.9822E-01 -2.2066E-01 -8.2979E-01
  4.2228E-01  2.1139E-01 -2.2364E-01 -8.3968E-01
  4.2522E-01  2.2449E-01 -2.2665E-01 -8.4967E-01
  4.2819E-01  2.3750E-01 -2.2970E-01 -8.5975E-01
  4.3117E-01  2.5042E-01 -2.3278E-01 -8.6992E-01
  4.3418E-01  2.6322E-01 -2.3591E-01 -8.8017E-01
  4.3721E-01  2.7590E-01 -2.3907E-01 -8.9052E-01
  4.4025E-01  2.8845E-01 -2.4228E-01 -9.0095E-01
  4.4332E-01  3.0085E-01 -2.4552E-01 -9.1147E-01
  4.4641E-01  3.1310E-01 -2.4881E-01 -9.2208E-01
  4.4953E-01  3.2518E-01 -2.5213E-01 -9.3278E-01
  4.5266E-01  3.3709E-01 -2.5550E-01 -9.4356E-01
  4.5581E-01  3.4881E-01 -2.5890E-01 -9.5443E-01
  4.5899E-01  3.6033E-01 -2.6235E-01 -9.6539E-01
  4.6219E-01  3.7163E-01 -2.6584E-01 -9.7643E-01
  4.6541E-01  3.8272E-01 -2.6937E-01 -9.8755E-01
  4.6866E-01  3.9358E-01 -2.7295E-01 -9.9876E-01
  4.7192E-01  4.0420E-01 -2.7656E-01 -1.0100E+00
  4.7521E-01  4.1456E-01 -2.8023E-01 -1.0214E+00
  4.7853E-01  4.2466E-01 -2.8393E-01 -1.0329E+00
  4.8186E-01  4.3449E-01 -2.8768E-01 -1.0444E+00
  4.8522E-01  4.4403E-01 -2.9147E-01 -1.0560E+00
  4.8860E-01  4.5328E-01 -2.9531E-01 -1.0677E+00
  4.9201E-01  4.6223E-01 -2.9919E-01 -1.0795E+00
  4.9544E-01  4.7087E-01 -3.0312E-01 -1.0913E+00
  4.9889E-01  4.7919E-01 -3.0709E-01 -1.1032E+00
  5.0237E-01  4.8717E-01 -3.1111E-01 -1.1152E+00
  5.0587E-01  4.9482E-01 -3.1518E-01 -1.1272E+00
  5.0940E-01  5.0212E-01 -3.1929E-01 -1.1394E+00
  5.1295E-01  5.0906E-01 -3.2345E-01 -1.1515E+00
  5.1653E-01  5.1563E-01 -3.2766E-01 -1.1638E+00
  5.2013E-01  5.2184E-01 -3.3191E-01 -1.1761E+00
  5.2375E-01  5.2766E-01 -3.3621E-01 -1.1885E+00
  5.2740E-01  5.3309E-01 -3.4056E-01 -1.2009E+00
  5.3108E-01  5.3813E-01 -3.4495E-01 -1.2134E+00
  5.3478E-01  5.4276E-01 -3.4940E-01 -1.2259E+00
  5.3851E-01  5.4698E-01 -3.5389E-01 -1.2385E+00
  5.4226E-01  5.5079E-01 -3.5843E-01 -1.2511E+00
  5.4604E-01  5.5417E-01 -3.6302E-01 -1.2638E+00
  5.4985E-01  5.5712E-01 -3.6766E-01 -1.2766E+00
  5.5368E-01  5.5964E-01 -3.7235E-01 -1.2893E+00
  5.5754E-01  5.6171E-01 -3.7709E-01 -1.3021E+00
  5.6143E-01  5.6335E-01 -3.8187E-01 -1.3149E+00
  5.6534E-01  5.6453E-01 -3.8671E-01 -1.3278E+00
  5.6928E-01  5.6526E-01 -3.9159E-01 -1.3407E+00
  5.7325E-01  5.6553E-01 -3.9653E-01 -1.3536E+00
  5.7725E-01  5.6533E-01 -4.0151E-01 -1.3665E+00
  5.8127E-01  5.6467E-01 -4.0654E-01 -1.3795E+00
  5.8532E-01  5.6355E-01 -4.1162E-01 -1.3924E+00
  5.8940E-01  5.6195E-01 -4.1675E-01 -1.4054E+00
  5.9351E-01  5.5988E-01 -4.2194E-01 -1.4183E+00
  5.9765E-01  5.5733E-01 -4.2716E-01 -1.4313E+00
  6.0181E-01  5.5431E-01 -4.3244E-01 -1.4442E+00
  6.0601E-01  5.5081E-01 -4.3777E-01 -1.4571E+00
  6.1023E-01  5.4683E-01 -4.4315E-01 -1.4701E+00
  6.1449E-01  5.4237E-01 -4.4857E-01 -1.4829E+00
  6.1877E-01  5.3743E-01 -4.5404E-01 -1.4958E+00
  6.2308E-01  5.3202E-01 -4.5956E-01 -1.5086E+00
  6.2743E-01  5.2613E-01 -4.6513E-01 -1.5214E+00
  6.3180E-01  5.1976E-01 -4.7075E-01 -1.5341E+00
  6.3621E-01  5.1292E-01 -4.7641E-01 -1.5468E+00
  6.4064E-01  5.0560E-01 -4.8212E-01 -1.5594E+00
  6.4511E-01  4.9782E-01 -4.8787E-01 -1.5720E+00
  6.4960E-01  4.8957E-01 -4.9367E-01 -1.5844E+00
  6.5413E-01  4.8086E-01 -4.9951E-01 -1.5968E+00
  6.5869E-01  4.7169E-01 -5.0540E-01 -1.6091E+00
  6.6328E-01  4.6207E-01 -5.1133E-01 -1.6213E+00
  6.6791E-01  4.5199E-01 -5.1730E-01 -1.6334E+00
  6.7256E-01  4.4148E-01 -5.2332E-01 -1.6454E+00
  6.7725E-01  4.3052E-01 -5.2937E-01 -1.6573E+00
  6.8197E-01  4.1913E-01 -5.3547E-01 -1.6691E+00
  6.8672E-01  4.0731E-01 -5.4161E-01 -1.6807E+00
  6.9151E-01  3.9507E-01 -5.4778E-01 -1.6921E+00
  6.9633E-01  3.8242E-01 -5.5399E-01 -1.7034E+00
  7.0118E-01  3.6936E-01 -5.6024E-01 -1.7146E+00
  7.0607E-01  3.5591E-01 -5.6652E-01 -1.7255E+00
  7.1099E-01  3.4206E-01 -5.7283E-01 -1.7363E+00
  7.1595E-01  3.2784E-01 -5.7918E-01 -1.7469E+00
  7.2094E-01  3.1325E-01 -5.8556E-01 -1.7573E+00
  7.2597E-01  2.9829E-01 -5.9197E-01 -1.7675E+00
  7.3103E-01  2.8298E-01 -5.9840E-01 -1.7774E+00
  7.3612E-01  2.6733E-01 -6.0486E-01 -1.7871E+00
  7.4125E-01  2.5135E-01 -6.1135E-01 -1.7966E+00
  7.4642E-01  2.3505E-01 -6.1786E-01 -1.8058E+00
  7.5162E-01  2.1844E-01 -6.2439E-01 -1.8148E+00
  7.5686E-01  2.0153E-01 -6.3093E-01 -1.8234E+00
  7.6214E-01  1.8434E-01 -6.3750E-01 -1.8318E+00
  7.6745E-01  1.6687E-01 -6.4407E-01 -1.8399E+00
  7.7280E-01  1.4915E-01 -6.5067E-01 -1.8476E+00
  7.7819E-01  1.3118E-01 -6.5727E-01 -1.8550E+00
  7.8361E-01  1.1297E-01 -6.6387E-01 -1.8621E+00
  7.8907E-01  9.4543E-02 -6.7049E-01 -1.8688E+00
  7.9457E-01  7.5909E-02 -6.7710E-01 -1.8752E+00
  8.0011E-01  5.7082E-02 -6.8371E-01 -1.8812E+00
  8.0569E-01  3.8077E-02 -6.9032E-01 -1.8868E+00
  8.1130E-01  1.8907E-02 -6.9693E-01 -1.8919E+00
  8.1696E-01 -4.1135E-04 -7.0352E-01 -1.8967E+00
  8.2265E-01 -1.9864E-02 -7.1010E-01 -1.9010E+00
  8.2839E-01 -3.9436E-02 -7.1666E-01 -1.9049E+00
  8.3416E-01 -5.9112E-02 -7.2321E-01 -1.9083E+00
  8.3998E-01 -7.8875E-02 -7.2973E-01 -1.9113E+00
  8.4583E-01 -9.8710E-02 -7.3622E-01 -1.9137E+00
  8.5173E-01 -1.1860E-01 -7.4268E-01 -1.9157E+00
  8.5766E-01 -1.3853E-01 -7.4911E-01 -1.9171E+00
  8.6364E-01 -1.5849E-01 -7.5549E-01 -1.9180E+00
  8.6966E-01 -1.7845E-01 -7.6184E-01 -1.9184E+00
  8.7572E-01 -1.9841E-01 -7.6813E-01 -1.9182E+00
  8.8183E-01 -2.1833E-01 -7.7437E-01 -1.9174E+00
  8.8798E-01 -2.3822E-01 -7.8056E-01 -1.9161E+00
  8.9416E-01 -2.5804E-01 -7.8668E-01 -1.9142E+00
  9.0040E-01 -2.7779E-01 -7.9273E-01 -1.9116E+00
  9.0667E-01 -2.9745E-01 -7.9871E-01 -1.9085E+00
  9.1299E-01 -3.1699E-01 -8.0461E-01 -1.9046E+00
  9.1936E-01 -3.3641E-01 -8.1043E-01 -1.9002E+00
  9.2577E-01 -3.5569E-01 -8.1616E-01 -1.8951E+00
  9.3222E-01 -3.7480E-01 -8.2179E-01 -1.8893E+00
  9.3872E-01 -3.9373E-01 -8.2732E-01 -1.8829E+00
  9.4526E-01 -4.1247E-01 -8.3275E-01 -1.8757E+00
  9.5185E-01 -4.3099E-01 -8.3805E-01 -1.8679E+00
  9.5848E-01 -4.4929E-01 -8.4324E-01 -1.8593E+00
  9.6516E-01 -4.6734E-01 -8.4830E-01 -1.8500E+00
  9.7189E-01 -4.8512E-01 -8.5323E-01 -1.8400E+00
  9.7867E-01 -5.0263E-01 -8.5801E-01 -1.8292E+00
  9.8549E-01 -5.1983E-01 -8.6265E-01 -1.8177E+00
  9.9236E-01 -5.3673E-01 -8.6713E-01 -1.8055E+00
  9.9927E-01 -5.5329E-01 -8.7145E-01 -1.7924E+00
  1.0062E+00 -5.6951E-01 -8.7559E-01 -1.7787E+00
  1.0133E+00 -5.8536E-01 -8.7956E-01 -1.7641E+00
  1.0203E+00 -6.0084E-01 -8.8334E-01 -1.7488E+00
  1.0274E+00 -6.1592E-01 -8.8692E-01 -1.7327E+00
  1.0346E+00 -6.3059E-01 -8.9030E-01 -1.7158E+00
  1.0418E+00 -6.4483E-01 -8.9347E-01 -1.6981E+00
  1.0491E+00 -6.5864E-01 -8.9641E-01 -1.6797E+00
  1.0564E+00 -6.7199E-01 -8.9913E-01 -1.6605E+00
  1.0637E+00 -6.8486E-01 -9.0160E-01 -1.6405E+00
  1.0712E+00 -6.9725E-01 -9.0383E-01 -1.6198E+00
  1.0786E+00 -7.0915E-01 -9.0580E-01 -1.5982E+00
  1.0861E+00 -7.2052E-01 -9.0750E-01 -1.5760E+00
  1.0937E+00 -7.3137E-01 -9.0893E-01 -1.5530E+00
  1.1013E+00 -7.4168E-01 -9.1007E-01 -1.5292E+00
  1.1090E+00 -7.5144E-01 -9.1091E-01 -1.5047E+00
  1.1167E+00 -7.6063E-01 -9.1145E-01 -1.4795E+00
  1.1245E+00 -7.6923E-01 -9.1168E-01 -1.4536E+00
  1.1324E+00 -7.7725E-01 -9.1157E-01 -1.4270E+00
  1.1403E+00 -7.8466E-01 -9.1113E-01 -1.3997E+00
  1.1482E+00 -7.9146E-01 -9.1035E-01 -1.3718E+00
  1.1562E+00 -7.9764E-01 -9.0921E-01 -1.3433E+00
  1.1643E+00 -8.0317E-01 -9.0770E-01 -1.3141E+00
  1.1724E+00 -8.0806E-01 -9.0581E-01 -1.2844E+00
  1.1805E+00 -8.1229E-01 -9.0354E-01 -1.2541E+00
  1.1888E+00 -8.1586E-01 -9.0086E-01 -1.2233E+00
  1.1971E+00 -8.1875E-01 -8.9778E-01 -1.1920E+00
  1.2054E+00 -8.2096E-01 -8.9428E-01 -1.1602E+00
  1.2138E+00 -8.2248E-01 -8.9036E-01 -1.1280E+00
  1.2223E+00 -8.2330E-01 -8.8599E-01 -1.0954E+00
  1.2308E+00 -8.2341E-01 -8.8117E-01 -1.0624E+00
  1.2394E+00 -8.2281E-01 -8.7590E-01 -1.0291E+00
  1.2480E+00 -8.2150E-01 -8.7015E-01 -9.9552E-01
  1.2567E+00 -8.1946E-01 -8.6393E-01 -9.6169E-01
  1.2655E+00 -8.1669E-01 -8.5722E-01 -9.2766E-01
  1.2743E+00 -8.1318E-01 -8.5000E-01 -8.9347E-01
  1.2832E+00 -8.0895E-01 -8.4229E-01 -8.5918E-01
  1.2921E+00 -8.0397E-01 -8.3405E-01 -8.2484E-01
  1.3011E+00 -7.9825E-01 -8.2530E-01 -7.9048E-01
  1.3102E+00 -7.9178E-01 -8.1600E-01 -7.5617E-01
  1.3193E+00 -7.8457E-01 -8.0617E-01 -7.2195E-01
  1.3285E+00 -7.7661E-01 -7.9579E-01 -6.8788E-01
  1.3378E+00 -7.6791E-01 -7.8486E-01 -6.5401E-01
  1.3471E+00 -7.5846E-01 -7.7336E-01 -6.2041E-01
  1.3565E+00 -7.4826E-01 -7.6129E-01 -5.8711E-01
  1.3659E+00 -7.3732E-01 -7.4865E-01 -5.5420E-01
  1.3755E+00 -7.2564E-01 -7.3542E-01 -5.2171E-01
  1.3851E+00 -7.1323E-01 -7.2161E-01 -4.8971E-01
  1.3947E+00 -7.0008E-01 -7.0722E-01 -4.5825E-01
  1.4044E+00 -6.8620E-01 -6.9222E-01 -4.2740E-01
  1.4142E+00 -6.7160E-01 -6.7664E-01 -3.9721E-01
  1.4241E+00 -6.5629E-01 -6.6045E-01 -3.6775E-01
  1.4340E+00 -6.4026E-01 -6.4367E-01 -3.3906E-01
  1.4440E+00 -6.2353E-01 -6.2629E-01 -3.1120E-01
  1.4541E+00 -6.0611E-01 -6.0830E-01 -2.8423E-01
  1.4642E+00 -5.8800E-01 -5.8972E-01 -2.5820E-01
  1.4744E+00 -5.6922E-01 -5.7054E-01 -2.3317E-01
  1.4847E+00 -5.4977E-01 -5.5077E-01 -2.0918E-01
  1.4950E+00 -5.2967E-01 -5.3040E-01 -1.8628E-01
  1.5054E+00 -5.0894E-01 -5.0945E-01 -1.6453E-01
  1.5159E+00 -4.8757E-01 -4.8792E-01 -1.4396E-01
  1.5265E+00 -4.6559E-01 -4.6582E-01 -1.2461E-01
  1.5371E+00 -4.4302E-01 -4.4316E-01 -1.0653E-01
  1.5479E+00 -4.1986E-01 -4.1994E-01 -8.9739E-02
  1.5586E+00 -3.9614E-01 -3.9617E-01 -7.4282E-02
  1.5695E+00 -3.7186E-01 -3.7188E-01 -6.0180E-02
  1.5805E+00 -3.4706E-01 -3.4706E-01 -4.7458E-02
  1.5915E+00 -3.2174E-01 -3.2174E-01 -3.6133E-02
  1.6026E+00 -2.9593E-01 -2.9593E-01 -2.6815E-02
  1.6137E+00 -2.6965E-01 -2.6965E-01 -2.2394E-02
  1.6250E+00 -2.4292E-01 -2.4292E-01 -1.8956E-02
  1.6363E+00 -2.1577E-01 -2.1577E-01 -1.5692E-02
  1.6477E+00 -1.8820E-01 -1.8820E-01 -1.2693E-02
  1.6592E+00 -1.6026E-01 -1.6026E-01 -9.9685E-03
  1.6708E+00 -1.3196E-01 -1.3196E-01 -7.5252E-03
  1.6824E+00 -1.0332E-01 -1.0332E-01 -5.3679E-03
  1.6941E+00 -7.4386E-02 -7.4386E-02 -3.4986E-03
  1.7059E+00 -4.5170E-02 -4.5170E-02 -1.9162E-03
  1.7178E+00 -1.5704E-02 -1.5704E-02 -6.1720E-04
  1.7298E+00  1.3984E-02  1.3984E-02  4.0491E-04
  1.7419E+00  4.3864E-02  4.3864E-02  1.1591E-03
  1.7540E+00  7.3906E-02  7.3906E-02  1.6569E-03
  1.7662E+00  1.0408E-01  1.0408E-01  1.9124E-03
  1.7785E+00  1.3435E-01  1.3435E-01  1.9418E-03
  1.7909E+00  1.6469E-01  1.6469E-01  1.7636E-03
  1.8034E+00  1.9507E-01  1.9507E-01  1.3981E-03
  1.8160E+00  2.2544E-01  2.2544E-01  8.6741E-04
  1.8286E+00  2.5579E-01  2.5579E-01  1.9509E-04
  1.8414E+00  2.8606E-01  2.8606E-01 -5.9414E-04
  1.8542E+00  3.1623E-01  3.1623E-01 -1.4747E-03
  1.8671E+00  3.4626E-01  3.4626E-01 -2.4204E-03
  1.8802E+00  3.7611E-01  3.7611E-01 -3.4048E-03
  1.8933E+00  4.0575E-01  4.0575E-01 -4.4019E-03
  1.9065E+00  4.3514E-01  4.3514E-01 -5.3859E-03
  1.9198E+00  4.6424E-01  4.6424E-01 -6.3320E-03
  1.9331E+00  4.9301E-01  4.9301E-01 -7.2171E-03
  1.9466E+00  5.2141E-01  5.2141E-01 -8.0193E-03
  1.9602E+00  5.4940E-01  5.4940E-01 -8.7194E-03
  1.9738E+00  5.7695E-01  5.7695E-01 -9.3003E-03
  1.9876E+00  6.0401E-01  6.0401E-01 -9.7481E-03
  2.0014E+00  6.3055E-01  6.3055E-01 -1.0052E-02
  2.0154E+00  6.5651E-01  6.5651E-01 -1.0205E-02
  2.0294E+00  6.8187E-01  6.8187E-01 -1.0204E-02
  2.0436E+00  7.0658E-01  7.0658E-01 -1.0049E-02
  2.0578E+00  7.3061E-01  7.3061E-01 -9.7449E-03
  2.0722E+00  7.5390E-01  7.5390E-01 -9.3011E-03
  2.0866E+00  7.7642E-01  7.7642E-01 -8.7303E-03
  2.1012E+00  7.9813E-01  7.9813E-01 -8.0497E-03
  2.1158E+00  8.1898E-01  8.1898E-01 -7.2796E-03
  2.1306E+00  8.3895E-01  8.3895E-01 -6.4437E-03
  2.1454E+00  8.5799E-01  8.5799E-01 -5.5684E-03
  2.1604E+00  8.7605E-01  8.7605E-01 -4.6816E-03
  2.1754E+00  8.9310E-01  8.9310E-01 -3.8122E-03
  2.1906E+00  9.0911E-01  9.0911E-01 -2.9884E-03
  2.2059E+00  9.2403E-01  9.2403E-01 -2.2373E-03
  2.2212E+00  9.3783E-01  9.3783E-01 -1.5822E-03
  2.2367E+00  9.5046E-01  9.5046E-01 -1.0418E-03
  2.2523E+00  9.6190E-01  9.6190E-01 -6.2764E-04
  2.2680E+00  9.7212E-01  9.7212E-01 -3.4223E-04
  2.2838E+00  9.8106E-01  9.8106E-01 -1.7659E-04
  2.2997E+00  9.8871E-01  9.8871E-01 -1.0775E-04
  2.3158E+00  9.9504E-01  9.9504E-01  0.0000E+00
  2.3319E+00  1.0000E+00  1.0000E+00  0.0000E+00
  2.3481E+00  1.0036E+00  1.0036E+00  0.0000E+00
  2.3645E+00  1.0057E+00  1.0057E+00  0.0000E+00
  2.3810E+00  1.0065E+00  1.0065E+00  0.0000E+00
  2.3976E+00  1.0057E+00  1.0057E+00  0.0000E+00
  2.4143E+00  1.0035E+00  1.0035E+00  0.0000E+00
  2.4311E+00  9.9975E-01  9.9975E-01  0.0000E+00
  2.4481E+00  9.9449E-01  9.9449E-01  0.0000E+00
  2.4651E+00  9.8768E-01  9.8768E-01  0.0000E+00
  2.4823E+00  9.7932E-01  9.7932E-01  0.0000E+00
  2.4996E+00  9.6938E-01  9.6938E-01  0.0000E+00
  2.5170E+00  9.5787E-01  9.5787E-01  0.0000E+00
  2.5346E+00  9.4477E-01  9.4477E-01  0.0000E+00
  2.5523E+00  9.3007E-01  9.3007E-01  0.0000E+00
  2.5700E+00  9.1379E-01  9.1379E-01  0.0000E+00
  2.5880E+00  8.9591E-01  8.9591E-01  0.0000E+00
  2.6060E+00  8.7644E-01  8.7644E-01  0.0000E+00
  2.6242E+00  8.5538E-01  8.5538E-01  0.0000E+00
  2.6424E+00  8.3275E-01  8.3275E-01  0.0000E+00
  2.6609E+00  8.0857E-01  8.0857E-01  0.0000E+00
  2.6794E+00  7.8283E-01  7.8283E-01  0.0000E+00
  2.6981E+00  7.5557E-01  7.5557E-01  0.0000E+00
  2.7169E+00  7.2681E-01  7.2681E-01  0.0000E+00
  2.7358E+00  6.9657E-01  6.9657E-01  0.0000E+00
  2.7549E+00  6.6489E-01  6.6489E-01  0.0000E+00
  2.7741E+00  6.3179E-01  6.3179E-01  0.0000E+00
  2.7934E+00  5.9732E-01  5.9732E-01  0.0000E+00
  2.8129E+00  5.6151E-01  5.6151E-01  0.0000E+00
  2.8325E+00  5.2442E-01  5.2442E-01  0.0000E+00
  2.8523E+00  4.8609E-01  4.8609E-01  0.0000E+00
  2.8721E+00  4.4657E-01  4.4657E-01  0.0000E+00
  2.8922E+00  4.0592E-01  4.0592E-01  0.0000E+00
  2.9123E+00  3.6421E-01  3.6421E-01  0.0000E+00
  2.9326E+00  3.2149E-01  3.2149E-01  0.0000E+00
  2.9530E+00  2.7784E-01  2.7784E-01  0.0000E+00
  2.9736E+00  2.3333E-01  2.3333E-01  0.0000E+00
  2.9944E+00  1.8805E-01  1.8805E-01  0.0000E+00
  3.0152E+00  1.4206E-01  1.4206E-01  0.0000E+00
  3.0362E+00  9.5459E-02  9.5459E-02  0.0000E+00
  3.0574E+00  4.8334E-02  4.8334E-02  0.0000E+00
  3.0787E+00  7.7905E-04  7.7905E-04  0.0000E+00
  3.1002E+00 -4.7109E-02 -4.7109E-02  0.0000E+00
  3.1218E+00 -9.5228E-02 -9.5228E-02  0.0000E+00
  3.1435E+00 -1.4348E-01 -1.4348E-01  0.0000E+00
  3.1655E+00 -1.9174E-01 -1.9174E-01  0.0000E+00
  3.1875E+00 -2.3991E-01 -2.3991E-01  0.0000E+00
  3.2097E+00 -2.8788E-01 -2.8788E-01  0.0000E+00
  3.2321E+00 -3.3552E-01 -3.3552E-01  0.0000E+00
  3.2546E+00 -3.8272E-01 -3.8272E-01  0.0000E+00
  3.2773E+00 -4.2934E-01 -4.2934E-01  0.0000E+00
