 # l=           0 basis function with energy     1.70000000000000     
  0.0000E+00  0.0000E+00  0.0000E+00  0.0000E+00
  5.2053E-07  5.7939E-04  2.2701E-08  7.8723E-06
  1.0447E-06  9.6638E-04  4.5561E-08  1.5800E-05
  1.5725E-06  1.3049E-03  6.8580E-08  2.3782E-05
  2.1040E-06  1.6159E-03  9.1760E-08  3.1820E-05
  2.6392E-06  1.9081E-03  1.1510E-07  3.9914E-05
  3.1781E-06  2.1869E-03  1.3860E-07  4.8065E-05
  3.7208E-06  2.4552E-03  1.6227E-07  5.6272E-05
  4.2673E-06  2.7150E-03  1.8610E-07  6.4536E-05
  4.8175E-06  2.9678E-03  2.1010E-07  7.2859E-05
  5.3716E-06  3.2146E-03  2.3427E-07  8.1239E-05
  5.9296E-06  3.4564E-03  2.5860E-07  8.9677E-05
  6.4915E-06  3.6938E-03  2.8311E-07  9.8175E-05
  7.0572E-06  3.9273E-03  3.0778E-07  1.0673E-04
  7.6270E-06  4.1575E-03  3.3263E-07  1.1535E-04
  8.2007E-06  4.3846E-03  3.5765E-07  1.2402E-04
  8.7783E-06  4.6091E-03  3.8284E-07  1.3276E-04
  9.3601E-06  4.8312E-03  4.0821E-07  1.4156E-04
  9.9458E-06  5.0511E-03  4.3376E-07  1.5042E-04
  1.0536E-05  5.2691E-03  4.5948E-07  1.5934E-04
  1.1130E-05  5.4853E-03  4.8539E-07  1.6832E-04
  1.1728E-05  5.6999E-03  5.1147E-07  1.7737E-04
  1.2330E-05  5.9130E-03  5.3774E-07  1.8647E-04
  1.2936E-05  6.1248E-03  5.6419E-07  1.9565E-04
  1.3547E-05  6.3354E-03  5.9082E-07  2.0488E-04
  1.4162E-05  6.5449E-03  6.1764E-07  2.1418E-04
  1.4781E-05  6.7534E-03  6.4465E-07  2.2355E-04
  1.5405E-05  6.9610E-03  6.7184E-07  2.3298E-04
  1.6033E-05  7.1677E-03  6.9923E-07  2.4247E-04
  1.6665E-05  7.3737E-03  7.2680E-07  2.5204E-04
  1.7302E-05  7.5790E-03  7.5457E-07  2.6167E-04
  1.7943E-05  7.7837E-03  7.8253E-07  2.7136E-04
  1.8588E-05  7.9878E-03  8.1068E-07  2.8113E-04
  1.9239E-05  8.1914E-03  8.3904E-07  2.9096E-04
  1.9893E-05  8.3946E-03  8.6759E-07  3.0086E-04
  2.0552E-05  8.5973E-03  8.9633E-07  3.1083E-04
  2.1216E-05  8.7997E-03  9.2528E-07  3.2087E-04
  2.1885E-05  9.0018E-03  9.5443E-07  3.3097E-04
  2.2558E-05  9.2036E-03  9.8379E-07  3.4115E-04
  2.3235E-05  9.4051E-03  1.0133E-06  3.5140E-04
  2.3918E-05  9.6065E-03  1.0431E-06  3.6172E-04
  2.4605E-05  9.8076E-03  1.0731E-06  3.7212E-04
  2.5297E-05  1.0009E-02  1.1033E-06  3.8258E-04
  2.5994E-05  1.0210E-02  1.1337E-06  3.9312E-04
  2.6696E-05  1.0410E-02  1.1643E-06  4.0374E-04
  2.7402E-05  1.0611E-02  1.1951E-06  4.1442E-04
  2.8114E-05  1.0812E-02  1.2261E-06  4.2518E-04
  2.8830E-05  1.1013E-02  1.2573E-06  4.3602E-04
  2.9552E-05  1.1214E-02  1.2888E-06  4.4693E-04
  3.0278E-05  1.1414E-02  1.3205E-06  4.5792E-04
  3.1010E-05  1.1615E-02  1.3524E-06  4.6898E-04
  3.1746E-05  1.1816E-02  1.3845E-06  4.8012E-04
  3.2488E-05  1.2017E-02  1.4169E-06  4.9134E-04
  3.3235E-05  1.2219E-02  1.4495E-06  5.0264E-04
  3.3987E-05  1.2420E-02  1.4823E-06  5.1401E-04
  3.4745E-05  1.2622E-02  1.5153E-06  5.2547E-04
  3.5508E-05  1.2823E-02  1.5486E-06  5.3700E-04
  3.6276E-05  1.3025E-02  1.5821E-06  5.4862E-04
  3.7049E-05  1.3228E-02  1.6158E-06  5.6031E-04
  3.7828E-05  1.3430E-02  1.6497E-06  5.7209E-04
  3.8612E-05  1.3633E-02  1.6839E-06  5.8395E-04
  3.9401E-05  1.3836E-02  1.7184E-06  5.9589E-04
  4.0197E-05  1.4039E-02  1.7531E-06  6.0792E-04
  4.0997E-05  1.4242E-02  1.7880E-06  6.2003E-04
  4.1804E-05  1.4446E-02  1.8231E-06  6.3222E-04
  4.2615E-05  1.4650E-02  1.8586E-06  6.4450E-04
  4.3433E-05  1.4855E-02  1.8942E-06  6.5686E-04
  4.4256E-05  1.5060E-02  1.9301E-06  6.6932E-04
  4.5085E-05  1.5265E-02  1.9663E-06  6.8185E-04
  4.5920E-05  1.5470E-02  2.0027E-06  6.9448E-04
  4.6761E-05  1.5676E-02  2.0393E-06  7.0719E-04
  4.7607E-05  1.5883E-02  2.0762E-06  7.1999E-04
  4.8459E-05  1.6089E-02  2.1134E-06  7.3288E-04
  4.9318E-05  1.6296E-02  2.1509E-06  7.4586E-04
  5.0182E-05  1.6504E-02  2.1885E-06  7.5893E-04
  5.1052E-05  1.6712E-02  2.2265E-06  7.7209E-04
  5.1929E-05  1.6921E-02  2.2647E-06  7.8535E-04
  5.2811E-05  1.7130E-02  2.3032E-06  7.9869E-04
  5.3700E-05  1.7339E-02  2.3420E-06  8.1213E-04
  5.4594E-05  1.7549E-02  2.3810E-06  8.2567E-04
  5.5496E-05  1.7759E-02  2.4203E-06  8.3929E-04
  5.6403E-05  1.7970E-02  2.4598E-06  8.5302E-04
  5.7316E-05  1.8181E-02  2.4997E-06  8.6683E-04
  5.8237E-05  1.8393E-02  2.5398E-06  8.8075E-04
  5.9163E-05  1.8606E-02  2.5802E-06  8.9476E-04
  6.0096E-05  1.8819E-02  2.6209E-06  9.0887E-04
  6.1035E-05  1.9032E-02  2.6619E-06  9.2307E-04
  6.1981E-05  1.9246E-02  2.7031E-06  9.3738E-04
  6.2934E-05  1.9461E-02  2.7447E-06  9.5179E-04
  6.3893E-05  1.9676E-02  2.7865E-06  9.6629E-04
  6.4859E-05  1.9892E-02  2.8286E-06  9.8090E-04
  6.5831E-05  2.0108E-02  2.8710E-06  9.9561E-04
  6.6811E-05  2.0325E-02  2.9138E-06  1.0104E-03
  6.7797E-05  2.0543E-02  2.9568E-06  1.0253E-03
  6.8790E-05  2.0761E-02  3.0001E-06  1.0404E-03
  6.9790E-05  2.0980E-02  3.0437E-06  1.0555E-03
  7.0797E-05  2.1199E-02  3.0876E-06  1.0707E-03
  7.1811E-05  2.1419E-02  3.1318E-06  1.0860E-03
  7.2832E-05  2.1640E-02  3.1764E-06  1.1015E-03
  7.3860E-05  2.1861E-02  3.2212E-06  1.1170E-03
  7.4895E-05  2.2083E-02  3.2663E-06  1.1327E-03
  7.5938E-05  2.2306E-02  3.3118E-06  1.1485E-03
  7.6988E-05  2.2529E-02  3.3576E-06  1.1643E-03
  7.8045E-05  2.2753E-02  3.4037E-06  1.1803E-03
  7.9109E-05  2.2977E-02  3.4501E-06  1.1964E-03
  8.0181E-05  2.3203E-02  3.4969E-06  1.2126E-03
  8.1261E-05  2.3429E-02  3.5439E-06  1.2290E-03
  8.2347E-05  2.3656E-02  3.5913E-06  1.2454E-03
  8.3442E-05  2.3883E-02  3.6391E-06  1.2619E-03
  8.4544E-05  2.4111E-02  3.6871E-06  1.2786E-03
  8.5654E-05  2.4340E-02  3.7355E-06  1.2954E-03
  8.6771E-05  2.4570E-02  3.7843E-06  1.3123E-03
  8.7897E-05  2.4800E-02  3.8334E-06  1.3293E-03
  8.9030E-05  2.5031E-02  3.8828E-06  1.3465E-03
  9.0171E-05  2.5263E-02  3.9325E-06  1.3637E-03
  9.1320E-05  2.5495E-02  3.9827E-06  1.3811E-03
  9.2477E-05  2.5729E-02  4.0331E-06  1.3986E-03
  9.3642E-05  2.5963E-02  4.0839E-06  1.4162E-03
  9.4815E-05  2.6198E-02  4.1351E-06  1.4339E-03
  9.5996E-05  2.6433E-02  4.1866E-06  1.4518E-03
  9.7186E-05  2.6670E-02  4.2385E-06  1.4698E-03
  9.8384E-05  2.6907E-02  4.2907E-06  1.4879E-03
  9.9590E-05  2.7145E-02  4.3433E-06  1.5062E-03
  1.0080E-04  2.7384E-02  4.3963E-06  1.5245E-03
  1.0203E-04  2.7624E-02  4.4497E-06  1.5430E-03
  1.0326E-04  2.7864E-02  4.5034E-06  1.5617E-03
  1.0450E-04  2.8106E-02  4.5575E-06  1.5804E-03
  1.0575E-04  2.8348E-02  4.6119E-06  1.5993E-03
  1.0701E-04  2.8591E-02  4.6668E-06  1.6183E-03
  1.0827E-04  2.8834E-02  4.7220E-06  1.6375E-03
  1.0955E-04  2.9079E-02  4.7776E-06  1.6568E-03
  1.1083E-04  2.9325E-02  4.8336E-06  1.6762E-03
  1.1212E-04  2.9571E-02  4.8900E-06  1.6957E-03
  1.1343E-04  2.9818E-02  4.9468E-06  1.7154E-03
  1.1474E-04  3.0066E-02  5.0040E-06  1.7353E-03
  1.1606E-04  3.0315E-02  5.0615E-06  1.7552E-03
  1.1739E-04  3.0565E-02  5.1195E-06  1.7753E-03
  1.1873E-04  3.0816E-02  5.1779E-06  1.7956E-03
  1.2007E-04  3.1068E-02  5.2367E-06  1.8160E-03
  1.2143E-04  3.1320E-02  5.2959E-06  1.8365E-03
  1.2280E-04  3.1574E-02  5.3555E-06  1.8572E-03
  1.2418E-04  3.1828E-02  5.4155E-06  1.8780E-03
  1.2556E-04  3.2083E-02  5.4760E-06  1.8989E-03
  1.2696E-04  3.2339E-02  5.5369E-06  1.9200E-03
  1.2836E-04  3.2597E-02  5.5981E-06  1.9413E-03
  1.2978E-04  3.2855E-02  5.6599E-06  1.9627E-03
  1.3120E-04  3.3114E-02  5.7220E-06  1.9843E-03
  1.3264E-04  3.3374E-02  5.7846E-06  2.0060E-03
  1.3408E-04  3.3635E-02  5.8476E-06  2.0278E-03
  1.3554E-04  3.3896E-02  5.9111E-06  2.0498E-03
  1.3700E-04  3.4159E-02  5.9750E-06  2.0720E-03
  1.3848E-04  3.4423E-02  6.0393E-06  2.0943E-03
  1.3996E-04  3.4688E-02  6.1041E-06  2.1168E-03
  1.4146E-04  3.4954E-02  6.1694E-06  2.1394E-03
  1.4297E-04  3.5220E-02  6.2351E-06  2.1622E-03
  1.4448E-04  3.5488E-02  6.3012E-06  2.1851E-03
  1.4601E-04  3.5757E-02  6.3678E-06  2.2082E-03
  1.4755E-04  3.6027E-02  6.4349E-06  2.2315E-03
  1.4910E-04  3.6297E-02  6.5025E-06  2.2549E-03
  1.5066E-04  3.6569E-02  6.5705E-06  2.2785E-03
  1.5223E-04  3.6842E-02  6.6390E-06  2.3022E-03
  1.5381E-04  3.7116E-02  6.7080E-06  2.3262E-03
  1.5540E-04  3.7391E-02  6.7774E-06  2.3502E-03
  1.5701E-04  3.7666E-02  6.8474E-06  2.3745E-03
  1.5862E-04  3.7943E-02  6.9178E-06  2.3989E-03
  1.6025E-04  3.8221E-02  6.9887E-06  2.4235E-03
  1.6188E-04  3.8500E-02  7.0601E-06  2.4483E-03
  1.6353E-04  3.8780E-02  7.1320E-06  2.4732E-03
  1.6519E-04  3.9062E-02  7.2044E-06  2.4983E-03
  1.6687E-04  3.9344E-02  7.2774E-06  2.5236E-03
  1.6855E-04  3.9627E-02  7.3508E-06  2.5491E-03
  1.7024E-04  3.9911E-02  7.4247E-06  2.5747E-03
  1.7195E-04  4.0197E-02  7.4992E-06  2.6005E-03
  1.7367E-04  4.0483E-02  7.5741E-06  2.6265E-03
  1.7540E-04  4.0771E-02  7.6496E-06  2.6527E-03
  1.7714E-04  4.1060E-02  7.7256E-06  2.6791E-03
  1.7890E-04  4.1350E-02  7.8022E-06  2.7056E-03
  1.8067E-04  4.1640E-02  7.8793E-06  2.7323E-03
  1.8245E-04  4.1933E-02  7.9569E-06  2.7593E-03
  1.8424E-04  4.2226E-02  8.0350E-06  2.7864E-03
  1.8604E-04  4.2520E-02  8.1137E-06  2.8136E-03
  1.8786E-04  4.2815E-02  8.1930E-06  2.8411E-03
  1.8969E-04  4.3112E-02  8.2728E-06  2.8688E-03
  1.9153E-04  4.3410E-02  8.3532E-06  2.8967E-03
  1.9339E-04  4.3709E-02  8.4341E-06  2.9247E-03
  1.9526E-04  4.4009E-02  8.5156E-06  2.9530E-03
  1.9714E-04  4.4310E-02  8.5976E-06  2.9814E-03
  1.9903E-04  4.4612E-02  8.6802E-06  3.0101E-03
  2.0094E-04  4.4916E-02  8.7635E-06  3.0390E-03
  2.0286E-04  4.5221E-02  8.8472E-06  3.0680E-03
  2.0480E-04  4.5526E-02  8.9316E-06  3.0973E-03
  2.0674E-04  4.5834E-02  9.0165E-06  3.1267E-03
  2.0871E-04  4.6142E-02  9.1021E-06  3.1564E-03
  2.1068E-04  4.6451E-02  9.1882E-06  3.1863E-03
  2.1267E-04  4.6762E-02  9.2750E-06  3.2163E-03
  2.1467E-04  4.7074E-02  9.3623E-06  3.2466E-03
  2.1669E-04  4.7387E-02  9.4503E-06  3.2771E-03
  2.1872E-04  4.7701E-02  9.5388E-06  3.3078E-03
  2.2076E-04  4.8017E-02  9.6280E-06  3.3388E-03
  2.2282E-04  4.8334E-02  9.7178E-06  3.3699E-03
  2.2490E-04  4.8652E-02  9.8083E-06  3.4013E-03
  2.2699E-04  4.8971E-02  9.8993E-06  3.4328E-03
  2.2909E-04  4.9291E-02  9.9910E-06  3.4646E-03
  2.3121E-04  4.9613E-02  1.0083E-05  3.4967E-03
  2.3334E-04  4.9936E-02  1.0176E-05  3.5289E-03
  2.3548E-04  5.0260E-02  1.0270E-05  3.5614E-03
  2.3765E-04  5.0586E-02  1.0364E-05  3.5941E-03
  2.3982E-04  5.0913E-02  1.0459E-05  3.6270E-03
  2.4202E-04  5.1241E-02  1.0555E-05  3.6601E-03
  2.4422E-04  5.1570E-02  1.0651E-05  3.6935E-03
  2.4645E-04  5.1901E-02  1.0748E-05  3.7271E-03
  2.4868E-04  5.2233E-02  1.0846E-05  3.7610E-03
  2.5094E-04  5.2566E-02  1.0944E-05  3.7951E-03
  2.5321E-04  5.2901E-02  1.1043E-05  3.8294E-03
  2.5549E-04  5.3236E-02  1.1143E-05  3.8640E-03
  2.5779E-04  5.3574E-02  1.1243E-05  3.8988E-03
  2.6011E-04  5.3912E-02  1.1344E-05  3.9338E-03
  2.6244E-04  5.4252E-02  1.1446E-05  3.9691E-03
  2.6479E-04  5.4593E-02  1.1548E-05  4.0046E-03
  2.6716E-04  5.4936E-02  1.1651E-05  4.0404E-03
  2.6954E-04  5.5279E-02  1.1755E-05  4.0765E-03
  2.7194E-04  5.5625E-02  1.1860E-05  4.1127E-03
  2.7436E-04  5.5971E-02  1.1965E-05  4.1493E-03
  2.7679E-04  5.6319E-02  1.2071E-05  4.1861E-03
  2.7924E-04  5.6668E-02  1.2178E-05  4.2231E-03
  2.8171E-04  5.7019E-02  1.2286E-05  4.2604E-03
  2.8419E-04  5.7371E-02  1.2394E-05  4.2980E-03
  2.8669E-04  5.7724E-02  1.2503E-05  4.3358E-03
  2.8921E-04  5.8079E-02  1.2613E-05  4.3739E-03
  2.9175E-04  5.8435E-02  1.2724E-05  4.4123E-03
  2.9430E-04  5.8792E-02  1.2835E-05  4.4509E-03
  2.9687E-04  5.9151E-02  1.2947E-05  4.4898E-03
  2.9946E-04  5.9512E-02  1.3060E-05  4.5290E-03
  3.0207E-04  5.9873E-02  1.3174E-05  4.5684E-03
  3.0470E-04  6.0236E-02  1.3288E-05  4.6081E-03
  3.0734E-04  6.0601E-02  1.3404E-05  4.6481E-03
  3.1000E-04  6.0967E-02  1.3520E-05  4.6884E-03
  3.1268E-04  6.1334E-02  1.3637E-05  4.7289E-03
  3.1538E-04  6.1703E-02  1.3755E-05  4.7697E-03
  3.1810E-04  6.2073E-02  1.3873E-05  4.8109E-03
  3.2084E-04  6.2445E-02  1.3993E-05  4.8523E-03
  3.2360E-04  6.2818E-02  1.4113E-05  4.8940E-03
  3.2637E-04  6.3193E-02  1.4234E-05  4.9359E-03
  3.2917E-04  6.3569E-02  1.4356E-05  4.9782E-03
  3.3198E-04  6.3946E-02  1.4478E-05  5.0208E-03
  3.3482E-04  6.4325E-02  1.4602E-05  5.0636E-03
  3.3767E-04  6.4705E-02  1.4727E-05  5.1068E-03
  3.4055E-04  6.5087E-02  1.4852E-05  5.1503E-03
  3.4344E-04  6.5471E-02  1.4978E-05  5.1940E-03
  3.4635E-04  6.5855E-02  1.5105E-05  5.2381E-03
  3.4929E-04  6.6242E-02  1.5233E-05  5.2825E-03
  3.5224E-04  6.6630E-02  1.5362E-05  5.3272E-03
  3.5522E-04  6.7019E-02  1.5492E-05  5.3722E-03
  3.5822E-04  6.7410E-02  1.5622E-05  5.4175E-03
  3.6123E-04  6.7802E-02  1.5754E-05  5.4631E-03
  3.6427E-04  6.8196E-02  1.5887E-05  5.5091E-03
  3.6733E-04  6.8591E-02  1.6020E-05  5.5554E-03
  3.7041E-04  6.8988E-02  1.6154E-05  5.6020E-03
  3.7351E-04  6.9386E-02  1.6290E-05  5.6489E-03
  3.7664E-04  6.9786E-02  1.6426E-05  5.6961E-03
  3.7978E-04  7.0188E-02  1.6563E-05  5.7437E-03
  3.8295E-04  7.0591E-02  1.6701E-05  5.7916E-03
  3.8614E-04  7.0995E-02  1.6840E-05  5.8398E-03
  3.8935E-04  7.1401E-02  1.6980E-05  5.8884E-03
  3.9259E-04  7.1809E-02  1.7121E-05  5.9373E-03
  3.9584E-04  7.2218E-02  1.7263E-05  5.9866E-03
  3.9912E-04  7.2629E-02  1.7407E-05  6.0362E-03
  4.0242E-04  7.3041E-02  1.7551E-05  6.0861E-03
  4.0575E-04  7.3455E-02  1.7696E-05  6.1364E-03
  4.0910E-04  7.3870E-02  1.7842E-05  6.1870E-03
  4.1247E-04  7.4287E-02  1.7989E-05  6.2380E-03
  4.1587E-04  7.4706E-02  1.8137E-05  6.2894E-03
  4.1928E-04  7.5126E-02  1.8286E-05  6.3411E-03
  4.2273E-04  7.5548E-02  1.8436E-05  6.3932E-03
  4.2619E-04  7.5971E-02  1.8587E-05  6.4456E-03
  4.2968E-04  7.6396E-02  1.8739E-05  6.4984E-03
  4.3320E-04  7.6822E-02  1.8893E-05  6.5516E-03
  4.3674E-04  7.7250E-02  1.9047E-05  6.6051E-03
  4.4030E-04  7.7680E-02  1.9203E-05  6.6590E-03
  4.4389E-04  7.8111E-02  1.9359E-05  6.7133E-03
  4.4751E-04  7.8544E-02  1.9517E-05  6.7679E-03
  4.5115E-04  7.8979E-02  1.9675E-05  6.8230E-03
  4.5481E-04  7.9415E-02  1.9835E-05  6.8784E-03
  4.5850E-04  7.9853E-02  1.9996E-05  6.9342E-03
  4.6222E-04  8.0292E-02  2.0158E-05  6.9904E-03
  4.6596E-04  8.0733E-02  2.0322E-05  7.0470E-03
  4.6973E-04  8.1176E-02  2.0486E-05  7.1040E-03
  4.7352E-04  8.1620E-02  2.0651E-05  7.1614E-03
  4.7735E-04  8.2066E-02  2.0818E-05  7.2192E-03
  4.8119E-04  8.2514E-02  2.0986E-05  7.2774E-03
  4.8507E-04  8.2963E-02  2.1155E-05  7.3360E-03
  4.8897E-04  8.3414E-02  2.1325E-05  7.3950E-03
  4.9290E-04  8.3866E-02  2.1496E-05  7.4544E-03
  4.9685E-04  8.4321E-02  2.1669E-05  7.5142E-03
  5.0084E-04  8.4776E-02  2.1842E-05  7.5745E-03
  5.0485E-04  8.5234E-02  2.2017E-05  7.6351E-03
  5.0889E-04  8.5693E-02  2.2194E-05  7.6962E-03
  5.1295E-04  8.6154E-02  2.2371E-05  7.7577E-03
  5.1705E-04  8.6617E-02  2.2550E-05  7.8197E-03
  5.2117E-04  8.7081E-02  2.2729E-05  7.8820E-03
  5.2533E-04  8.7547E-02  2.2911E-05  7.9448E-03
  5.2951E-04  8.8014E-02  2.3093E-05  8.0081E-03
  5.3372E-04  8.8483E-02  2.3277E-05  8.0718E-03
  5.3796E-04  8.8954E-02  2.3461E-05  8.1359E-03
  5.4223E-04  8.9427E-02  2.3648E-05  8.2005E-03
  5.4653E-04  8.9901E-02  2.3835E-05  8.2655E-03
  5.5086E-04  9.0377E-02  2.4024E-05  8.3310E-03
  5.5522E-04  9.0855E-02  2.4214E-05  8.3969E-03
  5.5961E-04  9.1334E-02  2.4406E-05  8.4633E-03
  5.6403E-04  9.1815E-02  2.4598E-05  8.5302E-03
  5.6848E-04  9.2298E-02  2.4793E-05  8.5975E-03
  5.7297E-04  9.2782E-02  2.4988E-05  8.6653E-03
  5.7748E-04  9.3269E-02  2.5185E-05  8.7336E-03
  5.8203E-04  9.3756E-02  2.5383E-05  8.8023E-03
  5.8660E-04  9.4246E-02  2.5583E-05  8.8715E-03
  5.9121E-04  9.4737E-02  2.5784E-05  8.9412E-03
  5.9585E-04  9.5230E-02  2.5986E-05  9.0114E-03
  6.0053E-04  9.5725E-02  2.6190E-05  9.0821E-03
  6.0523E-04  9.6221E-02  2.6395E-05  9.1533E-03
  6.0997E-04  9.6719E-02  2.6602E-05  9.2250E-03
  6.1474E-04  9.7219E-02  2.6810E-05  9.2971E-03
  6.1955E-04  9.7721E-02  2.7020E-05  9.3698E-03
  6.2439E-04  9.8224E-02  2.7231E-05  9.4430E-03
  6.2926E-04  9.8729E-02  2.7443E-05  9.5167E-03
  6.3417E-04  9.9236E-02  2.7657E-05  9.5909E-03
  6.3911E-04  9.9744E-02  2.7873E-05  9.6656E-03
  6.4408E-04  1.0025E-01  2.8090E-05  9.7408E-03
  6.4909E-04  1.0077E-01  2.8308E-05  9.8166E-03
  6.5413E-04  1.0128E-01  2.8528E-05  9.8929E-03
  6.5921E-04  1.0180E-01  2.8750E-05  9.9697E-03
  6.6433E-04  1.0231E-01  2.8973E-05  1.0047E-02
  6.6948E-04  1.0283E-01  2.9197E-05  1.0125E-02
  6.7467E-04  1.0335E-01  2.9423E-05  1.0203E-02
  6.7989E-04  1.0387E-01  2.9651E-05  1.0282E-02
  6.8515E-04  1.0440E-01  2.9881E-05  1.0362E-02
  6.9045E-04  1.0492E-01  3.0112E-05  1.0442E-02
  6.9578E-04  1.0545E-01  3.0344E-05  1.0523E-02
  7.0115E-04  1.0598E-01  3.0578E-05  1.0604E-02
  7.0656E-04  1.0651E-01  3.0814E-05  1.0686E-02
  7.1200E-04  1.0704E-01  3.1052E-05  1.0768E-02
  7.1748E-04  1.0758E-01  3.1291E-05  1.0851E-02
  7.2300E-04  1.0811E-01  3.1531E-05  1.0934E-02
  7.2856E-04  1.0865E-01  3.1774E-05  1.1019E-02
  7.3416E-04  1.0919E-01  3.2018E-05  1.1103E-02
  7.3980E-04  1.0973E-01  3.2264E-05  1.1188E-02
  7.4548E-04  1.1027E-01  3.2512E-05  1.1274E-02
  7.5119E-04  1.1082E-01  3.2761E-05  1.1361E-02
  7.5695E-04  1.1137E-01  3.3012E-05  1.1448E-02
  7.6275E-04  1.1191E-01  3.3265E-05  1.1535E-02
  7.6858E-04  1.1246E-01  3.3519E-05  1.1624E-02
  7.7446E-04  1.1301E-01  3.3775E-05  1.1713E-02
  7.8038E-04  1.1357E-01  3.4034E-05  1.1802E-02
  7.8634E-04  1.1412E-01  3.4293E-05  1.1892E-02
  7.9234E-04  1.1468E-01  3.4555E-05  1.1983E-02
  7.9838E-04  1.1524E-01  3.4819E-05  1.2074E-02
  8.0447E-04  1.1580E-01  3.5084E-05  1.2166E-02
  8.1059E-04  1.1636E-01  3.5351E-05  1.2259E-02
  8.1676E-04  1.1692E-01  3.5620E-05  1.2352E-02
  8.2298E-04  1.1749E-01  3.5891E-05  1.2446E-02
  8.2923E-04  1.1805E-01  3.6164E-05  1.2541E-02
  8.3553E-04  1.1862E-01  3.6439E-05  1.2636E-02
  8.4188E-04  1.1919E-01  3.6716E-05  1.2732E-02
  8.4827E-04  1.1976E-01  3.6994E-05  1.2829E-02
  8.5470E-04  1.2034E-01  3.7275E-05  1.2926E-02
  8.6118E-04  1.2091E-01  3.7557E-05  1.3024E-02
  8.6770E-04  1.2149E-01  3.7842E-05  1.3123E-02
  8.7427E-04  1.2207E-01  3.8128E-05  1.3222E-02
  8.8088E-04  1.2265E-01  3.8417E-05  1.3322E-02
  8.8754E-04  1.2323E-01  3.8707E-05  1.3423E-02
  8.9425E-04  1.2381E-01  3.9000E-05  1.3524E-02
  9.0100E-04  1.2440E-01  3.9294E-05  1.3626E-02
  9.0780E-04  1.2498E-01  3.9591E-05  1.3729E-02
  9.1465E-04  1.2557E-01  3.9889E-05  1.3833E-02
  9.2155E-04  1.2616E-01  4.0190E-05  1.3937E-02
  9.2849E-04  1.2675E-01  4.0493E-05  1.4042E-02
  9.3548E-04  1.2734E-01  4.0798E-05  1.4148E-02
  9.4252E-04  1.2794E-01  4.1105E-05  1.4254E-02
  9.4961E-04  1.2854E-01  4.1414E-05  1.4362E-02
  9.5675E-04  1.2913E-01  4.1725E-05  1.4470E-02
  9.6394E-04  1.2973E-01  4.2039E-05  1.4578E-02
  9.7118E-04  1.3033E-01  4.2354E-05  1.4688E-02
  9.7847E-04  1.3094E-01  4.2672E-05  1.4798E-02
  9.8581E-04  1.3154E-01  4.2992E-05  1.4909E-02
  9.9320E-04  1.3215E-01  4.3315E-05  1.5021E-02
  1.0006E-03  1.3275E-01  4.3639E-05  1.5133E-02
  1.0081E-03  1.3336E-01  4.3966E-05  1.5247E-02
  1.0157E-03  1.3397E-01  4.4295E-05  1.5361E-02
  1.0233E-03  1.3458E-01  4.4627E-05  1.5476E-02
  1.0309E-03  1.3520E-01  4.4960E-05  1.5591E-02
  1.0386E-03  1.3581E-01  4.5296E-05  1.5708E-02
  1.0464E-03  1.3643E-01  4.5635E-05  1.5825E-02
  1.0542E-03  1.3705E-01  4.5976E-05  1.5944E-02
  1.0621E-03  1.3766E-01  4.6319E-05  1.6063E-02
  1.0700E-03  1.3829E-01  4.6664E-05  1.6182E-02
  1.0780E-03  1.3891E-01  4.7012E-05  1.6303E-02
  1.0860E-03  1.3953E-01  4.7363E-05  1.6424E-02
  1.0941E-03  1.4016E-01  4.7715E-05  1.6547E-02
  1.1023E-03  1.4078E-01  4.8071E-05  1.6670E-02
  1.1105E-03  1.4141E-01  4.8428E-05  1.6794E-02
  1.1187E-03  1.4204E-01  4.8789E-05  1.6919E-02
  1.1270E-03  1.4267E-01  4.9151E-05  1.7045E-02
  1.1354E-03  1.4330E-01  4.9516E-05  1.7171E-02
  1.1438E-03  1.4394E-01  4.9884E-05  1.7299E-02
  1.1523E-03  1.4457E-01  5.0255E-05  1.7427E-02
  1.1609E-03  1.4521E-01  5.0628E-05  1.7557E-02
  1.1695E-03  1.4584E-01  5.1003E-05  1.7687E-02
  1.1782E-03  1.4648E-01  5.1381E-05  1.7818E-02
  1.1869E-03  1.4712E-01  5.1762E-05  1.7950E-02
  1.1957E-03  1.4777E-01  5.2146E-05  1.8083E-02
  1.2046E-03  1.4841E-01  5.2532E-05  1.8217E-02
  1.2135E-03  1.4905E-01  5.2920E-05  1.8352E-02
  1.2224E-03  1.4970E-01  5.3312E-05  1.8488E-02
  1.2315E-03  1.5034E-01  5.3706E-05  1.8625E-02
  1.2406E-03  1.5099E-01  5.4103E-05  1.8762E-02
  1.2498E-03  1.5164E-01  5.4503E-05  1.8901E-02
  1.2590E-03  1.5229E-01  5.4906E-05  1.9040E-02
  1.2683E-03  1.5294E-01  5.5311E-05  1.9181E-02
  1.2776E-03  1.5359E-01  5.5719E-05  1.9323E-02
  1.2871E-03  1.5425E-01  5.6130E-05  1.9465E-02
  1.2966E-03  1.5490E-01  5.6544E-05  1.9609E-02
  1.3061E-03  1.5556E-01  5.6961E-05  1.9753E-02
  1.3157E-03  1.5622E-01  5.7380E-05  1.9899E-02
  1.3254E-03  1.5687E-01  5.7803E-05  2.0045E-02
  1.3352E-03  1.5753E-01  5.8229E-05  2.0193E-02
  1.3450E-03  1.5819E-01  5.8657E-05  2.0341E-02
  1.3549E-03  1.5885E-01  5.9089E-05  2.0491E-02
  1.3649E-03  1.5952E-01  5.9523E-05  2.0642E-02
  1.3749E-03  1.6018E-01  5.9961E-05  2.0794E-02
  1.3850E-03  1.6084E-01  6.0401E-05  2.0946E-02
  1.3952E-03  1.6151E-01  6.0845E-05  2.1100E-02
  1.4054E-03  1.6217E-01  6.1292E-05  2.1255E-02
  1.4158E-03  1.6284E-01  6.1741E-05  2.1411E-02
  1.4261E-03  1.6351E-01  6.2194E-05  2.1568E-02
  1.4366E-03  1.6418E-01  6.2651E-05  2.1726E-02
  1.4471E-03  1.6485E-01  6.3110E-05  2.1886E-02
  1.4577E-03  1.6552E-01  6.3572E-05  2.2046E-02
  1.4684E-03  1.6619E-01  6.4038E-05  2.2208E-02
  1.4792E-03  1.6686E-01  6.4507E-05  2.2370E-02
  1.4900E-03  1.6753E-01  6.4979E-05  2.2534E-02
  1.5009E-03  1.6821E-01  6.5455E-05  2.2699E-02
  1.5119E-03  1.6888E-01  6.5934E-05  2.2865E-02
  1.5230E-03  1.6955E-01  6.6416E-05  2.3032E-02
  1.5341E-03  1.7023E-01  6.6902E-05  2.3201E-02
  1.5453E-03  1.7091E-01  6.7391E-05  2.3370E-02
  1.5566E-03  1.7158E-01  6.7883E-05  2.3541E-02
  1.5680E-03  1.7226E-01  6.8379E-05  2.3713E-02
  1.5794E-03  1.7294E-01  6.8878E-05  2.3886E-02
  1.5909E-03  1.7362E-01  6.9381E-05  2.4061E-02
  1.6025E-03  1.7429E-01  6.9887E-05  2.4236E-02
  1.6142E-03  1.7497E-01  7.0397E-05  2.4413E-02
  1.6260E-03  1.7565E-01  7.0910E-05  2.4591E-02
  1.6379E-03  1.7633E-01  7.1427E-05  2.4770E-02
  1.6498E-03  1.7701E-01  7.1947E-05  2.4951E-02
  1.6618E-03  1.7769E-01  7.2471E-05  2.5133E-02
  1.6739E-03  1.7838E-01  7.2999E-05  2.5316E-02
  1.6861E-03  1.7906E-01  7.3531E-05  2.5500E-02
  1.6984E-03  1.7974E-01  7.4066E-05  2.5685E-02
  1.7107E-03  1.8042E-01  7.4605E-05  2.5872E-02
  1.7232E-03  1.8110E-01  7.5147E-05  2.6061E-02
  1.7357E-03  1.8178E-01  7.5694E-05  2.6250E-02
  1.7483E-03  1.8247E-01  7.6244E-05  2.6441E-02
  1.7610E-03  1.8315E-01  7.6798E-05  2.6633E-02
  1.7738E-03  1.8383E-01  7.7356E-05  2.6827E-02
  1.7867E-03  1.8451E-01  7.7917E-05  2.7021E-02
  1.7997E-03  1.8520E-01  7.8483E-05  2.7218E-02
  1.8128E-03  1.8588E-01  7.9053E-05  2.7415E-02
  1.8259E-03  1.8656E-01  7.9626E-05  2.7614E-02
  1.8392E-03  1.8724E-01  8.0204E-05  2.7814E-02
  1.8525E-03  1.8793E-01  8.0786E-05  2.8016E-02
  1.8659E-03  1.8861E-01  8.1371E-05  2.8219E-02
  1.8794E-03  1.8929E-01  8.1961E-05  2.8424E-02
  1.8931E-03  1.8997E-01  8.2555E-05  2.8630E-02
  1.9068E-03  1.9065E-01  8.3153E-05  2.8837E-02
  1.9206E-03  1.9133E-01  8.3755E-05  2.9046E-02
  1.9345E-03  1.9201E-01  8.4362E-05  2.9256E-02
  1.9485E-03  1.9269E-01  8.4972E-05  2.9468E-02
  1.9626E-03  1.9337E-01  8.5587E-05  2.9681E-02
  1.9768E-03  1.9405E-01  8.6206E-05  2.9896E-02
  1.9911E-03  1.9473E-01  8.6830E-05  3.0112E-02
  2.0055E-03  1.9541E-01  8.7457E-05  3.0330E-02
  2.0200E-03  1.9609E-01  8.8089E-05  3.0549E-02
  2.0346E-03  1.9676E-01  8.8726E-05  3.0770E-02
  2.0493E-03  1.9744E-01  8.9367E-05  3.0993E-02
  2.0641E-03  1.9811E-01  9.0012E-05  3.1216E-02
  2.0790E-03  1.9879E-01  9.0662E-05  3.1442E-02
  2.0940E-03  1.9946E-01  9.1317E-05  3.1669E-02
  2.1091E-03  2.0013E-01  9.1976E-05  3.1897E-02
  2.1244E-03  2.0080E-01  9.2640E-05  3.2128E-02
  2.1397E-03  2.0147E-01  9.3308E-05  3.2359E-02
  2.1551E-03  2.0214E-01  9.3981E-05  3.2593E-02
  2.1707E-03  2.0281E-01  9.4658E-05  3.2828E-02
  2.1863E-03  2.0348E-01  9.5341E-05  3.3065E-02
  2.2021E-03  2.0415E-01  9.6028E-05  3.3303E-02
  2.2179E-03  2.0481E-01  9.6720E-05  3.3543E-02
  2.2339E-03  2.0547E-01  9.7416E-05  3.3784E-02
  2.2500E-03  2.0614E-01  9.8118E-05  3.4028E-02
  2.2662E-03  2.0680E-01  9.8824E-05  3.4273E-02
  2.2825E-03  2.0746E-01  9.9536E-05  3.4520E-02
  2.2990E-03  2.0811E-01  1.0025E-04  3.4768E-02
  2.3155E-03  2.0877E-01  1.0097E-04  3.5018E-02
  2.3322E-03  2.0942E-01  1.0170E-04  3.5270E-02
  2.3489E-03  2.1008E-01  1.0243E-04  3.5524E-02
  2.3658E-03  2.1073E-01  1.0317E-04  3.5779E-02
  2.3828E-03  2.1138E-01  1.0391E-04  3.6037E-02
  2.4000E-03  2.1202E-01  1.0466E-04  3.6296E-02
  2.4172E-03  2.1267E-01  1.0541E-04  3.6556E-02
  2.4346E-03  2.1331E-01  1.0616E-04  3.6819E-02
  2.4521E-03  2.1395E-01  1.0693E-04  3.7084E-02
  2.4697E-03  2.1459E-01  1.0769E-04  3.7350E-02
  2.4874E-03  2.1523E-01  1.0847E-04  3.7618E-02
  2.5053E-03  2.1587E-01  1.0925E-04  3.7888E-02
  2.5232E-03  2.1650E-01  1.1003E-04  3.8160E-02
  2.5414E-03  2.1713E-01  1.1082E-04  3.8434E-02
  2.5596E-03  2.1776E-01  1.1161E-04  3.8710E-02
  2.5780E-03  2.1838E-01  1.1242E-04  3.8987E-02
  2.5964E-03  2.1900E-01  1.1322E-04  3.9267E-02
  2.6151E-03  2.1962E-01  1.1403E-04  3.9548E-02
  2.6338E-03  2.2024E-01  1.1485E-04  3.9832E-02
  2.6527E-03  2.2086E-01  1.1567E-04  4.0117E-02
  2.6717E-03  2.2147E-01  1.1650E-04  4.0405E-02
  2.6908E-03  2.2208E-01  1.1734E-04  4.0694E-02
  2.7101E-03  2.2268E-01  1.1818E-04  4.0986E-02
  2.7295E-03  2.2329E-01  1.1902E-04  4.1279E-02
  2.7491E-03  2.2389E-01  1.1987E-04  4.1575E-02
  2.7687E-03  2.2448E-01  1.2073E-04  4.1873E-02
  2.7886E-03  2.2508E-01  1.2160E-04  4.2172E-02
  2.8085E-03  2.2567E-01  1.2247E-04  4.2474E-02
  2.8286E-03  2.2625E-01  1.2334E-04  4.2778E-02
  2.8488E-03  2.2684E-01  1.2422E-04  4.3084E-02
  2.8692E-03  2.2741E-01  1.2511E-04  4.3392E-02
  2.8897E-03  2.2799E-01  1.2601E-04  4.3702E-02
  2.9104E-03  2.2856E-01  1.2691E-04  4.4015E-02
  2.9312E-03  2.2913E-01  1.2781E-04  4.4330E-02
  2.9522E-03  2.2969E-01  1.2873E-04  4.4646E-02
  2.9733E-03  2.3026E-01  1.2965E-04  4.4965E-02
  2.9945E-03  2.3081E-01  1.3057E-04  4.5287E-02
  3.0159E-03  2.3136E-01  1.3151E-04  4.5610E-02
  3.0374E-03  2.3191E-01  1.3244E-04  4.5936E-02
  3.0591E-03  2.3245E-01  1.3339E-04  4.6264E-02
  3.0810E-03  2.3299E-01  1.3434E-04  4.6594E-02
  3.1030E-03  2.3353E-01  1.3530E-04  4.6927E-02
  3.1251E-03  2.3406E-01  1.3627E-04  4.7262E-02
  3.1474E-03  2.3458E-01  1.3724E-04  4.7599E-02
  3.1699E-03  2.3510E-01  1.3822E-04  4.7939E-02
  3.1925E-03  2.3562E-01  1.3920E-04  4.8281E-02
  3.2152E-03  2.3613E-01  1.4020E-04  4.8625E-02
  3.2382E-03  2.3664E-01  1.4119E-04  4.8972E-02
  3.2613E-03  2.3714E-01  1.4220E-04  4.9321E-02
  3.2845E-03  2.3763E-01  1.4321E-04  4.9673E-02
  3.3079E-03  2.3812E-01  1.4423E-04  5.0027E-02
  3.3315E-03  2.3861E-01  1.4526E-04  5.0383E-02
  3.3552E-03  2.3909E-01  1.4630E-04  5.0742E-02
  3.3792E-03  2.3956E-01  1.4734E-04  5.1104E-02
  3.4032E-03  2.4003E-01  1.4839E-04  5.1468E-02
  3.4275E-03  2.4049E-01  1.4944E-04  5.1834E-02
  3.4519E-03  2.4095E-01  1.5051E-04  5.2203E-02
  3.4765E-03  2.4140E-01  1.5158E-04  5.2575E-02
  3.5012E-03  2.4184E-01  1.5266E-04  5.2949E-02
  3.5261E-03  2.4228E-01  1.5374E-04  5.3326E-02
  3.5512E-03  2.4271E-01  1.5484E-04  5.3706E-02
  3.5765E-03  2.4314E-01  1.5594E-04  5.4088E-02
  3.6019E-03  2.4355E-01  1.5705E-04  5.4473E-02
  3.6276E-03  2.4397E-01  1.5817E-04  5.4860E-02
  3.6534E-03  2.4437E-01  1.5929E-04  5.5251E-02
  3.6794E-03  2.4477E-01  1.6042E-04  5.5643E-02
  3.7055E-03  2.4516E-01  1.6156E-04  5.6039E-02
  3.7319E-03  2.4555E-01  1.6271E-04  5.6438E-02
  3.7584E-03  2.4592E-01  1.6387E-04  5.6839E-02
  3.7851E-03  2.4629E-01  1.6503E-04  5.7243E-02
  3.8120E-03  2.4665E-01  1.6620E-04  5.7650E-02
  3.8391E-03  2.4701E-01  1.6738E-04  5.8059E-02
  3.8664E-03  2.4736E-01  1.6857E-04  5.8472E-02
  3.8939E-03  2.4770E-01  1.6977E-04  5.8887E-02
  3.9215E-03  2.4803E-01  1.7097E-04  5.9305E-02
  3.9494E-03  2.4835E-01  1.7219E-04  5.9727E-02
  3.9774E-03  2.4867E-01  1.7341E-04  6.0151E-02
  4.0057E-03  2.4897E-01  1.7464E-04  6.0578E-02
  4.0341E-03  2.4927E-01  1.7588E-04  6.1008E-02
  4.0627E-03  2.4956E-01  1.7713E-04  6.1441E-02
  4.0916E-03  2.4984E-01  1.7838E-04  6.1877E-02
  4.1206E-03  2.5012E-01  1.7965E-04  6.2316E-02
  4.1499E-03  2.5038E-01  1.8092E-04  6.2758E-02
  4.1793E-03  2.5064E-01  1.8221E-04  6.3203E-02
  4.2089E-03  2.5088E-01  1.8350E-04  6.3652E-02
  4.2388E-03  2.5112E-01  1.8480E-04  6.4103E-02
  4.2689E-03  2.5135E-01  1.8611E-04  6.4558E-02
  4.2991E-03  2.5157E-01  1.8743E-04  6.5016E-02
  4.3296E-03  2.5177E-01  1.8875E-04  6.5477E-02
  4.3603E-03  2.5197E-01  1.9009E-04  6.5941E-02
  4.3912E-03  2.5216E-01  1.9144E-04  6.6408E-02
  4.4224E-03  2.5234E-01  1.9279E-04  6.6879E-02
  4.4537E-03  2.5251E-01  1.9416E-04  6.7353E-02
  4.4853E-03  2.5267E-01  1.9553E-04  6.7830E-02
  4.5170E-03  2.5281E-01  1.9692E-04  6.8311E-02
  4.5490E-03  2.5295E-01  1.9831E-04  6.8795E-02
  4.5813E-03  2.5308E-01  1.9972E-04  6.9282E-02
  4.6137E-03  2.5319E-01  2.0113E-04  6.9773E-02
  4.6464E-03  2.5330E-01  2.0255E-04  7.0267E-02
  4.6793E-03  2.5339E-01  2.0399E-04  7.0764E-02
  4.7124E-03  2.5348E-01  2.0543E-04  7.1265E-02
  4.7458E-03  2.5355E-01  2.0688E-04  7.1770E-02
  4.7794E-03  2.5361E-01  2.0835E-04  7.2278E-02
  4.8132E-03  2.5365E-01  2.0982E-04  7.2789E-02
  4.8473E-03  2.5369E-01  2.1130E-04  7.3305E-02
  4.8816E-03  2.5371E-01  2.1280E-04  7.3823E-02
  4.9162E-03  2.5373E-01  2.1430E-04  7.4346E-02
  4.9509E-03  2.5373E-01  2.1582E-04  7.4872E-02
  4.9860E-03  2.5371E-01  2.1734E-04  7.5401E-02
  5.0212E-03  2.5369E-01  2.1888E-04  7.5935E-02
  5.0568E-03  2.5365E-01  2.2042E-04  7.6472E-02
  5.0925E-03  2.5360E-01  2.2198E-04  7.7013E-02
  5.1285E-03  2.5353E-01  2.2355E-04  7.7557E-02
  5.1648E-03  2.5346E-01  2.2513E-04  7.8105E-02
  5.2013E-03  2.5337E-01  2.2672E-04  7.8658E-02
  5.2381E-03  2.5326E-01  2.2832E-04  7.9214E-02
  5.2751E-03  2.5315E-01  2.2993E-04  7.9774E-02
  5.3124E-03  2.5302E-01  2.3156E-04  8.0337E-02
  5.3500E-03  2.5287E-01  2.3319E-04  8.0905E-02
  5.3878E-03  2.5271E-01  2.3484E-04  8.1477E-02
  5.4258E-03  2.5254E-01  2.3649E-04  8.2052E-02
  5.4642E-03  2.5235E-01  2.3816E-04  8.2632E-02
  5.5028E-03  2.5215E-01  2.3984E-04  8.3216E-02
  5.5416E-03  2.5193E-01  2.4154E-04  8.3804E-02
  5.5808E-03  2.5170E-01  2.4324E-04  8.4395E-02
  5.6202E-03  2.5145E-01  2.4496E-04  8.4991E-02
  5.6599E-03  2.5119E-01  2.4668E-04  8.5592E-02
  5.6999E-03  2.5091E-01  2.4842E-04  8.6196E-02
  5.7401E-03  2.5062E-01  2.5018E-04  8.6804E-02
  5.7806E-03  2.5031E-01  2.5194E-04  8.7417E-02
  5.8215E-03  2.4999E-01  2.5372E-04  8.8034E-02
  5.8626E-03  2.4965E-01  2.5550E-04  8.8656E-02
  5.9039E-03  2.4929E-01  2.5731E-04  8.9281E-02
  5.9456E-03  2.4892E-01  2.5912E-04  8.9911E-02
  5.9876E-03  2.4853E-01  2.6095E-04  9.0546E-02
  6.0298E-03  2.4812E-01  2.6278E-04  9.1185E-02
  6.0724E-03  2.4770E-01  2.6464E-04  9.1828E-02
  6.1152E-03  2.4726E-01  2.6650E-04  9.2476E-02
  6.1583E-03  2.4680E-01  2.6838E-04  9.3128E-02
  6.2018E-03  2.4633E-01  2.7027E-04  9.3785E-02
  6.2455E-03  2.4584E-01  2.7217E-04  9.4446E-02
  6.2896E-03  2.4533E-01  2.7409E-04  9.5112E-02
  6.3339E-03  2.4480E-01  2.7602E-04  9.5783E-02
  6.3786E-03  2.4426E-01  2.7796E-04  9.6458E-02
  6.4236E-03  2.4369E-01  2.7992E-04  9.7138E-02
  6.4689E-03  2.4311E-01  2.8189E-04  9.7823E-02
  6.5145E-03  2.4251E-01  2.8387E-04  9.8513E-02
  6.5604E-03  2.4190E-01  2.8587E-04  9.9207E-02
  6.6067E-03  2.4126E-01  2.8788E-04  9.9906E-02
  6.6532E-03  2.4060E-01  2.8991E-04  1.0061E-01
  6.7001E-03  2.3993E-01  2.9195E-04  1.0132E-01
  6.7473E-03  2.3923E-01  2.9400E-04  1.0203E-01
  6.7949E-03  2.3852E-01  2.9607E-04  1.0275E-01
  6.8428E-03  2.3779E-01  2.9815E-04  1.0348E-01
  6.8910E-03  2.3703E-01  3.0025E-04  1.0420E-01
  6.9395E-03  2.3626E-01  3.0236E-04  1.0494E-01
  6.9884E-03  2.3547E-01  3.0449E-04  1.0568E-01
  7.0376E-03  2.3466E-01  3.0663E-04  1.0642E-01
  7.0872E-03  2.3382E-01  3.0878E-04  1.0717E-01
  7.1371E-03  2.3297E-01  3.1095E-04  1.0793E-01
  7.1874E-03  2.3209E-01  3.1314E-04  1.0869E-01
  7.2380E-03  2.3120E-01  3.1534E-04  1.0945E-01
  7.2890E-03  2.3028E-01  3.1755E-04  1.1022E-01
  7.3403E-03  2.2934E-01  3.1979E-04  1.1100E-01
  7.3920E-03  2.2839E-01  3.2203E-04  1.1178E-01
  7.4440E-03  2.2740E-01  3.2429E-04  1.1257E-01
  7.4964E-03  2.2640E-01  3.2657E-04  1.1336E-01
  7.5492E-03  2.2538E-01  3.2887E-04  1.1416E-01
  7.6023E-03  2.2433E-01  3.3118E-04  1.1496E-01
  7.6558E-03  2.2326E-01  3.3350E-04  1.1577E-01
  7.7097E-03  2.2217E-01  3.3584E-04  1.1658E-01
  7.7640E-03  2.2106E-01  3.3820E-04  1.1740E-01
  7.8186E-03  2.1993E-01  3.4057E-04  1.1823E-01
  7.8736E-03  2.1877E-01  3.4297E-04  1.1906E-01
  7.9290E-03  2.1759E-01  3.4537E-04  1.1990E-01
  7.9848E-03  2.1638E-01  3.4780E-04  1.2074E-01
  8.0410E-03  2.1515E-01  3.5024E-04  1.2159E-01
  8.0975E-03  2.1390E-01  3.5269E-04  1.2244E-01
  8.1545E-03  2.1263E-01  3.5517E-04  1.2331E-01
  8.2119E-03  2.1133E-01  3.5766E-04  1.2417E-01
  8.2696E-03  2.1001E-01  3.6017E-04  1.2505E-01
  8.3278E-03  2.0867E-01  3.6269E-04  1.2592E-01
  8.3863E-03  2.0730E-01  3.6524E-04  1.2681E-01
  8.4453E-03  2.0590E-01  3.6780E-04  1.2770E-01
  8.5047E-03  2.0448E-01  3.7038E-04  1.2860E-01
  8.5645E-03  2.0304E-01  3.7297E-04  1.2950E-01
  8.6247E-03  2.0157E-01  3.7559E-04  1.3041E-01
  8.6853E-03  2.0008E-01  3.7822E-04  1.3133E-01
  8.7464E-03  1.9857E-01  3.8087E-04  1.3225E-01
  8.8079E-03  1.9703E-01  3.8354E-04  1.3318E-01
  8.8698E-03  1.9546E-01  3.8623E-04  1.3412E-01
  8.9321E-03  1.9387E-01  3.8893E-04  1.3506E-01
  8.9949E-03  1.9225E-01  3.9166E-04  1.3601E-01
  9.0581E-03  1.9061E-01  3.9440E-04  1.3696E-01
  9.1218E-03  1.8894E-01  3.9717E-04  1.3793E-01
  9.1859E-03  1.8725E-01  3.9995E-04  1.3890E-01
  9.2504E-03  1.8553E-01  4.0275E-04  1.3987E-01
  9.3154E-03  1.8378E-01  4.0557E-04  1.4085E-01
  9.3808E-03  1.8201E-01  4.0841E-04  1.4184E-01
  9.4467E-03  1.8021E-01  4.1127E-04  1.4284E-01
  9.5131E-03  1.7839E-01  4.1415E-04  1.4384E-01
  9.5799E-03  1.7654E-01  4.1704E-04  1.4485E-01
  9.6472E-03  1.7466E-01  4.1996E-04  1.4587E-01
  9.7150E-03  1.7276E-01  4.2290E-04  1.4689E-01
  9.7832E-03  1.7083E-01  4.2586E-04  1.4792E-01
  9.8519E-03  1.6887E-01  4.2884E-04  1.4896E-01
  9.9211E-03  1.6689E-01  4.3184E-04  1.5001E-01
  9.9908E-03  1.6488E-01  4.3486E-04  1.5106E-01
  1.0061E-02  1.6285E-01  4.3790E-04  1.5212E-01
  1.0132E-02  1.6078E-01  4.4096E-04  1.5319E-01
  1.0203E-02  1.5869E-01  4.4405E-04  1.5426E-01
  1.0274E-02  1.5658E-01  4.4715E-04  1.5535E-01
  1.0346E-02  1.5443E-01  4.5028E-04  1.5644E-01
  1.0419E-02  1.5226E-01  4.5343E-04  1.5753E-01
  1.0492E-02  1.5006E-01  4.5659E-04  1.5864E-01
  1.0566E-02  1.4784E-01  4.5979E-04  1.5975E-01
  1.0640E-02  1.4558E-01  4.6300E-04  1.6087E-01
  1.0715E-02  1.4330E-01  4.6623E-04  1.6200E-01
  1.0790E-02  1.4100E-01  4.6949E-04  1.6314E-01
  1.0866E-02  1.3866E-01  4.7277E-04  1.6428E-01
  1.0942E-02  1.3630E-01  4.7607E-04  1.6543E-01
  1.1019E-02  1.3391E-01  4.7940E-04  1.6659E-01
  1.1096E-02  1.3149E-01  4.8274E-04  1.6776E-01
  1.1174E-02  1.2905E-01  4.8611E-04  1.6894E-01
  1.1252E-02  1.2657E-01  4.8951E-04  1.7012E-01
  1.1331E-02  1.2407E-01  4.9293E-04  1.7132E-01
  1.1411E-02  1.2155E-01  4.9637E-04  1.7252E-01
  1.1491E-02  1.1899E-01  4.9983E-04  1.7373E-01
  1.1571E-02  1.1641E-01  5.0332E-04  1.7494E-01
  1.1653E-02  1.1380E-01  5.0683E-04  1.7617E-01
  1.1734E-02  1.1117E-01  5.1037E-04  1.7741E-01
  1.1817E-02  1.0850E-01  5.1393E-04  1.7865E-01
  1.1899E-02  1.0581E-01  5.1751E-04  1.7990E-01
  1.1983E-02  1.0309E-01  5.2112E-04  1.8116E-01
  1.2067E-02  1.0035E-01  5.2475E-04  1.8243E-01
  1.2152E-02  9.7576E-02  5.2841E-04  1.8371E-01
  1.2237E-02  9.4777E-02  5.3209E-04  1.8500E-01
  1.2323E-02  9.1951E-02  5.3580E-04  1.8629E-01
  1.2409E-02  8.9098E-02  5.3954E-04  1.8760E-01
  1.2496E-02  8.6218E-02  5.4330E-04  1.8891E-01
  1.2584E-02  8.3311E-02  5.4708E-04  1.9024E-01
  1.2672E-02  8.0378E-02  5.5089E-04  1.9157E-01
  1.2761E-02  7.7419E-02  5.5473E-04  1.9291E-01
  1.2850E-02  7.4433E-02  5.5860E-04  1.9426E-01
  1.2940E-02  7.1421E-02  5.6249E-04  1.9562E-01
  1.3031E-02  6.8383E-02  5.6640E-04  1.9699E-01
  1.3122E-02  6.5319E-02  5.7034E-04  1.9837E-01
  1.3214E-02  6.2229E-02  5.7432E-04  1.9976E-01
  1.3307E-02  5.9114E-02  5.7831E-04  2.0116E-01
  1.3400E-02  5.5973E-02  5.8234E-04  2.0257E-01
  1.3494E-02  5.2807E-02  5.8639E-04  2.0399E-01
  1.3589E-02  4.9615E-02  5.9047E-04  2.0542E-01
  1.3684E-02  4.6399E-02  5.9458E-04  2.0686E-01
  1.3780E-02  4.3158E-02  5.9871E-04  2.0830E-01
  1.3876E-02  3.9893E-02  6.0288E-04  2.0976E-01
  1.3974E-02  3.6603E-02  6.0707E-04  2.1123E-01
  1.4072E-02  3.3289E-02  6.1129E-04  2.1271E-01
  1.4170E-02  2.9951E-02  6.1554E-04  2.1420E-01
  1.4269E-02  2.6590E-02  6.1981E-04  2.1570E-01
  1.4369E-02  2.3205E-02  6.2412E-04  2.1721E-01
  1.4470E-02  1.9797E-02  6.2846E-04  2.1873E-01
  1.4571E-02  1.6367E-02  6.3282E-04  2.2026E-01
  1.4673E-02  1.2914E-02  6.3722E-04  2.2180E-01
  1.4776E-02  9.4382E-03  6.4165E-04  2.2335E-01
  1.4880E-02  5.9407E-03  6.4610E-04  2.2492E-01
  1.4984E-02  2.4216E-03  6.5059E-04  2.2649E-01
  1.5089E-02 -1.1188E-03  6.5510E-04  2.2807E-01
  1.5195E-02 -4.6802E-03  6.5965E-04  2.2967E-01
  1.5301E-02 -8.2624E-03  6.6423E-04  2.3128E-01
  1.5408E-02 -1.1865E-02  6.6883E-04  2.3289E-01
  1.5516E-02 -1.5487E-02  6.7347E-04  2.3452E-01
  1.5625E-02 -1.9129E-02  6.7815E-04  2.3616E-01
  1.5734E-02 -2.2790E-02  6.8285E-04  2.3782E-01
  1.5844E-02 -2.6471E-02  6.8758E-04  2.3948E-01
  1.5955E-02 -3.0169E-02  6.9235E-04  2.4115E-01
  1.6067E-02 -3.3885E-02  6.9715E-04  2.4284E-01
  1.6180E-02 -3.7620E-02  7.0198E-04  2.4454E-01
  1.6293E-02 -4.1371E-02  7.0684E-04  2.4625E-01
  1.6407E-02 -4.5139E-02  7.1174E-04  2.4797E-01
  1.6522E-02 -4.8923E-02  7.1667E-04  2.4971E-01
  1.6638E-02 -5.2723E-02  7.2163E-04  2.5145E-01
  1.6754E-02 -5.6538E-02  7.2663E-04  2.5321E-01
  1.6871E-02 -6.0368E-02  7.3166E-04  2.5498E-01
  1.6989E-02 -6.4212E-02  7.3672E-04  2.5676E-01
  1.7108E-02 -6.8070E-02  7.4182E-04  2.5856E-01
  1.7228E-02 -7.1941E-02  7.4695E-04  2.6036E-01
  1.7349E-02 -7.5825E-02  7.5212E-04  2.6218E-01
  1.7470E-02 -7.9721E-02  7.5732E-04  2.6402E-01
  1.7592E-02 -8.3629E-02  7.6255E-04  2.6586E-01
  1.7716E-02 -8.7547E-02  7.6782E-04  2.6772E-01
  1.7840E-02 -9.1476E-02  7.7313E-04  2.6959E-01
  1.7964E-02 -9.5415E-02  7.7847E-04  2.7147E-01
  1.8090E-02 -9.9363E-02  7.8385E-04  2.7337E-01
  1.8217E-02 -1.0332E-01  7.8926E-04  2.7528E-01
  1.8344E-02 -1.0728E-01  7.9471E-04  2.7721E-01
  1.8473E-02 -1.1126E-01  8.0020E-04  2.7914E-01
  1.8602E-02 -1.1523E-01  8.0572E-04  2.8109E-01
  1.8732E-02 -1.1922E-01  8.1128E-04  2.8306E-01
  1.8863E-02 -1.2321E-01  8.1688E-04  2.8503E-01
  1.8995E-02 -1.2720E-01  8.2251E-04  2.8702E-01
  1.9128E-02 -1.3120E-01  8.2818E-04  2.8903E-01
  1.9262E-02 -1.3520E-01  8.3389E-04  2.9105E-01
  1.9397E-02 -1.3920E-01  8.3964E-04  2.9308E-01
  1.9532E-02 -1.4321E-01  8.4543E-04  2.9513E-01
  1.9669E-02 -1.4721E-01  8.5125E-04  2.9719E-01
  1.9807E-02 -1.5122E-01  8.5712E-04  2.9926E-01
  1.9945E-02 -1.5522E-01  8.6302E-04  3.0135E-01
  2.0085E-02 -1.5922E-01  8.6896E-04  3.0346E-01
  2.0225E-02 -1.6322E-01  8.7494E-04  3.0558E-01
  2.0367E-02 -1.6722E-01  8.8096E-04  3.0771E-01
  2.0509E-02 -1.7121E-01  8.8702E-04  3.0986E-01
  2.0653E-02 -1.7520E-01  8.9312E-04  3.1202E-01
  2.0797E-02 -1.7918E-01  8.9926E-04  3.1420E-01
  2.0943E-02 -1.8315E-01  9.0544E-04  3.1639E-01
  2.1089E-02 -1.8712E-01  9.1166E-04  3.1860E-01
  2.1237E-02 -1.9108E-01  9.1792E-04  3.2082E-01
  2.1385E-02 -1.9503E-01  9.2423E-04  3.2306E-01
  2.1535E-02 -1.9896E-01  9.3057E-04  3.2532E-01
  2.1685E-02 -2.0289E-01  9.3696E-04  3.2759E-01
  2.1837E-02 -2.0680E-01  9.4339E-04  3.2987E-01
  2.1990E-02 -2.1070E-01  9.4986E-04  3.3217E-01
  2.2143E-02 -2.1459E-01  9.5637E-04  3.3449E-01
  2.2298E-02 -2.1846E-01  9.6293E-04  3.3683E-01
  2.2454E-02 -2.2231E-01  9.6953E-04  3.3918E-01
  2.2611E-02 -2.2615E-01  9.7617E-04  3.4154E-01
  2.2769E-02 -2.2997E-01  9.8285E-04  3.4392E-01
  2.2929E-02 -2.3376E-01  9.8958E-04  3.4632E-01
  2.3089E-02 -2.3754E-01  9.9636E-04  3.4874E-01
  2.3250E-02 -2.4130E-01  1.0032E-03  3.5117E-01
  2.3413E-02 -2.4503E-01  1.0100E-03  3.5362E-01
  2.3577E-02 -2.4873E-01  1.0169E-03  3.5608E-01
  2.3742E-02 -2.5242E-01  1.0239E-03  3.5857E-01
  2.3908E-02 -2.5607E-01  1.0309E-03  3.6107E-01
  2.4075E-02 -2.5970E-01  1.0379E-03  3.6358E-01
  2.4243E-02 -2.6330E-01  1.0450E-03  3.6612E-01
  2.4412E-02 -2.6687E-01  1.0521E-03  3.6867E-01
  2.4583E-02 -2.7041E-01  1.0593E-03  3.7124E-01
  2.4755E-02 -2.7392E-01  1.0666E-03  3.7383E-01
  2.4928E-02 -2.7739E-01  1.0738E-03  3.7643E-01
  2.5102E-02 -2.8083E-01  1.0811E-03  3.7906E-01
  2.5278E-02 -2.8423E-01  1.0885E-03  3.8170E-01
  2.5454E-02 -2.8759E-01  1.0959E-03  3.8436E-01
  2.5632E-02 -2.9092E-01  1.1034E-03  3.8704E-01
  2.5812E-02 -2.9421E-01  1.1109E-03  3.8973E-01
  2.5992E-02 -2.9745E-01  1.1184E-03  3.9245E-01
  2.6174E-02 -3.0066E-01  1.1260E-03  3.9518E-01
  2.6357E-02 -3.0382E-01  1.1337E-03  3.9794E-01
  2.6541E-02 -3.0693E-01  1.1414E-03  4.0071E-01
  2.6726E-02 -3.1000E-01  1.1492E-03  4.0350E-01
  2.6913E-02 -3.1302E-01  1.1570E-03  4.0631E-01
  2.7101E-02 -3.1599E-01  1.1648E-03  4.0914E-01
  2.7291E-02 -3.1892E-01  1.1727E-03  4.1199E-01
  2.7481E-02 -3.2179E-01  1.1806E-03  4.1486E-01
  2.7673E-02 -3.2460E-01  1.1886E-03  4.1775E-01
  2.7867E-02 -3.2737E-01  1.1967E-03  4.2066E-01
  2.8062E-02 -3.3008E-01  1.2048E-03  4.2358E-01
  2.8258E-02 -3.3273E-01  1.2129E-03  4.2653E-01
  2.8455E-02 -3.3532E-01  1.2212E-03  4.2950E-01
  2.8654E-02 -3.3786E-01  1.2294E-03  4.3249E-01
  2.8854E-02 -3.4033E-01  1.2377E-03  4.3550E-01
  2.9056E-02 -3.4274E-01  1.2461E-03  4.3853E-01
  2.9259E-02 -3.4508E-01  1.2545E-03  4.4158E-01
  2.9463E-02 -3.4737E-01  1.2629E-03  4.4466E-01
  2.9669E-02 -3.4958E-01  1.2715E-03  4.4775E-01
  2.9877E-02 -3.5173E-01  1.2800E-03  4.5086E-01
  3.0085E-02 -3.5381E-01  1.2886E-03  4.5400E-01
  3.0296E-02 -3.5581E-01  1.2973E-03  4.5716E-01
  3.0507E-02 -3.5775E-01  1.3060E-03  4.6034E-01
  3.0720E-02 -3.5961E-01  1.3148E-03  4.6354E-01
  3.0935E-02 -3.6139E-01  1.3237E-03  4.6676E-01
  3.1151E-02 -3.6310E-01  1.3325E-03  4.7001E-01
  3.1369E-02 -3.6474E-01  1.3415E-03  4.7328E-01
  3.1588E-02 -3.6629E-01  1.3505E-03  4.7657E-01
  3.1809E-02 -3.6776E-01  1.3595E-03  4.7988E-01
  3.2031E-02 -3.6916E-01  1.3686E-03  4.8322E-01
  3.2255E-02 -3.7046E-01  1.3778E-03  4.8658E-01
  3.2480E-02 -3.7169E-01  1.3870E-03  4.8996E-01
  3.2707E-02 -3.7283E-01  1.3963E-03  4.9336E-01
  3.2935E-02 -3.7388E-01  1.4056E-03  4.9679E-01
  3.3165E-02 -3.7484E-01  1.4150E-03  5.0024E-01
  3.3397E-02 -3.7571E-01  1.4244E-03  5.0372E-01
  3.3630E-02 -3.7649E-01  1.4339E-03  5.0722E-01
  3.3865E-02 -3.7718E-01  1.4435E-03  5.1074E-01
  3.4102E-02 -3.7777E-01  1.4531E-03  5.1429E-01
  3.4340E-02 -3.7827E-01  1.4628E-03  5.1786E-01
  3.4580E-02 -3.7868E-01  1.4725E-03  5.2146E-01
  3.4821E-02 -3.7898E-01  1.4823E-03  5.2508E-01
  3.5065E-02 -3.7919E-01  1.4921E-03  5.2872E-01
  3.5310E-02 -3.7930E-01  1.5020E-03  5.3240E-01
  3.5556E-02 -3.7930E-01  1.5120E-03  5.3609E-01
  3.5804E-02 -3.7920E-01  1.5220E-03  5.3981E-01
  3.6055E-02 -3.7900E-01  1.5321E-03  5.4356E-01
  3.6306E-02 -3.7869E-01  1.5422E-03  5.4733E-01
  3.6560E-02 -3.7828E-01  1.5524E-03  5.5113E-01
  3.6815E-02 -3.7776E-01  1.5626E-03  5.5495E-01
  3.7072E-02 -3.7713E-01  1.5730E-03  5.5880E-01
  3.7331E-02 -3.7639E-01  1.5833E-03  5.6268E-01
  3.7592E-02 -3.7555E-01  1.5938E-03  5.6658E-01
  3.7855E-02 -3.7459E-01  1.6042E-03  5.7051E-01
  3.8119E-02 -3.7351E-01  1.6148E-03  5.7447E-01
  3.8385E-02 -3.7233E-01  1.6254E-03  5.7845E-01
  3.8653E-02 -3.7103E-01  1.6361E-03  5.8246E-01
  3.8923E-02 -3.6961E-01  1.6468E-03  5.8650E-01
  3.9195E-02 -3.6808E-01  1.6576E-03  5.9056E-01
  3.9469E-02 -3.6643E-01  1.6684E-03  5.9466E-01
  3.9744E-02 -3.6466E-01  1.6793E-03  5.9878E-01
  4.0022E-02 -3.6277E-01  1.6903E-03  6.0293E-01
  4.0301E-02 -3.6076E-01  1.7013E-03  6.0710E-01
  4.0583E-02 -3.5863E-01  1.7124E-03  6.1131E-01
  4.0866E-02 -3.5639E-01  1.7235E-03  6.1554E-01
  4.1151E-02 -3.5401E-01  1.7347E-03  6.1980E-01
  4.1439E-02 -3.5152E-01  1.7460E-03  6.2410E-01
  4.1728E-02 -3.4890E-01  1.7573E-03  6.2842E-01
  4.2019E-02 -3.4616E-01  1.7687E-03  6.3277E-01
  4.2313E-02 -3.4330E-01  1.7802E-03  6.3715E-01
  4.2608E-02 -3.4030E-01  1.7917E-03  6.4156E-01
  4.2906E-02 -3.3719E-01  1.8033E-03  6.4600E-01
  4.3205E-02 -3.3395E-01  1.8149E-03  6.5047E-01
  4.3507E-02 -3.3058E-01  1.8266E-03  6.5497E-01
  4.3811E-02 -3.2709E-01  1.8384E-03  6.5950E-01
  4.4116E-02 -3.2346E-01  1.8502E-03  6.6406E-01
  4.4424E-02 -3.1972E-01  1.8620E-03  6.6865E-01
  4.4735E-02 -3.1584E-01  1.8740E-03  6.7327E-01
  4.5047E-02 -3.1184E-01  1.8860E-03  6.7793E-01
  4.5361E-02 -3.0771E-01  1.8980E-03  6.8261E-01
  4.5678E-02 -3.0345E-01  1.9102E-03  6.8733E-01
  4.5997E-02 -2.9907E-01  1.9223E-03  6.9208E-01
  4.6318E-02 -2.9456E-01  1.9346E-03  6.9686E-01
  4.6641E-02 -2.8992E-01  1.9469E-03  7.0167E-01
  4.6967E-02 -2.8515E-01  1.9593E-03  7.0652E-01
  4.7295E-02 -2.8026E-01  1.9717E-03  7.1140E-01
  4.7625E-02 -2.7524E-01  1.9842E-03  7.1631E-01
  4.7958E-02 -2.7010E-01  1.9967E-03  7.2125E-01
  4.8292E-02 -2.6483E-01  2.0093E-03  7.2623E-01
  4.8629E-02 -2.5943E-01  2.0220E-03  7.3124E-01
  4.8969E-02 -2.5391E-01  2.0347E-03  7.3629E-01
  4.9311E-02 -2.4827E-01  2.0475E-03  7.4137E-01
  4.9655E-02 -2.4250E-01  2.0603E-03  7.4648E-01
  5.0002E-02 -2.3661E-01  2.0732E-03  7.5163E-01
  5.0351E-02 -2.3060E-01  2.0862E-03  7.5681E-01
  5.0702E-02 -2.2446E-01  2.0992E-03  7.6203E-01
  5.1056E-02 -2.1821E-01  2.1123E-03  7.6728E-01
  5.1412E-02 -2.1184E-01  2.1254E-03  7.7256E-01
  5.1771E-02 -2.0535E-01  2.1386E-03  7.7789E-01
  5.2132E-02 -1.9874E-01  2.1519E-03  7.8324E-01
  5.2496E-02 -1.9202E-01  2.1652E-03  7.8864E-01
  5.2863E-02 -1.8519E-01  2.1785E-03  7.9407E-01
  5.3232E-02 -1.7824E-01  2.1919E-03  7.9953E-01
  5.3603E-02 -1.7118E-01  2.2054E-03  8.0504E-01
  5.3977E-02 -1.6401E-01  2.2190E-03  8.1058E-01
  5.4354E-02 -1.5673E-01  2.2325E-03  8.1615E-01
  5.4733E-02 -1.4934E-01  2.2462E-03  8.2177E-01
  5.5115E-02 -1.4185E-01  2.2599E-03  8.2742E-01
  5.5500E-02 -1.3426E-01  2.2736E-03  8.3310E-01
  5.5887E-02 -1.2657E-01  2.2874E-03  8.3883E-01
  5.6278E-02 -1.1877E-01  2.3013E-03  8.4459E-01
  5.6670E-02 -1.1088E-01  2.3152E-03  8.5040E-01
  5.7066E-02 -1.0289E-01  2.3292E-03  8.5624E-01
  5.7464E-02 -9.4815E-02  2.3432E-03  8.6212E-01
  5.7865E-02 -8.6645E-02  2.3572E-03  8.6804E-01
  5.8269E-02 -7.8387E-02  2.3714E-03  8.7399E-01
  5.8676E-02 -7.0043E-02  2.3855E-03  8.7999E-01
  5.9085E-02 -6.1616E-02  2.3997E-03  8.8603E-01
  5.9497E-02 -5.3108E-02  2.4140E-03  8.9211E-01
  5.9913E-02 -4.4522E-02  2.4283E-03  8.9822E-01
  6.0331E-02 -3.5861E-02  2.4426E-03  9.0438E-01
  6.0752E-02 -2.7127E-02  2.4570E-03  9.1058E-01
  6.1176E-02 -1.8324E-02  2.4715E-03  9.1682E-01
  6.1603E-02 -9.4537E-03  2.4860E-03  9.2310E-01
  6.2032E-02 -5.2055E-04  2.5005E-03  9.2942E-01
  6.2465E-02  8.4729E-03  2.5151E-03  9.3578E-01
  6.2901E-02  1.7523E-02  2.5297E-03  9.4218E-01
  6.3340E-02  2.6627E-02  2.5443E-03  9.4863E-01
  6.3782E-02  3.5782E-02  2.5590E-03  9.5512E-01
  6.4227E-02  4.4983E-02  2.5738E-03  9.6165E-01
  6.4675E-02  5.4228E-02  2.5885E-03  9.6822E-01
  6.5127E-02  6.3512E-02  2.6033E-03  9.7484E-01
  6.5581E-02  7.2832E-02  2.6182E-03  9.8150E-01
  6.6039E-02  8.2184E-02  2.6331E-03  9.8820E-01
  6.6499E-02  9.1564E-02  2.6480E-03  9.9495E-01
  6.6963E-02  1.0097E-01  2.6629E-03  1.0017E+00
  6.7431E-02  1.1039E-01  2.6779E-03  1.0086E+00
  6.7901E-02  1.1983E-01  2.6929E-03  1.0155E+00
  6.8375E-02  1.2929E-01  2.7079E-03  1.0224E+00
  6.8852E-02  1.3875E-01  2.7229E-03  1.0293E+00
  6.9332E-02  1.4821E-01  2.7380E-03  1.0364E+00
  6.9816E-02  1.5767E-01  2.7531E-03  1.0434E+00
  7.0303E-02  1.6713E-01  2.7682E-03  1.0505E+00
  7.0794E-02  1.7658E-01  2.7834E-03  1.0577E+00
  7.1288E-02  1.8601E-01  2.7985E-03  1.0649E+00
  7.1785E-02  1.9543E-01  2.8137E-03  1.0721E+00
  7.2286E-02  2.0482E-01  2.8289E-03  1.0794E+00
  7.2790E-02  2.1418E-01  2.8441E-03  1.0867E+00
  7.3298E-02  2.2351E-01  2.8593E-03  1.0941E+00
  7.3810E-02  2.3280E-01  2.8745E-03  1.1016E+00
  7.4325E-02  2.4205E-01  2.8897E-03  1.1090E+00
  7.4843E-02  2.5124E-01  2.9050E-03  1.1166E+00
  7.5365E-02  2.6039E-01  2.9202E-03  1.1241E+00
  7.5891E-02  2.6948E-01  2.9355E-03  1.1318E+00
  7.6421E-02  2.7850E-01  2.9507E-03  1.1394E+00
  7.6954E-02  2.8746E-01  2.9659E-03  1.1471E+00
  7.7491E-02  2.9634E-01  2.9812E-03  1.1549E+00
  7.8031E-02  3.0514E-01  2.9964E-03  1.1627E+00
  7.8576E-02  3.1386E-01  3.0116E-03  1.1706E+00
  7.9124E-02  3.2248E-01  3.0268E-03  1.1785E+00
  7.9676E-02  3.3102E-01  3.0420E-03  1.1865E+00
  8.0232E-02  3.3945E-01  3.0571E-03  1.1945E+00
  8.0791E-02  3.4778E-01  3.0723E-03  1.2026E+00
  8.1355E-02  3.5599E-01  3.0874E-03  1.2107E+00
  8.1922E-02  3.6409E-01  3.1025E-03  1.2189E+00
  8.2494E-02  3.7206E-01  3.1175E-03  1.2271E+00
  8.3069E-02  3.7991E-01  3.1326E-03  1.2353E+00
  8.3649E-02  3.8763E-01  3.1476E-03  1.2437E+00
  8.4232E-02  3.9520E-01  3.1625E-03  1.2520E+00
  8.4820E-02  4.0263E-01  3.1774E-03  1.2605E+00
  8.5412E-02  4.0991E-01  3.1923E-03  1.2690E+00
  8.6008E-02  4.1704E-01  3.2071E-03  1.2775E+00
  8.6608E-02  4.2400E-01  3.2219E-03  1.2861E+00
  8.7212E-02  4.3080E-01  3.2366E-03  1.2947E+00
  8.7820E-02  4.3743E-01  3.2513E-03  1.3034E+00
  8.8433E-02  4.4388E-01  3.2659E-03  1.3121E+00
  8.9050E-02  4.5014E-01  3.2804E-03  1.3209E+00
  8.9671E-02  4.5622E-01  3.2948E-03  1.3298E+00
  9.0296E-02  4.6211E-01  3.3092E-03  1.3387E+00
  9.0926E-02  4.6779E-01  3.3235E-03  1.3477E+00
  9.1560E-02  4.7327E-01  3.3377E-03  1.3567E+00
  9.2199E-02  4.7854E-01  3.3519E-03  1.3657E+00
  9.2842E-02  4.8360E-01  3.3659E-03  1.3749E+00
  9.3490E-02  4.8844E-01  3.3799E-03  1.3840E+00
  9.4142E-02  4.9305E-01  3.3937E-03  1.3933E+00
  9.4799E-02  4.9743E-01  3.4074E-03  1.4026E+00
  9.5460E-02  5.0158E-01  3.4211E-03  1.4119E+00
  9.6126E-02  5.0549E-01  3.4346E-03  1.4213E+00
  9.6796E-02  5.0915E-01  3.4480E-03  1.4308E+00
  9.7471E-02  5.1256E-01  3.4612E-03  1.4403E+00
  9.8151E-02  5.1572E-01  3.4743E-03  1.4499E+00
  9.8836E-02  5.1862E-01  3.4873E-03  1.4595E+00
  9.9525E-02  5.2126E-01  3.5002E-03  1.4692E+00
  1.0022E-01  5.2362E-01  3.5129E-03  1.4789E+00
  1.0092E-01  5.2572E-01  3.5254E-03  1.4887E+00
  1.0162E-01  5.2754E-01  3.5378E-03  1.4986E+00
  1.0233E-01  5.2908E-01  3.5501E-03  1.5085E+00
  1.0304E-01  5.3034E-01  3.5621E-03  1.5184E+00
  1.0376E-01  5.3131E-01  3.5740E-03  1.5285E+00
  1.0449E-01  5.3198E-01  3.5856E-03  1.5386E+00
  1.0522E-01  5.3236E-01  3.5971E-03  1.5487E+00
  1.0595E-01  5.3245E-01  3.6084E-03  1.5589E+00
  1.0669E-01  5.3223E-01  3.6195E-03  1.5692E+00
  1.0743E-01  5.3171E-01  3.6304E-03  1.5795E+00
  1.0818E-01  5.3087E-01  3.6410E-03  1.5899E+00
  1.0894E-01  5.2973E-01  3.6514E-03  1.6003E+00
  1.0970E-01  5.2827E-01  3.6616E-03  1.6108E+00
  1.1046E-01  5.2650E-01  3.6716E-03  1.6214E+00
  1.1123E-01  5.2441E-01  3.6812E-03  1.6320E+00
  1.1201E-01  5.2200E-01  3.6907E-03  1.6427E+00
  1.1279E-01  5.1927E-01  3.6998E-03  1.6534E+00
  1.1358E-01  5.1621E-01  3.7087E-03  1.6642E+00
  1.1437E-01  5.1283E-01  3.7172E-03  1.6751E+00
  1.1517E-01  5.0912E-01  3.7255E-03  1.6860E+00
  1.1597E-01  5.0509E-01  3.7335E-03  1.6969E+00
  1.1678E-01  5.0072E-01  3.7412E-03  1.7080E+00
  1.1759E-01  4.9602E-01  3.7485E-03  1.7191E+00
  1.1841E-01  4.9100E-01  3.7555E-03  1.7302E+00
  1.1924E-01  4.8564E-01  3.7622E-03  1.7414E+00
  1.2007E-01  4.7995E-01  3.7685E-03  1.7527E+00
  1.2091E-01  4.7393E-01  3.7744E-03  1.7641E+00
  1.2175E-01  4.6758E-01  3.7800E-03  1.7755E+00
  1.2260E-01  4.6090E-01  3.7851E-03  1.7869E+00
  1.2345E-01  4.5389E-01  3.7899E-03  1.7984E+00
  1.2432E-01  4.4656E-01  3.7942E-03  1.8100E+00
  1.2518E-01  4.3889E-01  3.7982E-03  1.8217E+00
  1.2606E-01  4.3090E-01  3.8017E-03  1.8334E+00
  1.2693E-01  4.2259E-01  3.8047E-03  1.8451E+00
  1.2782E-01  4.1396E-01  3.8073E-03  1.8569E+00
  1.2871E-01  4.0501E-01  3.8094E-03  1.8688E+00
  1.2961E-01  3.9574E-01  3.8110E-03  1.8808E+00
  1.3051E-01  3.8615E-01  3.8121E-03  1.8928E+00
  1.3142E-01  3.7626E-01  3.8128E-03  1.9048E+00
  1.3234E-01  3.6606E-01  3.8128E-03  1.9170E+00
  1.3326E-01  3.5555E-01  3.8124E-03  1.9291E+00
  1.3419E-01  3.4475E-01  3.8114E-03  1.9414E+00
  1.3513E-01  3.3364E-01  3.8098E-03  1.9537E+00
  1.3607E-01  3.2225E-01  3.8076E-03  1.9661E+00
  1.3702E-01  3.1057E-01  3.8048E-03  1.9785E+00
  1.3797E-01  2.9861E-01  3.8014E-03  1.9910E+00
  1.3894E-01  2.8637E-01  3.7974E-03  2.0035E+00
  1.3990E-01  2.7386E-01  3.7927E-03  2.0161E+00
  1.4088E-01  2.6108E-01  3.7873E-03  2.0288E+00
  1.4186E-01  2.4805E-01  3.7813E-03  2.0415E+00
  1.4285E-01  2.3476E-01  3.7745E-03  2.0543E+00
  1.4385E-01  2.2122E-01  3.7670E-03  2.0671E+00
  1.4485E-01  2.0744E-01  3.7588E-03  2.0800E+00
  1.4586E-01  1.9343E-01  3.7498E-03  2.0930E+00
  1.4688E-01  1.7920E-01  3.7401E-03  2.1060E+00
  1.4790E-01  1.6474E-01  3.7295E-03  2.1190E+00
  1.4893E-01  1.5008E-01  3.7182E-03  2.1322E+00
  1.4997E-01  1.3521E-01  3.7059E-03  2.1454E+00
  1.5102E-01  1.2015E-01  3.6929E-03  2.1586E+00
  1.5207E-01  1.0491E-01  3.6789E-03  2.1719E+00
  1.5313E-01  8.9484E-02  3.6641E-03  2.1853E+00
  1.5420E-01  7.3894E-02  3.6483E-03  2.1987E+00
  1.5528E-01  5.8146E-02  3.6315E-03  2.2121E+00
  1.5636E-01  4.2250E-02  3.6138E-03  2.2257E+00
  1.5745E-01  2.6215E-02  3.5951E-03  2.2392E+00
  1.5855E-01  1.0051E-02  3.5754E-03  2.2529E+00
  1.5965E-01 -6.2311E-03  3.5546E-03  2.2665E+00
  1.6077E-01 -2.2621E-02  3.5328E-03  2.2803E+00
  1.6189E-01 -3.9108E-02  3.5099E-03  2.2941E+00
  1.6301E-01 -5.5681E-02  3.4858E-03  2.3079E+00
  1.6415E-01 -7.2329E-02  3.4606E-03  2.3218E+00
  1.6530E-01 -8.9041E-02  3.4343E-03  2.3357E+00
  1.6645E-01 -1.0581E-01  3.4067E-03  2.3497E+00
  1.6761E-01 -1.2261E-01  3.3779E-03  2.3638E+00
  1.6878E-01 -1.3944E-01  3.3478E-03  2.3779E+00
  1.6996E-01 -1.5629E-01  3.3165E-03  2.3920E+00
  1.7114E-01 -1.7315E-01  3.2838E-03  2.4062E+00
  1.7233E-01 -1.8999E-01  3.2498E-03  2.4204E+00
  1.7354E-01 -2.0682E-01  3.2144E-03  2.4347E+00
  1.7475E-01 -2.2361E-01  3.1776E-03  2.4491E+00
  1.7596E-01 -2.4036E-01  3.1393E-03  2.4634E+00
  1.7719E-01 -2.5705E-01  3.0996E-03  2.4778E+00
  1.7843E-01 -2.7367E-01  3.0584E-03  2.4923E+00
  1.7967E-01 -2.9020E-01  3.0156E-03  2.5068E+00
  1.8092E-01 -3.0663E-01  2.9712E-03  2.5214E+00
  1.8218E-01 -3.2296E-01  2.9252E-03  2.5359E+00
  1.8345E-01 -3.3915E-01  2.8776E-03  2.5506E+00
  1.8473E-01 -3.5522E-01  2.8283E-03  2.5652E+00
  1.8602E-01 -3.7112E-01  2.7772E-03  2.5799E+00
  1.8732E-01 -3.8687E-01  2.7244E-03  2.5947E+00
  1.8863E-01 -4.0244E-01  2.6698E-03  2.6094E+00
  1.8994E-01 -4.1781E-01  2.6133E-03  2.6243E+00
  1.9126E-01 -4.3298E-01  2.5550E-03  2.6391E+00
  1.9260E-01 -4.4793E-01  2.4947E-03  2.6540E+00
  1.9394E-01 -4.6265E-01  2.4325E-03  2.6689E+00
  1.9529E-01 -4.7712E-01  2.3682E-03  2.6838E+00
  1.9666E-01 -4.9133E-01  2.3019E-03  2.6988E+00
  1.9803E-01 -5.0527E-01  2.2335E-03  2.7138E+00
  1.9941E-01 -5.1892E-01  2.1629E-03  2.7288E+00
  2.0080E-01 -5.3228E-01  2.0902E-03  2.7438E+00
  2.0220E-01 -5.4532E-01  2.0152E-03  2.7589E+00
  2.0361E-01 -5.5803E-01  1.9379E-03  2.7739E+00
  2.0503E-01 -5.7041E-01  1.8583E-03  2.7890E+00
  2.0646E-01 -5.8244E-01  1.7764E-03  2.8042E+00
  2.0790E-01 -5.9410E-01  1.6919E-03  2.8193E+00
  2.0935E-01 -6.0538E-01  1.6050E-03  2.8344E+00
  2.1080E-01 -6.1628E-01  1.5156E-03  2.8496E+00
  2.1227E-01 -6.2678E-01  1.4235E-03  2.8648E+00
  2.1375E-01 -6.3686E-01  1.3289E-03  2.8799E+00
  2.1525E-01 -6.4652E-01  1.2315E-03  2.8951E+00
  2.1675E-01 -6.5574E-01  1.1313E-03  2.9103E+00
  2.1826E-01 -6.6451E-01  1.0284E-03  2.9255E+00
  2.1978E-01 -6.7283E-01  9.2252E-04  2.9407E+00
  2.2131E-01 -6.8067E-01  8.1376E-04  2.9559E+00
  2.2285E-01 -6.8804E-01  7.0200E-04  2.9711E+00
  2.2441E-01 -6.9491E-01  5.8718E-04  2.9863E+00
  2.2597E-01 -7.0129E-01  4.6925E-04  3.0015E+00
  2.2755E-01 -7.0715E-01  3.4814E-04  3.0166E+00
  2.2913E-01 -7.1250E-01  2.2378E-04  3.0318E+00
  2.3073E-01 -7.1731E-01  9.6115E-05  3.0470E+00
  2.3234E-01 -7.2159E-01 -3.4928E-05  3.0621E+00
  2.3396E-01 -7.2532E-01 -1.6942E-04  3.0772E+00
  2.3559E-01 -7.2850E-01 -3.0742E-04  3.0923E+00
  2.3723E-01 -7.3112E-01 -4.4900E-04  3.1073E+00
  2.3889E-01 -7.3317E-01 -5.9424E-04  3.1224E+00
  2.4055E-01 -7.3465E-01 -7.4321E-04  3.1374E+00
  2.4223E-01 -7.3555E-01 -8.9597E-04  3.1523E+00
  2.4392E-01 -7.3585E-01 -1.0526E-03  3.1673E+00
  2.4562E-01 -7.3557E-01 -1.2132E-03  3.1821E+00
  2.4733E-01 -7.3469E-01 -1.3778E-03  3.1970E+00
  2.4906E-01 -7.3321E-01 -1.5466E-03  3.2118E+00
  2.5079E-01 -7.3112E-01 -1.7195E-03  3.2266E+00
  2.5254E-01 -7.2842E-01 -1.8967E-03  3.2413E+00
  2.5430E-01 -7.2511E-01 -2.0782E-03  3.2559E+00
  2.5608E-01 -7.2118E-01 -2.2641E-03  3.2705E+00
  2.5786E-01 -7.1664E-01 -2.4546E-03  3.2850E+00
  2.5966E-01 -7.1147E-01 -2.6497E-03  3.2995E+00
  2.6147E-01 -7.0569E-01 -2.8495E-03  3.3138E+00
  2.6329E-01 -6.9929E-01 -3.0540E-03  3.3282E+00
  2.6513E-01 -6.9227E-01 -3.2634E-03  3.3424E+00
  2.6698E-01 -6.8463E-01 -3.4778E-03  3.3565E+00
  2.6884E-01 -6.7636E-01 -3.6973E-03  3.3706E+00
  2.7071E-01 -6.6749E-01 -3.9218E-03  3.3846E+00
  2.7260E-01 -6.5799E-01 -4.1516E-03  3.3985E+00
  2.7450E-01 -6.4789E-01 -4.3868E-03  3.4122E+00
  2.7641E-01 -6.3717E-01 -4.6274E-03  3.4259E+00
  2.7834E-01 -6.2586E-01 -4.8735E-03  3.4395E+00
  2.8028E-01 -6.1394E-01 -5.1253E-03  3.4529E+00
  2.8223E-01 -6.0142E-01 -5.3827E-03  3.4663E+00
  2.8420E-01 -5.8832E-01 -5.6461E-03  3.4795E+00
  2.8618E-01 -5.7463E-01 -5.9153E-03  3.4926E+00
  2.8818E-01 -5.6037E-01 -6.1907E-03  3.5055E+00
  2.9019E-01 -5.4553E-01 -6.4721E-03  3.5184E+00
  2.9221E-01 -5.3014E-01 -6.7599E-03  3.5310E+00
  2.9425E-01 -5.1419E-01 -7.0540E-03  3.5436E+00
  2.9630E-01 -4.9769E-01 -7.3546E-03  3.5559E+00
  2.9836E-01 -4.8067E-01 -7.6618E-03  3.5681E+00
  3.0044E-01 -4.6311E-01 -7.9757E-03  3.5802E+00
  3.0254E-01 -4.4505E-01 -8.2964E-03  3.5921E+00
  3.0465E-01 -4.2648E-01 -8.6241E-03  3.6038E+00
  3.0677E-01 -4.0742E-01 -8.9588E-03  3.6153E+00
  3.0891E-01 -3.8788E-01 -9.3008E-03  3.6266E+00
  3.1106E-01 -3.6787E-01 -9.6500E-03  3.6377E+00
  3.1323E-01 -3.4742E-01 -1.0007E-02  3.6487E+00
  3.1542E-01 -3.2652E-01 -1.0371E-02  3.6594E+00
  3.1762E-01 -3.0520E-01 -1.0743E-02  3.6699E+00
  3.1983E-01 -2.8348E-01 -1.1122E-02  3.6802E+00
  3.2206E-01 -2.6136E-01 -1.1510E-02  3.6902E+00
  3.2431E-01 -2.3886E-01 -1.1905E-02  3.7000E+00
  3.2657E-01 -2.1600E-01 -1.2309E-02  3.7096E+00
  3.2884E-01 -1.9280E-01 -1.2721E-02  3.7189E+00
  3.3113E-01 -1.6927E-01 -1.3142E-02  3.7280E+00
  3.3344E-01 -1.4543E-01 -1.3571E-02  3.7368E+00
  3.3577E-01 -1.2130E-01 -1.4009E-02  3.7453E+00
  3.3811E-01 -9.6894E-02 -1.4455E-02  3.7536E+00
  3.4047E-01 -7.2239E-02 -1.4911E-02  3.7615E+00
  3.4284E-01 -4.7349E-02 -1.5376E-02  3.7692E+00
  3.4523E-01 -2.2246E-02 -1.5850E-02  3.7765E+00
  3.4764E-01  3.0501E-03 -1.6333E-02  3.7836E+00
  3.5006E-01  2.8520E-02 -1.6826E-02  3.7903E+00
  3.5250E-01  5.4142E-02 -1.7328E-02  3.7966E+00
  3.5496E-01  7.9895E-02 -1.7841E-02  3.8027E+00
  3.5743E-01  1.0576E-01 -1.8363E-02  3.8084E+00
  3.5992E-01  1.3171E-01 -1.8895E-02  3.8137E+00
  3.6243E-01  1.5772E-01 -1.9438E-02  3.8187E+00
  3.6496E-01  1.8378E-01 -1.9991E-02  3.8232E+00
  3.6750E-01  2.0986E-01 -2.0554E-02  3.8274E+00
  3.7007E-01  2.3594E-01 -2.1128E-02  3.8312E+00
  3.7265E-01  2.6199E-01 -2.1713E-02  3.8346E+00
  3.7524E-01  2.8800E-01 -2.2308E-02  3.8376E+00
  3.7786E-01  3.1393E-01 -2.2915E-02  3.8401E+00
  3.8049E-01  3.3977E-01 -2.3533E-02  3.8422E+00
  3.8315E-01  3.6549E-01 -2.4163E-02  3.8439E+00
  3.8582E-01  3.9107E-01 -2.4803E-02  3.8451E+00
  3.8851E-01  4.1648E-01 -2.5456E-02  3.8458E+00
  3.9121E-01  4.4171E-01 -2.6120E-02  3.8461E+00
  3.9394E-01  4.6672E-01 -2.6796E-02  3.8458E+00
  3.9669E-01  4.9149E-01 -2.7484E-02  3.8451E+00
  3.9945E-01  5.1601E-01 -2.8184E-02  3.8438E+00
  4.0224E-01  5.4024E-01 -2.8897E-02  3.8420E+00
  4.0504E-01  5.6416E-01 -2.9622E-02  3.8397E+00
  4.0787E-01  5.8775E-01 -3.0360E-02  3.8368E+00
  4.1071E-01  6.1098E-01 -3.1110E-02  3.8334E+00
  4.1357E-01  6.3384E-01 -3.1873E-02  3.8294E+00
  4.1645E-01  6.5629E-01 -3.2650E-02  3.8248E+00
  4.1936E-01  6.7832E-01 -3.3439E-02  3.8196E+00
  4.2228E-01  6.9991E-01 -3.4241E-02  3.8138E+00
  4.2522E-01  7.2102E-01 -3.5057E-02  3.8073E+00
  4.2819E-01  7.4164E-01 -3.5886E-02  3.8003E+00
  4.3117E-01  7.6175E-01 -3.6729E-02  3.7925E+00
  4.3418E-01  7.8132E-01 -3.7586E-02  3.7842E+00
  4.3721E-01  8.0033E-01 -3.8456E-02  3.7751E+00
  4.4025E-01  8.1876E-01 -3.9340E-02  3.7654E+00
  4.4332E-01  8.3660E-01 -4.0238E-02  3.7549E+00
  4.4641E-01  8.5381E-01 -4.1151E-02  3.7438E+00
  4.4953E-01  8.7038E-01 -4.2077E-02  3.7319E+00
  4.5266E-01  8.8630E-01 -4.3018E-02  3.7193E+00
  4.5581E-01  9.0153E-01 -4.3973E-02  3.7059E+00
  4.5899E-01  9.1607E-01 -4.4942E-02  3.6917E+00
  4.6219E-01  9.2989E-01 -4.5926E-02  3.6768E+00
  4.6541E-01  9.4298E-01 -4.6924E-02  3.6611E+00
  4.6866E-01  9.5532E-01 -4.7937E-02  3.6445E+00
  4.7192E-01  9.6689E-01 -4.8965E-02  3.6272E+00
  4.7521E-01  9.7768E-01 -5.0008E-02  3.6090E+00
  4.7853E-01  9.8767E-01 -5.1065E-02  3.5899E+00
  4.8186E-01  9.9685E-01 -5.2136E-02  3.5700E+00
  4.8522E-01  1.0052E+00 -5.3223E-02  3.5492E+00
  4.8860E-01  1.0127E+00 -5.4325E-02  3.5275E+00
  4.9201E-01  1.0194E+00 -5.5441E-02  3.5049E+00
  4.9544E-01  1.0252E+00 -5.6572E-02  3.4814E+00
  4.9889E-01  1.0301E+00 -5.7717E-02  3.4570E+00
  5.0237E-01  1.0341E+00 -5.8878E-02  3.4316E+00
  5.0587E-01  1.0372E+00 -6.0053E-02  3.4052E+00
  5.0940E-01  1.0394E+00 -6.1243E-02  3.3779E+00
  5.1295E-01  1.0407E+00 -6.2447E-02  3.3496E+00
  5.1653E-01  1.0411E+00 -6.3666E-02  3.3203E+00
  5.2013E-01  1.0405E+00 -6.4899E-02  3.2899E+00
  5.2375E-01  1.0390E+00 -6.6147E-02  3.2586E+00
  5.2740E-01  1.0366E+00 -6.7408E-02  3.2262E+00
  5.3108E-01  1.0332E+00 -6.8684E-02  3.1928E+00
  5.3478E-01  1.0289E+00 -6.9974E-02  3.1582E+00
  5.3851E-01  1.0236E+00 -7.1277E-02  3.1227E+00
  5.4226E-01  1.0173E+00 -7.2594E-02  3.0860E+00
  5.4604E-01  1.0101E+00 -7.3924E-02  3.0482E+00
  5.4985E-01  1.0020E+00 -7.5267E-02  3.0093E+00
  5.5368E-01  9.9283E-01 -7.6623E-02  2.9693E+00
  5.5754E-01  9.8274E-01 -7.7991E-02  2.9282E+00
  5.6143E-01  9.7170E-01 -7.9372E-02  2.8860E+00
  5.6534E-01  9.5971E-01 -8.0765E-02  2.8425E+00
  5.6928E-01  9.4676E-01 -8.2170E-02  2.7980E+00
  5.7325E-01  9.3287E-01 -8.3585E-02  2.7522E+00
  5.7725E-01  9.1805E-01 -8.5012E-02  2.7053E+00
  5.8127E-01  9.0229E-01 -8.6449E-02  2.6572E+00
  5.8532E-01  8.8561E-01 -8.7897E-02  2.6079E+00
  5.8940E-01  8.6801E-01 -8.9354E-02  2.5574E+00
  5.9351E-01  8.4950E-01 -9.0820E-02  2.5057E+00
  5.9765E-01  8.3010E-01 -9.2294E-02  2.4528E+00
  6.0181E-01  8.0981E-01 -9.3777E-02  2.3987E+00
  6.0601E-01  7.8865E-01 -9.5267E-02  2.3434E+00
  6.1023E-01  7.6663E-01 -9.6765E-02  2.2868E+00
  6.1449E-01  7.4376E-01 -9.8268E-02  2.2290E+00
  6.1877E-01  7.2006E-01 -9.9777E-02  2.1701E+00
  6.2308E-01  6.9554E-01 -1.0129E-01  2.1099E+00
  6.2743E-01  6.7022E-01 -1.0281E-01  2.0484E+00
  6.3180E-01  6.4411E-01 -1.0433E-01  1.9858E+00
  6.3621E-01  6.1724E-01 -1.0585E-01  1.9219E+00
  6.4064E-01  5.8963E-01 -1.0738E-01  1.8568E+00
  6.4511E-01  5.6129E-01 -1.0890E-01  1.7906E+00
  6.4960E-01  5.3224E-01 -1.1043E-01  1.7231E+00
  6.5413E-01  5.0251E-01 -1.1195E-01  1.6544E+00
  6.5869E-01  4.7211E-01 -1.1347E-01  1.5845E+00
  6.6328E-01  4.4108E-01 -1.1499E-01  1.5135E+00
  6.6791E-01  4.0942E-01 -1.1651E-01  1.4413E+00
  6.7256E-01  3.7718E-01 -1.1801E-01  1.3680E+00
  6.7725E-01  3.4437E-01 -1.1951E-01  1.2935E+00
  6.8197E-01  3.1102E-01 -1.2101E-01  1.2179E+00
  6.8672E-01  2.7715E-01 -1.2249E-01  1.1412E+00
  6.9151E-01  2.4280E-01 -1.2396E-01  1.0634E+00
  6.9633E-01  2.0798E-01 -1.2542E-01  9.8451E-01
  7.0118E-01  1.7274E-01 -1.2686E-01  9.0461E-01
  7.0607E-01  1.3709E-01 -1.2829E-01  8.2370E-01
  7.1099E-01  1.0106E-01 -1.2970E-01  7.4179E-01
  7.1595E-01  6.4698E-02 -1.3109E-01  6.5892E-01
  7.2094E-01  2.8018E-02 -1.3246E-01  5.7511E-01
  7.2597E-01 -8.9443E-03 -1.3380E-01  4.9040E-01
  7.3103E-01 -4.6158E-02 -1.3513E-01  4.0482E-01
  7.3612E-01 -8.3590E-02 -1.3642E-01  3.1841E-01
  7.4125E-01 -1.2121E-01 -1.3768E-01  2.3120E-01
  7.4642E-01 -1.5898E-01 -1.3892E-01  1.4323E-01
  7.5162E-01 -1.9688E-01 -1.4012E-01  5.4557E-02
  7.5686E-01 -2.3486E-01 -1.4128E-01 -3.4789E-02
  7.6214E-01 -2.7290E-01 -1.4241E-01 -1.2476E-01
  7.6745E-01 -3.1096E-01 -1.4349E-01 -2.1530E-01
  7.7280E-01 -3.4901E-01 -1.4453E-01 -3.0636E-01
  7.7819E-01 -3.8701E-01 -1.4553E-01 -3.9789E-01
  7.8361E-01 -4.2493E-01 -1.4647E-01 -4.8984E-01
  7.8907E-01 -4.6274E-01 -1.4737E-01 -5.8213E-01
  7.9457E-01 -5.0039E-01 -1.4820E-01 -6.7472E-01
  8.0011E-01 -5.3786E-01 -1.4899E-01 -7.6753E-01
  8.0569E-01 -5.7511E-01 -1.4970E-01 -8.6050E-01
  8.1130E-01 -6.1210E-01 -1.5036E-01 -9.5357E-01
  8.1696E-01 -6.4880E-01 -1.5095E-01 -1.0467E+00
  8.2265E-01 -6.8519E-01 -1.5146E-01 -1.1397E+00
  8.2839E-01 -7.2121E-01 -1.5190E-01 -1.2326E+00
  8.3416E-01 -7.5684E-01 -1.5227E-01 -1.3253E+00
  8.3998E-01 -7.9204E-01 -1.5255E-01 -1.4177E+00
  8.4583E-01 -8.2678E-01 -1.5274E-01 -1.5097E+00
  8.5173E-01 -8.6103E-01 -1.5284E-01 -1.6013E+00
  8.5766E-01 -8.9475E-01 -1.5285E-01 -1.6923E+00
  8.6364E-01 -9.2791E-01 -1.5276E-01 -1.7826E+00
  8.6966E-01 -9.6047E-01 -1.5257E-01 -1.8723E+00
  8.7572E-01 -9.9240E-01 -1.5227E-01 -1.9610E+00
  8.8183E-01 -1.0237E+00 -1.5185E-01 -2.0489E+00
  8.8798E-01 -1.0542E+00 -1.5132E-01 -2.1357E+00
  8.9416E-01 -1.0841E+00 -1.5067E-01 -2.2214E+00
  9.0040E-01 -1.1132E+00 -1.4989E-01 -2.3058E+00
  9.0667E-01 -1.1415E+00 -1.4898E-01 -2.3888E+00
  9.1299E-01 -1.1690E+00 -1.4793E-01 -2.4704E+00
  9.1936E-01 -1.1957E+00 -1.4674E-01 -2.5504E+00
  9.2577E-01 -1.2214E+00 -1.4540E-01 -2.6288E+00
  9.3222E-01 -1.2463E+00 -1.4390E-01 -2.7053E+00
  9.3872E-01 -1.2702E+00 -1.4225E-01 -2.7799E+00
  9.4526E-01 -1.2932E+00 -1.4043E-01 -2.8524E+00
  9.5185E-01 -1.3152E+00 -1.3844E-01 -2.9228E+00
  9.5848E-01 -1.3362E+00 -1.3627E-01 -2.9909E+00
  9.6516E-01 -1.3561E+00 -1.3392E-01 -3.0566E+00
  9.7189E-01 -1.3750E+00 -1.3138E-01 -3.1197E+00
  9.7867E-01 -1.3928E+00 -1.2864E-01 -3.1802E+00
  9.8549E-01 -1.4095E+00 -1.2570E-01 -3.2380E+00
  9.9236E-01 -1.4250E+00 -1.2255E-01 -3.2928E+00
  9.9927E-01 -1.4394E+00 -1.1918E-01 -3.3446E+00
  1.0062E+00 -1.4526E+00 -1.1559E-01 -3.3933E+00
  1.0133E+00 -1.4646E+00 -1.1176E-01 -3.4387E+00
  1.0203E+00 -1.4755E+00 -1.0770E-01 -3.4808E+00
  1.0274E+00 -1.4850E+00 -1.0339E-01 -3.5193E+00
  1.0346E+00 -1.4934E+00 -9.8827E-02 -3.5542E+00
  1.0418E+00 -1.5004E+00 -9.4003E-02 -3.5854E+00
  1.0491E+00 -1.5062E+00 -8.8912E-02 -3.6128E+00
  1.0564E+00 -1.5107E+00 -8.3544E-02 -3.6362E+00
  1.0637E+00 -1.5139E+00 -7.7892E-02 -3.6555E+00
  1.0712E+00 -1.5158E+00 -7.1948E-02 -3.6707E+00
  1.0786E+00 -1.5163E+00 -6.5704E-02 -3.6816E+00
  1.0861E+00 -1.5155E+00 -5.9151E-02 -3.6881E+00
  1.0937E+00 -1.5133E+00 -5.2283E-02 -3.6903E+00
  1.1013E+00 -1.5098E+00 -4.5090E-02 -3.6878E+00
  1.1090E+00 -1.5049E+00 -3.7564E-02 -3.6808E+00
  1.1167E+00 -1.4987E+00 -2.9698E-02 -3.6691E+00
  1.1245E+00 -1.4911E+00 -2.1482E-02 -3.6526E+00
  1.1324E+00 -1.4820E+00 -1.2908E-02 -3.6313E+00
  1.1403E+00 -1.4717E+00 -3.9686E-03 -3.6051E+00
  1.1482E+00 -1.4599E+00  5.3453E-03 -3.5740E+00
  1.1562E+00 -1.4467E+00  1.5042E-02 -3.5380E+00
  1.1643E+00 -1.4322E+00  2.5130E-02 -3.4970E+00
  1.1724E+00 -1.4162E+00  3.5617E-02 -3.4509E+00
  1.1805E+00 -1.3989E+00  4.6511E-02 -3.3999E+00
  1.1888E+00 -1.3802E+00  5.7821E-02 -3.3439E+00
  1.1971E+00 -1.3602E+00  6.9555E-02 -3.2828E+00
  1.2054E+00 -1.3388E+00  8.1721E-02 -3.2167E+00
  1.2138E+00 -1.3160E+00  9.4326E-02 -3.1457E+00
  1.2223E+00 -1.2919E+00  1.0738E-01 -3.0698E+00
  1.2308E+00 -1.2664E+00  1.2089E-01 -2.9890E+00
  1.2394E+00 -1.2396E+00  1.3485E-01 -2.9034E+00
  1.2480E+00 -1.2116E+00  1.4929E-01 -2.8132E+00
  1.2567E+00 -1.1822E+00  1.6421E-01 -2.7182E+00
  1.2655E+00 -1.1515E+00  1.7961E-01 -2.6188E+00
  1.2743E+00 -1.1196E+00  1.9549E-01 -2.5150E+00
  1.2832E+00 -1.0864E+00  2.1188E-01 -2.4069E+00
  1.2921E+00 -1.0520E+00  2.2876E-01 -2.2946E+00
  1.3011E+00 -1.0163E+00  2.4616E-01 -2.1784E+00
  1.3102E+00 -9.7953E-01  2.6406E-01 -2.0585E+00
  1.3193E+00 -9.4155E-01  2.8248E-01 -1.9349E+00
  1.3285E+00 -9.0243E-01  3.0142E-01 -1.8079E+00
  1.3378E+00 -8.6219E-01  3.2089E-01 -1.6778E+00
  1.3471E+00 -8.2087E-01  3.4089E-01 -1.5447E+00
  1.3565E+00 -7.7848E-01  3.6141E-01 -1.4089E+00
  1.3659E+00 -7.3506E-01  3.8247E-01 -1.2707E+00
  1.3755E+00 -6.9063E-01  4.0407E-01 -1.1303E+00
  1.3851E+00 -6.4523E-01  4.2620E-01 -9.8802E-01
  1.3947E+00 -5.9889E-01  4.4886E-01 -8.4418E-01
  1.4044E+00 -5.5165E-01  4.7207E-01 -6.9907E-01
  1.4142E+00 -5.0353E-01  4.9580E-01 -5.5303E-01
  1.4241E+00 -4.5458E-01  5.2007E-01 -4.0639E-01
  1.4340E+00 -4.0483E-01  5.4487E-01 -2.5951E-01
  1.4440E+00 -3.5432E-01  5.7019E-01 -1.1274E-01
  1.4541E+00 -3.0309E-01  5.9604E-01  3.3539E-02
  1.4642E+00 -2.5119E-01  6.2240E-01  1.7896E-01
  1.4744E+00 -1.9864E-01  6.4927E-01  3.2312E-01
  1.4847E+00 -1.4551E-01  6.7665E-01  4.6563E-01
  1.4950E+00 -9.1819E-02  7.0451E-01  6.0609E-01
  1.5054E+00 -3.7629E-02  7.3286E-01  7.4409E-01
  1.5159E+00  1.7019E-02  7.6167E-01  8.7921E-01
  1.5265E+00  7.2077E-02  7.9095E-01  1.0111E+00
  1.5371E+00  1.2750E-01  8.2067E-01  1.1392E+00
  1.5479E+00  1.8323E-01  8.5082E-01  1.2632E+00
  1.5586E+00  2.3922E-01  8.8139E-01  1.3827E+00
  1.5695E+00  2.9542E-01  9.1235E-01  1.4973E+00
  1.5805E+00  3.5178E-01  9.4368E-01  1.6065E+00
  1.5915E+00  4.0824E-01  9.7537E-01  1.7099E+00
  1.6026E+00  4.6474E-01  1.0074E+00  1.8072E+00
  1.6137E+00  5.2125E-01  1.0397E+00  1.8980E+00
  1.6250E+00  5.7768E-01  1.0723E+00  1.9819E+00
  1.6363E+00  6.3400E-01  1.1052E+00  2.0586E+00
  1.6477E+00  6.9014E-01  1.1383E+00  2.1277E+00
  1.6592E+00  7.4604E-01  1.1716E+00  2.1888E+00
  1.6708E+00  8.0164E-01  1.2050E+00  2.2418E+00
  1.6824E+00  8.5688E-01  1.2386E+00  2.2863E+00
  1.6941E+00  9.1171E-01  1.2722E+00  2.3221E+00
  1.7059E+00  9.6605E-01  1.3059E+00  2.3490E+00
  1.7178E+00  1.0199E+00  1.3396E+00  2.3667E+00
  1.7298E+00  1.0730E+00  1.3733E+00  2.3751E+00
  1.7419E+00  1.1256E+00  1.4068E+00  2.3741E+00
  1.7540E+00  1.1774E+00  1.4403E+00  2.3637E+00
  1.7662E+00  1.2283E+00  1.4736E+00  2.3437E+00
  1.7785E+00  1.2785E+00  1.5066E+00  2.3141E+00
  1.7909E+00  1.3277E+00  1.5393E+00  2.2751E+00
  1.8034E+00  1.3758E+00  1.5717E+00  2.2267E+00
  1.8160E+00  1.4230E+00  1.6038E+00  2.1690E+00
  1.8286E+00  1.4690E+00  1.6353E+00  2.1023E+00
  1.8414E+00  1.5138E+00  1.6663E+00  2.0268E+00
  1.8542E+00  1.5573E+00  1.6968E+00  1.9429E+00
  1.8671E+00  1.5995E+00  1.7265E+00  1.8508E+00
  1.8802E+00  1.6403E+00  1.7556E+00  1.7512E+00
  1.8933E+00  1.6796E+00  1.7838E+00  1.6443E+00
  1.9065E+00  1.7174E+00  1.8112E+00  1.5309E+00
  1.9198E+00  1.7536E+00  1.8377E+00  1.4116E+00
  1.9331E+00  1.7882E+00  1.8631E+00  1.2871E+00
  1.9466E+00  1.8209E+00  1.8874E+00  1.1581E+00
  1.9602E+00  1.8519E+00  1.9106E+00  1.0256E+00
  1.9738E+00  1.8810E+00  1.9324E+00  8.9044E-01
  1.9876E+00  1.9082E+00  1.9530E+00  7.5364E-01
  2.0014E+00  1.9333E+00  1.9721E+00  6.1628E-01
  2.0154E+00  1.9564E+00  1.9897E+00  4.7951E-01
  2.0294E+00  1.9773E+00  2.0056E+00  3.4455E-01
  2.0436E+00  1.9960E+00  2.0199E+00  2.1267E-01
  2.0578E+00  2.0125E+00  2.0324E+00  8.5215E-02
  2.0722E+00  2.0266E+00  2.0431E+00 -3.6405E-02
  2.0866E+00  2.0383E+00  2.0517E+00 -1.5074E-01
  2.1012E+00  2.0476E+00  2.0584E+00 -2.5629E-01
  2.1158E+00  2.0544E+00  2.0628E+00 -3.5153E-01
  2.1306E+00  2.0585E+00  2.0651E+00 -4.3490E-01
  2.1454E+00  2.0600E+00  2.0650E+00 -5.0485E-01
  2.1604E+00  2.0589E+00  2.0625E+00 -5.5982E-01
  2.1754E+00  2.0549E+00  2.0575E+00 -5.9828E-01
  2.1906E+00  2.0482E+00  2.0500E+00 -6.1875E-01
  2.2059E+00  2.0385E+00  2.0397E+00 -6.1984E-01
  2.2212E+00  2.0260E+00  2.0267E+00 -6.0025E-01
  2.2367E+00  2.0105E+00  2.0109E+00 -5.5884E-01
  2.2523E+00  1.9920E+00  1.9922E+00 -4.9463E-01
  2.2680E+00  1.9703E+00  1.9704E+00 -4.0690E-01
  2.2838E+00  1.9456E+00  1.9456E+00 -2.9520E-01
  2.2997E+00  1.9177E+00  1.9177E+00 -1.5944E-01
  2.3158E+00  1.8866E+00  1.8866E+00  0.0000E+00
  2.3319E+00  1.8523E+00  1.8523E+00  0.0000E+00
  2.3481E+00  1.8146E+00  1.8146E+00  0.0000E+00
  2.3645E+00  1.7737E+00  1.7737E+00  0.0000E+00
  2.3810E+00  1.7294E+00  1.7294E+00  0.0000E+00
  2.3976E+00  1.6817E+00  1.6817E+00  0.0000E+00
  2.4143E+00  1.6306E+00  1.6306E+00  0.0000E+00
  2.4311E+00  1.5760E+00  1.5760E+00  0.0000E+00
  2.4481E+00  1.5180E+00  1.5180E+00  0.0000E+00
  2.4651E+00  1.4565E+00  1.4565E+00  0.0000E+00
  2.4823E+00  1.3914E+00  1.3914E+00  0.0000E+00
  2.4996E+00  1.3229E+00  1.3229E+00  0.0000E+00
  2.5170E+00  1.2508E+00  1.2508E+00  0.0000E+00
  2.5346E+00  1.1752E+00  1.1752E+00  0.0000E+00
  2.5523E+00  1.0961E+00  1.0961E+00  0.0000E+00
  2.5700E+00  1.0133E+00  1.0133E+00  0.0000E+00
  2.5880E+00  9.2710E-01  9.2710E-01  0.0000E+00
  2.6060E+00  8.3731E-01  8.3731E-01  0.0000E+00
  2.6242E+00  7.4399E-01  7.4399E-01  0.0000E+00
  2.6424E+00  6.4716E-01  6.4716E-01  0.0000E+00
  2.6609E+00  5.4684E-01  5.4684E-01  0.0000E+00
  2.6794E+00  4.4304E-01  4.4304E-01  0.0000E+00
  2.6981E+00  3.3580E-01  3.3580E-01  0.0000E+00
  2.7169E+00  2.2514E-01  2.2514E-01  0.0000E+00
  2.7358E+00  1.1110E-01  1.1110E-01  0.0000E+00
  2.7549E+00 -6.2731E-03 -6.2731E-03  0.0000E+00
  2.7741E+00 -1.2694E-01 -1.2694E-01  0.0000E+00
  2.7934E+00 -2.5085E-01 -2.5085E-01  0.0000E+00
  2.8129E+00 -3.7794E-01 -3.7794E-01  0.0000E+00
  2.8325E+00 -5.0817E-01 -5.0817E-01  0.0000E+00
  2.8523E+00 -6.4145E-01 -6.4145E-01  0.0000E+00
  2.8721E+00 -7.7772E-01 -7.7772E-01  0.0000E+00
  2.8922E+00 -9.1690E-01 -9.1690E-01  0.0000E+00
  2.9123E+00 -1.0589E+00 -1.0589E+00  0.0000E+00
  2.9326E+00 -1.2037E+00 -1.2037E+00  0.0000E+00
  2.9530E+00 -1.3511E+00 -1.3511E+00  0.0000E+00
  2.9736E+00 -1.5010E+00 -1.5010E+00  0.0000E+00
  2.9944E+00 -1.6534E+00 -1.6534E+00  0.0000E+00
  3.0152E+00 -1.8081E+00 -1.8081E+00  0.0000E+00
  3.0362E+00 -1.9650E+00 -1.9650E+00  0.0000E+00
  3.0574E+00 -2.1240E+00 -2.1240E+00  0.0000E+00
  3.0787E+00 -2.2850E+00 -2.2850E+00  0.0000E+00
  3.1002E+00 -2.4478E+00 -2.4478E+00  0.0000E+00
  3.1218E+00 -2.6123E+00 -2.6123E+00  0.0000E+00
  3.1435E+00 -2.7783E+00 -2.7783E+00  0.0000E+00
  3.1655E+00 -2.9456E+00 -2.9456E+00  0.0000E+00
  3.1875E+00 -3.1142E+00 -3.1142E+00  0.0000E+00
  3.2097E+00 -3.2838E+00 -3.2838E+00  0.0000E+00
  3.2321E+00 -3.4543E+00 -3.4543E+00  0.0000E+00
  3.2546E+00 -3.6255E+00 -3.6255E+00  0.0000E+00
  3.2773E+00 -3.7971E+00 -3.7971E+00  0.0000E+00
