 # l=           1 basis function with energy     4.00000000000000     
  0.0000E+00  0.0000E+00  0.0000E+00  0.0000E+00
  5.2053E-07 -1.1767E-08 -9.9850E-14 -1.5781E-12
  1.0447E-06 -3.5710E-08 -4.0219E-13 -6.3531E-12
  1.5725E-06 -6.8520E-08 -9.1125E-13 -1.4396E-11
  2.1040E-06 -1.0898E-07 -1.6313E-12 -2.5774E-11
  2.6392E-06 -1.5639E-07 -2.5668E-12 -4.0553E-11
  3.1781E-06 -2.1029E-07 -3.7222E-12 -5.8806E-11
  3.7208E-06 -2.7035E-07 -5.1018E-12 -8.0604E-11
  4.2673E-06 -3.3633E-07 -6.7105E-12 -1.0602E-10
  4.8175E-06 -4.0805E-07 -8.5527E-12 -1.3512E-10
  5.3716E-06 -4.8535E-07 -1.0633E-11 -1.6799E-10
  5.9296E-06 -5.6814E-07 -1.2957E-11 -2.0471E-10
  6.4915E-06 -6.5632E-07 -1.5529E-11 -2.4534E-10
  7.0572E-06 -7.4981E-07 -1.8354E-11 -2.8997E-10
  7.6270E-06 -8.4856E-07 -2.1437E-11 -3.3868E-10
  8.2007E-06 -9.5253E-07 -2.4783E-11 -3.9154E-10
  8.7783E-06 -1.0617E-06 -2.8397E-11 -4.4865E-10
  9.3601E-06 -1.1760E-06 -3.2286E-11 -5.1008E-10
  9.9458E-06 -1.2954E-06 -3.6453E-11 -5.7592E-10
  1.0536E-05 -1.4200E-06 -4.0905E-11 -6.4626E-10
  1.1130E-05 -1.5497E-06 -4.5648E-11 -7.2118E-10
  1.1728E-05 -1.6845E-06 -5.0685E-11 -8.0078E-10
  1.2330E-05 -1.8245E-06 -5.6025E-11 -8.8514E-10
  1.2936E-05 -1.9696E-06 -6.1672E-11 -9.7435E-10
  1.3547E-05 -2.1198E-06 -6.7632E-11 -1.0685E-09
  1.4162E-05 -2.2752E-06 -7.3911E-11 -1.1677E-09
  1.4781E-05 -2.4358E-06 -8.0516E-11 -1.2721E-09
  1.5405E-05 -2.6017E-06 -8.7453E-11 -1.3817E-09
  1.6033E-05 -2.7727E-06 -9.4727E-11 -1.4966E-09
  1.6665E-05 -2.9490E-06 -1.0235E-10 -1.6170E-09
  1.7302E-05 -3.1306E-06 -1.1032E-10 -1.7429E-09
  1.7943E-05 -3.3175E-06 -1.1864E-10 -1.8744E-09
  1.8588E-05 -3.5098E-06 -1.2733E-10 -2.0117E-09
  1.9239E-05 -3.7074E-06 -1.3640E-10 -2.1549E-09
  1.9893E-05 -3.9105E-06 -1.4584E-10 -2.3041E-09
  2.0552E-05 -4.1190E-06 -1.5566E-10 -2.4593E-09
  2.1216E-05 -4.3331E-06 -1.6588E-10 -2.6207E-09
  2.1885E-05 -4.5527E-06 -1.7649E-10 -2.7884E-09
  2.2558E-05 -4.7779E-06 -1.8752E-10 -2.9626E-09
  2.3235E-05 -5.0087E-06 -1.9895E-10 -3.1433E-09
  2.3918E-05 -5.2453E-06 -2.1081E-10 -3.3306E-09
  2.4605E-05 -5.4875E-06 -2.2310E-10 -3.5248E-09
  2.5297E-05 -5.7355E-06 -2.3583E-10 -3.7259E-09
  2.5994E-05 -5.9894E-06 -2.4900E-10 -3.9339E-09
  2.6696E-05 -6.2492E-06 -2.6263E-10 -4.1492E-09
  2.7402E-05 -6.5149E-06 -2.7671E-10 -4.3718E-09
  2.8114E-05 -6.7866E-06 -2.9127E-10 -4.6017E-09
  2.8830E-05 -7.0644E-06 -3.0630E-10 -4.8393E-09
  2.9552E-05 -7.3482E-06 -3.2183E-10 -5.0845E-09
  3.0278E-05 -7.6383E-06 -3.3784E-10 -5.3376E-09
  3.1010E-05 -7.9345E-06 -3.5437E-10 -5.5986E-09
  3.1746E-05 -8.2371E-06 -3.7140E-10 -5.8678E-09
  3.2488E-05 -8.5460E-06 -3.8896E-10 -6.1452E-09
  3.3235E-05 -8.8613E-06 -4.0705E-10 -6.4310E-09
  3.3987E-05 -9.1831E-06 -4.2569E-10 -6.7254E-09
  3.4745E-05 -9.5115E-06 -4.4487E-10 -7.0285E-09
  3.5508E-05 -9.8465E-06 -4.6462E-10 -7.3405E-09
  3.6276E-05 -1.0188E-05 -4.8493E-10 -7.6614E-09
  3.7049E-05 -1.0537E-05 -5.0583E-10 -7.9916E-09
  3.7828E-05 -1.0892E-05 -5.2732E-10 -8.3311E-09
  3.8612E-05 -1.1254E-05 -5.4941E-10 -8.6801E-09
  3.9401E-05 -1.1623E-05 -5.7211E-10 -9.0387E-09
  4.0197E-05 -1.1999E-05 -5.9543E-10 -9.4072E-09
  4.0997E-05 -1.2382E-05 -6.1939E-10 -9.7858E-09
  4.1804E-05 -1.2773E-05 -6.4399E-10 -1.0174E-08
  4.2615E-05 -1.3171E-05 -6.6925E-10 -1.0573E-08
  4.3433E-05 -1.3576E-05 -6.9518E-10 -1.0983E-08
  4.4256E-05 -1.3988E-05 -7.2178E-10 -1.1403E-08
  4.5085E-05 -1.4408E-05 -7.4907E-10 -1.1835E-08
  4.5920E-05 -1.4836E-05 -7.7707E-10 -1.2277E-08
  4.6761E-05 -1.5271E-05 -8.0578E-10 -1.2730E-08
  4.7607E-05 -1.5714E-05 -8.3521E-10 -1.3196E-08
  4.8459E-05 -1.6165E-05 -8.6539E-10 -1.3672E-08
  4.9318E-05 -1.6624E-05 -8.9631E-10 -1.4161E-08
  5.0182E-05 -1.7091E-05 -9.2800E-10 -1.4662E-08
  5.1052E-05 -1.7565E-05 -9.6047E-10 -1.5174E-08
  5.1929E-05 -1.8049E-05 -9.9373E-10 -1.5700E-08
  5.2811E-05 -1.8540E-05 -1.0278E-09 -1.6238E-08
  5.3700E-05 -1.9040E-05 -1.0627E-09 -1.6789E-08
  5.4594E-05 -1.9548E-05 -1.0984E-09 -1.7353E-08
  5.5496E-05 -2.0065E-05 -1.1349E-09 -1.7931E-08
  5.6403E-05 -2.0590E-05 -1.1723E-09 -1.8522E-08
  5.7316E-05 -2.1125E-05 -1.2106E-09 -1.9127E-08
  5.8237E-05 -2.1668E-05 -1.2498E-09 -1.9746E-08
  5.9163E-05 -2.2220E-05 -1.2899E-09 -2.0379E-08
  6.0096E-05 -2.2781E-05 -1.3309E-09 -2.1027E-08
  6.1035E-05 -2.3352E-05 -1.3728E-09 -2.1689E-08
  6.1981E-05 -2.3931E-05 -1.4157E-09 -2.2367E-08
  6.2934E-05 -2.4520E-05 -1.4596E-09 -2.3059E-08
  6.3893E-05 -2.5119E-05 -1.5044E-09 -2.3768E-08
  6.4859E-05 -2.5727E-05 -1.5502E-09 -2.4492E-08
  6.5831E-05 -2.6345E-05 -1.5971E-09 -2.5232E-08
  6.6811E-05 -2.6972E-05 -1.6449E-09 -2.5988E-08
  6.7797E-05 -2.7610E-05 -1.6938E-09 -2.6761E-08
  6.8790E-05 -2.8257E-05 -1.7438E-09 -2.7551E-08
  6.9790E-05 -2.8915E-05 -1.7949E-09 -2.8358E-08
  7.0797E-05 -2.9583E-05 -1.8471E-09 -2.9182E-08
  7.1811E-05 -3.0262E-05 -1.9004E-09 -3.0024E-08
  7.2832E-05 -3.0951E-05 -1.9548E-09 -3.0883E-08
  7.3860E-05 -3.1650E-05 -2.0104E-09 -3.1762E-08
  7.4895E-05 -3.2361E-05 -2.0671E-09 -3.2658E-08
  7.5938E-05 -3.3082E-05 -2.1251E-09 -3.3574E-08
  7.6988E-05 -3.3814E-05 -2.1842E-09 -3.4508E-08
  7.8045E-05 -3.4557E-05 -2.2446E-09 -3.5463E-08
  7.9109E-05 -3.5312E-05 -2.3063E-09 -3.6437E-08
  8.0181E-05 -3.6078E-05 -2.3692E-09 -3.7431E-08
  8.1261E-05 -3.6855E-05 -2.4334E-09 -3.8445E-08
  8.2347E-05 -3.7644E-05 -2.4989E-09 -3.9481E-08
  8.3442E-05 -3.8445E-05 -2.5658E-09 -4.0537E-08
  8.4544E-05 -3.9258E-05 -2.6340E-09 -4.1615E-08
  8.5654E-05 -4.0083E-05 -2.7036E-09 -4.2715E-08
  8.6771E-05 -4.0920E-05 -2.7746E-09 -4.3836E-08
  8.7897E-05 -4.1770E-05 -2.8471E-09 -4.4981E-08
  8.9030E-05 -4.2632E-05 -2.9210E-09 -4.6148E-08
  9.0171E-05 -4.3506E-05 -2.9963E-09 -4.7339E-08
  9.1320E-05 -4.4394E-05 -3.0732E-09 -4.8553E-08
  9.2477E-05 -4.5294E-05 -3.1515E-09 -4.9791E-08
  9.3642E-05 -4.6207E-05 -3.2314E-09 -5.1053E-08
  9.4815E-05 -4.7134E-05 -3.3129E-09 -5.2341E-08
  9.5996E-05 -4.8074E-05 -3.3960E-09 -5.3653E-08
  9.7186E-05 -4.9027E-05 -3.4807E-09 -5.4991E-08
  9.8384E-05 -4.9995E-05 -3.5670E-09 -5.6355E-08
  9.9590E-05 -5.0976E-05 -3.6550E-09 -5.7745E-08
  1.0080E-04 -5.1971E-05 -3.7447E-09 -5.9162E-08
  1.0203E-04 -5.2980E-05 -3.8361E-09 -6.0607E-08
  1.0326E-04 -5.4003E-05 -3.9293E-09 -6.2079E-08
  1.0450E-04 -5.5042E-05 -4.0243E-09 -6.3579E-08
  1.0575E-04 -5.6094E-05 -4.1210E-09 -6.5108E-08
  1.0701E-04 -5.7162E-05 -4.2196E-09 -6.6666E-08
  1.0827E-04 -5.8244E-05 -4.3201E-09 -6.8253E-08
  1.0955E-04 -5.9342E-05 -4.4224E-09 -6.9870E-08
  1.1083E-04 -6.0455E-05 -4.5267E-09 -7.1518E-08
  1.1212E-04 -6.1584E-05 -4.6330E-09 -7.3196E-08
  1.1343E-04 -6.2729E-05 -4.7412E-09 -7.4906E-08
  1.1474E-04 -6.3889E-05 -4.8514E-09 -7.6647E-08
  1.1606E-04 -6.5065E-05 -4.9637E-09 -7.8422E-08
  1.1739E-04 -6.6258E-05 -5.0781E-09 -8.0228E-08
  1.1873E-04 -6.7467E-05 -5.1946E-09 -8.2069E-08
  1.2007E-04 -6.8693E-05 -5.3132E-09 -8.3943E-08
  1.2143E-04 -6.9936E-05 -5.4340E-09 -8.5852E-08
  1.2280E-04 -7.1196E-05 -5.5570E-09 -8.7795E-08
  1.2418E-04 -7.2473E-05 -5.6823E-09 -8.9774E-08
  1.2556E-04 -7.3767E-05 -5.8098E-09 -9.1790E-08
  1.2696E-04 -7.5079E-05 -5.9397E-09 -9.3842E-08
  1.2836E-04 -7.6409E-05 -6.0720E-09 -9.5931E-08
  1.2978E-04 -7.7757E-05 -6.2066E-09 -9.8058E-08
  1.3120E-04 -7.9123E-05 -6.3436E-09 -1.0022E-07
  1.3264E-04 -8.0508E-05 -6.4832E-09 -1.0243E-07
  1.3408E-04 -8.1912E-05 -6.6252E-09 -1.0467E-07
  1.3554E-04 -8.3334E-05 -6.7698E-09 -1.0696E-07
  1.3700E-04 -8.4775E-05 -6.9169E-09 -1.0928E-07
  1.3848E-04 -8.6236E-05 -7.0667E-09 -1.1165E-07
  1.3996E-04 -8.7717E-05 -7.2191E-09 -1.1406E-07
  1.4146E-04 -8.9217E-05 -7.3743E-09 -1.1651E-07
  1.4297E-04 -9.0737E-05 -7.5322E-09 -1.1900E-07
  1.4448E-04 -9.2278E-05 -7.6929E-09 -1.2154E-07
  1.4601E-04 -9.3839E-05 -7.8564E-09 -1.2412E-07
  1.4755E-04 -9.5421E-05 -8.0228E-09 -1.2675E-07
  1.4910E-04 -9.7024E-05 -8.1921E-09 -1.2943E-07
  1.5066E-04 -9.8648E-05 -8.3644E-09 -1.3215E-07
  1.5223E-04 -1.0029E-04 -8.5397E-09 -1.3492E-07
  1.5381E-04 -1.0196E-04 -8.7181E-09 -1.3774E-07
  1.5540E-04 -1.0365E-04 -8.8996E-09 -1.4060E-07
  1.5701E-04 -1.0536E-04 -9.0842E-09 -1.4352E-07
  1.5862E-04 -1.0710E-04 -9.2720E-09 -1.4649E-07
  1.6025E-04 -1.0885E-04 -9.4631E-09 -1.4951E-07
  1.6188E-04 -1.1063E-04 -9.6575E-09 -1.5258E-07
  1.6353E-04 -1.1243E-04 -9.8552E-09 -1.5570E-07
  1.6519E-04 -1.1426E-04 -1.0056E-08 -1.5888E-07
  1.6687E-04 -1.1611E-04 -1.0261E-08 -1.6211E-07
  1.6855E-04 -1.1799E-04 -1.0469E-08 -1.6540E-07
  1.7024E-04 -1.1988E-04 -1.0681E-08 -1.6874E-07
  1.7195E-04 -1.2181E-04 -1.0896E-08 -1.7214E-07
  1.7367E-04 -1.2376E-04 -1.1115E-08 -1.7560E-07
  1.7540E-04 -1.2573E-04 -1.1338E-08 -1.7912E-07
  1.7714E-04 -1.2773E-04 -1.1564E-08 -1.8270E-07
  1.7890E-04 -1.2975E-04 -1.1794E-08 -1.8634E-07
  1.8067E-04 -1.3181E-04 -1.2028E-08 -1.9004E-07
  1.8245E-04 -1.3388E-04 -1.2267E-08 -1.9380E-07
  1.8424E-04 -1.3599E-04 -1.2509E-08 -1.9763E-07
  1.8604E-04 -1.3812E-04 -1.2755E-08 -2.0152E-07
  1.8786E-04 -1.4028E-04 -1.3005E-08 -2.0547E-07
  1.8969E-04 -1.4246E-04 -1.3260E-08 -2.0950E-07
  1.9153E-04 -1.4468E-04 -1.3519E-08 -2.1359E-07
  1.9339E-04 -1.4692E-04 -1.3782E-08 -2.1774E-07
  1.9526E-04 -1.4919E-04 -1.4050E-08 -2.2197E-07
  1.9714E-04 -1.5149E-04 -1.4322E-08 -2.2627E-07
  1.9903E-04 -1.5382E-04 -1.4598E-08 -2.3064E-07
  2.0094E-04 -1.5618E-04 -1.4880E-08 -2.3508E-07
  2.0286E-04 -1.5857E-04 -1.5165E-08 -2.3960E-07
  2.0480E-04 -1.6099E-04 -1.5456E-08 -2.4419E-07
  2.0674E-04 -1.6344E-04 -1.5751E-08 -2.4886E-07
  2.0871E-04 -1.6592E-04 -1.6052E-08 -2.5360E-07
  2.1068E-04 -1.6843E-04 -1.6357E-08 -2.5842E-07
  2.1267E-04 -1.7098E-04 -1.6667E-08 -2.6333E-07
  2.1467E-04 -1.7355E-04 -1.6983E-08 -2.6831E-07
  2.1669E-04 -1.7616E-04 -1.7303E-08 -2.7337E-07
  2.1872E-04 -1.7880E-04 -1.7629E-08 -2.7852E-07
  2.2076E-04 -1.8148E-04 -1.7960E-08 -2.8376E-07
  2.2282E-04 -1.8419E-04 -1.8297E-08 -2.8907E-07
  2.2490E-04 -1.8693E-04 -1.8639E-08 -2.9448E-07
  2.2699E-04 -1.8971E-04 -1.8987E-08 -2.9997E-07
  2.2909E-04 -1.9252E-04 -1.9340E-08 -3.0556E-07
  2.3121E-04 -1.9536E-04 -1.9699E-08 -3.1123E-07
  2.3334E-04 -1.9825E-04 -2.0064E-08 -3.1700E-07
  2.3548E-04 -2.0116E-04 -2.0435E-08 -3.2286E-07
  2.3765E-04 -2.0412E-04 -2.0812E-08 -3.2881E-07
  2.3982E-04 -2.0711E-04 -2.1195E-08 -3.3486E-07
  2.4202E-04 -2.1014E-04 -2.1584E-08 -3.4101E-07
  2.4422E-04 -2.1321E-04 -2.1980E-08 -3.4726E-07
  2.4645E-04 -2.1631E-04 -2.2382E-08 -3.5361E-07
  2.4868E-04 -2.1946E-04 -2.2790E-08 -3.6006E-07
  2.5094E-04 -2.2264E-04 -2.3205E-08 -3.6662E-07
  2.5321E-04 -2.2586E-04 -2.3627E-08 -3.7328E-07
  2.5549E-04 -2.2912E-04 -2.4055E-08 -3.8005E-07
  2.5779E-04 -2.3242E-04 -2.4491E-08 -3.8692E-07
  2.6011E-04 -2.3577E-04 -2.4933E-08 -3.9391E-07
  2.6244E-04 -2.3915E-04 -2.5382E-08 -4.0101E-07
  2.6479E-04 -2.4258E-04 -2.5839E-08 -4.0822E-07
  2.6716E-04 -2.4605E-04 -2.6302E-08 -4.1555E-07
  2.6954E-04 -2.4956E-04 -2.6774E-08 -4.2300E-07
  2.7194E-04 -2.5311E-04 -2.7252E-08 -4.3056E-07
  2.7436E-04 -2.5671E-04 -2.7739E-08 -4.3825E-07
  2.7679E-04 -2.6035E-04 -2.8233E-08 -4.4605E-07
  2.7924E-04 -2.6404E-04 -2.8735E-08 -4.5398E-07
  2.8171E-04 -2.6777E-04 -2.9245E-08 -4.6204E-07
  2.8419E-04 -2.7155E-04 -2.9763E-08 -4.7022E-07
  2.8669E-04 -2.7537E-04 -3.0289E-08 -4.7854E-07
  2.8921E-04 -2.7924E-04 -3.0824E-08 -4.8698E-07
  2.9175E-04 -2.8316E-04 -3.1367E-08 -4.9556E-07
  2.9430E-04 -2.8713E-04 -3.1918E-08 -5.0427E-07
  2.9687E-04 -2.9114E-04 -3.2478E-08 -5.1313E-07
  2.9946E-04 -2.9521E-04 -3.3048E-08 -5.2212E-07
  3.0207E-04 -2.9932E-04 -3.3626E-08 -5.3125E-07
  3.0470E-04 -3.0348E-04 -3.4213E-08 -5.4053E-07
  3.0734E-04 -3.0770E-04 -3.4809E-08 -5.4995E-07
  3.1000E-04 -3.1196E-04 -3.5415E-08 -5.5952E-07
  3.1268E-04 -3.1628E-04 -3.6030E-08 -5.6924E-07
  3.1538E-04 -3.2065E-04 -3.6655E-08 -5.7911E-07
  3.1810E-04 -3.2507E-04 -3.7290E-08 -5.8914E-07
  3.2084E-04 -3.2955E-04 -3.7934E-08 -5.9932E-07
  3.2360E-04 -3.3408E-04 -3.8589E-08 -6.0967E-07
  3.2637E-04 -3.3867E-04 -3.9254E-08 -6.2017E-07
  3.2917E-04 -3.4331E-04 -3.9929E-08 -6.3084E-07
  3.3198E-04 -3.4801E-04 -4.0615E-08 -6.4167E-07
  3.3482E-04 -3.5276E-04 -4.1311E-08 -6.5268E-07
  3.3767E-04 -3.5757E-04 -4.2019E-08 -6.6385E-07
  3.4055E-04 -3.6244E-04 -4.2737E-08 -6.7520E-07
  3.4344E-04 -3.6737E-04 -4.3467E-08 -6.8673E-07
  3.4635E-04 -3.7236E-04 -4.4207E-08 -6.9843E-07
  3.4929E-04 -3.7741E-04 -4.4960E-08 -7.1032E-07
  3.5224E-04 -3.8252E-04 -4.5724E-08 -7.2238E-07
  3.5522E-04 -3.8769E-04 -4.6499E-08 -7.3464E-07
  3.5822E-04 -3.9292E-04 -4.7287E-08 -7.4709E-07
  3.6123E-04 -3.9822E-04 -4.8087E-08 -7.5973E-07
  3.6427E-04 -4.0358E-04 -4.8899E-08 -7.7256E-07
  3.6733E-04 -4.0900E-04 -4.9724E-08 -7.8559E-07
  3.7041E-04 -4.1449E-04 -5.0562E-08 -7.9882E-07
  3.7351E-04 -4.2004E-04 -5.1412E-08 -8.1226E-07
  3.7664E-04 -4.2566E-04 -5.2276E-08 -8.2590E-07
  3.7978E-04 -4.3135E-04 -5.3153E-08 -8.3976E-07
  3.8295E-04 -4.3711E-04 -5.4043E-08 -8.5382E-07
  3.8614E-04 -4.4294E-04 -5.4947E-08 -8.6810E-07
  3.8935E-04 -4.4883E-04 -5.5865E-08 -8.8261E-07
  3.9259E-04 -4.5480E-04 -5.6797E-08 -8.9733E-07
  3.9584E-04 -4.6083E-04 -5.7743E-08 -9.1228E-07
  3.9912E-04 -4.6694E-04 -5.8704E-08 -9.2746E-07
  4.0242E-04 -4.7313E-04 -5.9679E-08 -9.4287E-07
  4.0575E-04 -4.7938E-04 -6.0670E-08 -9.5852E-07
  4.0910E-04 -4.8571E-04 -6.1675E-08 -9.7440E-07
  4.1247E-04 -4.9212E-04 -6.2696E-08 -9.9053E-07
  4.1587E-04 -4.9860E-04 -6.3732E-08 -1.0069E-06
  4.1928E-04 -5.0516E-04 -6.4785E-08 -1.0235E-06
  4.2273E-04 -5.1180E-04 -6.5853E-08 -1.0404E-06
  4.2619E-04 -5.1851E-04 -6.6937E-08 -1.0575E-06
  4.2968E-04 -5.2531E-04 -6.8039E-08 -1.0749E-06
  4.3320E-04 -5.3219E-04 -6.9156E-08 -1.0926E-06
  4.3674E-04 -5.3915E-04 -7.0291E-08 -1.1105E-06
  4.4030E-04 -5.4619E-04 -7.1443E-08 -1.1287E-06
  4.4389E-04 -5.5331E-04 -7.2613E-08 -1.1472E-06
  4.4751E-04 -5.6052E-04 -7.3800E-08 -1.1660E-06
  4.5115E-04 -5.6782E-04 -7.5005E-08 -1.1850E-06
  4.5481E-04 -5.7520E-04 -7.6229E-08 -1.2043E-06
  4.5850E-04 -5.8267E-04 -7.7471E-08 -1.2240E-06
  4.6222E-04 -5.9022E-04 -7.8732E-08 -1.2439E-06
  4.6596E-04 -5.9787E-04 -8.0012E-08 -1.2641E-06
  4.6973E-04 -6.0561E-04 -8.1311E-08 -1.2846E-06
  4.7352E-04 -6.1343E-04 -8.2630E-08 -1.3055E-06
  4.7735E-04 -6.2135E-04 -8.3969E-08 -1.3266E-06
  4.8119E-04 -6.2937E-04 -8.5328E-08 -1.3481E-06
  4.8507E-04 -6.3748E-04 -8.6708E-08 -1.3699E-06
  4.8897E-04 -6.4568E-04 -8.8108E-08 -1.3920E-06
  4.9290E-04 -6.5398E-04 -8.9530E-08 -1.4145E-06
  4.9685E-04 -6.6238E-04 -9.0973E-08 -1.4373E-06
  5.0084E-04 -6.7088E-04 -9.2437E-08 -1.4604E-06
  5.0485E-04 -6.7947E-04 -9.3924E-08 -1.4839E-06
  5.0889E-04 -6.8817E-04 -9.5433E-08 -1.5077E-06
  5.1295E-04 -6.9697E-04 -9.6964E-08 -1.5319E-06
  5.1705E-04 -7.0588E-04 -9.8519E-08 -1.5565E-06
  5.2117E-04 -7.1489E-04 -1.0010E-07 -1.5814E-06
  5.2533E-04 -7.2400E-04 -1.0170E-07 -1.6067E-06
  5.2951E-04 -7.3322E-04 -1.0332E-07 -1.6324E-06
  5.3372E-04 -7.4255E-04 -1.0497E-07 -1.6585E-06
  5.3796E-04 -7.5199E-04 -1.0665E-07 -1.6849E-06
  5.4223E-04 -7.6154E-04 -1.0835E-07 -1.7118E-06
  5.4653E-04 -7.7120E-04 -1.1007E-07 -1.7390E-06
  5.5086E-04 -7.8098E-04 -1.1182E-07 -1.7667E-06
  5.5522E-04 -7.9087E-04 -1.1360E-07 -1.7948E-06
  5.5961E-04 -8.0088E-04 -1.1541E-07 -1.8233E-06
  5.6403E-04 -8.1100E-04 -1.1724E-07 -1.8522E-06
  5.6848E-04 -8.2124E-04 -1.1909E-07 -1.8816E-06
  5.7297E-04 -8.3160E-04 -1.2098E-07 -1.9114E-06
  5.7748E-04 -8.4208E-04 -1.2289E-07 -1.9416E-06
  5.8203E-04 -8.5269E-04 -1.2484E-07 -1.9723E-06
  5.8660E-04 -8.6341E-04 -1.2681E-07 -2.0034E-06
  5.9121E-04 -8.7427E-04 -1.2881E-07 -2.0350E-06
  5.9585E-04 -8.8525E-04 -1.3084E-07 -2.0671E-06
  6.0053E-04 -8.9636E-04 -1.3290E-07 -2.0996E-06
  6.0523E-04 -9.0759E-04 -1.3499E-07 -2.1327E-06
  6.0997E-04 -9.1896E-04 -1.3711E-07 -2.1662E-06
  6.1474E-04 -9.3046E-04 -1.3926E-07 -2.2002E-06
  6.1955E-04 -9.4210E-04 -1.4145E-07 -2.2348E-06
  6.2439E-04 -9.5387E-04 -1.4367E-07 -2.2698E-06
  6.2926E-04 -9.6578E-04 -1.4592E-07 -2.3054E-06
  6.3417E-04 -9.7782E-04 -1.4820E-07 -2.3415E-06
  6.3911E-04 -9.9001E-04 -1.5052E-07 -2.3781E-06
  6.4408E-04 -1.0023E-03 -1.5287E-07 -2.4153E-06
  6.4909E-04 -1.0148E-03 -1.5526E-07 -2.4530E-06
  6.5413E-04 -1.0274E-03 -1.5768E-07 -2.4913E-06
  6.5921E-04 -1.0402E-03 -1.6014E-07 -2.5301E-06
  6.6433E-04 -1.0531E-03 -1.6264E-07 -2.5695E-06
  6.6948E-04 -1.0662E-03 -1.6517E-07 -2.6095E-06
  6.7467E-04 -1.0794E-03 -1.6774E-07 -2.6501E-06
  6.7989E-04 -1.0927E-03 -1.7035E-07 -2.6913E-06
  6.8515E-04 -1.1063E-03 -1.7299E-07 -2.7331E-06
  6.9045E-04 -1.1199E-03 -1.7568E-07 -2.7755E-06
  6.9578E-04 -1.1338E-03 -1.7840E-07 -2.8185E-06
  7.0115E-04 -1.1478E-03 -1.8117E-07 -2.8622E-06
  7.0656E-04 -1.1619E-03 -1.8397E-07 -2.9065E-06
  7.1200E-04 -1.1762E-03 -1.8682E-07 -2.9515E-06
  7.1748E-04 -1.1907E-03 -1.8971E-07 -2.9971E-06
  7.2300E-04 -1.2054E-03 -1.9264E-07 -3.0434E-06
  7.2856E-04 -1.2202E-03 -1.9561E-07 -3.0904E-06
  7.3416E-04 -1.2352E-03 -1.9863E-07 -3.1381E-06
  7.3980E-04 -1.2504E-03 -2.0169E-07 -3.1865E-06
  7.4548E-04 -1.2657E-03 -2.0480E-07 -3.2356E-06
  7.5119E-04 -1.2812E-03 -2.0795E-07 -3.2854E-06
  7.5695E-04 -1.2969E-03 -2.1115E-07 -3.3359E-06
  7.6275E-04 -1.3128E-03 -2.1440E-07 -3.3872E-06
  7.6858E-04 -1.3289E-03 -2.1769E-07 -3.4393E-06
  7.7446E-04 -1.3451E-03 -2.2103E-07 -3.4921E-06
  7.8038E-04 -1.3616E-03 -2.2442E-07 -3.5456E-06
  7.8634E-04 -1.3782E-03 -2.2786E-07 -3.6000E-06
  7.9234E-04 -1.3950E-03 -2.3135E-07 -3.6551E-06
  7.9838E-04 -1.4120E-03 -2.3490E-07 -3.7111E-06
  8.0447E-04 -1.4292E-03 -2.3849E-07 -3.7679E-06
  8.1059E-04 -1.4466E-03 -2.4214E-07 -3.8255E-06
  8.1676E-04 -1.4642E-03 -2.4584E-07 -3.8840E-06
  8.2298E-04 -1.4820E-03 -2.4959E-07 -3.9433E-06
  8.2923E-04 -1.5000E-03 -2.5340E-07 -4.0035E-06
  8.3553E-04 -1.5182E-03 -2.5727E-07 -4.0645E-06
  8.4188E-04 -1.5367E-03 -2.6119E-07 -4.1265E-06
  8.4827E-04 -1.5553E-03 -2.6517E-07 -4.1894E-06
  8.5470E-04 -1.5742E-03 -2.6920E-07 -4.2531E-06
  8.6118E-04 -1.5932E-03 -2.7330E-07 -4.3179E-06
  8.6770E-04 -1.6125E-03 -2.7746E-07 -4.3835E-06
  8.7427E-04 -1.6320E-03 -2.8167E-07 -4.4501E-06
  8.8088E-04 -1.6518E-03 -2.8595E-07 -4.5177E-06
  8.8754E-04 -1.6717E-03 -2.9029E-07 -4.5863E-06
  8.9425E-04 -1.6919E-03 -2.9469E-07 -4.6559E-06
  9.0100E-04 -1.7123E-03 -2.9916E-07 -4.7264E-06
  9.0780E-04 -1.7330E-03 -3.0370E-07 -4.7981E-06
  9.1465E-04 -1.7539E-03 -3.0829E-07 -4.8707E-06
  9.2155E-04 -1.7750E-03 -3.1296E-07 -4.9444E-06
  9.2849E-04 -1.7964E-03 -3.1769E-07 -5.0192E-06
  9.3548E-04 -1.8180E-03 -3.2250E-07 -5.0951E-06
  9.4252E-04 -1.8398E-03 -3.2737E-07 -5.1721E-06
  9.4961E-04 -1.8619E-03 -3.3231E-07 -5.2502E-06
  9.5675E-04 -1.8843E-03 -3.3733E-07 -5.3294E-06
  9.6394E-04 -1.9069E-03 -3.4242E-07 -5.4098E-06
  9.7118E-04 -1.9298E-03 -3.4758E-07 -5.4914E-06
  9.7847E-04 -1.9529E-03 -3.5282E-07 -5.5741E-06
  9.8581E-04 -1.9763E-03 -3.5813E-07 -5.6581E-06
  9.9320E-04 -2.0000E-03 -3.6352E-07 -5.7432E-06
  1.0006E-03 -2.0239E-03 -3.6899E-07 -5.8296E-06
  1.0081E-03 -2.0481E-03 -3.7454E-07 -5.9173E-06
  1.0157E-03 -2.0726E-03 -3.8017E-07 -6.0062E-06
  1.0233E-03 -2.0974E-03 -3.8588E-07 -6.0964E-06
  1.0309E-03 -2.1224E-03 -3.9167E-07 -6.1879E-06
  1.0386E-03 -2.1477E-03 -3.9755E-07 -6.2808E-06
  1.0464E-03 -2.1734E-03 -4.0351E-07 -6.3750E-06
  1.0542E-03 -2.1993E-03 -4.0956E-07 -6.4706E-06
  1.0621E-03 -2.2255E-03 -4.1569E-07 -6.5675E-06
  1.0700E-03 -2.2520E-03 -4.2192E-07 -6.6659E-06
  1.0780E-03 -2.2788E-03 -4.2823E-07 -6.7656E-06
  1.0860E-03 -2.3059E-03 -4.3464E-07 -6.8669E-06
  1.0941E-03 -2.3333E-03 -4.4114E-07 -6.9695E-06
  1.1023E-03 -2.3610E-03 -4.4773E-07 -7.0737E-06
  1.1105E-03 -2.3891E-03 -4.5442E-07 -7.1794E-06
  1.1187E-03 -2.4174E-03 -4.6121E-07 -7.2866E-06
  1.1270E-03 -2.4461E-03 -4.6809E-07 -7.3953E-06
  1.1354E-03 -2.4751E-03 -4.7508E-07 -7.5057E-06
  1.1438E-03 -2.5044E-03 -4.8216E-07 -7.6176E-06
  1.1523E-03 -2.5341E-03 -4.8935E-07 -7.7311E-06
  1.1609E-03 -2.5641E-03 -4.9664E-07 -7.8463E-06
  1.1695E-03 -2.5944E-03 -5.0403E-07 -7.9632E-06
  1.1782E-03 -2.6251E-03 -5.1154E-07 -8.0817E-06
  1.1869E-03 -2.6561E-03 -5.1915E-07 -8.2019E-06
  1.1957E-03 -2.6875E-03 -5.2687E-07 -8.3239E-06
  1.2046E-03 -2.7193E-03 -5.3470E-07 -8.4476E-06
  1.2135E-03 -2.7514E-03 -5.4264E-07 -8.5732E-06
  1.2224E-03 -2.7838E-03 -5.5070E-07 -8.7005E-06
  1.2315E-03 -2.8166E-03 -5.5888E-07 -8.8296E-06
  1.2406E-03 -2.8498E-03 -5.6717E-07 -8.9607E-06
  1.2498E-03 -2.8834E-03 -5.7559E-07 -9.0936E-06
  1.2590E-03 -2.9173E-03 -5.8412E-07 -9.2284E-06
  1.2683E-03 -2.9517E-03 -5.9278E-07 -9.3652E-06
  1.2776E-03 -2.9864E-03 -6.0156E-07 -9.5039E-06
  1.2871E-03 -3.0215E-03 -6.1047E-07 -9.6447E-06
  1.2966E-03 -3.0570E-03 -6.1950E-07 -9.7875E-06
  1.3061E-03 -3.0929E-03 -6.2867E-07 -9.9323E-06
  1.3157E-03 -3.1292E-03 -6.3797E-07 -1.0079E-05
  1.3254E-03 -3.1659E-03 -6.4740E-07 -1.0228E-05
  1.3352E-03 -3.2030E-03 -6.5697E-07 -1.0379E-05
  1.3450E-03 -3.2406E-03 -6.6668E-07 -1.0533E-05
  1.3549E-03 -3.2785E-03 -6.7652E-07 -1.0688E-05
  1.3649E-03 -3.3169E-03 -6.8651E-07 -1.0846E-05
  1.3749E-03 -3.3557E-03 -6.9664E-07 -1.1006E-05
  1.3850E-03 -3.3950E-03 -7.0691E-07 -1.1168E-05
  1.3952E-03 -3.4347E-03 -7.1734E-07 -1.1333E-05
  1.4054E-03 -3.4748E-03 -7.2791E-07 -1.1500E-05
  1.4158E-03 -3.5154E-03 -7.3864E-07 -1.1670E-05
  1.4261E-03 -3.5564E-03 -7.4952E-07 -1.1841E-05
  1.4366E-03 -3.5980E-03 -7.6055E-07 -1.2016E-05
  1.4471E-03 -3.6399E-03 -7.7175E-07 -1.2193E-05
  1.4577E-03 -3.6824E-03 -7.8310E-07 -1.2372E-05
  1.4684E-03 -3.7253E-03 -7.9462E-07 -1.2554E-05
  1.4792E-03 -3.7687E-03 -8.0630E-07 -1.2739E-05
  1.4900E-03 -3.8125E-03 -8.1815E-07 -1.2926E-05
  1.5009E-03 -3.8569E-03 -8.3017E-07 -1.3116E-05
  1.5119E-03 -3.9018E-03 -8.4236E-07 -1.3308E-05
  1.5230E-03 -3.9471E-03 -8.5473E-07 -1.3504E-05
  1.5341E-03 -3.9930E-03 -8.6728E-07 -1.3702E-05
  1.5453E-03 -4.0394E-03 -8.8000E-07 -1.3903E-05
  1.5566E-03 -4.0863E-03 -8.9291E-07 -1.4107E-05
  1.5680E-03 -4.1337E-03 -9.0600E-07 -1.4314E-05
  1.5794E-03 -4.1817E-03 -9.1928E-07 -1.4523E-05
  1.5909E-03 -4.2301E-03 -9.3275E-07 -1.4736E-05
  1.6025E-03 -4.2792E-03 -9.4641E-07 -1.4952E-05
  1.6142E-03 -4.3287E-03 -9.6027E-07 -1.5171E-05
  1.6260E-03 -4.3788E-03 -9.7432E-07 -1.5393E-05
  1.6379E-03 -4.4295E-03 -9.8858E-07 -1.5618E-05
  1.6498E-03 -4.4808E-03 -1.0030E-06 -1.5847E-05
  1.6618E-03 -4.5326E-03 -1.0177E-06 -1.6079E-05
  1.6739E-03 -4.5849E-03 -1.0326E-06 -1.6314E-05
  1.6861E-03 -4.6379E-03 -1.0477E-06 -1.6552E-05
  1.6984E-03 -4.6915E-03 -1.0630E-06 -1.6794E-05
  1.7107E-03 -4.7456E-03 -1.0785E-06 -1.7039E-05
  1.7232E-03 -4.8003E-03 -1.0943E-06 -1.7288E-05
  1.7357E-03 -4.8557E-03 -1.1102E-06 -1.7540E-05
  1.7483E-03 -4.9117E-03 -1.1264E-06 -1.7796E-05
  1.7610E-03 -4.9682E-03 -1.1429E-06 -1.8056E-05
  1.7738E-03 -5.0254E-03 -1.1595E-06 -1.8319E-05
  1.7867E-03 -5.0833E-03 -1.1764E-06 -1.8586E-05
  1.7997E-03 -5.1418E-03 -1.1936E-06 -1.8857E-05
  1.8128E-03 -5.2009E-03 -1.2110E-06 -1.9132E-05
  1.8259E-03 -5.2607E-03 -1.2286E-06 -1.9411E-05
  1.8392E-03 -5.3211E-03 -1.2465E-06 -1.9693E-05
  1.8525E-03 -5.3822E-03 -1.2647E-06 -1.9980E-05
  1.8659E-03 -5.4440E-03 -1.2831E-06 -2.0271E-05
  1.8794E-03 -5.5064E-03 -1.3017E-06 -2.0566E-05
  1.8931E-03 -5.5695E-03 -1.3207E-06 -2.0865E-05
  1.9068E-03 -5.6334E-03 -1.3399E-06 -2.1168E-05
  1.9206E-03 -5.6979E-03 -1.3594E-06 -2.1476E-05
  1.9345E-03 -5.7632E-03 -1.3791E-06 -2.1788E-05
  1.9485E-03 -5.8291E-03 -1.3991E-06 -2.2105E-05
  1.9626E-03 -5.8958E-03 -1.4195E-06 -2.2426E-05
  1.9768E-03 -5.9632E-03 -1.4401E-06 -2.2751E-05
  1.9911E-03 -6.0314E-03 -1.4610E-06 -2.3082E-05
  2.0055E-03 -6.1003E-03 -1.4822E-06 -2.3417E-05
  2.0200E-03 -6.1699E-03 -1.5037E-06 -2.3757E-05
  2.0346E-03 -6.2403E-03 -1.5255E-06 -2.4101E-05
  2.0493E-03 -6.3115E-03 -1.5476E-06 -2.4451E-05
  2.0641E-03 -6.3835E-03 -1.5701E-06 -2.4805E-05
  2.0790E-03 -6.4563E-03 -1.5928E-06 -2.5165E-05
  2.0940E-03 -6.5298E-03 -1.6159E-06 -2.5530E-05
  2.1091E-03 -6.6042E-03 -1.6393E-06 -2.5899E-05
  2.1244E-03 -6.6793E-03 -1.6631E-06 -2.6275E-05
  2.1397E-03 -6.7553E-03 -1.6872E-06 -2.6655E-05
  2.1551E-03 -6.8321E-03 -1.7116E-06 -2.7041E-05
  2.1707E-03 -6.9097E-03 -1.7364E-06 -2.7432E-05
  2.1863E-03 -6.9882E-03 -1.7615E-06 -2.7829E-05
  2.2021E-03 -7.0676E-03 -1.7870E-06 -2.8232E-05
  2.2179E-03 -7.1478E-03 -1.8128E-06 -2.8640E-05
  2.2339E-03 -7.2288E-03 -1.8391E-06 -2.9055E-05
  2.2500E-03 -7.3108E-03 -1.8656E-06 -2.9475E-05
  2.2662E-03 -7.3936E-03 -1.8926E-06 -2.9901E-05
  2.2825E-03 -7.4774E-03 -1.9200E-06 -3.0333E-05
  2.2990E-03 -7.5620E-03 -1.9477E-06 -3.0771E-05
  2.3155E-03 -7.6476E-03 -1.9758E-06 -3.1215E-05
  2.3322E-03 -7.7341E-03 -2.0044E-06 -3.1666E-05
  2.3489E-03 -7.8215E-03 -2.0333E-06 -3.2123E-05
  2.3658E-03 -7.9098E-03 -2.0627E-06 -3.2587E-05
  2.3828E-03 -7.9992E-03 -2.0924E-06 -3.3057E-05
  2.4000E-03 -8.0894E-03 -2.1226E-06 -3.3534E-05
  2.4172E-03 -8.1807E-03 -2.1532E-06 -3.4018E-05
  2.4346E-03 -8.2729E-03 -2.1843E-06 -3.4509E-05
  2.4521E-03 -8.3662E-03 -2.2158E-06 -3.5006E-05
  2.4697E-03 -8.4604E-03 -2.2477E-06 -3.5511E-05
  2.4874E-03 -8.5556E-03 -2.2801E-06 -3.6023E-05
  2.5053E-03 -8.6519E-03 -2.3130E-06 -3.6542E-05
  2.5232E-03 -8.7492E-03 -2.3463E-06 -3.7068E-05
  2.5414E-03 -8.8475E-03 -2.3801E-06 -3.7602E-05
  2.5596E-03 -8.9469E-03 -2.4144E-06 -3.8144E-05
  2.5780E-03 -9.0474E-03 -2.4491E-06 -3.8693E-05
  2.5964E-03 -9.1489E-03 -2.4844E-06 -3.9250E-05
  2.6151E-03 -9.2516E-03 -2.5202E-06 -3.9815E-05
  2.6338E-03 -9.3553E-03 -2.5564E-06 -4.0387E-05
  2.6527E-03 -9.4601E-03 -2.5932E-06 -4.0968E-05
  2.6717E-03 -9.5660E-03 -2.6305E-06 -4.1558E-05
  2.6908E-03 -9.6731E-03 -2.6683E-06 -4.2155E-05
  2.7101E-03 -9.7813E-03 -2.7067E-06 -4.2761E-05
  2.7295E-03 -9.8907E-03 -2.7456E-06 -4.3376E-05
  2.7491E-03 -1.0001E-02 -2.7851E-06 -4.4000E-05
  2.7687E-03 -1.0113E-02 -2.8251E-06 -4.4632E-05
  2.7886E-03 -1.0226E-02 -2.8657E-06 -4.5273E-05
  2.8085E-03 -1.0340E-02 -2.9068E-06 -4.5923E-05
  2.8286E-03 -1.0455E-02 -2.9486E-06 -4.6583E-05
  2.8488E-03 -1.0572E-02 -2.9909E-06 -4.7252E-05
  2.8692E-03 -1.0689E-02 -3.0339E-06 -4.7930E-05
  2.8897E-03 -1.0808E-02 -3.0774E-06 -4.8618E-05
  2.9104E-03 -1.0929E-02 -3.1216E-06 -4.9316E-05
  2.9312E-03 -1.1050E-02 -3.1664E-06 -5.0023E-05
  2.9522E-03 -1.1173E-02 -3.2118E-06 -5.0741E-05
  2.9733E-03 -1.1297E-02 -3.2579E-06 -5.1469E-05
  2.9945E-03 -1.1422E-02 -3.3046E-06 -5.2207E-05
  3.0159E-03 -1.1549E-02 -3.3520E-06 -5.2955E-05
  3.0374E-03 -1.1677E-02 -3.4000E-06 -5.3714E-05
  3.0591E-03 -1.1806E-02 -3.4488E-06 -5.4484E-05
  3.0810E-03 -1.1937E-02 -3.4982E-06 -5.5265E-05
  3.1030E-03 -1.2069E-02 -3.5483E-06 -5.6057E-05
  3.1251E-03 -1.2203E-02 -3.5991E-06 -5.6860E-05
  3.1474E-03 -1.2337E-02 -3.6507E-06 -5.7675E-05
  3.1699E-03 -1.2474E-02 -3.7030E-06 -5.8500E-05
  3.1925E-03 -1.2611E-02 -3.7560E-06 -5.9338E-05
  3.2152E-03 -1.2750E-02 -3.8098E-06 -6.0188E-05
  3.2382E-03 -1.2891E-02 -3.8643E-06 -6.1049E-05
  3.2613E-03 -1.3033E-02 -3.9196E-06 -6.1923E-05
  3.2845E-03 -1.3176E-02 -3.9757E-06 -6.2809E-05
  3.3079E-03 -1.3321E-02 -4.0326E-06 -6.3708E-05
  3.3315E-03 -1.3468E-02 -4.0903E-06 -6.4619E-05
  3.3552E-03 -1.3616E-02 -4.1488E-06 -6.5543E-05
  3.3792E-03 -1.3765E-02 -4.2081E-06 -6.6480E-05
  3.4032E-03 -1.3916E-02 -4.2683E-06 -6.7431E-05
  3.4275E-03 -1.4069E-02 -4.3293E-06 -6.8395E-05
  3.4519E-03 -1.4223E-02 -4.3912E-06 -6.9373E-05
  3.4765E-03 -1.4379E-02 -4.4540E-06 -7.0364E-05
  3.5012E-03 -1.4536E-02 -4.5176E-06 -7.1370E-05
  3.5261E-03 -1.4695E-02 -4.5822E-06 -7.2389E-05
  3.5512E-03 -1.4856E-02 -4.6476E-06 -7.3423E-05
  3.5765E-03 -1.5018E-02 -4.7140E-06 -7.4472E-05
  3.6019E-03 -1.5182E-02 -4.7813E-06 -7.5536E-05
  3.6276E-03 -1.5348E-02 -4.8496E-06 -7.6614E-05
  3.6534E-03 -1.5515E-02 -4.9189E-06 -7.7708E-05
  3.6794E-03 -1.5684E-02 -4.9891E-06 -7.8817E-05
  3.7055E-03 -1.5854E-02 -5.0603E-06 -7.9942E-05
  3.7319E-03 -1.6027E-02 -5.1325E-06 -8.1083E-05
  3.7584E-03 -1.6201E-02 -5.2057E-06 -8.2240E-05
  3.7851E-03 -1.6377E-02 -5.2800E-06 -8.3413E-05
  3.8120E-03 -1.6555E-02 -5.3553E-06 -8.4603E-05
  3.8391E-03 -1.6734E-02 -5.4317E-06 -8.5810E-05
  3.8664E-03 -1.6915E-02 -5.5092E-06 -8.7034E-05
  3.8939E-03 -1.7098E-02 -5.5878E-06 -8.8275E-05
  3.9215E-03 -1.7283E-02 -5.6674E-06 -8.9533E-05
  3.9494E-03 -1.7470E-02 -5.7482E-06 -9.0809E-05
  3.9774E-03 -1.7659E-02 -5.8302E-06 -9.2104E-05
  4.0057E-03 -1.7849E-02 -5.9133E-06 -9.3416E-05
  4.0341E-03 -1.8042E-02 -5.9975E-06 -9.4748E-05
  4.0627E-03 -1.8236E-02 -6.0830E-06 -9.6098E-05
  4.0916E-03 -1.8433E-02 -6.1697E-06 -9.7467E-05
  4.1206E-03 -1.8631E-02 -6.2575E-06 -9.8855E-05
  4.1499E-03 -1.8831E-02 -6.3467E-06 -1.0026E-04
  4.1793E-03 -1.9033E-02 -6.4371E-06 -1.0169E-04
  4.2089E-03 -1.9238E-02 -6.5287E-06 -1.0314E-04
  4.2388E-03 -1.9444E-02 -6.6217E-06 -1.0461E-04
  4.2689E-03 -1.9652E-02 -6.7159E-06 -1.0610E-04
  4.2991E-03 -1.9862E-02 -6.8115E-06 -1.0761E-04
  4.3296E-03 -2.0075E-02 -6.9085E-06 -1.0914E-04
  4.3603E-03 -2.0289E-02 -7.0068E-06 -1.1069E-04
  4.3912E-03 -2.0506E-02 -7.1065E-06 -1.1227E-04
  4.4224E-03 -2.0724E-02 -7.2076E-06 -1.1386E-04
  4.4537E-03 -2.0945E-02 -7.3102E-06 -1.1548E-04
  4.4853E-03 -2.1168E-02 -7.4141E-06 -1.1712E-04
  4.5170E-03 -2.1393E-02 -7.5196E-06 -1.1879E-04
  4.5490E-03 -2.1621E-02 -7.6265E-06 -1.2048E-04
  4.5813E-03 -2.1850E-02 -7.7350E-06 -1.2219E-04
  4.6137E-03 -2.2082E-02 -7.8450E-06 -1.2393E-04
  4.6464E-03 -2.2316E-02 -7.9565E-06 -1.2569E-04
  4.6793E-03 -2.2552E-02 -8.0696E-06 -1.2748E-04
  4.7124E-03 -2.2791E-02 -8.1843E-06 -1.2929E-04
  4.7458E-03 -2.3032E-02 -8.3006E-06 -1.3113E-04
  4.7794E-03 -2.3275E-02 -8.4185E-06 -1.3299E-04
  4.8132E-03 -2.3520E-02 -8.5382E-06 -1.3488E-04
  4.8473E-03 -2.3768E-02 -8.6595E-06 -1.3680E-04
  4.8816E-03 -2.4018E-02 -8.7825E-06 -1.3874E-04
  4.9162E-03 -2.4270E-02 -8.9072E-06 -1.4071E-04
  4.9509E-03 -2.4525E-02 -9.0337E-06 -1.4271E-04
  4.9860E-03 -2.4783E-02 -9.1620E-06 -1.4473E-04
  5.0212E-03 -2.5042E-02 -9.2921E-06 -1.4679E-04
  5.0568E-03 -2.5305E-02 -9.4241E-06 -1.4887E-04
  5.0925E-03 -2.5569E-02 -9.5578E-06 -1.5099E-04
  5.1285E-03 -2.5836E-02 -9.6935E-06 -1.5313E-04
  5.1648E-03 -2.6106E-02 -9.8311E-06 -1.5530E-04
  5.2013E-03 -2.6378E-02 -9.9706E-06 -1.5751E-04
  5.2381E-03 -2.6653E-02 -1.0112E-05 -1.5974E-04
  5.2751E-03 -2.6930E-02 -1.0256E-05 -1.6201E-04
  5.3124E-03 -2.7210E-02 -1.0401E-05 -1.6431E-04
  5.3500E-03 -2.7492E-02 -1.0549E-05 -1.6664E-04
  5.3878E-03 -2.7777E-02 -1.0698E-05 -1.6900E-04
  5.4258E-03 -2.8065E-02 -1.0850E-05 -1.7140E-04
  5.4642E-03 -2.8355E-02 -1.1004E-05 -1.7383E-04
  5.5028E-03 -2.8648E-02 -1.1160E-05 -1.7629E-04
  5.5416E-03 -2.8944E-02 -1.1318E-05 -1.7879E-04
  5.5808E-03 -2.9242E-02 -1.1479E-05 -1.8133E-04
  5.6202E-03 -2.9543E-02 -1.1641E-05 -1.8390E-04
  5.6599E-03 -2.9847E-02 -1.1807E-05 -1.8650E-04
  5.6999E-03 -3.0153E-02 -1.1974E-05 -1.8915E-04
  5.7401E-03 -3.0462E-02 -1.2144E-05 -1.9183E-04
  5.7806E-03 -3.0774E-02 -1.2316E-05 -1.9454E-04
  5.8215E-03 -3.1089E-02 -1.2490E-05 -1.9730E-04
  5.8626E-03 -3.1407E-02 -1.2667E-05 -2.0010E-04
  5.9039E-03 -3.1727E-02 -1.2847E-05 -2.0293E-04
  5.9456E-03 -3.2050E-02 -1.3029E-05 -2.0581E-04
  5.9876E-03 -3.2377E-02 -1.3213E-05 -2.0872E-04
  6.0298E-03 -3.2706E-02 -1.3400E-05 -2.1168E-04
  6.0724E-03 -3.3038E-02 -1.3590E-05 -2.1467E-04
  6.1152E-03 -3.3372E-02 -1.3783E-05 -2.1771E-04
  6.1583E-03 -3.3710E-02 -1.3978E-05 -2.2080E-04
  6.2018E-03 -3.4051E-02 -1.4176E-05 -2.2392E-04
  6.2455E-03 -3.4395E-02 -1.4377E-05 -2.2709E-04
  6.2896E-03 -3.4741E-02 -1.4580E-05 -2.3031E-04
  6.3339E-03 -3.5091E-02 -1.4786E-05 -2.3357E-04
  6.3786E-03 -3.5444E-02 -1.4996E-05 -2.3687E-04
  6.4236E-03 -3.5799E-02 -1.5208E-05 -2.4023E-04
  6.4689E-03 -3.6158E-02 -1.5423E-05 -2.4362E-04
  6.5145E-03 -3.6520E-02 -1.5642E-05 -2.4707E-04
  6.5604E-03 -3.6885E-02 -1.5863E-05 -2.5057E-04
  6.6067E-03 -3.7253E-02 -1.6087E-05 -2.5411E-04
  6.6532E-03 -3.7624E-02 -1.6315E-05 -2.5771E-04
  6.7001E-03 -3.7998E-02 -1.6546E-05 -2.6135E-04
  6.7473E-03 -3.8375E-02 -1.6780E-05 -2.6505E-04
  6.7949E-03 -3.8756E-02 -1.7017E-05 -2.6880E-04
  6.8428E-03 -3.9140E-02 -1.7258E-05 -2.7260E-04
  6.8910E-03 -3.9526E-02 -1.7502E-05 -2.7645E-04
  6.9395E-03 -3.9916E-02 -1.7750E-05 -2.8036E-04
  6.9884E-03 -4.0310E-02 -1.8001E-05 -2.8433E-04
  7.0376E-03 -4.0706E-02 -1.8255E-05 -2.8835E-04
  7.0872E-03 -4.1106E-02 -1.8513E-05 -2.9242E-04
  7.1371E-03 -4.1509E-02 -1.8775E-05 -2.9656E-04
  7.1874E-03 -4.1915E-02 -1.9040E-05 -3.0075E-04
  7.2380E-03 -4.2324E-02 -1.9310E-05 -3.0500E-04
  7.2890E-03 -4.2737E-02 -1.9583E-05 -3.0931E-04
  7.3403E-03 -4.3153E-02 -1.9859E-05 -3.1368E-04
  7.3920E-03 -4.3572E-02 -2.0140E-05 -3.1811E-04
  7.4440E-03 -4.3995E-02 -2.0425E-05 -3.2261E-04
  7.4964E-03 -4.4421E-02 -2.0713E-05 -3.2716E-04
  7.5492E-03 -4.4850E-02 -2.1006E-05 -3.3178E-04
  7.6023E-03 -4.5283E-02 -2.1303E-05 -3.3647E-04
  7.6558E-03 -4.5719E-02 -2.1604E-05 -3.4122E-04
  7.7097E-03 -4.6158E-02 -2.1909E-05 -3.4604E-04
  7.7640E-03 -4.6601E-02 -2.2219E-05 -3.5093E-04
  7.8186E-03 -4.7047E-02 -2.2532E-05 -3.5589E-04
  7.8736E-03 -4.7496E-02 -2.2851E-05 -3.6091E-04
  7.9290E-03 -4.7949E-02 -2.3173E-05 -3.6601E-04
  7.9848E-03 -4.8406E-02 -2.3501E-05 -3.7118E-04
  8.0410E-03 -4.8865E-02 -2.3833E-05 -3.7642E-04
  8.0975E-03 -4.9329E-02 -2.4169E-05 -3.8173E-04
  8.1545E-03 -4.9795E-02 -2.4510E-05 -3.8712E-04
  8.2119E-03 -5.0265E-02 -2.4857E-05 -3.9258E-04
  8.2696E-03 -5.0739E-02 -2.5208E-05 -3.9813E-04
  8.3278E-03 -5.1216E-02 -2.5563E-05 -4.0374E-04
  8.3863E-03 -5.1696E-02 -2.5924E-05 -4.0944E-04
  8.4453E-03 -5.2180E-02 -2.6290E-05 -4.1522E-04
  8.5047E-03 -5.2667E-02 -2.6661E-05 -4.2108E-04
  8.5645E-03 -5.3158E-02 -2.7038E-05 -4.2702E-04
  8.6247E-03 -5.3652E-02 -2.7419E-05 -4.3305E-04
  8.6853E-03 -5.4149E-02 -2.7806E-05 -4.3916E-04
  8.7464E-03 -5.4651E-02 -2.8199E-05 -4.4535E-04
  8.8079E-03 -5.5155E-02 -2.8597E-05 -4.5163E-04
  8.8698E-03 -5.5663E-02 -2.9000E-05 -4.5800E-04
  8.9321E-03 -5.6175E-02 -2.9409E-05 -4.6446E-04
  8.9949E-03 -5.6690E-02 -2.9824E-05 -4.7102E-04
  9.0581E-03 -5.7208E-02 -3.0245E-05 -4.7766E-04
  9.1218E-03 -5.7730E-02 -3.0672E-05 -4.8439E-04
  9.1859E-03 -5.8255E-02 -3.1105E-05 -4.9123E-04
  9.2504E-03 -5.8784E-02 -3.1543E-05 -4.9815E-04
  9.3154E-03 -5.9316E-02 -3.1988E-05 -5.0518E-04
  9.3808E-03 -5.9852E-02 -3.2439E-05 -5.1230E-04
  9.4467E-03 -6.0391E-02 -3.2897E-05 -5.1952E-04
  9.5131E-03 -6.0934E-02 -3.3361E-05 -5.2684E-04
  9.5799E-03 -6.1480E-02 -3.3831E-05 -5.3427E-04
  9.6472E-03 -6.2029E-02 -3.4309E-05 -5.4180E-04
  9.7150E-03 -6.2582E-02 -3.4792E-05 -5.4944E-04
  9.7832E-03 -6.3138E-02 -3.5283E-05 -5.5718E-04
  9.8519E-03 -6.3698E-02 -3.5780E-05 -5.6504E-04
  9.9211E-03 -6.4260E-02 -3.6285E-05 -5.7300E-04
  9.9908E-03 -6.4827E-02 -3.6797E-05 -5.8107E-04
  1.0061E-02 -6.5396E-02 -3.7315E-05 -5.8926E-04
  1.0132E-02 -6.5969E-02 -3.7841E-05 -5.9757E-04
  1.0203E-02 -6.6546E-02 -3.8375E-05 -6.0599E-04
  1.0274E-02 -6.7125E-02 -3.8916E-05 -6.1452E-04
  1.0346E-02 -6.7708E-02 -3.9464E-05 -6.2318E-04
  1.0419E-02 -6.8294E-02 -4.0021E-05 -6.3196E-04
  1.0492E-02 -6.8884E-02 -4.0585E-05 -6.4086E-04
  1.0566E-02 -6.9476E-02 -4.1157E-05 -6.4989E-04
  1.0640E-02 -7.0072E-02 -4.1737E-05 -6.5904E-04
  1.0715E-02 -7.0671E-02 -4.2325E-05 -6.6833E-04
  1.0790E-02 -7.1273E-02 -4.2921E-05 -6.7774E-04
  1.0866E-02 -7.1879E-02 -4.3526E-05 -6.8728E-04
  1.0942E-02 -7.2487E-02 -4.4139E-05 -6.9696E-04
  1.1019E-02 -7.3098E-02 -4.4761E-05 -7.0678E-04
  1.1096E-02 -7.3713E-02 -4.5392E-05 -7.1673E-04
  1.1174E-02 -7.4331E-02 -4.6031E-05 -7.2682E-04
  1.1252E-02 -7.4951E-02 -4.6680E-05 -7.3706E-04
  1.1331E-02 -7.5575E-02 -4.7337E-05 -7.4743E-04
  1.1411E-02 -7.6201E-02 -4.8004E-05 -7.5796E-04
  1.1491E-02 -7.6831E-02 -4.8681E-05 -7.6863E-04
  1.1571E-02 -7.7463E-02 -4.9366E-05 -7.7945E-04
  1.1653E-02 -7.8098E-02 -5.0062E-05 -7.9042E-04
  1.1734E-02 -7.8736E-02 -5.0767E-05 -8.0154E-04
  1.1817E-02 -7.9376E-02 -5.1482E-05 -8.1283E-04
  1.1899E-02 -8.0020E-02 -5.2207E-05 -8.2427E-04
  1.1983E-02 -8.0666E-02 -5.2942E-05 -8.3587E-04
  1.2067E-02 -8.1314E-02 -5.3688E-05 -8.4763E-04
  1.2152E-02 -8.1966E-02 -5.4444E-05 -8.5956E-04
  1.2237E-02 -8.2619E-02 -5.5210E-05 -8.7165E-04
  1.2323E-02 -8.3276E-02 -5.5988E-05 -8.8392E-04
  1.2409E-02 -8.3934E-02 -5.6776E-05 -8.9636E-04
  1.2496E-02 -8.4595E-02 -5.7576E-05 -9.0897E-04
  1.2584E-02 -8.5259E-02 -5.8386E-05 -9.2176E-04
  1.2672E-02 -8.5925E-02 -5.9208E-05 -9.3472E-04
  1.2761E-02 -8.6592E-02 -6.0042E-05 -9.4787E-04
  1.2850E-02 -8.7263E-02 -6.0887E-05 -9.6121E-04
  1.2940E-02 -8.7935E-02 -6.1744E-05 -9.7473E-04
  1.3031E-02 -8.8609E-02 -6.2614E-05 -9.8844E-04
  1.3122E-02 -8.9285E-02 -6.3495E-05 -1.0023E-03
  1.3214E-02 -8.9964E-02 -6.4389E-05 -1.0164E-03
  1.3307E-02 -9.0644E-02 -6.5295E-05 -1.0307E-03
  1.3400E-02 -9.1326E-02 -6.6214E-05 -1.0452E-03
  1.3494E-02 -9.2009E-02 -6.7146E-05 -1.0599E-03
  1.3589E-02 -9.2694E-02 -6.8091E-05 -1.0748E-03
  1.3684E-02 -9.3381E-02 -6.9050E-05 -1.0900E-03
  1.3780E-02 -9.4070E-02 -7.0022E-05 -1.1053E-03
  1.3876E-02 -9.4760E-02 -7.1007E-05 -1.1208E-03
  1.3974E-02 -9.5451E-02 -7.2006E-05 -1.1366E-03
  1.4072E-02 -9.6143E-02 -7.3020E-05 -1.1526E-03
  1.4170E-02 -9.6837E-02 -7.4047E-05 -1.1688E-03
  1.4269E-02 -9.7532E-02 -7.5089E-05 -1.1852E-03
  1.4369E-02 -9.8227E-02 -7.6146E-05 -1.2019E-03
  1.4470E-02 -9.8924E-02 -7.7217E-05 -1.2188E-03
  1.4571E-02 -9.9622E-02 -7.8304E-05 -1.2359E-03
  1.4673E-02 -1.0032E-01 -7.9406E-05 -1.2533E-03
  1.4776E-02 -1.0102E-01 -8.0523E-05 -1.2709E-03
  1.4880E-02 -1.0172E-01 -8.1656E-05 -1.2887E-03
  1.4984E-02 -1.0242E-01 -8.2805E-05 -1.3069E-03
  1.5089E-02 -1.0312E-01 -8.3970E-05 -1.3252E-03
  1.5195E-02 -1.0382E-01 -8.5151E-05 -1.3438E-03
  1.5301E-02 -1.0452E-01 -8.6349E-05 -1.3627E-03
  1.5408E-02 -1.0522E-01 -8.7564E-05 -1.3819E-03
  1.5516E-02 -1.0592E-01 -8.8796E-05 -1.4013E-03
  1.5625E-02 -1.0662E-01 -9.0045E-05 -1.4210E-03
  1.5734E-02 -1.0732E-01 -9.1312E-05 -1.4410E-03
  1.5844E-02 -1.0802E-01 -9.2596E-05 -1.4612E-03
  1.5955E-02 -1.0872E-01 -9.3899E-05 -1.4817E-03
  1.6067E-02 -1.0942E-01 -9.5220E-05 -1.5025E-03
  1.6180E-02 -1.1012E-01 -9.6559E-05 -1.5237E-03
  1.6293E-02 -1.1082E-01 -9.7917E-05 -1.5451E-03
  1.6407E-02 -1.1151E-01 -9.9295E-05 -1.5668E-03
  1.6522E-02 -1.1221E-01 -1.0069E-04 -1.5888E-03
  1.6638E-02 -1.1290E-01 -1.0211E-04 -1.6111E-03
  1.6754E-02 -1.1360E-01 -1.0354E-04 -1.6337E-03
  1.6871E-02 -1.1429E-01 -1.0500E-04 -1.6567E-03
  1.6989E-02 -1.1498E-01 -1.0648E-04 -1.6799E-03
  1.7108E-02 -1.1566E-01 -1.0797E-04 -1.7035E-03
  1.7228E-02 -1.1635E-01 -1.0949E-04 -1.7275E-03
  1.7349E-02 -1.1703E-01 -1.1103E-04 -1.7517E-03
  1.7470E-02 -1.1771E-01 -1.1259E-04 -1.7763E-03
  1.7592E-02 -1.1839E-01 -1.1418E-04 -1.8013E-03
  1.7716E-02 -1.1907E-01 -1.1578E-04 -1.8266E-03
  1.7840E-02 -1.1974E-01 -1.1741E-04 -1.8522E-03
  1.7964E-02 -1.2041E-01 -1.1906E-04 -1.8782E-03
  1.8090E-02 -1.2108E-01 -1.2074E-04 -1.9046E-03
  1.8217E-02 -1.2174E-01 -1.2244E-04 -1.9313E-03
  1.8344E-02 -1.2241E-01 -1.2416E-04 -1.9584E-03
  1.8473E-02 -1.2306E-01 -1.2590E-04 -1.9859E-03
  1.8602E-02 -1.2372E-01 -1.2767E-04 -2.0138E-03
  1.8732E-02 -1.2437E-01 -1.2947E-04 -2.0421E-03
  1.8863E-02 -1.2501E-01 -1.3129E-04 -2.0708E-03
  1.8995E-02 -1.2565E-01 -1.3314E-04 -2.0998E-03
  1.9128E-02 -1.2629E-01 -1.3501E-04 -2.1293E-03
  1.9262E-02 -1.2692E-01 -1.3691E-04 -2.1592E-03
  1.9397E-02 -1.2755E-01 -1.3883E-04 -2.1895E-03
  1.9532E-02 -1.2817E-01 -1.4078E-04 -2.2202E-03
  1.9669E-02 -1.2879E-01 -1.4276E-04 -2.2514E-03
  1.9807E-02 -1.2940E-01 -1.4477E-04 -2.2830E-03
  1.9945E-02 -1.3001E-01 -1.4681E-04 -2.3150E-03
  2.0085E-02 -1.3061E-01 -1.4887E-04 -2.3475E-03
  2.0225E-02 -1.3120E-01 -1.5096E-04 -2.3805E-03
  2.0367E-02 -1.3179E-01 -1.5309E-04 -2.4139E-03
  2.0509E-02 -1.3237E-01 -1.5524E-04 -2.4478E-03
  2.0653E-02 -1.3295E-01 -1.5742E-04 -2.4821E-03
  2.0797E-02 -1.3352E-01 -1.5963E-04 -2.5169E-03
  2.0943E-02 -1.3408E-01 -1.6188E-04 -2.5522E-03
  2.1089E-02 -1.3463E-01 -1.6415E-04 -2.5881E-03
  2.1237E-02 -1.3518E-01 -1.6646E-04 -2.6244E-03
  2.1385E-02 -1.3572E-01 -1.6880E-04 -2.6612E-03
  2.1535E-02 -1.3625E-01 -1.7118E-04 -2.6985E-03
  2.1685E-02 -1.3677E-01 -1.7358E-04 -2.7364E-03
  2.1837E-02 -1.3728E-01 -1.7602E-04 -2.7748E-03
  2.1990E-02 -1.3779E-01 -1.7850E-04 -2.8137E-03
  2.2143E-02 -1.3828E-01 -1.8101E-04 -2.8532E-03
  2.2298E-02 -1.3877E-01 -1.8355E-04 -2.8932E-03
  2.2454E-02 -1.3925E-01 -1.8613E-04 -2.9338E-03
  2.2611E-02 -1.3971E-01 -1.8875E-04 -2.9749E-03
  2.2769E-02 -1.4017E-01 -1.9141E-04 -3.0166E-03
  2.2929E-02 -1.4062E-01 -1.9410E-04 -3.0590E-03
  2.3089E-02 -1.4106E-01 -1.9683E-04 -3.1019E-03
  2.3250E-02 -1.4148E-01 -1.9959E-04 -3.1454E-03
  2.3413E-02 -1.4190E-01 -2.0240E-04 -3.1895E-03
  2.3577E-02 -1.4230E-01 -2.0524E-04 -3.2342E-03
  2.3742E-02 -1.4270E-01 -2.0813E-04 -3.2796E-03
  2.3908E-02 -1.4308E-01 -2.1106E-04 -3.3255E-03
  2.4075E-02 -1.4345E-01 -2.1402E-04 -3.3722E-03
  2.4243E-02 -1.4380E-01 -2.1703E-04 -3.4195E-03
  2.4412E-02 -1.4415E-01 -2.2009E-04 -3.4674E-03
  2.4583E-02 -1.4448E-01 -2.2318E-04 -3.5160E-03
  2.4755E-02 -1.4479E-01 -2.2632E-04 -3.5653E-03
  2.4928E-02 -1.4510E-01 -2.2950E-04 -3.6153E-03
  2.5102E-02 -1.4539E-01 -2.3273E-04 -3.6660E-03
  2.5278E-02 -1.4567E-01 -2.3600E-04 -3.7174E-03
  2.5454E-02 -1.4593E-01 -2.3932E-04 -3.7695E-03
  2.5632E-02 -1.4618E-01 -2.4268E-04 -3.8223E-03
  2.5812E-02 -1.4641E-01 -2.4610E-04 -3.8759E-03
  2.5992E-02 -1.4663E-01 -2.4956E-04 -3.9303E-03
  2.6174E-02 -1.4683E-01 -2.5307E-04 -3.9854E-03
  2.6357E-02 -1.4701E-01 -2.5663E-04 -4.0412E-03
  2.6541E-02 -1.4719E-01 -2.6023E-04 -4.0979E-03
  2.6726E-02 -1.4734E-01 -2.6389E-04 -4.1553E-03
  2.6913E-02 -1.4748E-01 -2.6761E-04 -4.2135E-03
  2.7101E-02 -1.4760E-01 -2.7137E-04 -4.2726E-03
  2.7291E-02 -1.4770E-01 -2.7519E-04 -4.3325E-03
  2.7481E-02 -1.4779E-01 -2.7906E-04 -4.3932E-03
  2.7673E-02 -1.4785E-01 -2.8298E-04 -4.4547E-03
  2.7867E-02 -1.4790E-01 -2.8696E-04 -4.5172E-03
  2.8062E-02 -1.4793E-01 -2.9100E-04 -4.5805E-03
  2.8258E-02 -1.4795E-01 -2.9509E-04 -4.6447E-03
  2.8455E-02 -1.4794E-01 -2.9924E-04 -4.7097E-03
  2.8654E-02 -1.4791E-01 -3.0345E-04 -4.7757E-03
  2.8854E-02 -1.4787E-01 -3.0772E-04 -4.8426E-03
  2.9056E-02 -1.4780E-01 -3.1205E-04 -4.9105E-03
  2.9259E-02 -1.4771E-01 -3.1643E-04 -4.9793E-03
  2.9463E-02 -1.4761E-01 -3.2089E-04 -5.0490E-03
  2.9669E-02 -1.4748E-01 -3.2540E-04 -5.1198E-03
  2.9877E-02 -1.4733E-01 -3.2998E-04 -5.1915E-03
  3.0085E-02 -1.4716E-01 -3.3462E-04 -5.2642E-03
  3.0296E-02 -1.4696E-01 -3.3933E-04 -5.3380E-03
  3.0507E-02 -1.4675E-01 -3.4410E-04 -5.4127E-03
  3.0720E-02 -1.4651E-01 -3.4894E-04 -5.4886E-03
  3.0935E-02 -1.4625E-01 -3.5385E-04 -5.5654E-03
  3.1151E-02 -1.4597E-01 -3.5883E-04 -5.6434E-03
  3.1369E-02 -1.4566E-01 -3.6388E-04 -5.7224E-03
  3.1588E-02 -1.4533E-01 -3.6900E-04 -5.8026E-03
  3.1809E-02 -1.4497E-01 -3.7419E-04 -5.8838E-03
  3.2031E-02 -1.4460E-01 -3.7946E-04 -5.9662E-03
  3.2255E-02 -1.4419E-01 -3.8480E-04 -6.0498E-03
  3.2480E-02 -1.4376E-01 -3.9021E-04 -6.1345E-03
  3.2707E-02 -1.4331E-01 -3.9570E-04 -6.2204E-03
  3.2935E-02 -1.4283E-01 -4.0127E-04 -6.3075E-03
  3.3165E-02 -1.4232E-01 -4.0692E-04 -6.3958E-03
  3.3397E-02 -1.4179E-01 -4.1265E-04 -6.4854E-03
  3.3630E-02 -1.4124E-01 -4.1846E-04 -6.5762E-03
  3.3865E-02 -1.4065E-01 -4.2435E-04 -6.6682E-03
  3.4102E-02 -1.4004E-01 -4.3032E-04 -6.7616E-03
  3.4340E-02 -1.3940E-01 -4.3638E-04 -6.8563E-03
  3.4580E-02 -1.3873E-01 -4.4252E-04 -6.9522E-03
  3.4821E-02 -1.3804E-01 -4.4875E-04 -7.0496E-03
  3.5065E-02 -1.3732E-01 -4.5507E-04 -7.1482E-03
  3.5310E-02 -1.3657E-01 -4.6147E-04 -7.2483E-03
  3.5556E-02 -1.3579E-01 -4.6797E-04 -7.3498E-03
  3.5804E-02 -1.3498E-01 -4.7456E-04 -7.4526E-03
  3.6055E-02 -1.3415E-01 -4.8124E-04 -7.5569E-03
  3.6306E-02 -1.3328E-01 -4.8802E-04 -7.6627E-03
  3.6560E-02 -1.3238E-01 -4.9489E-04 -7.7699E-03
  3.6815E-02 -1.3146E-01 -5.0186E-04 -7.8787E-03
  3.7072E-02 -1.3050E-01 -5.0893E-04 -7.9889E-03
  3.7331E-02 -1.2952E-01 -5.1610E-04 -8.1007E-03
  3.7592E-02 -1.2850E-01 -5.2337E-04 -8.2141E-03
  3.7855E-02 -1.2746E-01 -5.3074E-04 -8.3290E-03
  3.8119E-02 -1.2638E-01 -5.3822E-04 -8.4456E-03
  3.8385E-02 -1.2527E-01 -5.4580E-04 -8.5637E-03
  3.8653E-02 -1.2413E-01 -5.5349E-04 -8.6835E-03
  3.8923E-02 -1.2296E-01 -5.6129E-04 -8.8050E-03
  3.9195E-02 -1.2176E-01 -5.6920E-04 -8.9282E-03
  3.9469E-02 -1.2052E-01 -5.7722E-04 -9.0531E-03
  3.9744E-02 -1.1926E-01 -5.8535E-04 -9.1798E-03
  4.0022E-02 -1.1796E-01 -5.9360E-04 -9.3082E-03
  4.0301E-02 -1.1663E-01 -6.0197E-04 -9.4384E-03
  4.0583E-02 -1.1527E-01 -6.1045E-04 -9.5704E-03
  4.0866E-02 -1.1387E-01 -6.1906E-04 -9.7042E-03
  4.1151E-02 -1.1244E-01 -6.2779E-04 -9.8400E-03
  4.1439E-02 -1.1098E-01 -6.3664E-04 -9.9776E-03
  4.1728E-02 -1.0949E-01 -6.4561E-04 -1.0117E-02
  4.2019E-02 -1.0797E-01 -6.5471E-04 -1.0259E-02
  4.2313E-02 -1.0641E-01 -6.6395E-04 -1.0402E-02
  4.2608E-02 -1.0482E-01 -6.7331E-04 -1.0548E-02
  4.2906E-02 -1.0319E-01 -6.8281E-04 -1.0695E-02
  4.3205E-02 -1.0153E-01 -6.9244E-04 -1.0845E-02
  4.3507E-02 -9.9841E-02 -7.0220E-04 -1.0996E-02
  4.3811E-02 -9.8117E-02 -7.1211E-04 -1.1150E-02
  4.4116E-02 -9.6360E-02 -7.2215E-04 -1.1306E-02
  4.4424E-02 -9.4570E-02 -7.3234E-04 -1.1464E-02
  4.4735E-02 -9.2746E-02 -7.4268E-04 -1.1624E-02
  4.5047E-02 -9.0889E-02 -7.5316E-04 -1.1787E-02
  4.5361E-02 -8.9000E-02 -7.6378E-04 -1.1951E-02
  4.5678E-02 -8.7077E-02 -7.7456E-04 -1.2118E-02
  4.5997E-02 -8.5122E-02 -7.8550E-04 -1.2288E-02
  4.6318E-02 -8.3133E-02 -7.9659E-04 -1.2459E-02
  4.6641E-02 -8.1112E-02 -8.0783E-04 -1.2634E-02
  4.6967E-02 -7.9059E-02 -8.1924E-04 -1.2810E-02
  4.7295E-02 -7.6973E-02 -8.3080E-04 -1.2989E-02
  4.7625E-02 -7.4854E-02 -8.4254E-04 -1.3171E-02
  4.7958E-02 -7.2704E-02 -8.5443E-04 -1.3355E-02
  4.8292E-02 -7.0521E-02 -8.6650E-04 -1.3541E-02
  4.8629E-02 -6.8307E-02 -8.7874E-04 -1.3730E-02
  4.8969E-02 -6.6061E-02 -8.9116E-04 -1.3922E-02
  4.9311E-02 -6.3783E-02 -9.0375E-04 -1.4117E-02
  4.9655E-02 -6.1475E-02 -9.1652E-04 -1.4314E-02
  5.0002E-02 -5.9135E-02 -9.2947E-04 -1.4514E-02
  5.0351E-02 -5.6765E-02 -9.4260E-04 -1.4717E-02
  5.0702E-02 -5.4365E-02 -9.5593E-04 -1.4922E-02
  5.1056E-02 -5.1935E-02 -9.6944E-04 -1.5131E-02
  5.1412E-02 -4.9474E-02 -9.8315E-04 -1.5342E-02
  5.1771E-02 -4.6985E-02 -9.9705E-04 -1.5556E-02
  5.2132E-02 -4.4467E-02 -1.0111E-03 -1.5773E-02
  5.2496E-02 -4.1920E-02 -1.0254E-03 -1.5994E-02
  5.2863E-02 -3.9345E-02 -1.0399E-03 -1.6217E-02
  5.3232E-02 -3.6742E-02 -1.0547E-03 -1.6443E-02
  5.3603E-02 -3.4112E-02 -1.0696E-03 -1.6673E-02
  5.3977E-02 -3.1455E-02 -1.0847E-03 -1.6906E-02
  5.4354E-02 -2.8771E-02 -1.1001E-03 -1.7142E-02
  5.4733E-02 -2.6062E-02 -1.1156E-03 -1.7381E-02
  5.5115E-02 -2.3327E-02 -1.1314E-03 -1.7624E-02
  5.5500E-02 -2.0568E-02 -1.1474E-03 -1.7869E-02
  5.5887E-02 -1.7784E-02 -1.1637E-03 -1.8119E-02
  5.6278E-02 -1.4977E-02 -1.1802E-03 -1.8372E-02
  5.6670E-02 -1.2146E-02 -1.1969E-03 -1.8628E-02
  5.7066E-02 -9.2933E-03 -1.2138E-03 -1.8888E-02
  5.7464E-02 -6.4185E-03 -1.2310E-03 -1.9152E-02
  5.7865E-02 -3.5227E-03 -1.2485E-03 -1.9419E-02
  5.8269E-02 -6.0636E-04 -1.2662E-03 -1.9690E-02
  5.8676E-02  2.3297E-03 -1.2841E-03 -1.9964E-02
  5.9085E-02  5.2848E-03 -1.3023E-03 -2.0243E-02
  5.9497E-02  8.2581E-03 -1.3208E-03 -2.0525E-02
  5.9913E-02  1.1249E-02 -1.3395E-03 -2.0811E-02
  6.0331E-02  1.4256E-02 -1.3585E-03 -2.1102E-02
  6.0752E-02  1.7280E-02 -1.3778E-03 -2.1396E-02
  6.1176E-02  2.0318E-02 -1.3973E-03 -2.1694E-02
  6.1603E-02  2.3370E-02 -1.4171E-03 -2.1997E-02
  6.2032E-02  2.6436E-02 -1.4373E-03 -2.2303E-02
  6.2465E-02  2.9514E-02 -1.4577E-03 -2.2614E-02
  6.2901E-02  3.2604E-02 -1.4784E-03 -2.2930E-02
  6.3340E-02  3.5704E-02 -1.4993E-03 -2.3249E-02
  6.3782E-02  3.8813E-02 -1.5206E-03 -2.3573E-02
  6.4227E-02  4.1931E-02 -1.5422E-03 -2.3902E-02
  6.4675E-02  4.5057E-02 -1.5641E-03 -2.4235E-02
  6.5127E-02  4.8189E-02 -1.5864E-03 -2.4573E-02
  6.5581E-02  5.1326E-02 -1.6089E-03 -2.4915E-02
  6.6039E-02  5.4468E-02 -1.6318E-03 -2.5262E-02
  6.6499E-02  5.7613E-02 -1.6550E-03 -2.5614E-02
  6.6963E-02  6.0759E-02 -1.6785E-03 -2.5971E-02
  6.7431E-02  6.3907E-02 -1.7024E-03 -2.6333E-02
  6.7901E-02  6.7055E-02 -1.7266E-03 -2.6699E-02
  6.8375E-02  7.0201E-02 -1.7512E-03 -2.7071E-02
  6.8852E-02  7.3344E-02 -1.7761E-03 -2.7448E-02
  6.9332E-02  7.6483E-02 -1.8014E-03 -2.7831E-02
  6.9816E-02  7.9618E-02 -1.8270E-03 -2.8218E-02
  7.0303E-02  8.2745E-02 -1.8530E-03 -2.8611E-02
  7.0794E-02  8.5866E-02 -1.8794E-03 -2.9009E-02
  7.1288E-02  8.8977E-02 -1.9062E-03 -2.9413E-02
  7.1785E-02  9.2077E-02 -1.9334E-03 -2.9822E-02
  7.2286E-02  9.5166E-02 -1.9609E-03 -3.0237E-02
  7.2790E-02  9.8242E-02 -1.9889E-03 -3.0658E-02
  7.3298E-02  1.0130E-01 -2.0173E-03 -3.1085E-02
  7.3810E-02  1.0435E-01 -2.0460E-03 -3.1517E-02
  7.4325E-02  1.0738E-01 -2.0752E-03 -3.1956E-02
  7.4843E-02  1.1039E-01 -2.1048E-03 -3.2400E-02
  7.5365E-02  1.1338E-01 -2.1349E-03 -3.2851E-02
  7.5891E-02  1.1634E-01 -2.1654E-03 -3.3308E-02
  7.6421E-02  1.1929E-01 -2.1963E-03 -3.3771E-02
  7.6954E-02  1.2221E-01 -2.2277E-03 -3.4241E-02
  7.7491E-02  1.2510E-01 -2.2595E-03 -3.4717E-02
  7.8031E-02  1.2797E-01 -2.2918E-03 -3.5199E-02
  7.8576E-02  1.3080E-01 -2.3245E-03 -3.5689E-02
  7.9124E-02  1.3361E-01 -2.3578E-03 -3.6185E-02
  7.9676E-02  1.3638E-01 -2.3915E-03 -3.6688E-02
  8.0232E-02  1.3912E-01 -2.4257E-03 -3.7197E-02
  8.0791E-02  1.4182E-01 -2.4604E-03 -3.7714E-02
  8.1355E-02  1.4449E-01 -2.4957E-03 -3.8238E-02
  8.1922E-02  1.4712E-01 -2.5314E-03 -3.8769E-02
  8.2494E-02  1.4970E-01 -2.5677E-03 -3.9308E-02
  8.3069E-02  1.5225E-01 -2.6044E-03 -3.9854E-02
  8.3649E-02  1.5475E-01 -2.6418E-03 -4.0407E-02
  8.4232E-02  1.5721E-01 -2.6796E-03 -4.0968E-02
  8.4820E-02  1.5962E-01 -2.7181E-03 -4.1537E-02
  8.5412E-02  1.6198E-01 -2.7571E-03 -4.2114E-02
  8.6008E-02  1.6429E-01 -2.7966E-03 -4.2698E-02
  8.6608E-02  1.6655E-01 -2.8368E-03 -4.3291E-02
  8.7212E-02  1.6875E-01 -2.8775E-03 -4.3891E-02
  8.7820E-02  1.7090E-01 -2.9188E-03 -4.4500E-02
  8.8433E-02  1.7299E-01 -2.9608E-03 -4.5118E-02
  8.9050E-02  1.7503E-01 -3.0033E-03 -4.5743E-02
  8.9671E-02  1.7700E-01 -3.0465E-03 -4.6378E-02
  9.0296E-02  1.7891E-01 -3.0903E-03 -4.7021E-02
  9.0926E-02  1.8076E-01 -3.1348E-03 -4.7673E-02
  9.1560E-02  1.8255E-01 -3.1799E-03 -4.8334E-02
  9.2199E-02  1.8426E-01 -3.2257E-03 -4.9004E-02
  9.2842E-02  1.8591E-01 -3.2722E-03 -4.9683E-02
  9.3490E-02  1.8749E-01 -3.3193E-03 -5.0371E-02
  9.4142E-02  1.8900E-01 -3.3672E-03 -5.1069E-02
  9.4799E-02  1.9043E-01 -3.4157E-03 -5.1777E-02
  9.5460E-02  1.9179E-01 -3.4650E-03 -5.2494E-02
  9.6126E-02  1.9307E-01 -3.5150E-03 -5.3221E-02
  9.6796E-02  1.9428E-01 -3.5658E-03 -5.3957E-02
  9.7471E-02  1.9540E-01 -3.6173E-03 -5.4704E-02
  9.8151E-02  1.9645E-01 -3.6695E-03 -5.5462E-02
  9.8836E-02  1.9741E-01 -3.7226E-03 -5.6229E-02
  9.9525E-02  1.9829E-01 -3.7764E-03 -5.7007E-02
  1.0022E-01  1.9908E-01 -3.8310E-03 -5.7796E-02
  1.0092E-01  1.9979E-01 -3.8865E-03 -5.8595E-02
  1.0162E-01  2.0041E-01 -3.9427E-03 -5.9406E-02
  1.0233E-01  2.0094E-01 -3.9998E-03 -6.0227E-02
  1.0304E-01  2.0138E-01 -4.0578E-03 -6.1060E-02
  1.0376E-01  2.0173E-01 -4.1166E-03 -6.1904E-02
  1.0449E-01  2.0198E-01 -4.1763E-03 -6.2759E-02
  1.0522E-01  2.0214E-01 -4.2369E-03 -6.3626E-02
  1.0595E-01  2.0221E-01 -4.2984E-03 -6.4505E-02
  1.0669E-01  2.0217E-01 -4.3609E-03 -6.5396E-02
  1.0743E-01  2.0204E-01 -4.4242E-03 -6.6299E-02
  1.0818E-01  2.0181E-01 -4.4885E-03 -6.7215E-02
  1.0894E-01  2.0148E-01 -4.5538E-03 -6.8142E-02
  1.0970E-01  2.0105E-01 -4.6201E-03 -6.9083E-02
  1.1046E-01  2.0052E-01 -4.6873E-03 -7.0036E-02
  1.1123E-01  1.9988E-01 -4.7556E-03 -7.1002E-02
  1.1201E-01  1.9914E-01 -4.8249E-03 -7.1981E-02
  1.1279E-01  1.9830E-01 -4.8952E-03 -7.2974E-02
  1.1358E-01  1.9735E-01 -4.9666E-03 -7.3980E-02
  1.1437E-01  1.9629E-01 -5.0391E-03 -7.5000E-02
  1.1517E-01  1.9513E-01 -5.1127E-03 -7.6033E-02
  1.1597E-01  1.9386E-01 -5.1874E-03 -7.7081E-02
  1.1678E-01  1.9248E-01 -5.2632E-03 -7.8142E-02
  1.1759E-01  1.9100E-01 -5.3402E-03 -7.9219E-02
  1.1841E-01  1.8940E-01 -5.4184E-03 -8.0309E-02
  1.1924E-01  1.8770E-01 -5.4977E-03 -8.1415E-02
  1.2007E-01  1.8588E-01 -5.5782E-03 -8.2535E-02
  1.2091E-01  1.8396E-01 -5.6600E-03 -8.3670E-02
  1.2175E-01  1.8192E-01 -5.7430E-03 -8.4821E-02
  1.2260E-01  1.7978E-01 -5.8273E-03 -8.5988E-02
  1.2345E-01  1.7753E-01 -5.9128E-03 -8.7170E-02
  1.2432E-01  1.7516E-01 -5.9997E-03 -8.8368E-02
  1.2518E-01  1.7269E-01 -6.0879E-03 -8.9582E-02
  1.2606E-01  1.7010E-01 -6.1775E-03 -9.0812E-02
  1.2693E-01  1.6741E-01 -6.2684E-03 -9.2059E-02
  1.2782E-01  1.6460E-01 -6.3607E-03 -9.3323E-02
  1.2871E-01  1.6169E-01 -6.4544E-03 -9.4604E-02
  1.2961E-01  1.5867E-01 -6.5496E-03 -9.5902E-02
  1.3051E-01  1.5554E-01 -6.6462E-03 -9.7218E-02
  1.3142E-01  1.5230E-01 -6.7444E-03 -9.8551E-02
  1.3234E-01  1.4896E-01 -6.8440E-03 -9.9902E-02
  1.3326E-01  1.4551E-01 -6.9452E-03 -1.0127E-01
  1.3419E-01  1.4195E-01 -7.0479E-03 -1.0266E-01
  1.3513E-01  1.3829E-01 -7.1523E-03 -1.0406E-01
  1.3607E-01  1.3453E-01 -7.2582E-03 -1.0549E-01
  1.3702E-01  1.3066E-01 -7.3658E-03 -1.0693E-01
  1.3797E-01  1.2670E-01 -7.4751E-03 -1.0840E-01
  1.3894E-01  1.2263E-01 -7.5860E-03 -1.0988E-01
  1.3990E-01  1.1847E-01 -7.6987E-03 -1.1138E-01
  1.4088E-01  1.1420E-01 -7.8131E-03 -1.1290E-01
  1.4186E-01  1.0985E-01 -7.9294E-03 -1.1445E-01
  1.4285E-01  1.0540E-01 -8.0474E-03 -1.1601E-01
  1.4385E-01  1.0085E-01 -8.1673E-03 -1.1760E-01
  1.4485E-01  9.6219E-02 -8.2890E-03 -1.1920E-01
  1.4586E-01  9.1496E-02 -8.4127E-03 -1.2083E-01
  1.4688E-01  8.6687E-02 -8.5383E-03 -1.2248E-01
  1.4790E-01  8.1793E-02 -8.6659E-03 -1.2415E-01
  1.4893E-01  7.6816E-02 -8.7954E-03 -1.2584E-01
  1.4997E-01  7.1759E-02 -8.9270E-03 -1.2755E-01
  1.5102E-01  6.6624E-02 -9.0607E-03 -1.2929E-01
  1.5207E-01  6.1413E-02 -9.1965E-03 -1.3105E-01
  1.5313E-01  5.6128E-02 -9.3345E-03 -1.3283E-01
  1.5420E-01  5.0774E-02 -9.4746E-03 -1.3464E-01
  1.5528E-01  4.5351E-02 -9.6169E-03 -1.3647E-01
  1.5636E-01  3.9862E-02 -9.7615E-03 -1.3833E-01
  1.5745E-01  3.4312E-02 -9.9084E-03 -1.4021E-01
  1.5855E-01  2.8701E-02 -1.0058E-02 -1.4211E-01
  1.5965E-01  2.3034E-02 -1.0209E-02 -1.4404E-01
  1.6077E-01  1.7313E-02 -1.0363E-02 -1.4599E-01
  1.6189E-01  1.1542E-02 -1.0520E-02 -1.4798E-01
  1.6301E-01  5.7236E-03 -1.0679E-02 -1.4998E-01
  1.6415E-01 -1.3884E-04 -1.0840E-02 -1.5201E-01
  1.6530E-01 -6.0419E-03 -1.1004E-02 -1.5407E-01
  1.6645E-01 -1.1982E-02 -1.1171E-02 -1.5616E-01
  1.6761E-01 -1.7956E-02 -1.1340E-02 -1.5827E-01
  1.6878E-01 -2.3960E-02 -1.1513E-02 -1.6041E-01
  1.6996E-01 -2.9990E-02 -1.1687E-02 -1.6258E-01
  1.7114E-01 -3.6043E-02 -1.1865E-02 -1.6478E-01
  1.7233E-01 -4.2114E-02 -1.2046E-02 -1.6700E-01
  1.7354E-01 -4.8201E-02 -1.2229E-02 -1.6926E-01
  1.7475E-01 -5.4298E-02 -1.2416E-02 -1.7154E-01
  1.7596E-01 -6.0403E-02 -1.2605E-02 -1.7386E-01
  1.7719E-01 -6.6510E-02 -1.2798E-02 -1.7620E-01
  1.7843E-01 -7.2616E-02 -1.2993E-02 -1.7857E-01
  1.7967E-01 -7.8717E-02 -1.3192E-02 -1.8098E-01
  1.8092E-01 -8.4808E-02 -1.3394E-02 -1.8341E-01
  1.8218E-01 -9.0885E-02 -1.3600E-02 -1.8588E-01
  1.8345E-01 -9.6944E-02 -1.3809E-02 -1.8838E-01
  1.8473E-01 -1.0298E-01 -1.4021E-02 -1.9091E-01
  1.8602E-01 -1.0899E-01 -1.4236E-02 -1.9347E-01
  1.8732E-01 -1.1497E-01 -1.4456E-02 -1.9606E-01
  1.8863E-01 -1.2091E-01 -1.4678E-02 -1.9869E-01
  1.8994E-01 -1.2681E-01 -1.4905E-02 -2.0135E-01
  1.9126E-01 -1.3267E-01 -1.5135E-02 -2.0405E-01
  1.9260E-01 -1.3847E-01 -1.5369E-02 -2.0678E-01
  1.9394E-01 -1.4422E-01 -1.5607E-02 -2.0955E-01
  1.9529E-01 -1.4992E-01 -1.5848E-02 -2.1235E-01
  1.9666E-01 -1.5555E-01 -1.6094E-02 -2.1518E-01
  1.9803E-01 -1.6111E-01 -1.6344E-02 -2.1806E-01
  1.9941E-01 -1.6660E-01 -1.6598E-02 -2.2096E-01
  2.0080E-01 -1.7201E-01 -1.6856E-02 -2.2391E-01
  2.0220E-01 -1.7734E-01 -1.7119E-02 -2.2689E-01
  2.0361E-01 -1.8258E-01 -1.7386E-02 -2.2991E-01
  2.0503E-01 -1.8773E-01 -1.7657E-02 -2.3297E-01
  2.0646E-01 -1.9278E-01 -1.7933E-02 -2.3606E-01
  2.0790E-01 -1.9773E-01 -1.8213E-02 -2.3920E-01
  2.0935E-01 -2.0258E-01 -1.8498E-02 -2.4237E-01
  2.1080E-01 -2.0731E-01 -1.8788E-02 -2.4559E-01
  2.1227E-01 -2.1193E-01 -1.9083E-02 -2.4884E-01
  2.1375E-01 -2.1643E-01 -1.9383E-02 -2.5213E-01
  2.1525E-01 -2.2081E-01 -1.9688E-02 -2.5547E-01
  2.1675E-01 -2.2506E-01 -1.9998E-02 -2.5885E-01
  2.1826E-01 -2.2918E-01 -2.0313E-02 -2.6226E-01
  2.1978E-01 -2.3315E-01 -2.0633E-02 -2.6572E-01
  2.2131E-01 -2.3699E-01 -2.0959E-02 -2.6923E-01
  2.2285E-01 -2.4068E-01 -2.1291E-02 -2.7277E-01
  2.2441E-01 -2.4422E-01 -2.1628E-02 -2.7636E-01
  2.2597E-01 -2.4760E-01 -2.1971E-02 -2.7999E-01
  2.2755E-01 -2.5082E-01 -2.2319E-02 -2.8367E-01
  2.2913E-01 -2.5389E-01 -2.2674E-02 -2.8739E-01
  2.3073E-01 -2.5678E-01 -2.3035E-02 -2.9116E-01
  2.3234E-01 -2.5950E-01 -2.3402E-02 -2.9498E-01
  2.3396E-01 -2.6205E-01 -2.3775E-02 -2.9884E-01
  2.3559E-01 -2.6442E-01 -2.4154E-02 -3.0274E-01
  2.3723E-01 -2.6661E-01 -2.4540E-02 -3.0670E-01
  2.3889E-01 -2.6861E-01 -2.4933E-02 -3.1070E-01
  2.4055E-01 -2.7043E-01 -2.5332E-02 -3.1474E-01
  2.4223E-01 -2.7205E-01 -2.5738E-02 -3.1884E-01
  2.4392E-01 -2.7347E-01 -2.6152E-02 -3.2299E-01
  2.4562E-01 -2.7470E-01 -2.6572E-02 -3.2718E-01
  2.4733E-01 -2.7573E-01 -2.7000E-02 -3.3143E-01
  2.4906E-01 -2.7655E-01 -2.7435E-02 -3.3572E-01
  2.5079E-01 -2.7716E-01 -2.7877E-02 -3.4007E-01
  2.5254E-01 -2.7757E-01 -2.8328E-02 -3.4447E-01
  2.5430E-01 -2.7776E-01 -2.8786E-02 -3.4892E-01
  2.5608E-01 -2.7773E-01 -2.9252E-02 -3.5342E-01
  2.5786E-01 -2.7749E-01 -2.9726E-02 -3.5797E-01
  2.5966E-01 -2.7704E-01 -3.0208E-02 -3.6258E-01
  2.6147E-01 -2.7636E-01 -3.0699E-02 -3.6724E-01
  2.6329E-01 -2.7546E-01 -3.1199E-02 -3.7195E-01
  2.6513E-01 -2.7433E-01 -3.1707E-02 -3.7672E-01
  2.6698E-01 -2.7299E-01 -3.2224E-02 -3.8154E-01
  2.6884E-01 -2.7141E-01 -3.2750E-02 -3.8642E-01
  2.7071E-01 -2.6961E-01 -3.3285E-02 -3.9135E-01
  2.7260E-01 -2.6758E-01 -3.3830E-02 -3.9634E-01
  2.7450E-01 -2.6532E-01 -3.4384E-02 -4.0139E-01
  2.7641E-01 -2.6284E-01 -3.4948E-02 -4.0649E-01
  2.7834E-01 -2.6012E-01 -3.5522E-02 -4.1165E-01
  2.8028E-01 -2.5718E-01 -3.6106E-02 -4.1687E-01
  2.8223E-01 -2.5400E-01 -3.6700E-02 -4.2215E-01
  2.8420E-01 -2.5060E-01 -3.7305E-02 -4.2748E-01
  2.8618E-01 -2.4697E-01 -3.7920E-02 -4.3288E-01
  2.8818E-01 -2.4311E-01 -3.8547E-02 -4.3833E-01
  2.9019E-01 -2.3903E-01 -3.9184E-02 -4.4384E-01
  2.9221E-01 -2.3472E-01 -3.9833E-02 -4.4942E-01
  2.9425E-01 -2.3018E-01 -4.0493E-02 -4.5505E-01
  2.9630E-01 -2.2542E-01 -4.1165E-02 -4.6074E-01
  2.9836E-01 -2.2045E-01 -4.1849E-02 -4.6650E-01
  3.0044E-01 -2.1525E-01 -4.2545E-02 -4.7232E-01
  3.0254E-01 -2.0984E-01 -4.3253E-02 -4.7820E-01
  3.0465E-01 -2.0421E-01 -4.3974E-02 -4.8414E-01
  3.0677E-01 -1.9837E-01 -4.4708E-02 -4.9015E-01
  3.0891E-01 -1.9232E-01 -4.5454E-02 -4.9622E-01
  3.1106E-01 -1.8607E-01 -4.6214E-02 -5.0235E-01
  3.1323E-01 -1.7961E-01 -4.6988E-02 -5.0854E-01
  3.1542E-01 -1.7296E-01 -4.7775E-02 -5.1480E-01
  3.1762E-01 -1.6611E-01 -4.8576E-02 -5.2113E-01
  3.1983E-01 -1.5907E-01 -4.9392E-02 -5.2752E-01
  3.2206E-01 -1.5184E-01 -5.0222E-02 -5.3397E-01
  3.2431E-01 -1.4443E-01 -5.1067E-02 -5.4049E-01
  3.2657E-01 -1.3683E-01 -5.1927E-02 -5.4707E-01
  3.2884E-01 -1.2907E-01 -5.2803E-02 -5.5372E-01
  3.3113E-01 -1.2114E-01 -5.3694E-02 -5.6044E-01
  3.3344E-01 -1.1304E-01 -5.4601E-02 -5.6722E-01
  3.3577E-01 -1.0478E-01 -5.5524E-02 -5.7407E-01
  3.3811E-01 -9.6377E-02 -5.6463E-02 -5.8098E-01
  3.4047E-01 -8.7822E-02 -5.7420E-02 -5.8796E-01
  3.4284E-01 -7.9126E-02 -5.8393E-02 -5.9501E-01
  3.4523E-01 -7.0296E-02 -5.9384E-02 -6.0213E-01
  3.4764E-01 -6.1337E-02 -6.0392E-02 -6.0931E-01
  3.5006E-01 -5.2256E-02 -6.1419E-02 -6.1656E-01
  3.5250E-01 -4.3061E-02 -6.2463E-02 -6.2387E-01
  3.5496E-01 -3.3757E-02 -6.3527E-02 -6.3125E-01
  3.5743E-01 -2.4353E-02 -6.4609E-02 -6.3870E-01
  3.5992E-01 -1.4854E-02 -6.5710E-02 -6.4622E-01
  3.6243E-01 -5.2701E-03 -6.6832E-02 -6.5380E-01
  3.6496E-01  4.3926E-03 -6.7973E-02 -6.6145E-01
  3.6750E-01  1.4126E-02 -6.9134E-02 -6.6917E-01
  3.7007E-01  2.3922E-02 -7.0316E-02 -6.7695E-01
  3.7265E-01  3.3772E-02 -7.1519E-02 -6.8480E-01
  3.7524E-01  4.3669E-02 -7.2743E-02 -6.9271E-01
  3.7786E-01  5.3603E-02 -7.3989E-02 -7.0070E-01
  3.8049E-01  6.3567E-02 -7.5257E-02 -7.0874E-01
  3.8315E-01  7.3551E-02 -7.6548E-02 -7.1686E-01
  3.8582E-01  8.3546E-02 -7.7861E-02 -7.2504E-01
  3.8851E-01  9.3544E-02 -7.9198E-02 -7.3328E-01
  3.9121E-01  1.0354E-01 -8.0558E-02 -7.4159E-01
  3.9394E-01  1.1351E-01 -8.1942E-02 -7.4996E-01
  3.9669E-01  1.2346E-01 -8.3350E-02 -7.5839E-01
  3.9945E-01  1.3338E-01 -8.4783E-02 -7.6689E-01
  4.0224E-01  1.4325E-01 -8.6241E-02 -7.7545E-01
  4.0504E-01  1.5307E-01 -8.7725E-02 -7.8408E-01
  4.0787E-01  1.6282E-01 -8.9234E-02 -7.9276E-01
  4.1071E-01  1.7251E-01 -9.0770E-02 -8.0151E-01
  4.1357E-01  1.8210E-01 -9.2333E-02 -8.1031E-01
  4.1645E-01  1.9161E-01 -9.3923E-02 -8.1917E-01
  4.1936E-01  2.0102E-01 -9.5540E-02 -8.2810E-01
  4.2228E-01  2.1031E-01 -9.7185E-02 -8.3708E-01
  4.2522E-01  2.1948E-01 -9.8859E-02 -8.4611E-01
  4.2819E-01  2.2851E-01 -1.0056E-01 -8.5520E-01
  4.3117E-01  2.3741E-01 -1.0229E-01 -8.6435E-01
  4.3418E-01  2.4615E-01 -1.0405E-01 -8.7355E-01
  4.3721E-01  2.5473E-01 -1.0585E-01 -8.8280E-01
  4.4025E-01  2.6314E-01 -1.0767E-01 -8.9210E-01
  4.4332E-01  2.7136E-01 -1.0952E-01 -9.0145E-01
  4.4641E-01  2.7940E-01 -1.1140E-01 -9.1085E-01
  4.4953E-01  2.8723E-01 -1.1332E-01 -9.2029E-01
  4.5266E-01  2.9485E-01 -1.1527E-01 -9.2978E-01
  4.5581E-01  3.0224E-01 -1.1725E-01 -9.3932E-01
  4.5899E-01  3.0941E-01 -1.1926E-01 -9.4889E-01
  4.6219E-01  3.1634E-01 -1.2131E-01 -9.5851E-01
  4.6541E-01  3.2301E-01 -1.2339E-01 -9.6816E-01
  4.6866E-01  3.2943E-01 -1.2550E-01 -9.7785E-01
  4.7192E-01  3.3557E-01 -1.2765E-01 -9.8758E-01
  4.7521E-01  3.4144E-01 -1.2984E-01 -9.9734E-01
  4.7853E-01  3.4702E-01 -1.3206E-01 -1.0071E+00
  4.8186E-01  3.5231E-01 -1.3431E-01 -1.0169E+00
  4.8522E-01  3.5729E-01 -1.3661E-01 -1.0268E+00
  4.8860E-01  3.6196E-01 -1.3893E-01 -1.0366E+00
  4.9201E-01  3.6631E-01 -1.4130E-01 -1.0465E+00
  4.9544E-01  3.7032E-01 -1.4370E-01 -1.0564E+00
  4.9889E-01  3.7400E-01 -1.4614E-01 -1.0663E+00
  5.0237E-01  3.7734E-01 -1.4862E-01 -1.0763E+00
  5.0587E-01  3.8032E-01 -1.5114E-01 -1.0862E+00
  5.0940E-01  3.8294E-01 -1.5370E-01 -1.0961E+00
  5.1295E-01  3.8519E-01 -1.5629E-01 -1.1061E+00
  5.1653E-01  3.8707E-01 -1.5893E-01 -1.1160E+00
  5.2013E-01  3.8857E-01 -1.6160E-01 -1.1260E+00
  5.2375E-01  3.8968E-01 -1.6432E-01 -1.1359E+00
  5.2740E-01  3.9039E-01 -1.6707E-01 -1.1458E+00
  5.3108E-01  3.9071E-01 -1.6986E-01 -1.1557E+00
  5.3478E-01  3.9062E-01 -1.7270E-01 -1.1656E+00
  5.3851E-01  3.9013E-01 -1.7558E-01 -1.1755E+00
  5.4226E-01  3.8921E-01 -1.7849E-01 -1.1853E+00
  5.4604E-01  3.8788E-01 -1.8145E-01 -1.1951E+00
  5.4985E-01  3.8612E-01 -1.8445E-01 -1.2049E+00
  5.5368E-01  3.8394E-01 -1.8749E-01 -1.2146E+00
  5.5754E-01  3.8132E-01 -1.9058E-01 -1.2243E+00
  5.6143E-01  3.7827E-01 -1.9370E-01 -1.2339E+00
  5.6534E-01  3.7479E-01 -1.9687E-01 -1.2434E+00
  5.6928E-01  3.7086E-01 -2.0007E-01 -1.2529E+00
  5.7325E-01  3.6649E-01 -2.0332E-01 -1.2624E+00
  5.7725E-01  3.6168E-01 -2.0661E-01 -1.2717E+00
  5.8127E-01  3.5642E-01 -2.0994E-01 -1.2810E+00
  5.8532E-01  3.5072E-01 -2.1332E-01 -1.2902E+00
  5.8940E-01  3.4457E-01 -2.1673E-01 -1.2993E+00
  5.9351E-01  3.3797E-01 -2.2018E-01 -1.3083E+00
  5.9765E-01  3.3093E-01 -2.2368E-01 -1.3172E+00
  6.0181E-01  3.2344E-01 -2.2721E-01 -1.3260E+00
  6.0601E-01  3.1551E-01 -2.3079E-01 -1.3346E+00
  6.1023E-01  3.0714E-01 -2.3440E-01 -1.3432E+00
  6.1449E-01  2.9833E-01 -2.3805E-01 -1.3516E+00
  6.1877E-01  2.8908E-01 -2.4174E-01 -1.3598E+00
  6.2308E-01  2.7940E-01 -2.4547E-01 -1.3679E+00
  6.2743E-01  2.6929E-01 -2.4923E-01 -1.3759E+00
  6.3180E-01  2.5875E-01 -2.5303E-01 -1.3837E+00
  6.3621E-01  2.4779E-01 -2.5687E-01 -1.3913E+00
  6.4064E-01  2.3641E-01 -2.6074E-01 -1.3987E+00
  6.4511E-01  2.2463E-01 -2.6464E-01 -1.4059E+00
  6.4960E-01  2.1244E-01 -2.6857E-01 -1.4130E+00
  6.5413E-01  1.9985E-01 -2.7254E-01 -1.4198E+00
  6.5869E-01  1.8687E-01 -2.7654E-01 -1.4264E+00
  6.6328E-01  1.7351E-01 -2.8056E-01 -1.4327E+00
  6.6791E-01  1.5977E-01 -2.8461E-01 -1.4388E+00
  6.7256E-01  1.4567E-01 -2.8869E-01 -1.4447E+00
  6.7725E-01  1.3121E-01 -2.9279E-01 -1.4503E+00
  6.8197E-01  1.1640E-01 -2.9691E-01 -1.4557E+00
  6.8672E-01  1.0126E-01 -3.0105E-01 -1.4607E+00
  6.9151E-01  8.5789E-02 -3.0521E-01 -1.4655E+00
  6.9633E-01  7.0003E-02 -3.0939E-01 -1.4699E+00
  7.0118E-01  5.3914E-02 -3.1358E-01 -1.4740E+00
  7.0607E-01  3.7533E-02 -3.1779E-01 -1.4778E+00
  7.1099E-01  2.0873E-02 -3.2200E-01 -1.4813E+00
  7.1595E-01  3.9481E-03 -3.2622E-01 -1.4844E+00
  7.2094E-01 -1.3229E-02 -3.3044E-01 -1.4871E+00
  7.2597E-01 -3.0643E-02 -3.3466E-01 -1.4895E+00
  7.3103E-01 -4.8281E-02 -3.3888E-01 -1.4914E+00
  7.3612E-01 -6.6126E-02 -3.4310E-01 -1.4930E+00
  7.4125E-01 -8.4164E-02 -3.4731E-01 -1.4941E+00
  7.4642E-01 -1.0238E-01 -3.5150E-01 -1.4948E+00
  7.5162E-01 -1.2075E-01 -3.5568E-01 -1.4950E+00
  7.5686E-01 -1.3927E-01 -3.5984E-01 -1.4948E+00
  7.6214E-01 -1.5791E-01 -3.6397E-01 -1.4941E+00
  7.6745E-01 -1.7666E-01 -3.6808E-01 -1.4929E+00
  7.7280E-01 -1.9549E-01 -3.7215E-01 -1.4912E+00
  7.7819E-01 -2.1440E-01 -3.7619E-01 -1.4890E+00
  7.8361E-01 -2.3336E-01 -3.8018E-01 -1.4863E+00
  7.8907E-01 -2.5235E-01 -3.8413E-01 -1.4830E+00
  7.9457E-01 -2.7135E-01 -3.8802E-01 -1.4791E+00
  8.0011E-01 -2.9034E-01 -3.9185E-01 -1.4747E+00
  8.0569E-01 -3.0930E-01 -3.9562E-01 -1.4696E+00
  8.1130E-01 -3.2821E-01 -3.9932E-01 -1.4640E+00
  8.1696E-01 -3.4705E-01 -4.0294E-01 -1.4577E+00
  8.2265E-01 -3.6579E-01 -4.0648E-01 -1.4508E+00
  8.2839E-01 -3.8441E-01 -4.0993E-01 -1.4433E+00
  8.3416E-01 -4.0290E-01 -4.1328E-01 -1.4351E+00
  8.3998E-01 -4.2123E-01 -4.1653E-01 -1.4262E+00
  8.4583E-01 -4.3937E-01 -4.1966E-01 -1.4166E+00
  8.5173E-01 -4.5730E-01 -4.2267E-01 -1.4063E+00
  8.5766E-01 -4.7500E-01 -4.2556E-01 -1.3952E+00
  8.6364E-01 -4.9244E-01 -4.2831E-01 -1.3835E+00
  8.6966E-01 -5.0961E-01 -4.3091E-01 -1.3709E+00
  8.7572E-01 -5.2647E-01 -4.3335E-01 -1.3577E+00
  8.8183E-01 -5.4300E-01 -4.3563E-01 -1.3436E+00
  8.8798E-01 -5.5917E-01 -4.3774E-01 -1.3287E+00
  8.9416E-01 -5.7497E-01 -4.3966E-01 -1.3131E+00
  9.0040E-01 -5.9036E-01 -4.4139E-01 -1.2966E+00
  9.0667E-01 -6.0533E-01 -4.4290E-01 -1.2793E+00
  9.1299E-01 -6.1984E-01 -4.4421E-01 -1.2612E+00
  9.1936E-01 -6.3387E-01 -4.4528E-01 -1.2422E+00
  9.2577E-01 -6.4739E-01 -4.4611E-01 -1.2223E+00
  9.3222E-01 -6.6038E-01 -4.4669E-01 -1.2017E+00
  9.3872E-01 -6.7282E-01 -4.4701E-01 -1.1801E+00
  9.4526E-01 -6.8467E-01 -4.4704E-01 -1.1576E+00
  9.5185E-01 -6.9591E-01 -4.4678E-01 -1.1343E+00
  9.5848E-01 -7.0652E-01 -4.4622E-01 -1.1101E+00
  9.6516E-01 -7.1646E-01 -4.4534E-01 -1.0850E+00
  9.7189E-01 -7.2572E-01 -4.4412E-01 -1.0590E+00
  9.7867E-01 -7.3427E-01 -4.4256E-01 -1.0322E+00
  9.8549E-01 -7.4209E-01 -4.4063E-01 -1.0044E+00
  9.9236E-01 -7.4913E-01 -4.3832E-01 -9.7572E-01
  9.9927E-01 -7.5540E-01 -4.3561E-01 -9.4617E-01
  1.0062E+00 -7.6084E-01 -4.3249E-01 -9.1574E-01
  1.0133E+00 -7.6545E-01 -4.2894E-01 -8.8443E-01
  1.0203E+00 -7.6920E-01 -4.2495E-01 -8.5225E-01
  1.0274E+00 -7.7205E-01 -4.2049E-01 -8.1921E-01
  1.0346E+00 -7.7400E-01 -4.1555E-01 -7.8532E-01
  1.0418E+00 -7.7501E-01 -4.1011E-01 -7.5060E-01
  1.0491E+00 -7.7506E-01 -4.0416E-01 -7.1507E-01
  1.0564E+00 -7.7412E-01 -3.9766E-01 -6.7873E-01
  1.0637E+00 -7.7218E-01 -3.9061E-01 -6.4160E-01
  1.0712E+00 -7.6921E-01 -3.8298E-01 -6.0372E-01
  1.0786E+00 -7.6519E-01 -3.7476E-01 -5.6511E-01
  1.0861E+00 -7.6009E-01 -3.6593E-01 -5.2578E-01
  1.0937E+00 -7.5389E-01 -3.5645E-01 -4.8577E-01
  1.1013E+00 -7.4658E-01 -3.4632E-01 -4.4511E-01
  1.1090E+00 -7.3814E-01 -3.3551E-01 -4.0384E-01
  1.1167E+00 -7.2853E-01 -3.2401E-01 -3.6199E-01
  1.1245E+00 -7.1775E-01 -3.1178E-01 -3.1960E-01
  1.1324E+00 -7.0577E-01 -2.9881E-01 -2.7671E-01
  1.1403E+00 -6.9258E-01 -2.8508E-01 -2.3337E-01
  1.1482E+00 -6.7816E-01 -2.7056E-01 -1.8962E-01
  1.1562E+00 -6.6248E-01 -2.5524E-01 -1.4552E-01
  1.1643E+00 -6.4554E-01 -2.3909E-01 -1.0112E-01
  1.1724E+00 -6.2732E-01 -2.2209E-01 -5.6469E-02
  1.1805E+00 -6.0781E-01 -2.0421E-01 -1.1633E-02
  1.1888E+00 -5.8698E-01 -1.8544E-01  3.3329E-02
  1.1971E+00 -5.6484E-01 -1.6575E-01  7.8351E-02
  1.2054E+00 -5.4135E-01 -1.4513E-01  1.2337E-01
  1.2138E+00 -5.1652E-01 -1.2354E-01  1.6830E-01
  1.2223E+00 -4.9033E-01 -1.0098E-01  2.1309E-01
  1.2308E+00 -4.6278E-01 -7.7409E-02  2.5765E-01
  1.2394E+00 -4.3385E-01 -5.2817E-02  3.0191E-01
  1.2480E+00 -4.0353E-01 -2.7181E-02  3.4578E-01
  1.2567E+00 -3.7182E-01 -4.8073E-04  3.8918E-01
  1.2655E+00 -3.3872E-01  2.7303E-02  4.3203E-01
  1.2743E+00 -3.0422E-01  5.6190E-02  4.7423E-01
  1.2832E+00 -2.6832E-01  8.6199E-02  5.1570E-01
  1.2921E+00 -2.3101E-01  1.1735E-01  5.5635E-01
  1.3011E+00 -1.9229E-01  1.4965E-01  5.9609E-01
  1.3102E+00 -1.5217E-01  1.8313E-01  6.3481E-01
  1.3193E+00 -1.1065E-01  2.1779E-01  6.7242E-01
  1.3285E+00 -6.7719E-02  2.5366E-01  7.0883E-01
  1.3378E+00 -2.3396E-02  2.9075E-01  7.4394E-01
  1.3471E+00  2.2318E-02  3.2906E-01  7.7764E-01
  1.3565E+00  6.9416E-02  3.6861E-01  8.0985E-01
  1.3659E+00  1.1789E-01  4.0942E-01  8.4046E-01
  1.3755E+00  1.6773E-01  4.5148E-01  8.6938E-01
  1.3851E+00  2.1892E-01  4.9481E-01  8.9651E-01
  1.3947E+00  2.7145E-01  5.3941E-01  9.2176E-01
  1.4044E+00  3.2531E-01  5.8529E-01  9.4502E-01
  1.4142E+00  3.8047E-01  6.3245E-01  9.6622E-01
  1.4241E+00  4.3693E-01  6.8088E-01  9.8526E-01
  1.4340E+00  4.9465E-01  7.3059E-01  1.0021E+00
  1.4440E+00  5.5363E-01  7.8158E-01  1.0165E+00
  1.4541E+00  6.1383E-01  8.3383E-01  1.0286E+00
  1.4642E+00  6.7524E-01  8.8734E-01  1.0382E+00
  1.4744E+00  7.3782E-01  9.4211E-01  1.0452E+00
  1.4847E+00  8.0155E-01  9.9811E-01  1.0497E+00
  1.4950E+00  8.6639E-01  1.0553E+00  1.0515E+00
  1.5054E+00  9.3231E-01  1.1138E+00  1.0505E+00
  1.5159E+00  9.9929E-01  1.1734E+00  1.0468E+00
  1.5265E+00  1.0673E+00  1.2342E+00  1.0403E+00
  1.5371E+00  1.1362E+00  1.2961E+00  1.0310E+00
  1.5479E+00  1.2061E+00  1.3591E+00  1.0189E+00
  1.5586E+00  1.2769E+00  1.4232E+00  1.0039E+00
  1.5695E+00  1.3486E+00  1.4883E+00  9.8606E-01
  1.5805E+00  1.4210E+00  1.5544E+00  9.6538E-01
  1.5915E+00  1.4942E+00  1.6215E+00  9.4189E-01
  1.6026E+00  1.5682E+00  1.6895E+00  9.1391E-01
  1.6137E+00  1.6427E+00  1.7584E+00  8.7320E-01
  1.6250E+00  1.7179E+00  1.8280E+00  8.3108E-01
  1.6363E+00  1.7936E+00  1.8984E+00  7.8994E-01
  1.6477E+00  1.8698E+00  1.9695E+00  7.4958E-01
  1.6592E+00  1.9464E+00  2.0412E+00  7.1003E-01
  1.6708E+00  2.0234E+00  2.1134E+00  6.7133E-01
  1.6824E+00  2.1007E+00  2.1861E+00  6.3351E-01
  1.6941E+00  2.1782E+00  2.2592E+00  5.9661E-01
  1.7059E+00  2.2559E+00  2.3326E+00  5.6067E-01
  1.7178E+00  2.3337E+00  2.4063E+00  5.2575E-01
  1.7298E+00  2.4116E+00  2.4801E+00  4.9188E-01
  1.7419E+00  2.4893E+00  2.5541E+00  4.5912E-01
  1.7540E+00  2.5670E+00  2.6280E+00  4.2752E-01
  1.7662E+00  2.6444E+00  2.7019E+00  3.9712E-01
  1.7785E+00  2.7216E+00  2.7756E+00  3.6799E-01
  1.7909E+00  2.7984E+00  2.8491E+00  3.4017E-01
  1.8034E+00  2.8747E+00  2.9223E+00  3.1371E-01
  1.8160E+00  2.9505E+00  2.9950E+00  2.8865E-01
  1.8286E+00  3.0257E+00  3.0673E+00  2.6504E-01
  1.8414E+00  3.1002E+00  3.1390E+00  2.4293E-01
  1.8542E+00  3.1739E+00  3.2099E+00  2.2233E-01
  1.8671E+00  3.2467E+00  3.2801E+00  2.0328E-01
  1.8802E+00  3.3186E+00  3.3494E+00  1.8579E-01
  1.8933E+00  3.3893E+00  3.4178E+00  1.6988E-01
  1.9065E+00  3.4589E+00  3.4851E+00  1.5555E-01
  1.9198E+00  3.5272E+00  3.5512E+00  1.4279E-01
  1.9331E+00  3.5941E+00  3.6160E+00  1.3157E-01
  1.9466E+00  3.6596E+00  3.6795E+00  1.2186E-01
  1.9602E+00  3.7235E+00  3.7415E+00  1.1361E-01
  1.9738E+00  3.7858E+00  3.8020E+00  1.0676E-01
  1.9876E+00  3.8463E+00  3.8608E+00  1.0123E-01
  2.0014E+00  3.9049E+00  3.9178E+00  9.6921E-02
  2.0154E+00  3.9615E+00  3.9729E+00  9.3726E-02
  2.0294E+00  4.0160E+00  4.0261E+00  9.1517E-02
  2.0436E+00  4.0684E+00  4.0772E+00  9.0151E-02
  2.0578E+00  4.1185E+00  4.1261E+00  8.9469E-02
  2.0722E+00  4.1662E+00  4.1727E+00  8.9299E-02
  2.0866E+00  4.2114E+00  4.2169E+00  8.9453E-02
  2.1012E+00  4.2540E+00  4.2586E+00  8.9733E-02
  2.1158E+00  4.2939E+00  4.2977E+00  8.9933E-02
  2.1306E+00  4.3310E+00  4.3340E+00  8.9838E-02
  2.1454E+00  4.3652E+00  4.3676E+00  8.9232E-02
  2.1604E+00  4.3964E+00  4.3983E+00  8.7899E-02
  2.1754E+00  4.4245E+00  4.4259E+00  8.5630E-02
  2.1906E+00  4.4494E+00  4.4504E+00  8.2225E-02
  2.2059E+00  4.4710E+00  4.4717E+00  7.7504E-02
  2.2212E+00  4.4892E+00  4.4897E+00  7.1311E-02
  2.2367E+00  4.5040E+00  4.5042E+00  6.3521E-02
  2.2523E+00  4.5151E+00  4.5153E+00  5.4054E-02
  2.2680E+00  4.5226E+00  4.5227E+00  4.2875E-02
  2.2838E+00  4.5264E+00  4.5264E+00  3.0016E-02
  2.2997E+00  4.5263E+00  4.5263E+00  1.5576E-02
  2.3158E+00  4.5223E+00  4.5223E+00  0.0000E+00
  2.3319E+00  4.5144E+00  4.5144E+00  0.0000E+00
  2.3481E+00  4.5023E+00  4.5023E+00  0.0000E+00
  2.3645E+00  4.4862E+00  4.4862E+00  0.0000E+00
  2.3810E+00  4.4659E+00  4.4659E+00  0.0000E+00
  2.3976E+00  4.4413E+00  4.4413E+00  0.0000E+00
  2.4143E+00  4.4125E+00  4.4125E+00  0.0000E+00
  2.4311E+00  4.3793E+00  4.3793E+00  0.0000E+00
  2.4481E+00  4.3417E+00  4.3417E+00  0.0000E+00
  2.4651E+00  4.2997E+00  4.2997E+00  0.0000E+00
  2.4823E+00  4.2532E+00  4.2532E+00  0.0000E+00
  2.4996E+00  4.2022E+00  4.2022E+00  0.0000E+00
  2.5170E+00  4.1468E+00  4.1468E+00  0.0000E+00
  2.5346E+00  4.0868E+00  4.0868E+00  0.0000E+00
  2.5523E+00  4.0223E+00  4.0223E+00  0.0000E+00
  2.5700E+00  3.9533E+00  3.9533E+00  0.0000E+00
  2.5880E+00  3.8798E+00  3.8798E+00  0.0000E+00
  2.6060E+00  3.8018E+00  3.8018E+00  0.0000E+00
  2.6242E+00  3.7193E+00  3.7193E+00  0.0000E+00
  2.6424E+00  3.6325E+00  3.6325E+00  0.0000E+00
  2.6609E+00  3.5412E+00  3.5412E+00  0.0000E+00
  2.6794E+00  3.4456E+00  3.4456E+00  0.0000E+00
  2.6981E+00  3.3458E+00  3.3458E+00  0.0000E+00
  2.7169E+00  3.2418E+00  3.2418E+00  0.0000E+00
  2.7358E+00  3.1336E+00  3.1336E+00  0.0000E+00
  2.7549E+00  3.0215E+00  3.0215E+00  0.0000E+00
  2.7741E+00  2.9054E+00  2.9054E+00  0.0000E+00
  2.7934E+00  2.7856E+00  2.7856E+00  0.0000E+00
  2.8129E+00  2.6620E+00  2.6620E+00  0.0000E+00
  2.8325E+00  2.5350E+00  2.5350E+00  0.0000E+00
  2.8523E+00  2.4045E+00  2.4045E+00  0.0000E+00
  2.8721E+00  2.2708E+00  2.2708E+00  0.0000E+00
  2.8922E+00  2.1341E+00  2.1341E+00  0.0000E+00
  2.9123E+00  1.9945E+00  1.9945E+00  0.0000E+00
  2.9326E+00  1.8522E+00  1.8522E+00  0.0000E+00
  2.9530E+00  1.7074E+00  1.7074E+00  0.0000E+00
  2.9736E+00  1.5604E+00  1.5604E+00  0.0000E+00
  2.9944E+00  1.4113E+00  1.4113E+00  0.0000E+00
  3.0152E+00  1.2604E+00  1.2604E+00  0.0000E+00
  3.0362E+00  1.1080E+00  1.1080E+00  0.0000E+00
  3.0574E+00  9.5424E-01  9.5424E-01  0.0000E+00
  3.0787E+00  7.9950E-01  7.9950E-01  0.0000E+00
  3.1002E+00  6.4402E-01  6.4402E-01  0.0000E+00
  3.1218E+00  4.8811E-01  4.8811E-01  0.0000E+00
  3.1435E+00  3.3206E-01  3.3206E-01  0.0000E+00
  3.1655E+00  1.7618E-01  1.7618E-01  0.0000E+00
  3.1875E+00  2.0804E-02  2.0804E-02  0.0000E+00
  3.2097E+00 -1.3374E-01 -1.3374E-01  0.0000E+00
  3.2321E+00 -2.8712E-01 -2.8712E-01  0.0000E+00
  3.2546E+00 -4.3898E-01 -4.3898E-01  0.0000E+00
  3.2773E+00 -5.8897E-01 -5.8897E-01  0.0000E+00
