  0.0000000E+00  0.0000000E+00  0.0000000E+00
  5.0642210E-07  6.8105745E-04  5.8312285E-16
  1.0163814E-06  1.8404846E-03  2.3488116E-15
  1.5299026E-06  3.2988943E-03  5.3218465E-15
  2.0470107E-06  4.9980562E-03  9.5274124E-15
  2.5677305E-06  6.9035519E-03  1.4991105E-14
  3.0920875E-06  8.9985835E-03  2.1738937E-14
  3.6201069E-06  1.1267885E-02  2.9797343E-14
  4.1518144E-06  1.3700462E-02  3.9193190E-14
  4.6872357E-06  1.6288098E-02  4.9953778E-14
  5.2263967E-06  1.9024289E-02  6.2106850E-14
  5.7693237E-06  2.1903806E-02  7.5680600E-14
  6.3160428E-06  2.4922356E-02  9.0703676E-14
  6.8665806E-06  2.8076400E-02  1.0720519E-13
  7.4209637E-06  3.1362987E-02  1.2521472E-13
  7.9792191E-06  3.4779643E-02  1.4476232E-13
  8.5413737E-06  3.8324284E-02  1.6587854E-13
  9.1074548E-06  4.1995157E-02  1.8859441E-13
  9.6774897E-06  4.5790784E-02  2.1294145E-13
  1.0251506E-05  4.9709925E-02  2.3895170E-13
  1.0829532E-05  5.3751541E-02  2.6665771E-13
  1.1411595E-05  5.7914776E-02  2.9609255E-13
  1.1997724E-05  6.2198926E-02  3.2728982E-13
  1.2587947E-05  6.6603427E-02  3.6028365E-13
  1.3182292E-05  7.1127838E-02  3.9510871E-13
  1.3780788E-05  7.5771824E-02  4.3180025E-13
  1.4383465E-05  8.0535155E-02  4.7039405E-13
  1.4990352E-05  8.5417687E-02  5.1092647E-13
  1.5601477E-05  9.0419356E-02  5.5343445E-13
  1.6216871E-05  9.5540177E-02  5.9795551E-13
  1.6836563E-05  1.0078023E-01  6.4452777E-13
  1.7460583E-05  1.0613966E-01  6.9318996E-13
  1.8088963E-05  1.1161866E-01  7.4398141E-13
  1.8721731E-05  1.1721751E-01  7.9694207E-13
  1.9358919E-05  1.2293649E-01  8.5211253E-13
  2.0000557E-05  1.2877597E-01  9.0953401E-13
  2.0646677E-05  1.3473635E-01  9.6924841E-13
  2.1297310E-05  1.4081806E-01  1.0312982E-12
  2.1952488E-05  1.4702159E-01  1.0957267E-12
  2.2612242E-05  1.5334746E-01  1.1625777E-12
  2.3276603E-05  1.5979622E-01  1.2318958E-12
  2.3945606E-05  1.6636845E-01  1.3037263E-12
  2.4619281E-05  1.7306478E-01  1.3781151E-12
  2.5297661E-05  1.7988586E-01  1.4551090E-12
  2.5980780E-05  1.8683237E-01  1.5347553E-12
  2.6668670E-05  1.9390502E-01  1.6171023E-12
  2.7361365E-05  2.0110454E-01  1.7021988E-12
  2.8058899E-05  2.0843170E-01  1.7900947E-12
  2.8761304E-05  2.1588729E-01  1.8808402E-12
  2.9468615E-05  2.2347213E-01  1.9744867E-12
  3.0180867E-05  2.3118705E-01  2.0710862E-12
  3.0898093E-05  2.3903291E-01  2.1706916E-12
  3.1620330E-05  2.4701060E-01  2.2733565E-12
  3.2347610E-05  2.5512103E-01  2.3791354E-12
  3.3079971E-05  2.6336513E-01  2.4880838E-12
  3.3817447E-05  2.7174385E-01  2.6002577E-12
  3.4560074E-05  2.8025816E-01  2.7157143E-12
  3.5307888E-05  2.8890905E-01  2.8345116E-12
  3.6060925E-05  2.9769755E-01  2.9567084E-12
  3.6819222E-05  3.0662468E-01  3.0823644E-12
  3.7582816E-05  3.1569150E-01  3.2115404E-12
  3.8351743E-05  3.2489908E-01  3.3442980E-12
  3.9126041E-05  3.3424851E-01  3.4806998E-12
  3.9905747E-05  3.4374090E-01  3.6208092E-12
  4.0690899E-05  3.5337739E-01  3.7646909E-12
  4.1481535E-05  3.6315912E-01  3.9124103E-12
  4.2277693E-05  3.7308727E-01  4.0640339E-12
  4.3079412E-05  3.8316301E-01  4.2196293E-12
  4.3886731E-05  3.9338754E-01  4.3792651E-12
  4.4699689E-05  4.0376210E-01  4.5430108E-12
  4.5518326E-05  4.1428793E-01  4.7109372E-12
  4.6342680E-05  4.2496627E-01  4.8831161E-12
  4.7172792E-05  4.3579840E-01  5.0596202E-12
  4.8008702E-05  4.4678563E-01  5.2405237E-12
  4.8850451E-05  4.5792925E-01  5.4259016E-12
  4.9698079E-05  4.6923060E-01  5.6158301E-12
  5.0551628E-05  4.8069102E-01  5.8103868E-12
  5.1411138E-05  4.9231188E-01  6.0096502E-12
  5.2276652E-05  5.0409456E-01  6.2137000E-12
  5.3148211E-05  5.1604046E-01  6.4226175E-12
  5.4025857E-05  5.2815099E-01  6.6364847E-12
  5.4909634E-05  5.4042758E-01  6.8553852E-12
  5.5799584E-05  5.5287169E-01  7.0794037E-12
  5.6695750E-05  5.6548479E-01  7.3086264E-12
  5.7598175E-05  5.7826836E-01  7.5431406E-12
  5.8506903E-05  5.9122391E-01  7.7830350E-12
  5.9421979E-05  6.0435295E-01  8.0283996E-12
  6.0343446E-05  6.1765703E-01  8.2793258E-12
  6.1271349E-05  6.3113770E-01  8.5359065E-12
  6.2205734E-05  6.4479653E-01  8.7982357E-12
  6.3146645E-05  6.5863513E-01  9.0664092E-12
  6.4094127E-05  6.7265509E-01  9.3405239E-12
  6.5048228E-05  6.8685804E-01  9.6206785E-12
  6.6008993E-05  7.0124563E-01  9.9069729E-12
  6.6976468E-05  7.1581952E-01  1.0199509E-11
  6.7950701E-05  7.3058140E-01  1.0498389E-11
  6.8931739E-05  7.4553296E-01  1.0803718E-11
  6.9919629E-05  7.6067592E-01  1.1115602E-11
  7.0914419E-05  7.7601201E-01  1.1434149E-11
  7.1916158E-05  7.9154299E-01  1.1759469E-11
  7.2924893E-05  8.0727063E-01  1.2091672E-11
  7.3940674E-05  8.2319672E-01  1.2430871E-11
  7.4963550E-05  8.3932307E-01  1.2777181E-11
  7.5993570E-05  8.5565151E-01  1.3130717E-11
  7.7030785E-05  8.7218388E-01  1.3491598E-11
  7.8075245E-05  8.8892206E-01  1.3859944E-11
  7.9126999E-05  9.0586791E-01  1.4235875E-11
  8.0186100E-05  9.2302335E-01  1.4619514E-11
  8.1252599E-05  9.4039030E-01  1.5010988E-11
  8.2326546E-05  9.5797070E-01  1.5410423E-11
  8.3407995E-05  9.7576651E-01  1.5817947E-11
  8.4496997E-05  9.9377971E-01  1.6233692E-11
  8.5593606E-05  1.0120123E+00  1.6657791E-11
  8.6697874E-05  1.0304663E+00  1.7090378E-11
  8.7809855E-05  1.0491437E+00  1.7531589E-11
  8.8929603E-05  1.0680467E+00  1.7981564E-11
  9.0057173E-05  1.0871772E+00  1.8440444E-11
  9.1192618E-05  1.1065375E+00  1.8908371E-11
  9.2335993E-05  1.1261295E+00  1.9385491E-11
  9.3487355E-05  1.1459555E+00  1.9871951E-11
  9.4646759E-05  1.1660176E+00  2.0367900E-11
  9.5814261E-05  1.1863179E+00  2.0873490E-11
  9.6989917E-05  1.2068588E+00  2.1388875E-11
  9.8173785E-05  1.2276423E+00  2.1914211E-11
  9.9365922E-05  1.2486709E+00  2.2449656E-11
  1.0056639E-04  1.2699466E+00  2.2995372E-11
  1.0177523E-04  1.2914718E+00  2.3551522E-11
  1.0299253E-04  1.3132489E+00  2.4118272E-11
  1.0421832E-04  1.3352801E+00  2.4695789E-11
  1.0545268E-04  1.3575677E+00  2.5284245E-11
  1.0669566E-04  1.3801143E+00  2.5883812E-11
  1.0794732E-04  1.4029221E+00  2.6494666E-11
  1.0920772E-04  1.4259935E+00  2.7116986E-11
  1.1047692E-04  1.4493311E+00  2.7750953E-11
  1.1175499E-04  1.4729373E+00  2.8396750E-11
  1.1304199E-04  1.4968145E+00  2.9054564E-11
  1.1433798E-04  1.5209652E+00  2.9724584E-11
  1.1564302E-04  1.5453921E+00  3.0407002E-11
  1.1695717E-04  1.5700976E+00  3.1102012E-11
  1.1828051E-04  1.5950843E+00  3.1809813E-11
  1.1961308E-04  1.6203548E+00  3.2530604E-11
  1.2095497E-04  1.6459118E+00  3.3264590E-11
  1.2230622E-04  1.6717578E+00  3.4011977E-11
  1.2366692E-04  1.6978956E+00  3.4772975E-11
  1.2503712E-04  1.7243278E+00  3.5547796E-11
  1.2641689E-04  1.7510572E+00  3.6336656E-11
  1.2780630E-04  1.7780865E+00  3.7139773E-11
  1.2920541E-04  1.8054185E+00  3.7957372E-11
  1.3061429E-04  1.8330559E+00  3.8789676E-11
  1.3203302E-04  1.8610016E+00  3.9636914E-11
  1.3346165E-04  1.8892585E+00  4.0499320E-11
  1.3490026E-04  1.9178293E+00  4.1377128E-11
  1.3634892E-04  1.9467169E+00  4.2270577E-11
  1.3780770E-04  1.9759244E+00  4.3179910E-11
  1.3927667E-04  2.0054545E+00  4.4105373E-11
  1.4075590E-04  2.0353104E+00  4.5047217E-11
  1.4224546E-04  2.0654949E+00  4.6005693E-11
  1.4374542E-04  2.0960112E+00  4.6981060E-11
  1.4525586E-04  2.1268622E+00  4.7973578E-11
  1.4677686E-04  2.1580510E+00  4.8983512E-11
  1.4830847E-04  2.1895807E+00  5.0011131E-11
  1.4985078E-04  2.2214544E+00  5.1056707E-11
  1.5140387E-04  2.2536754E+00  5.2120517E-11
  1.5296780E-04  2.2862467E+00  5.3202841E-11
  1.5454266E-04  2.3191716E+00  5.4303964E-11
  1.5612852E-04  2.3524533E+00  5.5424174E-11
  1.5772545E-04  2.3860951E+00  5.6563766E-11
  1.5933354E-04  2.4201002E+00  5.7723036E-11
  1.6095286E-04  2.4544720E+00  5.8902286E-11
  1.6258349E-04  2.4892138E+00  6.0101823E-11
  1.6422551E-04  2.5243290E+00  6.1321956E-11
  1.6587900E-04  2.5598209E+00  6.2563000E-11
  1.6754404E-04  2.5956931E+00  6.3825277E-11
  1.6922071E-04  2.6319490E+00  6.5109110E-11
  1.7090908E-04  2.6685920E+00  6.6414827E-11
  1.7260926E-04  2.7056257E+00  6.7742764E-11
  1.7432130E-04  2.7430537E+00  6.9093259E-11
  1.7604531E-04  2.7808794E+00  7.0466656E-11
  1.7778135E-04  2.8191065E+00  7.1863303E-11
  1.7952953E-04  2.8577387E+00  7.3283555E-11
  1.8128991E-04  2.8967796E+00  7.4727770E-11
  1.8306259E-04  2.9362329E+00  7.6196312E-11
  1.8484765E-04  2.9761023E+00  7.7689552E-11
  1.8664518E-04  3.0163916E+00  7.9207864E-11
  1.8845526E-04  3.0571045E+00  8.0751628E-11
  1.9027799E-04  3.0982450E+00  8.2321231E-11
  1.9211345E-04  3.1398168E+00  8.3917063E-11
  1.9396172E-04  3.1818238E+00  8.5539523E-11
  1.9582291E-04  3.2242699E+00  8.7189013E-11
  1.9769710E-04  3.2671591E+00  8.8865941E-11
  1.9958438E-04  3.3104953E+00  9.0570724E-11
  2.0148484E-04  3.3542826E+00  9.2303781E-11
  2.0339857E-04  3.3985250E+00  9.4065539E-11
  2.0532567E-04  3.4432265E+00  9.5856432E-11
  2.0726623E-04  3.4883914E+00  9.7676900E-11
  2.0922035E-04  3.5340236E+00  9.9527387E-11
  2.1118811E-04  3.5801274E+00  1.0140835E-10
  2.1316962E-04  3.6267070E+00  1.0332024E-10
  2.1516497E-04  3.6737666E+00  1.0526352E-10
  2.1717426E-04  3.7213105E+00  1.0723868E-10
  2.1919758E-04  3.7693430E+00  1.0924618E-10
  2.2123503E-04  3.8178684E+00  1.1128652E-10
  2.2328671E-04  3.8668911E+00  1.1336018E-10
  2.2535273E-04  3.9164156E+00  1.1546767E-10
  2.2743317E-04  3.9664462E+00  1.1760949E-10
  2.2952815E-04  4.0169874E+00  1.1978617E-10
  2.3163776E-04  4.0680437E+00  1.2199821E-10
  2.3376210E-04  4.1196197E+00  1.2424616E-10
  2.3590128E-04  4.1717200E+00  1.2653054E-10
  2.3805541E-04  4.2243492E+00  1.2885191E-10
  2.4022458E-04  4.2775119E+00  1.3121081E-10
  2.4240890E-04  4.3312128E+00  1.3360781E-10
  2.4460847E-04  4.3854566E+00  1.3604348E-10
  2.4682341E-04  4.4402481E+00  1.3851840E-10
  2.4905382E-04  4.4955921E+00  1.4103314E-10
  2.5129981E-04  4.5514934E+00  1.4358831E-10
  2.5356149E-04  4.6079569E+00  1.4618450E-10
  2.5583896E-04  4.6649875E+00  1.4882234E-10
  2.5813235E-04  4.7225901E+00  1.5150243E-10
  2.6044175E-04  4.7807698E+00  1.5422542E-10
  2.6276728E-04  4.8395314E+00  1.5699192E-10
  2.6510905E-04  4.8988801E+00  1.5980261E-10
  2.6746718E-04  4.9588209E+00  1.6265812E-10
  2.6984178E-04  5.0193591E+00  1.6555914E-10
  2.7223297E-04  5.0804997E+00  1.6850632E-10
  2.7464086E-04  5.1422479E+00  1.7150037E-10
  2.7706557E-04  5.2046090E+00  1.7454197E-10
  2.7950721E-04  5.2675883E+00  1.7763183E-10
  2.8196591E-04  5.3311911E+00  1.8077067E-10
  2.8444178E-04  5.3954227E+00  1.8395921E-10
  2.8693495E-04  5.4602885E+00  1.8719819E-10
  2.8944552E-04  5.5257940E+00  1.9048835E-10
  2.9197364E-04  5.5919446E+00  1.9383046E-10
  2.9451941E-04  5.6587459E+00  1.9722528E-10
  2.9708296E-04  5.7262034E+00  2.0067360E-10
  2.9966442E-04  5.7943227E+00  2.0417620E-10
  3.0226391E-04  5.8631093E+00  2.0773388E-10
  3.0488156E-04  5.9325691E+00  2.1134747E-10
  3.0751749E-04  6.0027076E+00  2.1501778E-10
  3.1017183E-04  6.0735307E+00  2.1874566E-10
  3.1284471E-04  6.1450441E+00  2.2253195E-10
  3.1553626E-04  6.2172537E+00  2.2637752E-10
  3.1824661E-04  6.2901652E+00  2.3028323E-10
  3.2097589E-04  6.3637847E+00  2.3424999E-10
  3.2372424E-04  6.4381181E+00  2.3827867E-10
  3.2649178E-04  6.5131713E+00  2.4237021E-10
  3.2927865E-04  6.5889504E+00  2.4652552E-10
  3.3208498E-04  6.6654615E+00  2.5074554E-10
  3.3491092E-04  6.7427106E+00  2.5503123E-10
  3.3775660E-04  6.8207040E+00  2.5938355E-10
  3.4062215E-04  6.8994477E+00  2.6380348E-10
  3.4350772E-04  6.9789482E+00  2.6829201E-10
  3.4641344E-04  7.0592115E+00  2.7285016E-10
  3.4933946E-04  7.1402441E+00  2.7747894E-10
  3.5228591E-04  7.2220523E+00  2.8217939E-10
  3.5525295E-04  7.3046425E+00  2.8695257E-10
  3.5824071E-04  7.3880211E+00  2.9179954E-10
  3.6124934E-04  7.4721946E+00  2.9672139E-10
  3.6427898E-04  7.5571696E+00  3.0171921E-10
  3.6732978E-04  7.6429525E+00  3.0679411E-10
  3.7040189E-04  7.7295501E+00  3.1194723E-10
  3.7349546E-04  7.8169690E+00  3.1717971E-10
  3.7661064E-04  7.9052158E+00  3.2249272E-10
  3.7974758E-04  7.9942972E+00  3.2788743E-10
  3.8290643E-04  8.0842202E+00  3.3336504E-10
  3.8608734E-04  8.1749913E+00  3.3892675E-10
  3.8929046E-04  8.2666177E+00  3.4457381E-10
  3.9251597E-04  8.3591060E+00  3.5030746E-10
  3.9576400E-04  8.4524633E+00  3.5612897E-10
  3.9903471E-04  8.5466965E+00  3.6203961E-10
  4.0232828E-04  8.6418128E+00  3.6804070E-10
  4.0564484E-04  8.7378190E+00  3.7413355E-10
  4.0898457E-04  8.8347224E+00  3.8031950E-10
  4.1234763E-04  8.9325301E+00  3.8659991E-10
  4.1573418E-04  9.0312493E+00  3.9297616E-10
  4.1914439E-04  9.1308872E+00  3.9944965E-10
  4.2257841E-04  9.2314510E+00  4.0602179E-10
  4.2603642E-04  9.3329482E+00  4.1269402E-10
  4.2951858E-04  9.4353861E+00  4.1946781E-10
  4.3302506E-04  9.5387720E+00  4.2634462E-10
  4.3655603E-04  9.6431134E+00  4.3332597E-10
  4.4011167E-04  9.7484178E+00  4.4041338E-10
  4.4369214E-04  9.8546928E+00  4.4760838E-10
  4.4729762E-04  9.9619458E+00  4.5491255E-10
  4.5092829E-04  1.0070184E+01  4.6232746E-10
  4.5458431E-04  1.0179416E+01  4.6985475E-10
  4.5826587E-04  1.0289649E+01  4.7749602E-10
  4.6197315E-04  1.0400891E+01  4.8525296E-10
  4.6570631E-04  1.0513149E+01  4.9312723E-10
  4.6946556E-04  1.0626432E+01  5.0112054E-10
  4.7325106E-04  1.0740747E+01  5.0923461E-10
  4.7706300E-04  1.0856102E+01  5.1747122E-10
  4.8090157E-04  1.0972504E+01  5.2583212E-10
  4.8476694E-04  1.1089963E+01  5.3431913E-10
  4.8865932E-04  1.1208486E+01  5.4293408E-10
  4.9257888E-04  1.1328081E+01  5.5167881E-10
  4.9652583E-04  1.1448755E+01  5.6055523E-10
  5.0050033E-04  1.1570518E+01  5.6956523E-10
  5.0450260E-04  1.1693378E+01  5.7871075E-10
  5.0853283E-04  1.1817342E+01  5.8799375E-10
  5.1259120E-04  1.1942419E+01  5.9741623E-10
  5.1667792E-04  1.2068617E+01  6.0698021E-10
  5.2079319E-04  1.2195944E+01  6.1668773E-10
  5.2493720E-04  1.2324409E+01  6.2654088E-10
  5.2911015E-04  1.2454020E+01  6.3654177E-10
  5.3331225E-04  1.2584786E+01  6.4669252E-10
  5.3754370E-04  1.2716715E+01  6.5699532E-10
  5.4180471E-04  1.2849816E+01  6.6745235E-10
  5.4609548E-04  1.2984096E+01  6.7806586E-10
  5.5041622E-04  1.3119566E+01  6.8883809E-10
  5.5476713E-04  1.3256232E+01  6.9977136E-10
  5.5914844E-04  1.3394105E+01  7.1086797E-10
  5.6356035E-04  1.3533192E+01  7.2213031E-10
  5.6800307E-04  1.3673502E+01  7.3356075E-10
  5.7247683E-04  1.3815045E+01  7.4516173E-10
  5.7698183E-04  1.3957828E+01  7.5693571E-10
  5.8151831E-04  1.4101861E+01  7.6888518E-10
  5.8608646E-04  1.4247152E+01  7.8101269E-10
  5.9068652E-04  1.4393711E+01  7.9332079E-10
  5.9531872E-04  1.4541545E+01  8.0581210E-10
  5.9998327E-04  1.4690665E+01  8.1848926E-10
  6.0468039E-04  1.4841080E+01  8.3135494E-10
  6.0941033E-04  1.4992797E+01  8.4441187E-10
  6.1417331E-04  1.5145826E+01  8.5766281E-10
  6.1896955E-04  1.5300177E+01  8.7111054E-10
  6.2379929E-04  1.5455858E+01  8.8475791E-10
  6.2866277E-04  1.5612878E+01  8.9860779E-10
  6.3356021E-04  1.5771247E+01  9.1266310E-10
  6.3849187E-04  1.5930974E+01  9.2692680E-10
  6.4345797E-04  1.6092067E+01  9.4140188E-10
  6.4845875E-04  1.6254537E+01  9.5609140E-10
  6.5349447E-04  1.6418391E+01  9.7099843E-10
  6.5856536E-04  1.6583641E+01  9.8612611E-10
  6.6367166E-04  1.6750294E+01  1.0014776E-09
  6.6881364E-04  1.6918360E+01  1.0170562E-09
  6.7399152E-04  1.7087848E+01  1.0328650E-09
  6.7920558E-04  1.7258769E+01  1.0489075E-09
  6.8445605E-04  1.7431131E+01  1.0651869E-09
  6.8974320E-04  1.7604943E+01  1.0817068E-09
  6.9506727E-04  1.7780215E+01  1.0984704E-09
  7.0042854E-04  1.7956956E+01  1.1154814E-09
  7.0582724E-04  1.8135176E+01  1.1327434E-09
  7.1126366E-04  1.8314884E+01  1.1502598E-09
  7.1673805E-04  1.8496090E+01  1.1680343E-09
  7.2225068E-04  1.8678803E+01  1.1860708E-09
  7.2780181E-04  1.8863033E+01  1.2043728E-09
  7.3339171E-04  1.9048789E+01  1.2229443E-09
  7.3902066E-04  1.9236080E+01  1.2417891E-09
  7.4468892E-04  1.9424916E+01  1.2609111E-09
  7.5039678E-04  1.9615307E+01  1.2803143E-09
  7.5614450E-04  1.9807263E+01  1.3000027E-09
  7.6193237E-04  2.0000792E+01  1.3199805E-09
  7.6776066E-04  2.0195904E+01  1.3402518E-09
  7.7362967E-04  2.0392609E+01  1.3608207E-09
  7.7953967E-04  2.0590916E+01  1.3816916E-09
  7.8549094E-04  2.0790835E+01  1.4028687E-09
  7.9148379E-04  2.0992375E+01  1.4243565E-09
  7.9751849E-04  2.1195547E+01  1.4461595E-09
  8.0359534E-04  2.1400359E+01  1.4682820E-09
  8.0971464E-04  2.1606820E+01  1.4907288E-09
  8.1587668E-04  2.1814942E+01  1.5135045E-09
  8.2208176E-04  2.2024732E+01  1.5366137E-09
  8.2833019E-04  2.2236202E+01  1.5600612E-09
  8.3462225E-04  2.2449359E+01  1.5838519E-09
  8.4095826E-04  2.2664213E+01  1.6079907E-09
  8.4733853E-04  2.2880775E+01  1.6324826E-09
  8.5376336E-04  2.3099054E+01  1.6573326E-09
  8.6023307E-04  2.3319058E+01  1.6825459E-09
  8.6674797E-04  2.3540798E+01  1.7081276E-09
  8.7330837E-04  2.3764282E+01  1.7340830E-09
  8.7991459E-04  2.3989521E+01  1.7604175E-09
  8.8656696E-04  2.4216524E+01  1.7871365E-09
  8.9326579E-04  2.4445299E+01  1.8142455E-09
  9.0001141E-04  2.4675857E+01  1.8417500E-09
  9.0680415E-04  2.4908206E+01  1.8696557E-09
  9.1364433E-04  2.5142357E+01  1.8979683E-09
  9.2053229E-04  2.5378317E+01  1.9266937E-09
  9.2746836E-04  2.5616097E+01  1.9558378E-09
  9.3445287E-04  2.5855705E+01  1.9854065E-09
  9.4148617E-04  2.6097150E+01  2.0154059E-09
  9.4856860E-04  2.6340443E+01  2.0458421E-09
  9.5570049E-04  2.6585591E+01  2.0767214E-09
  9.6288220E-04  2.6832604E+01  2.1080502E-09
  9.7011407E-04  2.7081491E+01  2.1398347E-09
  9.7739646E-04  2.7332260E+01  2.1720816E-09
  9.8472970E-04  2.7584921E+01  2.2047974E-09
  9.9211417E-04  2.7839482E+01  2.2379889E-09
  9.9955022E-04  2.8095953E+01  2.2716627E-09
  1.0070382E-03  2.8354341E+01  2.3058259E-09
  1.0145785E-03  2.8614656E+01  2.3404853E-09
  1.0221714E-03  2.8876906E+01  2.3756480E-09
  1.0298174E-03  2.9141099E+01  2.4113213E-09
  1.0375168E-03  2.9407245E+01  2.4475124E-09
  1.0452700E-03  2.9675351E+01  2.4842287E-09
  1.0530773E-03  2.9945426E+01  2.5214776E-09
  1.0609392E-03  3.0217479E+01  2.5592669E-09
  1.0688560E-03  3.0491516E+01  2.5976041E-09
  1.0768280E-03  3.0767547E+01  2.6364970E-09
  1.0848558E-03  3.1045580E+01  2.6759537E-09
  1.0929396E-03  3.1325622E+01  2.7159821E-09
  1.1010799E-03  3.1607681E+01  2.7565903E-09
  1.1092770E-03  3.1891765E+01  2.7977867E-09
  1.1175314E-03  3.2177882E+01  2.8395796E-09
  1.1258435E-03  3.2466040E+01  2.8819775E-09
  1.1342136E-03  3.2756245E+01  2.9249890E-09
  1.1426421E-03  3.3048505E+01  2.9686229E-09
  1.1511296E-03  3.3342829E+01  3.0128880E-09
  1.1596763E-03  3.3639221E+01  3.0577933E-09
  1.1682827E-03  3.3937691E+01  3.1033479E-09
  1.1769493E-03  3.4238244E+01  3.1495610E-09
  1.1856763E-03  3.4540889E+01  3.1964421E-09
  1.1944643E-03  3.4845630E+01  3.2440006E-09
  1.2033137E-03  3.5152476E+01  3.2922462E-09
  1.2122250E-03  3.5461432E+01  3.3411886E-09
  1.2211984E-03  3.5772505E+01  3.3908377E-09
  1.2302345E-03  3.6085701E+01  3.4412036E-09
  1.2393338E-03  3.6401027E+01  3.4922966E-09
  1.2484966E-03  3.6718488E+01  3.5441268E-09
  1.2577234E-03  3.7038089E+01  3.5967049E-09
  1.2670147E-03  3.7359838E+01  3.6500415E-09
  1.2763708E-03  3.7683739E+01  3.7041472E-09
  1.2857923E-03  3.8009798E+01  3.7590331E-09
  1.2952796E-03  3.8338019E+01  3.8147103E-09
  1.3048332E-03  3.8668409E+01  3.8711900E-09
  1.3144535E-03  3.9000972E+01  3.9284835E-09
  1.3241410E-03  3.9335712E+01  3.9866025E-09
  1.3338961E-03  3.9672635E+01  4.0455587E-09
  1.3437194E-03  4.0011744E+01  4.1053640E-09
  1.3536113E-03  4.0353045E+01  4.1660304E-09
  1.3635723E-03  4.0696540E+01  4.2275702E-09
  1.3736029E-03  4.1042234E+01  4.2899958E-09
  1.3837035E-03  4.1390131E+01  4.3533197E-09
  1.3938747E-03  4.1740234E+01  4.4175548E-09
  1.4041169E-03  4.2092546E+01  4.4827139E-09
  1.4144307E-03  4.2447071E+01  4.5488101E-09
  1.4248165E-03  4.2803811E+01  4.6158568E-09
  1.4352748E-03  4.3162769E+01  4.6838675E-09
  1.4458062E-03  4.3523947E+01  4.7528558E-09
  1.4564112E-03  4.3887348E+01  4.8228356E-09
  1.4670902E-03  4.4252974E+01  4.8938210E-09
  1.4778438E-03  4.4620826E+01  4.9658263E-09
  1.4886726E-03  4.4990907E+01  5.0388659E-09
  1.4995769E-03  4.5363217E+01  5.1129544E-09
  1.5105574E-03  4.5737757E+01  5.1881069E-09
  1.5216147E-03  4.6114529E+01  5.2643383E-09
  1.5327491E-03  4.6493532E+01  5.3416639E-09
  1.5439613E-03  4.6874768E+01  5.4200994E-09
  1.5552519E-03  4.7258236E+01  5.4996604E-09
  1.5666213E-03  4.7643937E+01  5.5803628E-09
  1.5780701E-03  4.8031869E+01  5.6622230E-09
  1.5895989E-03  4.8422032E+01  5.7452572E-09
  1.6012082E-03  4.8814425E+01  5.8294821E-09
  1.6128986E-03  4.9209047E+01  5.9149146E-09
  1.6246706E-03  4.9605896E+01  6.0015719E-09
  1.6365249E-03  5.0004970E+01  6.0894712E-09
  1.6484619E-03  5.0406267E+01  6.1786302E-09
  1.6604824E-03  5.0809785E+01  6.2690667E-09
  1.6725868E-03  5.1215521E+01  6.3607989E-09
  1.6847757E-03  5.1623472E+01  6.4538450E-09
  1.6970498E-03  5.2033634E+01  6.5482238E-09
  1.7094096E-03  5.2446004E+01  6.6439540E-09
  1.7218558E-03  5.2860577E+01  6.7410549E-09
  1.7343888E-03  5.3277350E+01  6.8395458E-09
  1.7470095E-03  5.3696317E+01  6.9394464E-09
  1.7597182E-03  5.4117473E+01  7.0407767E-09
  1.7725158E-03  5.4540814E+01  7.1435569E-09
  1.7854027E-03  5.4966332E+01  7.2478077E-09
  1.7983796E-03  5.5394023E+01  7.3535497E-09
  1.8114472E-03  5.5823879E+01  7.4608041E-09
  1.8246060E-03  5.6255895E+01  7.5695923E-09
  1.8378568E-03  5.6690061E+01  7.6799360E-09
  1.8512001E-03  5.7126371E+01  7.7918573E-09
  1.8646366E-03  5.7564818E+01  7.9053785E-09
  1.8781670E-03  5.8005391E+01  8.0205222E-09
  1.8917918E-03  5.8448083E+01  8.1373113E-09
  1.9055119E-03  5.8892885E+01  8.2557692E-09
  1.9193277E-03  5.9339786E+01  8.3759196E-09
  1.9332401E-03  5.9788777E+01  8.4977862E-09
  1.9472496E-03  6.0239847E+01  8.6213934E-09
  1.9613570E-03  6.0692986E+01  8.7467659E-09
  1.9755629E-03  6.1148181E+01  8.8739286E-09
  1.9898681E-03  6.1605422E+01  9.0029068E-09
  2.0042732E-03  6.2064696E+01  9.1337262E-09
  2.0187788E-03  6.2525990E+01  9.2664129E-09
  2.0333858E-03  6.2989292E+01  9.4009932E-09
  2.0480949E-03  6.3454587E+01  9.5374940E-09
  2.0629066E-03  6.3921862E+01  9.6759424E-09
  2.0778218E-03  6.4391102E+01  9.8163659E-09
  2.0928412E-03  6.4862292E+01  9.9587924E-09
  2.1079655E-03  6.5335417E+01  1.0103250E-08
  2.1231955E-03  6.5810461E+01  1.0249768E-08
  2.1385318E-03  6.6287407E+01  1.0398376E-08
  2.1539752E-03  6.6766239E+01  1.0549102E-08
  2.1695265E-03  6.7246938E+01  1.0701977E-08
  2.1851865E-03  6.7729488E+01  1.0857031E-08
  2.2009558E-03  6.8213868E+01  1.1014294E-08
  2.2168352E-03  6.8700062E+01  1.1173799E-08
  2.2328256E-03  6.9188048E+01  1.1335577E-08
  2.2489276E-03  6.9677807E+01  1.1499659E-08
  2.2651422E-03  7.0169318E+01  1.1666079E-08
  2.2814699E-03  7.0662560E+01  1.1834870E-08
  2.2979117E-03  7.1157512E+01  1.2006064E-08
  2.3144684E-03  7.1654151E+01  1.2179697E-08
  2.3311407E-03  7.2152454E+01  1.2355802E-08
  2.3479295E-03  7.2652398E+01  1.2534414E-08
  2.3648355E-03  7.3153958E+01  1.2715569E-08
  2.3818596E-03  7.3657112E+01  1.2899303E-08
  2.3990026E-03  7.4161832E+01  1.3085651E-08
  2.4162653E-03  7.4668094E+01  1.3274652E-08
  2.4336487E-03  7.5175872E+01  1.3466342E-08
  2.4511534E-03  7.5685137E+01  1.3660760E-08
  2.4687804E-03  7.6195864E+01  1.3857943E-08
  2.4865305E-03  7.6708024E+01  1.4057932E-08
  2.5044046E-03  7.7221587E+01  1.4260765E-08
  2.5224036E-03  7.7736526E+01  1.4466483E-08
  2.5405283E-03  7.8252809E+01  1.4675127E-08
  2.5587795E-03  7.8770406E+01  1.4886737E-08
  2.5771583E-03  7.9289287E+01  1.5101356E-08
  2.5956654E-03  7.9809418E+01  1.5319027E-08
  2.6143018E-03  8.0330769E+01  1.5539791E-08
  2.6330683E-03  8.0853305E+01  1.5763694E-08
  2.6519659E-03  8.1376993E+01  1.5990778E-08
  2.6709956E-03  8.1901798E+01  1.6221090E-08
  2.6901581E-03  8.2427686E+01  1.6454675E-08
  2.7094545E-03  8.2954621E+01  1.6691578E-08
  2.7288856E-03  8.3482565E+01  1.6931847E-08
  2.7484525E-03  8.4011483E+01  1.7175529E-08
  2.7681561E-03  8.4541337E+01  1.7422673E-08
  2.7879973E-03  8.5072088E+01  1.7673326E-08
  2.8079770E-03  8.5603697E+01  1.7927540E-08
  2.8280963E-03  8.6136124E+01  1.8185363E-08
  2.8483562E-03  8.6669329E+01  1.8446847E-08
  2.8687575E-03  8.7203271E+01  1.8712044E-08
  2.8893014E-03  8.7737909E+01  1.8981006E-08
  2.9099887E-03  8.8273198E+01  1.9253785E-08
  2.9308206E-03  8.8809098E+01  1.9530437E-08
  2.9517979E-03  8.9345563E+01  1.9811014E-08
  2.9729218E-03  8.9882549E+01  2.0095574E-08
  2.9941932E-03  9.0420011E+01  2.0384172E-08
  3.0156131E-03  9.0957903E+01  2.0676864E-08
  3.0371827E-03  9.1496178E+01  2.0973709E-08
  3.0589030E-03  9.2034789E+01  2.1274766E-08
  3.0807749E-03  9.2573688E+01  2.1580093E-08
  3.1027997E-03  9.3112827E+01  2.1889751E-08
  3.1249782E-03  9.3652155E+01  2.2203800E-08
  3.1473117E-03  9.4191623E+01  2.2522304E-08
  3.1698012E-03  9.4731180E+01  2.2845324E-08
  3.1924477E-03  9.5270775E+01  2.3172924E-08
  3.2152525E-03  9.5810355E+01  2.3505170E-08
  3.2382165E-03  9.6349867E+01  2.3842125E-08
  3.2613409E-03  9.6889258E+01  2.4183858E-08
  3.2846268E-03  9.7428474E+01  2.4530434E-08
  3.3080754E-03  9.7967459E+01  2.4881923E-08
  3.3316877E-03  9.8506158E+01  2.5238393E-08
  3.3554650E-03  9.9044515E+01  2.5599915E-08
  3.3794084E-03  9.9582472E+01  2.5966560E-08
  3.4035190E-03  1.0011997E+02  2.6338401E-08
  3.4277980E-03  1.0065696E+02  2.6715509E-08
  3.4522465E-03  1.0119337E+02  2.7097961E-08
  3.4768659E-03  1.0172914E+02  2.7485830E-08
  3.5016572E-03  1.0226422E+02  2.7879194E-08
  3.5266217E-03  1.0279855E+02  2.8278129E-08
  3.5517605E-03  1.0333205E+02  2.8682714E-08
  3.5770749E-03  1.0386468E+02  2.9093029E-08
  3.6025662E-03  1.0439637E+02  2.9509155E-08
  3.6282354E-03  1.0492704E+02  2.9931173E-08
  3.6540840E-03  1.0545665E+02  3.0359167E-08
  3.6801131E-03  1.0598512E+02  3.0793220E-08
  3.7063241E-03  1.0651239E+02  3.1233418E-08
  3.7327181E-03  1.0703840E+02  3.1679848E-08
  3.7592964E-03  1.0756306E+02  3.2132597E-08
  3.7860604E-03  1.0808633E+02  3.2591754E-08
  3.8130114E-03  1.0860813E+02  3.3057410E-08
  3.8401506E-03  1.0912839E+02  3.3529655E-08
  3.8674793E-03  1.0964704E+02  3.4008584E-08
  3.8949989E-03  1.1016402E+02  3.4494290E-08
  3.9227108E-03  1.1067925E+02  3.4986868E-08
  3.9506162E-03  1.1119266E+02  3.5486415E-08
  3.9787165E-03  1.1170418E+02  3.5993030E-08
  4.0070131E-03  1.1221375E+02  3.6506812E-08
  4.0355073E-03  1.1272128E+02  3.7027862E-08
  4.0642006E-03  1.1322670E+02  3.7556281E-08
  4.0930942E-03  1.1372995E+02  3.8092175E-08
  4.1221897E-03  1.1423094E+02  3.8635648E-08
  4.1514884E-03  1.1472961E+02  3.9186807E-08
  4.1809917E-03  1.1522588E+02  3.9745760E-08
  4.2107012E-03  1.1571967E+02  4.0312616E-08
  4.2406181E-03  1.1621091E+02  4.0887488E-08
  4.2707440E-03  1.1669952E+02  4.1470488E-08
  4.3010803E-03  1.1718543E+02  4.2061730E-08
  4.3316285E-03  1.1766856E+02  4.2661331E-08
  4.3623901E-03  1.1814883E+02  4.3269407E-08
  4.3933665E-03  1.1862617E+02  4.3886079E-08
  4.4245593E-03  1.1910050E+02  4.4511467E-08
  4.4559700E-03  1.1957174E+02  4.5145695E-08
  4.4876000E-03  1.2003982E+02  4.5788885E-08
  4.5194510E-03  1.2050465E+02  4.6441166E-08
  4.5515245E-03  1.2096616E+02  4.7102664E-08
  4.5838219E-03  1.2142426E+02  4.7773509E-08
  4.6163450E-03  1.2187889E+02  4.8453833E-08
  4.6490952E-03  1.2232995E+02  4.9143769E-08
  4.6820742E-03  1.2277738E+02  4.9843452E-08
  4.7152836E-03  1.2322110E+02  5.0553021E-08
  4.7487248E-03  1.2366101E+02  5.1272612E-08
  4.7823997E-03  1.2409705E+02  5.2002369E-08
  4.8163098E-03  1.2452914E+02  5.2742434E-08
  4.8504567E-03  1.2495719E+02  5.3492951E-08
  4.8848422E-03  1.2538113E+02  5.4254068E-08
  4.9194678E-03  1.2580088E+02  5.5025935E-08
  4.9543352E-03  1.2621635E+02  5.5808701E-08
  4.9894462E-03  1.2662748E+02  5.6602521E-08
  5.0248024E-03  1.2703418E+02  5.7407551E-08
  5.0604056E-03  1.2743637E+02  5.8223947E-08
  5.0962575E-03  1.2783397E+02  5.9051870E-08
  5.1323598E-03  1.2822691E+02  5.9891482E-08
  5.1687142E-03  1.2861511E+02  6.0742947E-08
  5.2053226E-03  1.2899850E+02  6.1606433E-08
  5.2421867E-03  1.2937698E+02  6.2482107E-08
  5.2793082E-03  1.2975049E+02  6.3370142E-08
  5.3166890E-03  1.3011896E+02  6.4270712E-08
  5.3543310E-03  1.3048230E+02  6.5183992E-08
  5.3922358E-03  1.3084043E+02  6.6110163E-08
  5.4304054E-03  1.3119330E+02  6.7049403E-08
  5.4688416E-03  1.3154081E+02  6.8001899E-08
  5.5075463E-03  1.3188290E+02  6.8967836E-08
  5.5465213E-03  1.3221949E+02  6.9947403E-08
  5.5857685E-03  1.3255051E+02  7.0940791E-08
  5.6252899E-03  1.3287590E+02  7.1948196E-08
  5.6650873E-03  1.3319557E+02  7.2969815E-08
  5.7051627E-03  1.3350946E+02  7.4005846E-08
  5.7455180E-03  1.3381750E+02  7.5056494E-08
  5.7861552E-03  1.3411962E+02  7.6121963E-08
  5.8270762E-03  1.3441575E+02  7.7202461E-08
  5.8682830E-03  1.3470583E+02  7.8298201E-08
  5.9097777E-03  1.3498979E+02  7.9409397E-08
  5.9515622E-03  1.3526757E+02  8.0536265E-08
  5.9936385E-03  1.3553910E+02  8.1679026E-08
  6.0360087E-03  1.3580432E+02  8.2837904E-08
  6.0786749E-03  1.3606317E+02  8.4013125E-08
  6.1216391E-03  1.3631559E+02  8.5204920E-08
  6.1649033E-03  1.3656152E+02  8.6413520E-08
  6.2084698E-03  1.3680091E+02  8.7639162E-08
  6.2523405E-03  1.3703370E+02  8.8882087E-08
  6.2965177E-03  1.3725983E+02  9.0142536E-08
  6.3410035E-03  1.3747925E+02  9.1420756E-08
  6.3857999E-03  1.3769191E+02  9.2716998E-08
  6.4309093E-03  1.3789777E+02  9.4031513E-08
  6.4763337E-03  1.3809677E+02  9.5364560E-08
  6.5220754E-03  1.3828886E+02  9.6716399E-08
  6.5681366E-03  1.3847400E+02  9.8087293E-08
  6.6145195E-03  1.3865216E+02  9.9477512E-08
  6.6612264E-03  1.3882328E+02  1.0088733E-07
  6.7082596E-03  1.3898733E+02  1.0231701E-07
  6.7556212E-03  1.3914427E+02  1.0376684E-07
  6.8033136E-03  1.3929407E+02  1.0523711E-07
  6.8513392E-03  1.3943669E+02  1.0672810E-07
  6.8997002E-03  1.3957210E+02  1.0824010E-07
  6.9483990E-03  1.3970028E+02  1.0977341E-07
  6.9974380E-03  1.3982119E+02  1.1132832E-07
  7.0468194E-03  1.3993481E+02  1.1290514E-07
  7.0965458E-03  1.4004112E+02  1.1450418E-07
  7.1466195E-03  1.4014010E+02  1.1612575E-07
  7.1970430E-03  1.4023174E+02  1.1777017E-07
  7.2478186E-03  1.4031601E+02  1.1943776E-07
  7.2989489E-03  1.4039291E+02  1.2112884E-07
  7.3504363E-03  1.4046242E+02  1.2284374E-07
  7.4022834E-03  1.4052454E+02  1.2458280E-07
  7.4544926E-03  1.4057926E+02  1.2634636E-07
  7.5070664E-03  1.4062659E+02  1.2813476E-07
  7.5600075E-03  1.4066652E+02  1.2994835E-07
  7.6133184E-03  1.4069905E+02  1.3178749E-07
  7.6670016E-03  1.4072420E+02  1.3365253E-07
  7.7210597E-03  1.4074197E+02  1.3554384E-07
  7.7754955E-03  1.4075238E+02  1.3746179E-07
  7.8303115E-03  1.4075544E+02  1.3940675E-07
  7.8855103E-03  1.4075116E+02  1.4137909E-07
  7.9410947E-03  1.4073958E+02  1.4337922E-07
  7.9970673E-03  1.4072072E+02  1.4540751E-07
  8.0534309E-03  1.4069460E+02  1.4746436E-07
  8.1101882E-03  1.4066126E+02  1.4955017E-07
  8.1673419E-03  1.4062073E+02  1.5166536E-07
  8.2248948E-03  1.4057305E+02  1.5381032E-07
  8.2828497E-03  1.4051826E+02  1.5598549E-07
  8.3412093E-03  1.4045641E+02  1.5819128E-07
  8.3999767E-03  1.4038754E+02  1.6042813E-07
  8.4591544E-03  1.4031172E+02  1.6269646E-07
  8.5187456E-03  1.4022898E+02  1.6499673E-07
  8.5787529E-03  1.4013940E+02  1.6732939E-07
  8.6391794E-03  1.4004304E+02  1.6969488E-07
  8.7000279E-03  1.3993996E+02  1.7209367E-07
  8.7613015E-03  1.3983023E+02  1.7452622E-07
  8.8230030E-03  1.3971393E+02  1.7699302E-07
  8.8851355E-03  1.3959113E+02  1.7949453E-07
  8.9477020E-03  1.3946193E+02  1.8203126E-07
  9.0107055E-03  1.3932639E+02  1.8460369E-07
  9.0741490E-03  1.3918462E+02  1.8721232E-07
  9.1380357E-03  1.3903671E+02  1.8985767E-07
  9.2023686E-03  1.3888275E+02  1.9254025E-07
  9.2671509E-03  1.3872285E+02  1.9526057E-07
  9.3323856E-03  1.3855711E+02  1.9801918E-07
  9.3980760E-03  1.3838564E+02  2.0081661E-07
  9.4642252E-03  1.3820855E+02  2.0365341E-07
  9.5308365E-03  1.3802597E+02  2.0653012E-07
  9.5979130E-03  1.3783801E+02  2.0944731E-07
  9.6654580E-03  1.3764480E+02  2.1240555E-07
  9.7334748E-03  1.3744647E+02  2.1540541E-07
  9.8019667E-03  1.3724315E+02  2.1844748E-07
  9.8709370E-03  1.3703498E+02  2.2153234E-07
  9.9403890E-03  1.3682211E+02  2.2466061E-07
  1.0010326E-02  1.3660468E+02  2.2783289E-07
  1.0080752E-02  1.3638283E+02  2.3104980E-07
  1.0151669E-02  1.3615673E+02  2.3431197E-07
  1.0223082E-02  1.3592653E+02  2.3762002E-07
  1.0294994E-02  1.3569240E+02  2.4097461E-07
  1.0367408E-02  1.3545450E+02  2.4437639E-07
  1.0440327E-02  1.3521299E+02  2.4782602E-07
  1.0513756E-02  1.3496807E+02  2.5132418E-07
  1.0587698E-02  1.3471989E+02  2.5487153E-07
  1.0662157E-02  1.3446866E+02  2.5846879E-07
  1.0737135E-02  1.3421455E+02  2.6211664E-07
  1.0812637E-02  1.3395775E+02  2.6581579E-07
  1.0888667E-02  1.3369846E+02  2.6956697E-07
  1.0965227E-02  1.3343687E+02  2.7337091E-07
  1.1042323E-02  1.3317319E+02  2.7722835E-07
  1.1119956E-02  1.3290762E+02  2.8114003E-07
  1.1198132E-02  1.3264037E+02  2.8510672E-07
  1.1276854E-02  1.3237166E+02  2.8912920E-07
  1.1356126E-02  1.3210169E+02  2.9320824E-07
  1.1435952E-02  1.3183070E+02  2.9734464E-07
  1.1516335E-02  1.3155889E+02  3.0153921E-07
  1.1597280E-02  1.3128651E+02  3.0579276E-07
  1.1678790E-02  1.3101377E+02  3.1010611E-07
  1.1760869E-02  1.3074092E+02  3.1448012E-07
  1.1843522E-02  1.3046819E+02  3.1891562E-07
  1.1926752E-02  1.3019581E+02  3.2341349E-07
  1.2010563E-02  1.2992403E+02  3.2797460E-07
  1.2094960E-02  1.2965309E+02  3.3259984E-07
  1.2179946E-02  1.2938325E+02  3.3729010E-07
  1.2265526E-02  1.2911474E+02  3.4204630E-07
  1.2351703E-02  1.2884783E+02  3.4686936E-07
  1.2438483E-02  1.2858278E+02  3.5176023E-07
  1.2525868E-02  1.2831983E+02  3.5671985E-07
  1.2613864E-02  1.2805924E+02  3.6174920E-07
  1.2702475E-02  1.2780129E+02  3.6684924E-07
  1.2791704E-02  1.2754623E+02  3.7202097E-07
  1.2881557E-02  1.2729433E+02  3.7726541E-07
  1.2972037E-02  1.2704586E+02  3.8258355E-07
  1.3063149E-02  1.2680108E+02  3.8797645E-07
  1.3154898E-02  1.2656027E+02  3.9344515E-07
  1.3247288E-02  1.2632370E+02  3.9899072E-07
  1.3340322E-02  1.2609164E+02  4.0461423E-07
  1.3434007E-02  1.2586437E+02  4.1031678E-07
  1.3528346E-02  1.2564215E+02  4.1609947E-07
  1.3623344E-02  1.2542527E+02  4.2196344E-07
  1.3719005E-02  1.2521399E+02  4.2790981E-07
  1.3815335E-02  1.2500861E+02  4.3393976E-07
  1.3912337E-02  1.2480938E+02  4.4005445E-07
  1.4010017E-02  1.2461660E+02  4.4625507E-07
  1.4108380E-02  1.2443052E+02  4.5254282E-07
  1.4207429E-02  1.2425144E+02  4.5891893E-07
  1.4307170E-02  1.2407962E+02  4.6538464E-07
  1.4407608E-02  1.2391533E+02  4.7194121E-07
  1.4508747E-02  1.2375886E+02  4.7858991E-07
  1.4610593E-02  1.2361047E+02  4.8533203E-07
  1.4713150E-02  1.2347042E+02  4.9216889E-07
  1.4816424E-02  1.2333900E+02  4.9910181E-07
  1.4920418E-02  1.2321646E+02  5.0613215E-07
  1.5025140E-02  1.2310307E+02  5.1326126E-07
  1.5130592E-02  1.2299909E+02  5.2049053E-07
  1.5236781E-02  1.2290479E+02  5.2782138E-07
  1.5343712E-02  1.2282041E+02  5.3525522E-07
  1.5451390E-02  1.2274621E+02  5.4279350E-07
  1.5559820E-02  1.2268244E+02  5.5043769E-07
  1.5669007E-02  1.2262935E+02  5.5818927E-07
  1.5778957E-02  1.2258717E+02  5.6604974E-07
  1.5889674E-02  1.2255616E+02  5.7402065E-07
  1.6001166E-02  1.2253654E+02  5.8210352E-07
  1.6113435E-02  1.2252854E+02  5.9029995E-07
  1.6226489E-02  1.2253240E+02  5.9861151E-07
  1.6340333E-02  1.2254832E+02  6.0703982E-07
  1.6454972E-02  1.2257653E+02  6.1558653E-07
  1.6570412E-02  1.2261723E+02  6.2425329E-07
  1.6686657E-02  1.2267062E+02  6.3304179E-07
  1.6803715E-02  1.2273692E+02  6.4195373E-07
  1.6921591E-02  1.2281630E+02  6.5099085E-07
  1.7040289E-02  1.2290895E+02  6.6015491E-07
  1.7159817E-02  1.2301506E+02  6.6944767E-07
  1.7280180E-02  1.2313478E+02  6.7887095E-07
  1.7401383E-02  1.2326830E+02  6.8842659E-07
  1.7523433E-02  1.2341575E+02  6.9811643E-07
  1.7646336E-02  1.2357729E+02  7.0794235E-07
  1.7770097E-02  1.2375307E+02  7.1790628E-07
  1.7894722E-02  1.2394321E+02  7.2801014E-07
  1.8020218E-02  1.2414784E+02  7.3825589E-07
  1.8146590E-02  1.2436706E+02  7.4864553E-07
  1.8273845E-02  1.2460100E+02  7.5918107E-07
  1.8401989E-02  1.2484974E+02  7.6986456E-07
  1.8531028E-02  1.2511337E+02  7.8069808E-07
  1.8660968E-02  1.2539196E+02  7.9168373E-07
  1.8791816E-02  1.2568560E+02  8.0282364E-07
  1.8923577E-02  1.2599432E+02  8.1411998E-07
  1.9056259E-02  1.2631818E+02  8.2557494E-07
  1.9189868E-02  1.2665721E+02  8.3719075E-07
  1.9324410E-02  1.2701143E+02  8.4896966E-07
  1.9459892E-02  1.2738087E+02  8.6091395E-07
  1.9596320E-02  1.2776552E+02  8.7302596E-07
  1.9733701E-02  1.2816537E+02  8.8530802E-07
  1.9872041E-02  1.2858040E+02  8.9776253E-07
  2.0011348E-02  1.2901058E+02  9.1039190E-07
  2.0151628E-02  1.2945586E+02  9.2319859E-07
  2.0292888E-02  1.2991618E+02  9.3618507E-07
  2.0435134E-02  1.3039148E+02  9.4935389E-07
  2.0578374E-02  1.3088166E+02  9.6270758E-07
  2.0722614E-02  1.3138664E+02  9.7624874E-07
  2.0867862E-02  1.3190630E+02  9.8998001E-07
  2.1014124E-02  1.3244053E+02  1.0039040E-06
  2.1161408E-02  1.3298918E+02  1.0180235E-06
  2.1309721E-02  1.3355210E+02  1.0323413E-06
  2.1459069E-02  1.3412915E+02  1.0468600E-06
  2.1609461E-02  1.3472013E+02  1.0615825E-06
  2.1760903E-02  1.3532486E+02  1.0765116E-06
  2.1913403E-02  1.3594314E+02  1.0916504E-06
  2.2066968E-02  1.3657475E+02  1.1070016E-06
  2.2221606E-02  1.3721945E+02  1.1225683E-06
  2.2377324E-02  1.3787701E+02  1.1383536E-06
  2.2534129E-02  1.3854717E+02  1.1543603E-06
  2.2692030E-02  1.3922965E+02  1.1705918E-06
  2.2851033E-02  1.3992416E+02  1.1870511E-06
  2.3011147E-02  1.4063040E+02  1.2037414E-06
  2.3172380E-02  1.4134807E+02  1.2206659E-06
  2.3334739E-02  1.4207683E+02  1.2378280E-06
  2.3498231E-02  1.4281633E+02  1.2552310E-06
  2.3662866E-02  1.4356623E+02  1.2728782E-06
  2.3828650E-02  1.4432616E+02  1.2907730E-06
  2.3995593E-02  1.4509572E+02  1.3089191E-06
  2.4163702E-02  1.4587453E+02  1.3273197E-06
  2.4332984E-02  1.4666217E+02  1.3459786E-06
  2.4503449E-02  1.4745822E+02  1.3648994E-06
  2.4675105E-02  1.4826224E+02  1.3840856E-06
  2.4847960E-02  1.4907379E+02  1.4035412E-06
  2.5022022E-02  1.4989241E+02  1.4232697E-06
  2.5197300E-02  1.5071761E+02  1.4432751E-06
  2.5373802E-02  1.5154892E+02  1.4635612E-06
  2.5551537E-02  1.5238583E+02  1.4841319E-06
  2.5730514E-02  1.5322784E+02  1.5049913E-06
  2.5910740E-02  1.5407442E+02  1.5261434E-06
  2.6092225E-02  1.5492504E+02  1.5475923E-06
  2.6274978E-02  1.5577917E+02  1.5693422E-06
  2.6459008E-02  1.5663624E+02  1.5913972E-06
  2.6644322E-02  1.5749569E+02  1.6137616E-06
  2.6830932E-02  1.5835695E+02  1.6364399E-06
  2.7018844E-02  1.5921944E+02  1.6594363E-06
  2.7208069E-02  1.6008256E+02  1.6827554E-06
  2.7398616E-02  1.6094572E+02  1.7064017E-06
  2.7590494E-02  1.6180831E+02  1.7303797E-06
  2.7783712E-02  1.6266972E+02  1.7546940E-06
  2.7978279E-02  1.6352931E+02  1.7793496E-06
  2.8174206E-02  1.6438647E+02  1.8043509E-06
  2.8371500E-02  1.6524056E+02  1.8297031E-06
  2.8570173E-02  1.6609094E+02  1.8554109E-06
  2.8770234E-02  1.6693696E+02  1.8814793E-06
  2.8971692E-02  1.6777797E+02  1.9079134E-06
  2.9174557E-02  1.6861333E+02  1.9347183E-06
  2.9378839E-02  1.6944237E+02  1.9618992E-06
  2.9584548E-02  1.7026443E+02  1.9894614E-06
  2.9791694E-02  1.7107887E+02  2.0174103E-06
  3.0000287E-02  1.7188500E+02  2.0457511E-06
  3.0210336E-02  1.7268218E+02  2.0744895E-06
  3.0421853E-02  1.7346974E+02  2.1036310E-06
  3.0634847E-02  1.7424702E+02  2.1331812E-06
  3.0849329E-02  1.7501335E+02  2.1631459E-06
  3.1065309E-02  1.7576809E+02  2.1935308E-06
  3.1282797E-02  1.7651057E+02  2.2243419E-06
  3.1501805E-02  1.7724015E+02  2.2555852E-06
  3.1722342E-02  1.7795618E+02  2.2872666E-06
  3.1944420E-02  1.7865801E+02  2.3193924E-06
  3.2168049E-02  1.7934502E+02  2.3519687E-06
  3.2393239E-02  1.8001657E+02  2.3850018E-06
  3.2620003E-02  1.8067205E+02  2.4184982E-06
  3.2848351E-02  1.8131083E+02  2.4524644E-06
  3.3078293E-02  1.8193233E+02  2.4869068E-06
  3.3309842E-02  1.8253594E+02  2.5218323E-06
  3.3543008E-02  1.8312108E+02  2.5572475E-06
  3.3777802E-02  1.8368718E+02  2.5931593E-06
  3.4014236E-02  1.8423369E+02  2.6295747E-06
  3.4252322E-02  1.8476005E+02  2.6665008E-06
  3.4492071E-02  1.8526575E+02  2.7039446E-06
  3.4733494E-02  1.8575026E+02  2.7419134E-06
  3.4976604E-02  1.8621307E+02  2.7804146E-06
  3.5221412E-02  1.8665372E+02  2.8194556E-06
  3.5467929E-02  1.8707173E+02  2.8590440E-06
  3.5716169E-02  1.8746665E+02  2.8991874E-06
  3.5966142E-02  1.8783806E+02  2.9398937E-06
  3.6217862E-02  1.8818554E+02  2.9811707E-06
  3.6471339E-02  1.8850871E+02  3.0230263E-06
  3.6726587E-02  1.8880720E+02  3.0654688E-06
  3.6983618E-02  1.8908067E+02  3.1085063E-06
  3.7242444E-02  1.8932878E+02  3.1521471E-06
  3.7503078E-02  1.8955125E+02  3.1963997E-06
  3.7765532E-02  1.8974780E+02  3.2412726E-06
  3.8029820E-02  1.8991817E+02  3.2867746E-06
  3.8295953E-02  1.9006215E+02  3.3329144E-06
  3.8563946E-02  1.9017954E+02  3.3797009E-06
  3.8833810E-02  1.9027016E+02  3.4271433E-06
  3.9105559E-02  1.9033388E+02  3.4752507E-06
  3.9379206E-02  1.9037057E+02  3.5240323E-06
  3.9654765E-02  1.9038015E+02  3.5734978E-06
  3.9932248E-02  1.9036257E+02  3.6236565E-06
  4.0211670E-02  1.9031780E+02  3.6745182E-06
  4.0493043E-02  1.9024583E+02  3.7260928E-06
  4.0776381E-02  1.9014671E+02  3.7783902E-06
  4.1061698E-02  1.9002050E+02  3.8314205E-06
  4.1349009E-02  1.8986730E+02  3.8851940E-06
  4.1638326E-02  1.8968722E+02  3.9397211E-06
  4.1929664E-02  1.8948045E+02  3.9950124E-06
  4.2223036E-02  1.8924716E+02  4.0510784E-06
  4.2518458E-02  1.8898758E+02  4.1079302E-06
  4.2815944E-02  1.8870197E+02  4.1655785E-06
  4.3115507E-02  1.8839063E+02  4.2240347E-06
  4.3417162E-02  1.8805388E+02  4.2833100E-06
  4.3720925E-02  1.8769207E+02  4.3434158E-06
  4.4026809E-02  1.8730560E+02  4.4043639E-06
  4.4334830E-02  1.8689489E+02  4.4661658E-06
  4.4645002E-02  1.8646040E+02  4.5288337E-06
  4.4957341E-02  1.8600262E+02  4.5923796E-06
  4.5271861E-02  1.8552207E+02  4.6568157E-06
  4.5588578E-02  1.8501931E+02  4.7221546E-06
  4.5907507E-02  1.8449493E+02  4.7884089E-06
  4.6228664E-02  1.8394955E+02  4.8555913E-06
  4.6552064E-02  1.8338381E+02  4.9237149E-06
  4.6877723E-02  1.8279841E+02  4.9927927E-06
  4.7205656E-02  1.8219406E+02  5.0628382E-06
  4.7535880E-02  1.8157151E+02  5.1338649E-06
  4.7868411E-02  1.8093151E+02  5.2058865E-06
  4.8203264E-02  1.8027489E+02  5.2789168E-06
  4.8540456E-02  1.7960246E+02  5.3529701E-06
  4.8880003E-02  1.7891510E+02  5.4280605E-06
  4.9221922E-02  1.7821368E+02  5.5042027E-06
  4.9566229E-02  1.7749911E+02  5.5814112E-06
  4.9912941E-02  1.7677233E+02  5.6597010E-06
  5.0262075E-02  1.7603431E+02  5.7390873E-06
  5.0613647E-02  1.7528602E+02  5.8195853E-06
  5.0967675E-02  1.7452847E+02  5.9012105E-06
  5.1324175E-02  1.7376268E+02  5.9839788E-06
  5.1683166E-02  1.7298970E+02  6.0679060E-06
  5.2044664E-02  1.7221059E+02  6.1530085E-06
  5.2408687E-02  1.7142644E+02  6.2393025E-06
  5.2775253E-02  1.7063833E+02  6.3268048E-06
  5.3144379E-02  1.6984738E+02  6.4155322E-06
  5.3516083E-02  1.6905471E+02  6.5055019E-06
  5.3890384E-02  1.6826146E+02  6.5967312E-06
  5.4267299E-02  1.6746876E+02  6.6892376E-06
  5.4646846E-02  1.6667777E+02  6.7830391E-06
  5.5029045E-02  1.6588965E+02  6.8781537E-06
  5.5413913E-02  1.6510556E+02  6.9745997E-06
  5.5801469E-02  1.6432667E+02  7.0723958E-06
  5.6191732E-02  1.6355415E+02  7.1715608E-06
  5.6584721E-02  1.6278915E+02  7.2721138E-06
  5.6980455E-02  1.6203286E+02  7.3740742E-06
  5.7378954E-02  1.6128642E+02  7.4774616E-06
  5.7780235E-02  1.6055101E+02  7.5822959E-06
  5.8184319E-02  1.5982775E+02  7.6885974E-06
  5.8591226E-02  1.5911780E+02  7.7963866E-06
  5.9000975E-02  1.5842228E+02  7.9056841E-06
  5.9413586E-02  1.5774230E+02  8.0165111E-06
  5.9829079E-02  1.5707896E+02  8.1288888E-06
  6.0247474E-02  1.5643335E+02  8.2428390E-06
  6.0668791E-02  1.5580652E+02  8.3583836E-06
  6.1093051E-02  1.5519951E+02  8.4755448E-06
  6.1520274E-02  1.5461335E+02  8.5943451E-06
  6.1950482E-02  1.5404902E+02  8.7148074E-06
  6.2383694E-02  1.5350749E+02  8.8369550E-06
  6.2819932E-02  1.5298970E+02  8.9608113E-06
  6.3259217E-02  1.5249654E+02  9.0864002E-06
  6.3701571E-02  1.5202890E+02  9.2137457E-06
  6.4147014E-02  1.5158761E+02  9.3428725E-06
  6.4595568E-02  1.5117347E+02  9.4738053E-06
  6.5047256E-02  1.5078725E+02  9.6065693E-06
  6.5502098E-02  1.5042966E+02  9.7411901E-06
  6.5960117E-02  1.5010138E+02  9.8776936E-06
  6.6421336E-02  1.4980306E+02  1.0016106E-05
  6.6885776E-02  1.4953528E+02  1.0156454E-05
  6.7353460E-02  1.4929859E+02  1.0298764E-05
  6.7824410E-02  1.4909349E+02  1.0443064E-05
  6.8298650E-02  1.4892041E+02  1.0589382E-05
  6.8776202E-02  1.4877975E+02  1.0737745E-05
  6.9257090E-02  1.4867186E+02  1.0888182E-05
  6.9741337E-02  1.4859702E+02  1.1040723E-05
  7.0228966E-02  1.4855547E+02  1.1195395E-05
  7.0720001E-02  1.4854738E+02  1.1352230E-05
  7.1214466E-02  1.4857286E+02  1.1511257E-05
  7.1712385E-02  1.4863198E+02  1.1672506E-05
  7.2213781E-02  1.4872474E+02  1.1836009E-05
  7.2718679E-02  1.4885107E+02  1.2001798E-05
  7.3227104E-02  1.4901086E+02  1.2169902E-05
  7.3739081E-02  1.4920393E+02  1.2340356E-05
  7.4254633E-02  1.4943002E+02  1.2513192E-05
  7.4773786E-02  1.4968883E+02  1.2688442E-05
  7.5296565E-02  1.4998000E+02  1.2866141E-05
  7.5822996E-02  1.5030308E+02  1.3046323E-05
  7.6353104E-02  1.5065759E+02  1.3229021E-05
  7.6886914E-02  1.5104297E+02  1.3414272E-05
  7.7424453E-02  1.5145859E+02  1.3602110E-05
  7.7965746E-02  1.5190378E+02  1.3792572E-05
  7.8510821E-02  1.5237779E+02  1.3985694E-05
  7.9059702E-02  1.5287981E+02  1.4181513E-05
  7.9612417E-02  1.5340898E+02  1.4380066E-05
  8.0168993E-02  1.5396437E+02  1.4581392E-05
  8.0729456E-02  1.5454499E+02  1.4785529E-05
  8.1293834E-02  1.5514980E+02  1.4992516E-05
  8.1862154E-02  1.5577771E+02  1.5202393E-05
  8.2434443E-02  1.5642756E+02  1.5415199E-05
  8.3010730E-02  1.5709814E+02  1.5630977E-05
  8.3591042E-02  1.5778819E+02  1.5849766E-05
  8.4175407E-02  1.5849639E+02  1.6071608E-05
  8.4763854E-02  1.5922140E+02  1.6296547E-05
  8.5356411E-02  1.5996179E+02  1.6524625E-05
  8.5953107E-02  1.6071613E+02  1.6755885E-05
  8.6553970E-02  1.6148291E+02  1.6990372E-05
  8.7159031E-02  1.6226061E+02  1.7228131E-05
  8.7768317E-02  1.6304765E+02  1.7469207E-05
  8.8381860E-02  1.6384242E+02  1.7713645E-05
  8.8999687E-02  1.6464329E+02  1.7961494E-05
  8.9621830E-02  1.6544859E+02  1.8212799E-05
  9.0248319E-02  1.6625662E+02  1.8467609E-05
  9.0879183E-02  1.6706566E+02  1.8725972E-05
  9.1514454E-02  1.6787397E+02  1.8987938E-05
  9.2154162E-02  1.6867980E+02  1.9253557E-05
  9.2798338E-02  1.6948136E+02  1.9522879E-05
  9.3447013E-02  1.7027688E+02  1.9795956E-05
  9.4100220E-02  1.7106456E+02  2.0072839E-05
  9.4757989E-02  1.7184261E+02  2.0353581E-05
  9.5420352E-02  1.7260923E+02  2.0638237E-05
  9.6087341E-02  1.7336262E+02  2.0926859E-05
  9.6758989E-02  1.7410099E+02  2.1219502E-05
  9.7435329E-02  1.7482257E+02  2.1516224E-05
  9.8116392E-02  1.7552558E+02  2.1817079E-05
  9.8802213E-02  1.7620828E+02  2.2122126E-05
  9.9492824E-02  1.7686893E+02  2.2431421E-05
  1.0018826E-01  1.7750584E+02  2.2745024E-05
  1.0088855E-01  1.7811732E+02  2.3062995E-05
  1.0159373E-01  1.7870174E+02  2.3385394E-05
  1.0230384E-01  1.7925747E+02  2.3712281E-05
  1.0301891E-01  1.7978295E+02  2.4043720E-05
  1.0373897E-01  1.8027665E+02  2.4379772E-05
  1.0446407E-01  1.8073709E+02  2.4720502E-05
  1.0519422E-01  1.8116283E+02  2.5065975E-05
  1.0592948E-01  1.8155249E+02  2.5416255E-05
  1.0666987E-01  1.8190475E+02  2.5771409E-05
  1.0741544E-01  1.8221834E+02  2.6131505E-05
  1.0816621E-01  1.8249206E+02  2.6496610E-05
  1.0892222E-01  1.8272479E+02  2.6866793E-05
  1.0968352E-01  1.8291544E+02  2.7242126E-05
  1.1045013E-01  1.8306302E+02  2.7622678E-05
  1.1122210E-01  1.8316661E+02  2.8008522E-05
  1.1199946E-01  1.8322538E+02  2.8399730E-05
  1.1278225E-01  1.8323855E+02  2.8796377E-05
  1.1357051E-01  1.8320544E+02  2.9198537E-05
  1.1436427E-01  1.8312546E+02  2.9606287E-05
  1.1516358E-01  1.8299809E+02  3.0019702E-05
  1.1596847E-01  1.8282291E+02  3.0438863E-05
  1.1677898E-01  1.8259959E+02  3.0863846E-05
  1.1759515E-01  1.8232788E+02  3.1294733E-05
  1.1841703E-01  1.8200764E+02  3.1731604E-05
  1.1924464E-01  1.8163881E+02  3.2174543E-05
  1.2007804E-01  1.8122143E+02  3.2623631E-05
  1.2091725E-01  1.8075563E+02  3.3078955E-05
  1.2176233E-01  1.8024165E+02  3.3540599E-05
  1.2261331E-01  1.7967981E+02  3.4008650E-05
  1.2347024E-01  1.7907054E+02  3.4483196E-05
  1.2433315E-01  1.7841435E+02  3.4964327E-05
  1.2520208E-01  1.7771187E+02  3.5452133E-05
  1.2607709E-01  1.7696380E+02  3.5946704E-05
  1.2695821E-01  1.7617096E+02  3.6448135E-05
  1.2784548E-01  1.7533424E+02  3.6956519E-05
  1.2873895E-01  1.7445464E+02  3.7471952E-05
  1.2963866E-01  1.7353324E+02  3.7994529E-05
  1.3054465E-01  1.7257122E+02  3.8524349E-05
  1.3145698E-01  1.7156984E+02  3.9061511E-05
  1.3237567E-01  1.7053044E+02  3.9606116E-05
  1.3330078E-01  1.6945446E+02  4.0158265E-05
  1.3423235E-01  1.6834341E+02  4.0718061E-05
  1.3517043E-01  1.6719887E+02  4.1285609E-05
  1.3611507E-01  1.6602252E+02  4.1861015E-05
  1.3706630E-01  1.6481609E+02  4.2444386E-05
  1.3802417E-01  1.6358138E+02  4.3035831E-05
  1.3898874E-01  1.6232026E+02  4.3635460E-05
  1.3996004E-01  1.6103466E+02  4.4243386E-05
  1.4093812E-01  1.5972658E+02  4.4859720E-05
  1.4192304E-01  1.5839805E+02  4.5484578E-05
  1.4291484E-01  1.5705115E+02  4.6118076E-05
  1.4391356E-01  1.5568804E+02  4.6760331E-05
  1.4491926E-01  1.5431088E+02  4.7411463E-05
  1.4593199E-01  1.5292187E+02  4.8071593E-05
  1.4695179E-01  1.5152327E+02  4.8740843E-05
  1.4797871E-01  1.5011733E+02  4.9419337E-05
  1.4901280E-01  1.4870634E+02  5.0107201E-05
  1.5005412E-01  1.4729260E+02  5.0804561E-05
  1.5110271E-01  1.4587843E+02  5.1511548E-05
  1.5215862E-01  1.4446615E+02  5.2228291E-05
  1.5322191E-01  1.4305805E+02  5.2954924E-05
  1.5429263E-01  1.4165647E+02  5.3691580E-05
  1.5537082E-01  1.4026370E+02  5.4438394E-05
  1.5645655E-01  1.3888201E+02  5.5195506E-05
  1.5754986E-01  1.3751368E+02  5.5963054E-05
  1.5865081E-01  1.3616094E+02  5.6741179E-05
  1.5975944E-01  1.3482598E+02  5.7530024E-05
  1.6087582E-01  1.3351098E+02  5.8329735E-05
  1.6200000E-01  1.3221805E+02  5.9140459E-05
  1.6313202E-01  1.3094928E+02  5.9962343E-05
  1.6427196E-01  1.2970666E+02  6.0795539E-05
  1.6541986E-01  1.2849218E+02  6.1640200E-05
  1.6657577E-01  1.2730773E+02  6.2496479E-05
  1.6773976E-01  1.2615514E+02  6.3364534E-05
  1.6891188E-01  1.2503616E+02  6.4244523E-05
  1.7009219E-01  1.2395248E+02  6.5136607E-05
  1.7128074E-01  1.2290571E+02  6.6040948E-05
  1.7247759E-01  1.2189735E+02  6.6957711E-05
  1.7368280E-01  1.2092883E+02  6.7887063E-05
  1.7489643E-01  1.2000149E+02  6.8829174E-05
  1.7611854E-01  1.1911657E+02  6.9784214E-05
  1.7734918E-01  1.1827520E+02  7.0752357E-05
  1.7858842E-01  1.1747841E+02  7.1733778E-05
  1.7983631E-01  1.1672715E+02  7.2728655E-05
  1.8109292E-01  1.1602222E+02  7.3737169E-05
  1.8235831E-01  1.1536435E+02  7.4759501E-05
  1.8363254E-01  1.1475412E+02  7.5795837E-05
  1.8491566E-01  1.1419204E+02  7.6846363E-05
  1.8620775E-01  1.1367846E+02  7.7911269E-05
  1.8750886E-01  1.1321364E+02  7.8990746E-05
  1.8881906E-01  1.1279772E+02  8.0084989E-05
  1.9013841E-01  1.1243071E+02  8.1194195E-05
  1.9146698E-01  1.1211251E+02  8.2318561E-05
  1.9280483E-01  1.1184291E+02  8.3458291E-05
  1.9415202E-01  1.1162156E+02  8.4613588E-05
  1.9550862E-01  1.1144801E+02  8.5784659E-05
  1.9687470E-01  1.1132169E+02  8.6971712E-05
  1.9825032E-01  1.1124191E+02  8.8174961E-05
  1.9963554E-01  1.1120788E+02  8.9394618E-05
  2.0103044E-01  1.1121867E+02  9.0630902E-05
  2.0243509E-01  1.1127326E+02  9.1884032E-05
  2.0384954E-01  1.1137053E+02  9.3154230E-05
  2.0527388E-01  1.1150925E+02  9.4441722E-05
  2.0670816E-01  1.1168807E+02  9.5746736E-05
  2.0815247E-01  1.1190557E+02  9.7069502E-05
  2.0960686E-01  1.1216021E+02  9.8410255E-05
  2.1107141E-01  1.1245039E+02  9.9769230E-05
  2.1254618E-01  1.1277439E+02  1.0114667E-04
  2.1403126E-01  1.1313043E+02  1.0254281E-04
  2.1552671E-01  1.1351665E+02  1.0395790E-04
  2.1703261E-01  1.1393111E+02  1.0539218E-04
  2.1854903E-01  1.1437181E+02  1.0684592E-04
  2.2007603E-01  1.1483668E+02  1.0831936E-04
  2.2161371E-01  1.1532361E+02  1.0981275E-04
  2.2316212E-01  1.1583041E+02  1.1132637E-04
  2.2472135E-01  1.1635487E+02  1.1286047E-04
  2.2629147E-01  1.1689472E+02  1.1441532E-04
  2.2787255E-01  1.1744767E+02  1.1599119E-04
  2.2946468E-01  1.1801139E+02  1.1758835E-04
  2.3106793E-01  1.1858354E+02  1.1920708E-04
  2.3268238E-01  1.1916175E+02  1.2084766E-04
  2.3430810E-01  1.1974363E+02  1.2251036E-04
  2.3594518E-01  1.2032682E+02  1.2419548E-04
  2.3759370E-01  1.2090891E+02  1.2590331E-04
  2.3925372E-01  1.2148755E+02  1.2763413E-04
  2.4092535E-01  1.2206036E+02  1.2938825E-04
  2.4260865E-01  1.2262499E+02  1.3116596E-04
  2.4430370E-01  1.2317913E+02  1.3296756E-04
  2.4601060E-01  1.2372048E+02  1.3479336E-04
  2.4772942E-01  1.2424679E+02  1.3664368E-04
  2.4946024E-01  1.2475583E+02  1.3851882E-04
  2.5120315E-01  1.2524543E+02  1.4041910E-04
  2.5295824E-01  1.2571348E+02  1.4234484E-04
  2.5472558E-01  1.2615792E+02  1.4429636E-04
  2.5650527E-01  1.2657673E+02  1.4627400E-04
  2.5829739E-01  1.2696799E+02  1.4827808E-04
  2.6010203E-01  1.2732982E+02  1.5030893E-04
  2.6191927E-01  1.2766045E+02  1.5236691E-04
  2.6374921E-01  1.2795814E+02  1.5445234E-04
  2.6559193E-01  1.2822129E+02  1.5656558E-04
  2.6744751E-01  1.2844834E+02  1.5870697E-04
  2.6931606E-01  1.2863784E+02  1.6087687E-04
  2.7119766E-01  1.2878843E+02  1.6307564E-04
  2.7309241E-01  1.2889885E+02  1.6530363E-04
  2.7500038E-01  1.2896792E+02  1.6756121E-04
  2.7692168E-01  1.2899459E+02  1.6984875E-04
  2.7885641E-01  1.2897789E+02  1.7216663E-04
  2.8080464E-01  1.2891696E+02  1.7451521E-04
  2.8276649E-01  1.2881104E+02  1.7689488E-04
  2.8474203E-01  1.2865948E+02  1.7930603E-04
  2.8673138E-01  1.2846175E+02  1.8174904E-04
  2.8873462E-01  1.2821740E+02  1.8422431E-04
  2.9075185E-01  1.2792612E+02  1.8673223E-04
  2.9278318E-01  1.2758767E+02  1.8927320E-04
  2.9482869E-01  1.2720196E+02  1.9184763E-04
  2.9688849E-01  1.2676896E+02  1.9445592E-04
  2.9896267E-01  1.2628879E+02  1.9709850E-04
  3.0105134E-01  1.2576163E+02  1.9977576E-04
  3.0315460E-01  1.2518780E+02  2.0248814E-04
  3.0527256E-01  1.2456770E+02  2.0523607E-04
  3.0740530E-01  1.2390184E+02  2.0801996E-04
  3.0955294E-01  1.2319080E+02  2.1084025E-04
  3.1171559E-01  1.2243530E+02  2.1369738E-04
  3.1389333E-01  1.2163610E+02  2.1659180E-04
  3.1608629E-01  1.2079408E+02  2.1952393E-04
  3.1829457E-01  1.1991020E+02  2.2249425E-04
  3.2051827E-01  1.1898548E+02  2.2550319E-04
  3.2275750E-01  1.1802105E+02  2.2855121E-04
  3.2501237E-01  1.1701809E+02  2.3163879E-04
  3.2728300E-01  1.1597785E+02  2.3476638E-04
  3.2956948E-01  1.1490167E+02  2.3793445E-04
  3.3187193E-01  1.1379092E+02  2.4114347E-04
  3.3419046E-01  1.1264704E+02  2.4439394E-04
  3.3652519E-01  1.1147152E+02  2.4768632E-04
  3.3887623E-01  1.1026592E+02  2.5102110E-04
  3.4124369E-01  1.0903180E+02  2.5439877E-04
  3.4362768E-01  1.0777081E+02  2.5781984E-04
  3.4602832E-01  1.0648459E+02  2.6128478E-04
  3.4844574E-01  1.0517483E+02  2.6479412E-04
  3.5088003E-01  1.0384325E+02  2.6834835E-04
  3.5333133E-01  1.0249158E+02  2.7194798E-04
  3.5579975E-01  1.0112157E+02  2.7559352E-04
  3.5828542E-01  9.9734984E+01  2.7928550E-04
  3.6078844E-01  9.8333580E+01  2.8302443E-04
  3.6330895E-01  9.6919129E+01  2.8681085E-04
  3.6584706E-01  9.5493398E+01  2.9064527E-04
  3.6840290E-01  9.4058144E+01  2.9452823E-04
  3.7097659E-01  9.2615114E+01  2.9846027E-04
  3.7356826E-01  9.1166040E+01  3.0244192E-04
  3.7617803E-01  8.9712633E+01  3.0647374E-04
  3.7880603E-01  8.8256580E+01  3.1055625E-04
  3.8145239E-01  8.6799541E+01  3.1469002E-04
  3.8411723E-01  8.5343146E+01  3.1887560E-04
  3.8680068E-01  8.3888988E+01  3.2311355E-04
  3.8950287E-01  8.2438624E+01  3.2740441E-04
  3.9222394E-01  8.0993568E+01  3.3174877E-04
  3.9496402E-01  7.9555290E+01  3.3614717E-04
  3.9772323E-01  7.8125214E+01  3.4060019E-04
  4.0050172E-01  7.6704712E+01  3.4510840E-04
  4.0329961E-01  7.5295106E+01  3.4967238E-04
  4.0611705E-01  7.3897663E+01  3.5429269E-04
  4.0895416E-01  7.2513592E+01  3.5896993E-04
  4.1181109E-01  7.1144046E+01  3.6370466E-04
  4.1468798E-01  6.9790115E+01  3.6849748E-04
  4.1758496E-01  6.8452829E+01  3.7334897E-04
  4.2050217E-01  6.7133157E+01  3.7825971E-04
  4.2343976E-01  6.5832002E+01  3.8323030E-04
  4.2639787E-01  6.4550203E+01  3.8826132E-04
  4.2937664E-01  6.3288536E+01  3.9335338E-04
  4.3237622E-01  6.2047707E+01  3.9850705E-04
  4.3539674E-01  6.0828361E+01  4.0372295E-04
  4.3843837E-01  5.9631076E+01  4.0900166E-04
  4.4150124E-01  5.8456362E+01  4.1434378E-04
  4.4458550E-01  5.7304668E+01  4.1974991E-04
  4.4769130E-01  5.6176375E+01  4.2522065E-04
  4.5081880E-01  5.5071803E+01  4.3075660E-04
  4.5396815E-01  5.3991207E+01  4.3635835E-04
  4.5713949E-01  5.2934780E+01  4.4202650E-04
  4.6033298E-01  5.1902657E+01  4.4776166E-04
  4.6354877E-01  5.0894910E+01  4.5356441E-04
  4.6678703E-01  4.9911558E+01  4.5943536E-04
  4.7004791E-01  4.8952559E+01  4.6537510E-04
  4.7333156E-01  4.8017819E+01  4.7138423E-04
  4.7663815E-01  4.7107193E+01  4.7746334E-04
  4.7996783E-01  4.6220482E+01  4.8361301E-04
  4.8332077E-01  4.5357443E+01  4.8983385E-04
  4.8669713E-01  4.4517784E+01  4.9612643E-04
  4.9009708E-01  4.3701169E+01  5.0249133E-04
  4.9352077E-01  4.2907224E+01  5.0892915E-04
  4.9696837E-01  4.2135531E+01  5.1544044E-04
  5.0044005E-01  4.1385641E+01  5.2202580E-04
  5.0393599E-01  4.0657067E+01  5.2868578E-04
  5.0745634E-01  3.9949294E+01  5.3542095E-04
  5.1100128E-01  3.9261776E+01  5.4223187E-04
  5.1457098E-01  3.8593943E+01  5.4911909E-04
  5.1816561E-01  3.7945202E+01  5.5608316E-04
  5.2178535E-01  3.7314938E+01  5.6312462E-04
  5.2543037E-01  3.6702520E+01  5.7024401E-04
  5.2910086E-01  3.6107301E+01  5.7744186E-04
  5.3279698E-01  3.5528624E+01  5.8471868E-04
  5.3651891E-01  3.4965819E+01  5.9207498E-04
  5.4026685E-01  3.4418212E+01  5.9951128E-04
  5.4404096E-01  3.3885122E+01  6.0702807E-04
  5.4784143E-01  3.3365867E+01  6.1462583E-04
  5.5166845E-01  3.2859766E+01  6.2230503E-04
  5.5552219E-01  3.2366139E+01  6.3006615E-04
  5.5940286E-01  3.1884311E+01  6.3790962E-04
  5.6331063E-01  3.1413615E+01  6.4583590E-04
  5.6724570E-01  3.0953392E+01  6.5384542E-04
  5.7120825E-01  3.0502992E+01  6.6193858E-04
  5.7519847E-01  3.0061780E+01  6.7011579E-04
  5.7921657E-01  2.9629133E+01  6.7837743E-04
  5.8326274E-01  2.9204445E+01  6.8672389E-04
  5.8733716E-01  2.8787127E+01  6.9515550E-04
  5.9144004E-01  2.8376607E+01  7.0367261E-04
  5.9557159E-01  2.7972334E+01  7.1227555E-04
  5.9973198E-01  2.7573777E+01  7.2096461E-04
  6.0392144E-01  2.7180428E+01  7.2974007E-04
  6.0814016E-01  2.6791799E+01  7.3860221E-04
  6.1238835E-01  2.6407428E+01  7.4755127E-04
  6.1666621E-01  2.6026875E+01  7.5658745E-04
  6.2097394E-01  2.5649726E+01  7.6571097E-04
  6.2531177E-01  2.5275592E+01  7.7492200E-04
  6.2967990E-01  2.4904108E+01  7.8422069E-04
  6.3407853E-01  2.4534937E+01  7.9360716E-04
  6.3850789E-01  2.4167764E+01  8.0308151E-04
  6.4296819E-01  2.3802305E+01  8.1264381E-04
  6.4745964E-01  2.3438296E+01  8.2229411E-04
  6.5198246E-01  2.3075503E+01  8.3203241E-04
  6.5653687E-01  2.2713715E+01  8.4185870E-04
  6.6112309E-01  2.2352748E+01  8.5177292E-04
  6.6574135E-01  2.1992439E+01  8.6177499E-04
  6.7039186E-01  2.1632654E+01  8.7186479E-04
  6.7507486E-01  2.1273278E+01  8.8204216E-04
  6.7979056E-01  2.0914222E+01  8.9230692E-04
  6.8453921E-01  2.0555419E+01  9.0265884E-04
  6.8932102E-01  2.0196821E+01  9.1309763E-04
  6.9413623E-01  1.9838403E+01  9.2362300E-04
  6.9898507E-01  1.9480160E+01  9.3423459E-04
  7.0386778E-01  1.9122105E+01  9.4493199E-04
  7.0878460E-01  1.8764269E+01  9.5571477E-04
  7.1373576E-01  1.8406700E+01  9.6658243E-04
  7.1872150E-01  1.8049464E+01  9.7753443E-04
  7.2374206E-01  1.7692641E+01  9.8857018E-04
  7.2879769E-01  1.7336322E+01  9.9968905E-04
  7.3388864E-01  1.6980616E+01  1.0108903E-03
  7.3901514E-01  1.6625641E+01  1.0221733E-03
  7.4417745E-01  1.6271527E+01  1.0335371E-03
  7.4937582E-01  1.5918413E+01  1.0449809E-03
  7.5461049E-01  1.5566447E+01  1.0565037E-03
  7.5988173E-01  1.5215785E+01  1.0681046E-03
  7.6518979E-01  1.4866589E+01  1.0797825E-03
  7.7053492E-01  1.4519029E+01  1.0915363E-03
  7.7591738E-01  1.4173276E+01  1.1033648E-03
  7.8133745E-01  1.3829508E+01  1.1152667E-03
  7.8679536E-01  1.3487903E+01  1.1272408E-03
  7.9229140E-01  1.3148643E+01  1.1392855E-03
  7.9782583E-01  1.2811911E+01  1.1513994E-03
  8.0339892E-01  1.2477887E+01  1.1635809E-03
  8.0901093E-01  1.2146754E+01  1.1758284E-03
  8.1466214E-01  1.1818691E+01  1.1881401E-03
  8.2035282E-01  1.1493876E+01  1.2005143E-03
  8.2608325E-01  1.1172483E+01  1.2129490E-03
  8.3185370E-01  1.0854683E+01  1.2254422E-03
  8.3766446E-01  1.0540642E+01  1.2379919E-03
  8.4351581E-01  1.0230521E+01  1.2505957E-03
  8.4940802E-01  9.9244773E+00  1.2632515E-03
  8.5534140E-01  9.6226601E+00  1.2759568E-03
  8.6131621E-01  9.3252131E+00  1.2887092E-03
  8.6733276E-01  9.0322733E+00  1.3015061E-03
  8.7339133E-01  8.7439700E+00  1.3143446E-03
  8.7949221E-01  8.4604255E+00  1.3272221E-03
  8.8563572E-01  8.1817539E+00  1.3401355E-03
  8.9182213E-01  7.9080616E+00  1.3530818E-03
  8.9805175E-01  7.6394464E+00  1.3660579E-03
  9.0432488E-01  7.3759980E+00  1.3790603E-03
  9.1064183E-01  7.1177974E+00  1.3920858E-03
  9.1700290E-01  6.8649170E+00  1.4051306E-03
  9.2340840E-01  6.6174206E+00  1.4181911E-03
  9.2985865E-01  6.3753634E+00  1.4312635E-03
  9.3635394E-01  6.1387918E+00  1.4443439E-03
  9.4289460E-01  5.9077437E+00  1.4574280E-03
  9.4948095E-01  5.6822485E+00  1.4705116E-03
  9.5611330E-01  5.4623271E+00  1.4835903E-03
  9.6279198E-01  5.2479922E+00  1.4966595E-03
  9.6951730E-01  5.0392485E+00  1.5097145E-03
  9.7628960E-01  4.8360926E+00  1.5227505E-03
  9.8310920E-01  4.6385135E+00  1.5357623E-03
  9.8997644E-01  4.4464927E+00  1.5487448E-03
  9.9689164E-01  4.2600045E+00  1.5616925E-03
  1.0038551E+00  4.0790162E+00  1.5746000E-03
  1.0108673E+00  3.9034883E+00  1.5874615E-03
  1.0179284E+00  3.7333749E+00  1.6002711E-03
  1.0250388E+00  3.5686243E+00  1.6130226E-03
  1.0321989E+00  3.4091784E+00  1.6257098E-03
  1.0394090E+00  3.2549742E+00  1.6383263E-03
  1.0466695E+00  3.1059430E+00  1.6508654E-03
  1.0539807E+00  2.9620116E+00  1.6633201E-03
  1.0613430E+00  2.8231021E+00  1.6756835E-03
  1.0687566E+00  2.6891323E+00  1.6879484E-03
  1.0762221E+00  2.5600165E+00  1.7001071E-03
  1.0837397E+00  2.4356649E+00  1.7121521E-03
  1.0913098E+00  2.3159849E+00  1.7240755E-03
  1.0989328E+00  2.2008807E+00  1.7358691E-03
  1.1066090E+00  2.0902542E+00  1.7475248E-03
  1.1143389E+00  1.9840047E+00  1.7590338E-03
  1.1221227E+00  1.8820297E+00  1.7703875E-03
  1.1299609E+00  1.7842250E+00  1.7815769E-03
  1.1378538E+00  1.6904849E+00  1.7925927E-03
  1.1458019E+00  1.6007027E+00  1.8034256E-03
  1.1538055E+00  1.5147707E+00  1.8140659E-03
  1.1618650E+00  1.4325807E+00  1.8245036E-03
  1.1699808E+00  1.3540242E+00  1.8347286E-03
  1.1781533E+00  1.2789925E+00  1.8447306E-03
  1.1863828E+00  1.2073770E+00  1.8544990E-03
  1.1946699E+00  1.1390696E+00  1.8640228E-03
  1.2030148E+00  1.0739626E+00  1.8732911E-03
  1.2114180E+00  1.0119491E+00  1.8822924E-03
  1.2198799E+00  9.5292301E-01  1.8910152E-03
  1.2284009E+00  8.9677953E-01  1.8994478E-03
  1.2369815E+00  8.4341498E-01  1.9075780E-03
  1.2456219E+00  7.9272708E-01  1.9153936E-03
  1.2543227E+00  7.4461513E-01  1.9228822E-03
  1.2630843E+00  6.9898006E-01  1.9300308E-03
  1.2719071E+00  6.5572458E-01  1.9368266E-03
  1.2807915E+00  6.1475327E-01  1.9432563E-03
  1.2897379E+00  5.7597269E-01  1.9493066E-03
  1.2987469E+00  5.3929146E-01  1.9549637E-03
  1.3078188E+00  5.0462028E-01  1.9602138E-03
  1.3169540E+00  4.7187209E-01  1.9650428E-03
  1.3261530E+00  4.4096203E-01  1.9694365E-03
  1.3354163E+00  4.1180754E-01  1.9733802E-03
  1.3447443E+00  3.8432836E-01  1.9768594E-03
  1.3541375E+00  3.5844661E-01  1.9798592E-03
  1.3635962E+00  3.3408675E-01  1.9823646E-03
  1.3731211E+00  3.1117562E-01  1.9843603E-03
  1.3827124E+00  2.8964246E-01  1.9858310E-03
  1.3923708E+00  2.6941886E-01  1.9867612E-03
  1.4020966E+00  2.5043883E-01  1.9871353E-03
  1.4118903E+00  2.3263871E-01  1.9869375E-03
  1.4217524E+00  2.1595719E-01  1.9861520E-03
  1.4316835E+00  2.0033529E-01  1.9847630E-03
  1.4416839E+00  1.8571631E-01  1.9827543E-03
  1.4517541E+00  1.7204581E-01  1.9801101E-03
  1.4618947E+00  1.5927159E-01  1.9768142E-03
  1.4721061E+00  1.4734362E-01  1.9728506E-03
  1.4823888E+00  1.3621402E-01  1.9682033E-03
  1.4927434E+00  1.2583700E-01  1.9628563E-03
  1.5031703E+00  1.1616881E-01  1.9567937E-03
  1.5136700E+00  1.0716772E-01  1.9499999E-03
  1.5242430E+00  9.8793932E-02  1.9424590E-03
  1.5348899E+00  9.1009538E-02  1.9341557E-03
  1.5456112E+00  8.3778476E-02  1.9250748E-03
  1.5564073E+00  7.7066463E-02  1.9152012E-03
  1.5672789E+00  7.0840941E-02  1.9045203E-03
  1.5782264E+00  6.5071020E-02  1.8930177E-03
  1.5892503E+00  5.9727424E-02  1.8806795E-03
  1.6003513E+00  5.4782427E-02  1.8674921E-03
  1.6115298E+00  5.0209800E-02  1.8534425E-03
  1.6227863E+00  4.5984755E-02  1.8385183E-03
  1.6341215E+00  4.2083884E-02  1.8227076E-03
  1.6455359E+00  3.8485105E-02  1.8059992E-03
  1.6570300E+00  3.5167607E-02  1.7883828E-03
  1.6686043E+00  3.2111795E-02  1.7698486E-03
  1.6802596E+00  2.9299236E-02  1.7503880E-03
  1.6919962E+00  2.6712606E-02  1.7299932E-03
  1.7038148E+00  2.4335638E-02  1.7086577E-03
  1.7157159E+00  2.2153076E-02  1.6863758E-03
  1.7277002E+00  2.0150618E-02  1.6631434E-03
  1.7397682E+00  1.8314876E-02  1.6389575E-03
  1.7519205E+00  1.6633325E-02  1.6138167E-03
  1.7641576E+00  1.5094261E-02  1.5877213E-03
  1.7764803E+00  1.3686755E-02  1.5606729E-03
  1.7888890E+00  1.2400613E-02  1.5326755E-03
  1.8013843E+00  1.1226334E-02  1.5037346E-03
  1.8139670E+00  1.0155072E-02  1.4738579E-03
  1.8266375E+00  9.1785998E-03  1.4430556E-03
  1.8393965E+00  8.2892705E-03  1.4113401E-03
  1.8522447E+00  7.4799844E-03  1.3787264E-03
  1.8651826E+00  6.7441564E-03  1.3452324E-03
  1.8782108E+00  6.0756836E-03  1.3108787E-03
  1.8913301E+00  5.4689160E-03  1.2756894E-03
  1.9045410E+00  4.9186274E-03  1.2396917E-03
  1.9178441E+00  4.4199884E-03  1.2029163E-03
  1.9312402E+00  3.9685407E-03  1.1653980E-03
  1.9447299E+00  3.5601718E-03  1.1271754E-03
  1.9583137E+00  3.1910927E-03  1.0882915E-03
  1.9719925E+00  2.8578149E-03  1.0487937E-03
  1.9857668E+00  2.5571304E-03  1.0087346E-03
  1.9996373E+00  2.2860915E-03  9.6817155E-04
  2.0136047E+00  2.0419925E-03  9.2716756E-04
  2.0276696E+00  1.8223520E-03  8.8579137E-04
  2.0418328E+00  1.6248969E-03  8.4411784E-04
  2.0560949E+00  1.4475465E-03  8.0222832E-04
  2.0704566E+00  1.2883984E-03  7.6021100E-04
  2.0849187E+00  1.1457148E-03  7.1816136E-04
  2.0994817E+00  1.0179098E-03  6.7618253E-04
  2.1141465E+00  9.0353740E-04  6.3438577E-04
  2.1289137E+00  8.0128087E-04  5.9289093E-04
  2.1437840E+00  7.0994198E-04  5.5182692E-04
  2.1587582E+00  6.2843163E-04  5.1133221E-04
  2.1738370E+00  5.5576081E-04  4.7155539E-04
  2.1890211E+00  4.9103237E-04  4.3265574E-04
  2.2043113E+00  4.3343324E-04  3.9480377E-04
  2.2197083E+00  3.8222735E-04  3.5818188E-04
  2.2352128E+00  3.3674899E-04  3.2298500E-04
  2.2508256E+00  2.9639670E-04  2.8942127E-04
  2.2665475E+00  2.6062762E-04  2.5771275E-04
  2.2823791E+00  2.2895230E-04  2.2809614E-04
  2.2983214E+00  2.0092988E-04  2.0082364E-04
  2.3143750E+00  1.7616370E-04  1.7616370E-04
  2.3305407E+00  1.5429723E-04  1.5429723E-04
  2.3468194E+00  1.3501034E-04  1.3501034E-04
  2.3632117E+00  1.1801589E-04  1.1801589E-04
  2.3797186E+00  1.0305661E-04  1.0305661E-04
  2.3963407E+00  8.9902230E-05  8.9902230E-05
  2.4130790E+00  7.8346863E-05  7.8346863E-05
  2.4299341E+00  6.8206629E-05  6.8206629E-05
  2.4469070E+00  5.9317473E-05  5.9317473E-05
  2.4639984E+00  5.1533188E-05  5.1533188E-05
  2.4812092E+00  4.4723616E-05  4.4723616E-05
  2.4985403E+00  3.8773012E-05  3.8773012E-05
  2.5159923E+00  3.3578558E-05  3.3578558E-05
  2.5335663E+00  2.9049027E-05  2.9049027E-05
  2.5512630E+00  2.5103558E-05  2.5103558E-05
  2.5690833E+00  2.1670565E-05  2.1670565E-05
  2.5870281E+00  1.8686739E-05  1.8686739E-05
  2.6050983E+00  1.6096156E-05  1.6096156E-05
  2.6232946E+00  1.3849472E-05  1.3849472E-05
  2.6416181E+00  1.1903199E-05  1.1903199E-05
  2.6600695E+00  1.0219051E-05  1.0219051E-05
  2.6786498E+00  8.7633624E-06  8.7633624E-06
  2.6973599E+00  7.5065654E-06  7.5065654E-06
  2.7162007E+00  6.4227198E-06  6.4227198E-06
  2.7351730E+00  5.4890953E-06  5.4890953E-06
  2.7542779E+00  4.6857975E-06  4.6857975E-06
  2.7735163E+00  3.9954350E-06  3.9954350E-06
  2.7928890E+00  3.4028221E-06  3.4028221E-06
  2.8123970E+00  2.8947152E-06  2.8947152E-06
  2.8320412E+00  2.4595781E-06  2.4595781E-06
  2.8518227E+00  2.0873744E-06  2.0873744E-06
  2.8717424E+00  1.7693826E-06  1.7693826E-06
  2.8918012E+00  1.4980335E-06  1.4980335E-06
  2.9120000E+00  1.2667659E-06  1.2667659E-06
  2.9323400E+00  1.0698993E-06  1.0698993E-06
  2.9528220E+00  9.0252198E-07  9.0252198E-07
  2.9734471E+00  7.6039214E-07  7.6039214E-07
  2.9942163E+00  6.3985118E-07  6.3985118E-07
  3.0151305E+00  5.3774751E-07  5.3774751E-07
  3.0361908E+00  4.5136975E-07  4.5136975E-07
  3.0573982E+00  3.7838821E-07  3.7838821E-07
  3.0787538E+00  3.1680375E-07  3.1680375E-07
  3.1002585E+00  2.6490310E-07  2.6490310E-07
  3.1219134E+00  2.2121991E-07  2.2121991E-07
  3.1437195E+00  1.8450077E-07  1.8450077E-07
  3.1656780E+00  1.5367573E-07  1.5367573E-07
  3.1877898E+00  1.2783268E-07  1.2783268E-07
  3.2100561E+00  1.0619505E-07  1.0619505E-07
  3.2324779E+00  8.8102580E-08  8.8102580E-08
  3.2550563E+00  7.2994681E-08  7.2994681E-08
  3.2777924E+00  6.0396006E-08  6.0396006E-08
  3.3006873E+00  4.9904047E-08  4.9904047E-08
  3.3237422E+00  4.1178448E-08  4.1178448E-08
  3.3469580E+00  3.3931801E-08  3.3931801E-08
  3.3703361E+00  2.7921749E-08  2.7921749E-08
  3.3938774E+00  2.2944209E-08  2.2944209E-08
  3.4175831E+00  1.8827570E-08  1.8827570E-08
  3.4414544E+00  1.5427733E-08  1.5427733E-08
  3.4654925E+00  1.2623868E-08  1.2623868E-08
  3.4896984E+00  1.0314808E-08  1.0314808E-08
  3.5140735E+00  8.4159670E-09  8.4159670E-09
  3.5386187E+00  6.8567264E-09  6.8567264E-09
  3.5633355E+00  5.5782153E-09  5.5782153E-09
  3.5882248E+00  4.5314276E-09  4.5314276E-09
  3.6132880E+00  3.6756302E-09  3.6756302E-09
  3.6385263E+00  2.9770159E-09  2.9770159E-09
  3.6639408E+00  2.4075685E-09  2.4075685E-09
  3.6895329E+00  1.9441054E-09  1.9441054E-09
  3.7153037E+00  1.5674733E-09  1.5674733E-09
  3.7412545E+00  1.2618713E-09  1.2618713E-09
  3.7673865E+00  1.0142851E-09  1.0142851E-09
  3.7937011E+00  8.1401118E-10  8.1401118E-10
  3.8201995E+00  6.5226100E-10  6.5226100E-10
  3.8468830E+00  5.2182930E-10  5.2182930E-10
  3.8737529E+00  4.1681828E-10  4.1681828E-10
  3.9008104E+00  3.3240804E-10  3.3240804E-10
  3.9280569E+00  2.6466584E-10  2.6466584E-10
  3.9554937E+00  2.1038804E-10  2.1038804E-10
  3.9831222E+00  1.6696907E-10  1.6696907E-10
  4.0109436E+00  1.3229332E-10  1.3229332E-10
  4.0389594E+00  1.0464578E-10  1.0464578E-10
  4.0671708E+00  8.2638499E-11  8.2638499E-11
  4.0955793E+00  6.5150075E-11  6.5150075E-11
  4.1241863E+00  5.1275999E-11  5.1275999E-11
  4.1529930E+00  4.0287925E-11  4.0287925E-11
  4.1820009E+00  3.1600361E-11  3.1600361E-11
  4.2112115E+00  2.4743455E-11  2.4743455E-11
  4.2406261E+00  1.9340803E-11  1.9340803E-11
  4.2702461E+00  1.5091390E-11  1.5091390E-11
  4.3000730E+00  1.1754908E-11  1.1754908E-11
  4.3301083E+00  9.1398498E-12  9.1398498E-12
  4.3603533E+00  7.0938714E-12  7.0938714E-12
  4.3908096E+00  5.4959975E-12  5.4959975E-12
  4.4214786E+00  4.2503355E-12  4.2503355E-12
  4.4523618E+00  3.2810120E-12  3.2810120E-12
  4.4834608E+00  2.5281032E-12  2.5281032E-12
  4.5147769E+00  1.9443682E-12  1.9443682E-12
  4.5463118E+00  1.4926340E-12  1.4926340E-12
  4.5780670E+00  1.1437037E-12  1.1437037E-12
  4.6100440E+00  8.7468858E-13  8.7468858E-13
  4.6422443E+00  6.6767836E-13  6.6767836E-13
  4.6746695E+00  5.0868542E-13  5.0868542E-13
  4.7073212E+00  3.8680634E-13  3.8680634E-13
  4.7402009E+00  2.9355828E-13  2.9355828E-13
  4.7733103E+00  2.2235435E-13  2.2235435E-13
  4.8066510E+00  1.6808987E-13  1.6808987E-13
  4.8402246E+00  1.2681661E-13  1.2681661E-13
  4.8740326E+00  9.5486804E-14  9.5486804E-14
  4.9080768E+00  7.1752528E-14  7.1752528E-14
  4.9423588E+00  5.3808591E-14  5.3808591E-14
  4.9768802E+00  4.0269893E-14  4.0269893E-14
  5.0116428E+00  3.0075833E-14  3.0075833E-14
  5.0466481E+00  2.2415942E-14  2.2415942E-14
  5.0818980E+00  1.6672175E-14  1.6672175E-14
  5.1173940E+00  1.2374204E-14  1.2374204E-14
  5.1531380E+00  9.1648571E-15  9.1648571E-15
  5.1891317E+00  6.7734709E-15  6.7734709E-15
  5.2253768E+00  4.9953697E-15  4.9953697E-15
  5.2618750E+00  3.6761093E-15  3.6761093E-15
  5.2986281E+00  2.6993997E-15  2.6993997E-15
  5.3356380E+00  1.9778690E-15  1.9778690E-15
  5.3729064E+00  1.4460155E-15  1.4460155E-15
  5.4104350E+00  1.0548407E-15  1.0548407E-15
  5.4482258E+00  7.6777294E-16  7.6777294E-16
  5.4862806E+00  5.5757602E-16  5.5757602E-16
  5.5246012E+00  4.0401185E-16  4.0401185E-16
  5.5631894E+00  2.9207619E-16  2.9207619E-16
  5.6020471E+00  2.1067039E-16  2.1067039E-16
  5.6411763E+00  1.5160356E-16  1.5160356E-16
  5.6805787E+00  1.0884463E-16  1.0884463E-16
  5.7202564E+00  7.7963169E-17  7.7963169E-17
  5.7602112E+00  5.5712148E-17  5.5712148E-17
  5.8004451E+00  3.9717446E-17  3.9717446E-17
  5.8409600E+00  2.8247285E-17  2.8247285E-17
  5.8817579E+00  2.0041446E-17  2.0041446E-17
  5.9228408E+00  1.4185062E-17  1.4185062E-17
  5.9642106E+00  1.0015580E-17  1.0015580E-17
  6.0058693E+00  7.0543408E-18  7.0543408E-18
  6.0478191E+00  4.9563846E-18  4.9563846E-18
  6.0900618E+00  3.4737173E-18  3.4737173E-18
  6.1325996E+00  2.4284965E-18  2.4284965E-18
  6.1754345E+00  1.6935056E-18  1.6935056E-18
  6.2185686E+00  1.1779705E-18  1.1779705E-18
  6.2620040E+00  8.1728455E-19  8.1728455E-19
  6.3057427E+00  5.6558214E-19  5.6558214E-19
  6.3497870E+00  3.9038574E-19  3.9038574E-19
  6.3941389E+00  2.6875735E-19  2.6875735E-19
  6.4388006E+00  1.8453856E-19  1.8453856E-19
  6.4837742E+00  1.2637653E-19  1.2637653E-19
  6.5290620E+00  8.6315818E-20  8.6315818E-20
  6.5746661E+00  5.8796439E-20  5.8796439E-20
  6.6205887E+00  3.9942966E-20  3.9942966E-20
  6.6668320E+00  2.7061394E-20  2.7061394E-20
  6.7133984E+00  1.8284051E-20  1.8284051E-20
  6.7602900E+00  1.2319665E-20  1.2319665E-20
  6.8075092E+00  8.2779207E-21  8.2779207E-21
  6.8550581E+00  5.5466556E-21  5.5466556E-21
  6.9029392E+00  3.7061268E-21  3.7061268E-21
  6.9511547E+00  2.4693350E-21  2.4693350E-21
  6.9997070E+00  1.6405968E-21  1.6405968E-21
  7.0485984E+00  1.0868689E-21  1.0868689E-21
  7.0978313E+00  7.1795515E-22  7.1795515E-22
  7.1474080E+00  4.7288274E-22  4.7288274E-22
  7.1973311E+00  3.1055331E-22  3.1055331E-22
  7.2476028E+00  2.0334670E-22  2.0334670E-22
  7.2982257E+00  1.3275394E-22  1.3275394E-22
  7.3492021E+00  8.6408808E-23  8.6408808E-23
  7.4005347E+00  5.6073772E-23  5.6073772E-23
  7.4522257E+00  3.6278016E-23  3.6278016E-23
  7.5042778E+00  2.3399148E-23  2.3399148E-23
  7.5566935E+00  1.5045964E-23  1.5045964E-23
  7.6094753E+00  9.6448179E-24  9.6448179E-24
  7.6626258E+00  6.1632908E-24  6.1632908E-24
  7.7161474E+00  3.9261453E-24  3.9261453E-24
  7.7700430E+00  2.4931337E-24  2.4931337E-24
  7.8243149E+00  1.5781220E-24  1.5781220E-24
  7.8789660E+00  9.9573024E-25  9.9573024E-25
  7.9339987E+00  6.2623754E-25  6.2623754E-25
  7.9894159E+00  3.9257525E-25  3.9257525E-25
  8.0452201E+00  2.4529190E-25  2.4529190E-25
  8.1014141E+00  1.5276011E-25  1.5276011E-25
  8.1580006E+00  9.4818502E-26  9.4818502E-26
  8.2149823E+00  5.8657352E-26  5.8657352E-26
  8.2723621E+00  3.6164946E-26  3.6164946E-26
  8.3301426E+00  2.2221783E-26  2.2221783E-26
  8.3883267E+00  1.3607719E-26  1.3607719E-26
  8.4469172E+00  8.3041792E-27  8.3041792E-27
  8.5059169E+00  5.0501294E-27  5.0501294E-27
  8.5653288E+00  3.0604983E-27  3.0604983E-27
  8.6251556E+00  1.8482257E-27  1.8482257E-27
  8.6854003E+00  1.1121935E-27  1.1121935E-27
  8.7460657E+00  6.6689495E-28  6.6689495E-28
  8.8071549E+00  3.9845141E-28  3.9845141E-28
  8.8686708E+00  2.3720467E-28  2.3720467E-28
  8.9306164E+00  1.4069869E-28  1.4069869E-28
  8.9929946E+00  8.3150473E-29  8.3150473E-29
  9.0558085E+00  4.8959405E-29  4.8959405E-29
  9.1190612E+00  2.8720570E-29  2.8720570E-29
  9.1827557E+00  1.6785110E-29  1.6785110E-29
  9.2468950E+00  9.7727817E-30  9.7727817E-30
  9.3114823E+00  5.6684410E-30  5.6684410E-30
  9.3765208E+00  3.2752841E-30  3.2752841E-30
  9.4420136E+00  1.8852226E-30  1.8852226E-30
  9.5079637E+00  1.0809186E-30  1.0809186E-30
  9.5743746E+00  6.1734543E-31  6.1734543E-31
  9.6412493E+00  3.5120170E-31  3.5120170E-31
  9.7085911E+00  1.9900601E-31  1.9900601E-31
  9.7764032E+00  1.1231687E-31  1.1231687E-31
  9.8446890E+00  6.3136575E-32  6.3136575E-32
  9.9134518E+00  3.5347775E-32  3.5347775E-32
  9.9826948E+00  1.9709517E-32  1.9709517E-32
  1.0052422E+01  1.0944866E-32  1.0944866E-32
  1.0122635E+01  6.0527547E-33  6.0527547E-33
  1.0193339E+01  3.3334306E-33  3.3334306E-33
  1.0264537E+01  1.8281547E-33  1.8281547E-33
  1.0336233E+01  9.9840097E-34  9.9840097E-34
  1.0408429E+01  5.4294383E-34  5.4294383E-34
  1.0481129E+01  2.9400168E-34  2.9400168E-34
  1.0554337E+01  1.5851702E-34  1.5851702E-34
  1.0628057E+01  8.5098348E-35  8.5098348E-35
  1.0702291E+01  4.5485442E-35  4.5485442E-35
  1.0777044E+01  2.4205643E-35  2.4205643E-35
  1.0852319E+01  1.2824502E-35  1.2824502E-35
  1.0928119E+01  6.7644229E-36  6.7644229E-36
  1.1004450E+01  3.5520078E-36  3.5520078E-36
  1.1081313E+01  1.8567630E-36  1.8567630E-36
  1.1158713E+01  9.6619510E-37  9.6619510E-37
  1.1236654E+01  5.0047834E-37  5.0047834E-37
  1.1315139E+01  2.5805011E-37  2.5805011E-37
  1.1394173E+01  1.3243635E-37  1.3243635E-37
  1.1473758E+01  6.7652023E-38  6.7652023E-38
  1.1553899E+01  3.4396219E-38  3.4396219E-38
  1.1634601E+01  1.7405350E-38  1.7405350E-38
  1.1715865E+01  8.7656208E-39  8.7656208E-39
  1.1797698E+01  4.3933528E-39  4.3933528E-39
  1.1880102E+01  2.1913335E-39  2.1913335E-39
  1.1963081E+01  1.0876904E-39  1.0876904E-39
  1.2046640E+01  5.3724429E-40  5.3724429E-40
  1.2130783E+01  2.6405431E-40  2.6405431E-40
  1.2215513E+01  1.2913821E-40  1.2913821E-40
  1.2300836E+01  6.2840739E-41  6.2840739E-41
  1.2386754E+01  3.0425501E-41  3.0425501E-41
  1.2473272E+01  1.4656454E-41  1.4656454E-41
  1.2560395E+01  7.0242424E-42  7.0242424E-42
  1.2648126E+01  3.3491456E-42  3.3491456E-42
  1.2736470E+01  1.5886089E-42  1.5886089E-42
  1.2825431E+01  7.4960547E-43  7.4960547E-43
  1.2915013E+01  3.5185646E-43  3.5185646E-43
  1.3005222E+01  1.6428558E-43  1.6428558E-43
  1.3096060E+01  7.6298947E-44  7.6298947E-44
  1.3187532E+01  3.5245747E-44  3.5245747E-44
  1.3279644E+01  1.6193762E-44  1.6193762E-44
  1.3372399E+01  7.3998906E-45  7.3998906E-45
  1.3465801E+01  3.3629697E-45  3.3629697E-45
  1.3559857E+01  1.5199319E-45  1.5199319E-45
  1.3654569E+01  6.8314382E-46  6.8314382E-46
  1.3749942E+01  3.0533052E-46  3.0533052E-46
  1.3845982E+01  1.3570049E-46  1.3570049E-46
  1.3942693E+01  5.9969264E-47  5.9969264E-47
  1.4040079E+01  2.6350869E-47  2.6350869E-47
  1.4138145E+01  1.1512319E-47  1.1512319E-47
  1.4236897E+01  5.0005167E-48  5.0005167E-48
  1.4336338E+01  2.1593961E-48  2.1593961E-48
  1.4436473E+01  9.2704050E-49  9.2704050E-49
  1.4537308E+01  3.9563643E-49  3.9563643E-49
  1.4638848E+01  1.6784450E-49  1.6784450E-49
  1.4741096E+01  7.0780422E-50  7.0780422E-50
  1.4844059E+01  2.9668543E-50  2.9668543E-50
  1.4947741E+01  1.2360557E-50  1.2360557E-50
  1.5052147E+01  5.1182338E-51  5.1182338E-51
  1.5157282E+01  2.1063180E-51  2.1063180E-51
  1.5263152E+01  8.6145135E-52  8.6145135E-52
  1.5369761E+01  3.5012389E-52  3.5012389E-52
  1.5477115E+01  1.4140929E-52  1.4140929E-52
  1.5585218E+01  5.6751872E-53  5.6751872E-53
  1.5694077E+01  2.2631288E-53  2.2631288E-53
  1.5803696E+01  8.9669717E-54  8.9669717E-54
  1.5914081E+01  3.5299635E-54  3.5299635E-54
  1.6025236E+01  1.3805841E-54  1.3805841E-54
  1.6137168E+01  5.3641871E-55  5.3641871E-55
  1.6249882E+01  2.0704914E-55  2.0704914E-55
  1.6363383E+01  7.9387345E-56  7.9387345E-56
  1.6477677E+01  3.0235505E-56  3.0235505E-56
  1.6592769E+01  1.1438020E-56  1.1438020E-56
  1.6708666E+01  4.2976560E-57  4.2976560E-57
  1.6825371E+01  1.6037582E-57  1.6037582E-57
  1.6942892E+01  5.9436295E-58  5.9436295E-58
  1.7061234E+01  2.1875056E-58  2.1875056E-58
  1.7180402E+01  7.9948457E-59  7.9948457E-59
  1.7300402E+01  2.9014370E-59  2.9014370E-59
  1.7421241E+01  1.0455309E-59  1.0455309E-59
  1.7542924E+01  3.7407586E-60  3.7407586E-60
  1.7665456E+01  1.3288005E-60  1.3288005E-60
  1.7788845E+01  4.6861395E-61  4.6861395E-61
  1.7913095E+01  1.6406045E-61  1.6406045E-61
  1.8038214E+01  5.7016903E-62  5.7016903E-62
  1.8164206E+01  1.9669431E-62  1.9669431E-62
  1.8291078E+01  6.7351029E-63  6.7351029E-63
  1.8418836E+01  2.2889684E-63  2.2889684E-63
  1.8547487E+01  7.7206797E-64  7.7206797E-64
  1.8677036E+01  2.5844514E-64  2.5844514E-64
  1.8807490E+01  8.5852908E-65  8.5852908E-65
  1.8938855E+01  2.8300364E-65  2.8300364E-65
  1.9071138E+01  9.2566918E-66  9.2566918E-66
  1.9204345E+01  3.0041565E-66  3.0041565E-66
  1.9338482E+01  9.6731582E-67  9.6731582E-67
  1.9473556E+01  3.0900740E-67  3.0900740E-67
  1.9609574E+01  9.7926449E-68  9.7926449E-68
  1.9746541E+01  3.0784857E-68  3.0784857E-68
  1.9884466E+01  9.5996545E-69  9.5996545E-69
  2.0023353E+01  2.9691389E-69  2.9691389E-69
  2.0163211E+01  9.1082890E-70  9.1082890E-70
  2.0304046E+01  2.7710811E-70  2.7710811E-70
  2.0445864E+01  8.3606943E-71  8.3606943E-71
  2.0588673E+01  2.5014424E-71  2.5014424E-71
  2.0732479E+01  7.4210937E-72  7.4210937E-72
  2.0877290E+01  2.1829738E-72  2.1829738E-72
  2.1023112E+01  6.3665787E-73  6.3665787E-73
  2.1169953E+01  1.8408325E-73  1.8408325E-73
  2.1317819E+01  5.2765053E-74  5.2765053E-74
  2.1466718E+01  1.4992553E-74  1.4992553E-74
  2.1616658E+01  4.2225512E-75  4.2225512E-75
  2.1767644E+01  1.1787375E-75  1.1787375E-75
  2.1919685E+01  3.2611795E-76  3.2611795E-76
  2.2072788E+01  8.9416994E-77  8.9416994E-77
  2.2226961E+01  2.4295471E-77  2.4295471E-77
  2.2382210E+01  6.5412746E-78  6.5412746E-78
  2.2538544E+01  1.7450302E-78  1.7450302E-78
  2.2695969E+01  4.6123102E-79  4.6123102E-79
  2.2854494E+01  1.2077591E-79  1.2077591E-79
  2.3014127E+01  3.1329929E-80  3.1329929E-80
  2.3174874E+01  8.0505692E-81  8.0505692E-81
  2.3336744E+01  2.0490494E-81  2.0490494E-81
  2.3499745E+01  5.1654397E-82  5.1654397E-82
  2.3663885E+01  1.2896186E-82  1.2896186E-82
  2.3829170E+01  3.1884843E-83  3.1884843E-83
  2.3995611E+01  7.8063126E-84  7.8063126E-84
  2.4163213E+01  1.8924117E-84  1.8924117E-84
  2.4331987E+01  4.5421611E-85  4.5421611E-85
  2.4501939E+01  1.0793332E-85  1.0793332E-85
  2.4673078E+01  2.5390036E-86  2.5390036E-86
  2.4845413E+01  5.9122703E-87  5.9122703E-87
  2.5018952E+01  1.3626884E-87  1.3626884E-87
  2.5193702E+01  3.1085516E-88  3.1085516E-88
  2.5369673E+01  7.0178882E-89  7.0178882E-89
  2.5546873E+01  1.5678664E-89  1.5678664E-89
  2.5725311E+01  3.4660353E-90  3.4660353E-90
  2.5904995E+01  7.5813246E-91  7.5813246E-91
  2.6085935E+01  1.6406348E-91  1.6406348E-91
  2.6268138E+01  3.5123662E-92  3.5123662E-92
  2.6451613E+01  7.4383168E-93  7.4383168E-93
  2.6636371E+01  1.5581250E-93  1.5581250E-93
  2.6822418E+01  3.2281085E-94  3.2281085E-94
  2.7009766E+01  6.6141994E-95  6.6141994E-95
  2.7198421E+01  1.3401538E-95  1.3401538E-95
  2.7388395E+01  2.6850028E-96  2.6850028E-96
  2.7579695E+01  5.3187780E-97  5.3187780E-97
  2.7772332E+01  1.0416455E-97  1.0416455E-97
  2.7966314E+01  2.0166598E-98  2.0166598E-98
  2.8161651E+01  3.8593422E-99  3.8593422E-99
  2.8358352E+01  7.3000345-100  7.3000345-100
  2.8556427E+01  1.3646780-100  1.3646780-100
  2.8755886E+01  2.5211085-101  2.5211085-101
  2.8956738E+01  4.6022581-102  4.6022581-102
  2.9158993E+01  8.3009963-103  8.3009963-103
  2.9362660E+01  1.4792128-103  1.4792128-103
  2.9567750E+01  2.6039541-104  2.6039541-104
  2.9774273E+01  4.5279217-105  4.5279217-105
  2.9982238E+01  7.7765640-106  7.7765640-106
  3.0191656E+01  1.3190457-106  1.3190457-106
  3.0402536E+01  2.2094023-107  2.2094023-107
  3.0614889E+01  3.6541959-108  3.6541959-108
  3.0828726E+01  5.9671903-109  5.9671903-109
  3.1044056E+01  9.6198331-110  9.6198331-110
  3.1260890E+01  1.5308862-110  1.5308862-110
  3.1479238E+01  2.4046601-111  2.4046601-111
  3.1699112E+01  3.7278405-112  3.7278405-112
  3.1920522E+01  5.7030963-113  5.7030963-113
  3.2143478E+01  8.6093510-114  8.6093510-114
  3.2367991E+01  1.2823088-114  1.2823088-114
  3.2594072E+01  1.8842261-115  1.8842261-115
  3.2821733E+01  2.7311589-116  2.7311589-116
  3.3050983E+01  3.9047152-117  3.9047152-117
  3.3281835E+01  5.5057267-118  5.5057267-118
  3.3514300E+01  7.6555582-119  7.6555582-119
  3.3748388E+01  1.0496139-119  1.0496139-119
  3.3984111E+01  1.4188155-120  1.4188155-120
  3.4221480E+01  1.8906823-121  1.8906823-121
  3.4460508E+01  2.4834746-122  2.4834746-122
  3.4701205E+01  3.2151490-123  3.2151490-123
  3.4943583E+01  4.1019843-124  4.1019843-124
  3.5187654E+01  5.1569052-125  5.1569052-125
  3.5433430E+01  6.3875872-126  6.3875872-126
  3.5680922E+01  7.7944745-127  7.7944745-127
  3.5930144E+01  9.3688960-128  9.3688960-128
  3.6181106E+01  1.1091501-128  1.1091501-128
  3.6433821E+01  1.2931258-129  1.2931258-129
  3.6688301E+01  1.4845249-130  1.4845249-130
  3.6944558E+01  1.6779444-131  1.6779444-131
  3.7202605E+01  1.8670574-132  1.8670574-132
  3.7462455E+01  2.0449082-133  2.0449082-133
  3.7724120E+01  2.2043040-134  2.2043040-134
  3.7987612E+01  2.3382750-135  2.3382750-135
  3.8252945E+01  2.4405653-136  2.4405653-136
  3.8520131E+01  2.5061080-137  2.5061080-137
  3.8789183E+01  2.5314347-138  2.5314347-138
  3.9060115E+01  2.5149759-139  2.5149759-139
  3.9332939E+01  2.4572138-140  2.4572138-140
  3.9607668E+01  2.3606704-141  2.3606704-141
  3.9884317E+01  2.2297270-142  2.2297270-142
  4.0162897E+01  2.0702936-143  2.0702936-143
  4.0443424E+01  1.8893630-144  1.8893630-144
  4.0725910E+01  1.6944967-145  1.6944967-145
  4.1010369E+01  1.4932961-146  1.4932961-146
  4.1296815E+01  1.2929098-147  1.2929098-147
  4.1585261E+01  1.0996240-148  1.0996240-148
  4.1875723E+01  9.1856476-150  9.1856476-150
  4.2168213E+01  7.5352914-151  7.5352914-151
  4.2462746E+01  6.0694515-152  6.0694515-152
  4.2759336E+01  4.7994516-153  4.7994516-153
  4.3057998E+01  3.7252849-154  3.7252849-154
  4.3358746E+01  2.8378223-155  2.8378223-155
  4.3661594E+01  2.1212903-156  2.1212903-156
  4.3966558E+01  0.0000000E+00  0.0000000E+00
  4.4273652E+01  0.0000000E+00  0.0000000E+00
  4.4582891E+01  0.0000000E+00  0.0000000E+00
  4.4894290E+01  0.0000000E+00  0.0000000E+00
  4.5207864E+01  0.0000000E+00  0.0000000E+00
  4.5523628E+01  0.0000000E+00  0.0000000E+00
  4.5841598E+01  0.0000000E+00  0.0000000E+00
  4.6161788E+01  0.0000000E+00  0.0000000E+00
  4.6484215E+01  0.0000000E+00  0.0000000E+00
  4.6808894E+01  0.0000000E+00  0.0000000E+00
  4.7135841E+01  0.0000000E+00  0.0000000E+00
  4.7465072E+01  0.0000000E+00  0.0000000E+00
  4.7796602E+01  0.0000000E+00  0.0000000E+00
  4.8130447E+01  0.0000000E+00  0.0000000E+00
  4.8466625E+01  0.0000000E+00  0.0000000E+00
  4.8805151E+01  0.0000000E+00  0.0000000E+00
  4.9146041E+01  0.0000000E+00  0.0000000E+00
  4.9489312E+01  0.0000000E+00  0.0000000E+00
  4.9834981E+01  0.0000000E+00  0.0000000E+00
  5.0183064E+01  0.0000000E+00  0.0000000E+00
  5.0533578E+01  0.0000000E+00  0.0000000E+00
  5.0886541E+01  0.0000000E+00  0.0000000E+00
  5.1241969E+01  0.0000000E+00  0.0000000E+00
  5.1599879E+01  0.0000000E+00  0.0000000E+00
  5.1960290E+01  0.0000000E+00  0.0000000E+00
  5.2323218E+01  0.0000000E+00  0.0000000E+00
  5.2688680E+01  0.0000000E+00  0.0000000E+00
  5.3056696E+01  0.0000000E+00  0.0000000E+00
  5.3427282E+01  0.0000000E+00  0.0000000E+00
  5.3800456E+01  0.0000000E+00  0.0000000E+00
  5.4176237E+01  0.0000000E+00  0.0000000E+00
  5.4554642E+01  0.0000000E+00  0.0000000E+00
  5.4935691E+01  0.0000000E+00  0.0000000E+00
  5.5319401E+01  0.0000000E+00  0.0000000E+00
  5.5705791E+01  0.0000000E+00  0.0000000E+00
  5.6094881E+01  0.0000000E+00  0.0000000E+00
  5.6486687E+01  0.0000000E+00  0.0000000E+00
  5.6881231E+01  0.0000000E+00  0.0000000E+00
  5.7278530E+01  0.0000000E+00  0.0000000E+00
  5.7678604E+01  0.0000000E+00  0.0000000E+00
  5.8081473E+01  0.0000000E+00  0.0000000E+00
  5.8487155E+01  0.0000000E+00  0.0000000E+00
  5.8895671E+01  0.0000000E+00  0.0000000E+00
  5.9307040E+01  0.0000000E+00  0.0000000E+00
  5.9721283E+01  0.0000000E+00  0.0000000E+00
  6.0138419E+01  0.0000000E+00  0.0000000E+00
  6.0558469E+01  0.0000000E+00  0.0000000E+00
  6.0981453E+01  0.0000000E+00  0.0000000E+00
  6.1407390E+01  0.0000000E+00  0.0000000E+00
  6.1836304E+01  0.0000000E+00  0.0000000E+00
  6.2268212E+01  0.0000000E+00  0.0000000E+00
  6.2703138E+01  0.0000000E+00  0.0000000E+00
  6.3141102E+01  0.0000000E+00  0.0000000E+00
  6.3582124E+01  0.0000000E+00  0.0000000E+00
  6.4026227E+01  0.0000000E+00  0.0000000E+00
  6.4473432E+01  0.0000000E+00  0.0000000E+00
  6.4923760E+01  0.0000000E+00  0.0000000E+00
  6.5377234E+01  0.0000000E+00  0.0000000E+00
  6.5833875E+01  0.0000000E+00  0.0000000E+00
  6.6293706E+01  0.0000000E+00  0.0000000E+00
  6.6756749E+01  0.0000000E+00  0.0000000E+00
  6.7223025E+01  0.0000000E+00  0.0000000E+00
  6.7692559E+01  0.0000000E+00  0.0000000E+00
  6.8165372E+01  0.0000000E+00  0.0000000E+00
  6.8641487E+01  0.0000000E+00  0.0000000E+00
  6.9120929E+01  0.0000000E+00  0.0000000E+00
  6.9603718E+01  0.0000000E+00  0.0000000E+00
  7.0089880E+01  0.0000000E+00  0.0000000E+00
  7.0579438E+01  0.0000000E+00  0.0000000E+00
  7.1072415E+01  0.0000000E+00  0.0000000E+00
  7.1568836E+01  0.0000000E+00  0.0000000E+00
  7.2068723E+01  0.0000000E+00  0.0000000E+00
  7.2572103E+01  0.0000000E+00  0.0000000E+00
  7.3078998E+01  0.0000000E+00  0.0000000E+00
  7.3589434E+01  0.0000000E+00  0.0000000E+00
  7.4103435E+01  0.0000000E+00  0.0000000E+00
  7.4621026E+01  0.0000000E+00  0.0000000E+00
  7.5142232E+01  0.0000000E+00  0.0000000E+00
  7.5667079E+01  0.0000000E+00  0.0000000E+00
  7.6195592E+01  0.0000000E+00  0.0000000E+00
  7.6727796E+01  0.0000000E+00  0.0000000E+00
  7.7263718E+01  0.0000000E+00  0.0000000E+00
  7.7803383E+01  0.0000000E+00  0.0000000E+00
  7.8346817E+01  0.0000000E+00  0.0000000E+00
  7.8894047E+01  0.0000000E+00  0.0000000E+00
  7.9445099E+01  0.0000000E+00  0.0000000E+00
  8.0000000E+01  0.0000000E+00  0.0000000E+00
