 # l=           2 basis function with energy    -8.54739971477997     
  0.0000E+00  0.0000E+00  0.0000E+00  0.0000E+00
  5.0642E-07  1.2680E-13  7.3865E-19  2.4100E-18
  1.0164E-06  7.4995E-13  5.9713E-18  1.9478E-17
  1.5299E-06  2.1290E-12  2.0365E-17  6.6430E-17
  2.0470E-06  4.4753E-12  4.8782E-17  1.5913E-16
  2.5677E-06  7.9791E-12  9.6282E-17  3.1408E-16
  3.0921E-06  1.2819E-11  1.6813E-16  5.4847E-16
  3.6201E-06  1.9168E-11  2.6981E-16  8.8014E-16
  4.1518E-06  2.7191E-11  4.0702E-16  1.3277E-15
  4.6872E-06  3.7055E-11  5.8566E-16  1.9105E-15
  5.2264E-06  4.8922E-11  8.1190E-16  2.6485E-15
  5.7693E-06  6.2955E-11  1.0921E-15  3.5626E-15
  6.3160E-06  7.9316E-11  1.4330E-15  4.6744E-15
  6.8666E-06  9.8170E-11  1.8413E-15  6.0063E-15
  7.4210E-06  1.1968E-10  2.3242E-15  7.5817E-15
  7.9792E-06  1.4402E-10  2.8892E-15  9.4247E-15
  8.5414E-06  1.7134E-10  3.5439E-15  1.1560E-14
  9.1075E-06  2.0183E-10  4.2962E-15  1.4015E-14
  9.6775E-06  2.3565E-10  5.1545E-15  1.6814E-14
  1.0252E-05  2.7298E-10  6.1272E-15  1.9987E-14
  1.0830E-05  3.1400E-10  7.2232E-15  2.3562E-14
  1.1412E-05  3.5888E-10  8.4516E-15  2.7569E-14
  1.1998E-05  4.0781E-10  9.8219E-15  3.2039E-14
  1.2588E-05  4.6099E-10  1.1344E-14  3.7004E-14
  1.3182E-05  5.1859E-10  1.3028E-14  4.2497E-14
  1.3781E-05  5.8082E-10  1.4884E-14  4.8552E-14
  1.4383E-05  6.4787E-10  1.6923E-14  5.5205E-14
  1.4990E-05  7.1994E-10  1.9157E-14  6.2492E-14
  1.5601E-05  7.9724E-10  2.1597E-14  7.0451E-14
  1.6217E-05  8.7998E-10  2.4255E-14  7.9120E-14
  1.6837E-05  9.6837E-10  2.7143E-14  8.8542E-14
  1.7461E-05  1.0626E-09  3.0274E-14  9.8756E-14
  1.8089E-05  1.1630E-09  3.3662E-14  1.0981E-13
  1.8722E-05  1.2697E-09  3.7320E-14  1.2174E-13
  1.9359E-05  1.3829E-09  4.1261E-14  1.3460E-13
  2.0001E-05  1.5029E-09  4.5501E-14  1.4843E-13
  2.0647E-05  1.6300E-09  5.0055E-14  1.6328E-13
  2.1297E-05  1.7644E-09  5.4938E-14  1.7921E-13
  2.1952E-05  1.9063E-09  6.0166E-14  1.9626E-13
  2.2612E-05  2.0559E-09  6.5755E-14  2.1450E-13
  2.3277E-05  2.2137E-09  7.1723E-14  2.3396E-13
  2.3946E-05  2.3797E-09  7.8086E-14  2.5472E-13
  2.4619E-05  2.5544E-09  8.4864E-14  2.7683E-13
  2.5298E-05  2.7380E-09  9.2074E-14  3.0035E-13
  2.5981E-05  2.9307E-09  9.9737E-14  3.2534E-13
  2.6669E-05  3.1329E-09  1.0787E-13  3.5188E-13
  2.7361E-05  3.3449E-09  1.1650E-13  3.8001E-13
  2.8059E-05  3.5669E-09  1.2563E-13  4.0983E-13
  2.8761E-05  3.7994E-09  1.3531E-13  4.4138E-13
  2.9469E-05  4.0425E-09  1.4554E-13  4.7475E-13
  3.0181E-05  4.2967E-09  1.5635E-13  5.1001E-13
  3.0898E-05  4.5622E-09  1.6776E-13  5.4725E-13
  3.1620E-05  4.8395E-09  1.7980E-13  5.8652E-13
  3.2348E-05  5.1288E-09  1.9250E-13  6.2793E-13
  3.3080E-05  5.4306E-09  2.0587E-13  6.7156E-13
  3.3817E-05  5.7451E-09  2.1995E-13  7.1748E-13
  3.4560E-05  6.0728E-09  2.3476E-13  7.6579E-13
  3.5308E-05  6.4140E-09  2.5033E-13  8.1659E-13
  3.6061E-05  6.7692E-09  2.6669E-13  8.6996E-13
  3.6819E-05  7.1386E-09  2.8387E-13  9.2600E-13
  3.7583E-05  7.5228E-09  3.0190E-13  9.8482E-13
  3.8352E-05  7.9222E-09  3.2081E-13  1.0465E-12
  3.9126E-05  8.3371E-09  3.4064E-13  1.1112E-12
  3.9906E-05  8.7680E-09  3.6141E-13  1.1789E-12
  4.0691E-05  9.2153E-09  3.8317E-13  1.2499E-12
  4.1482E-05  9.6796E-09  4.0594E-13  1.3242E-12
  4.2278E-05  1.0161E-08  4.2977E-13  1.4019E-12
  4.3079E-05  1.0661E-08  4.5468E-13  1.4832E-12
  4.3887E-05  1.1178E-08  4.8073E-13  1.5681E-12
  4.4700E-05  1.1715E-08  5.0794E-13  1.6569E-12
  4.5518E-05  1.2271E-08  5.3636E-13  1.7496E-12
  4.6343E-05  1.2846E-08  5.6603E-13  1.8464E-12
  4.7173E-05  1.3442E-08  5.9700E-13  1.9474E-12
  4.8009E-05  1.4059E-08  6.2930E-13  2.0528E-12
  4.8850E-05  1.4698E-08  6.6298E-13  2.1627E-12
  4.9698E-05  1.5358E-08  6.9810E-13  2.2772E-12
  5.0552E-05  1.6041E-08  7.3469E-13  2.3966E-12
  5.1411E-05  1.6747E-08  7.7280E-13  2.5209E-12
  5.2277E-05  1.7477E-08  8.1250E-13  2.6504E-12
  5.3148E-05  1.8231E-08  8.5382E-13  2.7852E-12
  5.4026E-05  1.9010E-08  8.9682E-13  2.9254E-12
  5.4910E-05  1.9814E-08  9.4155E-13  3.0714E-12
  5.5800E-05  2.0645E-08  9.8808E-13  3.2231E-12
  5.6696E-05  2.1503E-08  1.0365E-12  3.3810E-12
  5.7598E-05  2.2388E-08  1.0867E-12  3.5450E-12
  5.8507E-05  2.3302E-08  1.1390E-12  3.7154E-12
  5.9422E-05  2.4245E-08  1.1933E-12  3.8925E-12
  6.0343E-05  2.5217E-08  1.2496E-12  4.0764E-12
  6.1271E-05  2.6220E-08  1.3082E-12  4.2674E-12
  6.2206E-05  2.7254E-08  1.3690E-12  4.4656E-12
  6.3147E-05  2.8319E-08  1.4320E-12  4.6713E-12
  6.4094E-05  2.9418E-08  1.4975E-12  4.8847E-12
  6.5048E-05  3.0550E-08  1.5653E-12  5.1062E-12
  6.6009E-05  3.1717E-08  1.6357E-12  5.3358E-12
  6.6976E-05  3.2918E-08  1.7087E-12  5.5738E-12
  6.7951E-05  3.4156E-08  1.7843E-12  5.8206E-12
  6.8932E-05  3.5430E-08  1.8628E-12  6.0764E-12
  6.9920E-05  3.6743E-08  1.9440E-12  6.3414E-12
  7.0914E-05  3.8094E-08  2.0282E-12  6.6159E-12
  7.1916E-05  3.9484E-08  2.1153E-12  6.9003E-12
  7.2925E-05  4.0915E-08  2.2056E-12  7.1947E-12
  7.3941E-05  4.2388E-08  2.2990E-12  7.4996E-12
  7.4964E-05  4.3903E-08  2.3958E-12  7.8152E-12
  7.5994E-05  4.5462E-08  2.4959E-12  8.1418E-12
  7.7031E-05  4.7065E-08  2.5995E-12  8.4797E-12
  7.8075E-05  4.8713E-08  2.7067E-12  8.8293E-12
  7.9127E-05  5.0408E-08  2.8176E-12  9.1910E-12
  8.0186E-05  5.2151E-08  2.9322E-12  9.5650E-12
  8.1253E-05  5.3943E-08  3.0508E-12  9.9517E-12
  8.2327E-05  5.5785E-08  3.1733E-12  1.0352E-11
  8.3408E-05  5.7678E-08  3.3001E-12  1.0765E-11
  8.4497E-05  5.9623E-08  3.4310E-12  1.1192E-11
  8.5594E-05  6.1621E-08  3.5663E-12  1.1634E-11
  8.6698E-05  6.3674E-08  3.7062E-12  1.2090E-11
  8.7810E-05  6.5783E-08  3.8506E-12  1.2561E-11
  8.8930E-05  6.7950E-08  3.9998E-12  1.3047E-11
  9.0057E-05  7.0175E-08  4.1539E-12  1.3550E-11
  9.1193E-05  7.2460E-08  4.3130E-12  1.4069E-11
  9.2336E-05  7.4806E-08  4.4772E-12  1.4605E-11
  9.3487E-05  7.7214E-08  4.6468E-12  1.5158E-11
  9.4647E-05  7.9687E-08  4.8219E-12  1.5729E-11
  9.5814E-05  8.2225E-08  5.0025E-12  1.6318E-11
  9.6990E-05  8.4830E-08  5.1889E-12  1.6926E-11
  9.8174E-05  8.7504E-08  5.3813E-12  1.7554E-11
  9.9366E-05  9.0247E-08  5.5797E-12  1.8201E-11
  1.0057E-04  9.3062E-08  5.7844E-12  1.8869E-11
  1.0178E-04  9.5951E-08  5.9955E-12  1.9558E-11
  1.0299E-04  9.8914E-08  6.2132E-12  2.0268E-11
  1.0422E-04  1.0195E-07  6.4377E-12  2.1000E-11
  1.0545E-04  1.0507E-07  6.6692E-12  2.1755E-11
  1.0670E-04  1.0827E-07  6.9078E-12  2.2533E-11
  1.0795E-04  1.1155E-07  7.1537E-12  2.3336E-11
  1.0921E-04  1.1491E-07  7.4073E-12  2.4163E-11
  1.1048E-04  1.1836E-07  7.6685E-12  2.5015E-11
  1.1175E-04  1.2189E-07  7.9378E-12  2.5893E-11
  1.1304E-04  1.2552E-07  8.2152E-12  2.6798E-11
  1.1434E-04  1.2923E-07  8.5010E-12  2.7731E-11
  1.1564E-04  1.3304E-07  8.7954E-12  2.8691E-11
  1.1696E-04  1.3694E-07  9.0987E-12  2.9680E-11
  1.1828E-04  1.4094E-07  9.4110E-12  3.0699E-11
  1.1961E-04  1.4504E-07  9.7327E-12  3.1749E-11
  1.2095E-04  1.4924E-07  1.0064E-11  3.2829E-11
  1.2231E-04  1.5354E-07  1.0405E-11  3.3942E-11
  1.2367E-04  1.5795E-07  1.0756E-11  3.5087E-11
  1.2504E-04  1.6247E-07  1.1118E-11  3.6266E-11
  1.2642E-04  1.6710E-07  1.1490E-11  3.7480E-11
  1.2781E-04  1.7184E-07  1.1873E-11  3.8730E-11
  1.2921E-04  1.7670E-07  1.2267E-11  4.0016E-11
  1.3061E-04  1.8167E-07  1.2673E-11  4.1339E-11
  1.3203E-04  1.8676E-07  1.3090E-11  4.2701E-11
  1.3346E-04  1.9198E-07  1.3520E-11  4.4102E-11
  1.3490E-04  1.9732E-07  1.3962E-11  4.5543E-11
  1.3635E-04  2.0279E-07  1.4416E-11  4.7026E-11
  1.3781E-04  2.0839E-07  1.4884E-11  4.8552E-11
  1.3928E-04  2.1413E-07  1.5365E-11  5.0121E-11
  1.4076E-04  2.2000E-07  1.5860E-11  5.1735E-11
  1.4225E-04  2.2601E-07  1.6369E-11  5.3395E-11
  1.4375E-04  2.3216E-07  1.6892E-11  5.5102E-11
  1.4526E-04  2.3846E-07  1.7430E-11  5.6858E-11
  1.4678E-04  2.4491E-07  1.7983E-11  5.8662E-11
  1.4831E-04  2.5150E-07  1.8552E-11  6.0518E-11
  1.4985E-04  2.5826E-07  1.9137E-11  6.2426E-11
  1.5140E-04  2.6517E-07  1.9738E-11  6.4387E-11
  1.5297E-04  2.7224E-07  2.0356E-11  6.6403E-11
  1.5454E-04  2.7947E-07  2.0991E-11  6.8475E-11
  1.5613E-04  2.8688E-07  2.1644E-11  7.0605E-11
  1.5773E-04  2.9445E-07  2.2315E-11  7.2794E-11
  1.5933E-04  3.0220E-07  2.3005E-11  7.5043E-11
  1.6095E-04  3.1013E-07  2.3713E-11  7.7354E-11
  1.6258E-04  3.1824E-07  2.4441E-11  7.9729E-11
  1.6423E-04  3.2654E-07  2.5190E-11  8.2169E-11
  1.6588E-04  3.3503E-07  2.5958E-11  8.4676E-11
  1.6754E-04  3.4371E-07  2.6748E-11  8.7252E-11
  1.6922E-04  3.5259E-07  2.7559E-11  8.9898E-11
  1.7091E-04  3.6168E-07  2.8392E-11  9.2615E-11
  1.7261E-04  3.7097E-07  2.9248E-11  9.5407E-11
  1.7432E-04  3.8047E-07  3.0127E-11  9.8274E-11
  1.7605E-04  3.9018E-07  3.1029E-11  1.0122E-10
  1.7778E-04  4.0012E-07  3.1956E-11  1.0424E-10
  1.7953E-04  4.1028E-07  3.2908E-11  1.0735E-10
  1.8129E-04  4.2067E-07  3.3886E-11  1.1054E-10
  1.8306E-04  4.3129E-07  3.4890E-11  1.1381E-10
  1.8485E-04  4.4215E-07  3.5920E-11  1.1717E-10
  1.8665E-04  4.5325E-07  3.6978E-11  1.2063E-10
  1.8846E-04  4.6460E-07  3.8065E-11  1.2417E-10
  1.9028E-04  4.7621E-07  3.9180E-11  1.2781E-10
  1.9211E-04  4.8807E-07  4.0325E-11  1.3154E-10
  1.9396E-04  5.0020E-07  4.1500E-11  1.3537E-10
  1.9582E-04  5.1259E-07  4.2706E-11  1.3931E-10
  1.9770E-04  5.2527E-07  4.3944E-11  1.4335E-10
  1.9958E-04  5.3822E-07  4.5214E-11  1.4749E-10
  2.0148E-04  5.5145E-07  4.6518E-11  1.5175E-10
  2.0340E-04  5.6498E-07  4.7857E-11  1.5611E-10
  2.0533E-04  5.7881E-07  4.9230E-11  1.6059E-10
  2.0727E-04  5.9294E-07  5.0639E-11  1.6519E-10
  2.0922E-04  6.0738E-07  5.2085E-11  1.6990E-10
  2.1119E-04  6.2213E-07  5.3568E-11  1.7474E-10
  2.1317E-04  6.3721E-07  5.5090E-11  1.7971E-10
  2.1516E-04  6.5262E-07  5.6652E-11  1.8480E-10
  2.1717E-04  6.6836E-07  5.8254E-11  1.9003E-10
  2.1920E-04  6.8445E-07  5.9897E-11  1.9539E-10
  2.2124E-04  7.0089E-07  6.1583E-11  2.0089E-10
  2.2329E-04  7.1768E-07  6.3312E-11  2.0653E-10
  2.2535E-04  7.3484E-07  6.5086E-11  2.1231E-10
  2.2743E-04  7.5236E-07  6.6905E-11  2.1825E-10
  2.2953E-04  7.7027E-07  6.8771E-11  2.2433E-10
  2.3164E-04  7.8856E-07  7.0685E-11  2.3058E-10
  2.3376E-04  8.0725E-07  7.2647E-11  2.3698E-10
  2.3590E-04  8.2634E-07  7.4660E-11  2.4354E-10
  2.3806E-04  8.4584E-07  7.6724E-11  2.5028E-10
  2.4022E-04  8.6575E-07  7.8841E-11  2.5718E-10
  2.4241E-04  8.8610E-07  8.1011E-11  2.6426E-10
  2.4461E-04  9.0688E-07  8.3236E-11  2.7152E-10
  2.4682E-04  9.2810E-07  8.5518E-11  2.7896E-10
  2.4905E-04  9.4977E-07  8.7857E-11  2.8659E-10
  2.5130E-04  9.7191E-07  9.0256E-11  2.9442E-10
  2.5356E-04  9.9452E-07  9.2715E-11  3.0244E-10
  2.5584E-04  1.0176E-06  9.5235E-11  3.1066E-10
  2.5813E-04  1.0412E-06  9.7819E-11  3.1909E-10
  2.6044E-04  1.0653E-06  1.0047E-10  3.2773E-10
  2.6277E-04  1.0899E-06  1.0318E-10  3.3659E-10
  2.6511E-04  1.1150E-06  1.0597E-10  3.4567E-10
  2.6747E-04  1.1406E-06  1.0882E-10  3.5498E-10
  2.6984E-04  1.1668E-06  1.1174E-10  3.6451E-10
  2.7223E-04  1.1935E-06  1.1474E-10  3.7429E-10
  2.7464E-04  1.2208E-06  1.1781E-10  3.8431E-10
  2.7707E-04  1.2487E-06  1.2096E-10  3.9458E-10
  2.7951E-04  1.2771E-06  1.2419E-10  4.0510E-10
  2.8197E-04  1.3062E-06  1.2749E-10  4.1589E-10
  2.8444E-04  1.3358E-06  1.3088E-10  4.2694E-10
  2.8693E-04  1.3661E-06  1.3435E-10  4.3827E-10
  2.8945E-04  1.3970E-06  1.3791E-10  4.4987E-10
  2.9197E-04  1.4286E-06  1.4156E-10  4.6176E-10
  2.9452E-04  1.4608E-06  1.4529E-10  4.7395E-10
  2.9708E-04  1.4937E-06  1.4912E-10  4.8643E-10
  2.9966E-04  1.5272E-06  1.5304E-10  4.9922E-10
  3.0226E-04  1.5615E-06  1.5706E-10  5.1233E-10
  3.0488E-04  1.5965E-06  1.6117E-10  5.2575E-10
  3.0752E-04  1.6322E-06  1.6539E-10  5.3951E-10
  3.1017E-04  1.6686E-06  1.6971E-10  5.5360E-10
  3.1284E-04  1.7058E-06  1.7413E-10  5.6803E-10
  3.1554E-04  1.7438E-06  1.7867E-10  5.8282E-10
  3.1825E-04  1.7826E-06  1.8331E-10  5.9797E-10
  3.2098E-04  1.8221E-06  1.8807E-10  6.1349E-10
  3.2372E-04  1.8625E-06  1.9294E-10  6.2938E-10
  3.2649E-04  1.9037E-06  1.9793E-10  6.4566E-10
  3.2928E-04  1.9457E-06  2.0304E-10  6.6234E-10
  3.3208E-04  1.9886E-06  2.0828E-10  6.7941E-10
  3.3491E-04  2.0324E-06  2.1364E-10  6.9691E-10
  3.3776E-04  2.0771E-06  2.1913E-10  7.1482E-10
  3.4062E-04  2.1227E-06  2.2476E-10  7.3317E-10
  3.4351E-04  2.1693E-06  2.3052E-10  7.5196E-10
  3.4641E-04  2.2168E-06  2.3642E-10  7.7121E-10
  3.4934E-04  2.2653E-06  2.4246E-10  7.9092E-10
  3.5229E-04  2.3147E-06  2.4865E-10  8.1110E-10
  3.5525E-04  2.3652E-06  2.5498E-10  8.3176E-10
  3.5824E-04  2.4167E-06  2.6147E-10  8.5293E-10
  3.6125E-04  2.4692E-06  2.6811E-10  8.7460E-10
  3.6428E-04  2.5228E-06  2.7492E-10  8.9679E-10
  3.6733E-04  2.5775E-06  2.8188E-10  9.1951E-10
  3.7040E-04  2.6334E-06  2.8901E-10  9.4277E-10
  3.7350E-04  2.6903E-06  2.9632E-10  9.6659E-10
  3.7661E-04  2.7484E-06  3.0379E-10  9.9098E-10
  3.7975E-04  2.8077E-06  3.1145E-10  1.0159E-09
  3.8291E-04  2.8682E-06  3.1928E-10  1.0415E-09
  3.8609E-04  2.9299E-06  3.2731E-10  1.0677E-09
  3.8929E-04  2.9929E-06  3.3552E-10  1.0945E-09
  3.9252E-04  3.0571E-06  3.4393E-10  1.1219E-09
  3.9576E-04  3.1226E-06  3.5254E-10  1.1500E-09
  3.9903E-04  3.1895E-06  3.6135E-10  1.1787E-09
  4.0233E-04  3.2577E-06  3.7037E-10  1.2082E-09
  4.0564E-04  3.3273E-06  3.7961E-10  1.2383E-09
  4.0898E-04  3.3982E-06  3.8906E-10  1.2691E-09
  4.1235E-04  3.4707E-06  3.9874E-10  1.3007E-09
  4.1573E-04  3.5445E-06  4.0864E-10  1.3330E-09
  4.1914E-04  3.6199E-06  4.1878E-10  1.3661E-09
  4.2258E-04  3.6967E-06  4.2916E-10  1.3999E-09
  4.2604E-04  3.7751E-06  4.3978E-10  1.4346E-09
  4.2952E-04  3.8551E-06  4.5065E-10  1.4701E-09
  4.3303E-04  3.9367E-06  4.6178E-10  1.5064E-09
  4.3656E-04  4.0199E-06  4.7317E-10  1.5435E-09
  4.4011E-04  4.1047E-06  4.8483E-10  1.5815E-09
  4.4369E-04  4.1913E-06  4.9676E-10  1.6204E-09
  4.4730E-04  4.2796E-06  5.0896E-10  1.6603E-09
  4.5093E-04  4.3697E-06  5.2146E-10  1.7010E-09
  4.5458E-04  4.4615E-06  5.3425E-10  1.7427E-09
  4.5827E-04  4.5552E-06  5.4733E-10  1.7854E-09
  4.6197E-04  4.6508E-06  5.6072E-10  1.8291E-09
  4.6571E-04  4.7482E-06  5.7443E-10  1.8738E-09
  4.6947E-04  4.8476E-06  5.8845E-10  1.9195E-09
  4.7325E-04  4.9490E-06  6.0280E-10  1.9664E-09
  4.7706E-04  5.0524E-06  6.1748E-10  2.0143E-09
  4.8090E-04  5.1579E-06  6.3251E-10  2.0633E-09
  4.8477E-04  5.2654E-06  6.4788E-10  2.1134E-09
  4.8866E-04  5.3751E-06  6.6362E-10  2.1647E-09
  4.9258E-04  5.4870E-06  6.7971E-10  2.2172E-09
  4.9653E-04  5.6010E-06  6.9618E-10  2.2710E-09
  5.0050E-04  5.7174E-06  7.1303E-10  2.3259E-09
  5.0450E-04  5.8360E-06  7.3028E-10  2.3822E-09
  5.0853E-04  5.9570E-06  7.4792E-10  2.4397E-09
  5.1259E-04  6.0803E-06  7.6597E-10  2.4986E-09
  5.1668E-04  6.2062E-06  7.8444E-10  2.5589E-09
  5.2079E-04  6.3345E-06  8.0333E-10  2.6205E-09
  5.2494E-04  6.4653E-06  8.2266E-10  2.6835E-09
  5.2911E-04  6.5987E-06  8.4243E-10  2.7481E-09
  5.3331E-04  6.7347E-06  8.6267E-10  2.8140E-09
  5.3754E-04  6.8735E-06  8.8336E-10  2.8816E-09
  5.4180E-04  7.0149E-06  9.0454E-10  2.9506E-09
  5.4610E-04  7.1592E-06  9.2620E-10  3.0213E-09
  5.5042E-04  7.3063E-06  9.4836E-10  3.0936E-09
  5.5477E-04  7.4562E-06  9.7102E-10  3.1675E-09
  5.5915E-04  7.6092E-06  9.9421E-10  3.2432E-09
  5.6356E-04  7.7651E-06  1.0179E-09  3.3205E-09
  5.6800E-04  7.9241E-06  1.0422E-09  3.3997E-09
  5.7248E-04  8.0862E-06  1.0670E-09  3.4807E-09
  5.7698E-04  8.2515E-06  1.0924E-09  3.5635E-09
  5.8152E-04  8.4200E-06  1.1184E-09  3.6482E-09
  5.8609E-04  8.5919E-06  1.1449E-09  3.7348E-09
  5.9069E-04  8.7671E-06  1.1721E-09  3.8235E-09
  5.9532E-04  8.9457E-06  1.1999E-09  3.9141E-09
  5.9998E-04  9.1279E-06  1.2283E-09  4.0069E-09
  6.0468E-04  9.3136E-06  1.2574E-09  4.1017E-09
  6.0941E-04  9.5029E-06  1.2871E-09  4.1987E-09
  6.1417E-04  9.6960E-06  1.3176E-09  4.2979E-09
  6.1897E-04  9.8928E-06  1.3487E-09  4.3994E-09
  6.2380E-04  1.0093E-05  1.3805E-09  4.5032E-09
  6.2866E-04  1.0298E-05  1.4130E-09  4.6094E-09
  6.3356E-04  1.0507E-05  1.4463E-09  4.7179E-09
  6.3849E-04  1.0719E-05  1.4803E-09  4.8290E-09
  6.4346E-04  1.0936E-05  1.5152E-09  4.9425E-09
  6.4846E-04  1.1157E-05  1.5508E-09  5.0586E-09
  6.5349E-04  1.1382E-05  1.5872E-09  5.1774E-09
  6.5857E-04  1.1612E-05  1.6244E-09  5.2989E-09
  6.6367E-04  1.1846E-05  1.6625E-09  5.4231E-09
  6.6881E-04  1.2085E-05  1.7014E-09  5.5501E-09
  6.7399E-04  1.2328E-05  1.7412E-09  5.6800E-09
  6.7921E-04  1.2576E-05  1.7820E-09  5.8129E-09
  6.8446E-04  1.2829E-05  1.8236E-09  5.9487E-09
  6.8974E-04  1.3087E-05  1.8662E-09  6.0876E-09
  6.9507E-04  1.3350E-05  1.9098E-09  6.2297E-09
  7.0043E-04  1.3618E-05  1.9543E-09  6.3750E-09
  7.0583E-04  1.3891E-05  1.9998E-09  6.5235E-09
  7.1126E-04  1.4170E-05  2.0464E-09  6.6754E-09
  7.1674E-04  1.4453E-05  2.0940E-09  6.8307E-09
  7.2225E-04  1.4743E-05  2.1427E-09  6.9896E-09
  7.2780E-04  1.5038E-05  2.1925E-09  7.1520E-09
  7.3339E-04  1.5338E-05  2.2434E-09  7.3180E-09
  7.3902E-04  1.5645E-05  2.2954E-09  7.4878E-09
  7.4469E-04  1.5957E-05  2.3487E-09  7.6615E-09
  7.5040E-04  1.6276E-05  2.4031E-09  7.8390E-09
  7.5614E-04  1.6600E-05  2.4587E-09  8.0205E-09
  7.6193E-04  1.6931E-05  2.5156E-09  8.2061E-09
  7.6776E-04  1.7269E-05  2.5738E-09  8.3958E-09
  7.7363E-04  1.7613E-05  2.6333E-09  8.5899E-09
  7.7954E-04  1.7963E-05  2.6941E-09  8.7882E-09
  7.8549E-04  1.8320E-05  2.7563E-09  8.9910E-09
  7.9148E-04  1.8684E-05  2.8198E-09  9.1984E-09
  7.9752E-04  1.9056E-05  2.8848E-09  9.4104E-09
  8.0360E-04  1.9434E-05  2.9513E-09  9.6272E-09
  8.0971E-04  1.9820E-05  3.0192E-09  9.8488E-09
  8.1588E-04  2.0213E-05  3.0887E-09  1.0075E-08
  8.2208E-04  2.0613E-05  3.1597E-09  1.0307E-08
  8.2833E-04  2.1022E-05  3.2323E-09  1.0544E-08
  8.3462E-04  2.1438E-05  3.3065E-09  1.0786E-08
  8.4096E-04  2.1862E-05  3.3824E-09  1.1033E-08
  8.4734E-04  2.2295E-05  3.4599E-09  1.1286E-08
  8.5376E-04  2.2735E-05  3.5392E-09  1.1545E-08
  8.6023E-04  2.3185E-05  3.6203E-09  1.1810E-08
  8.6675E-04  2.3642E-05  3.7032E-09  1.2080E-08
  8.7331E-04  2.4109E-05  3.7879E-09  1.2356E-08
  8.7991E-04  2.4585E-05  3.8745E-09  1.2639E-08
  8.8657E-04  2.5070E-05  3.9631E-09  1.2928E-08
  8.9327E-04  2.5564E-05  4.0536E-09  1.3223E-08
  9.0001E-04  2.6067E-05  4.1461E-09  1.3525E-08
  9.0680E-04  2.6580E-05  4.2407E-09  1.3833E-08
  9.1364E-04  2.7104E-05  4.3374E-09  1.4149E-08
  9.2053E-04  2.7637E-05  4.4362E-09  1.4471E-08
  9.2747E-04  2.8180E-05  4.5373E-09  1.4801E-08
  9.3445E-04  2.8734E-05  4.6406E-09  1.5138E-08
  9.4149E-04  2.9298E-05  4.7461E-09  1.5482E-08
  9.4857E-04  2.9874E-05  4.8540E-09  1.5834E-08
  9.5570E-04  3.0460E-05  4.9644E-09  1.6194E-08
  9.6288E-04  3.1057E-05  5.0771E-09  1.6562E-08
  9.7011E-04  3.1666E-05  5.1924E-09  1.6938E-08
  9.7740E-04  3.2287E-05  5.3102E-09  1.7322E-08
  9.8473E-04  3.2920E-05  5.4306E-09  1.7715E-08
  9.9211E-04  3.3564E-05  5.5537E-09  1.8116E-08
  9.9955E-04  3.4221E-05  5.6795E-09  1.8527E-08
  1.0070E-03  3.4891E-05  5.8081E-09  1.8946E-08
  1.0146E-03  3.5573E-05  5.9396E-09  1.9375E-08
  1.0222E-03  3.6268E-05  6.0739E-09  1.9813E-08
  1.0298E-03  3.6977E-05  6.2112E-09  2.0261E-08
  1.0375E-03  3.7699E-05  6.3516E-09  2.0719E-08
  1.0453E-03  3.8435E-05  6.4951E-09  2.1187E-08
  1.0531E-03  3.9186E-05  6.6417E-09  2.1665E-08
  1.0609E-03  3.9950E-05  6.7915E-09  2.2154E-08
  1.0689E-03  4.0729E-05  6.9447E-09  2.2654E-08
  1.0768E-03  4.1523E-05  7.1013E-09  2.3165E-08
  1.0849E-03  4.2332E-05  7.2613E-09  2.3687E-08
  1.0929E-03  4.3157E-05  7.4248E-09  2.4220E-08
  1.1011E-03  4.3997E-05  7.5920E-09  2.4765E-08
  1.1093E-03  4.4853E-05  7.7628E-09  2.5322E-08
  1.1175E-03  4.5726E-05  7.9374E-09  2.5892E-08
  1.1258E-03  4.6615E-05  8.1158E-09  2.6474E-08
  1.1342E-03  4.7521E-05  8.2982E-09  2.7069E-08
  1.1426E-03  4.8445E-05  8.4845E-09  2.7677E-08
  1.1511E-03  4.9386E-05  8.6750E-09  2.8298E-08
  1.1597E-03  5.0345E-05  8.8697E-09  2.8933E-08
  1.1683E-03  5.1322E-05  9.0686E-09  2.9582E-08
  1.1769E-03  5.2318E-05  9.2719E-09  3.0245E-08
  1.1857E-03  5.3333E-05  9.4797E-09  3.0923E-08
  1.1945E-03  5.4367E-05  9.6921E-09  3.1616E-08
  1.2033E-03  5.5421E-05  9.9091E-09  3.2324E-08
  1.2122E-03  5.6495E-05  1.0131E-08  3.3047E-08
  1.2212E-03  5.7590E-05  1.0358E-08  3.3787E-08
  1.2302E-03  5.8705E-05  1.0589E-08  3.4542E-08
  1.2393E-03  5.9841E-05  1.0826E-08  3.5314E-08
  1.2485E-03  6.0999E-05  1.1068E-08  3.6103E-08
  1.2577E-03  6.2179E-05  1.1315E-08  3.6910E-08
  1.2670E-03  6.3382E-05  1.1568E-08  3.7734E-08
  1.2764E-03  6.4607E-05  1.1826E-08  3.8576E-08
  1.2858E-03  6.5856E-05  1.2090E-08  3.9436E-08
  1.2953E-03  6.7128E-05  1.2359E-08  4.0316E-08
  1.3048E-03  6.8425E-05  1.2635E-08  4.1215E-08
  1.3145E-03  6.9746E-05  1.2916E-08  4.2133E-08
  1.3241E-03  7.1092E-05  1.3204E-08  4.3071E-08
  1.3339E-03  7.2464E-05  1.3498E-08  4.4030E-08
  1.3437E-03  7.3862E-05  1.3798E-08  4.5010E-08
  1.3536E-03  7.5287E-05  1.4105E-08  4.6012E-08
  1.3636E-03  7.6738E-05  1.4419E-08  4.7035E-08
  1.3736E-03  7.8217E-05  1.4739E-08  4.8081E-08
  1.3837E-03  7.9724E-05  1.5067E-08  4.9149E-08
  1.3939E-03  8.1260E-05  1.5402E-08  5.0241E-08
  1.4041E-03  8.2825E-05  1.5744E-08  5.1356E-08
  1.4144E-03  8.4419E-05  1.6093E-08  5.2497E-08
  1.4248E-03  8.6044E-05  1.6450E-08  5.3661E-08
  1.4353E-03  8.7699E-05  1.6815E-08  5.4852E-08
  1.4458E-03  8.9386E-05  1.7188E-08  5.6068E-08
  1.4564E-03  9.1105E-05  1.7569E-08  5.7311E-08
  1.4671E-03  9.2856E-05  1.7958E-08  5.8581E-08
  1.4778E-03  9.4641E-05  1.8356E-08  5.9879E-08
  1.4887E-03  9.6459E-05  1.8763E-08  6.1204E-08
  1.4996E-03  9.8312E-05  1.9178E-08  6.2559E-08
  1.5106E-03  1.0020E-04  1.9602E-08  6.3944E-08
  1.5216E-03  1.0212E-04  2.0036E-08  6.5358E-08
  1.5327E-03  1.0408E-04  2.0479E-08  6.6803E-08
  1.5440E-03  1.0608E-04  2.0932E-08  6.8280E-08
  1.5553E-03  1.0812E-04  2.1394E-08  6.9789E-08
  1.5666E-03  1.1019E-04  2.1867E-08  7.1331E-08
  1.5781E-03  1.1230E-04  2.2350E-08  7.2906E-08
  1.5896E-03  1.1445E-04  2.2843E-08  7.4516E-08
  1.6012E-03  1.1665E-04  2.3347E-08  7.6160E-08
  1.6129E-03  1.1888E-04  2.3863E-08  7.7841E-08
  1.6247E-03  1.2116E-04  2.4389E-08  7.9557E-08
  1.6365E-03  1.2348E-04  2.4927E-08  8.1312E-08
  1.6485E-03  1.2584E-04  2.5476E-08  8.3104E-08
  1.6605E-03  1.2825E-04  2.6037E-08  8.4935E-08
  1.6726E-03  1.3070E-04  2.6611E-08  8.6806E-08
  1.6848E-03  1.3321E-04  2.7197E-08  8.8718E-08
  1.6970E-03  1.3575E-04  2.7796E-08  9.0671E-08
  1.7094E-03  1.3835E-04  2.8408E-08  9.2667E-08
  1.7219E-03  1.4099E-04  2.9033E-08  9.4705E-08
  1.7344E-03  1.4369E-04  2.9671E-08  9.6789E-08
  1.7470E-03  1.4643E-04  3.0324E-08  9.8917E-08
  1.7597E-03  1.4923E-04  3.0990E-08  1.0109E-07
  1.7725E-03  1.5208E-04  3.1671E-08  1.0331E-07
  1.7854E-03  1.5498E-04  3.2367E-08  1.0558E-07
  1.7984E-03  1.5794E-04  3.3078E-08  1.0790E-07
  1.8114E-03  1.6096E-04  3.3804E-08  1.1027E-07
  1.8246E-03  1.6403E-04  3.4546E-08  1.1269E-07
  1.8379E-03  1.6716E-04  3.5305E-08  1.1516E-07
  1.8512E-03  1.7035E-04  3.6079E-08  1.1769E-07
  1.8646E-03  1.7359E-04  3.6870E-08  1.2027E-07
  1.8782E-03  1.7690E-04  3.7679E-08  1.2291E-07
  1.8918E-03  1.8027E-04  3.8505E-08  1.2560E-07
  1.9055E-03  1.8371E-04  3.9349E-08  1.2836E-07
  1.9193E-03  1.8721E-04  4.0211E-08  1.3117E-07
  1.9332E-03  1.9078E-04  4.1092E-08  1.3404E-07
  1.9472E-03  1.9441E-04  4.1991E-08  1.3698E-07
  1.9614E-03  1.9811E-04  4.2911E-08  1.3998E-07
  1.9756E-03  2.0188E-04  4.3850E-08  1.4304E-07
  1.9899E-03  2.0572E-04  4.4809E-08  1.4617E-07
  2.0043E-03  2.0964E-04  4.5789E-08  1.4937E-07
  2.0188E-03  2.1363E-04  4.6791E-08  1.5263E-07
  2.0334E-03  2.1769E-04  4.7814E-08  1.5597E-07
  2.0481E-03  2.2183E-04  4.8859E-08  1.5938E-07
  2.0629E-03  2.2605E-04  4.9927E-08  1.6286E-07
  2.0778E-03  2.3034E-04  5.1018E-08  1.6642E-07
  2.0928E-03  2.3472E-04  5.2132E-08  1.7006E-07
  2.1080E-03  2.3918E-04  5.3270E-08  1.7377E-07
  2.1232E-03  2.4372E-04  5.4433E-08  1.7756E-07
  2.1385E-03  2.4835E-04  5.5621E-08  1.8144E-07
  2.1540E-03  2.5307E-04  5.6835E-08  1.8540E-07
  2.1695E-03  2.5787E-04  5.8075E-08  1.8944E-07
  2.1852E-03  2.6277E-04  5.9342E-08  1.9357E-07
  2.2010E-03  2.6775E-04  6.0636E-08  1.9780E-07
  2.2168E-03  2.7283E-04  6.1958E-08  2.0211E-07
  2.2328E-03  2.7801E-04  6.3308E-08  2.0651E-07
  2.2489E-03  2.8328E-04  6.4688E-08  2.1101E-07
  2.2651E-03  2.8865E-04  6.6097E-08  2.1561E-07
  2.2815E-03  2.9413E-04  6.7536E-08  2.2031E-07
  2.2979E-03  2.9970E-04  6.9007E-08  2.2510E-07
  2.3145E-03  3.0538E-04  7.0510E-08  2.3000E-07
  2.3311E-03  3.1117E-04  7.2044E-08  2.3501E-07
  2.3479E-03  3.1706E-04  7.3612E-08  2.4013E-07
  2.3648E-03  3.2307E-04  7.5214E-08  2.4535E-07
  2.3819E-03  3.2918E-04  7.6850E-08  2.5069E-07
  2.3990E-03  3.3542E-04  7.8521E-08  2.5614E-07
  2.4163E-03  3.4177E-04  8.0228E-08  2.6171E-07
  2.4336E-03  3.4823E-04  8.1972E-08  2.6740E-07
  2.4512E-03  3.5482E-04  8.3754E-08  2.7321E-07
  2.4688E-03  3.6154E-04  8.5574E-08  2.7914E-07
  2.4865E-03  3.6837E-04  8.7433E-08  2.8521E-07
  2.5044E-03  3.7534E-04  8.9332E-08  2.9140E-07
  2.5224E-03  3.8244E-04  9.1272E-08  2.9773E-07
  2.5405E-03  3.8967E-04  9.3254E-08  3.0420E-07
  2.5588E-03  3.9703E-04  9.5278E-08  3.1080E-07
  2.5772E-03  4.0453E-04  9.7346E-08  3.1754E-07
  2.5957E-03  4.1218E-04  9.9458E-08  3.2443E-07
  2.6143E-03  4.1996E-04  1.0162E-07  3.3147E-07
  2.6331E-03  4.2789E-04  1.0382E-07  3.3866E-07
  2.6520E-03  4.3597E-04  1.0607E-07  3.4601E-07
  2.6710E-03  4.4421E-04  1.0837E-07  3.5351E-07
  2.6902E-03  4.5259E-04  1.1072E-07  3.6117E-07
  2.7095E-03  4.6113E-04  1.1312E-07  3.6900E-07
  2.7289E-03  4.6983E-04  1.1557E-07  3.7700E-07
  2.7485E-03  4.7870E-04  1.1807E-07  3.8516E-07
  2.7682E-03  4.8772E-04  1.2063E-07  3.9351E-07
  2.7880E-03  4.9692E-04  1.2324E-07  4.0203E-07
  2.8080E-03  5.0629E-04  1.2591E-07  4.1073E-07
  2.8281E-03  5.1583E-04  1.2864E-07  4.1963E-07
  2.8484E-03  5.2556E-04  1.3142E-07  4.2871E-07
  2.8688E-03  5.3546E-04  1.3427E-07  4.3799E-07
  2.8893E-03  5.4555E-04  1.3717E-07  4.4746E-07
  2.9100E-03  5.5582E-04  1.4014E-07  4.5714E-07
  2.9308E-03  5.6629E-04  1.4317E-07  4.6703E-07
  2.9518E-03  5.7695E-04  1.4627E-07  4.7713E-07
  2.9729E-03  5.8781E-04  1.4943E-07  4.8745E-07
  2.9942E-03  5.9888E-04  1.5266E-07  4.9799E-07
  3.0156E-03  6.1015E-04  1.5596E-07  5.0875E-07
  3.0372E-03  6.2163E-04  1.5933E-07  5.1975E-07
  3.0589E-03  6.3332E-04  1.6278E-07  5.3098E-07
  3.0808E-03  6.4523E-04  1.6629E-07  5.4245E-07
  3.1028E-03  6.5736E-04  1.6988E-07  5.5417E-07
  3.1250E-03  6.6972E-04  1.7355E-07  5.6613E-07
  3.1473E-03  6.8231E-04  1.7730E-07  5.7836E-07
  3.1698E-03  6.9513E-04  1.8113E-07  5.9085E-07
  3.1924E-03  7.0819E-04  1.8504E-07  6.0360E-07
  3.2153E-03  7.2150E-04  1.8903E-07  6.1663E-07
  3.2382E-03  7.3505E-04  1.9311E-07  6.2993E-07
  3.2613E-03  7.4885E-04  1.9728E-07  6.4353E-07
  3.2846E-03  7.6291E-04  2.0153E-07  6.5741E-07
  3.3081E-03  7.7723E-04  2.0588E-07  6.7159E-07
  3.3317E-03  7.9181E-04  2.1032E-07  6.8607E-07
  3.3555E-03  8.0667E-04  2.1486E-07  7.0087E-07
  3.3794E-03  8.2180E-04  2.1949E-07  7.1598E-07
  3.4035E-03  8.3721E-04  2.2422E-07  7.3141E-07
  3.4278E-03  8.5291E-04  2.2905E-07  7.4717E-07
  3.4522E-03  8.6890E-04  2.3399E-07  7.6328E-07
  3.4769E-03  8.8518E-04  2.3903E-07  7.7972E-07
  3.5017E-03  9.0177E-04  2.4418E-07  7.9652E-07
  3.5266E-03  9.1867E-04  2.4944E-07  8.1368E-07
  3.5518E-03  9.3587E-04  2.5481E-07  8.3120E-07
  3.5771E-03  9.5340E-04  2.6030E-07  8.4910E-07
  3.6026E-03  9.7125E-04  2.6590E-07  8.6738E-07
  3.6282E-03  9.8943E-04  2.7163E-07  8.8606E-07
  3.6541E-03  1.0079E-03  2.7747E-07  9.0513E-07
  3.6801E-03  1.0268E-03  2.8345E-07  9.2461E-07
  3.7063E-03  1.0460E-03  2.8955E-07  9.4451E-07
  3.7327E-03  1.0656E-03  2.9578E-07  9.6483E-07
  3.7593E-03  1.0855E-03  3.0214E-07  9.8558E-07
  3.7861E-03  1.1058E-03  3.0864E-07  1.0068E-06
  3.8130E-03  1.1265E-03  3.1528E-07  1.0284E-06
  3.8402E-03  1.1475E-03  3.2206E-07  1.0506E-06
  3.8675E-03  1.1689E-03  3.2898E-07  1.0731E-06
  3.8950E-03  1.1908E-03  3.3605E-07  1.0962E-06
  3.9227E-03  1.2130E-03  3.4328E-07  1.1198E-06
  3.9506E-03  1.2357E-03  3.5066E-07  1.1438E-06
  3.9787E-03  1.2587E-03  3.5819E-07  1.1684E-06
  4.0070E-03  1.2822E-03  3.6589E-07  1.1935E-06
  4.0355E-03  1.3061E-03  3.7375E-07  1.2192E-06
  4.0642E-03  1.3305E-03  3.8178E-07  1.2454E-06
  4.0931E-03  1.3553E-03  3.8998E-07  1.2721E-06
  4.1222E-03  1.3806E-03  3.9835E-07  1.2994E-06
  4.1515E-03  1.4063E-03  4.0691E-07  1.3273E-06
  4.1810E-03  1.4325E-03  4.1565E-07  1.3558E-06
  4.2107E-03  1.4592E-03  4.2457E-07  1.3850E-06
  4.2406E-03  1.4864E-03  4.3368E-07  1.4147E-06
  4.2707E-03  1.5140E-03  4.4299E-07  1.4450E-06
  4.3011E-03  1.5422E-03  4.5250E-07  1.4761E-06
  4.3316E-03  1.5709E-03  4.6221E-07  1.5077E-06
  4.3624E-03  1.6002E-03  4.7213E-07  1.5401E-06
  4.3934E-03  1.6299E-03  4.8225E-07  1.5731E-06
  4.4246E-03  1.6602E-03  4.9260E-07  1.6069E-06
  4.4560E-03  1.6911E-03  5.0316E-07  1.6413E-06
  4.4876E-03  1.7225E-03  5.1396E-07  1.6765E-06
  4.5195E-03  1.7545E-03  5.2498E-07  1.7125E-06
  4.5515E-03  1.7871E-03  5.3623E-07  1.7492E-06
  4.5838E-03  1.8203E-03  5.4773E-07  1.7867E-06
  4.6163E-03  1.8541E-03  5.5947E-07  1.8250E-06
  4.6491E-03  1.8885E-03  5.7146E-07  1.8641E-06
  4.6821E-03  1.9236E-03  5.8371E-07  1.9041E-06
  4.7153E-03  1.9592E-03  5.9622E-07  1.9449E-06
  4.7487E-03  1.9956E-03  6.0899E-07  1.9865E-06
  4.7824E-03  2.0326E-03  6.2204E-07  2.0291E-06
  4.8163E-03  2.0703E-03  6.3537E-07  2.0726E-06
  4.8505E-03  2.1086E-03  6.4898E-07  2.1170E-06
  4.8848E-03  2.1477E-03  6.6287E-07  2.1623E-06
  4.9195E-03  2.1874E-03  6.7707E-07  2.2086E-06
  4.9543E-03  2.2279E-03  6.9157E-07  2.2559E-06
  4.9894E-03  2.2692E-03  7.0638E-07  2.3042E-06
  5.0248E-03  2.3112E-03  7.2150E-07  2.3535E-06
  5.0604E-03  2.3539E-03  7.3694E-07  2.4039E-06
  5.0963E-03  2.3974E-03  7.5272E-07  2.4554E-06
  5.1324E-03  2.4418E-03  7.6883E-07  2.5079E-06
  5.1687E-03  2.4869E-03  7.8528E-07  2.5616E-06
  5.2053E-03  2.5328E-03  8.0209E-07  2.6164E-06
  5.2422E-03  2.5796E-03  8.1925E-07  2.6724E-06
  5.2793E-03  2.6272E-03  8.3677E-07  2.7296E-06
  5.3167E-03  2.6757E-03  8.5467E-07  2.7880E-06
  5.3543E-03  2.7251E-03  8.7296E-07  2.8476E-06
  5.3922E-03  2.7753E-03  8.9163E-07  2.9085E-06
  5.4304E-03  2.8265E-03  9.1069E-07  2.9707E-06
  5.4688E-03  2.8786E-03  9.3017E-07  3.0342E-06
  5.5075E-03  2.9316E-03  9.5006E-07  3.0991E-06
  5.5465E-03  2.9856E-03  9.7037E-07  3.1653E-06
  5.5858E-03  3.0406E-03  9.9111E-07  3.2330E-06
  5.6253E-03  3.0966E-03  1.0123E-06  3.3021E-06
  5.6651E-03  3.1536E-03  1.0339E-06  3.3727E-06
  5.7052E-03  3.2116E-03  1.0560E-06  3.4448E-06
  5.7455E-03  3.2706E-03  1.0786E-06  3.5184E-06
  5.7862E-03  3.3307E-03  1.1016E-06  3.5936E-06
  5.8271E-03  3.3919E-03  1.1252E-06  3.6704E-06
  5.8683E-03  3.4542E-03  1.1492E-06  3.7488E-06
  5.9098E-03  3.5177E-03  1.1738E-06  3.8289E-06
  5.9516E-03  3.5822E-03  1.1988E-06  3.9106E-06
  5.9936E-03  3.6479E-03  1.2245E-06  3.9942E-06
  6.0360E-03  3.7148E-03  1.2506E-06  4.0795E-06
  6.0787E-03  3.7829E-03  1.2773E-06  4.1666E-06
  6.1216E-03  3.8523E-03  1.3046E-06  4.2556E-06
  6.1649E-03  3.9228E-03  1.3324E-06  4.3464E-06
  6.2085E-03  3.9947E-03  1.3609E-06  4.4392E-06
  6.2523E-03  4.0678E-03  1.3899E-06  4.5340E-06
  6.2965E-03  4.1422E-03  1.4196E-06  4.6308E-06
  6.3410E-03  4.2180E-03  1.4499E-06  4.7296E-06
  6.3858E-03  4.2951E-03  1.4809E-06  4.8305E-06
  6.4309E-03  4.3736E-03  1.5125E-06  4.9336E-06
  6.4763E-03  4.4535E-03  1.5447E-06  5.0389E-06
  6.5221E-03  4.5348E-03  1.5777E-06  5.1464E-06
  6.5681E-03  4.6176E-03  1.6114E-06  5.2562E-06
  6.6145E-03  4.7018E-03  1.6457E-06  5.3684E-06
  6.6612E-03  4.7875E-03  1.6808E-06  5.4829E-06
  6.7083E-03  4.8748E-03  1.7167E-06  5.5998E-06
  6.7556E-03  4.9636E-03  1.7533E-06  5.7193E-06
  6.8033E-03  5.0540E-03  1.7907E-06  5.8413E-06
  6.8513E-03  5.1460E-03  1.8289E-06  5.9658E-06
  6.8997E-03  5.2397E-03  1.8679E-06  6.0930E-06
  6.9484E-03  5.3350E-03  1.9077E-06  6.2230E-06
  6.9974E-03  5.4319E-03  1.9484E-06  6.3556E-06
  7.0468E-03  5.5306E-03  1.9899E-06  6.4911E-06
  7.0965E-03  5.6311E-03  2.0324E-06  6.6295E-06
  7.1466E-03  5.7333E-03  2.0757E-06  6.7708E-06
  7.1970E-03  5.8374E-03  2.1199E-06  6.9152E-06
  7.2478E-03  5.9432E-03  2.1651E-06  7.0625E-06
  7.2989E-03  6.0510E-03  2.2113E-06  7.2131E-06
  7.3504E-03  6.1606E-03  2.2584E-06  7.3668E-06
  7.4023E-03  6.2722E-03  2.3065E-06  7.5237E-06
  7.4545E-03  6.3857E-03  2.3556E-06  7.6841E-06
  7.5071E-03  6.5012E-03  2.4058E-06  7.8478E-06
  7.5600E-03  6.6188E-03  2.4571E-06  8.0150E-06
  7.6133E-03  6.7384E-03  2.5094E-06  8.1857E-06
  7.6670E-03  6.8601E-03  2.5629E-06  8.3601E-06
  7.7211E-03  6.9840E-03  2.6175E-06  8.5381E-06
  7.7755E-03  7.1100E-03  2.6732E-06  8.7200E-06
  7.8303E-03  7.2382E-03  2.7302E-06  8.9057E-06
  7.8855E-03  7.3687E-03  2.7883E-06  9.0954E-06
  7.9411E-03  7.5014E-03  2.8477E-06  9.2890E-06
  7.9971E-03  7.6365E-03  2.9083E-06  9.4868E-06
  8.0534E-03  7.7739E-03  2.9702E-06  9.6888E-06
  8.1102E-03  7.9137E-03  3.0335E-06  9.8951E-06
  8.1673E-03  8.0560E-03  3.0981E-06  1.0106E-05
  8.2249E-03  8.2007E-03  3.1640E-06  1.0321E-05
  8.2828E-03  8.3480E-03  3.2314E-06  1.0541E-05
  8.3412E-03  8.4977E-03  3.3001E-06  1.0765E-05
  8.4000E-03  8.6501E-03  3.3704E-06  1.0994E-05
  8.4592E-03  8.8052E-03  3.4421E-06  1.1228E-05
  8.5187E-03  8.9629E-03  3.5154E-06  1.1467E-05
  8.5788E-03  9.1234E-03  3.5902E-06  1.1711E-05
  8.6392E-03  9.2866E-03  3.6666E-06  1.1960E-05
  8.7000E-03  9.4526E-03  3.7446E-06  1.2215E-05
  8.7613E-03  9.6215E-03  3.8242E-06  1.2474E-05
  8.8230E-03  9.7934E-03  3.9056E-06  1.2740E-05
  8.8851E-03  9.9681E-03  3.9887E-06  1.3011E-05
  8.9477E-03  1.0146E-02  4.0735E-06  1.3288E-05
  9.0107E-03  1.0327E-02  4.1602E-06  1.3570E-05
  9.0741E-03  1.0511E-02  4.2487E-06  1.3859E-05
  9.1380E-03  1.0698E-02  4.3390E-06  1.4154E-05
  9.2024E-03  1.0888E-02  4.4313E-06  1.4455E-05
  9.2672E-03  1.1082E-02  4.5256E-06  1.4762E-05
  9.3324E-03  1.1279E-02  4.6218E-06  1.5076E-05
  9.3981E-03  1.1479E-02  4.7201E-06  1.5397E-05
  9.4642E-03  1.1682E-02  4.8204E-06  1.5724E-05
  9.5308E-03  1.1889E-02  4.9229E-06  1.6058E-05
  9.5979E-03  1.2100E-02  5.0276E-06  1.6400E-05
  9.6655E-03  1.2314E-02  5.1345E-06  1.6748E-05
  9.7335E-03  1.2532E-02  5.2436E-06  1.7104E-05
  9.8020E-03  1.2754E-02  5.3551E-06  1.7468E-05
  9.8709E-03  1.2979E-02  5.4689E-06  1.7839E-05
  9.9404E-03  1.3208E-02  5.5851E-06  1.8218E-05
  1.0010E-02  1.3441E-02  5.7038E-06  1.8605E-05
  1.0081E-02  1.3678E-02  5.8251E-06  1.9001E-05
  1.0152E-02  1.3919E-02  5.9488E-06  1.9405E-05
  1.0223E-02  1.4164E-02  6.0753E-06  1.9817E-05
  1.0295E-02  1.4413E-02  6.2044E-06  2.0238E-05
  1.0367E-02  1.4666E-02  6.3362E-06  2.0668E-05
  1.0440E-02  1.4924E-02  6.4708E-06  2.1107E-05
  1.0514E-02  1.5186E-02  6.6083E-06  2.1556E-05
  1.0588E-02  1.5452E-02  6.7487E-06  2.2013E-05
  1.0662E-02  1.5723E-02  6.8920E-06  2.2481E-05
  1.0737E-02  1.5998E-02  7.0384E-06  2.2959E-05
  1.0813E-02  1.6278E-02  7.1880E-06  2.3446E-05
  1.0889E-02  1.6562E-02  7.3406E-06  2.3944E-05
  1.0965E-02  1.6851E-02  7.4965E-06  2.4453E-05
  1.1042E-02  1.7145E-02  7.6558E-06  2.4972E-05
  1.1120E-02  1.7444E-02  7.8183E-06  2.5502E-05
  1.1198E-02  1.7748E-02  7.9844E-06  2.6044E-05
  1.1277E-02  1.8057E-02  8.1539E-06  2.6597E-05
  1.1356E-02  1.8370E-02  8.3271E-06  2.7162E-05
  1.1436E-02  1.8690E-02  8.5039E-06  2.7739E-05
  1.1516E-02  1.9014E-02  8.6844E-06  2.8327E-05
  1.1597E-02  1.9344E-02  8.8688E-06  2.8929E-05
  1.1679E-02  1.9679E-02  9.0571E-06  2.9543E-05
  1.1761E-02  2.0019E-02  9.2494E-06  3.0170E-05
  1.1844E-02  2.0365E-02  9.4457E-06  3.0811E-05
  1.1927E-02  2.0717E-02  9.6462E-06  3.1465E-05
  1.2011E-02  2.1075E-02  9.8510E-06  3.2132E-05
  1.2095E-02  2.1438E-02  1.0060E-05  3.2814E-05
  1.2180E-02  2.1807E-02  1.0274E-05  3.3511E-05
  1.2266E-02  2.2183E-02  1.0492E-05  3.4222E-05
  1.2352E-02  2.2564E-02  1.0714E-05  3.4948E-05
  1.2438E-02  2.2952E-02  1.0942E-05  3.5690E-05
  1.2526E-02  2.3346E-02  1.1174E-05  3.6447E-05
  1.2614E-02  2.3746E-02  1.1411E-05  3.7221E-05
  1.2702E-02  2.4152E-02  1.1653E-05  3.8010E-05
  1.2792E-02  2.4566E-02  1.1900E-05  3.8817E-05
  1.2882E-02  2.4985E-02  1.2153E-05  3.9641E-05
  1.2972E-02  2.5412E-02  1.2411E-05  4.0482E-05
  1.3063E-02  2.5845E-02  1.2674E-05  4.1340E-05
  1.3155E-02  2.6286E-02  1.2943E-05  4.2217E-05
  1.3247E-02  2.6733E-02  1.3217E-05  4.3113E-05
  1.3340E-02  2.7187E-02  1.3498E-05  4.4027E-05
  1.3434E-02  2.7649E-02  1.3784E-05  4.4961E-05
  1.3528E-02  2.8118E-02  1.4077E-05  4.5915E-05
  1.3623E-02  2.8594E-02  1.4375E-05  4.6889E-05
  1.3719E-02  2.9078E-02  1.4680E-05  4.7883E-05
  1.3815E-02  2.9570E-02  1.4991E-05  4.8899E-05
  1.3912E-02  3.0069E-02  1.5309E-05  4.9935E-05
  1.4010E-02  3.0577E-02  1.5634E-05  5.0994E-05
  1.4108E-02  3.1092E-02  1.5965E-05  5.2076E-05
  1.4207E-02  3.1615E-02  1.6304E-05  5.3180E-05
  1.4307E-02  3.2146E-02  1.6650E-05  5.4307E-05
  1.4408E-02  3.2686E-02  1.7003E-05  5.5459E-05
  1.4509E-02  3.3234E-02  1.7363E-05  5.6635E-05
  1.4611E-02  3.3791E-02  1.7731E-05  5.7835E-05
  1.4713E-02  3.4356E-02  1.8107E-05  5.9062E-05
  1.4816E-02  3.4930E-02  1.8491E-05  6.0314E-05
  1.4920E-02  3.5513E-02  1.8883E-05  6.1592E-05
  1.5025E-02  3.6104E-02  1.9283E-05  6.2898E-05
  1.5131E-02  3.6705E-02  1.9692E-05  6.4231E-05
  1.5237E-02  3.7315E-02  2.0110E-05  6.5592E-05
  1.5344E-02  3.7935E-02  2.0536E-05  6.6983E-05
  1.5451E-02  3.8564E-02  2.0971E-05  6.8402E-05
  1.5560E-02  3.9202E-02  2.1416E-05  6.9852E-05
  1.5669E-02  3.9850E-02  2.1869E-05  7.1332E-05
  1.5779E-02  4.0508E-02  2.2333E-05  7.2844E-05
  1.5890E-02  4.1176E-02  2.2806E-05  7.4387E-05
  1.6001E-02  4.1855E-02  2.3290E-05  7.5964E-05
  1.6113E-02  4.2543E-02  2.3783E-05  7.7573E-05
  1.6226E-02  4.3241E-02  2.4287E-05  7.9217E-05
  1.6340E-02  4.3951E-02  2.4802E-05  8.0895E-05
  1.6455E-02  4.4670E-02  2.5327E-05  8.2609E-05
  1.6570E-02  4.5401E-02  2.5864E-05  8.4359E-05
  1.6687E-02  4.6142E-02  2.6412E-05  8.6147E-05
  1.6804E-02  4.6894E-02  2.6971E-05  8.7972E-05
  1.6922E-02  4.7658E-02  2.7543E-05  8.9835E-05
  1.7040E-02  4.8433E-02  2.8126E-05  9.1738E-05
  1.7160E-02  4.9219E-02  2.8722E-05  9.3681E-05
  1.7280E-02  5.0017E-02  2.9330E-05  9.5666E-05
  1.7401E-02  5.0826E-02  2.9952E-05  9.7692E-05
  1.7523E-02  5.1647E-02  3.0586E-05  9.9761E-05
  1.7646E-02  5.2480E-02  3.1234E-05  1.0187E-04
  1.7770E-02  5.3326E-02  3.1896E-05  1.0403E-04
  1.7895E-02  5.4183E-02  3.2571E-05  1.0623E-04
  1.8020E-02  5.5053E-02  3.3261E-05  1.0848E-04
  1.8147E-02  5.5936E-02  3.3965E-05  1.1078E-04
  1.8274E-02  5.6831E-02  3.4685E-05  1.1313E-04
  1.8402E-02  5.7739E-02  3.5419E-05  1.1552E-04
  1.8531E-02  5.8660E-02  3.6169E-05  1.1797E-04
  1.8661E-02  5.9594E-02  3.6935E-05  1.2047E-04
  1.8792E-02  6.0541E-02  3.7717E-05  1.2302E-04
  1.8924E-02  6.1502E-02  3.8516E-05  1.2562E-04
  1.9056E-02  6.2476E-02  3.9331E-05  1.2828E-04
  1.9190E-02  6.3464E-02  4.0164E-05  1.3100E-04
  1.9324E-02  6.4466E-02  4.1014E-05  1.3377E-04
  1.9460E-02  6.5482E-02  4.1883E-05  1.3660E-04
  1.9596E-02  6.6512E-02  4.2769E-05  1.3949E-04
  1.9734E-02  6.7556E-02  4.3675E-05  1.4245E-04
  1.9872E-02  6.8615E-02  4.4599E-05  1.4546E-04
  2.0011E-02  6.9688E-02  4.5544E-05  1.4854E-04
  2.0152E-02  7.0776E-02  4.6508E-05  1.5169E-04
  2.0293E-02  7.1880E-02  4.7492E-05  1.5490E-04
  2.0435E-02  7.2998E-02  4.8497E-05  1.5817E-04
  2.0578E-02  7.4131E-02  4.9524E-05  1.6152E-04
  2.0723E-02  7.5280E-02  5.0572E-05  1.6494E-04
  2.0868E-02  7.6444E-02  5.1642E-05  1.6843E-04
  2.1014E-02  7.7624E-02  5.2735E-05  1.7199E-04
  2.1161E-02  7.8819E-02  5.3851E-05  1.7563E-04
  2.1310E-02  8.0031E-02  5.4991E-05  1.7935E-04
  2.1459E-02  8.1258E-02  5.6155E-05  1.8315E-04
  2.1609E-02  8.2502E-02  5.7343E-05  1.8702E-04
  2.1761E-02  8.3763E-02  5.8556E-05  1.9098E-04
  2.1913E-02  8.5040E-02  5.9795E-05  1.9502E-04
  2.2067E-02  8.6333E-02  6.1061E-05  1.9914E-04
  2.2222E-02  8.7644E-02  6.2352E-05  2.0336E-04
  2.2377E-02  8.8972E-02  6.3672E-05  2.0766E-04
  2.2534E-02  9.0316E-02  6.5019E-05  2.1205E-04
  2.2692E-02  9.1678E-02  6.6394E-05  2.1654E-04
  2.2851E-02  9.3058E-02  6.7799E-05  2.2112E-04
  2.3011E-02  9.4455E-02  6.9233E-05  2.2579E-04
  2.3172E-02  9.5870E-02  7.0698E-05  2.3057E-04
  2.3335E-02  9.7302E-02  7.2194E-05  2.3545E-04
  2.3498E-02  9.8753E-02  7.3721E-05  2.4043E-04
  2.3663E-02  1.0022E-01  7.5280E-05  2.4551E-04
  2.3829E-02  1.0171E-01  7.6872E-05  2.5070E-04
  2.3996E-02  1.0321E-01  7.8498E-05  2.5601E-04
  2.4164E-02  1.0474E-01  8.0159E-05  2.6142E-04
  2.4333E-02  1.0628E-01  8.1854E-05  2.6695E-04
  2.4503E-02  1.0784E-01  8.3585E-05  2.7259E-04
  2.4675E-02  1.0942E-01  8.5353E-05  2.7836E-04
  2.4848E-02  1.1102E-01  8.7158E-05  2.8424E-04
  2.5022E-02  1.1264E-01  8.9001E-05  2.9025E-04
  2.5197E-02  1.1428E-01  9.0883E-05  2.9639E-04
  2.5374E-02  1.1594E-01  9.2805E-05  3.0266E-04
  2.5552E-02  1.1762E-01  9.4767E-05  3.0906E-04
  2.5731E-02  1.1932E-01  9.6771E-05  3.1559E-04
  2.5911E-02  1.2103E-01  9.8817E-05  3.2226E-04
  2.6092E-02  1.2277E-01  1.0091E-04  3.2907E-04
  2.6275E-02  1.2453E-01  1.0304E-04  3.3603E-04
  2.6459E-02  1.2631E-01  1.0522E-04  3.4313E-04
  2.6644E-02  1.2810E-01  1.0744E-04  3.5039E-04
  2.6831E-02  1.2992E-01  1.0971E-04  3.5779E-04
  2.7019E-02  1.3176E-01  1.1203E-04  3.6535E-04
  2.7208E-02  1.3362E-01  1.1440E-04  3.7308E-04
  2.7399E-02  1.3550E-01  1.1682E-04  3.8096E-04
  2.7590E-02  1.3740E-01  1.1929E-04  3.8901E-04
  2.7784E-02  1.3932E-01  1.2181E-04  3.9723E-04
  2.7978E-02  1.4127E-01  1.2439E-04  4.0563E-04
  2.8174E-02  1.4323E-01  1.2702E-04  4.1420E-04
  2.8372E-02  1.4522E-01  1.2970E-04  4.2295E-04
  2.8570E-02  1.4722E-01  1.3244E-04  4.3189E-04
  2.8770E-02  1.4925E-01  1.3524E-04  4.4102E-04
  2.8972E-02  1.5130E-01  1.3810E-04  4.5033E-04
  2.9175E-02  1.5337E-01  1.4102E-04  4.5985E-04
  2.9379E-02  1.5546E-01  1.4400E-04  4.6956E-04
  2.9585E-02  1.5758E-01  1.4704E-04  4.7948E-04
  2.9792E-02  1.5971E-01  1.5015E-04  4.8961E-04
  3.0000E-02  1.6187E-01  1.5332E-04  4.9996E-04
  3.0210E-02  1.6405E-01  1.5656E-04  5.1052E-04
  3.0422E-02  1.6625E-01  1.5987E-04  5.2130E-04
  3.0635E-02  1.6847E-01  1.6325E-04  5.3232E-04
  3.0849E-02  1.7071E-01  1.6669E-04  5.4356E-04
  3.1065E-02  1.7298E-01  1.7022E-04  5.5504E-04
  3.1283E-02  1.7526E-01  1.7381E-04  5.6676E-04
  3.1502E-02  1.7757E-01  1.7748E-04  5.7873E-04
  3.1722E-02  1.7990E-01  1.8123E-04  5.9096E-04
  3.1944E-02  1.8226E-01  1.8506E-04  6.0344E-04
  3.2168E-02  1.8463E-01  1.8897E-04  6.1618E-04
  3.2393E-02  1.8703E-01  1.9296E-04  6.2919E-04
  3.2620E-02  1.8944E-01  1.9704E-04  6.4248E-04
  3.2848E-02  1.9188E-01  2.0120E-04  6.5604E-04
  3.3078E-02  1.9434E-01  2.0545E-04  6.6990E-04
  3.3310E-02  1.9682E-01  2.0979E-04  6.8404E-04
  3.3543E-02  1.9933E-01  2.1422E-04  6.9848E-04
  3.3778E-02  2.0185E-01  2.1874E-04  7.1323E-04
  3.4014E-02  2.0440E-01  2.2336E-04  7.2829E-04
  3.4252E-02  2.0697E-01  2.2808E-04  7.4366E-04
  3.4492E-02  2.0956E-01  2.3290E-04  7.5936E-04
  3.4733E-02  2.1217E-01  2.3781E-04  7.7539E-04
  3.4977E-02  2.1480E-01  2.4284E-04  7.9176E-04
  3.5221E-02  2.1745E-01  2.4796E-04  8.0847E-04
  3.5468E-02  2.2012E-01  2.5320E-04  8.2553E-04
  3.5716E-02  2.2281E-01  2.5854E-04  8.4296E-04
  3.5966E-02  2.2553E-01  2.6400E-04  8.6075E-04
  3.6218E-02  2.2826E-01  2.6958E-04  8.7891E-04
  3.6471E-02  2.3101E-01  2.7527E-04  8.9746E-04
  3.6727E-02  2.3378E-01  2.8108E-04  9.1640E-04
  3.6984E-02  2.3658E-01  2.8701E-04  9.3574E-04
  3.7242E-02  2.3939E-01  2.9307E-04  9.5548E-04
  3.7503E-02  2.4222E-01  2.9926E-04  9.7564E-04
  3.7766E-02  2.4507E-01  3.0557E-04  9.9623E-04
  3.8030E-02  2.4794E-01  3.1202E-04  1.0172E-03
  3.8296E-02  2.5083E-01  3.1861E-04  1.0387E-03
  3.8564E-02  2.5373E-01  3.2533E-04  1.0606E-03
  3.8834E-02  2.5666E-01  3.3220E-04  1.0830E-03
  3.9106E-02  2.5960E-01  3.3921E-04  1.1058E-03
  3.9379E-02  2.6256E-01  3.4637E-04  1.1292E-03
  3.9655E-02  2.6553E-01  3.5368E-04  1.1530E-03
  3.9932E-02  2.6853E-01  3.6114E-04  1.1773E-03
  4.0212E-02  2.7154E-01  3.6876E-04  1.2021E-03
  4.0493E-02  2.7456E-01  3.7654E-04  1.2275E-03
  4.0776E-02  2.7760E-01  3.8448E-04  1.2534E-03
  4.1062E-02  2.8066E-01  3.9259E-04  1.2798E-03
  4.1349E-02  2.8373E-01  4.0088E-04  1.3068E-03
  4.1638E-02  2.8682E-01  4.0933E-04  1.3343E-03
  4.1930E-02  2.8991E-01  4.1797E-04  1.3625E-03
  4.2223E-02  2.9303E-01  4.2678E-04  1.3912E-03
  4.2518E-02  2.9615E-01  4.3579E-04  1.4205E-03
  4.2816E-02  2.9929E-01  4.4498E-04  1.4505E-03
  4.3116E-02  3.0245E-01  4.5436E-04  1.4811E-03
  4.3417E-02  3.0561E-01  4.6395E-04  1.5123E-03
  4.3721E-02  3.0878E-01  4.7373E-04  1.5442E-03
  4.4027E-02  3.1197E-01  4.8372E-04  1.5767E-03
  4.4335E-02  3.1516E-01  4.9392E-04  1.6099E-03
  4.4645E-02  3.1837E-01  5.0434E-04  1.6439E-03
  4.4957E-02  3.2158E-01  5.1497E-04  1.6785E-03
  4.5272E-02  3.2480E-01  5.2583E-04  1.7139E-03
  4.5589E-02  3.2803E-01  5.3692E-04  1.7500E-03
  4.5908E-02  3.3127E-01  5.4824E-04  1.7869E-03
  4.6229E-02  3.3451E-01  5.5979E-04  1.8245E-03
  4.6552E-02  3.3776E-01  5.7160E-04  1.8630E-03
  4.6878E-02  3.4102E-01  5.8365E-04  1.9022E-03
  4.7206E-02  3.4428E-01  5.9595E-04  1.9423E-03
  4.7536E-02  3.4754E-01  6.0851E-04  1.9832E-03
  4.7868E-02  3.5080E-01  6.2134E-04  2.0250E-03
  4.8203E-02  3.5407E-01  6.3443E-04  2.0676E-03
  4.8540E-02  3.5734E-01  6.4780E-04  2.1112E-03
  4.8880E-02  3.6061E-01  6.6145E-04  2.1556E-03
  4.9222E-02  3.6388E-01  6.7539E-04  2.2010E-03
  4.9566E-02  3.6715E-01  6.8962E-04  2.2474E-03
  4.9913E-02  3.7041E-01  7.0416E-04  2.2947E-03
  5.0262E-02  3.7368E-01  7.1899E-04  2.3430E-03
  5.0614E-02  3.7694E-01  7.3414E-04  2.3924E-03
  5.0968E-02  3.8019E-01  7.4961E-04  2.4427E-03
  5.1324E-02  3.8344E-01  7.6540E-04  2.4942E-03
  5.1683E-02  3.8669E-01  7.8152E-04  2.5467E-03
  5.2045E-02  3.8992E-01  7.9798E-04  2.6003E-03
  5.2409E-02  3.9315E-01  8.1479E-04  2.6550E-03
  5.2775E-02  3.9637E-01  8.3195E-04  2.7109E-03
  5.3144E-02  3.9957E-01  8.4948E-04  2.7679E-03
  5.3516E-02  4.0277E-01  8.6737E-04  2.8262E-03
  5.3890E-02  4.0595E-01  8.8563E-04  2.8856E-03
  5.4267E-02  4.0912E-01  9.0428E-04  2.9464E-03
  5.4647E-02  4.1228E-01  9.2332E-04  3.0083E-03
  5.5029E-02  4.1541E-01  9.4276E-04  3.0716E-03
  5.5414E-02  4.1853E-01  9.6261E-04  3.1363E-03
  5.5801E-02  4.2164E-01  9.8288E-04  3.2022E-03
  5.6192E-02  4.2472E-01  1.0036E-03  3.2696E-03
  5.6585E-02  4.2778E-01  1.0247E-03  3.3383E-03
  5.6980E-02  4.3082E-01  1.0463E-03  3.4086E-03
  5.7379E-02  4.3384E-01  1.0683E-03  3.4802E-03
  5.7780E-02  4.3683E-01  1.0908E-03  3.5534E-03
  5.8184E-02  4.3980E-01  1.1137E-03  3.6281E-03
  5.8591E-02  4.4274E-01  1.1372E-03  3.7044E-03
  5.9001E-02  4.4565E-01  1.1611E-03  3.7823E-03
  5.9414E-02  4.4854E-01  1.1855E-03  3.8618E-03
  5.9829E-02  4.5139E-01  1.2105E-03  3.9430E-03
  6.0247E-02  4.5420E-01  1.2359E-03  4.0258E-03
  6.0669E-02  4.5699E-01  1.2619E-03  4.1104E-03
  6.1093E-02  4.5974E-01  1.2885E-03  4.1968E-03
  6.1520E-02  4.6245E-01  1.3156E-03  4.2850E-03
  6.1950E-02  4.6512E-01  1.3432E-03  4.3750E-03
  6.2384E-02  4.6775E-01  1.3715E-03  4.4669E-03
  6.2820E-02  4.7035E-01  1.4003E-03  4.5608E-03
  6.3259E-02  4.7290E-01  1.4298E-03  4.6566E-03
  6.3702E-02  4.7540E-01  1.4598E-03  4.7544E-03
  6.4147E-02  4.7786E-01  1.4905E-03  4.8542E-03
  6.4596E-02  4.8027E-01  1.5219E-03  4.9562E-03
  6.5047E-02  4.8263E-01  1.5539E-03  5.0602E-03
  6.5502E-02  4.8494E-01  1.5865E-03  5.1665E-03
  6.5960E-02  4.8720E-01  1.6199E-03  5.2749E-03
  6.6421E-02  4.8941E-01  1.6539E-03  5.3857E-03
  6.6886E-02  4.9156E-01  1.6887E-03  5.4987E-03
  6.7353E-02  4.9365E-01  1.7241E-03  5.6141E-03
  6.7824E-02  4.9568E-01  1.7604E-03  5.7319E-03
  6.8299E-02  4.9766E-01  1.7974E-03  5.8522E-03
  6.8776E-02  4.9956E-01  1.8351E-03  5.9750E-03
  6.9257E-02  5.0141E-01  1.8737E-03  6.1004E-03
  6.9741E-02  5.0319E-01  1.9130E-03  6.2283E-03
  7.0229E-02  5.0490E-01  1.9532E-03  6.3590E-03
  7.0720E-02  5.0655E-01  1.9942E-03  6.4923E-03
  7.1214E-02  5.0812E-01  2.0361E-03  6.6285E-03
  7.1712E-02  5.0962E-01  2.0788E-03  6.7675E-03
  7.2214E-02  5.1104E-01  2.1225E-03  6.9093E-03
  7.2719E-02  5.1239E-01  2.1670E-03  7.0542E-03
  7.3227E-02  5.1366E-01  2.2125E-03  7.2020E-03
  7.3739E-02  5.1485E-01  2.2590E-03  7.3530E-03
  7.4255E-02  5.1595E-01  2.3064E-03  7.5071E-03
  7.4774E-02  5.1698E-01  2.3548E-03  7.6644E-03
  7.5297E-02  5.1792E-01  2.4042E-03  7.8250E-03
  7.5823E-02  5.1877E-01  2.4546E-03  7.9889E-03
  7.6353E-02  5.1953E-01  2.5061E-03  8.1562E-03
  7.6887E-02  5.2020E-01  2.5587E-03  8.3270E-03
  7.7424E-02  5.2078E-01  2.6124E-03  8.5014E-03
  7.7966E-02  5.2126E-01  2.6672E-03  8.6794E-03
  7.8511E-02  5.2164E-01  2.7231E-03  8.8611E-03
  7.9060E-02  5.2193E-01  2.7802E-03  9.0466E-03
  7.9612E-02  5.2212E-01  2.8385E-03  9.2360E-03
  8.0169E-02  5.2220E-01  2.8980E-03  9.4292E-03
  8.0729E-02  5.2219E-01  2.9587E-03  9.6265E-03
  8.1294E-02  5.2206E-01  3.0207E-03  9.8279E-03
  8.1862E-02  5.2183E-01  3.0840E-03  1.0034E-02
  8.2434E-02  5.2149E-01  3.1487E-03  1.0243E-02
  8.3011E-02  5.2104E-01  3.2146E-03  1.0458E-02
  8.3591E-02  5.2047E-01  3.2820E-03  1.0676E-02
  8.4175E-02  5.1979E-01  3.3507E-03  1.0899E-02
  8.4764E-02  5.1900E-01  3.4209E-03  1.1127E-02
  8.5356E-02  5.1808E-01  3.4925E-03  1.1360E-02
  8.5953E-02  5.1705E-01  3.5656E-03  1.1597E-02
  8.6554E-02  5.1589E-01  3.6403E-03  1.1840E-02
  8.7159E-02  5.1461E-01  3.7165E-03  1.2087E-02
  8.7768E-02  5.1321E-01  3.7943E-03  1.2339E-02
  8.8382E-02  5.1168E-01  3.8737E-03  1.2597E-02
  8.9000E-02  5.1002E-01  3.9547E-03  1.2860E-02
  8.9622E-02  5.0823E-01  4.0375E-03  1.3129E-02
  9.0248E-02  5.0631E-01  4.1220E-03  1.3403E-02
  9.0879E-02  5.0426E-01  4.2082E-03  1.3682E-02
  9.1514E-02  5.0207E-01  4.2962E-03  1.3968E-02
  9.2154E-02  4.9975E-01  4.3860E-03  1.4259E-02
  9.2798E-02  4.9729E-01  4.4777E-03  1.4557E-02
  9.3447E-02  4.9469E-01  4.5713E-03  1.4860E-02
  9.4100E-02  4.9195E-01  4.6669E-03  1.5170E-02
  9.4758E-02  4.8907E-01  4.7644E-03  1.5486E-02
  9.5420E-02  4.8605E-01  4.8639E-03  1.5809E-02
  9.6087E-02  4.8288E-01  4.9655E-03  1.6139E-02
  9.6759E-02  4.7957E-01  5.0693E-03  1.6475E-02
  9.7435E-02  4.7611E-01  5.1751E-03  1.6818E-02
  9.8116E-02  4.7250E-01  5.2832E-03  1.7168E-02
  9.8802E-02  4.6874E-01  5.3935E-03  1.7526E-02
  9.9493E-02  4.6483E-01  5.5061E-03  1.7891E-02
  1.0019E-01  4.6078E-01  5.6210E-03  1.8263E-02
  1.0089E-01  4.5657E-01  5.7383E-03  1.8643E-02
  1.0159E-01  4.5220E-01  5.8580E-03  1.9031E-02
  1.0230E-01  4.4769E-01  5.9802E-03  1.9427E-02
  1.0302E-01  4.4302E-01  6.1050E-03  1.9831E-02
  1.0374E-01  4.3819E-01  6.2323E-03  2.0243E-02
  1.0446E-01  4.3321E-01  6.3622E-03  2.0664E-02
  1.0519E-01  4.2807E-01  6.4948E-03  2.1094E-02
  1.0593E-01  4.2278E-01  6.6302E-03  2.1532E-02
  1.0667E-01  4.1732E-01  6.7683E-03  2.1979E-02
  1.0742E-01  4.1171E-01  6.9093E-03  2.2436E-02
  1.0817E-01  4.0594E-01  7.0533E-03  2.2902E-02
  1.0892E-01  4.0001E-01  7.2001E-03  2.3377E-02
  1.0968E-01  3.9393E-01  7.3501E-03  2.3862E-02
  1.1045E-01  3.8768E-01  7.5031E-03  2.4357E-02
  1.1122E-01  3.8128E-01  7.6592E-03  2.4863E-02
  1.1200E-01  3.7471E-01  7.8186E-03  2.5378E-02
  1.1278E-01  3.6799E-01  7.9812E-03  2.5904E-02
  1.1357E-01  3.6111E-01  8.1473E-03  2.6441E-02
  1.1436E-01  3.5406E-01  8.3167E-03  2.6989E-02
  1.1516E-01  3.4686E-01  8.4896E-03  2.7548E-02
  1.1597E-01  3.3951E-01  8.6660E-03  2.8119E-02
  1.1678E-01  3.3199E-01  8.8461E-03  2.8701E-02
  1.1760E-01  3.2432E-01  9.0299E-03  2.9295E-02
  1.1842E-01  3.1649E-01  9.2175E-03  2.9901E-02
  1.1924E-01  3.0851E-01  9.4089E-03  3.0520E-02
  1.2008E-01  3.0037E-01  9.6042E-03  3.1151E-02
  1.2092E-01  2.9207E-01  9.8036E-03  3.1795E-02
  1.2176E-01  2.8363E-01  1.0007E-02  3.2452E-02
  1.2261E-01  2.7503E-01  1.0215E-02  3.3123E-02
  1.2347E-01  2.6628E-01  1.0426E-02  3.3807E-02
  1.2433E-01  2.5739E-01  1.0643E-02  3.4505E-02
  1.2520E-01  2.4834E-01  1.0863E-02  3.5217E-02
  1.2608E-01  2.3915E-01  1.1088E-02  3.5944E-02
  1.2696E-01  2.2981E-01  1.1318E-02  3.6685E-02
  1.2785E-01  2.2033E-01  1.1553E-02  3.7442E-02
  1.2874E-01  2.1071E-01  1.1792E-02  3.8214E-02
  1.2964E-01  2.0095E-01  1.2036E-02  3.9001E-02
  1.3054E-01  1.9106E-01  1.2285E-02  3.9805E-02
  1.3146E-01  1.8102E-01  1.2539E-02  4.0625E-02
  1.3238E-01  1.7086E-01  1.2799E-02  4.1461E-02
  1.3330E-01  1.6056E-01  1.3063E-02  4.2314E-02
  1.3423E-01  1.5014E-01  1.3333E-02  4.3185E-02
  1.3517E-01  1.3959E-01  1.3609E-02  4.4073E-02
  1.3612E-01  1.2891E-01  1.3890E-02  4.4978E-02
  1.3707E-01  1.1812E-01  1.4177E-02  4.5903E-02
  1.3802E-01  1.0721E-01  1.4470E-02  4.6846E-02
  1.3899E-01  9.6179E-02  1.4768E-02  4.7807E-02
  1.3996E-01  8.5041E-02  1.5073E-02  4.8789E-02
  1.4094E-01  7.3795E-02  1.5384E-02  4.9789E-02
  1.4192E-01  6.2443E-02  1.5701E-02  5.0810E-02
  1.4291E-01  5.0990E-02  1.6025E-02  5.1852E-02
  1.4391E-01  3.9438E-02  1.6355E-02  5.2914E-02
  1.4492E-01  2.7792E-02  1.6692E-02  5.3998E-02
  1.4593E-01  1.6055E-02  1.7035E-02  5.5104E-02
  1.4695E-01  4.2311E-03  1.7386E-02  5.6231E-02
  1.4798E-01 -7.6760E-03  1.7744E-02  5.7381E-02
  1.4901E-01 -1.9662E-02  1.8109E-02  5.8554E-02
  1.5005E-01 -3.1723E-02  1.8481E-02  5.9751E-02
  1.5110E-01 -4.3855E-02  1.8861E-02  6.0971E-02
  1.5216E-01 -5.6053E-02  1.9248E-02  6.2216E-02
  1.5322E-01 -6.8314E-02  1.9644E-02  6.3486E-02
  1.5429E-01 -8.0631E-02  2.0047E-02  6.4781E-02
  1.5537E-01 -9.3001E-02  2.0458E-02  6.6101E-02
  1.5646E-01 -1.0542E-01  2.0878E-02  6.7448E-02
  1.5755E-01 -1.1788E-01  2.1306E-02  6.8822E-02
  1.5865E-01 -1.3038E-01  2.1742E-02  7.0222E-02
  1.5976E-01 -1.4291E-01  2.2188E-02  7.1651E-02
  1.6088E-01 -1.5547E-01  2.2642E-02  7.3108E-02
  1.6200E-01 -1.6805E-01  2.3106E-02  7.4594E-02
  1.6313E-01 -1.8065E-01  2.3578E-02  7.6109E-02
  1.6427E-01 -1.9326E-01  2.4061E-02  7.7654E-02
  1.6542E-01 -2.0588E-01  2.4552E-02  7.9229E-02
  1.6658E-01 -2.1850E-01  2.5054E-02  8.0836E-02
  1.6774E-01 -2.3111E-01  2.5566E-02  8.2474E-02
  1.6891E-01 -2.4372E-01  2.6087E-02  8.4144E-02
  1.7009E-01 -2.5630E-01  2.6620E-02  8.5847E-02
  1.7128E-01 -2.6887E-01  2.7162E-02  8.7584E-02
  1.7248E-01 -2.8140E-01  2.7716E-02  8.9354E-02
  1.7368E-01 -2.9390E-01  2.8281E-02  9.1159E-02
  1.7490E-01 -3.0636E-01  2.8856E-02  9.3000E-02
  1.7612E-01 -3.1877E-01  2.9444E-02  9.4877E-02
  1.7735E-01 -3.3113E-01  3.0043E-02  9.6790E-02
  1.7859E-01 -3.4343E-01  3.0653E-02  9.8740E-02
  1.7984E-01 -3.5567E-01  3.1276E-02  1.0073E-01
  1.8109E-01 -3.6783E-01  3.1911E-02  1.0276E-01
  1.8236E-01 -3.7991E-01  3.2559E-02  1.0482E-01
  1.8363E-01 -3.9191E-01  3.3219E-02  1.0693E-01
  1.8492E-01 -4.0382E-01  3.3892E-02  1.0908E-01
  1.8621E-01 -4.1562E-01  3.4579E-02  1.1126E-01
  1.8751E-01 -4.2733E-01  3.5279E-02  1.1350E-01
  1.8882E-01 -4.3892E-01  3.5993E-02  1.1577E-01
  1.9014E-01 -4.5039E-01  3.6721E-02  1.1809E-01
  1.9147E-01 -4.6174E-01  3.7463E-02  1.2045E-01
  1.9280E-01 -4.7295E-01  3.8220E-02  1.2286E-01
  1.9415E-01 -4.8403E-01  3.8991E-02  1.2531E-01
  1.9551E-01 -4.9496E-01  3.9778E-02  1.2781E-01
  1.9687E-01 -5.0573E-01  4.0580E-02  1.3036E-01
  1.9825E-01 -5.1635E-01  4.1397E-02  1.3296E-01
  1.9964E-01 -5.2680E-01  4.2230E-02  1.3561E-01
  2.0103E-01 -5.3708E-01  4.3080E-02  1.3831E-01
  2.0244E-01 -5.4718E-01  4.3946E-02  1.4105E-01
  2.0385E-01 -5.5710E-01  4.4829E-02  1.4386E-01
  2.0527E-01 -5.6682E-01  4.5729E-02  1.4671E-01
  2.0671E-01 -5.7633E-01  4.6646E-02  1.4962E-01
  2.0815E-01 -5.8565E-01  4.7581E-02  1.5258E-01
  2.0961E-01 -5.9475E-01  4.8534E-02  1.5560E-01
  2.1107E-01 -6.0362E-01  4.9505E-02  1.5868E-01
  2.1255E-01 -6.1228E-01  5.0495E-02  1.6181E-01
  2.1403E-01 -6.2069E-01  5.1505E-02  1.6500E-01
  2.1553E-01 -6.2887E-01  5.2533E-02  1.6825E-01
  2.1703E-01 -6.3680E-01  5.3581E-02  1.7157E-01
  2.1855E-01 -6.4448E-01  5.4649E-02  1.7494E-01
  2.2008E-01 -6.5190E-01  5.5738E-02  1.7838E-01
  2.2161E-01 -6.5905E-01  5.6847E-02  1.8188E-01
  2.2316E-01 -6.6594E-01  5.7977E-02  1.8545E-01
  2.2472E-01 -6.7254E-01  5.9129E-02  1.8908E-01
  2.2629E-01 -6.7886E-01  6.0303E-02  1.9278E-01
  2.2787E-01 -6.8489E-01  6.1499E-02  1.9655E-01
  2.2946E-01 -6.9062E-01  6.2717E-02  2.0039E-01
  2.3107E-01 -6.9606E-01  6.3959E-02  2.0429E-01
  2.3268E-01 -7.0118E-01  6.5224E-02  2.0827E-01
  2.3431E-01 -7.0599E-01  6.6512E-02  2.1232E-01
  2.3595E-01 -7.1049E-01  6.7825E-02  2.1645E-01
  2.3759E-01 -7.1466E-01  6.9163E-02  2.2065E-01
  2.3925E-01 -7.1850E-01  7.0525E-02  2.2493E-01
  2.4093E-01 -7.2201E-01  7.1913E-02  2.2928E-01
  2.4261E-01 -7.2518E-01  7.3327E-02  2.3372E-01
  2.4430E-01 -7.2801E-01  7.4767E-02  2.3823E-01
  2.4601E-01 -7.3049E-01  7.6234E-02  2.4282E-01
  2.4773E-01 -7.3262E-01  7.7727E-02  2.4750E-01
  2.4946E-01 -7.3439E-01  7.9249E-02  2.5226E-01
  2.5120E-01 -7.3581E-01  8.0799E-02  2.5710E-01
  2.5296E-01 -7.3685E-01  8.2377E-02  2.6204E-01
  2.5473E-01 -7.3753E-01  8.3984E-02  2.6705E-01
  2.5651E-01 -7.3784E-01  8.5620E-02  2.7216E-01
  2.5830E-01 -7.3777E-01  8.7287E-02  2.7736E-01
  2.6010E-01 -7.3733E-01  8.8984E-02  2.8265E-01
  2.6192E-01 -7.3650E-01  9.0712E-02  2.8803E-01
  2.6375E-01 -7.3529E-01  9.2471E-02  2.9350E-01
  2.6559E-01 -7.3369E-01  9.4262E-02  2.9908E-01
  2.6745E-01 -7.3170E-01  9.6085E-02  3.0474E-01
  2.6932E-01 -7.2932E-01  9.7941E-02  3.1051E-01
  2.7120E-01 -7.2655E-01  9.9831E-02  3.1637E-01
  2.7309E-01 -7.2338E-01  1.0175E-01  3.2234E-01
  2.7500E-01 -7.1982E-01  1.0371E-01  3.2841E-01
  2.7692E-01 -7.1585E-01  1.0571E-01  3.3458E-01
  2.7886E-01 -7.1149E-01  1.0773E-01  3.4086E-01
  2.8080E-01 -7.0672E-01  1.0980E-01  3.4724E-01
  2.8277E-01 -7.0156E-01  1.1190E-01  3.5373E-01
  2.8474E-01 -6.9599E-01  1.1404E-01  3.6033E-01
  2.8673E-01 -6.9002E-01  1.1621E-01  3.6704E-01
  2.8873E-01 -6.8365E-01  1.1843E-01  3.7387E-01
  2.9075E-01 -6.7688E-01  1.2068E-01  3.8080E-01
  2.9278E-01 -6.6970E-01  1.2297E-01  3.8786E-01
  2.9483E-01 -6.6212E-01  1.2530E-01  3.9502E-01
  2.9689E-01 -6.5415E-01  1.2767E-01  4.0231E-01
  2.9896E-01 -6.4577E-01  1.3009E-01  4.0972E-01
  3.0105E-01 -6.3699E-01  1.3254E-01  4.1724E-01
  3.0315E-01 -6.2782E-01  1.3504E-01  4.2489E-01
  3.0527E-01 -6.1826E-01  1.3757E-01  4.3266E-01
  3.0741E-01 -6.0830E-01  1.4016E-01  4.4056E-01
  3.0955E-01 -5.9796E-01  1.4278E-01  4.4858E-01
  3.1172E-01 -5.8722E-01  1.4545E-01  4.5673E-01
  3.1389E-01 -5.7610E-01  1.4817E-01  4.6501E-01
  3.1609E-01 -5.6460E-01  1.5093E-01  4.7342E-01
  3.1829E-01 -5.5272E-01  1.5374E-01  4.8196E-01
  3.2052E-01 -5.4047E-01  1.5659E-01  4.9064E-01
  3.2276E-01 -5.2785E-01  1.5949E-01  4.9944E-01
  3.2501E-01 -5.1485E-01  1.6244E-01  5.0839E-01
  3.2728E-01 -5.0150E-01  1.6544E-01  5.1747E-01
  3.2957E-01 -4.8779E-01  1.6848E-01  5.2669E-01
  3.3187E-01 -4.7372E-01  1.7158E-01  5.3605E-01
  3.3419E-01 -4.5931E-01  1.7473E-01  5.4555E-01
  3.3653E-01 -4.4455E-01  1.7792E-01  5.5520E-01
  3.3888E-01 -4.2945E-01  1.8117E-01  5.6498E-01
  3.4124E-01 -4.1402E-01  1.8447E-01  5.7491E-01
  3.4363E-01 -3.9827E-01  1.8782E-01  5.8499E-01
  3.4603E-01 -3.8219E-01  1.9123E-01  5.9522E-01
  3.4845E-01 -3.6580E-01  1.9469E-01  6.0559E-01
  3.5088E-01 -3.4910E-01  1.9820E-01  6.1611E-01
  3.5333E-01 -3.3210E-01  2.0177E-01  6.2678E-01
  3.5580E-01 -3.1481E-01  2.0540E-01  6.3760E-01
  3.5829E-01 -2.9723E-01  2.0908E-01  6.4857E-01
  3.6079E-01 -2.7937E-01  2.1281E-01  6.5970E-01
  3.6331E-01 -2.6124E-01  2.1660E-01  6.7098E-01
  3.6585E-01 -2.4284E-01  2.2045E-01  6.8241E-01
  3.6840E-01 -2.2419E-01  2.2436E-01  6.9400E-01
  3.7098E-01 -2.0529E-01  2.2833E-01  7.0575E-01
  3.7357E-01 -1.8615E-01  2.3236E-01  7.1765E-01
  3.7618E-01 -1.6678E-01  2.3644E-01  7.2971E-01
  3.7881E-01 -1.4718E-01  2.4059E-01  7.4193E-01
  3.8145E-01 -1.2737E-01  2.4479E-01  7.5430E-01
  3.8412E-01 -1.0736E-01  2.4906E-01  7.6684E-01
  3.8680E-01 -8.7151E-02  2.5338E-01  7.7953E-01
  3.8950E-01 -6.6756E-02  2.5777E-01  7.9238E-01
  3.9222E-01 -4.6184E-02  2.6222E-01  8.0539E-01
  3.9496E-01 -2.5444E-02  2.6674E-01  8.1857E-01
  3.9772E-01 -4.5464E-03  2.7131E-01  8.3190E-01
  4.0050E-01  1.6499E-02  2.7595E-01  8.4539E-01
  4.0330E-01  3.7682E-02  2.8066E-01  8.5904E-01
  4.0612E-01  5.8994E-02  2.8542E-01  8.7284E-01
  4.0895E-01  8.0423E-02  2.9025E-01  8.8681E-01
  4.1181E-01  1.0196E-01  2.9515E-01  9.0094E-01
  4.1469E-01  1.2359E-01  3.0011E-01  9.1522E-01
  4.1758E-01  1.4531E-01  3.0513E-01  9.2966E-01
  4.2050E-01  1.6711E-01  3.1022E-01  9.4426E-01
  4.2344E-01  1.8897E-01  3.1538E-01  9.5901E-01
  4.2640E-01  2.1089E-01  3.2060E-01  9.7392E-01
  4.2938E-01  2.3285E-01  3.2588E-01  9.8898E-01
  4.3238E-01  2.5484E-01  3.3123E-01  1.0042E+00
  4.3540E-01  2.7686E-01  3.3665E-01  1.0196E+00
  4.3844E-01  2.9889E-01  3.4213E-01  1.0351E+00
  4.4150E-01  3.2092E-01  3.4768E-01  1.0507E+00
  4.4459E-01  3.4294E-01  3.5329E-01  1.0665E+00
  4.4769E-01  3.6494E-01  3.5897E-01  1.0825E+00
  4.5082E-01  3.8690E-01  3.6471E-01  1.0986E+00
  4.5397E-01  4.0883E-01  3.7052E-01  1.1148E+00
  4.5714E-01  4.3070E-01  3.7639E-01  1.1312E+00
  4.6033E-01  4.5251E-01  3.8233E-01  1.1477E+00
  4.6355E-01  4.7424E-01  3.8833E-01  1.1643E+00
  4.6679E-01  4.9588E-01  3.9439E-01  1.1811E+00
  4.7005E-01  5.1743E-01  4.0052E-01  1.1980E+00
  4.7333E-01  5.3887E-01  4.0671E-01  1.2150E+00
  4.7664E-01  5.6020E-01  4.1297E-01  1.2321E+00
  4.7997E-01  5.8139E-01  4.1928E-01  1.2493E+00
  4.8332E-01  6.0245E-01  4.2566E-01  1.2667E+00
  4.8670E-01  6.2336E-01  4.3210E-01  1.2842E+00
  4.9010E-01  6.4410E-01  4.3860E-01  1.3017E+00
  4.9352E-01  6.6468E-01  4.4515E-01  1.3194E+00
  4.9697E-01  6.8508E-01  4.5177E-01  1.3371E+00
  5.0044E-01  7.0529E-01  4.5844E-01  1.3550E+00
  5.0394E-01  7.2529E-01  4.6517E-01  1.3729E+00
  5.0746E-01  7.4509E-01  4.7195E-01  1.3909E+00
  5.1100E-01  7.6467E-01  4.7879E-01  1.4090E+00
  5.1457E-01  7.8402E-01  4.8568E-01  1.4271E+00
  5.1817E-01  8.0313E-01  4.9263E-01  1.4453E+00
  5.2179E-01  8.2199E-01  4.9962E-01  1.4636E+00
  5.2543E-01  8.4060E-01  5.0666E-01  1.4819E+00
  5.2910E-01  8.5893E-01  5.1375E-01  1.5002E+00
  5.3280E-01  8.7700E-01  5.2089E-01  1.5185E+00
  5.3652E-01  8.9478E-01  5.2807E-01  1.5369E+00
  5.4027E-01  9.1227E-01  5.3529E-01  1.5553E+00
  5.4404E-01  9.2946E-01  5.4255E-01  1.5737E+00
  5.4784E-01  9.4634E-01  5.4986E-01  1.5921E+00
  5.5167E-01  9.6291E-01  5.5720E-01  1.6105E+00
  5.5552E-01  9.7915E-01  5.6457E-01  1.6289E+00
  5.5940E-01  9.9506E-01  5.7198E-01  1.6472E+00
  5.6331E-01  1.0106E+00  5.7941E-01  1.6655E+00
  5.6725E-01  1.0259E+00  5.8688E-01  1.6838E+00
  5.7121E-01  1.0407E+00  5.9437E-01  1.7020E+00
  5.7520E-01  1.0552E+00  6.0188E-01  1.7201E+00
  5.7922E-01  1.0694E+00  6.0941E-01  1.7381E+00
  5.8326E-01  1.0832E+00  6.1696E-01  1.7561E+00
  5.8734E-01  1.0966E+00  6.2453E-01  1.7739E+00
  5.9144E-01  1.1096E+00  6.3211E-01  1.7917E+00
  5.9557E-01  1.1222E+00  6.3969E-01  1.8092E+00
  5.9973E-01  1.1345E+00  6.4728E-01  1.8267E+00
  6.0392E-01  1.1463E+00  6.5488E-01  1.8440E+00
  6.0814E-01  1.1578E+00  6.6247E-01  1.8611E+00
  6.1239E-01  1.1688E+00  6.7005E-01  1.8780E+00
  6.1667E-01  1.1795E+00  6.7763E-01  1.8948E+00
  6.2097E-01  1.1897E+00  6.8520E-01  1.9113E+00
  6.2531E-01  1.1995E+00  6.9275E-01  1.9276E+00
  6.2968E-01  1.2089E+00  7.0028E-01  1.9436E+00
  6.3408E-01  1.2178E+00  7.0779E-01  1.9594E+00
  6.3851E-01  1.2264E+00  7.1527E-01  1.9749E+00
  6.4297E-01  1.2345E+00  7.2271E-01  1.9901E+00
  6.4746E-01  1.2422E+00  7.3012E-01  2.0050E+00
  6.5198E-01  1.2494E+00  7.3749E-01  2.0196E+00
  6.5654E-01  1.2563E+00  7.4481E-01  2.0338E+00
  6.6112E-01  1.2626E+00  7.5208E-01  2.0477E+00
  6.6574E-01  1.2686E+00  7.5930E-01  2.0612E+00
  6.7039E-01  1.2741E+00  7.6645E-01  2.0743E+00
  6.7507E-01  1.2793E+00  7.7354E-01  2.0870E+00
  6.7979E-01  1.2839E+00  7.8056E-01  2.0992E+00
  6.8454E-01  1.2882E+00  7.8751E-01  2.1110E+00
  6.8932E-01  1.2920E+00  7.9437E-01  2.1223E+00
  6.9414E-01  1.2954E+00  8.0114E-01  2.1332E+00
  6.9899E-01  1.2983E+00  8.0783E-01  2.1435E+00
  7.0387E-01  1.3008E+00  8.1441E-01  2.1532E+00
  7.0878E-01  1.3029E+00  8.2090E-01  2.1625E+00
  7.1374E-01  1.3046E+00  8.2727E-01  2.1711E+00
  7.1872E-01  1.3059E+00  8.3353E-01  2.1791E+00
  7.2374E-01  1.3067E+00  8.3967E-01  2.1866E+00
  7.2880E-01  1.3072E+00  8.4568E-01  2.1934E+00
  7.3389E-01  1.3072E+00  8.5156E-01  2.1995E+00
  7.3902E-01  1.3068E+00  8.5729E-01  2.2049E+00
  7.4418E-01  1.3061E+00  8.6289E-01  2.2097E+00
  7.4938E-01  1.3049E+00  8.6833E-01  2.2137E+00
  7.5461E-01  1.3033E+00  8.7361E-01  2.2170E+00
  7.5988E-01  1.3013E+00  8.7873E-01  2.2195E+00
  7.6519E-01  1.2990E+00  8.8368E-01  2.2212E+00
  7.7053E-01  1.2963E+00  8.8846E-01  2.2221E+00
  7.7592E-01  1.2932E+00  8.9305E-01  2.2222E+00
  7.8134E-01  1.2897E+00  8.9745E-01  2.2215E+00
  7.8680E-01  1.2859E+00  9.0165E-01  2.2198E+00
  7.9229E-01  1.2817E+00  9.0565E-01  2.2173E+00
  7.9783E-01  1.2771E+00  9.0945E-01  2.2139E+00
  8.0340E-01  1.2723E+00  9.1303E-01  2.2095E+00
  8.0901E-01  1.2670E+00  9.1639E-01  2.2042E+00
  8.1466E-01  1.2615E+00  9.1952E-01  2.1980E+00
  8.2035E-01  1.2556E+00  9.2242E-01  2.1907E+00
  8.2608E-01  1.2494E+00  9.2508E-01  2.1825E+00
  8.3185E-01  1.2429E+00  9.2750E-01  2.1732E+00
  8.3766E-01  1.2361E+00  9.2966E-01  2.1629E+00
  8.4352E-01  1.2289E+00  9.3157E-01  2.1515E+00
  8.4941E-01  1.2215E+00  9.3322E-01  2.1391E+00
  8.5534E-01  1.2138E+00  9.3460E-01  2.1256E+00
  8.6132E-01  1.2059E+00  9.3571E-01  2.1110E+00
  8.6733E-01  1.1976E+00  9.3654E-01  2.0953E+00
  8.7339E-01  1.1891E+00  9.3709E-01  2.0785E+00
  8.7949E-01  1.1804E+00  9.3735E-01  2.0606E+00
  8.8564E-01  1.1714E+00  9.3733E-01  2.0415E+00
  8.9182E-01  1.1621E+00  9.3700E-01  2.0213E+00
  8.9805E-01  1.1526E+00  9.3638E-01  2.0000E+00
  9.0432E-01  1.1430E+00  9.3545E-01  1.9775E+00
  9.1064E-01  1.1330E+00  9.3422E-01  1.9539E+00
  9.1700E-01  1.1229E+00  9.3268E-01  1.9292E+00
  9.2341E-01  1.1126E+00  9.3083E-01  1.9033E+00
  9.2986E-01  1.1021E+00  9.2866E-01  1.8762E+00
  9.3635E-01  1.0914E+00  9.2617E-01  1.8481E+00
  9.4289E-01  1.0806E+00  9.2337E-01  1.8188E+00
  9.4948E-01  1.0696E+00  9.2025E-01  1.7884E+00
  9.5611E-01  1.0584E+00  9.1681E-01  1.7569E+00
  9.6279E-01  1.0470E+00  9.1305E-01  1.7243E+00
  9.6952E-01  1.0356E+00  9.0897E-01  1.6907E+00
  9.7629E-01  1.0240E+00  9.0456E-01  1.6560E+00
  9.8311E-01  1.0122E+00  8.9984E-01  1.6202E+00
  9.8998E-01  1.0004E+00  8.9480E-01  1.5835E+00
  9.9689E-01  9.8842E-01  8.8944E-01  1.5458E+00
  1.0039E+00  9.7635E-01  8.8377E-01  1.5072E+00
  1.0109E+00  9.6419E-01  8.7779E-01  1.4677E+00
  1.0179E+00  9.5194E-01  8.7150E-01  1.4273E+00
  1.0250E+00  9.3962E-01  8.6491E-01  1.3860E+00
  1.0322E+00  9.2722E-01  8.5801E-01  1.3440E+00
  1.0394E+00  9.1476E-01  8.5082E-01  1.3013E+00
  1.0467E+00  9.0224E-01  8.4335E-01  1.2579E+00
  1.0540E+00  8.8966E-01  8.3558E-01  1.2139E+00
  1.0613E+00  8.7705E-01  8.2755E-01  1.1693E+00
  1.0688E+00  8.6440E-01  8.1924E-01  1.1242E+00
  1.0762E+00  8.5172E-01  8.1067E-01  1.0786E+00
  1.0837E+00  8.3902E-01  8.0184E-01  1.0327E+00
  1.0913E+00  8.2630E-01  7.9278E-01  9.8646E-01
  1.0989E+00  8.1358E-01  7.8347E-01  9.4001E-01
  1.1066E+00  8.0085E-01  7.7394E-01  8.9342E-01
  1.1143E+00  7.8812E-01  7.6419E-01  8.4677E-01
  1.1221E+00  7.7541E-01  7.5424E-01  8.0015E-01
  1.1300E+00  7.6271E-01  7.4409E-01  7.5365E-01
  1.1379E+00  7.5003E-01  7.3376E-01  7.0735E-01
  1.1458E+00  7.3739E-01  7.2326E-01  6.6136E-01
  1.1538E+00  7.2477E-01  7.1260E-01  6.1578E-01
  1.1619E+00  7.1219E-01  7.0180E-01  5.7071E-01
  1.1700E+00  6.9966E-01  6.9086E-01  5.2624E-01
  1.1782E+00  6.8718E-01  6.7981E-01  4.8250E-01
  1.1864E+00  6.7476E-01  6.6865E-01  4.3959E-01
  1.1947E+00  6.6239E-01  6.5740E-01  3.9762E-01
  1.2030E+00  6.5009E-01  6.4607E-01  3.5671E-01
  1.2114E+00  6.3786E-01  6.3468E-01  3.1696E-01
  1.2199E+00  6.2570E-01  6.2325E-01  2.7850E-01
  1.2284E+00  6.1362E-01  6.1177E-01  2.4144E-01
  1.2370E+00  6.0163E-01  6.0028E-01  2.0590E-01
  1.2456E+00  5.8972E-01  5.8878E-01  1.7200E-01
  1.2543E+00  5.7790E-01  5.7729E-01  1.3985E-01
  1.2631E+00  5.6618E-01  5.6582E-01  1.0956E-01
  1.2719E+00  5.5455E-01  5.5439E-01  8.1243E-02
  1.2808E+00  5.4303E-01  5.4300E-01  5.5017E-02
  1.2897E+00  5.3161E-01  5.3167E-01  3.0986E-02
  1.2987E+00  5.2030E-01  5.2041E-01  9.2515E-03
  1.3078E+00  5.0911E-01  5.0924E-01 -1.0086E-02
  1.3170E+00  4.9802E-01  4.9816E-01 -2.6932E-02
  1.3262E+00  4.8706E-01  4.8718E-01 -4.1199E-02
  1.3354E+00  4.7622E-01  4.7632E-01 -5.2805E-02
  1.3447E+00  4.6549E-01  4.6557E-01 -6.1675E-02
  1.3541E+00  4.5490E-01  4.5495E-01 -6.7743E-02
  1.3636E+00  4.4443E-01  4.4446E-01 -7.0952E-02
  1.3731E+00  4.3409E-01  4.3410E-01 -7.1254E-02
  1.3827E+00  4.2388E-01  4.2388E-01 -6.8612E-02
  1.3924E+00  4.1380E-01  4.1380E-01 -6.3001E-02
  1.4021E+00  4.0386E-01  4.0386E-01 -5.5364E-02
  1.4119E+00  3.9406E-01  3.9406E-01 -5.2773E-02
  1.4218E+00  3.8439E-01  3.8439E-01 -5.1243E-02
  1.4317E+00  3.7487E-01  3.7487E-01 -4.9509E-02
  1.4417E+00  3.6548E-01  3.6548E-01 -4.7697E-02
  1.4518E+00  3.5624E-01  3.5624E-01 -4.5819E-02
  1.4619E+00  3.4714E-01  3.4714E-01 -4.3891E-02
  1.4721E+00  3.3818E-01  3.3818E-01 -4.1925E-02
  1.4824E+00  3.2936E-01  3.2936E-01 -3.9934E-02
  1.4927E+00  3.2069E-01  3.2069E-01 -3.7929E-02
  1.5032E+00  3.1217E-01  3.1217E-01 -3.5921E-02
  1.5137E+00  3.0379E-01  3.0379E-01 -3.3919E-02
  1.5242E+00  2.9556E-01  2.9556E-01 -3.1932E-02
  1.5349E+00  2.8747E-01  2.8747E-01 -2.9970E-02
  1.5456E+00  2.7953E-01  2.7953E-01 -2.8038E-02
  1.5564E+00  2.7173E-01  2.7173E-01 -2.6146E-02
  1.5673E+00  2.6408E-01  2.6408E-01 -2.4297E-02
  1.5782E+00  2.5657E-01  2.5657E-01 -2.2499E-02
  1.5893E+00  2.4921E-01  2.4921E-01 -2.0755E-02
  1.6004E+00  2.4200E-01  2.4200E-01 -1.9071E-02
  1.6115E+00  2.3493E-01  2.3493E-01 -1.7449E-02
  1.6228E+00  2.2800E-01  2.2800E-01 -1.5893E-02
  1.6341E+00  2.2122E-01  2.2122E-01 -1.4406E-02
  1.6455E+00  2.1457E-01  2.1457E-01 -1.2989E-02
  1.6570E+00  2.0807E-01  2.0807E-01 -1.1645E-02
  1.6686E+00  2.0171E-01  2.0171E-01 -1.0374E-02
  1.6803E+00  1.9549E-01  1.9549E-01 -9.1763E-03
  1.6920E+00  1.8941E-01  1.8941E-01 -8.0530E-03
  1.7038E+00  1.8346E-01  1.8346E-01 -7.0037E-03
  1.7157E+00  1.7765E-01  1.7765E-01 -6.0278E-03
  1.7277E+00  1.7197E-01  1.7197E-01 -5.1244E-03
  1.7398E+00  1.6643E-01  1.6643E-01 -4.2924E-03
  1.7519E+00  1.6102E-01  1.6102E-01 -3.5302E-03
  1.7642E+00  1.5574E-01  1.5574E-01 -2.8361E-03
  1.7765E+00  1.5059E-01  1.5059E-01 -2.2080E-03
  1.7889E+00  1.4557E-01  1.4557E-01 -1.6437E-03
  1.8014E+00  1.4067E-01  1.4067E-01 -1.1407E-03
  1.8140E+00  1.3590E-01  1.3590E-01 -6.9648E-04
  1.8266E+00  1.3125E-01  1.3125E-01 -3.0815E-04
  1.8394E+00  1.2673E-01  1.2673E-01  2.7199E-05
  1.8522E+00  1.2232E-01  1.2232E-01  3.1261E-04
  1.8652E+00  1.1803E-01  1.1803E-01  5.5122E-04
  1.8782E+00  1.1385E-01  1.1385E-01  7.4623E-04
  1.8913E+00  1.0980E-01  1.0980E-01  9.0091E-04
  1.9045E+00  1.0585E-01  1.0585E-01  1.0185E-03
  1.9178E+00  1.0201E-01  1.0201E-01  1.1024E-03
  1.9312E+00  9.8284E-02  9.8284E-02  1.1559E-03
  1.9447E+00  9.4664E-02  9.4664E-02  1.1821E-03
  1.9583E+00  9.1148E-02  9.1148E-02  1.1844E-03
  1.9720E+00  8.7736E-02  8.7736E-02  1.1658E-03
  1.9858E+00  8.4425E-02  8.4425E-02  1.1294E-03
  1.9996E+00  8.1214E-02  8.1214E-02  1.0783E-03
  2.0136E+00  7.8100E-02  7.8100E-02  1.0152E-03
  2.0277E+00  7.5081E-02  7.5081E-02  9.4277E-04
  2.0418E+00  7.2156E-02  7.2156E-02  8.6369E-04
  2.0561E+00  6.9323E-02  6.9323E-02  7.8030E-04
  2.0705E+00  6.6580E-02  6.6580E-02  6.9483E-04
  2.0849E+00  6.3924E-02  6.3924E-02  6.0931E-04
  2.0995E+00  6.1355E-02  6.1355E-02  5.2555E-04
  2.1141E+00  5.8869E-02  5.8869E-02  4.4518E-04
  2.1289E+00  5.6466E-02  5.6466E-02  3.6957E-04
  2.1438E+00  5.4143E-02  5.4143E-02  2.9989E-04
  2.1588E+00  5.1898E-02  5.1898E-02  2.3703E-04
  2.1738E+00  4.9729E-02  4.9729E-02  1.8168E-04
  2.1890E+00  4.7636E-02  4.7636E-02  1.3424E-04
  2.2043E+00  4.5615E-02  4.5615E-02  9.4872E-05
  2.2197E+00  4.3665E-02  4.3665E-02  6.3463E-05
  2.2352E+00  4.1784E-02  4.1784E-02  3.9650E-05
  2.2508E+00  3.9970E-02  3.9970E-02  2.2804E-05
  2.2665E+00  3.8222E-02  3.8222E-02  1.2036E-05
  2.2824E+00  3.6538E-02  3.6538E-02  6.1971E-06
  2.2983E+00  3.4916E-02  3.4916E-02  3.8862E-06
  2.3144E+00  3.3354E-02  3.3354E-02  0.0000E+00
  2.3305E+00  3.1851E-02  3.1851E-02  0.0000E+00
  2.3468E+00  3.0405E-02  3.0405E-02  0.0000E+00
  2.3632E+00  2.9014E-02  2.9014E-02  0.0000E+00
  2.3797E+00  2.7677E-02  2.7677E-02  0.0000E+00
  2.3963E+00  2.6392E-02  2.6392E-02  0.0000E+00
  2.4131E+00  2.5158E-02  2.5158E-02  0.0000E+00
  2.4299E+00  2.3973E-02  2.3973E-02  0.0000E+00
  2.4469E+00  2.2835E-02  2.2835E-02  0.0000E+00
  2.4640E+00  2.1743E-02  2.1743E-02  0.0000E+00
  2.4812E+00  2.0696E-02  2.0696E-02  0.0000E+00
  2.4985E+00  1.9692E-02  1.9692E-02  0.0000E+00
  2.5160E+00  1.8730E-02  1.8730E-02  0.0000E+00
  2.5336E+00  1.7808E-02  1.7808E-02  0.0000E+00
  2.5513E+00  1.6925E-02  1.6925E-02  0.0000E+00
  2.5691E+00  1.6079E-02  1.6079E-02  0.0000E+00
  2.5870E+00  1.5271E-02  1.5271E-02  0.0000E+00
  2.6051E+00  1.4497E-02  1.4497E-02  0.0000E+00
  2.6233E+00  1.3757E-02  1.3757E-02  0.0000E+00
  2.6416E+00  1.3050E-02  1.3050E-02  0.0000E+00
  2.6601E+00  1.2374E-02  1.2374E-02  0.0000E+00
  2.6786E+00  1.1729E-02  1.1729E-02  0.0000E+00
  2.6974E+00  1.1113E-02  1.1113E-02  0.0000E+00
  2.7162E+00  1.0525E-02  1.0525E-02  0.0000E+00
  2.7352E+00  9.9643E-03  9.9643E-03  0.0000E+00
  2.7543E+00  9.4296E-03  9.4296E-03  0.0000E+00
  2.7735E+00  8.9201E-03  8.9201E-03  0.0000E+00
  2.7929E+00  8.4347E-03  8.4347E-03  0.0000E+00
  2.8124E+00  7.9724E-03  7.9724E-03  0.0000E+00
  2.8320E+00  7.5324E-03  7.5324E-03  0.0000E+00
  2.8518E+00  7.1137E-03  7.1137E-03  0.0000E+00
  2.8717E+00  6.7155E-03  6.7155E-03  0.0000E+00
  2.8918E+00  6.3369E-03  6.3369E-03  0.0000E+00
  2.9120E+00  5.9772E-03  5.9772E-03  0.0000E+00
  2.9323E+00  5.6355E-03  5.6355E-03  0.0000E+00
  2.9528E+00  5.3111E-03  5.3111E-03  0.0000E+00
  2.9734E+00  5.0032E-03  5.0032E-03  0.0000E+00
  2.9942E+00  4.7111E-03  4.7111E-03  0.0000E+00
  3.0151E+00  4.4342E-03  4.4342E-03  0.0000E+00
  3.0362E+00  4.1717E-03  4.1717E-03  0.0000E+00
  3.0574E+00  3.9231E-03  3.9231E-03  0.0000E+00
  3.0788E+00  3.6876E-03  3.6876E-03  0.0000E+00
  3.1003E+00  3.4647E-03  3.4647E-03  0.0000E+00
  3.1219E+00  3.2539E-03  3.2539E-03  0.0000E+00
  3.1437E+00  3.0545E-03  3.0545E-03  0.0000E+00
  3.1657E+00  2.8660E-03  2.8660E-03  0.0000E+00
  3.1878E+00  2.6880E-03  2.6880E-03  0.0000E+00
  3.2101E+00  2.5198E-03  2.5198E-03  0.0000E+00
  3.2325E+00  2.3611E-03  2.3611E-03  0.0000E+00
  3.2551E+00  2.2114E-03  2.2114E-03  0.0000E+00
  3.2778E+00  2.0702E-03  2.0702E-03  0.0000E+00
