 # l=           1 basis function with energy     3.00000000000000     
  0.0000E+00  0.0000E+00  0.0000E+00  0.0000E+00
  5.5145E-07 -1.2961E-08 -4.9523E-13 -9.5374E-13
  1.1067E-06 -3.9826E-08 -1.9947E-12 -3.8408E-12
  1.6658E-06 -7.6979E-08 -4.5193E-12 -8.7015E-12
  2.2289E-06 -1.2307E-07 -8.0902E-12 -1.5580E-11
  2.7958E-06 -1.7733E-07 -1.2729E-11 -2.4512E-11
  3.3666E-06 -2.3924E-07 -1.8458E-11 -3.5543E-11
  3.9414E-06 -3.0843E-07 -2.5299E-11 -4.8718E-11
  4.5202E-06 -3.8464E-07 -3.3275E-11 -6.4078E-11
  5.1030E-06 -4.6767E-07 -4.2408E-11 -8.1665E-11
  5.6899E-06 -5.5735E-07 -5.2723E-11 -1.0153E-10
  6.2808E-06 -6.5356E-07 -6.4243E-11 -1.2371E-10
  6.8758E-06 -7.5620E-07 -7.6992E-11 -1.4826E-10
  7.4750E-06 -8.6520E-07 -9.0995E-11 -1.7523E-10
  8.0783E-06 -9.8050E-07 -1.0628E-10 -2.0465E-10
  8.6858E-06 -1.1020E-06 -1.2286E-10 -2.3659E-10
  9.2975E-06 -1.2298E-06 -1.4078E-10 -2.7109E-10
  9.9135E-06 -1.3637E-06 -1.6005E-10 -3.0820E-10
  1.0534E-05 -1.5039E-06 -1.8070E-10 -3.4797E-10
  1.1158E-05 -1.6502E-06 -2.0276E-10 -3.9046E-10
  1.1787E-05 -1.8026E-06 -2.2626E-10 -4.3571E-10
  1.2420E-05 -1.9613E-06 -2.5123E-10 -4.8378E-10
  1.3058E-05 -2.1261E-06 -2.7768E-10 -5.3473E-10
  1.3700E-05 -2.2971E-06 -3.0566E-10 -5.8860E-10
  1.4347E-05 -2.4743E-06 -3.3519E-10 -6.4547E-10
  1.4997E-05 -2.6578E-06 -3.6630E-10 -7.0537E-10
  1.5653E-05 -2.8475E-06 -3.9902E-10 -7.6838E-10
  1.6313E-05 -3.0435E-06 -4.3338E-10 -8.3455E-10
  1.6978E-05 -3.2459E-06 -4.6941E-10 -9.0394E-10
  1.7647E-05 -3.4546E-06 -5.0715E-10 -9.7661E-10
  1.8321E-05 -3.6697E-06 -5.4662E-10 -1.0526E-09
  1.8999E-05 -3.8913E-06 -5.8786E-10 -1.1320E-09
  1.9683E-05 -4.1193E-06 -6.3091E-10 -1.2149E-09
  2.0371E-05 -4.3539E-06 -6.7578E-10 -1.3013E-09
  2.1063E-05 -4.5950E-06 -7.2253E-10 -1.3914E-09
  2.1761E-05 -4.8428E-06 -7.7118E-10 -1.4851E-09
  2.2463E-05 -5.0973E-06 -8.2177E-10 -1.5825E-09
  2.3171E-05 -5.3585E-06 -8.7434E-10 -1.6837E-09
  2.3883E-05 -5.6265E-06 -9.2891E-10 -1.7888E-09
  2.4600E-05 -5.9013E-06 -9.8554E-10 -1.8978E-09
  2.5322E-05 -6.1831E-06 -1.0442E-09 -2.0109E-09
  2.6049E-05 -6.4718E-06 -1.1051E-09 -2.1280E-09
  2.6782E-05 -6.7676E-06 -1.1681E-09 -2.2493E-09
  2.7519E-05 -7.0704E-06 -1.2333E-09 -2.3749E-09
  2.8261E-05 -7.3804E-06 -1.3007E-09 -2.5048E-09
  2.9009E-05 -7.6977E-06 -1.3704E-09 -2.6390E-09
  2.9762E-05 -8.0222E-06 -1.4425E-09 -2.7778E-09
  3.0520E-05 -8.3542E-06 -1.5169E-09 -2.9210E-09
  3.1283E-05 -8.6935E-06 -1.5937E-09 -3.0690E-09
  3.2051E-05 -9.0404E-06 -1.6730E-09 -3.2216E-09
  3.2825E-05 -9.3949E-06 -1.7547E-09 -3.3790E-09
  3.3604E-05 -9.7571E-06 -1.8390E-09 -3.5414E-09
  3.4389E-05 -1.0127E-05 -1.9259E-09 -3.7087E-09
  3.5179E-05 -1.0505E-05 -2.0154E-09 -3.8810E-09
  3.5974E-05 -1.0890E-05 -2.1076E-09 -4.0585E-09
  3.6775E-05 -1.1284E-05 -2.2025E-09 -4.2413E-09
  3.7582E-05 -1.1686E-05 -2.3002E-09 -4.4294E-09
  3.8394E-05 -1.2096E-05 -2.4007E-09 -4.6229E-09
  3.9212E-05 -1.2514E-05 -2.5040E-09 -4.8220E-09
  4.0036E-05 -1.2940E-05 -2.6103E-09 -5.0266E-09
  4.0865E-05 -1.3375E-05 -2.7196E-09 -5.2370E-09
  4.1700E-05 -1.3818E-05 -2.8318E-09 -5.4532E-09
  4.2541E-05 -1.4270E-05 -2.9472E-09 -5.6753E-09
  4.3387E-05 -1.4731E-05 -3.0656E-09 -5.9035E-09
  4.4240E-05 -1.5201E-05 -3.1873E-09 -6.1377E-09
  4.5098E-05 -1.5679E-05 -3.3122E-09 -6.3782E-09
  4.5963E-05 -1.6166E-05 -3.4404E-09 -6.6251E-09
  4.6833E-05 -1.6663E-05 -3.5719E-09 -6.8783E-09
  4.7709E-05 -1.7168E-05 -3.7068E-09 -7.1382E-09
  4.8592E-05 -1.7683E-05 -3.8452E-09 -7.4047E-09
  4.9480E-05 -1.8208E-05 -3.9872E-09 -7.6780E-09
  5.0375E-05 -1.8742E-05 -4.1327E-09 -7.9582E-09
  5.1276E-05 -1.9285E-05 -4.2818E-09 -8.2454E-09
  5.2183E-05 -1.9838E-05 -4.4347E-09 -8.5398E-09
  5.3097E-05 -2.0401E-05 -4.5913E-09 -8.8414E-09
  5.4017E-05 -2.0974E-05 -4.7517E-09 -9.1504E-09
  5.4943E-05 -2.1557E-05 -4.9161E-09 -9.4669E-09
  5.5876E-05 -2.2150E-05 -5.0844E-09 -9.7910E-09
  5.6815E-05 -2.2754E-05 -5.2568E-09 -1.0123E-08
  5.7760E-05 -2.3368E-05 -5.4332E-09 -1.0463E-08
  5.8713E-05 -2.3992E-05 -5.6138E-09 -1.0810E-08
  5.9671E-05 -2.4627E-05 -5.7987E-09 -1.1166E-08
  6.0637E-05 -2.5273E-05 -5.9879E-09 -1.1531E-08
  6.1609E-05 -2.5930E-05 -6.1814E-09 -1.1903E-08
  6.2588E-05 -2.6597E-05 -6.3794E-09 -1.2285E-08
  6.3574E-05 -2.7276E-05 -6.5819E-09 -1.2675E-08
  6.4566E-05 -2.7966E-05 -6.7890E-09 -1.3074E-08
  6.5566E-05 -2.8668E-05 -7.0009E-09 -1.3481E-08
  6.6572E-05 -2.9381E-05 -7.2174E-09 -1.3898E-08
  6.7585E-05 -3.0106E-05 -7.4388E-09 -1.4325E-08
  6.8606E-05 -3.0842E-05 -7.6651E-09 -1.4761E-08
  6.9633E-05 -3.1590E-05 -7.8964E-09 -1.5206E-08
  7.0668E-05 -3.2351E-05 -8.1328E-09 -1.5661E-08
  7.1710E-05 -3.3124E-05 -8.3744E-09 -1.6126E-08
  7.2759E-05 -3.3909E-05 -8.6212E-09 -1.6602E-08
  7.3815E-05 -3.4706E-05 -8.8733E-09 -1.7087E-08
  7.4879E-05 -3.5516E-05 -9.1309E-09 -1.7583E-08
  7.5950E-05 -3.6339E-05 -9.3939E-09 -1.8090E-08
  7.7028E-05 -3.7175E-05 -9.6626E-09 -1.8607E-08
  7.8114E-05 -3.8024E-05 -9.9370E-09 -1.9135E-08
  7.9207E-05 -3.8887E-05 -1.0217E-08 -1.9675E-08
  8.0308E-05 -3.9762E-05 -1.0503E-08 -2.0226E-08
  8.1417E-05 -4.0651E-05 -1.0795E-08 -2.0788E-08
  8.2533E-05 -4.1554E-05 -1.1093E-08 -2.1362E-08
  8.3657E-05 -4.2471E-05 -1.1397E-08 -2.1948E-08
  8.4789E-05 -4.3402E-05 -1.1708E-08 -2.2546E-08
  8.5929E-05 -4.4347E-05 -1.2025E-08 -2.3156E-08
  8.7077E-05 -4.5307E-05 -1.2348E-08 -2.3779E-08
  8.8232E-05 -4.6280E-05 -1.2678E-08 -2.4414E-08
  8.9396E-05 -4.7269E-05 -1.3015E-08 -2.5062E-08
  9.0568E-05 -4.8273E-05 -1.3358E-08 -2.5723E-08
  9.1748E-05 -4.9291E-05 -1.3708E-08 -2.6398E-08
  9.2936E-05 -5.0325E-05 -1.4066E-08 -2.7086E-08
  9.4132E-05 -5.1374E-05 -1.4430E-08 -2.7788E-08
  9.5336E-05 -5.2439E-05 -1.4802E-08 -2.8504E-08
  9.6549E-05 -5.3520E-05 -1.5181E-08 -2.9234E-08
  9.7771E-05 -5.4616E-05 -1.5567E-08 -2.9978E-08
  9.9001E-05 -5.5729E-05 -1.5961E-08 -3.0737E-08
  1.0024E-04 -5.6858E-05 -1.6363E-08 -3.1510E-08
  1.0149E-04 -5.8004E-05 -1.6773E-08 -3.2299E-08
  1.0274E-04 -5.9166E-05 -1.7191E-08 -3.3103E-08
  1.0401E-04 -6.0345E-05 -1.7616E-08 -3.3923E-08
  1.0528E-04 -6.1541E-05 -1.8050E-08 -3.4759E-08
  1.0656E-04 -6.2755E-05 -1.8492E-08 -3.5610E-08
  1.0785E-04 -6.3986E-05 -1.8943E-08 -3.6478E-08
  1.0915E-04 -6.5235E-05 -1.9402E-08 -3.7363E-08
  1.1046E-04 -6.6502E-05 -1.9870E-08 -3.8264E-08
  1.1178E-04 -6.7787E-05 -2.0347E-08 -3.9183E-08
  1.1311E-04 -6.9090E-05 -2.0833E-08 -4.0119E-08
  1.1444E-04 -7.0412E-05 -2.1329E-08 -4.1072E-08
  1.1579E-04 -7.1753E-05 -2.1833E-08 -4.2044E-08
  1.1714E-04 -7.3113E-05 -2.2347E-08 -4.3033E-08
  1.1851E-04 -7.4492E-05 -2.2871E-08 -4.4041E-08
  1.1988E-04 -7.5890E-05 -2.3404E-08 -4.5068E-08
  1.2126E-04 -7.7308E-05 -2.3947E-08 -4.6114E-08
  1.2266E-04 -7.8746E-05 -2.4500E-08 -4.7180E-08
  1.2406E-04 -8.0205E-05 -2.5064E-08 -4.8265E-08
  1.2547E-04 -8.1683E-05 -2.5638E-08 -4.9370E-08
  1.2689E-04 -8.3182E-05 -2.6222E-08 -5.0495E-08
  1.2832E-04 -8.4703E-05 -2.6817E-08 -5.1642E-08
  1.2977E-04 -8.6244E-05 -2.7423E-08 -5.2808E-08
  1.3122E-04 -8.7807E-05 -2.8040E-08 -5.3997E-08
  1.3268E-04 -8.9391E-05 -2.8669E-08 -5.5207E-08
  1.3415E-04 -9.0997E-05 -2.9308E-08 -5.6438E-08
  1.3563E-04 -9.2625E-05 -2.9959E-08 -5.7692E-08
  1.3713E-04 -9.4276E-05 -3.0622E-08 -5.8969E-08
  1.3863E-04 -9.5949E-05 -3.1297E-08 -6.0269E-08
  1.4014E-04 -9.7646E-05 -3.1984E-08 -6.1592E-08
  1.4167E-04 -9.9365E-05 -3.2684E-08 -6.2939E-08
  1.4320E-04 -1.0111E-04 -3.3396E-08 -6.4309E-08
  1.4475E-04 -1.0288E-04 -3.4120E-08 -6.5704E-08
  1.4630E-04 -1.0467E-04 -3.4858E-08 -6.7124E-08
  1.4787E-04 -1.0648E-04 -3.5608E-08 -6.8570E-08
  1.4945E-04 -1.0832E-04 -3.6372E-08 -7.0040E-08
  1.5103E-04 -1.1019E-04 -3.7149E-08 -7.1537E-08
  1.5263E-04 -1.1207E-04 -3.7940E-08 -7.3060E-08
  1.5424E-04 -1.1399E-04 -3.8745E-08 -7.4610E-08
  1.5587E-04 -1.1593E-04 -3.9564E-08 -7.6187E-08
  1.5750E-04 -1.1790E-04 -4.0397E-08 -7.7792E-08
  1.5914E-04 -1.1989E-04 -4.1245E-08 -7.9425E-08
  1.6080E-04 -1.2191E-04 -4.2108E-08 -8.1086E-08
  1.6247E-04 -1.2396E-04 -4.2985E-08 -8.2776E-08
  1.6414E-04 -1.2603E-04 -4.3878E-08 -8.4495E-08
  1.6583E-04 -1.2814E-04 -4.4787E-08 -8.6245E-08
  1.6754E-04 -1.3027E-04 -4.5711E-08 -8.8024E-08
  1.6925E-04 -1.3242E-04 -4.6651E-08 -8.9834E-08
  1.7098E-04 -1.3461E-04 -4.7607E-08 -9.1676E-08
  1.7271E-04 -1.3683E-04 -4.8580E-08 -9.3549E-08
  1.7446E-04 -1.3907E-04 -4.9569E-08 -9.5454E-08
  1.7623E-04 -1.4135E-04 -5.0575E-08 -9.7392E-08
  1.7800E-04 -1.4365E-04 -5.1599E-08 -9.9363E-08
  1.7979E-04 -1.4599E-04 -5.2640E-08 -1.0137E-07
  1.8159E-04 -1.4835E-04 -5.3698E-08 -1.0341E-07
  1.8340E-04 -1.5075E-04 -5.4775E-08 -1.0548E-07
  1.8522E-04 -1.5318E-04 -5.5870E-08 -1.0759E-07
  1.8706E-04 -1.5564E-04 -5.6983E-08 -1.0973E-07
  1.8891E-04 -1.5813E-04 -5.8116E-08 -1.1191E-07
  1.9077E-04 -1.6066E-04 -5.9267E-08 -1.1413E-07
  1.9264E-04 -1.6321E-04 -6.0438E-08 -1.1638E-07
  1.9453E-04 -1.6580E-04 -6.1628E-08 -1.1868E-07
  1.9643E-04 -1.6843E-04 -6.2839E-08 -1.2101E-07
  1.9835E-04 -1.7109E-04 -6.4070E-08 -1.2338E-07
  2.0028E-04 -1.7378E-04 -6.5321E-08 -1.2579E-07
  2.0222E-04 -1.7651E-04 -6.6593E-08 -1.2824E-07
  2.0417E-04 -1.7927E-04 -6.7887E-08 -1.3073E-07
  2.0614E-04 -1.8207E-04 -6.9202E-08 -1.3326E-07
  2.0812E-04 -1.8491E-04 -7.0539E-08 -1.3584E-07
  2.1012E-04 -1.8778E-04 -7.1898E-08 -1.3845E-07
  2.1213E-04 -1.9069E-04 -7.3280E-08 -1.4111E-07
  2.1415E-04 -1.9364E-04 -7.4684E-08 -1.4382E-07
  2.1619E-04 -1.9662E-04 -7.6112E-08 -1.4657E-07
  2.1824E-04 -1.9964E-04 -7.7563E-08 -1.4936E-07
  2.2030E-04 -2.0270E-04 -7.9039E-08 -1.5220E-07
  2.2238E-04 -2.0580E-04 -8.0538E-08 -1.5509E-07
  2.2448E-04 -2.0894E-04 -8.2062E-08 -1.5803E-07
  2.2659E-04 -2.1212E-04 -8.3612E-08 -1.6101E-07
  2.2871E-04 -2.1534E-04 -8.5186E-08 -1.6404E-07
  2.3085E-04 -2.1861E-04 -8.6786E-08 -1.6712E-07
  2.3300E-04 -2.2191E-04 -8.8413E-08 -1.7026E-07
  2.3517E-04 -2.2526E-04 -9.0066E-08 -1.7344E-07
  2.3735E-04 -2.2864E-04 -9.1746E-08 -1.7667E-07
  2.3955E-04 -2.3207E-04 -9.3453E-08 -1.7996E-07
  2.4176E-04 -2.3555E-04 -9.5188E-08 -1.8330E-07
  2.4399E-04 -2.3907E-04 -9.6952E-08 -1.8670E-07
  2.4624E-04 -2.4263E-04 -9.8743E-08 -1.9015E-07
  2.4850E-04 -2.4624E-04 -1.0056E-07 -1.9365E-07
  2.5077E-04 -2.4989E-04 -1.0241E-07 -1.9722E-07
  2.5307E-04 -2.5359E-04 -1.0429E-07 -2.0084E-07
  2.5537E-04 -2.5734E-04 -1.0621E-07 -2.0452E-07
  2.5770E-04 -2.6113E-04 -1.0815E-07 -2.0826E-07
  2.6004E-04 -2.6497E-04 -1.1012E-07 -2.1205E-07
  2.6239E-04 -2.6886E-04 -1.1212E-07 -2.1591E-07
  2.6476E-04 -2.7280E-04 -1.1416E-07 -2.1984E-07
  2.6715E-04 -2.7679E-04 -1.1623E-07 -2.2382E-07
  2.6956E-04 -2.8082E-04 -1.1833E-07 -2.2787E-07
  2.7198E-04 -2.8491E-04 -1.2047E-07 -2.3198E-07
  2.7442E-04 -2.8905E-04 -1.2264E-07 -2.3616E-07
  2.7687E-04 -2.9324E-04 -1.2484E-07 -2.4040E-07
  2.7935E-04 -2.9749E-04 -1.2708E-07 -2.4472E-07
  2.8183E-04 -3.0178E-04 -1.2936E-07 -2.4910E-07
  2.8434E-04 -3.0613E-04 -1.3167E-07 -2.5355E-07
  2.8687E-04 -3.1054E-04 -1.3402E-07 -2.5807E-07
  2.8941E-04 -3.1500E-04 -1.3640E-07 -2.6267E-07
  2.9197E-04 -3.1951E-04 -1.3882E-07 -2.6733E-07
  2.9454E-04 -3.2408E-04 -1.4129E-07 -2.7207E-07
  2.9714E-04 -3.2871E-04 -1.4379E-07 -2.7689E-07
  2.9975E-04 -3.3339E-04 -1.4633E-07 -2.8178E-07
  3.0238E-04 -3.3814E-04 -1.4891E-07 -2.8675E-07
  3.0503E-04 -3.4294E-04 -1.5153E-07 -2.9179E-07
  3.0770E-04 -3.4780E-04 -1.5419E-07 -2.9692E-07
  3.1039E-04 -3.5272E-04 -1.5689E-07 -3.0213E-07
  3.1309E-04 -3.5770E-04 -1.5964E-07 -3.0742E-07
  3.1582E-04 -3.6275E-04 -1.6243E-07 -3.1279E-07
  3.1856E-04 -3.6785E-04 -1.6526E-07 -3.1825E-07
  3.2132E-04 -3.7302E-04 -1.6814E-07 -3.2379E-07
  3.2410E-04 -3.7825E-04 -1.7107E-07 -3.2942E-07
  3.2690E-04 -3.8355E-04 -1.7403E-07 -3.3513E-07
  3.2972E-04 -3.8891E-04 -1.7705E-07 -3.4094E-07
  3.3256E-04 -3.9434E-04 -1.8011E-07 -3.4684E-07
  3.3542E-04 -3.9983E-04 -1.8322E-07 -3.5283E-07
  3.3830E-04 -4.0540E-04 -1.8638E-07 -3.5891E-07
  3.4120E-04 -4.1103E-04 -1.8959E-07 -3.6509E-07
  3.4412E-04 -4.1673E-04 -1.9285E-07 -3.7136E-07
  3.4706E-04 -4.2250E-04 -1.9615E-07 -3.7773E-07
  3.5002E-04 -4.2834E-04 -1.9951E-07 -3.8420E-07
  3.5300E-04 -4.3425E-04 -2.0292E-07 -3.9077E-07
  3.5600E-04 -4.4023E-04 -2.0639E-07 -3.9744E-07
  3.5902E-04 -4.4629E-04 -2.0991E-07 -4.0422E-07
  3.6206E-04 -4.5242E-04 -2.1348E-07 -4.1110E-07
  3.6512E-04 -4.5863E-04 -2.1711E-07 -4.1808E-07
  3.6821E-04 -4.6491E-04 -2.2079E-07 -4.2518E-07
  3.7131E-04 -4.7126E-04 -2.2453E-07 -4.3238E-07
  3.7444E-04 -4.7770E-04 -2.2833E-07 -4.3969E-07
  3.7759E-04 -4.8421E-04 -2.3219E-07 -4.4712E-07
  3.8076E-04 -4.9081E-04 -2.3611E-07 -4.5467E-07
  3.8396E-04 -4.9748E-04 -2.4008E-07 -4.6232E-07
  3.8717E-04 -5.0424E-04 -2.4412E-07 -4.7010E-07
  3.9041E-04 -5.1107E-04 -2.4822E-07 -4.7799E-07
  3.9367E-04 -5.1799E-04 -2.5238E-07 -4.8601E-07
  3.9695E-04 -5.2499E-04 -2.5661E-07 -4.9415E-07
  4.0026E-04 -5.3208E-04 -2.6090E-07 -5.0242E-07
  4.0359E-04 -5.3926E-04 -2.6526E-07 -5.1081E-07
  4.0694E-04 -5.4652E-04 -2.6968E-07 -5.1933E-07
  4.1031E-04 -5.5387E-04 -2.7418E-07 -5.2798E-07
  4.1371E-04 -5.6131E-04 -2.7874E-07 -5.3676E-07
  4.1713E-04 -5.6883E-04 -2.8337E-07 -5.4567E-07
  4.2058E-04 -5.7645E-04 -2.8807E-07 -5.5473E-07
  4.2405E-04 -5.8416E-04 -2.9284E-07 -5.6392E-07
  4.2754E-04 -5.9197E-04 -2.9769E-07 -5.7325E-07
  4.3106E-04 -5.9987E-04 -3.0260E-07 -5.8272E-07
  4.3460E-04 -6.0786E-04 -3.0760E-07 -5.9234E-07
  4.3817E-04 -6.1595E-04 -3.1267E-07 -6.0210E-07
  4.4176E-04 -6.2414E-04 -3.1782E-07 -6.1201E-07
  4.4538E-04 -6.3242E-04 -3.2304E-07 -6.2207E-07
  4.4902E-04 -6.4081E-04 -3.2834E-07 -6.3229E-07
  4.5269E-04 -6.4929E-04 -3.3373E-07 -6.4266E-07
  4.5638E-04 -6.5788E-04 -3.3920E-07 -6.5318E-07
  4.6010E-04 -6.6657E-04 -3.4474E-07 -6.6387E-07
  4.6384E-04 -6.7537E-04 -3.5038E-07 -6.7472E-07
  4.6761E-04 -6.8427E-04 -3.5610E-07 -6.8573E-07
  4.7141E-04 -6.9328E-04 -3.6190E-07 -6.9691E-07
  4.7523E-04 -7.0239E-04 -3.6779E-07 -7.0825E-07
  4.7908E-04 -7.1162E-04 -3.7378E-07 -7.1977E-07
  4.8295E-04 -7.2096E-04 -3.7985E-07 -7.3146E-07
  4.8686E-04 -7.3040E-04 -3.8601E-07 -7.4333E-07
  4.9079E-04 -7.3997E-04 -3.9227E-07 -7.5538E-07
  4.9474E-04 -7.4964E-04 -3.9862E-07 -7.6761E-07
  4.9873E-04 -7.5943E-04 -4.0506E-07 -7.8002E-07
  5.0274E-04 -7.6934E-04 -4.1161E-07 -7.9262E-07
  5.0678E-04 -7.7937E-04 -4.1825E-07 -8.0541E-07
  5.1085E-04 -7.8951E-04 -4.2499E-07 -8.1839E-07
  5.1494E-04 -7.9978E-04 -4.3183E-07 -8.3157E-07
  5.1907E-04 -8.1017E-04 -4.3878E-07 -8.4494E-07
  5.2322E-04 -8.2068E-04 -4.4583E-07 -8.5852E-07
  5.2740E-04 -8.3132E-04 -4.5298E-07 -8.7230E-07
  5.3161E-04 -8.4209E-04 -4.6024E-07 -8.8628E-07
  5.3585E-04 -8.5298E-04 -4.6761E-07 -9.0047E-07
  5.4012E-04 -8.6401E-04 -4.7509E-07 -9.1488E-07
  5.4442E-04 -8.7516E-04 -4.8269E-07 -9.2950E-07
  5.4875E-04 -8.8645E-04 -4.9039E-07 -9.4434E-07
  5.5311E-04 -8.9787E-04 -4.9822E-07 -9.5941E-07
  5.5750E-04 -9.0943E-04 -5.0615E-07 -9.7469E-07
  5.6192E-04 -9.2112E-04 -5.1421E-07 -9.9021E-07
  5.6637E-04 -9.3296E-04 -5.2239E-07 -1.0060E-06
  5.7085E-04 -9.4493E-04 -5.3069E-07 -1.0219E-06
  5.7536E-04 -9.5705E-04 -5.3911E-07 -1.0382E-06
  5.7990E-04 -9.6931E-04 -5.4766E-07 -1.0546E-06
  5.8448E-04 -9.8171E-04 -5.5633E-07 -1.0713E-06
  5.8909E-04 -9.9426E-04 -5.6514E-07 -1.0883E-06
  5.9372E-04 -1.0070E-03 -5.7407E-07 -1.1055E-06
  5.9840E-04 -1.0198E-03 -5.8314E-07 -1.1229E-06
  6.0310E-04 -1.0328E-03 -5.9235E-07 -1.1407E-06
  6.0784E-04 -1.0460E-03 -6.0168E-07 -1.1587E-06
  6.1260E-04 -1.0593E-03 -6.1116E-07 -1.1769E-06
  6.1741E-04 -1.0728E-03 -6.2078E-07 -1.1954E-06
  6.2224E-04 -1.0864E-03 -6.3054E-07 -1.2142E-06
  6.2711E-04 -1.1002E-03 -6.4045E-07 -1.2333E-06
  6.3201E-04 -1.1141E-03 -6.5050E-07 -1.2527E-06
  6.3695E-04 -1.1283E-03 -6.6070E-07 -1.2723E-06
  6.4192E-04 -1.1425E-03 -6.7106E-07 -1.2922E-06
  6.4693E-04 -1.1570E-03 -6.8156E-07 -1.3125E-06
  6.5197E-04 -1.1716E-03 -6.9222E-07 -1.3330E-06
  6.5704E-04 -1.1864E-03 -7.0304E-07 -1.3538E-06
  6.6215E-04 -1.2014E-03 -7.1402E-07 -1.3750E-06
  6.6730E-04 -1.2165E-03 -7.2516E-07 -1.3964E-06
  6.7248E-04 -1.2319E-03 -7.3647E-07 -1.4182E-06
  6.7770E-04 -1.2474E-03 -7.4794E-07 -1.4403E-06
  6.8295E-04 -1.2630E-03 -7.5958E-07 -1.4627E-06
  6.8824E-04 -1.2789E-03 -7.7139E-07 -1.4855E-06
  6.9357E-04 -1.2950E-03 -7.8338E-07 -1.5085E-06
  6.9893E-04 -1.3112E-03 -7.9554E-07 -1.5320E-06
  7.0433E-04 -1.3277E-03 -8.0789E-07 -1.5557E-06
  7.0977E-04 -1.3443E-03 -8.2041E-07 -1.5799E-06
  7.1525E-04 -1.3611E-03 -8.3312E-07 -1.6043E-06
  7.2076E-04 -1.3781E-03 -8.4602E-07 -1.6292E-06
  7.2631E-04 -1.3954E-03 -8.5910E-07 -1.6544E-06
  7.3190E-04 -1.4128E-03 -8.7238E-07 -1.6799E-06
  7.3753E-04 -1.4304E-03 -8.8585E-07 -1.7059E-06
  7.4320E-04 -1.4483E-03 -8.9952E-07 -1.7322E-06
  7.4891E-04 -1.4663E-03 -9.1339E-07 -1.7589E-06
  7.5466E-04 -1.4846E-03 -9.2746E-07 -1.7860E-06
  7.6044E-04 -1.5030E-03 -9.4174E-07 -1.8135E-06
  7.6627E-04 -1.5217E-03 -9.5623E-07 -1.8414E-06
  7.7214E-04 -1.5406E-03 -9.7094E-07 -1.8697E-06
  7.7805E-04 -1.5598E-03 -9.8585E-07 -1.8984E-06
  7.8400E-04 -1.5791E-03 -1.0010E-06 -1.9276E-06
  7.8999E-04 -1.5987E-03 -1.0163E-06 -1.9572E-06
  7.9602E-04 -1.6185E-03 -1.0319E-06 -1.9872E-06
  8.0210E-04 -1.6385E-03 -1.0477E-06 -2.0176E-06
  8.0822E-04 -1.6588E-03 -1.0638E-06 -2.0485E-06
  8.1437E-04 -1.6793E-03 -1.0801E-06 -2.0798E-06
  8.2058E-04 -1.7001E-03 -1.0966E-06 -2.1116E-06
  8.2682E-04 -1.7211E-03 -1.1133E-06 -2.1439E-06
  8.3311E-04 -1.7423E-03 -1.1303E-06 -2.1766E-06
  8.3944E-04 -1.7638E-03 -1.1476E-06 -2.2098E-06
  8.4582E-04 -1.7855E-03 -1.1651E-06 -2.2435E-06
  8.5224E-04 -1.8075E-03 -1.1828E-06 -2.2777E-06
  8.5870E-04 -1.8297E-03 -1.2008E-06 -2.3124E-06
  8.6521E-04 -1.8522E-03 -1.2191E-06 -2.3476E-06
  8.7177E-04 -1.8750E-03 -1.2376E-06 -2.3833E-06
  8.7837E-04 -1.8980E-03 -1.2565E-06 -2.4195E-06
  8.8501E-04 -1.9213E-03 -1.2755E-06 -2.4563E-06
  8.9170E-04 -1.9449E-03 -1.2949E-06 -2.4936E-06
  8.9844E-04 -1.9687E-03 -1.3146E-06 -2.5314E-06
  9.0523E-04 -1.9928E-03 -1.3345E-06 -2.5698E-06
  9.1206E-04 -2.0172E-03 -1.3547E-06 -2.6087E-06
  9.1894E-04 -2.0419E-03 -1.3752E-06 -2.6482E-06
  9.2587E-04 -2.0669E-03 -1.3960E-06 -2.6883E-06
  9.3284E-04 -2.0922E-03 -1.4171E-06 -2.7290E-06
  9.3987E-04 -2.1177E-03 -1.4386E-06 -2.7702E-06
  9.4694E-04 -2.1436E-03 -1.4603E-06 -2.8121E-06
  9.5406E-04 -2.1697E-03 -1.4823E-06 -2.8545E-06
  9.6123E-04 -2.1961E-03 -1.5047E-06 -2.8976E-06
  9.6845E-04 -2.2229E-03 -1.5274E-06 -2.9413E-06
  9.7572E-04 -2.2500E-03 -1.5504E-06 -2.9856E-06
  9.8305E-04 -2.2774E-03 -1.5738E-06 -3.0306E-06
  9.9042E-04 -2.3051E-03 -1.5975E-06 -3.0762E-06
  9.9784E-04 -2.3331E-03 -1.6215E-06 -3.1225E-06
  1.0053E-03 -2.3614E-03 -1.6459E-06 -3.1695E-06
  1.0128E-03 -2.3901E-03 -1.6706E-06 -3.2171E-06
  1.0204E-03 -2.4191E-03 -1.6957E-06 -3.2654E-06
  1.0281E-03 -2.4484E-03 -1.7212E-06 -3.3145E-06
  1.0357E-03 -2.4781E-03 -1.7470E-06 -3.3642E-06
  1.0435E-03 -2.5081E-03 -1.7732E-06 -3.4147E-06
  1.0513E-03 -2.5385E-03 -1.7998E-06 -3.4658E-06
  1.0591E-03 -2.5692E-03 -1.8268E-06 -3.5178E-06
  1.0670E-03 -2.6003E-03 -1.8541E-06 -3.5704E-06
  1.0750E-03 -2.6317E-03 -1.8819E-06 -3.6239E-06
  1.0830E-03 -2.6635E-03 -1.9100E-06 -3.6781E-06
  1.0910E-03 -2.6957E-03 -1.9386E-06 -3.7331E-06
  1.0992E-03 -2.7282E-03 -1.9675E-06 -3.7889E-06
  1.1073E-03 -2.7611E-03 -1.9969E-06 -3.8454E-06
  1.1156E-03 -2.7944E-03 -2.0267E-06 -3.9029E-06
  1.1239E-03 -2.8280E-03 -2.0570E-06 -3.9611E-06
  1.1322E-03 -2.8621E-03 -2.0877E-06 -4.0202E-06
  1.1406E-03 -2.8965E-03 -2.1188E-06 -4.0801E-06
  1.1491E-03 -2.9314E-03 -2.1503E-06 -4.1409E-06
  1.1576E-03 -2.9666E-03 -2.1824E-06 -4.2025E-06
  1.1662E-03 -3.0023E-03 -2.2148E-06 -4.2651E-06
  1.1748E-03 -3.0383E-03 -2.2478E-06 -4.3285E-06
  1.1835E-03 -3.0748E-03 -2.2812E-06 -4.3929E-06
  1.1923E-03 -3.1117E-03 -2.3151E-06 -4.4582E-06
  1.2011E-03 -3.1490E-03 -2.3495E-06 -4.5244E-06
  1.2100E-03 -3.1868E-03 -2.3844E-06 -4.5916E-06
  1.2190E-03 -3.2249E-03 -2.4198E-06 -4.6598E-06
  1.2280E-03 -3.2636E-03 -2.4557E-06 -4.7289E-06
  1.2370E-03 -3.3026E-03 -2.4921E-06 -4.7990E-06
  1.2462E-03 -3.3421E-03 -2.5291E-06 -4.8702E-06
  1.2554E-03 -3.3821E-03 -2.5665E-06 -4.9423E-06
  1.2646E-03 -3.4225E-03 -2.6046E-06 -5.0155E-06
  1.2740E-03 -3.4634E-03 -2.6431E-06 -5.0898E-06
  1.2834E-03 -3.5047E-03 -2.6822E-06 -5.1651E-06
  1.2928E-03 -3.5466E-03 -2.7219E-06 -5.2415E-06
  1.3023E-03 -3.5889E-03 -2.7621E-06 -5.3190E-06
  1.3119E-03 -3.6316E-03 -2.8029E-06 -5.3976E-06
  1.3216E-03 -3.6749E-03 -2.8444E-06 -5.4773E-06
  1.3313E-03 -3.7187E-03 -2.8863E-06 -5.5582E-06
  1.3411E-03 -3.7630E-03 -2.9290E-06 -5.6402E-06
  1.3509E-03 -3.8077E-03 -2.9722E-06 -5.7234E-06
  1.3609E-03 -3.8530E-03 -3.0160E-06 -5.8078E-06
  1.3709E-03 -3.8988E-03 -3.0605E-06 -5.8935E-06
  1.3809E-03 -3.9451E-03 -3.1055E-06 -5.9803E-06
  1.3911E-03 -3.9920E-03 -3.1513E-06 -6.0684E-06
  1.4013E-03 -4.0394E-03 -3.1977E-06 -6.1577E-06
  1.4115E-03 -4.0873E-03 -3.2448E-06 -6.2484E-06
  1.4219E-03 -4.1358E-03 -3.2925E-06 -6.3403E-06
  1.4323E-03 -4.1848E-03 -3.3409E-06 -6.4335E-06
  1.4428E-03 -4.2344E-03 -3.3900E-06 -6.5281E-06
  1.4534E-03 -4.2845E-03 -3.4398E-06 -6.6240E-06
  1.4640E-03 -4.3353E-03 -3.4904E-06 -6.7213E-06
  1.4747E-03 -4.3866E-03 -3.5416E-06 -6.8200E-06
  1.4855E-03 -4.4384E-03 -3.5936E-06 -6.9201E-06
  1.4963E-03 -4.4909E-03 -3.6463E-06 -7.0217E-06
  1.5073E-03 -4.5440E-03 -3.6998E-06 -7.1247E-06
  1.5183E-03 -4.5977E-03 -3.7541E-06 -7.2291E-06
  1.5294E-03 -4.6519E-03 -3.8091E-06 -7.3351E-06
  1.5405E-03 -4.7068E-03 -3.8649E-06 -7.4426E-06
  1.5518E-03 -4.7623E-03 -3.9215E-06 -7.5516E-06
  1.5631E-03 -4.8185E-03 -3.9789E-06 -7.6621E-06
  1.5745E-03 -4.8753E-03 -4.0371E-06 -7.7743E-06
  1.5860E-03 -4.9327E-03 -4.0962E-06 -7.8880E-06
  1.5975E-03 -4.9908E-03 -4.1561E-06 -8.0034E-06
  1.6092E-03 -5.0495E-03 -4.2169E-06 -8.1204E-06
  1.6209E-03 -5.1089E-03 -4.2785E-06 -8.2391E-06
  1.6327E-03 -5.1690E-03 -4.3410E-06 -8.3594E-06
  1.6445E-03 -5.2297E-03 -4.4044E-06 -8.4815E-06
  1.6565E-03 -5.2912E-03 -4.4687E-06 -8.6054E-06
  1.6686E-03 -5.3533E-03 -4.5340E-06 -8.7310E-06
  1.6807E-03 -5.4161E-03 -4.6001E-06 -8.8583E-06
  1.6929E-03 -5.4797E-03 -4.6672E-06 -8.9876E-06
  1.7052E-03 -5.5440E-03 -4.7353E-06 -9.1186E-06
  1.7176E-03 -5.6089E-03 -4.8043E-06 -9.2515E-06
  1.7300E-03 -5.6747E-03 -4.8743E-06 -9.3863E-06
  1.7426E-03 -5.7411E-03 -4.9453E-06 -9.5231E-06
  1.7552E-03 -5.8083E-03 -5.0173E-06 -9.6617E-06
  1.7680E-03 -5.8763E-03 -5.0904E-06 -9.8024E-06
  1.7808E-03 -5.9450E-03 -5.1644E-06 -9.9450E-06
  1.7937E-03 -6.0145E-03 -5.2396E-06 -1.0090E-05
  1.8067E-03 -6.0848E-03 -5.3158E-06 -1.0236E-05
  1.8198E-03 -6.1559E-03 -5.3931E-06 -1.0385E-05
  1.8330E-03 -6.2278E-03 -5.4715E-06 -1.0536E-05
  1.8462E-03 -6.3005E-03 -5.5510E-06 -1.0689E-05
  1.8596E-03 -6.3740E-03 -5.6316E-06 -1.0845E-05
  1.8730E-03 -6.4483E-03 -5.7134E-06 -1.1002E-05
  1.8866E-03 -6.5234E-03 -5.7963E-06 -1.1162E-05
  1.9002E-03 -6.5994E-03 -5.8805E-06 -1.1324E-05
  1.9140E-03 -6.6763E-03 -5.9658E-06 -1.1488E-05
  1.9278E-03 -6.7540E-03 -6.0523E-06 -1.1655E-05
  1.9417E-03 -6.8326E-03 -6.1401E-06 -1.1824E-05
  1.9558E-03 -6.9121E-03 -6.2291E-06 -1.1995E-05
  1.9699E-03 -6.9924E-03 -6.3194E-06 -1.2169E-05
  1.9841E-03 -7.0737E-03 -6.4109E-06 -1.2345E-05
  1.9984E-03 -7.1558E-03 -6.5038E-06 -1.2524E-05
  2.0128E-03 -7.2389E-03 -6.5980E-06 -1.2706E-05
  2.0273E-03 -7.3229E-03 -6.6935E-06 -1.2890E-05
  2.0420E-03 -7.4078E-03 -6.7904E-06 -1.3076E-05
  2.0567E-03 -7.4937E-03 -6.8886E-06 -1.3265E-05
  2.0715E-03 -7.5806E-03 -6.9883E-06 -1.3457E-05
  2.0864E-03 -7.6684E-03 -7.0893E-06 -1.3652E-05
  2.1015E-03 -7.7572E-03 -7.1918E-06 -1.3849E-05
  2.1166E-03 -7.8470E-03 -7.2958E-06 -1.4049E-05
  2.1318E-03 -7.9377E-03 -7.4012E-06 -1.4252E-05
  2.1472E-03 -8.0295E-03 -7.5081E-06 -1.4458E-05
  2.1626E-03 -8.1223E-03 -7.6165E-06 -1.4667E-05
  2.1782E-03 -8.2162E-03 -7.7265E-06 -1.4879E-05
  2.1938E-03 -8.3110E-03 -7.8380E-06 -1.5094E-05
  2.2096E-03 -8.4070E-03 -7.9511E-06 -1.5311E-05
  2.2255E-03 -8.5040E-03 -8.0659E-06 -1.5532E-05
  2.2415E-03 -8.6020E-03 -8.1822E-06 -1.5756E-05
  2.2576E-03 -8.7012E-03 -8.3002E-06 -1.5984E-05
  2.2738E-03 -8.8015E-03 -8.4199E-06 -1.6214E-05
  2.2901E-03 -8.9028E-03 -8.5412E-06 -1.6448E-05
  2.3066E-03 -9.0053E-03 -8.6643E-06 -1.6685E-05
  2.3231E-03 -9.1089E-03 -8.7891E-06 -1.6925E-05
  2.3398E-03 -9.2137E-03 -8.9157E-06 -1.7169E-05
  2.3566E-03 -9.3196E-03 -9.0441E-06 -1.7416E-05
  2.3735E-03 -9.4267E-03 -9.1743E-06 -1.7667E-05
  2.3905E-03 -9.5349E-03 -9.3063E-06 -1.7921E-05
  2.4077E-03 -9.6444E-03 -9.4403E-06 -1.8179E-05
  2.4249E-03 -9.7551E-03 -9.5761E-06 -1.8440E-05
  2.4423E-03 -9.8669E-03 -9.7138E-06 -1.8706E-05
  2.4598E-03 -9.9800E-03 -9.8535E-06 -1.8975E-05
  2.4774E-03 -1.0094E-02 -9.9951E-06 -1.9247E-05
  2.4951E-03 -1.0210E-02 -1.0139E-05 -1.9524E-05
  2.5130E-03 -1.0327E-02 -1.0284E-05 -1.9805E-05
  2.5310E-03 -1.0445E-02 -1.0432E-05 -2.0089E-05
  2.5491E-03 -1.0564E-02 -1.0582E-05 -2.0378E-05
  2.5673E-03 -1.0685E-02 -1.0734E-05 -2.0670E-05
  2.5857E-03 -1.0807E-02 -1.0888E-05 -2.0967E-05
  2.6042E-03 -1.0931E-02 -1.1044E-05 -2.1268E-05
  2.6228E-03 -1.1055E-02 -1.1203E-05 -2.1573E-05
  2.6416E-03 -1.1182E-02 -1.1364E-05 -2.1883E-05
  2.6605E-03 -1.1309E-02 -1.1527E-05 -2.2197E-05
  2.6795E-03 -1.1438E-02 -1.1692E-05 -2.2515E-05
  2.6986E-03 -1.1568E-02 -1.1860E-05 -2.2838E-05
  2.7179E-03 -1.1700E-02 -1.2030E-05 -2.3165E-05
  2.7373E-03 -1.1833E-02 -1.2202E-05 -2.3498E-05
  2.7568E-03 -1.1968E-02 -1.2377E-05 -2.3834E-05
  2.7765E-03 -1.2104E-02 -1.2554E-05 -2.4176E-05
  2.7963E-03 -1.2241E-02 -1.2734E-05 -2.4522E-05
  2.8163E-03 -1.2380E-02 -1.2917E-05 -2.4873E-05
  2.8364E-03 -1.2521E-02 -1.3102E-05 -2.5229E-05
  2.8566E-03 -1.2663E-02 -1.3289E-05 -2.5591E-05
  2.8770E-03 -1.2807E-02 -1.3479E-05 -2.5957E-05
  2.8975E-03 -1.2952E-02 -1.3672E-05 -2.6328E-05
  2.9181E-03 -1.3098E-02 -1.3868E-05 -2.6705E-05
  2.9389E-03 -1.3247E-02 -1.4066E-05 -2.7087E-05
  2.9599E-03 -1.3397E-02 -1.4267E-05 -2.7475E-05
  2.9810E-03 -1.3548E-02 -1.4471E-05 -2.7867E-05
  3.0022E-03 -1.3701E-02 -1.4678E-05 -2.8266E-05
  3.0236E-03 -1.3856E-02 -1.4888E-05 -2.8670E-05
  3.0451E-03 -1.4013E-02 -1.5101E-05 -2.9080E-05
  3.0668E-03 -1.4171E-02 -1.5317E-05 -2.9495E-05
  3.0886E-03 -1.4330E-02 -1.5536E-05 -2.9917E-05
  3.1106E-03 -1.4492E-02 -1.5758E-05 -3.0344E-05
  3.1328E-03 -1.4655E-02 -1.5983E-05 -3.0777E-05
  3.1550E-03 -1.4820E-02 -1.6211E-05 -3.1217E-05
  3.1775E-03 -1.4987E-02 -1.6442E-05 -3.1663E-05
  3.2001E-03 -1.5156E-02 -1.6677E-05 -3.2115E-05
  3.2228E-03 -1.5326E-02 -1.6915E-05 -3.2573E-05
  3.2457E-03 -1.5498E-02 -1.7156E-05 -3.3038E-05
  3.2688E-03 -1.5672E-02 -1.7401E-05 -3.3509E-05
  3.2921E-03 -1.5848E-02 -1.7649E-05 -3.3987E-05
  3.3154E-03 -1.6026E-02 -1.7901E-05 -3.4472E-05
  3.3390E-03 -1.6206E-02 -1.8156E-05 -3.4963E-05
  3.3627E-03 -1.6387E-02 -1.8415E-05 -3.5462E-05
  3.3866E-03 -1.6571E-02 -1.8678E-05 -3.5967E-05
  3.4107E-03 -1.6756E-02 -1.8944E-05 -3.6480E-05
  3.4349E-03 -1.6943E-02 -1.9214E-05 -3.7000E-05
  3.4593E-03 -1.7133E-02 -1.9488E-05 -3.7527E-05
  3.4838E-03 -1.7324E-02 -1.9765E-05 -3.8062E-05
  3.5085E-03 -1.7517E-02 -2.0047E-05 -3.8604E-05
  3.5334E-03 -1.7713E-02 -2.0332E-05 -3.9154E-05
  3.5585E-03 -1.7910E-02 -2.0622E-05 -3.9711E-05
  3.5837E-03 -1.8110E-02 -2.0915E-05 -4.0276E-05
  3.6092E-03 -1.8311E-02 -2.1213E-05 -4.0850E-05
  3.6347E-03 -1.8515E-02 -2.1515E-05 -4.1431E-05
  3.6605E-03 -1.8721E-02 -2.1821E-05 -4.2021E-05
  3.6865E-03 -1.8929E-02 -2.2132E-05 -4.2619E-05
  3.7126E-03 -1.9139E-02 -2.2447E-05 -4.3225E-05
  3.7389E-03 -1.9352E-02 -2.2766E-05 -4.3840E-05
  3.7654E-03 -1.9566E-02 -2.3090E-05 -4.4463E-05
  3.7921E-03 -1.9783E-02 -2.3418E-05 -4.5096E-05
  3.8189E-03 -2.0002E-02 -2.3751E-05 -4.5737E-05
  3.8460E-03 -2.0224E-02 -2.4089E-05 -4.6387E-05
  3.8732E-03 -2.0447E-02 -2.4431E-05 -4.7046E-05
  3.9007E-03 -2.0673E-02 -2.4778E-05 -4.7715E-05
  3.9283E-03 -2.0902E-02 -2.5130E-05 -4.8393E-05
  3.9561E-03 -2.1132E-02 -2.5487E-05 -4.9080E-05
  3.9841E-03 -2.1365E-02 -2.5849E-05 -4.9778E-05
  4.0123E-03 -2.1601E-02 -2.6217E-05 -5.0485E-05
  4.0407E-03 -2.1839E-02 -2.6589E-05 -5.1202E-05
  4.0692E-03 -2.2079E-02 -2.6966E-05 -5.1929E-05
  4.0980E-03 -2.2322E-02 -2.7349E-05 -5.2666E-05
  4.1270E-03 -2.2567E-02 -2.7738E-05 -5.3414E-05
  4.1562E-03 -2.2815E-02 -2.8131E-05 -5.4172E-05
  4.1856E-03 -2.3065E-02 -2.8530E-05 -5.4941E-05
  4.2152E-03 -2.3318E-02 -2.8935E-05 -5.5720E-05
  4.2450E-03 -2.3574E-02 -2.9346E-05 -5.6511E-05
  4.2750E-03 -2.3832E-02 -2.9762E-05 -5.7312E-05
  4.3052E-03 -2.4093E-02 -3.0184E-05 -5.8125E-05
  4.3356E-03 -2.4356E-02 -3.0612E-05 -5.8950E-05
  4.3663E-03 -2.4622E-02 -3.1047E-05 -5.9786E-05
  4.3971E-03 -2.4891E-02 -3.1487E-05 -6.0633E-05
  4.4282E-03 -2.5162E-02 -3.1933E-05 -6.1493E-05
  4.4594E-03 -2.5436E-02 -3.2386E-05 -6.2365E-05
  4.4909E-03 -2.5713E-02 -3.2845E-05 -6.3249E-05
  4.5227E-03 -2.5993E-02 -3.3310E-05 -6.4145E-05
  4.5546E-03 -2.6276E-02 -3.3782E-05 -6.5054E-05
  4.5867E-03 -2.6561E-02 -3.4261E-05 -6.5976E-05
  4.6191E-03 -2.6849E-02 -3.4746E-05 -6.6910E-05
  4.6517E-03 -2.7141E-02 -3.5239E-05 -6.7858E-05
  4.6845E-03 -2.7435E-02 -3.5738E-05 -6.8819E-05
  4.7176E-03 -2.7732E-02 -3.6244E-05 -6.9794E-05
  4.7509E-03 -2.8032E-02 -3.6757E-05 -7.0782E-05
  4.7844E-03 -2.8334E-02 -3.7278E-05 -7.1784E-05
  4.8181E-03 -2.8640E-02 -3.7805E-05 -7.2801E-05
  4.8521E-03 -2.8949E-02 -3.8340E-05 -7.3831E-05
  4.8863E-03 -2.9261E-02 -3.8883E-05 -7.4876E-05
  4.9208E-03 -2.9576E-02 -3.9433E-05 -7.5936E-05
  4.9555E-03 -2.9895E-02 -3.9991E-05 -7.7010E-05
  4.9904E-03 -3.0216E-02 -4.0557E-05 -7.8100E-05
  5.0256E-03 -3.0540E-02 -4.1131E-05 -7.9205E-05
  5.0610E-03 -3.0868E-02 -4.1713E-05 -8.0325E-05
  5.0967E-03 -3.1199E-02 -4.2303E-05 -8.1462E-05
  5.1326E-03 -3.1533E-02 -4.2901E-05 -8.2614E-05
  5.1688E-03 -3.1870E-02 -4.3508E-05 -8.3782E-05
  5.2052E-03 -3.2211E-02 -4.4123E-05 -8.4967E-05
  5.2419E-03 -3.2555E-02 -4.4747E-05 -8.6168E-05
  5.2788E-03 -3.2902E-02 -4.5379E-05 -8.7386E-05
  5.3160E-03 -3.3253E-02 -4.6021E-05 -8.8621E-05
  5.3534E-03 -3.3607E-02 -4.6671E-05 -8.9874E-05
  5.3911E-03 -3.3964E-02 -4.7331E-05 -9.1144E-05
  5.4290E-03 -3.4325E-02 -4.8000E-05 -9.2432E-05
  5.4673E-03 -3.4689E-02 -4.8678E-05 -9.3738E-05
  5.5057E-03 -3.5057E-02 -4.9366E-05 -9.5062E-05
  5.5445E-03 -3.5428E-02 -5.0063E-05 -9.6405E-05
  5.5835E-03 -3.5803E-02 -5.0770E-05 -9.7767E-05
  5.6228E-03 -3.6181E-02 -5.1487E-05 -9.9148E-05
  5.6624E-03 -3.6563E-02 -5.2214E-05 -1.0055E-04
  5.7022E-03 -3.6949E-02 -5.2952E-05 -1.0197E-04
  5.7423E-03 -3.7338E-02 -5.3699E-05 -1.0341E-04
  5.7827E-03 -3.7731E-02 -5.4457E-05 -1.0487E-04
  5.8234E-03 -3.8127E-02 -5.5226E-05 -1.0635E-04
  5.8644E-03 -3.8528E-02 -5.6006E-05 -1.0785E-04
  5.9056E-03 -3.8932E-02 -5.6796E-05 -1.0937E-04
  5.9471E-03 -3.9340E-02 -5.7598E-05 -1.1091E-04
  5.9889E-03 -3.9751E-02 -5.8411E-05 -1.1248E-04
  6.0311E-03 -4.0166E-02 -5.9235E-05 -1.1407E-04
  6.0734E-03 -4.0586E-02 -6.0070E-05 -1.1568E-04
  6.1161E-03 -4.1009E-02 -6.0918E-05 -1.1731E-04
  6.1591E-03 -4.1436E-02 -6.1777E-05 -1.1896E-04
  6.2024E-03 -4.1867E-02 -6.2649E-05 -1.2064E-04
  6.2460E-03 -4.2302E-02 -6.3532E-05 -1.2234E-04
  6.2899E-03 -4.2740E-02 -6.4428E-05 -1.2407E-04
  6.3341E-03 -4.3183E-02 -6.5337E-05 -1.2582E-04
  6.3786E-03 -4.3630E-02 -6.6258E-05 -1.2759E-04
  6.4234E-03 -4.4081E-02 -6.7192E-05 -1.2939E-04
  6.4685E-03 -4.4536E-02 -6.8139E-05 -1.3121E-04
  6.5139E-03 -4.4995E-02 -6.9100E-05 -1.3306E-04
  6.5597E-03 -4.5458E-02 -7.0074E-05 -1.3494E-04
  6.6058E-03 -4.5926E-02 -7.1061E-05 -1.3684E-04
  6.6521E-03 -4.6397E-02 -7.2063E-05 -1.3877E-04
  6.6989E-03 -4.6873E-02 -7.3078E-05 -1.4073E-04
  6.7459E-03 -4.7353E-02 -7.4108E-05 -1.4271E-04
  6.7932E-03 -4.7837E-02 -7.5152E-05 -1.4472E-04
  6.8409E-03 -4.8325E-02 -7.6211E-05 -1.4676E-04
  6.8889E-03 -4.8818E-02 -7.7285E-05 -1.4883E-04
  6.9373E-03 -4.9315E-02 -7.8373E-05 -1.5092E-04
  6.9860E-03 -4.9816E-02 -7.9477E-05 -1.5305E-04
  7.0350E-03 -5.0322E-02 -8.0596E-05 -1.5520E-04
  7.0844E-03 -5.0832E-02 -8.1731E-05 -1.5739E-04
  7.1341E-03 -5.1347E-02 -8.2882E-05 -1.5960E-04
  7.1841E-03 -5.1866E-02 -8.4049E-05 -1.6185E-04
  7.2345E-03 -5.2389E-02 -8.5233E-05 -1.6413E-04
  7.2853E-03 -5.2917E-02 -8.6433E-05 -1.6644E-04
  7.3364E-03 -5.3450E-02 -8.7649E-05 -1.6878E-04
  7.3878E-03 -5.3987E-02 -8.8883E-05 -1.7116E-04
  7.4396E-03 -5.4528E-02 -9.0134E-05 -1.7357E-04
  7.4918E-03 -5.5074E-02 -9.1403E-05 -1.7601E-04
  7.5443E-03 -5.5625E-02 -9.2689E-05 -1.7849E-04
  7.5972E-03 -5.6180E-02 -9.3993E-05 -1.8100E-04
  7.6505E-03 -5.6740E-02 -9.5316E-05 -1.8355E-04
  7.7041E-03 -5.7304E-02 -9.6657E-05 -1.8613E-04
  7.7581E-03 -5.7874E-02 -9.8017E-05 -1.8875E-04
  7.8125E-03 -5.8447E-02 -9.9396E-05 -1.9140E-04
  7.8673E-03 -5.9026E-02 -1.0079E-04 -1.9410E-04
  7.9224E-03 -5.9609E-02 -1.0221E-04 -1.9683E-04
  7.9779E-03 -6.0197E-02 -1.0365E-04 -1.9959E-04
  8.0338E-03 -6.0790E-02 -1.0511E-04 -2.0240E-04
  8.0901E-03 -6.1388E-02 -1.0659E-04 -2.0525E-04
  8.1468E-03 -6.1990E-02 -1.0808E-04 -2.0813E-04
  8.2039E-03 -6.2597E-02 -1.0960E-04 -2.1106E-04
  8.2614E-03 -6.3209E-02 -1.1114E-04 -2.1403E-04
  8.3192E-03 -6.3826E-02 -1.1271E-04 -2.1704E-04
  8.3775E-03 -6.4448E-02 -1.1429E-04 -2.2009E-04
  8.4362E-03 -6.5074E-02 -1.1590E-04 -2.2318E-04
  8.4953E-03 -6.5706E-02 -1.1753E-04 -2.2632E-04
  8.5548E-03 -6.6342E-02 -1.1918E-04 -2.2950E-04
  8.6147E-03 -6.6984E-02 -1.2085E-04 -2.3273E-04
  8.6750E-03 -6.7630E-02 -1.2255E-04 -2.3600E-04
  8.7358E-03 -6.8281E-02 -1.2427E-04 -2.3931E-04
  8.7969E-03 -6.8937E-02 -1.2602E-04 -2.4267E-04
  8.8585E-03 -6.9598E-02 -1.2779E-04 -2.4608E-04
  8.9205E-03 -7.0264E-02 -1.2959E-04 -2.4954E-04
  8.9830E-03 -7.0935E-02 -1.3141E-04 -2.5305E-04
  9.0458E-03 -7.1611E-02 -1.3325E-04 -2.5660E-04
  9.1092E-03 -7.2292E-02 -1.3513E-04 -2.6021E-04
  9.1729E-03 -7.2978E-02 -1.3702E-04 -2.6386E-04
  9.2371E-03 -7.3669E-02 -1.3895E-04 -2.6757E-04
  9.3018E-03 -7.4365E-02 -1.4090E-04 -2.7133E-04
  9.3669E-03 -7.5066E-02 -1.4288E-04 -2.7514E-04
  9.4324E-03 -7.5772E-02 -1.4489E-04 -2.7900E-04
  9.4984E-03 -7.6484E-02 -1.4692E-04 -2.8292E-04
  9.5648E-03 -7.7200E-02 -1.4898E-04 -2.8689E-04
  9.6318E-03 -7.7921E-02 -1.5107E-04 -2.9092E-04
  9.6991E-03 -7.8647E-02 -1.5320E-04 -2.9500E-04
  9.7670E-03 -7.9378E-02 -1.5535E-04 -2.9914E-04
  9.8353E-03 -8.0115E-02 -1.5753E-04 -3.0334E-04
  9.9041E-03 -8.0856E-02 -1.5974E-04 -3.0760E-04
  9.9734E-03 -8.1603E-02 -1.6198E-04 -3.1192E-04
  1.0043E-02 -8.2354E-02 -1.6425E-04 -3.1630E-04
  1.0113E-02 -8.3110E-02 -1.6656E-04 -3.2074E-04
  1.0184E-02 -8.3872E-02 -1.6890E-04 -3.2524E-04
  1.0255E-02 -8.4638E-02 -1.7127E-04 -3.2980E-04
  1.0327E-02 -8.5410E-02 -1.7367E-04 -3.3443E-04
  1.0399E-02 -8.6187E-02 -1.7611E-04 -3.3912E-04
  1.0472E-02 -8.6968E-02 -1.7858E-04 -3.4388E-04
  1.0545E-02 -8.7755E-02 -1.8108E-04 -3.4871E-04
  1.0619E-02 -8.8546E-02 -1.8362E-04 -3.5360E-04
  1.0693E-02 -8.9342E-02 -1.8620E-04 -3.5856E-04
  1.0768E-02 -9.0144E-02 -1.8881E-04 -3.6359E-04
  1.0843E-02 -9.0950E-02 -1.9146E-04 -3.6869E-04
  1.0919E-02 -9.1761E-02 -1.9415E-04 -3.7386E-04
  1.0995E-02 -9.2578E-02 -1.9687E-04 -3.7910E-04
  1.1072E-02 -9.3399E-02 -1.9963E-04 -3.8442E-04
  1.1149E-02 -9.4224E-02 -2.0243E-04 -3.8981E-04
  1.1227E-02 -9.5055E-02 -2.0527E-04 -3.9528E-04
  1.1306E-02 -9.5891E-02 -2.0815E-04 -4.0082E-04
  1.1385E-02 -9.6731E-02 -2.1107E-04 -4.0644E-04
  1.1464E-02 -9.7576E-02 -2.1403E-04 -4.1214E-04
  1.1544E-02 -9.8426E-02 -2.1703E-04 -4.1792E-04
  1.1625E-02 -9.9280E-02 -2.2007E-04 -4.2378E-04
  1.1706E-02 -1.0014E-01 -2.2315E-04 -4.2972E-04
  1.1788E-02 -1.0100E-01 -2.2628E-04 -4.3574E-04
  1.1870E-02 -1.0187E-01 -2.2946E-04 -4.4185E-04
  1.1953E-02 -1.0274E-01 -2.3267E-04 -4.4805E-04
  1.2037E-02 -1.0362E-01 -2.3593E-04 -4.5433E-04
  1.2121E-02 -1.0450E-01 -2.3924E-04 -4.6069E-04
  1.2205E-02 -1.0539E-01 -2.4259E-04 -4.6715E-04
  1.2291E-02 -1.0628E-01 -2.4599E-04 -4.7370E-04
  1.2377E-02 -1.0718E-01 -2.4944E-04 -4.8034E-04
  1.2463E-02 -1.0808E-01 -2.5294E-04 -4.8707E-04
  1.2550E-02 -1.0898E-01 -2.5648E-04 -4.9389E-04
  1.2638E-02 -1.0989E-01 -2.6007E-04 -5.0081E-04
  1.2726E-02 -1.1080E-01 -2.6372E-04 -5.0783E-04
  1.2815E-02 -1.1172E-01 -2.6741E-04 -5.1495E-04
  1.2904E-02 -1.1264E-01 -2.7116E-04 -5.2216E-04
  1.2994E-02 -1.1356E-01 -2.7496E-04 -5.2948E-04
  1.3085E-02 -1.1449E-01 -2.7881E-04 -5.3689E-04
  1.3176E-02 -1.1543E-01 -2.8272E-04 -5.4442E-04
  1.3268E-02 -1.1636E-01 -2.8668E-04 -5.5204E-04
  1.3361E-02 -1.1730E-01 -2.9069E-04 -5.5977E-04
  1.3454E-02 -1.1825E-01 -2.9476E-04 -5.6761E-04
  1.3548E-02 -1.1919E-01 -2.9889E-04 -5.7556E-04
  1.3643E-02 -1.2014E-01 -3.0308E-04 -5.8363E-04
  1.3738E-02 -1.2110E-01 -3.0732E-04 -5.9180E-04
  1.3834E-02 -1.2206E-01 -3.1163E-04 -6.0009E-04
  1.3930E-02 -1.2302E-01 -3.1599E-04 -6.0849E-04
  1.4027E-02 -1.2398E-01 -3.2042E-04 -6.1701E-04
  1.4125E-02 -1.2495E-01 -3.2490E-04 -6.2565E-04
  1.4224E-02 -1.2592E-01 -3.2945E-04 -6.3441E-04
  1.4323E-02 -1.2690E-01 -3.3407E-04 -6.4329E-04
  1.4423E-02 -1.2788E-01 -3.3874E-04 -6.5230E-04
  1.4524E-02 -1.2886E-01 -3.4349E-04 -6.6143E-04
  1.4625E-02 -1.2984E-01 -3.4830E-04 -6.7069E-04
  1.4727E-02 -1.3082E-01 -3.5317E-04 -6.8008E-04
  1.4830E-02 -1.3181E-01 -3.5812E-04 -6.8960E-04
  1.4933E-02 -1.3280E-01 -3.6313E-04 -6.9926E-04
  1.5037E-02 -1.3379E-01 -3.6821E-04 -7.0905E-04
  1.5142E-02 -1.3479E-01 -3.7337E-04 -7.1897E-04
  1.5248E-02 -1.3579E-01 -3.7859E-04 -7.2903E-04
  1.5354E-02 -1.3679E-01 -3.8389E-04 -7.3924E-04
  1.5461E-02 -1.3779E-01 -3.8926E-04 -7.4958E-04
  1.5569E-02 -1.3879E-01 -3.9471E-04 -7.6007E-04
  1.5678E-02 -1.3980E-01 -4.0024E-04 -7.7071E-04
  1.5787E-02 -1.4080E-01 -4.0584E-04 -7.8149E-04
  1.5897E-02 -1.4181E-01 -4.1152E-04 -7.9243E-04
  1.6008E-02 -1.4282E-01 -4.1727E-04 -8.0352E-04
  1.6120E-02 -1.4383E-01 -4.2311E-04 -8.1476E-04
  1.6232E-02 -1.4484E-01 -4.2903E-04 -8.2616E-04
  1.6345E-02 -1.4585E-01 -4.3504E-04 -8.3772E-04
  1.6459E-02 -1.4687E-01 -4.4112E-04 -8.4944E-04
  1.6574E-02 -1.4788E-01 -4.4729E-04 -8.6133E-04
  1.6689E-02 -1.4889E-01 -4.5355E-04 -8.7338E-04
  1.6806E-02 -1.4991E-01 -4.5990E-04 -8.8559E-04
  1.6923E-02 -1.5092E-01 -4.6633E-04 -8.9798E-04
  1.7041E-02 -1.5194E-01 -4.7285E-04 -9.1054E-04
  1.7160E-02 -1.5295E-01 -4.7947E-04 -9.2328E-04
  1.7279E-02 -1.5396E-01 -4.8618E-04 -9.3620E-04
  1.7400E-02 -1.5498E-01 -4.9298E-04 -9.4929E-04
  1.7521E-02 -1.5599E-01 -4.9987E-04 -9.6257E-04
  1.7643E-02 -1.5700E-01 -5.0686E-04 -9.7603E-04
  1.7766E-02 -1.5801E-01 -5.1395E-04 -9.8968E-04
  1.7890E-02 -1.5902E-01 -5.2114E-04 -1.0035E-03
  1.8015E-02 -1.6003E-01 -5.2843E-04 -1.0176E-03
  1.8140E-02 -1.6104E-01 -5.3582E-04 -1.0318E-03
  1.8267E-02 -1.6205E-01 -5.4331E-04 -1.0462E-03
  1.8394E-02 -1.6305E-01 -5.5091E-04 -1.0608E-03
  1.8522E-02 -1.6405E-01 -5.5861E-04 -1.0757E-03
  1.8651E-02 -1.6505E-01 -5.6642E-04 -1.0907E-03
  1.8781E-02 -1.6605E-01 -5.7434E-04 -1.1060E-03
  1.8912E-02 -1.6704E-01 -5.8237E-04 -1.1214E-03
  1.9044E-02 -1.6803E-01 -5.9051E-04 -1.1371E-03
  1.9176E-02 -1.6902E-01 -5.9877E-04 -1.1530E-03
  1.9310E-02 -1.7000E-01 -6.0714E-04 -1.1691E-03
  1.9445E-02 -1.7098E-01 -6.1563E-04 -1.1855E-03
  1.9580E-02 -1.7196E-01 -6.2424E-04 -1.2020E-03
  1.9716E-02 -1.7293E-01 -6.3296E-04 -1.2188E-03
  1.9854E-02 -1.7390E-01 -6.4181E-04 -1.2359E-03
  1.9992E-02 -1.7487E-01 -6.5078E-04 -1.2532E-03
  2.0131E-02 -1.7582E-01 -6.5988E-04 -1.2707E-03
  2.0272E-02 -1.7678E-01 -6.6910E-04 -1.2884E-03
  2.0413E-02 -1.7773E-01 -6.7845E-04 -1.3064E-03
  2.0555E-02 -1.7867E-01 -6.8794E-04 -1.3247E-03
  2.0698E-02 -1.7961E-01 -6.9755E-04 -1.3432E-03
  2.0842E-02 -1.8054E-01 -7.0730E-04 -1.3620E-03
  2.0988E-02 -1.8146E-01 -7.1719E-04 -1.3810E-03
  2.1134E-02 -1.8238E-01 -7.2721E-04 -1.4003E-03
  2.1281E-02 -1.8330E-01 -7.3737E-04 -1.4199E-03
  2.1429E-02 -1.8420E-01 -7.4767E-04 -1.4397E-03
  2.1578E-02 -1.8510E-01 -7.5812E-04 -1.4598E-03
  2.1729E-02 -1.8599E-01 -7.6872E-04 -1.4802E-03
  2.1880E-02 -1.8687E-01 -7.7946E-04 -1.5009E-03
  2.2032E-02 -1.8774E-01 -7.9035E-04 -1.5219E-03
  2.2186E-02 -1.8861E-01 -8.0139E-04 -1.5432E-03
  2.2340E-02 -1.8946E-01 -8.1259E-04 -1.5647E-03
  2.2496E-02 -1.9031E-01 -8.2394E-04 -1.5866E-03
  2.2652E-02 -1.9115E-01 -8.3545E-04 -1.6087E-03
  2.2810E-02 -1.9197E-01 -8.4712E-04 -1.6312E-03
  2.2969E-02 -1.9279E-01 -8.5896E-04 -1.6540E-03
  2.3129E-02 -1.9360E-01 -8.7096E-04 -1.6771E-03
  2.3290E-02 -1.9439E-01 -8.8313E-04 -1.7005E-03
  2.3452E-02 -1.9518E-01 -8.9546E-04 -1.7243E-03
  2.3615E-02 -1.9595E-01 -9.0797E-04 -1.7484E-03
  2.3780E-02 -1.9671E-01 -9.2065E-04 -1.7728E-03
  2.3945E-02 -1.9746E-01 -9.3351E-04 -1.7976E-03
  2.4112E-02 -1.9820E-01 -9.4655E-04 -1.8227E-03
  2.4280E-02 -1.9893E-01 -9.5977E-04 -1.8481E-03
  2.4449E-02 -1.9964E-01 -9.7318E-04 -1.8739E-03
  2.4619E-02 -2.0033E-01 -9.8677E-04 -1.9001E-03
  2.4790E-02 -2.0102E-01 -1.0006E-03 -1.9266E-03
  2.4963E-02 -2.0169E-01 -1.0145E-03 -1.9535E-03
  2.5137E-02 -2.0234E-01 -1.0287E-03 -1.9808E-03
  2.5312E-02 -2.0298E-01 -1.0431E-03 -2.0085E-03
  2.5488E-02 -2.0361E-01 -1.0576E-03 -2.0365E-03
  2.5665E-02 -2.0422E-01 -1.0724E-03 -2.0650E-03
  2.5844E-02 -2.0481E-01 -1.0874E-03 -2.0938E-03
  2.6024E-02 -2.0539E-01 -1.1026E-03 -2.1230E-03
  2.6205E-02 -2.0595E-01 -1.1179E-03 -2.1527E-03
  2.6387E-02 -2.0649E-01 -1.1336E-03 -2.1827E-03
  2.6571E-02 -2.0702E-01 -1.1494E-03 -2.2132E-03
  2.6756E-02 -2.0752E-01 -1.1654E-03 -2.2441E-03
  2.6942E-02 -2.0801E-01 -1.1817E-03 -2.2754E-03
  2.7129E-02 -2.0848E-01 -1.1982E-03 -2.3072E-03
  2.7318E-02 -2.0893E-01 -1.2149E-03 -2.3394E-03
  2.7508E-02 -2.0936E-01 -1.2319E-03 -2.3721E-03
  2.7700E-02 -2.0978E-01 -1.2491E-03 -2.4052E-03
  2.7892E-02 -2.1017E-01 -1.2665E-03 -2.4388E-03
  2.8087E-02 -2.1054E-01 -1.2842E-03 -2.4728E-03
  2.8282E-02 -2.1088E-01 -1.3021E-03 -2.5073E-03
  2.8479E-02 -2.1121E-01 -1.3203E-03 -2.5423E-03
  2.8677E-02 -2.1152E-01 -1.3387E-03 -2.5778E-03
  2.8876E-02 -2.1180E-01 -1.3574E-03 -2.6138E-03
  2.9077E-02 -2.1206E-01 -1.3764E-03 -2.6503E-03
  2.9280E-02 -2.1229E-01 -1.3956E-03 -2.6873E-03
  2.9483E-02 -2.1250E-01 -1.4151E-03 -2.7248E-03
  2.9688E-02 -2.1269E-01 -1.4348E-03 -2.7628E-03
  2.9895E-02 -2.1286E-01 -1.4548E-03 -2.8014E-03
  3.0103E-02 -2.1299E-01 -1.4751E-03 -2.8404E-03
  3.0312E-02 -2.1311E-01 -1.4957E-03 -2.8801E-03
  3.0523E-02 -2.1319E-01 -1.5166E-03 -2.9203E-03
  3.0736E-02 -2.1325E-01 -1.5378E-03 -2.9610E-03
  3.0949E-02 -2.1328E-01 -1.5592E-03 -3.0023E-03
  3.1165E-02 -2.1329E-01 -1.5810E-03 -3.0442E-03
  3.1381E-02 -2.1327E-01 -1.6031E-03 -3.0867E-03
  3.1600E-02 -2.1322E-01 -1.6254E-03 -3.1298E-03
  3.1820E-02 -2.1314E-01 -1.6481E-03 -3.1734E-03
  3.2041E-02 -2.1303E-01 -1.6711E-03 -3.2177E-03
  3.2264E-02 -2.1289E-01 -1.6944E-03 -3.2626E-03
  3.2488E-02 -2.1272E-01 -1.7181E-03 -3.3081E-03
  3.2714E-02 -2.1252E-01 -1.7420E-03 -3.3543E-03
  3.2942E-02 -2.1230E-01 -1.7663E-03 -3.4011E-03
  3.3171E-02 -2.1204E-01 -1.7910E-03 -3.4485E-03
  3.3402E-02 -2.1174E-01 -1.8160E-03 -3.4966E-03
  3.3634E-02 -2.1142E-01 -1.8413E-03 -3.5454E-03
  3.3868E-02 -2.1106E-01 -1.8670E-03 -3.5949E-03
  3.4103E-02 -2.1067E-01 -1.8930E-03 -3.6450E-03
  3.4340E-02 -2.1025E-01 -1.9194E-03 -3.6959E-03
  3.4579E-02 -2.0979E-01 -1.9462E-03 -3.7474E-03
  3.4820E-02 -2.0930E-01 -1.9734E-03 -3.7997E-03
  3.5062E-02 -2.0877E-01 -2.0009E-03 -3.8527E-03
  3.5306E-02 -2.0821E-01 -2.0288E-03 -3.9064E-03
  3.5551E-02 -2.0761E-01 -2.0571E-03 -3.9609E-03
  3.5798E-02 -2.0698E-01 -2.0858E-03 -4.0161E-03
  3.6047E-02 -2.0631E-01 -2.1149E-03 -4.0721E-03
  3.6298E-02 -2.0560E-01 -2.1444E-03 -4.1289E-03
  3.6550E-02 -2.0485E-01 -2.1743E-03 -4.1865E-03
  3.6805E-02 -2.0407E-01 -2.2046E-03 -4.2449E-03
  3.7061E-02 -2.0325E-01 -2.2354E-03 -4.3041E-03
  3.7318E-02 -2.0239E-01 -2.2665E-03 -4.3641E-03
  3.7578E-02 -2.0149E-01 -2.2981E-03 -4.4250E-03
  3.7839E-02 -2.0055E-01 -2.3302E-03 -4.4867E-03
  3.8102E-02 -1.9958E-01 -2.3627E-03 -4.5492E-03
  3.8367E-02 -1.9856E-01 -2.3956E-03 -4.6126E-03
  3.8634E-02 -1.9750E-01 -2.4290E-03 -4.6770E-03
  3.8902E-02 -1.9640E-01 -2.4629E-03 -4.7422E-03
  3.9173E-02 -1.9526E-01 -2.4972E-03 -4.8083E-03
  3.9445E-02 -1.9408E-01 -2.5321E-03 -4.8753E-03
  3.9719E-02 -1.9286E-01 -2.5674E-03 -4.9433E-03
  3.9996E-02 -1.9159E-01 -2.6032E-03 -5.0122E-03
  4.0274E-02 -1.9028E-01 -2.6395E-03 -5.0821E-03
  4.0554E-02 -1.8893E-01 -2.6763E-03 -5.1529E-03
  4.0836E-02 -1.8754E-01 -2.7136E-03 -5.2247E-03
  4.1119E-02 -1.8610E-01 -2.7514E-03 -5.2976E-03
  4.1405E-02 -1.8462E-01 -2.7898E-03 -5.3714E-03
  4.1693E-02 -1.8309E-01 -2.8287E-03 -5.4463E-03
  4.1983E-02 -1.8152E-01 -2.8681E-03 -5.5222E-03
  4.2275E-02 -1.7990E-01 -2.9081E-03 -5.5992E-03
  4.2569E-02 -1.7824E-01 -2.9486E-03 -5.6772E-03
  4.2865E-02 -1.7654E-01 -2.9897E-03 -5.7563E-03
  4.3163E-02 -1.7479E-01 -3.0314E-03 -5.8365E-03
  4.3463E-02 -1.7299E-01 -3.0736E-03 -5.9179E-03
  4.3765E-02 -1.7115E-01 -3.1165E-03 -6.0004E-03
  4.4069E-02 -1.6926E-01 -3.1599E-03 -6.0840E-03
  4.4375E-02 -1.6732E-01 -3.2040E-03 -6.1688E-03
  4.4684E-02 -1.6534E-01 -3.2486E-03 -6.2547E-03
  4.4994E-02 -1.6331E-01 -3.2939E-03 -6.3419E-03
  4.5307E-02 -1.6124E-01 -3.3398E-03 -6.4302E-03
  4.5622E-02 -1.5912E-01 -3.3863E-03 -6.5198E-03
  4.5939E-02 -1.5695E-01 -3.4335E-03 -6.6107E-03
  4.6258E-02 -1.5473E-01 -3.4814E-03 -6.7028E-03
  4.6580E-02 -1.5247E-01 -3.5299E-03 -6.7962E-03
  4.6904E-02 -1.5016E-01 -3.5791E-03 -6.8909E-03
  4.7230E-02 -1.4780E-01 -3.6289E-03 -6.9869E-03
  4.7558E-02 -1.4539E-01 -3.6795E-03 -7.0842E-03
  4.7888E-02 -1.4294E-01 -3.7308E-03 -7.1829E-03
  4.8221E-02 -1.4044E-01 -3.7828E-03 -7.2829E-03
  4.8556E-02 -1.3789E-01 -3.8355E-03 -7.3844E-03
  4.8894E-02 -1.3529E-01 -3.8889E-03 -7.4873E-03
  4.9234E-02 -1.3265E-01 -3.9431E-03 -7.5915E-03
  4.9576E-02 -1.2996E-01 -3.9980E-03 -7.6973E-03
  4.9920E-02 -1.2722E-01 -4.0537E-03 -7.8045E-03
  5.0267E-02 -1.2444E-01 -4.1102E-03 -7.9132E-03
  5.0617E-02 -1.2160E-01 -4.1675E-03 -8.0234E-03
  5.0968E-02 -1.1872E-01 -4.2255E-03 -8.1352E-03
  5.1323E-02 -1.1580E-01 -4.2844E-03 -8.2485E-03
  5.1679E-02 -1.1282E-01 -4.3440E-03 -8.3633E-03
  5.2038E-02 -1.0980E-01 -4.4046E-03 -8.4798E-03
  5.2400E-02 -1.0674E-01 -4.4659E-03 -8.5979E-03
  5.2764E-02 -1.0363E-01 -4.5281E-03 -8.7176E-03
  5.3131E-02 -1.0047E-01 -4.5912E-03 -8.8390E-03
  5.3500E-02 -9.7265E-02 -4.6551E-03 -8.9621E-03
  5.3872E-02 -9.4017E-02 -4.7200E-03 -9.0868E-03
  5.4246E-02 -9.0724E-02 -4.7857E-03 -9.2134E-03
  5.4623E-02 -8.7386E-02 -4.8523E-03 -9.3416E-03
  5.5002E-02 -8.4004E-02 -4.9199E-03 -9.4717E-03
  5.5385E-02 -8.0579E-02 -4.9884E-03 -9.6036E-03
  5.5769E-02 -7.7110E-02 -5.0579E-03 -9.7373E-03
  5.6157E-02 -7.3598E-02 -5.1283E-03 -9.8728E-03
  5.6547E-02 -7.0044E-02 -5.1997E-03 -1.0010E-02
  5.6940E-02 -6.6448E-02 -5.2721E-03 -1.0150E-02
  5.7336E-02 -6.2810E-02 -5.3455E-03 -1.0291E-02
  5.7734E-02 -5.9132E-02 -5.4200E-03 -1.0434E-02
  5.8135E-02 -5.5414E-02 -5.4954E-03 -1.0579E-02
  5.8539E-02 -5.1656E-02 -5.5719E-03 -1.0727E-02
  5.8946E-02 -4.7859E-02 -5.6495E-03 -1.0876E-02
  5.9355E-02 -4.4024E-02 -5.7281E-03 -1.1027E-02
  5.9768E-02 -4.0151E-02 -5.8079E-03 -1.1181E-02
  6.0183E-02 -3.6241E-02 -5.8887E-03 -1.1336E-02
  6.0601E-02 -3.2295E-02 -5.9707E-03 -1.1494E-02
  6.1022E-02 -2.8314E-02 -6.0538E-03 -1.1654E-02
  6.1446E-02 -2.4298E-02 -6.1381E-03 -1.1816E-02
  6.1873E-02 -2.0249E-02 -6.2235E-03 -1.1981E-02
  6.2303E-02 -1.6167E-02 -6.3101E-03 -1.2147E-02
  6.2736E-02 -1.2052E-02 -6.3979E-03 -1.2316E-02
  6.3172E-02 -7.9068E-03 -6.4870E-03 -1.2488E-02
  6.3610E-02 -3.7314E-03 -6.5773E-03 -1.2661E-02
  6.4052E-02  4.7321E-04 -6.6688E-03 -1.2837E-02
  6.4497E-02  4.7059E-03 -6.7616E-03 -1.3016E-02
  6.4945E-02  8.9656E-03 -6.8557E-03 -1.3197E-02
  6.5397E-02  1.3251E-02 -6.9511E-03 -1.3381E-02
  6.5851E-02  1.7562E-02 -7.0478E-03 -1.3567E-02
  6.6308E-02  2.1896E-02 -7.1459E-03 -1.3755E-02
  6.6769E-02  2.6253E-02 -7.2453E-03 -1.3947E-02
  6.7233E-02  3.0631E-02 -7.3461E-03 -1.4141E-02
  6.7700E-02  3.5030E-02 -7.4483E-03 -1.4337E-02
  6.8170E-02  3.9447E-02 -7.5519E-03 -1.4537E-02
  6.8644E-02  4.3882E-02 -7.6570E-03 -1.4739E-02
  6.9120E-02  4.8333E-02 -7.7635E-03 -1.4944E-02
  6.9601E-02  5.2799E-02 -7.8715E-03 -1.5152E-02
  7.0084E-02  5.7278E-02 -7.9809E-03 -1.5362E-02
  7.0571E-02  6.1770E-02 -8.0919E-03 -1.5576E-02
  7.1061E-02  6.6272E-02 -8.2045E-03 -1.5792E-02
  7.1555E-02  7.0784E-02 -8.3186E-03 -1.6012E-02
  7.2052E-02  7.5303E-02 -8.4343E-03 -1.6234E-02
  7.2552E-02  7.9828E-02 -8.5516E-03 -1.6460E-02
  7.3056E-02  8.4358E-02 -8.6705E-03 -1.6689E-02
  7.3564E-02  8.8891E-02 -8.7911E-03 -1.6921E-02
  7.4075E-02  9.3426E-02 -8.9133E-03 -1.7156E-02
  7.4589E-02  9.7960E-02 -9.0372E-03 -1.7394E-02
  7.5107E-02  1.0249E-01 -9.1629E-03 -1.7636E-02
  7.5629E-02  1.0702E-01 -9.2903E-03 -1.7881E-02
  7.6154E-02  1.1154E-01 -9.4194E-03 -1.8130E-02
  7.6683E-02  1.1606E-01 -9.5504E-03 -1.8382E-02
  7.7216E-02  1.2057E-01 -9.6832E-03 -1.8637E-02
  7.7752E-02  1.2506E-01 -9.8178E-03 -1.8896E-02
  7.8292E-02  1.2955E-01 -9.9542E-03 -1.9158E-02
  7.8836E-02  1.3402E-01 -1.0093E-02 -1.9425E-02
  7.9383E-02  1.3847E-01 -1.0233E-02 -1.9694E-02
  7.9935E-02  1.4290E-01 -1.0375E-02 -1.9968E-02
  8.0490E-02  1.4732E-01 -1.0519E-02 -2.0245E-02
  8.1049E-02  1.5171E-01 -1.0665E-02 -2.0526E-02
  8.1612E-02  1.5608E-01 -1.0814E-02 -2.0811E-02
  8.2179E-02  1.6042E-01 -1.0964E-02 -2.1100E-02
  8.2749E-02  1.6473E-01 -1.1116E-02 -2.1393E-02
  8.3324E-02  1.6901E-01 -1.1271E-02 -2.1691E-02
  8.3903E-02  1.7326E-01 -1.1427E-02 -2.1992E-02
  8.4486E-02  1.7748E-01 -1.1586E-02 -2.2297E-02
  8.5072E-02  1.8166E-01 -1.1747E-02 -2.2607E-02
  8.5663E-02  1.8580E-01 -1.1910E-02 -2.2920E-02
  8.6258E-02  1.8989E-01 -1.2076E-02 -2.3239E-02
  8.6857E-02  1.9395E-01 -1.2243E-02 -2.3561E-02
  8.7460E-02  1.9796E-01 -1.2413E-02 -2.3888E-02
  8.8068E-02  2.0192E-01 -1.2586E-02 -2.4220E-02
  8.8679E-02  2.0584E-01 -1.2761E-02 -2.4556E-02
  8.9295E-02  2.0970E-01 -1.2938E-02 -2.4896E-02
  8.9915E-02  2.1350E-01 -1.3117E-02 -2.5242E-02
  9.0540E-02  2.1725E-01 -1.3300E-02 -2.5592E-02
  9.1168E-02  2.2094E-01 -1.3484E-02 -2.5947E-02
  9.1802E-02  2.2457E-01 -1.3671E-02 -2.6307E-02
  9.2439E-02  2.2814E-01 -1.3861E-02 -2.6672E-02
  9.3081E-02  2.3164E-01 -1.4054E-02 -2.7042E-02
  9.3727E-02  2.3507E-01 -1.4249E-02 -2.7417E-02
  9.4378E-02  2.3843E-01 -1.4446E-02 -2.7797E-02
  9.5034E-02  2.4172E-01 -1.4647E-02 -2.8183E-02
  9.5694E-02  2.4494E-01 -1.4850E-02 -2.8574E-02
  9.6358E-02  2.4808E-01 -1.5056E-02 -2.8970E-02
  9.7027E-02  2.5113E-01 -1.5265E-02 -2.9371E-02
  9.7701E-02  2.5411E-01 -1.5477E-02 -2.9779E-02
  9.8379E-02  2.5700E-01 -1.5692E-02 -3.0191E-02
  9.9063E-02  2.5981E-01 -1.5909E-02 -3.0610E-02
  9.9750E-02  2.6252E-01 -1.6130E-02 -3.1034E-02
  1.0044E-01  2.6515E-01 -1.6354E-02 -3.1464E-02
  1.0114E-01  2.6768E-01 -1.6581E-02 -3.1900E-02
  1.0184E-01  2.7012E-01 -1.6811E-02 -3.2342E-02
  1.0255E-01  2.7246E-01 -1.7044E-02 -3.2790E-02
  1.0326E-01  2.7470E-01 -1.7280E-02 -3.3244E-02
  1.0398E-01  2.7683E-01 -1.7520E-02 -3.3705E-02
  1.0470E-01  2.7887E-01 -1.7763E-02 -3.4172E-02
  1.0543E-01  2.8079E-01 -1.8009E-02 -3.4645E-02
  1.0616E-01  2.8261E-01 -1.8259E-02 -3.5125E-02
  1.0690E-01  2.8432E-01 -1.8512E-02 -3.5611E-02
  1.0764E-01  2.8591E-01 -1.8768E-02 -3.6104E-02
  1.0839E-01  2.8739E-01 -1.9028E-02 -3.6604E-02
  1.0914E-01  2.8875E-01 -1.9292E-02 -3.7111E-02
  1.0990E-01  2.8999E-01 -1.9559E-02 -3.7625E-02
  1.1066E-01  2.9111E-01 -1.9830E-02 -3.8145E-02
  1.1143E-01  2.9211E-01 -2.0105E-02 -3.8673E-02
  1.1220E-01  2.9299E-01 -2.0384E-02 -3.9208E-02
  1.1298E-01  2.9373E-01 -2.0666E-02 -3.9751E-02
  1.1377E-01  2.9435E-01 -2.0952E-02 -4.0301E-02
  1.1456E-01  2.9484E-01 -2.1243E-02 -4.0858E-02
  1.1535E-01  2.9520E-01 -2.1537E-02 -4.1423E-02
  1.1615E-01  2.9542E-01 -2.1835E-02 -4.1996E-02
  1.1696E-01  2.9551E-01 -2.2137E-02 -4.2577E-02
  1.1777E-01  2.9546E-01 -2.2444E-02 -4.3166E-02
  1.1859E-01  2.9527E-01 -2.2755E-02 -4.3763E-02
  1.1941E-01  2.9494E-01 -2.3070E-02 -4.4368E-02
  1.2024E-01  2.9447E-01 -2.3389E-02 -4.4981E-02
  1.2108E-01  2.9386E-01 -2.3713E-02 -4.5603E-02
  1.2192E-01  2.9310E-01 -2.4041E-02 -4.6233E-02
  1.2276E-01  2.9220E-01 -2.4373E-02 -4.6871E-02
  1.2362E-01  2.9115E-01 -2.4711E-02 -4.7519E-02
  1.2447E-01  2.8996E-01 -2.5053E-02 -4.8175E-02
  1.2534E-01  2.8861E-01 -2.5399E-02 -4.8841E-02
  1.2621E-01  2.8712E-01 -2.5750E-02 -4.9515E-02
  1.2708E-01  2.8547E-01 -2.6107E-02 -5.0199E-02
  1.2797E-01  2.8368E-01 -2.6468E-02 -5.0892E-02
  1.2886E-01  2.8173E-01 -2.6834E-02 -5.1595E-02
  1.2975E-01  2.7963E-01 -2.7204E-02 -5.2307E-02
  1.3065E-01  2.7738E-01 -2.7581E-02 -5.3029E-02
  1.3156E-01  2.7497E-01 -2.7962E-02 -5.3760E-02
  1.3247E-01  2.7241E-01 -2.8348E-02 -5.4502E-02
  1.3339E-01  2.6969E-01 -2.8740E-02 -5.5254E-02
  1.3432E-01  2.6682E-01 -2.9137E-02 -5.6016E-02
  1.3525E-01  2.6380E-01 -2.9540E-02 -5.6789E-02
  1.3619E-01  2.6062E-01 -2.9948E-02 -5.7572E-02
  1.3713E-01  2.5728E-01 -3.0361E-02 -5.8365E-02
  1.3809E-01  2.5379E-01 -3.0781E-02 -5.9170E-02
  1.3904E-01  2.5014E-01 -3.1206E-02 -5.9985E-02
  1.4001E-01  2.4634E-01 -3.1637E-02 -6.0812E-02
  1.4098E-01  2.4239E-01 -3.2073E-02 -6.1650E-02
  1.4196E-01  2.3828E-01 -3.2516E-02 -6.2499E-02
  1.4295E-01  2.3402E-01 -3.2965E-02 -6.3360E-02
  1.4394E-01  2.2961E-01 -3.3420E-02 -6.4233E-02
  1.4494E-01  2.2505E-01 -3.3881E-02 -6.5117E-02
  1.4594E-01  2.2033E-01 -3.4348E-02 -6.6013E-02
  1.4696E-01  2.1547E-01 -3.4822E-02 -6.6922E-02
  1.4798E-01  2.1046E-01 -3.5302E-02 -6.7843E-02
  1.4900E-01  2.0530E-01 -3.5789E-02 -6.8776E-02
  1.5004E-01  1.9999E-01 -3.6283E-02 -6.9722E-02
  1.5108E-01  1.9454E-01 -3.6783E-02 -7.0681E-02
  1.5213E-01  1.8895E-01 -3.7290E-02 -7.1653E-02
  1.5319E-01  1.8321E-01 -3.7804E-02 -7.2638E-02
  1.5425E-01  1.7734E-01 -3.8324E-02 -7.3637E-02
  1.5532E-01  1.7133E-01 -3.8852E-02 -7.4649E-02
  1.5640E-01  1.6519E-01 -3.9388E-02 -7.5674E-02
  1.5748E-01  1.5891E-01 -3.9930E-02 -7.6714E-02
  1.5858E-01  1.5250E-01 -4.0480E-02 -7.7768E-02
  1.5968E-01  1.4596E-01 -4.1037E-02 -7.8835E-02
  1.6079E-01  1.3929E-01 -4.1602E-02 -7.9918E-02
  1.6190E-01  1.3250E-01 -4.2175E-02 -8.1015E-02
  1.6303E-01  1.2559E-01 -4.2755E-02 -8.2126E-02
  1.6416E-01  1.1856E-01 -4.3343E-02 -8.3253E-02
  1.6530E-01  1.1142E-01 -4.3940E-02 -8.4395E-02
  1.6644E-01  1.0416E-01 -4.4544E-02 -8.5552E-02
  1.6760E-01  9.6799E-02 -4.5156E-02 -8.6725E-02
  1.6876E-01  8.9328E-02 -4.5777E-02 -8.7914E-02
  1.6994E-01  8.1754E-02 -4.6407E-02 -8.9119E-02
  1.7111E-01  7.4082E-02 -4.7044E-02 -9.0340E-02
  1.7230E-01  6.6314E-02 -4.7691E-02 -9.1577E-02
  1.7350E-01  5.8454E-02 -4.8346E-02 -9.2831E-02
  1.7470E-01  5.0506E-02 -4.9010E-02 -9.4102E-02
  1.7592E-01  4.2474E-02 -4.9683E-02 -9.5390E-02
  1.7714E-01  3.4362E-02 -5.0365E-02 -9.6695E-02
  1.7837E-01  2.6175E-02 -5.1056E-02 -9.8018E-02
  1.7960E-01  1.7915E-02 -5.1757E-02 -9.9358E-02
  1.8085E-01  9.5884E-03 -5.2467E-02 -1.0072E-01
  1.8211E-01  1.1987E-03 -5.3187E-02 -1.0209E-01
  1.8337E-01 -7.2494E-03 -5.3916E-02 -1.0349E-01
  1.8464E-01 -1.5751E-02 -5.4656E-02 -1.0490E-01
  1.8593E-01 -2.4302E-02 -5.5405E-02 -1.0633E-01
  1.8722E-01 -3.2897E-02 -5.6164E-02 -1.0779E-01
  1.8852E-01 -4.1532E-02 -5.6934E-02 -1.0926E-01
  1.8982E-01 -5.0200E-02 -5.7714E-02 -1.1075E-01
  1.9114E-01 -5.8899E-02 -5.8504E-02 -1.1226E-01
  1.9247E-01 -6.7621E-02 -5.9305E-02 -1.1379E-01
  1.9380E-01 -7.6362E-02 -6.0117E-02 -1.1534E-01
  1.9515E-01 -8.5116E-02 -6.0940E-02 -1.1691E-01
  1.9650E-01 -9.3879E-02 -6.1773E-02 -1.1850E-01
  1.9787E-01 -1.0264E-01 -6.2618E-02 -1.2012E-01
  1.9924E-01 -1.1141E-01 -6.3475E-02 -1.2175E-01
  2.0062E-01 -1.2016E-01 -6.4342E-02 -1.2341E-01
  2.0202E-01 -1.2890E-01 -6.5222E-02 -1.2509E-01
  2.0342E-01 -1.3762E-01 -6.6113E-02 -1.2679E-01
  2.0483E-01 -1.4632E-01 -6.7016E-02 -1.2851E-01
  2.0625E-01 -1.5498E-01 -6.7931E-02 -1.3026E-01
  2.0768E-01 -1.6361E-01 -6.8859E-02 -1.3203E-01
  2.0913E-01 -1.7219E-01 -6.9798E-02 -1.3382E-01
  2.1058E-01 -1.8072E-01 -7.0751E-02 -1.3564E-01
  2.1204E-01 -1.8920E-01 -7.1716E-02 -1.3748E-01
  2.1351E-01 -1.9762E-01 -7.2694E-02 -1.3934E-01
  2.1499E-01 -2.0597E-01 -7.3685E-02 -1.4123E-01
  2.1649E-01 -2.1425E-01 -7.4689E-02 -1.4315E-01
  2.1799E-01 -2.2245E-01 -7.5706E-02 -1.4509E-01
  2.1950E-01 -2.3056E-01 -7.6737E-02 -1.4705E-01
  2.2102E-01 -2.3858E-01 -7.7782E-02 -1.4904E-01
  2.2256E-01 -2.4650E-01 -7.8841E-02 -1.5106E-01
  2.2410E-01 -2.5432E-01 -7.9913E-02 -1.5310E-01
  2.2566E-01 -2.6203E-01 -8.1000E-02 -1.5517E-01
  2.2723E-01 -2.6963E-01 -8.2102E-02 -1.5726E-01
  2.2880E-01 -2.7710E-01 -8.3217E-02 -1.5939E-01
  2.3039E-01 -2.8444E-01 -8.4348E-02 -1.6154E-01
  2.3199E-01 -2.9165E-01 -8.5494E-02 -1.6372E-01
  2.3360E-01 -2.9872E-01 -8.6654E-02 -1.6593E-01
  2.3522E-01 -3.0564E-01 -8.7831E-02 -1.6816E-01
  2.3685E-01 -3.1241E-01 -8.9022E-02 -1.7043E-01
  2.3850E-01 -3.1902E-01 -9.0229E-02 -1.7272E-01
  2.4015E-01 -3.2547E-01 -9.1453E-02 -1.7505E-01
  2.4182E-01 -3.3174E-01 -9.2692E-02 -1.7740E-01
  2.4350E-01 -3.3785E-01 -9.3948E-02 -1.7979E-01
  2.4519E-01 -3.4376E-01 -9.5220E-02 -1.8220E-01
  2.4689E-01 -3.4950E-01 -9.6509E-02 -1.8465E-01
  2.4860E-01 -3.5504E-01 -9.7814E-02 -1.8713E-01
  2.5033E-01 -3.6038E-01 -9.9137E-02 -1.8964E-01
  2.5207E-01 -3.6551E-01 -1.0048E-01 -1.9218E-01
  2.5382E-01 -3.7044E-01 -1.0184E-01 -1.9475E-01
  2.5558E-01 -3.7515E-01 -1.0321E-01 -1.9736E-01
  2.5735E-01 -3.7965E-01 -1.0460E-01 -2.0000E-01
  2.5914E-01 -3.8392E-01 -1.0602E-01 -2.0268E-01
  2.6094E-01 -3.8796E-01 -1.0745E-01 -2.0539E-01
  2.6275E-01 -3.9176E-01 -1.0889E-01 -2.0813E-01
  2.6457E-01 -3.9533E-01 -1.1036E-01 -2.1091E-01
  2.6641E-01 -3.9865E-01 -1.1185E-01 -2.1372E-01
  2.6826E-01 -4.0172E-01 -1.1335E-01 -2.1657E-01
  2.7012E-01 -4.0454E-01 -1.1488E-01 -2.1946E-01
  2.7199E-01 -4.0711E-01 -1.1642E-01 -2.2238E-01
  2.7388E-01 -4.0941E-01 -1.1799E-01 -2.2534E-01
  2.7578E-01 -4.1146E-01 -1.1957E-01 -2.2833E-01
  2.7770E-01 -4.1323E-01 -1.2118E-01 -2.3136E-01
  2.7962E-01 -4.1473E-01 -1.2281E-01 -2.3443E-01
  2.8156E-01 -4.1595E-01 -1.2445E-01 -2.3754E-01
  2.8352E-01 -4.1690E-01 -1.2612E-01 -2.4069E-01
  2.8549E-01 -4.1757E-01 -1.2781E-01 -2.4388E-01
  2.8747E-01 -4.1795E-01 -1.2952E-01 -2.4711E-01
  2.8946E-01 -4.1805E-01 -1.3126E-01 -2.5037E-01
  2.9147E-01 -4.1785E-01 -1.3301E-01 -2.5368E-01
  2.9349E-01 -4.1737E-01 -1.3479E-01 -2.5703E-01
  2.9553E-01 -4.1659E-01 -1.3659E-01 -2.6042E-01
  2.9758E-01 -4.1552E-01 -1.3842E-01 -2.6385E-01
  2.9965E-01 -4.1415E-01 -1.4026E-01 -2.6733E-01
  3.0173E-01 -4.1248E-01 -1.4214E-01 -2.7084E-01
  3.0382E-01 -4.1051E-01 -1.4403E-01 -2.7440E-01
  3.0593E-01 -4.0824E-01 -1.4595E-01 -2.7800E-01
  3.0805E-01 -4.0567E-01 -1.4789E-01 -2.8165E-01
  3.1019E-01 -4.0279E-01 -1.4986E-01 -2.8534E-01
  3.1234E-01 -3.9961E-01 -1.5185E-01 -2.8908E-01
  3.1451E-01 -3.9613E-01 -1.5387E-01 -2.9286E-01
  3.1669E-01 -3.9235E-01 -1.5591E-01 -2.9669E-01
  3.1889E-01 -3.8826E-01 -1.5798E-01 -3.0056E-01
  3.2111E-01 -3.8387E-01 -1.6007E-01 -3.0448E-01
  3.2333E-01 -3.7918E-01 -1.6219E-01 -3.0844E-01
  3.2558E-01 -3.7419E-01 -1.6434E-01 -3.1246E-01
  3.2784E-01 -3.6890E-01 -1.6652E-01 -3.1652E-01
  3.3011E-01 -3.6331E-01 -1.6872E-01 -3.2063E-01
  3.3240E-01 -3.5742E-01 -1.7094E-01 -3.2478E-01
  3.3471E-01 -3.5124E-01 -1.7320E-01 -3.2899E-01
  3.3703E-01 -3.4477E-01 -1.7549E-01 -3.3325E-01
  3.3937E-01 -3.3801E-01 -1.7780E-01 -3.3755E-01
  3.4173E-01 -3.3095E-01 -1.8014E-01 -3.4191E-01
  3.4410E-01 -3.2362E-01 -1.8251E-01 -3.4632E-01
  3.4649E-01 -3.1600E-01 -1.8491E-01 -3.5077E-01
  3.4889E-01 -3.0810E-01 -1.8734E-01 -3.5528E-01
  3.5131E-01 -2.9993E-01 -1.8979E-01 -3.5985E-01
  3.5375E-01 -2.9149E-01 -1.9228E-01 -3.6446E-01
  3.5621E-01 -2.8278E-01 -1.9480E-01 -3.6913E-01
  3.5868E-01 -2.7381E-01 -1.9735E-01 -3.7385E-01
  3.6117E-01 -2.6457E-01 -1.9993E-01 -3.7862E-01
  3.6367E-01 -2.5509E-01 -2.0254E-01 -3.8345E-01
  3.6620E-01 -2.4535E-01 -2.0519E-01 -3.8833E-01
  3.6874E-01 -2.3537E-01 -2.0786E-01 -3.9327E-01
  3.7130E-01 -2.2516E-01 -2.1057E-01 -3.9826E-01
  3.7388E-01 -2.1471E-01 -2.1331E-01 -4.0331E-01
  3.7647E-01 -2.0403E-01 -2.1608E-01 -4.0841E-01
  3.7908E-01 -1.9313E-01 -2.1889E-01 -4.1357E-01
  3.8171E-01 -1.8202E-01 -2.2173E-01 -4.1879E-01
  3.8436E-01 -1.7070E-01 -2.2460E-01 -4.2406E-01
  3.8703E-01 -1.5917E-01 -2.2751E-01 -4.2939E-01
  3.8972E-01 -1.4746E-01 -2.3045E-01 -4.3478E-01
  3.9242E-01 -1.3555E-01 -2.3343E-01 -4.4023E-01
  3.9514E-01 -1.2346E-01 -2.3644E-01 -4.4573E-01
  3.9789E-01 -1.1120E-01 -2.3949E-01 -4.5130E-01
  4.0065E-01 -9.8780E-02 -2.4257E-01 -4.5692E-01
  4.0343E-01 -8.6197E-02 -2.4569E-01 -4.6260E-01
  4.0623E-01 -7.3465E-02 -2.4884E-01 -4.6834E-01
  4.0905E-01 -6.0591E-02 -2.5204E-01 -4.7414E-01
  4.1189E-01 -4.7584E-02 -2.5527E-01 -4.8000E-01
  4.1474E-01 -3.4452E-02 -2.5853E-01 -4.8592E-01
  4.1762E-01 -2.1204E-02 -2.6184E-01 -4.9190E-01
  4.2052E-01 -7.8495E-03 -2.6518E-01 -4.9794E-01
  4.2344E-01  5.6034E-03 -2.6856E-01 -5.0404E-01
  4.2638E-01  1.9145E-02 -2.7198E-01 -5.1021E-01
  4.2934E-01  3.2767E-02 -2.7543E-01 -5.1643E-01
  4.3232E-01  4.6459E-02 -2.7893E-01 -5.2272E-01
  4.3532E-01  6.0212E-02 -2.8247E-01 -5.2906E-01
  4.3834E-01  7.4016E-02 -2.8604E-01 -5.3547E-01
  4.4138E-01  8.7862E-02 -2.8966E-01 -5.4194E-01
  4.4444E-01  1.0174E-01 -2.9331E-01 -5.4848E-01
  4.4753E-01  1.1564E-01 -2.9701E-01 -5.5507E-01
  4.5063E-01  1.2955E-01 -3.0075E-01 -5.6172E-01
  4.5376E-01  1.4346E-01 -3.0453E-01 -5.6844E-01
  4.5691E-01  1.5736E-01 -3.0835E-01 -5.7522E-01
  4.6008E-01  1.7125E-01 -3.1221E-01 -5.8206E-01
  4.6327E-01  1.8510E-01 -3.1612E-01 -5.8896E-01
  4.6649E-01  1.9892E-01 -3.2006E-01 -5.9593E-01
  4.6972E-01  2.1268E-01 -3.2405E-01 -6.0295E-01
  4.7298E-01  2.2639E-01 -3.2808E-01 -6.1004E-01
  4.7627E-01  2.4002E-01 -3.3216E-01 -6.1718E-01
  4.7957E-01  2.5357E-01 -3.3628E-01 -6.2439E-01
  4.8290E-01  2.6703E-01 -3.4044E-01 -6.3166E-01
  4.8625E-01  2.8039E-01 -3.4465E-01 -6.3899E-01
  4.8962E-01  2.9363E-01 -3.4890E-01 -6.4638E-01
  4.9302E-01  3.0675E-01 -3.5319E-01 -6.5383E-01
  4.9644E-01  3.1973E-01 -3.5753E-01 -6.6133E-01
  4.9989E-01  3.3257E-01 -3.6192E-01 -6.6890E-01
  5.0336E-01  3.4526E-01 -3.6635E-01 -6.7653E-01
  5.0685E-01  3.5778E-01 -3.7082E-01 -6.8421E-01
  5.1037E-01  3.7012E-01 -3.7534E-01 -6.9195E-01
  5.1391E-01  3.8227E-01 -3.7991E-01 -6.9975E-01
  5.1748E-01  3.9423E-01 -3.8452E-01 -7.0760E-01
  5.2107E-01  4.0598E-01 -3.8918E-01 -7.1551E-01
  5.2468E-01  4.1751E-01 -3.9388E-01 -7.2347E-01
  5.2832E-01  4.2882E-01 -3.9863E-01 -7.3149E-01
  5.3199E-01  4.3988E-01 -4.0343E-01 -7.3956E-01
  5.3568E-01  4.5071E-01 -4.0827E-01 -7.4768E-01
  5.3940E-01  4.6127E-01 -4.1316E-01 -7.5585E-01
  5.4314E-01  4.7157E-01 -4.1810E-01 -7.6407E-01
  5.4691E-01  4.8159E-01 -4.2308E-01 -7.7235E-01
  5.5071E-01  4.9132E-01 -4.2811E-01 -7.8067E-01
  5.5453E-01  5.0076E-01 -4.3319E-01 -7.8904E-01
  5.5838E-01  5.0990E-01 -4.3831E-01 -7.9745E-01
  5.6225E-01  5.1873E-01 -4.4348E-01 -8.0591E-01
  5.6615E-01  5.2723E-01 -4.4870E-01 -8.1441E-01
  5.7008E-01  5.3540E-01 -4.5397E-01 -8.2295E-01
  5.7404E-01  5.4324E-01 -4.5928E-01 -8.3153E-01
  5.7802E-01  5.5073E-01 -4.6464E-01 -8.4015E-01
  5.8203E-01  5.5786E-01 -4.7005E-01 -8.4881E-01
  5.8607E-01  5.6464E-01 -4.7550E-01 -8.5751E-01
  5.9014E-01  5.7104E-01 -4.8101E-01 -8.6623E-01
  5.9423E-01  5.7707E-01 -4.8656E-01 -8.7499E-01
  5.9836E-01  5.8271E-01 -4.9215E-01 -8.8378E-01
  6.0251E-01  5.8796E-01 -4.9779E-01 -8.9260E-01
  6.0669E-01  5.9282E-01 -5.0348E-01 -9.0144E-01
  6.1090E-01  5.9726E-01 -5.0922E-01 -9.1030E-01
  6.1514E-01  6.0130E-01 -5.1500E-01 -9.1919E-01
  6.1941E-01  6.0493E-01 -5.2083E-01 -9.2809E-01
  6.2371E-01  6.0813E-01 -5.2670E-01 -9.3701E-01
  6.2804E-01  6.1090E-01 -5.3262E-01 -9.4594E-01
  6.3239E-01  6.1324E-01 -5.3858E-01 -9.5489E-01
  6.3678E-01  6.1515E-01 -5.4459E-01 -9.6384E-01
  6.4120E-01  6.1661E-01 -5.5065E-01 -9.7280E-01
  6.4565E-01  6.1763E-01 -5.5675E-01 -9.8176E-01
  6.5013E-01  6.1819E-01 -5.6289E-01 -9.9072E-01
  6.5464E-01  6.1831E-01 -5.6907E-01 -9.9967E-01
  6.5919E-01  6.1796E-01 -5.7530E-01 -1.0086E+00
  6.6376E-01  6.1716E-01 -5.8157E-01 -1.0176E+00
  6.6837E-01  6.1589E-01 -5.8789E-01 -1.0265E+00
  6.7300E-01  6.1416E-01 -5.9424E-01 -1.0354E+00
  6.7767E-01  6.1196E-01 -6.0064E-01 -1.0443E+00
  6.8238E-01  6.0929E-01 -6.0707E-01 -1.0531E+00
  6.8711E-01  6.0615E-01 -6.1355E-01 -1.0620E+00
  6.9188E-01  6.0254E-01 -6.2006E-01 -1.0708E+00
  6.9668E-01  5.9846E-01 -6.2661E-01 -1.0795E+00
  7.0151E-01  5.9391E-01 -6.3320E-01 -1.0882E+00
  7.0638E-01  5.8888E-01 -6.3983E-01 -1.0969E+00
  7.1128E-01  5.8338E-01 -6.4649E-01 -1.1055E+00
  7.1622E-01  5.7741E-01 -6.5319E-01 -1.1141E+00
  7.2119E-01  5.7097E-01 -6.5992E-01 -1.1226E+00
  7.2619E-01  5.6406E-01 -6.6669E-01 -1.1310E+00
  7.3123E-01  5.5669E-01 -6.7349E-01 -1.1394E+00
  7.3631E-01  5.4885E-01 -6.8031E-01 -1.1477E+00
  7.4142E-01  5.4054E-01 -6.8717E-01 -1.1559E+00
  7.4656E-01  5.3178E-01 -6.9406E-01 -1.1640E+00
  7.5174E-01  5.2257E-01 -7.0097E-01 -1.1720E+00
  7.5696E-01  5.1290E-01 -7.0791E-01 -1.1800E+00
  7.6221E-01  5.0278E-01 -7.1488E-01 -1.1878E+00
  7.6750E-01  4.9222E-01 -7.2187E-01 -1.1955E+00
  7.7283E-01  4.8122E-01 -7.2888E-01 -1.2031E+00
  7.7819E-01  4.6978E-01 -7.3591E-01 -1.2106E+00
  7.8359E-01  4.5792E-01 -7.4297E-01 -1.2179E+00
  7.8903E-01  4.4564E-01 -7.5004E-01 -1.2251E+00
  7.9450E-01  4.3293E-01 -7.5712E-01 -1.2322E+00
  8.0002E-01  4.1982E-01 -7.6422E-01 -1.2391E+00
  8.0557E-01  4.0631E-01 -7.7134E-01 -1.2459E+00
  8.1116E-01  3.9240E-01 -7.7846E-01 -1.2525E+00
  8.1679E-01  3.7810E-01 -7.8559E-01 -1.2589E+00
  8.2245E-01  3.6342E-01 -7.9273E-01 -1.2652E+00
  8.2816E-01  3.4837E-01 -7.9988E-01 -1.2712E+00
  8.3391E-01  3.3296E-01 -8.0703E-01 -1.2771E+00
  8.3969E-01  3.1719E-01 -8.1418E-01 -1.2828E+00
  8.4552E-01  3.0108E-01 -8.2132E-01 -1.2882E+00
  8.5139E-01  2.8463E-01 -8.2847E-01 -1.2935E+00
  8.5730E-01  2.6786E-01 -8.3561E-01 -1.2985E+00
  8.6324E-01  2.5077E-01 -8.4273E-01 -1.3033E+00
  8.6923E-01  2.3338E-01 -8.4985E-01 -1.3078E+00
  8.7527E-01  2.1569E-01 -8.5696E-01 -1.3121E+00
  8.8134E-01  1.9772E-01 -8.6404E-01 -1.3162E+00
  8.8746E-01  1.7948E-01 -8.7111E-01 -1.3200E+00
  8.9361E-01  1.6098E-01 -8.7816E-01 -1.3235E+00
  8.9981E-01  1.4223E-01 -8.8518E-01 -1.3267E+00
  9.0606E-01  1.2325E-01 -8.9217E-01 -1.3296E+00
  9.1235E-01  1.0404E-01 -8.9913E-01 -1.3323E+00
  9.1868E-01  8.4620E-02 -9.0606E-01 -1.3346E+00
  9.2505E-01  6.5004E-02 -9.1295E-01 -1.3366E+00
  9.3147E-01  4.5204E-02 -9.1980E-01 -1.3383E+00
  9.3793E-01  2.5233E-02 -9.2660E-01 -1.3396E+00
  9.4444E-01  5.1050E-03 -9.3336E-01 -1.3407E+00
  9.5100E-01 -1.5167E-02 -9.4007E-01 -1.3413E+00
  9.5759E-01 -3.5567E-02 -9.4672E-01 -1.3416E+00
  9.6424E-01 -5.6083E-02 -9.5331E-01 -1.3416E+00
  9.7093E-01 -7.6700E-02 -9.5983E-01 -1.3411E+00
  9.7767E-01 -9.7403E-02 -9.6629E-01 -1.3403E+00
  9.8445E-01 -1.1818E-01 -9.7268E-01 -1.3391E+00
  9.9128E-01 -1.3901E-01 -9.7899E-01 -1.3375E+00
  9.9816E-01 -1.5988E-01 -9.8522E-01 -1.3355E+00
  1.0051E+00 -1.8078E-01 -9.9137E-01 -1.3331E+00
  1.0121E+00 -2.0168E-01 -9.9743E-01 -1.3302E+00
  1.0191E+00 -2.2259E-01 -1.0034E+00 -1.3269E+00
  1.0262E+00 -2.4347E-01 -1.0093E+00 -1.3232E+00
  1.0333E+00 -2.6432E-01 -1.0150E+00 -1.3191E+00
  1.0404E+00 -2.8511E-01 -1.0207E+00 -1.3145E+00
  1.0477E+00 -3.0584E-01 -1.0262E+00 -1.3094E+00
  1.0549E+00 -3.2648E-01 -1.0316E+00 -1.3039E+00
  1.0623E+00 -3.4702E-01 -1.0369E+00 -1.2979E+00
  1.0696E+00 -3.6745E-01 -1.0421E+00 -1.2914E+00
  1.0770E+00 -3.8775E-01 -1.0471E+00 -1.2845E+00
  1.0845E+00 -4.0790E-01 -1.0520E+00 -1.2771E+00
  1.0920E+00 -4.2788E-01 -1.0568E+00 -1.2692E+00
  1.0996E+00 -4.4768E-01 -1.0614E+00 -1.2608E+00
  1.1073E+00 -4.6729E-01 -1.0658E+00 -1.2520E+00
  1.1149E+00 -4.8668E-01 -1.0701E+00 -1.2426E+00
  1.1227E+00 -5.0585E-01 -1.0742E+00 -1.2328E+00
  1.1305E+00 -5.2477E-01 -1.0781E+00 -1.2224E+00
  1.1383E+00 -5.4343E-01 -1.0819E+00 -1.2116E+00
  1.1462E+00 -5.6181E-01 -1.0854E+00 -1.2002E+00
  1.1542E+00 -5.7990E-01 -1.0888E+00 -1.1884E+00
  1.1622E+00 -5.9768E-01 -1.0919E+00 -1.1761E+00
  1.1702E+00 -6.1514E-01 -1.0949E+00 -1.1633E+00
  1.1784E+00 -6.3225E-01 -1.0976E+00 -1.1500E+00
  1.1865E+00 -6.4901E-01 -1.1001E+00 -1.1362E+00
  1.1948E+00 -6.6540E-01 -1.1024E+00 -1.1219E+00
  1.2031E+00 -6.8140E-01 -1.1044E+00 -1.1072E+00
  1.2114E+00 -6.9700E-01 -1.1062E+00 -1.0919E+00
  1.2198E+00 -7.1219E-01 -1.1077E+00 -1.0763E+00
  1.2283E+00 -7.2694E-01 -1.1090E+00 -1.0601E+00
  1.2368E+00 -7.4124E-01 -1.1100E+00 -1.0436E+00
  1.2454E+00 -7.5508E-01 -1.1108E+00 -1.0265E+00
  1.2540E+00 -7.6845E-01 -1.1112E+00 -1.0091E+00
  1.2627E+00 -7.8133E-01 -1.1114E+00 -9.9124E-01
  1.2715E+00 -7.9370E-01 -1.1112E+00 -9.7298E-01
  1.2803E+00 -8.0556E-01 -1.1108E+00 -9.5434E-01
  1.2892E+00 -8.1688E-01 -1.1101E+00 -9.3531E-01
  1.2981E+00 -8.2766E-01 -1.1090E+00 -9.1593E-01
  1.3071E+00 -8.3789E-01 -1.1076E+00 -8.9620E-01
  1.3162E+00 -8.4754E-01 -1.1058E+00 -8.7615E-01
  1.3253E+00 -8.5661E-01 -1.1038E+00 -8.5579E-01
  1.3345E+00 -8.6509E-01 -1.1013E+00 -8.3514E-01
  1.3438E+00 -8.7296E-01 -1.0985E+00 -8.1422E-01
  1.3531E+00 -8.8021E-01 -1.0953E+00 -7.9305E-01
  1.3625E+00 -8.8683E-01 -1.0918E+00 -7.7165E-01
  1.3720E+00 -8.9282E-01 -1.0879E+00 -7.5005E-01
  1.3815E+00 -8.9815E-01 -1.0835E+00 -7.2828E-01
  1.3911E+00 -9.0282E-01 -1.0788E+00 -7.0635E-01
  1.4007E+00 -9.0682E-01 -1.0737E+00 -6.8429E-01
  1.4104E+00 -9.1014E-01 -1.0681E+00 -6.6212E-01
  1.4202E+00 -9.1277E-01 -1.0621E+00 -6.3988E-01
  1.4301E+00 -9.1470E-01 -1.0557E+00 -6.1759E-01
  1.4400E+00 -9.1592E-01 -1.0489E+00 -5.9529E-01
  1.4500E+00 -9.1643E-01 -1.0416E+00 -5.7299E-01
  1.4601E+00 -9.1622E-01 -1.0338E+00 -5.5073E-01
  1.4702E+00 -9.1528E-01 -1.0256E+00 -5.2853E-01
  1.4804E+00 -9.1361E-01 -1.0169E+00 -5.0644E-01
  1.4907E+00 -9.1119E-01 -1.0077E+00 -4.8448E-01
  1.5010E+00 -9.0803E-01 -9.9810E-01 -4.6267E-01
  1.5114E+00 -9.0412E-01 -9.8796E-01 -4.4106E-01
  1.5219E+00 -8.9945E-01 -9.7733E-01 -4.1966E-01
  1.5325E+00 -8.9402E-01 -9.6619E-01 -3.9852E-01
  1.5431E+00 -8.8783E-01 -9.5454E-01 -3.7767E-01
  1.5538E+00 -8.8087E-01 -9.4238E-01 -3.5712E-01
  1.5646E+00 -8.7315E-01 -9.2970E-01 -3.3692E-01
  1.5755E+00 -8.6465E-01 -9.1649E-01 -3.1709E-01
  1.5864E+00 -8.5538E-01 -9.0275E-01 -2.9767E-01
  1.5974E+00 -8.4534E-01 -8.8848E-01 -2.7867E-01
  1.6085E+00 -8.3453E-01 -8.7367E-01 -2.6013E-01
  1.6196E+00 -8.2295E-01 -8.5832E-01 -2.4207E-01
  1.6309E+00 -8.1060E-01 -8.4242E-01 -2.2452E-01
  1.6422E+00 -7.9748E-01 -8.2597E-01 -2.0750E-01
  1.6536E+00 -7.8360E-01 -8.0897E-01 -1.9104E-01
  1.6651E+00 -7.6896E-01 -7.9142E-01 -1.7515E-01
  1.6766E+00 -7.5356E-01 -7.7332E-01 -1.5985E-01
  1.6883E+00 -7.3741E-01 -7.5465E-01 -1.4516E-01
  1.7000E+00 -7.2051E-01 -7.3543E-01 -1.3111E-01
  1.7118E+00 -7.0288E-01 -7.1566E-01 -1.1769E-01
  1.7236E+00 -6.8451E-01 -6.9533E-01 -1.0493E-01
  1.7356E+00 -6.6542E-01 -6.7444E-01 -9.2827E-02
  1.7476E+00 -6.4561E-01 -6.5301E-01 -8.1398E-02
  1.7598E+00 -6.2510E-01 -6.3102E-01 -7.0644E-02
  1.7720E+00 -6.0390E-01 -6.0849E-01 -6.0569E-02
  1.7843E+00 -5.8200E-01 -5.8541E-01 -5.1174E-02
  1.7967E+00 -5.5944E-01 -5.6180E-01 -4.2458E-02
  1.8091E+00 -5.3622E-01 -5.3765E-01 -3.4417E-02
  1.8217E+00 -5.1235E-01 -5.1298E-01 -2.7046E-02
  1.8343E+00 -4.8785E-01 -4.8779E-01 -2.0336E-02
  1.8470E+00 -4.6274E-01 -4.6209E-01 -1.4278E-02
  1.8599E+00 -4.3702E-01 -4.3589E-01 -8.8599E-03
  1.8728E+00 -4.1073E-01 -4.0920E-01 -4.0681E-03
  1.8858E+00 -3.8387E-01 -3.8202E-01  1.1263E-04
  1.8988E+00 -3.5646E-01 -3.5438E-01  3.6988E-03
  1.9120E+00 -3.2853E-01 -3.2628E-01  6.7081E-03
  1.9253E+00 -3.0010E-01 -2.9774E-01  9.1592E-03
  1.9386E+00 -2.7119E-01 -2.6877E-01  1.1071E-02
  1.9521E+00 -2.4181E-01 -2.3940E-01  1.2464E-02
  1.9656E+00 -2.1200E-01 -2.0962E-01  1.3356E-02
  1.9793E+00 -1.8177E-01 -1.7947E-01  1.3768E-02
  1.9930E+00 -1.5116E-01 -1.4896E-01  1.3716E-02
  2.0068E+00 -1.2019E-01 -1.1812E-01  1.3217E-02
  2.0208E+00 -8.8887E-02 -8.6963E-02  1.2287E-02
  2.0348E+00 -5.7277E-02 -5.5514E-02  1.0938E-02
  2.0489E+00 -2.5390E-02 -2.3796E-02  9.1799E-03
  2.0631E+00  6.7433E-03  8.1631E-03  7.0190E-03
  2.0774E+00  3.9093E-02  4.0338E-02  4.4582E-03
  2.0919E+00  7.1627E-02  7.2702E-02  1.4962E-03
  2.1064E+00  1.0431E-01  1.0522E-01 -1.8732E-03
  2.1210E+00  1.3712E-01  1.3787E-01 -5.6614E-03
  2.1357E+00  1.7001E-01  1.7062E-01 -9.8852E-03
  2.1505E+00  2.0295E-01  2.0343E-01 -1.4568E-02
  2.1654E+00  2.3590E-01  2.3627E-01 -1.9737E-02
  2.1805E+00  2.6883E-01  2.6911E-01 -2.5430E-02
  2.1956E+00  3.0171E-01  3.0190E-01 -3.1688E-02
  2.2108E+00  3.3448E-01  3.3461E-01 -3.8559E-02
  2.2262E+00  3.6712E-01  3.6720E-01 -4.6098E-02
  2.2416E+00  3.9959E-01  3.9963E-01 -5.4367E-02
  2.2572E+00  4.3183E-01  4.3185E-01 -6.3432E-02
  2.2728E+00  4.6383E-01  4.6383E-01 -7.3365E-02
  2.2886E+00  4.9552E-01  4.9552E-01 -8.4242E-02
  2.3045E+00  5.2688E-01  5.2688E-01 -9.3982E-02
  2.3205E+00  5.5785E-01  5.5785E-01 -8.9116E-02
  2.3366E+00  5.8840E-01  5.8840E-01 -8.0992E-02
  2.3528E+00  6.1849E-01  6.1849E-01 -7.2734E-02
  2.3691E+00  6.4806E-01  6.4806E-01 -6.4272E-02
  2.3856E+00  6.7708E-01  6.7708E-01 -5.5789E-02
  2.4021E+00  7.0549E-01  7.0549E-01 -4.7466E-02
  2.4188E+00  7.3327E-01  7.3327E-01 -3.9473E-02
  2.4356E+00  7.6035E-01  7.6035E-01 -3.1966E-02
  2.4525E+00  7.8670E-01  7.8670E-01 -2.5089E-02
  2.4695E+00  8.1227E-01  8.1227E-01 -1.8959E-02
  2.4866E+00  8.3702E-01  8.3702E-01 -1.3673E-02
  2.5039E+00  8.6090E-01  8.6090E-01 -9.2931E-03
  2.5212E+00  8.8387E-01  8.8387E-01 -5.8472E-03
  2.5387E+00  9.0587E-01  9.0587E-01 -3.3205E-03
  2.5563E+00  9.2688E-01  9.2688E-01 -1.6503E-03
  2.5741E+00  9.4684E-01  9.4684E-01 -7.1906E-04
  2.5919E+00  9.6571E-01  9.6571E-01 -3.4837E-04
  2.6099E+00  9.8344E-01  9.8344E-01  0.0000E+00
  2.6280E+00  1.0000E+00  1.0000E+00  0.0000E+00
  2.6463E+00  1.0153E+00  1.0153E+00  0.0000E+00
  2.6646E+00  1.0294E+00  1.0294E+00  0.0000E+00
  2.6831E+00  1.0422E+00  1.0422E+00  0.0000E+00
  2.7017E+00  1.0536E+00  1.0536E+00  0.0000E+00
  2.7205E+00  1.0637E+00  1.0637E+00  0.0000E+00
  2.7394E+00  1.0724E+00  1.0724E+00  0.0000E+00
  2.7584E+00  1.0796E+00  1.0796E+00  0.0000E+00
  2.7775E+00  1.0853E+00  1.0853E+00  0.0000E+00
  2.7968E+00  1.0895E+00  1.0895E+00  0.0000E+00
  2.8162E+00  1.0921E+00  1.0921E+00  0.0000E+00
  2.8357E+00  1.0932E+00  1.0932E+00  0.0000E+00
  2.8554E+00  1.0927E+00  1.0927E+00  0.0000E+00
  2.8752E+00  1.0905E+00  1.0905E+00  0.0000E+00
  2.8952E+00  1.0867E+00  1.0867E+00  0.0000E+00
  2.9153E+00  1.0812E+00  1.0812E+00  0.0000E+00
  2.9355E+00  1.0740E+00  1.0740E+00  0.0000E+00
  2.9559E+00  1.0651E+00  1.0651E+00  0.0000E+00
  2.9764E+00  1.0544E+00  1.0544E+00  0.0000E+00
  2.9970E+00  1.0420E+00  1.0420E+00  0.0000E+00
  3.0178E+00  1.0279E+00  1.0279E+00  0.0000E+00
  3.0388E+00  1.0120E+00  1.0120E+00  0.0000E+00
  3.0598E+00  9.9436E-01  9.9436E-01  0.0000E+00
  3.0811E+00  9.7495E-01  9.7495E-01  0.0000E+00
  3.1024E+00  9.5377E-01  9.5377E-01  0.0000E+00
  3.1240E+00  9.3085E-01  9.3085E-01  0.0000E+00
  3.1456E+00  9.0618E-01  9.0618E-01  0.0000E+00
  3.1675E+00  8.7979E-01  8.7979E-01  0.0000E+00
  3.1895E+00  8.5168E-01  8.5168E-01  0.0000E+00
  3.2116E+00  8.2189E-01  8.2189E-01  0.0000E+00
  3.2339E+00  7.9043E-01  7.9043E-01  0.0000E+00
  3.2563E+00  7.5734E-01  7.5734E-01  0.0000E+00
  3.2789E+00  7.2264E-01  7.2264E-01  0.0000E+00
  3.3016E+00  6.8638E-01  6.8638E-01  0.0000E+00
  3.3246E+00  6.4860E-01  6.4860E-01  0.0000E+00
  3.3476E+00  6.0934E-01  6.0934E-01  0.0000E+00
  3.3709E+00  5.6865E-01  5.6865E-01  0.0000E+00
  3.3942E+00  5.2660E-01  5.2660E-01  0.0000E+00
  3.4178E+00  4.8323E-01  4.8323E-01  0.0000E+00
  3.4415E+00  4.3862E-01  4.3862E-01  0.0000E+00
  3.4654E+00  3.9283E-01  3.9283E-01  0.0000E+00
  3.4894E+00  3.4593E-01  3.4593E-01  0.0000E+00
  3.5136E+00  2.9801E-01  2.9801E-01  0.0000E+00
  3.5380E+00  2.4915E-01  2.4915E-01  0.0000E+00
  3.5626E+00  1.9943E-01  1.9943E-01  0.0000E+00
  3.5873E+00  1.4895E-01  1.4895E-01  0.0000E+00
  3.6122E+00  9.7801E-02  9.7801E-02  0.0000E+00
  3.6372E+00  4.6090E-02  4.6090E-02  0.0000E+00
  3.6625E+00 -6.0802E-03 -6.0802E-03  0.0000E+00
  3.6879E+00 -5.8599E-02 -5.8599E-02  0.0000E+00
