 # l=           1 basis function with energy     3.00000000000000     
  0.0000E+00  0.0000E+00  0.0000E+00  0.0000E+00
  5.5145E-07 -5.9814E-09 -4.0509E-13 -1.1341E-12
  1.1067E-06 -1.8380E-08 -1.6316E-12 -4.5641E-12
  1.6658E-06 -3.5526E-08 -3.6967E-12 -1.0341E-11
  2.2289E-06 -5.6796E-08 -6.6176E-12 -1.8518E-11
  2.7958E-06 -8.1837E-08 -1.0412E-11 -2.9134E-11
  3.3666E-06 -1.1041E-07 -1.5098E-11 -4.2243E-11
  3.9414E-06 -1.4234E-07 -2.0694E-11 -5.7905E-11
  4.5202E-06 -1.7751E-07 -2.7218E-11 -7.6162E-11
  5.1030E-06 -2.1583E-07 -3.4689E-11 -9.7066E-11
  5.6899E-06 -2.5722E-07 -4.3127E-11 -1.2067E-10
  6.2808E-06 -3.0162E-07 -5.2550E-11 -1.4704E-10
  6.8758E-06 -3.4899E-07 -6.2978E-11 -1.7622E-10
  7.4750E-06 -3.9929E-07 -7.4432E-11 -2.0827E-10
  8.0783E-06 -4.5250E-07 -8.6932E-11 -2.4324E-10
  8.6858E-06 -5.0859E-07 -1.0050E-10 -2.8121E-10
  9.2975E-06 -5.6755E-07 -1.1515E-10 -3.2221E-10
  9.9135E-06 -6.2937E-07 -1.3092E-10 -3.6632E-10
  1.0534E-05 -6.9404E-07 -1.4781E-10 -4.1359E-10
  1.1158E-05 -7.6155E-07 -1.6586E-10 -4.6408E-10
  1.1787E-05 -8.3191E-07 -1.8508E-10 -5.1787E-10
  1.2420E-05 -9.0512E-07 -2.0550E-10 -5.7501E-10
  1.3058E-05 -9.8118E-07 -2.2714E-10 -6.3556E-10
  1.3700E-05 -1.0601E-06 -2.5002E-10 -6.9959E-10
  1.4347E-05 -1.1419E-06 -2.7418E-10 -7.6718E-10
  1.4997E-05 -1.2266E-06 -2.9962E-10 -8.3838E-10
  1.5653E-05 -1.3141E-06 -3.2639E-10 -9.1327E-10
  1.6313E-05 -1.4046E-06 -3.5449E-10 -9.9192E-10
  1.6978E-05 -1.4980E-06 -3.8397E-10 -1.0744E-09
  1.7647E-05 -1.5943E-06 -4.1484E-10 -1.1608E-09
  1.8321E-05 -1.6936E-06 -4.4713E-10 -1.2511E-09
  1.8999E-05 -1.7958E-06 -4.8086E-10 -1.3455E-09
  1.9683E-05 -1.9011E-06 -5.1607E-10 -1.4440E-09
  2.0371E-05 -2.0093E-06 -5.5278E-10 -1.5467E-09
  2.1063E-05 -2.1206E-06 -5.9102E-10 -1.6537E-09
  2.1761E-05 -2.2350E-06 -6.3081E-10 -1.7651E-09
  2.2463E-05 -2.3524E-06 -6.7219E-10 -1.8809E-09
  2.3171E-05 -2.4729E-06 -7.1519E-10 -2.0012E-09
  2.3883E-05 -2.5966E-06 -7.5983E-10 -2.1261E-09
  2.4600E-05 -2.7235E-06 -8.0615E-10 -2.2557E-09
  2.5322E-05 -2.8535E-06 -8.5417E-10 -2.3901E-09
  2.6049E-05 -2.9867E-06 -9.0393E-10 -2.5293E-09
  2.6782E-05 -3.1232E-06 -9.5546E-10 -2.6735E-09
  2.7519E-05 -3.2630E-06 -1.0088E-09 -2.8227E-09
  2.8261E-05 -3.4061E-06 -1.0640E-09 -2.9771E-09
  2.9009E-05 -3.5525E-06 -1.1210E-09 -3.1367E-09
  2.9762E-05 -3.7023E-06 -1.1799E-09 -3.3015E-09
  3.0520E-05 -3.8554E-06 -1.2408E-09 -3.4718E-09
  3.1283E-05 -4.0121E-06 -1.3036E-09 -3.6477E-09
  3.2051E-05 -4.1721E-06 -1.3684E-09 -3.8291E-09
  3.2825E-05 -4.3357E-06 -1.4353E-09 -4.0162E-09
  3.3604E-05 -4.5029E-06 -1.5043E-09 -4.2091E-09
  3.4389E-05 -4.6736E-06 -1.5753E-09 -4.4080E-09
  3.5179E-05 -4.8479E-06 -1.6486E-09 -4.6129E-09
  3.5974E-05 -5.0259E-06 -1.7240E-09 -4.8238E-09
  3.6775E-05 -5.2075E-06 -1.8016E-09 -5.0411E-09
  3.7582E-05 -5.3929E-06 -1.8815E-09 -5.2646E-09
  3.8394E-05 -5.5821E-06 -1.9637E-09 -5.4946E-09
  3.9212E-05 -5.7750E-06 -2.0482E-09 -5.7312E-09
  4.0036E-05 -5.9718E-06 -2.1352E-09 -5.9745E-09
  4.0865E-05 -6.1725E-06 -2.2245E-09 -6.2245E-09
  4.1700E-05 -6.3771E-06 -2.3164E-09 -6.4815E-09
  4.2541E-05 -6.5857E-06 -2.4107E-09 -6.7455E-09
  4.3387E-05 -6.7983E-06 -2.5076E-09 -7.0167E-09
  4.4240E-05 -7.0150E-06 -2.6071E-09 -7.2951E-09
  4.5098E-05 -7.2358E-06 -2.7093E-09 -7.5810E-09
  4.5963E-05 -7.4607E-06 -2.8141E-09 -7.8743E-09
  4.6833E-05 -7.6898E-06 -2.9217E-09 -8.1754E-09
  4.7709E-05 -7.9232E-06 -3.0321E-09 -8.4842E-09
  4.8592E-05 -8.1609E-06 -3.1453E-09 -8.8010E-09
  4.9480E-05 -8.4029E-06 -3.2614E-09 -9.1258E-09
  5.0375E-05 -8.6492E-06 -3.3804E-09 -9.4588E-09
  5.1276E-05 -8.9000E-06 -3.5024E-09 -9.8002E-09
  5.2183E-05 -9.1553E-06 -3.6275E-09 -1.0150E-08
  5.3097E-05 -9.4152E-06 -3.7556E-09 -1.0509E-08
  5.4017E-05 -9.6796E-06 -3.8868E-09 -1.0876E-08
  5.4943E-05 -9.9487E-06 -4.0213E-09 -1.1252E-08
  5.5876E-05 -1.0222E-05 -4.1589E-09 -1.1637E-08
  5.6815E-05 -1.0501E-05 -4.2999E-09 -1.2032E-08
  5.7760E-05 -1.0784E-05 -4.4443E-09 -1.2436E-08
  5.8713E-05 -1.1072E-05 -4.5920E-09 -1.2849E-08
  5.9671E-05 -1.1365E-05 -4.7432E-09 -1.3272E-08
  6.0637E-05 -1.1663E-05 -4.8979E-09 -1.3705E-08
  6.1609E-05 -1.1967E-05 -5.0563E-09 -1.4148E-08
  6.2588E-05 -1.2275E-05 -5.2182E-09 -1.4601E-08
  6.3574E-05 -1.2588E-05 -5.3839E-09 -1.5065E-08
  6.4566E-05 -1.2906E-05 -5.5533E-09 -1.5539E-08
  6.5566E-05 -1.3230E-05 -5.7265E-09 -1.6024E-08
  6.6572E-05 -1.3559E-05 -5.9037E-09 -1.6519E-08
  6.7585E-05 -1.3894E-05 -6.0848E-09 -1.7026E-08
  6.8606E-05 -1.4234E-05 -6.2699E-09 -1.7544E-08
  6.9633E-05 -1.4579E-05 -6.4591E-09 -1.8073E-08
  7.0668E-05 -1.4930E-05 -6.6525E-09 -1.8614E-08
  7.1710E-05 -1.5287E-05 -6.8501E-09 -1.9167E-08
  7.2759E-05 -1.5649E-05 -7.0519E-09 -1.9732E-08
  7.3815E-05 -1.6017E-05 -7.2582E-09 -2.0309E-08
  7.4879E-05 -1.6391E-05 -7.4688E-09 -2.0899E-08
  7.5950E-05 -1.6771E-05 -7.6840E-09 -2.1501E-08
  7.7028E-05 -1.7156E-05 -7.9038E-09 -2.2116E-08
  7.8114E-05 -1.7548E-05 -8.1282E-09 -2.2744E-08
  7.9207E-05 -1.7946E-05 -8.3574E-09 -2.3385E-08
  8.0308E-05 -1.8350E-05 -8.5913E-09 -2.4040E-08
  8.1417E-05 -1.8761E-05 -8.8302E-09 -2.4708E-08
  8.2533E-05 -1.9177E-05 -9.0740E-09 -2.5390E-08
  8.3657E-05 -1.9600E-05 -9.3228E-09 -2.6086E-08
  8.4789E-05 -2.0030E-05 -9.5768E-09 -2.6797E-08
  8.5929E-05 -2.0466E-05 -9.8360E-09 -2.7522E-08
  8.7077E-05 -2.0909E-05 -1.0101E-08 -2.8262E-08
  8.8232E-05 -2.1358E-05 -1.0370E-08 -2.9018E-08
  8.9396E-05 -2.1815E-05 -1.0646E-08 -2.9788E-08
  9.0568E-05 -2.2278E-05 -1.0927E-08 -3.0574E-08
  9.1748E-05 -2.2748E-05 -1.1213E-08 -3.1376E-08
  9.2936E-05 -2.3225E-05 -1.1505E-08 -3.2194E-08
  9.4132E-05 -2.3709E-05 -1.1804E-08 -3.3028E-08
  9.5336E-05 -2.4201E-05 -1.2108E-08 -3.3878E-08
  9.6549E-05 -2.4699E-05 -1.2418E-08 -3.4746E-08
  9.7771E-05 -2.5205E-05 -1.2734E-08 -3.5631E-08
  9.9001E-05 -2.5719E-05 -1.3056E-08 -3.6533E-08
  1.0024E-04 -2.6240E-05 -1.3385E-08 -3.7452E-08
  1.0149E-04 -2.6769E-05 -1.3720E-08 -3.8390E-08
  1.0274E-04 -2.7305E-05 -1.4061E-08 -3.9346E-08
  1.0401E-04 -2.7849E-05 -1.4410E-08 -4.0320E-08
  1.0528E-04 -2.8401E-05 -1.4765E-08 -4.1313E-08
  1.0656E-04 -2.8961E-05 -1.5126E-08 -4.2325E-08
  1.0785E-04 -2.9530E-05 -1.5495E-08 -4.3357E-08
  1.0915E-04 -3.0106E-05 -1.5871E-08 -4.4408E-08
  1.1046E-04 -3.0691E-05 -1.6254E-08 -4.5480E-08
  1.1178E-04 -3.1284E-05 -1.6644E-08 -4.6571E-08
  1.1311E-04 -3.1885E-05 -1.7041E-08 -4.7684E-08
  1.1444E-04 -3.2495E-05 -1.7446E-08 -4.8817E-08
  1.1579E-04 -3.3114E-05 -1.7859E-08 -4.9972E-08
  1.1714E-04 -3.3741E-05 -1.8279E-08 -5.1148E-08
  1.1851E-04 -3.4378E-05 -1.8708E-08 -5.2346E-08
  1.1988E-04 -3.5023E-05 -1.9144E-08 -5.3567E-08
  1.2126E-04 -3.5678E-05 -1.9588E-08 -5.4810E-08
  1.2266E-04 -3.6341E-05 -2.0041E-08 -5.6076E-08
  1.2406E-04 -3.7014E-05 -2.0502E-08 -5.7366E-08
  1.2547E-04 -3.7697E-05 -2.0971E-08 -5.8680E-08
  1.2689E-04 -3.8389E-05 -2.1449E-08 -6.0017E-08
  1.2832E-04 -3.9090E-05 -2.1936E-08 -6.1379E-08
  1.2977E-04 -3.9801E-05 -2.2432E-08 -6.2766E-08
  1.3122E-04 -4.0523E-05 -2.2936E-08 -6.4179E-08
  1.3268E-04 -4.1254E-05 -2.3450E-08 -6.5617E-08
  1.3415E-04 -4.1995E-05 -2.3974E-08 -6.7081E-08
  1.3563E-04 -4.2746E-05 -2.4506E-08 -6.8571E-08
  1.3713E-04 -4.3508E-05 -2.5049E-08 -7.0089E-08
  1.3863E-04 -4.4281E-05 -2.5601E-08 -7.1634E-08
  1.4014E-04 -4.5063E-05 -2.6163E-08 -7.3206E-08
  1.4167E-04 -4.5857E-05 -2.6735E-08 -7.4807E-08
  1.4320E-04 -4.6661E-05 -2.7317E-08 -7.6436E-08
  1.4475E-04 -4.7477E-05 -2.7910E-08 -7.8094E-08
  1.4630E-04 -4.8303E-05 -2.8513E-08 -7.9782E-08
  1.4787E-04 -4.9141E-05 -2.9127E-08 -8.1500E-08
  1.4945E-04 -4.9990E-05 -2.9751E-08 -8.3248E-08
  1.5103E-04 -5.0850E-05 -3.0387E-08 -8.5027E-08
  1.5263E-04 -5.1722E-05 -3.1034E-08 -8.6837E-08
  1.5424E-04 -5.2606E-05 -3.1692E-08 -8.8679E-08
  1.5587E-04 -5.3502E-05 -3.2362E-08 -9.0554E-08
  1.5750E-04 -5.4410E-05 -3.3044E-08 -9.2461E-08
  1.5914E-04 -5.5330E-05 -3.3738E-08 -9.4402E-08
  1.6080E-04 -5.6262E-05 -3.4443E-08 -9.6376E-08
  1.6247E-04 -5.7207E-05 -3.5161E-08 -9.8385E-08
  1.6414E-04 -5.8164E-05 -3.5891E-08 -1.0043E-07
  1.6583E-04 -5.9134E-05 -3.6634E-08 -1.0251E-07
  1.6754E-04 -6.0117E-05 -3.7390E-08 -1.0462E-07
  1.6925E-04 -6.1113E-05 -3.8159E-08 -1.0677E-07
  1.7098E-04 -6.2123E-05 -3.8941E-08 -1.0896E-07
  1.7271E-04 -6.3145E-05 -3.9737E-08 -1.1119E-07
  1.7446E-04 -6.4182E-05 -4.0546E-08 -1.1345E-07
  1.7623E-04 -6.5231E-05 -4.1369E-08 -1.1576E-07
  1.7800E-04 -6.6295E-05 -4.2207E-08 -1.1810E-07
  1.7979E-04 -6.7373E-05 -4.3058E-08 -1.2048E-07
  1.8159E-04 -6.8465E-05 -4.3924E-08 -1.2290E-07
  1.8340E-04 -6.9571E-05 -4.4805E-08 -1.2537E-07
  1.8522E-04 -7.0692E-05 -4.5700E-08 -1.2787E-07
  1.8706E-04 -7.1827E-05 -4.6611E-08 -1.3042E-07
  1.8891E-04 -7.2977E-05 -4.7537E-08 -1.3301E-07
  1.9077E-04 -7.4142E-05 -4.8479E-08 -1.3565E-07
  1.9264E-04 -7.5323E-05 -4.9437E-08 -1.3833E-07
  1.9453E-04 -7.6519E-05 -5.0411E-08 -1.4105E-07
  1.9643E-04 -7.7730E-05 -5.1401E-08 -1.4383E-07
  1.9835E-04 -7.8957E-05 -5.2407E-08 -1.4664E-07
  2.0028E-04 -8.0200E-05 -5.3431E-08 -1.4951E-07
  2.0222E-04 -8.1459E-05 -5.4472E-08 -1.5242E-07
  2.0417E-04 -8.2734E-05 -5.5530E-08 -1.5538E-07
  2.0614E-04 -8.4026E-05 -5.6606E-08 -1.5839E-07
  2.0812E-04 -8.5335E-05 -5.7699E-08 -1.6145E-07
  2.1012E-04 -8.6660E-05 -5.8811E-08 -1.6456E-07
  2.1213E-04 -8.8003E-05 -5.9941E-08 -1.6772E-07
  2.1415E-04 -8.9363E-05 -6.1090E-08 -1.7094E-07
  2.1619E-04 -9.0740E-05 -6.2258E-08 -1.7421E-07
  2.1824E-04 -9.2135E-05 -6.3445E-08 -1.7753E-07
  2.2030E-04 -9.3547E-05 -6.4652E-08 -1.8090E-07
  2.2238E-04 -9.4978E-05 -6.5878E-08 -1.8434E-07
  2.2448E-04 -9.6427E-05 -6.7125E-08 -1.8782E-07
  2.2659E-04 -9.7895E-05 -6.8392E-08 -1.9137E-07
  2.2871E-04 -9.9381E-05 -6.9680E-08 -1.9497E-07
  2.3085E-04 -1.0089E-04 -7.0989E-08 -1.9864E-07
  2.3300E-04 -1.0241E-04 -7.2320E-08 -2.0236E-07
  2.3517E-04 -1.0396E-04 -7.3672E-08 -2.0614E-07
  2.3735E-04 -1.0552E-04 -7.5046E-08 -2.0999E-07
  2.3955E-04 -1.0710E-04 -7.6443E-08 -2.1390E-07
  2.4176E-04 -1.0871E-04 -7.7862E-08 -2.1787E-07
  2.4399E-04 -1.1033E-04 -7.9304E-08 -2.2190E-07
  2.4624E-04 -1.1197E-04 -8.0770E-08 -2.2600E-07
  2.4850E-04 -1.1364E-04 -8.2259E-08 -2.3017E-07
  2.5077E-04 -1.1532E-04 -8.3773E-08 -2.3441E-07
  2.5307E-04 -1.1703E-04 -8.5311E-08 -2.3871E-07
  2.5537E-04 -1.1876E-04 -8.6874E-08 -2.4308E-07
  2.5770E-04 -1.2051E-04 -8.8462E-08 -2.4753E-07
  2.6004E-04 -1.2228E-04 -9.0075E-08 -2.5204E-07
  2.6239E-04 -1.2408E-04 -9.1714E-08 -2.5663E-07
  2.6476E-04 -1.2590E-04 -9.3380E-08 -2.6129E-07
  2.6715E-04 -1.2774E-04 -9.5072E-08 -2.6602E-07
  2.6956E-04 -1.2960E-04 -9.6792E-08 -2.7084E-07
  2.7198E-04 -1.3149E-04 -9.8539E-08 -2.7572E-07
  2.7442E-04 -1.3340E-04 -1.0031E-07 -2.8069E-07
  2.7687E-04 -1.3533E-04 -1.0212E-07 -2.8574E-07
  2.7935E-04 -1.3729E-04 -1.0395E-07 -2.9086E-07
  2.8183E-04 -1.3927E-04 -1.0581E-07 -2.9607E-07
  2.8434E-04 -1.4128E-04 -1.0770E-07 -3.0136E-07
  2.8687E-04 -1.4331E-04 -1.0962E-07 -3.0674E-07
  2.8941E-04 -1.4537E-04 -1.1157E-07 -3.1220E-07
  2.9197E-04 -1.4745E-04 -1.1356E-07 -3.1774E-07
  2.9454E-04 -1.4956E-04 -1.1557E-07 -3.2338E-07
  2.9714E-04 -1.5170E-04 -1.1761E-07 -3.2910E-07
  2.9975E-04 -1.5386E-04 -1.1969E-07 -3.3491E-07
  3.0238E-04 -1.5605E-04 -1.2180E-07 -3.4082E-07
  3.0503E-04 -1.5827E-04 -1.2395E-07 -3.4682E-07
  3.0770E-04 -1.6051E-04 -1.2612E-07 -3.5291E-07
  3.1039E-04 -1.6278E-04 -1.2834E-07 -3.5910E-07
  3.1309E-04 -1.6508E-04 -1.3058E-07 -3.6539E-07
  3.1582E-04 -1.6741E-04 -1.3286E-07 -3.7177E-07
  3.1856E-04 -1.6976E-04 -1.3518E-07 -3.7826E-07
  3.2132E-04 -1.7215E-04 -1.3754E-07 -3.8484E-07
  3.2410E-04 -1.7456E-04 -1.3993E-07 -3.9153E-07
  3.2690E-04 -1.7701E-04 -1.4236E-07 -3.9833E-07
  3.2972E-04 -1.7948E-04 -1.4482E-07 -4.0523E-07
  3.3256E-04 -1.8199E-04 -1.4733E-07 -4.1224E-07
  3.3542E-04 -1.8452E-04 -1.4987E-07 -4.1936E-07
  3.3830E-04 -1.8709E-04 -1.5245E-07 -4.2659E-07
  3.4120E-04 -1.8969E-04 -1.5508E-07 -4.3393E-07
  3.4412E-04 -1.9232E-04 -1.5774E-07 -4.4138E-07
  3.4706E-04 -1.9498E-04 -1.6045E-07 -4.4896E-07
  3.5002E-04 -1.9768E-04 -1.6320E-07 -4.5665E-07
  3.5300E-04 -2.0040E-04 -1.6599E-07 -4.6445E-07
  3.5600E-04 -2.0317E-04 -1.6882E-07 -4.7238E-07
  3.5902E-04 -2.0596E-04 -1.7170E-07 -4.8044E-07
  3.6206E-04 -2.0879E-04 -1.7462E-07 -4.8861E-07
  3.6512E-04 -2.1165E-04 -1.7759E-07 -4.9692E-07
  3.6821E-04 -2.1455E-04 -1.8060E-07 -5.0535E-07
  3.7131E-04 -2.1749E-04 -1.8366E-07 -5.1391E-07
  3.7444E-04 -2.2046E-04 -1.8677E-07 -5.2261E-07
  3.7759E-04 -2.2346E-04 -1.8993E-07 -5.3144E-07
  3.8076E-04 -2.2651E-04 -1.9313E-07 -5.4040E-07
  3.8396E-04 -2.2959E-04 -1.9638E-07 -5.4950E-07
  3.8717E-04 -2.3270E-04 -1.9969E-07 -5.5874E-07
  3.9041E-04 -2.3586E-04 -2.0304E-07 -5.6813E-07
  3.9367E-04 -2.3905E-04 -2.0644E-07 -5.7766E-07
  3.9695E-04 -2.4228E-04 -2.0990E-07 -5.8733E-07
  4.0026E-04 -2.4556E-04 -2.1341E-07 -5.9715E-07
  4.0359E-04 -2.4887E-04 -2.1698E-07 -6.0713E-07
  4.0694E-04 -2.5222E-04 -2.2060E-07 -6.1725E-07
  4.1031E-04 -2.5561E-04 -2.2427E-07 -6.2754E-07
  4.1371E-04 -2.5904E-04 -2.2800E-07 -6.3797E-07
  4.1713E-04 -2.6252E-04 -2.3179E-07 -6.4857E-07
  4.2058E-04 -2.6603E-04 -2.3563E-07 -6.5933E-07
  4.2405E-04 -2.6959E-04 -2.3954E-07 -6.7025E-07
  4.2754E-04 -2.7319E-04 -2.4350E-07 -6.8134E-07
  4.3106E-04 -2.7684E-04 -2.4752E-07 -6.9260E-07
  4.3460E-04 -2.8053E-04 -2.5161E-07 -7.0403E-07
  4.3817E-04 -2.8426E-04 -2.5576E-07 -7.1564E-07
  4.4176E-04 -2.8804E-04 -2.5997E-07 -7.2742E-07
  4.4538E-04 -2.9186E-04 -2.6424E-07 -7.3937E-07
  4.4902E-04 -2.9573E-04 -2.6858E-07 -7.5152E-07
  4.5269E-04 -2.9965E-04 -2.7298E-07 -7.6384E-07
  4.5638E-04 -3.0361E-04 -2.7745E-07 -7.7635E-07
  4.6010E-04 -3.0762E-04 -2.8199E-07 -7.8905E-07
  4.6384E-04 -3.1168E-04 -2.8660E-07 -8.0195E-07
  4.6761E-04 -3.1579E-04 -2.9128E-07 -8.1503E-07
  4.7141E-04 -3.1995E-04 -2.9603E-07 -8.2832E-07
  4.7523E-04 -3.2415E-04 -3.0085E-07 -8.4181E-07
  4.7908E-04 -3.2841E-04 -3.0574E-07 -8.5550E-07
  4.8295E-04 -3.3272E-04 -3.1071E-07 -8.6939E-07
  4.8686E-04 -3.3708E-04 -3.1575E-07 -8.8350E-07
  4.9079E-04 -3.4149E-04 -3.2087E-07 -8.9782E-07
  4.9474E-04 -3.4596E-04 -3.2606E-07 -9.1236E-07
  4.9873E-04 -3.5048E-04 -3.3133E-07 -9.2711E-07
  5.0274E-04 -3.5505E-04 -3.3668E-07 -9.4209E-07
  5.0678E-04 -3.5968E-04 -3.4212E-07 -9.5729E-07
  5.1085E-04 -3.6436E-04 -3.4763E-07 -9.7271E-07
  5.1494E-04 -3.6910E-04 -3.5323E-07 -9.8838E-07
  5.1907E-04 -3.7389E-04 -3.5891E-07 -1.0043E-06
  5.2322E-04 -3.7874E-04 -3.6468E-07 -1.0204E-06
  5.2740E-04 -3.8365E-04 -3.7053E-07 -1.0368E-06
  5.3161E-04 -3.8862E-04 -3.7647E-07 -1.0534E-06
  5.3585E-04 -3.9365E-04 -3.8250E-07 -1.0703E-06
  5.4012E-04 -3.9874E-04 -3.8862E-07 -1.0874E-06
  5.4442E-04 -4.0388E-04 -3.9483E-07 -1.1048E-06
  5.4875E-04 -4.0909E-04 -4.0113E-07 -1.1224E-06
  5.5311E-04 -4.1436E-04 -4.0753E-07 -1.1403E-06
  5.5750E-04 -4.1970E-04 -4.1402E-07 -1.1585E-06
  5.6192E-04 -4.2510E-04 -4.2061E-07 -1.1769E-06
  5.6637E-04 -4.3056E-04 -4.2730E-07 -1.1956E-06
  5.7085E-04 -4.3608E-04 -4.3409E-07 -1.2146E-06
  5.7536E-04 -4.4167E-04 -4.4098E-07 -1.2339E-06
  5.7990E-04 -4.4733E-04 -4.4797E-07 -1.2535E-06
  5.8448E-04 -4.5306E-04 -4.5507E-07 -1.2733E-06
  5.8909E-04 -4.5885E-04 -4.6227E-07 -1.2935E-06
  5.9372E-04 -4.6471E-04 -4.6958E-07 -1.3139E-06
  5.9840E-04 -4.7064E-04 -4.7700E-07 -1.3347E-06
  6.0310E-04 -4.7664E-04 -4.8453E-07 -1.3558E-06
  6.0784E-04 -4.8271E-04 -4.9217E-07 -1.3771E-06
  6.1260E-04 -4.8886E-04 -4.9992E-07 -1.3988E-06
  6.1741E-04 -4.9508E-04 -5.0779E-07 -1.4208E-06
  6.2224E-04 -5.0137E-04 -5.1577E-07 -1.4432E-06
  6.2711E-04 -5.0773E-04 -5.2387E-07 -1.4659E-06
  6.3201E-04 -5.1417E-04 -5.3210E-07 -1.4889E-06
  6.3695E-04 -5.2068E-04 -5.4044E-07 -1.5122E-06
  6.4192E-04 -5.2728E-04 -5.4891E-07 -1.5359E-06
  6.4693E-04 -5.3395E-04 -5.5750E-07 -1.5600E-06
  6.5197E-04 -5.4070E-04 -5.6622E-07 -1.5844E-06
  6.5704E-04 -5.4752E-04 -5.7507E-07 -1.6091E-06
  6.6215E-04 -5.5443E-04 -5.8405E-07 -1.6343E-06
  6.6730E-04 -5.6142E-04 -5.9317E-07 -1.6598E-06
  6.7248E-04 -5.6850E-04 -6.0241E-07 -1.6856E-06
  6.7770E-04 -5.7565E-04 -6.1180E-07 -1.7119E-06
  6.8295E-04 -5.8289E-04 -6.2132E-07 -1.7385E-06
  6.8824E-04 -5.9022E-04 -6.3098E-07 -1.7656E-06
  6.9357E-04 -5.9763E-04 -6.4079E-07 -1.7930E-06
  6.9893E-04 -6.0513E-04 -6.5074E-07 -1.8208E-06
  7.0433E-04 -6.1271E-04 -6.6083E-07 -1.8491E-06
  7.0977E-04 -6.2039E-04 -6.7108E-07 -1.8778E-06
  7.1525E-04 -6.2815E-04 -6.8147E-07 -1.9068E-06
  7.2076E-04 -6.3601E-04 -6.9202E-07 -1.9364E-06
  7.2631E-04 -6.4396E-04 -7.0273E-07 -1.9663E-06
  7.3190E-04 -6.5200E-04 -7.1359E-07 -1.9967E-06
  7.3753E-04 -6.6014E-04 -7.2461E-07 -2.0275E-06
  7.4320E-04 -6.6837E-04 -7.3579E-07 -2.0588E-06
  7.4891E-04 -6.7670E-04 -7.4713E-07 -2.0906E-06
  7.5466E-04 -6.8512E-04 -7.5865E-07 -2.1228E-06
  7.6044E-04 -6.9365E-04 -7.7033E-07 -2.1555E-06
  7.6627E-04 -7.0227E-04 -7.8218E-07 -2.1886E-06
  7.7214E-04 -7.1100E-04 -7.9420E-07 -2.2223E-06
  7.7805E-04 -7.1982E-04 -8.0641E-07 -2.2564E-06
  7.8400E-04 -7.2876E-04 -8.1879E-07 -2.2911E-06
  7.8999E-04 -7.3779E-04 -8.3135E-07 -2.3262E-06
  7.9602E-04 -7.4693E-04 -8.4409E-07 -2.3619E-06
  8.0210E-04 -7.5618E-04 -8.5703E-07 -2.3981E-06
  8.0822E-04 -7.6553E-04 -8.7015E-07 -2.4348E-06
  8.1437E-04 -7.7500E-04 -8.8346E-07 -2.4720E-06
  8.2058E-04 -7.8457E-04 -8.9697E-07 -2.5098E-06
  8.2682E-04 -7.9426E-04 -9.1067E-07 -2.5482E-06
  8.3311E-04 -8.0406E-04 -9.2458E-07 -2.5871E-06
  8.3944E-04 -8.1397E-04 -9.3868E-07 -2.6266E-06
  8.4582E-04 -8.2400E-04 -9.5300E-07 -2.6666E-06
  8.5224E-04 -8.3415E-04 -9.6752E-07 -2.7072E-06
  8.5870E-04 -8.4441E-04 -9.8225E-07 -2.7485E-06
  8.6521E-04 -8.5480E-04 -9.9720E-07 -2.7903E-06
  8.7177E-04 -8.6530E-04 -1.0124E-06 -2.8327E-06
  8.7837E-04 -8.7593E-04 -1.0278E-06 -2.8758E-06
  8.8501E-04 -8.8668E-04 -1.0434E-06 -2.9195E-06
  8.9170E-04 -8.9756E-04 -1.0592E-06 -2.9638E-06
  8.9844E-04 -9.0856E-04 -1.0753E-06 -3.0088E-06
  9.0523E-04 -9.1969E-04 -1.0916E-06 -3.0544E-06
  9.1206E-04 -9.3095E-04 -1.1081E-06 -3.1007E-06
  9.1894E-04 -9.4234E-04 -1.1249E-06 -3.1476E-06
  9.2587E-04 -9.5386E-04 -1.1419E-06 -3.1952E-06
  9.3284E-04 -9.6552E-04 -1.1592E-06 -3.2436E-06
  9.3987E-04 -9.7731E-04 -1.1767E-06 -3.2926E-06
  9.4694E-04 -9.8924E-04 -1.1945E-06 -3.3423E-06
  9.5406E-04 -1.0013E-03 -1.2125E-06 -3.3928E-06
  9.6123E-04 -1.0135E-03 -1.2308E-06 -3.4440E-06
  9.6845E-04 -1.0259E-03 -1.2494E-06 -3.4959E-06
  9.7572E-04 -1.0384E-03 -1.2682E-06 -3.5486E-06
  9.8305E-04 -1.0510E-03 -1.2873E-06 -3.6021E-06
  9.9042E-04 -1.0638E-03 -1.3067E-06 -3.6563E-06
  9.9784E-04 -1.0767E-03 -1.3264E-06 -3.7113E-06
  1.0053E-03 -1.0898E-03 -1.3463E-06 -3.7671E-06
  1.0128E-03 -1.1030E-03 -1.3665E-06 -3.8238E-06
  1.0204E-03 -1.1164E-03 -1.3871E-06 -3.8812E-06
  1.0281E-03 -1.1299E-03 -1.4079E-06 -3.9395E-06
  1.0357E-03 -1.1436E-03 -1.4290E-06 -3.9986E-06
  1.0435E-03 -1.1575E-03 -1.4505E-06 -4.0586E-06
  1.0513E-03 -1.1715E-03 -1.4722E-06 -4.1194E-06
  1.0591E-03 -1.1857E-03 -1.4943E-06 -4.1811E-06
  1.0670E-03 -1.2000E-03 -1.5166E-06 -4.2437E-06
  1.0750E-03 -1.2145E-03 -1.5393E-06 -4.3072E-06
  1.0830E-03 -1.2292E-03 -1.5624E-06 -4.3716E-06
  1.0910E-03 -1.2440E-03 -1.5857E-06 -4.4370E-06
  1.0992E-03 -1.2590E-03 -1.6094E-06 -4.5033E-06
  1.1073E-03 -1.2742E-03 -1.6334E-06 -4.5706E-06
  1.1156E-03 -1.2896E-03 -1.6578E-06 -4.6388E-06
  1.1239E-03 -1.3051E-03 -1.6826E-06 -4.7080E-06
  1.1322E-03 -1.3208E-03 -1.7077E-06 -4.7782E-06
  1.1406E-03 -1.3367E-03 -1.7331E-06 -4.8495E-06
  1.1491E-03 -1.3528E-03 -1.7589E-06 -4.9217E-06
  1.1576E-03 -1.3691E-03 -1.7851E-06 -4.9950E-06
  1.1662E-03 -1.3855E-03 -1.8117E-06 -5.0693E-06
  1.1748E-03 -1.4022E-03 -1.8386E-06 -5.1448E-06
  1.1835E-03 -1.4190E-03 -1.8660E-06 -5.2213E-06
  1.1923E-03 -1.4360E-03 -1.8937E-06 -5.2989E-06
  1.2011E-03 -1.4533E-03 -1.9219E-06 -5.3776E-06
  1.2100E-03 -1.4707E-03 -1.9504E-06 -5.4575E-06
  1.2190E-03 -1.4883E-03 -1.9794E-06 -5.5385E-06
  1.2280E-03 -1.5061E-03 -2.0087E-06 -5.6206E-06
  1.2370E-03 -1.5241E-03 -2.0385E-06 -5.7040E-06
  1.2462E-03 -1.5424E-03 -2.0687E-06 -5.7885E-06
  1.2554E-03 -1.5608E-03 -2.0994E-06 -5.8743E-06
  1.2646E-03 -1.5795E-03 -2.1305E-06 -5.9613E-06
  1.2740E-03 -1.5983E-03 -2.1620E-06 -6.0495E-06
  1.2834E-03 -1.6174E-03 -2.1940E-06 -6.1391E-06
  1.2928E-03 -1.6367E-03 -2.2264E-06 -6.2299E-06
  1.3023E-03 -1.6562E-03 -2.2594E-06 -6.3220E-06
  1.3119E-03 -1.6760E-03 -2.2927E-06 -6.4154E-06
  1.3216E-03 -1.6959E-03 -2.3266E-06 -6.5102E-06
  1.3313E-03 -1.7161E-03 -2.3610E-06 -6.6063E-06
  1.3411E-03 -1.7366E-03 -2.3958E-06 -6.7038E-06
  1.3509E-03 -1.7572E-03 -2.4312E-06 -6.8027E-06
  1.3609E-03 -1.7781E-03 -2.4670E-06 -6.9030E-06
  1.3709E-03 -1.7993E-03 -2.5034E-06 -7.0048E-06
  1.3809E-03 -1.8207E-03 -2.5403E-06 -7.1080E-06
  1.3911E-03 -1.8423E-03 -2.5777E-06 -7.2127E-06
  1.4013E-03 -1.8641E-03 -2.6156E-06 -7.3189E-06
  1.4115E-03 -1.8863E-03 -2.6541E-06 -7.4266E-06
  1.4219E-03 -1.9086E-03 -2.6932E-06 -7.5359E-06
  1.4323E-03 -1.9313E-03 -2.7328E-06 -7.6467E-06
  1.4428E-03 -1.9541E-03 -2.7730E-06 -7.7591E-06
  1.4534E-03 -1.9773E-03 -2.8137E-06 -7.8731E-06
  1.4640E-03 -2.0007E-03 -2.8550E-06 -7.9888E-06
  1.4747E-03 -2.0244E-03 -2.8970E-06 -8.1061E-06
  1.4855E-03 -2.0483E-03 -2.9395E-06 -8.2251E-06
  1.4963E-03 -2.0725E-03 -2.9826E-06 -8.3457E-06
  1.5073E-03 -2.0970E-03 -3.0264E-06 -8.4681E-06
  1.5183E-03 -2.1218E-03 -3.0707E-06 -8.5923E-06
  1.5294E-03 -2.1468E-03 -3.1157E-06 -8.7182E-06
  1.5405E-03 -2.1722E-03 -3.1614E-06 -8.8460E-06
  1.5518E-03 -2.1978E-03 -3.2077E-06 -8.9755E-06
  1.5631E-03 -2.2237E-03 -3.2547E-06 -9.1069E-06
  1.5745E-03 -2.2499E-03 -3.3023E-06 -9.2402E-06
  1.5860E-03 -2.2764E-03 -3.3506E-06 -9.3754E-06
  1.5975E-03 -2.3032E-03 -3.3996E-06 -9.5125E-06
  1.6092E-03 -2.3303E-03 -3.4493E-06 -9.6516E-06
  1.6209E-03 -2.3577E-03 -3.4997E-06 -9.7927E-06
  1.6327E-03 -2.3854E-03 -3.5509E-06 -9.9357E-06
  1.6445E-03 -2.4135E-03 -3.6027E-06 -1.0081E-05
  1.6565E-03 -2.4418E-03 -3.6553E-06 -1.0228E-05
  1.6686E-03 -2.4705E-03 -3.7087E-06 -1.0377E-05
  1.6807E-03 -2.4995E-03 -3.7628E-06 -1.0529E-05
  1.6929E-03 -2.5288E-03 -3.8177E-06 -1.0682E-05
  1.7052E-03 -2.5585E-03 -3.8733E-06 -1.0838E-05
  1.7176E-03 -2.5885E-03 -3.9298E-06 -1.0996E-05
  1.7300E-03 -2.6188E-03 -3.9871E-06 -1.1156E-05
  1.7426E-03 -2.6495E-03 -4.0451E-06 -1.1319E-05
  1.7552E-03 -2.6805E-03 -4.1040E-06 -1.1484E-05
  1.7680E-03 -2.7119E-03 -4.1638E-06 -1.1651E-05
  1.7808E-03 -2.7436E-03 -4.2244E-06 -1.1820E-05
  1.7937E-03 -2.7757E-03 -4.2858E-06 -1.1992E-05
  1.8067E-03 -2.8081E-03 -4.3482E-06 -1.2167E-05
  1.8198E-03 -2.8409E-03 -4.4114E-06 -1.2344E-05
  1.8330E-03 -2.8741E-03 -4.4755E-06 -1.2523E-05
  1.8462E-03 -2.9076E-03 -4.5406E-06 -1.2705E-05
  1.8596E-03 -2.9415E-03 -4.6065E-06 -1.2890E-05
  1.8730E-03 -2.9758E-03 -4.6734E-06 -1.3077E-05
  1.8866E-03 -3.0105E-03 -4.7413E-06 -1.3267E-05
  1.9002E-03 -3.0456E-03 -4.8101E-06 -1.3459E-05
  1.9140E-03 -3.0810E-03 -4.8799E-06 -1.3654E-05
  1.9278E-03 -3.1169E-03 -4.9507E-06 -1.3853E-05
  1.9417E-03 -3.1532E-03 -5.0224E-06 -1.4053E-05
  1.9558E-03 -3.1898E-03 -5.0953E-06 -1.4257E-05
  1.9699E-03 -3.2269E-03 -5.1691E-06 -1.4464E-05
  1.9841E-03 -3.2644E-03 -5.2440E-06 -1.4673E-05
  1.9984E-03 -3.3023E-03 -5.3200E-06 -1.4886E-05
  2.0128E-03 -3.3407E-03 -5.3970E-06 -1.5101E-05
  2.0273E-03 -3.3794E-03 -5.4751E-06 -1.5320E-05
  2.0420E-03 -3.4186E-03 -5.5544E-06 -1.5542E-05
  2.0567E-03 -3.4583E-03 -5.6347E-06 -1.5767E-05
  2.0715E-03 -3.4983E-03 -5.7162E-06 -1.5995E-05
  2.0864E-03 -3.5389E-03 -5.7989E-06 -1.6226E-05
  2.1015E-03 -3.5798E-03 -5.8827E-06 -1.6461E-05
  2.1166E-03 -3.6213E-03 -5.9678E-06 -1.6699E-05
  2.1318E-03 -3.6632E-03 -6.0540E-06 -1.6940E-05
  2.1472E-03 -3.7055E-03 -6.1415E-06 -1.7185E-05
  2.1626E-03 -3.7484E-03 -6.2301E-06 -1.7433E-05
  2.1782E-03 -3.7917E-03 -6.3201E-06 -1.7684E-05
  2.1938E-03 -3.8354E-03 -6.4113E-06 -1.7940E-05
  2.2096E-03 -3.8797E-03 -6.5039E-06 -1.8199E-05
  2.2255E-03 -3.9245E-03 -6.5977E-06 -1.8461E-05
  2.2415E-03 -3.9697E-03 -6.6929E-06 -1.8727E-05
  2.2576E-03 -4.0155E-03 -6.7894E-06 -1.8998E-05
  2.2738E-03 -4.0618E-03 -6.8873E-06 -1.9271E-05
  2.2901E-03 -4.1085E-03 -6.9865E-06 -1.9549E-05
  2.3066E-03 -4.1558E-03 -7.0872E-06 -1.9831E-05
  2.3231E-03 -4.2036E-03 -7.1893E-06 -2.0117E-05
  2.3398E-03 -4.2520E-03 -7.2929E-06 -2.0406E-05
  2.3566E-03 -4.3009E-03 -7.3979E-06 -2.0700E-05
  2.3735E-03 -4.3503E-03 -7.5044E-06 -2.0998E-05
  2.3905E-03 -4.4002E-03 -7.6124E-06 -2.1300E-05
  2.4077E-03 -4.4507E-03 -7.7219E-06 -2.1607E-05
  2.4249E-03 -4.5018E-03 -7.8330E-06 -2.1918E-05
  2.4423E-03 -4.5534E-03 -7.9457E-06 -2.2233E-05
  2.4598E-03 -4.6056E-03 -8.0599E-06 -2.2553E-05
  2.4774E-03 -4.6584E-03 -8.1758E-06 -2.2877E-05
  2.4951E-03 -4.7118E-03 -8.2933E-06 -2.3206E-05
  2.5130E-03 -4.7657E-03 -8.4125E-06 -2.3539E-05
  2.5310E-03 -4.8202E-03 -8.5334E-06 -2.3877E-05
  2.5491E-03 -4.8753E-03 -8.6559E-06 -2.4220E-05
  2.5673E-03 -4.9311E-03 -8.7802E-06 -2.4568E-05
  2.5857E-03 -4.9874E-03 -8.9063E-06 -2.4921E-05
  2.6042E-03 -5.0444E-03 -9.0341E-06 -2.5279E-05
  2.6228E-03 -5.1019E-03 -9.1638E-06 -2.5641E-05
  2.6416E-03 -5.1601E-03 -9.2953E-06 -2.6009E-05
  2.6605E-03 -5.2190E-03 -9.4286E-06 -2.6382E-05
  2.6795E-03 -5.2784E-03 -9.5638E-06 -2.6761E-05
  2.6986E-03 -5.3386E-03 -9.7010E-06 -2.7145E-05
  2.7179E-03 -5.3994E-03 -9.8401E-06 -2.7534E-05
  2.7373E-03 -5.4608E-03 -9.9811E-06 -2.7928E-05
  2.7568E-03 -5.5229E-03 -1.0124E-05 -2.8329E-05
  2.7765E-03 -5.5857E-03 -1.0269E-05 -2.8735E-05
  2.7963E-03 -5.6492E-03 -1.0416E-05 -2.9146E-05
  2.8163E-03 -5.7133E-03 -1.0565E-05 -2.9564E-05
  2.8364E-03 -5.7782E-03 -1.0717E-05 -2.9987E-05
  2.8566E-03 -5.8437E-03 -1.0870E-05 -3.0416E-05
  2.8770E-03 -5.9100E-03 -1.1026E-05 -3.0852E-05
  2.8975E-03 -5.9770E-03 -1.1184E-05 -3.1293E-05
  2.9181E-03 -6.0447E-03 -1.1344E-05 -3.1741E-05
  2.9389E-03 -6.1131E-03 -1.1506E-05 -3.2195E-05
  2.9599E-03 -6.1823E-03 -1.1670E-05 -3.2655E-05
  2.9810E-03 -6.2522E-03 -1.1837E-05 -3.3122E-05
  3.0022E-03 -6.3229E-03 -1.2007E-05 -3.3596E-05
  3.0236E-03 -6.3943E-03 -1.2178E-05 -3.4076E-05
  3.0451E-03 -6.4665E-03 -1.2352E-05 -3.4563E-05
  3.0668E-03 -6.5395E-03 -1.2529E-05 -3.5057E-05
  3.0886E-03 -6.6132E-03 -1.2708E-05 -3.5558E-05
  3.1106E-03 -6.6878E-03 -1.2889E-05 -3.6066E-05
  3.1328E-03 -6.7631E-03 -1.3073E-05 -3.6581E-05
  3.1550E-03 -6.8393E-03 -1.3260E-05 -3.7103E-05
  3.1775E-03 -6.9162E-03 -1.3449E-05 -3.7633E-05
  3.2001E-03 -6.9940E-03 -1.3641E-05 -3.8170E-05
  3.2228E-03 -7.0726E-03 -1.3836E-05 -3.8715E-05
  3.2457E-03 -7.1521E-03 -1.4034E-05 -3.9268E-05
  3.2688E-03 -7.2324E-03 -1.4234E-05 -3.9828E-05
  3.2921E-03 -7.3136E-03 -1.4437E-05 -4.0396E-05
  3.3154E-03 -7.3956E-03 -1.4643E-05 -4.0972E-05
  3.3390E-03 -7.4785E-03 -1.4851E-05 -4.1556E-05
  3.3627E-03 -7.5622E-03 -1.5063E-05 -4.2149E-05
  3.3866E-03 -7.6469E-03 -1.5278E-05 -4.2750E-05
  3.4107E-03 -7.7324E-03 -1.5496E-05 -4.3359E-05
  3.4349E-03 -7.8189E-03 -1.5717E-05 -4.3977E-05
  3.4593E-03 -7.9063E-03 -1.5940E-05 -4.4603E-05
  3.4838E-03 -7.9946E-03 -1.6168E-05 -4.5239E-05
  3.5085E-03 -8.0838E-03 -1.6398E-05 -4.5883E-05
  3.5334E-03 -8.1740E-03 -1.6631E-05 -4.6537E-05
  3.5585E-03 -8.2651E-03 -1.6868E-05 -4.7199E-05
  3.5837E-03 -8.3572E-03 -1.7108E-05 -4.7871E-05
  3.6092E-03 -8.4502E-03 -1.7352E-05 -4.8553E-05
  3.6347E-03 -8.5442E-03 -1.7599E-05 -4.9244E-05
  3.6605E-03 -8.6392E-03 -1.7849E-05 -4.9945E-05
  3.6865E-03 -8.7352E-03 -1.8103E-05 -5.0655E-05
  3.7126E-03 -8.8322E-03 -1.8361E-05 -5.1376E-05
  3.7389E-03 -8.9302E-03 -1.8622E-05 -5.2107E-05
  3.7654E-03 -9.0292E-03 -1.8887E-05 -5.2848E-05
  3.7921E-03 -9.1293E-03 -1.9155E-05 -5.3599E-05
  3.8189E-03 -9.2304E-03 -1.9428E-05 -5.4361E-05
  3.8460E-03 -9.3326E-03 -1.9704E-05 -5.5134E-05
  3.8732E-03 -9.4358E-03 -1.9984E-05 -5.5918E-05
  3.9007E-03 -9.5401E-03 -2.0268E-05 -5.6712E-05
  3.9283E-03 -9.6454E-03 -2.0556E-05 -5.7518E-05
  3.9561E-03 -9.7519E-03 -2.0848E-05 -5.8336E-05
  3.9841E-03 -9.8594E-03 -2.1144E-05 -5.9164E-05
  4.0123E-03 -9.9681E-03 -2.1444E-05 -6.0005E-05
  4.0407E-03 -1.0078E-02 -2.1749E-05 -6.0857E-05
  4.0692E-03 -1.0189E-02 -2.2058E-05 -6.1721E-05
  4.0980E-03 -1.0301E-02 -2.2371E-05 -6.2597E-05
  4.1270E-03 -1.0414E-02 -2.2689E-05 -6.3486E-05
  4.1562E-03 -1.0528E-02 -2.3011E-05 -6.4387E-05
  4.1856E-03 -1.0644E-02 -2.3337E-05 -6.5301E-05
  4.2152E-03 -1.0761E-02 -2.3668E-05 -6.6227E-05
  4.2450E-03 -1.0879E-02 -2.4004E-05 -6.7167E-05
  4.2750E-03 -1.0998E-02 -2.4345E-05 -6.8120E-05
  4.3052E-03 -1.1118E-02 -2.4690E-05 -6.9086E-05
  4.3356E-03 -1.1239E-02 -2.5040E-05 -7.0066E-05
  4.3663E-03 -1.1362E-02 -2.5395E-05 -7.1060E-05
  4.3971E-03 -1.1486E-02 -2.5755E-05 -7.2067E-05
  4.4282E-03 -1.1611E-02 -2.6121E-05 -7.3089E-05
  4.4594E-03 -1.1738E-02 -2.6491E-05 -7.4125E-05
  4.4909E-03 -1.1866E-02 -2.6866E-05 -7.5176E-05
  4.5227E-03 -1.1995E-02 -2.7247E-05 -7.6241E-05
  4.5546E-03 -1.2125E-02 -2.7633E-05 -7.7321E-05
  4.5867E-03 -1.2257E-02 -2.8025E-05 -7.8417E-05
  4.6191E-03 -1.2390E-02 -2.8422E-05 -7.9528E-05
  4.6517E-03 -1.2524E-02 -2.8824E-05 -8.0655E-05
  4.6845E-03 -1.2660E-02 -2.9233E-05 -8.1797E-05
  4.7176E-03 -1.2797E-02 -2.9647E-05 -8.2955E-05
  4.7509E-03 -1.2935E-02 -3.0066E-05 -8.4130E-05
  4.7844E-03 -1.3075E-02 -3.0492E-05 -8.5321E-05
  4.8181E-03 -1.3216E-02 -3.0924E-05 -8.6529E-05
  4.8521E-03 -1.3359E-02 -3.1362E-05 -8.7754E-05
  4.8863E-03 -1.3503E-02 -3.1805E-05 -8.8996E-05
  4.9208E-03 -1.3648E-02 -3.2256E-05 -9.0255E-05
  4.9555E-03 -1.3795E-02 -3.2712E-05 -9.1533E-05
  4.9904E-03 -1.3943E-02 -3.3175E-05 -9.2828E-05
  5.0256E-03 -1.4093E-02 -3.3644E-05 -9.4141E-05
  5.0610E-03 -1.4244E-02 -3.4120E-05 -9.5473E-05
  5.0967E-03 -1.4397E-02 -3.4603E-05 -9.6823E-05
  5.1326E-03 -1.4551E-02 -3.5092E-05 -9.8192E-05
  5.1688E-03 -1.4707E-02 -3.5588E-05 -9.9581E-05
  5.2052E-03 -1.4864E-02 -3.6091E-05 -1.0099E-04
  5.2419E-03 -1.5023E-02 -3.6602E-05 -1.0242E-04
  5.2788E-03 -1.5183E-02 -3.7119E-05 -1.0386E-04
  5.3160E-03 -1.5345E-02 -3.7644E-05 -1.0533E-04
  5.3534E-03 -1.5508E-02 -3.8176E-05 -1.0682E-04
  5.3911E-03 -1.5673E-02 -3.8715E-05 -1.0833E-04
  5.4290E-03 -1.5839E-02 -3.9263E-05 -1.0986E-04
  5.4673E-03 -1.6007E-02 -3.9817E-05 -1.1141E-04
  5.5057E-03 -1.6177E-02 -4.0380E-05 -1.1299E-04
  5.5445E-03 -1.6348E-02 -4.0950E-05 -1.1458E-04
  5.5835E-03 -1.6521E-02 -4.1529E-05 -1.1620E-04
  5.6228E-03 -1.6696E-02 -4.2115E-05 -1.1784E-04
  5.6624E-03 -1.6872E-02 -4.2710E-05 -1.1951E-04
  5.7022E-03 -1.7050E-02 -4.3313E-05 -1.2120E-04
  5.7423E-03 -1.7229E-02 -4.3925E-05 -1.2291E-04
  5.7827E-03 -1.7411E-02 -4.4545E-05 -1.2464E-04
  5.8234E-03 -1.7594E-02 -4.5174E-05 -1.2640E-04
  5.8644E-03 -1.7778E-02 -4.5811E-05 -1.2819E-04
  5.9056E-03 -1.7965E-02 -4.6458E-05 -1.3000E-04
  5.9471E-03 -1.8153E-02 -4.7113E-05 -1.3183E-04
  5.9889E-03 -1.8343E-02 -4.7778E-05 -1.3369E-04
  6.0311E-03 -1.8534E-02 -4.8452E-05 -1.3558E-04
  6.0734E-03 -1.8728E-02 -4.9136E-05 -1.3749E-04
  6.1161E-03 -1.8923E-02 -4.9829E-05 -1.3943E-04
  6.1591E-03 -1.9120E-02 -5.0532E-05 -1.4140E-04
  6.2024E-03 -1.9319E-02 -5.1245E-05 -1.4339E-04
  6.2460E-03 -1.9520E-02 -5.1968E-05 -1.4541E-04
  6.2899E-03 -1.9722E-02 -5.2701E-05 -1.4746E-04
  6.3341E-03 -1.9926E-02 -5.3444E-05 -1.4954E-04
  6.3786E-03 -2.0132E-02 -5.4197E-05 -1.5165E-04
  6.4234E-03 -2.0340E-02 -5.4961E-05 -1.5379E-04
  6.4685E-03 -2.0550E-02 -5.5736E-05 -1.5596E-04
  6.5139E-03 -2.0762E-02 -5.6522E-05 -1.5816E-04
  6.5597E-03 -2.0976E-02 -5.7319E-05 -1.6039E-04
  6.6058E-03 -2.1191E-02 -5.8126E-05 -1.6265E-04
  6.6521E-03 -2.1409E-02 -5.8946E-05 -1.6494E-04
  6.6989E-03 -2.1628E-02 -5.9776E-05 -1.6726E-04
  6.7459E-03 -2.1850E-02 -6.0618E-05 -1.6962E-04
  6.7932E-03 -2.2073E-02 -6.1473E-05 -1.7201E-04
  6.8409E-03 -2.2299E-02 -6.2339E-05 -1.7443E-04
  6.8889E-03 -2.2526E-02 -6.3217E-05 -1.7689E-04
  6.9373E-03 -2.2755E-02 -6.4107E-05 -1.7938E-04
  6.9860E-03 -2.2987E-02 -6.5010E-05 -1.8191E-04
  7.0350E-03 -2.3220E-02 -6.5926E-05 -1.8447E-04
  7.0844E-03 -2.3455E-02 -6.6854E-05 -1.8707E-04
  7.1341E-03 -2.3693E-02 -6.7796E-05 -1.8970E-04
  7.1841E-03 -2.3932E-02 -6.8750E-05 -1.9237E-04
  7.2345E-03 -2.4173E-02 -6.9718E-05 -1.9508E-04
  7.2853E-03 -2.4417E-02 -7.0700E-05 -1.9783E-04
  7.3364E-03 -2.4663E-02 -7.1695E-05 -2.0061E-04
  7.3878E-03 -2.4910E-02 -7.2704E-05 -2.0344E-04
  7.4396E-03 -2.5160E-02 -7.3727E-05 -2.0630E-04
  7.4918E-03 -2.5412E-02 -7.4765E-05 -2.0920E-04
  7.5443E-03 -2.5666E-02 -7.5817E-05 -2.1215E-04
  7.5972E-03 -2.5922E-02 -7.6884E-05 -2.1513E-04
  7.6505E-03 -2.6180E-02 -7.7966E-05 -2.1816E-04
  7.7041E-03 -2.6441E-02 -7.9063E-05 -2.2123E-04
  7.7581E-03 -2.6703E-02 -8.0175E-05 -2.2434E-04
  7.8125E-03 -2.6968E-02 -8.1303E-05 -2.2750E-04
  7.8673E-03 -2.7235E-02 -8.2447E-05 -2.3070E-04
  7.9224E-03 -2.7504E-02 -8.3606E-05 -2.3394E-04
  7.9779E-03 -2.7775E-02 -8.4782E-05 -2.3723E-04
  8.0338E-03 -2.8049E-02 -8.5974E-05 -2.4057E-04
  8.0901E-03 -2.8325E-02 -8.7184E-05 -2.4395E-04
  8.1468E-03 -2.8602E-02 -8.8409E-05 -2.4739E-04
  8.2039E-03 -2.8882E-02 -8.9653E-05 -2.5086E-04
  8.2614E-03 -2.9165E-02 -9.0913E-05 -2.5439E-04
  8.3192E-03 -2.9449E-02 -9.2191E-05 -2.5797E-04
  8.3775E-03 -2.9736E-02 -9.3487E-05 -2.6159E-04
  8.4362E-03 -3.0025E-02 -9.4801E-05 -2.6527E-04
  8.4953E-03 -3.0316E-02 -9.6134E-05 -2.6900E-04
  8.5548E-03 -3.0610E-02 -9.7485E-05 -2.7278E-04
  8.6147E-03 -3.0906E-02 -9.8855E-05 -2.7661E-04
  8.6750E-03 -3.1204E-02 -1.0024E-04 -2.8050E-04
  8.7358E-03 -3.1504E-02 -1.0165E-04 -2.8444E-04
  8.7969E-03 -3.1807E-02 -1.0308E-04 -2.8844E-04
  8.8585E-03 -3.2112E-02 -1.0453E-04 -2.9249E-04
  8.9205E-03 -3.2419E-02 -1.0600E-04 -2.9660E-04
  8.9830E-03 -3.2728E-02 -1.0749E-04 -3.0077E-04
  9.0458E-03 -3.3040E-02 -1.0900E-04 -3.0500E-04
  9.1092E-03 -3.3354E-02 -1.1053E-04 -3.0928E-04
  9.1729E-03 -3.3671E-02 -1.1208E-04 -3.1362E-04
  9.2371E-03 -3.3989E-02 -1.1366E-04 -3.1803E-04
  9.3018E-03 -3.4311E-02 -1.1525E-04 -3.2250E-04
  9.3669E-03 -3.4634E-02 -1.1687E-04 -3.2703E-04
  9.4324E-03 -3.4960E-02 -1.1851E-04 -3.3162E-04
  9.4984E-03 -3.5288E-02 -1.2018E-04 -3.3627E-04
  9.5648E-03 -3.5618E-02 -1.2186E-04 -3.4100E-04
  9.6318E-03 -3.5950E-02 -1.2357E-04 -3.4578E-04
  9.6991E-03 -3.6285E-02 -1.2531E-04 -3.5064E-04
  9.7670E-03 -3.6623E-02 -1.2707E-04 -3.5556E-04
  9.8353E-03 -3.6962E-02 -1.2885E-04 -3.6055E-04
  9.9041E-03 -3.7304E-02 -1.3066E-04 -3.6561E-04
  9.9734E-03 -3.7648E-02 -1.3249E-04 -3.7075E-04
  1.0043E-02 -3.7995E-02 -1.3435E-04 -3.7595E-04
  1.0113E-02 -3.8344E-02 -1.3624E-04 -3.8123E-04
  1.0184E-02 -3.8695E-02 -1.3815E-04 -3.8658E-04
  1.0255E-02 -3.9049E-02 -1.4009E-04 -3.9200E-04
  1.0327E-02 -3.9404E-02 -1.4206E-04 -3.9750E-04
  1.0399E-02 -3.9762E-02 -1.4405E-04 -4.0308E-04
  1.0472E-02 -4.0123E-02 -1.4607E-04 -4.0874E-04
  1.0545E-02 -4.0486E-02 -1.4812E-04 -4.1447E-04
  1.0619E-02 -4.0850E-02 -1.5020E-04 -4.2029E-04
  1.0693E-02 -4.1218E-02 -1.5231E-04 -4.2618E-04
  1.0768E-02 -4.1587E-02 -1.5444E-04 -4.3216E-04
  1.0843E-02 -4.1959E-02 -1.5661E-04 -4.3822E-04
  1.0919E-02 -4.2333E-02 -1.5881E-04 -4.4437E-04
  1.0995E-02 -4.2710E-02 -1.6103E-04 -4.5060E-04
  1.1072E-02 -4.3088E-02 -1.6329E-04 -4.5692E-04
  1.1149E-02 -4.3469E-02 -1.6558E-04 -4.6333E-04
  1.1227E-02 -4.3852E-02 -1.6790E-04 -4.6983E-04
  1.1306E-02 -4.4237E-02 -1.7026E-04 -4.7642E-04
  1.1385E-02 -4.4625E-02 -1.7264E-04 -4.8310E-04
  1.1464E-02 -4.5014E-02 -1.7507E-04 -4.8987E-04
  1.1544E-02 -4.5406E-02 -1.7752E-04 -4.9674E-04
  1.1625E-02 -4.5800E-02 -1.8001E-04 -5.0371E-04
  1.1706E-02 -4.6196E-02 -1.8253E-04 -5.1077E-04
  1.1788E-02 -4.6595E-02 -1.8509E-04 -5.1793E-04
  1.1870E-02 -4.6995E-02 -1.8769E-04 -5.2519E-04
  1.1953E-02 -4.7397E-02 -1.9032E-04 -5.3255E-04
  1.2037E-02 -4.7802E-02 -1.9298E-04 -5.4002E-04
  1.2121E-02 -4.8209E-02 -1.9569E-04 -5.4759E-04
  1.2205E-02 -4.8617E-02 -1.9843E-04 -5.5526E-04
  1.2291E-02 -4.9028E-02 -2.0121E-04 -5.6304E-04
  1.2377E-02 -4.9441E-02 -2.0403E-04 -5.7093E-04
  1.2463E-02 -4.9856E-02 -2.0689E-04 -5.7894E-04
  1.2550E-02 -5.0273E-02 -2.0979E-04 -5.8705E-04
  1.2638E-02 -5.0691E-02 -2.1273E-04 -5.9527E-04
  1.2726E-02 -5.1112E-02 -2.1571E-04 -6.0362E-04
  1.2815E-02 -5.1534E-02 -2.1873E-04 -6.1207E-04
  1.2904E-02 -5.1959E-02 -2.2180E-04 -6.2065E-04
  1.2994E-02 -5.2385E-02 -2.2491E-04 -6.2934E-04
  1.3085E-02 -5.2813E-02 -2.2806E-04 -6.3816E-04
  1.3176E-02 -5.3243E-02 -2.3125E-04 -6.4710E-04
  1.3268E-02 -5.3675E-02 -2.3449E-04 -6.5617E-04
  1.3361E-02 -5.4108E-02 -2.3778E-04 -6.6536E-04
  1.3454E-02 -5.4543E-02 -2.4111E-04 -6.7468E-04
  1.3548E-02 -5.4980E-02 -2.4448E-04 -6.8413E-04
  1.3643E-02 -5.5418E-02 -2.4791E-04 -6.9371E-04
  1.3738E-02 -5.5858E-02 -2.5138E-04 -7.0343E-04
  1.3834E-02 -5.6300E-02 -2.5490E-04 -7.1328E-04
  1.3930E-02 -5.6743E-02 -2.5847E-04 -7.2327E-04
  1.4027E-02 -5.7188E-02 -2.6209E-04 -7.3340E-04
  1.4125E-02 -5.7634E-02 -2.6576E-04 -7.4367E-04
  1.4224E-02 -5.8081E-02 -2.6948E-04 -7.5408E-04
  1.4323E-02 -5.8530E-02 -2.7325E-04 -7.6464E-04
  1.4423E-02 -5.8981E-02 -2.7708E-04 -7.7534E-04
  1.4524E-02 -5.9432E-02 -2.8096E-04 -7.8620E-04
  1.4625E-02 -5.9885E-02 -2.8489E-04 -7.9721E-04
  1.4727E-02 -6.0339E-02 -2.8888E-04 -8.0837E-04
  1.4830E-02 -6.0794E-02 -2.9292E-04 -8.1968E-04
  1.4933E-02 -6.1251E-02 -2.9702E-04 -8.3116E-04
  1.5037E-02 -6.1708E-02 -3.0118E-04 -8.4279E-04
  1.5142E-02 -6.2167E-02 -3.0540E-04 -8.5459E-04
  1.5248E-02 -6.2626E-02 -3.0967E-04 -8.6655E-04
  1.5354E-02 -6.3086E-02 -3.1401E-04 -8.7868E-04
  1.5461E-02 -6.3548E-02 -3.1840E-04 -8.9098E-04
  1.5569E-02 -6.4010E-02 -3.2286E-04 -9.0345E-04
  1.5678E-02 -6.4473E-02 -3.2737E-04 -9.1610E-04
  1.5787E-02 -6.4936E-02 -3.3196E-04 -9.2892E-04
  1.5897E-02 -6.5400E-02 -3.3660E-04 -9.4192E-04
  1.6008E-02 -6.5865E-02 -3.4131E-04 -9.5510E-04
  1.6120E-02 -6.6330E-02 -3.4609E-04 -9.6846E-04
  1.6232E-02 -6.6796E-02 -3.5093E-04 -9.8201E-04
  1.6345E-02 -6.7262E-02 -3.5584E-04 -9.9575E-04
  1.6459E-02 -6.7729E-02 -3.6082E-04 -1.0097E-03
  1.6574E-02 -6.8196E-02 -3.6586E-04 -1.0238E-03
  1.6689E-02 -6.8663E-02 -3.7098E-04 -1.0381E-03
  1.6806E-02 -6.9130E-02 -3.7617E-04 -1.0527E-03
  1.6923E-02 -6.9597E-02 -3.8144E-04 -1.0674E-03
  1.7041E-02 -7.0064E-02 -3.8677E-04 -1.0823E-03
  1.7160E-02 -7.0531E-02 -3.9218E-04 -1.0975E-03
  1.7279E-02 -7.0998E-02 -3.9767E-04 -1.1128E-03
  1.7400E-02 -7.1464E-02 -4.0323E-04 -1.1284E-03
  1.7521E-02 -7.1931E-02 -4.0887E-04 -1.1442E-03
  1.7643E-02 -7.2397E-02 -4.1459E-04 -1.1602E-03
  1.7766E-02 -7.2862E-02 -4.2038E-04 -1.1764E-03
  1.7890E-02 -7.3327E-02 -4.2626E-04 -1.1928E-03
  1.8015E-02 -7.3791E-02 -4.3222E-04 -1.2095E-03
  1.8140E-02 -7.4255E-02 -4.3827E-04 -1.2264E-03
  1.8267E-02 -7.4717E-02 -4.4440E-04 -1.2436E-03
  1.8394E-02 -7.5179E-02 -4.5061E-04 -1.2610E-03
  1.8522E-02 -7.5640E-02 -4.5691E-04 -1.2786E-03
  1.8651E-02 -7.6100E-02 -4.6330E-04 -1.2965E-03
  1.8781E-02 -7.6558E-02 -4.6978E-04 -1.3146E-03
  1.8912E-02 -7.7015E-02 -4.7635E-04 -1.3330E-03
  1.9044E-02 -7.7471E-02 -4.8301E-04 -1.3516E-03
  1.9176E-02 -7.7925E-02 -4.8976E-04 -1.3705E-03
  1.9310E-02 -7.8378E-02 -4.9661E-04 -1.3897E-03
  1.9445E-02 -7.8829E-02 -5.0355E-04 -1.4091E-03
  1.9580E-02 -7.9278E-02 -5.1059E-04 -1.4288E-03
  1.9716E-02 -7.9726E-02 -5.1772E-04 -1.4488E-03
  1.9854E-02 -8.0171E-02 -5.2496E-04 -1.4691E-03
  1.9992E-02 -8.0614E-02 -5.3230E-04 -1.4896E-03
  2.0131E-02 -8.1055E-02 -5.3974E-04 -1.5104E-03
  2.0272E-02 -8.1494E-02 -5.4728E-04 -1.5315E-03
  2.0413E-02 -8.1930E-02 -5.5493E-04 -1.5530E-03
  2.0555E-02 -8.2364E-02 -5.6269E-04 -1.5747E-03
  2.0698E-02 -8.2794E-02 -5.7055E-04 -1.5967E-03
  2.0842E-02 -8.3222E-02 -5.7853E-04 -1.6190E-03
  2.0988E-02 -8.3648E-02 -5.8661E-04 -1.6416E-03
  2.1134E-02 -8.4070E-02 -5.9481E-04 -1.6646E-03
  2.1281E-02 -8.4488E-02 -6.0312E-04 -1.6878E-03
  2.1429E-02 -8.4904E-02 -6.1155E-04 -1.7114E-03
  2.1578E-02 -8.5316E-02 -6.2009E-04 -1.7353E-03
  2.1729E-02 -8.5724E-02 -6.2876E-04 -1.7596E-03
  2.1880E-02 -8.6129E-02 -6.3754E-04 -1.7842E-03
  2.2032E-02 -8.6530E-02 -6.4645E-04 -1.8091E-03
  2.2186E-02 -8.6927E-02 -6.5548E-04 -1.8344E-03
  2.2340E-02 -8.7320E-02 -6.6464E-04 -1.8600E-03
  2.2496E-02 -8.7708E-02 -6.7392E-04 -1.8860E-03
  2.2652E-02 -8.8092E-02 -6.8334E-04 -1.9123E-03
  2.2810E-02 -8.8472E-02 -6.9289E-04 -1.9391E-03
  2.2969E-02 -8.8847E-02 -7.0256E-04 -1.9662E-03
  2.3129E-02 -8.9217E-02 -7.1238E-04 -1.9936E-03
  2.3290E-02 -8.9582E-02 -7.2233E-04 -2.0215E-03
  2.3452E-02 -8.9942E-02 -7.3242E-04 -2.0497E-03
  2.3615E-02 -9.0296E-02 -7.4265E-04 -2.0784E-03
  2.3780E-02 -9.0645E-02 -7.5302E-04 -2.1074E-03
  2.3945E-02 -9.0988E-02 -7.6354E-04 -2.1368E-03
  2.4112E-02 -9.1326E-02 -7.7420E-04 -2.1667E-03
  2.4280E-02 -9.1658E-02 -7.8502E-04 -2.1969E-03
  2.4449E-02 -9.1983E-02 -7.9598E-04 -2.2276E-03
  2.4619E-02 -9.2303E-02 -8.0710E-04 -2.2587E-03
  2.4790E-02 -9.2616E-02 -8.1837E-04 -2.2903E-03
  2.4963E-02 -9.2922E-02 -8.2980E-04 -2.3223E-03
  2.5137E-02 -9.3221E-02 -8.4138E-04 -2.3547E-03
  2.5312E-02 -9.3514E-02 -8.5313E-04 -2.3876E-03
  2.5488E-02 -9.3799E-02 -8.6505E-04 -2.4209E-03
  2.5665E-02 -9.4078E-02 -8.7713E-04 -2.4548E-03
  2.5844E-02 -9.4348E-02 -8.8937E-04 -2.4890E-03
  2.6024E-02 -9.4611E-02 -9.0179E-04 -2.5238E-03
  2.6205E-02 -9.4867E-02 -9.1438E-04 -2.5590E-03
  2.6387E-02 -9.5114E-02 -9.2715E-04 -2.5948E-03
  2.6571E-02 -9.5353E-02 -9.4009E-04 -2.6310E-03
  2.6756E-02 -9.5584E-02 -9.5322E-04 -2.6678E-03
  2.6942E-02 -9.5806E-02 -9.6652E-04 -2.7050E-03
  2.7129E-02 -9.6019E-02 -9.8002E-04 -2.7428E-03
  2.7318E-02 -9.6224E-02 -9.9370E-04 -2.7811E-03
  2.7508E-02 -9.6419E-02 -1.0076E-03 -2.8199E-03
  2.7700E-02 -9.6605E-02 -1.0216E-03 -2.8593E-03
  2.7892E-02 -9.6782E-02 -1.0359E-03 -2.8992E-03
  2.8087E-02 -9.6949E-02 -1.0504E-03 -2.9397E-03
  2.8282E-02 -9.7106E-02 -1.0650E-03 -2.9807E-03
  2.8479E-02 -9.7253E-02 -1.0799E-03 -3.0223E-03
  2.8677E-02 -9.7389E-02 -1.0950E-03 -3.0645E-03
  2.8876E-02 -9.7516E-02 -1.1102E-03 -3.1073E-03
  2.9077E-02 -9.7631E-02 -1.1257E-03 -3.1507E-03
  2.9280E-02 -9.7736E-02 -1.1414E-03 -3.1947E-03
  2.9483E-02 -9.7830E-02 -1.1574E-03 -3.2393E-03
  2.9688E-02 -9.7912E-02 -1.1735E-03 -3.2845E-03
  2.9895E-02 -9.7983E-02 -1.1899E-03 -3.3303E-03
  3.0103E-02 -9.8042E-02 -1.2065E-03 -3.3768E-03
  3.0312E-02 -9.8090E-02 -1.2233E-03 -3.4239E-03
  3.0523E-02 -9.8125E-02 -1.2404E-03 -3.4717E-03
  3.0736E-02 -9.8148E-02 -1.2577E-03 -3.5202E-03
  3.0949E-02 -9.8159E-02 -1.2753E-03 -3.5693E-03
  3.1165E-02 -9.8156E-02 -1.2931E-03 -3.6191E-03
  3.1381E-02 -9.8141E-02 -1.3111E-03 -3.6696E-03
  3.1600E-02 -9.8113E-02 -1.3294E-03 -3.7209E-03
  3.1820E-02 -9.8072E-02 -1.3479E-03 -3.7728E-03
  3.2041E-02 -9.8017E-02 -1.3668E-03 -3.8254E-03
  3.2264E-02 -9.7949E-02 -1.3858E-03 -3.8788E-03
  3.2488E-02 -9.7866E-02 -1.4052E-03 -3.9330E-03
  3.2714E-02 -9.7770E-02 -1.4248E-03 -3.9878E-03
  3.2942E-02 -9.7659E-02 -1.4446E-03 -4.0435E-03
  3.3171E-02 -9.7533E-02 -1.4648E-03 -4.0999E-03
  3.3402E-02 -9.7393E-02 -1.4852E-03 -4.1571E-03
  3.3634E-02 -9.7238E-02 -1.5059E-03 -4.2151E-03
  3.3868E-02 -9.7068E-02 -1.5269E-03 -4.2739E-03
  3.4103E-02 -9.6882E-02 -1.5482E-03 -4.3336E-03
  3.4340E-02 -9.6681E-02 -1.5698E-03 -4.3940E-03
  3.4579E-02 -9.6464E-02 -1.5917E-03 -4.4554E-03
  3.4820E-02 -9.6231E-02 -1.6139E-03 -4.5175E-03
  3.5062E-02 -9.5982E-02 -1.6364E-03 -4.5805E-03
  3.5306E-02 -9.5717E-02 -1.6593E-03 -4.6444E-03
  3.5551E-02 -9.5435E-02 -1.6824E-03 -4.7092E-03
  3.5798E-02 -9.5137E-02 -1.7059E-03 -4.7749E-03
  3.6047E-02 -9.4821E-02 -1.7297E-03 -4.8416E-03
  3.6298E-02 -9.4489E-02 -1.7538E-03 -4.9091E-03
  3.6550E-02 -9.4139E-02 -1.7782E-03 -4.9776E-03
  3.6805E-02 -9.3772E-02 -1.8030E-03 -5.0470E-03
  3.7061E-02 -9.3387E-02 -1.8282E-03 -5.1174E-03
  3.7318E-02 -9.2984E-02 -1.8537E-03 -5.1888E-03
  3.7578E-02 -9.2563E-02 -1.8795E-03 -5.2612E-03
  3.7839E-02 -9.2124E-02 -1.9057E-03 -5.3346E-03
  3.8102E-02 -9.1666E-02 -1.9323E-03 -5.4090E-03
  3.8367E-02 -9.1190E-02 -1.9592E-03 -5.4844E-03
  3.8634E-02 -9.0695E-02 -1.9865E-03 -5.5609E-03
  3.8902E-02 -9.0181E-02 -2.0142E-03 -5.6385E-03
  3.9173E-02 -8.9648E-02 -2.0423E-03 -5.7171E-03
  3.9445E-02 -8.9096E-02 -2.0708E-03 -5.7968E-03
  3.9719E-02 -8.8524E-02 -2.0997E-03 -5.8777E-03
  3.9996E-02 -8.7933E-02 -2.1289E-03 -5.9597E-03
  4.0274E-02 -8.7322E-02 -2.1586E-03 -6.0428E-03
  4.0554E-02 -8.6692E-02 -2.1887E-03 -6.1270E-03
  4.0836E-02 -8.6041E-02 -2.2192E-03 -6.2125E-03
  4.1119E-02 -8.5370E-02 -2.2501E-03 -6.2991E-03
  4.1405E-02 -8.4679E-02 -2.2815E-03 -6.3870E-03
  4.1693E-02 -8.3967E-02 -2.3133E-03 -6.4760E-03
  4.1983E-02 -8.3235E-02 -2.3455E-03 -6.5663E-03
  4.2275E-02 -8.2482E-02 -2.3782E-03 -6.6579E-03
  4.2569E-02 -8.1708E-02 -2.4114E-03 -6.7507E-03
  4.2865E-02 -8.0914E-02 -2.4450E-03 -6.8449E-03
  4.3163E-02 -8.0098E-02 -2.4790E-03 -6.9403E-03
  4.3463E-02 -7.9261E-02 -2.5136E-03 -7.0371E-03
  4.3765E-02 -7.8404E-02 -2.5486E-03 -7.1352E-03
  4.4069E-02 -7.7524E-02 -2.5841E-03 -7.2347E-03
  4.4375E-02 -7.6624E-02 -2.6201E-03 -7.3355E-03
  4.4684E-02 -7.5701E-02 -2.6566E-03 -7.4378E-03
  4.4994E-02 -7.4758E-02 -2.6937E-03 -7.5415E-03
  4.5307E-02 -7.3792E-02 -2.7312E-03 -7.6466E-03
  4.5622E-02 -7.2805E-02 -2.7692E-03 -7.7532E-03
  4.5939E-02 -7.1796E-02 -2.8078E-03 -7.8613E-03
  4.6258E-02 -7.0766E-02 -2.8469E-03 -7.9709E-03
  4.6580E-02 -6.9713E-02 -2.8866E-03 -8.0820E-03
  4.6904E-02 -6.8639E-02 -2.9268E-03 -8.1947E-03
  4.7230E-02 -6.7543E-02 -2.9676E-03 -8.3089E-03
  4.7558E-02 -6.6424E-02 -3.0089E-03 -8.4247E-03
  4.7888E-02 -6.5284E-02 -3.0508E-03 -8.5421E-03
  4.8221E-02 -6.4122E-02 -3.0933E-03 -8.6612E-03
  4.8556E-02 -6.2938E-02 -3.1364E-03 -8.7819E-03
  4.8894E-02 -6.1732E-02 -3.1801E-03 -8.9043E-03
  4.9234E-02 -6.0504E-02 -3.2244E-03 -9.0284E-03
  4.9576E-02 -5.9255E-02 -3.2693E-03 -9.1543E-03
  4.9920E-02 -5.7983E-02 -3.3148E-03 -9.2818E-03
  5.0267E-02 -5.6690E-02 -3.3610E-03 -9.4112E-03
  5.0617E-02 -5.5375E-02 -3.4078E-03 -9.5424E-03
  5.0968E-02 -5.4038E-02 -3.4553E-03 -9.6753E-03
  5.1323E-02 -5.2680E-02 -3.5034E-03 -9.8102E-03
  5.1679E-02 -5.1300E-02 -3.5522E-03 -9.9469E-03
  5.2038E-02 -4.9898E-02 -3.6016E-03 -1.0085E-02
  5.2400E-02 -4.8476E-02 -3.6518E-03 -1.0226E-02
  5.2764E-02 -4.7032E-02 -3.7026E-03 -1.0369E-02
  5.3131E-02 -4.5567E-02 -3.7542E-03 -1.0513E-02
  5.3500E-02 -4.4081E-02 -3.8065E-03 -1.0659E-02
  5.3872E-02 -4.2575E-02 -3.8595E-03 -1.0808E-02
  5.4246E-02 -4.1047E-02 -3.9132E-03 -1.0959E-02
  5.4623E-02 -3.9500E-02 -3.9677E-03 -1.1111E-02
  5.5002E-02 -3.7932E-02 -4.0229E-03 -1.1266E-02
  5.5385E-02 -3.6343E-02 -4.0789E-03 -1.1423E-02
  5.5769E-02 -3.4735E-02 -4.1357E-03 -1.1582E-02
  5.6157E-02 -3.3108E-02 -4.1932E-03 -1.1744E-02
  5.6547E-02 -3.1460E-02 -4.2516E-03 -1.1907E-02
  5.6940E-02 -2.9794E-02 -4.3108E-03 -1.2073E-02
  5.7336E-02 -2.8109E-02 -4.3708E-03 -1.2241E-02
  5.7734E-02 -2.6405E-02 -4.4316E-03 -1.2412E-02
  5.8135E-02 -2.4682E-02 -4.4933E-03 -1.2585E-02
  5.8539E-02 -2.2942E-02 -4.5558E-03 -1.2760E-02
  5.8946E-02 -2.1183E-02 -4.6192E-03 -1.2938E-02
  5.9355E-02 -1.9407E-02 -4.6835E-03 -1.3118E-02
  5.9768E-02 -1.7614E-02 -4.7486E-03 -1.3301E-02
  6.0183E-02 -1.5804E-02 -4.8147E-03 -1.3486E-02
  6.0601E-02 -1.3977E-02 -4.8817E-03 -1.3674E-02
  6.1022E-02 -1.2135E-02 -4.9496E-03 -1.3864E-02
  6.1446E-02 -1.0276E-02 -5.0185E-03 -1.4057E-02
  6.1873E-02 -8.4023E-03 -5.0883E-03 -1.4253E-02
  6.2303E-02 -6.5135E-03 -5.1591E-03 -1.4451E-02
  6.2736E-02 -4.6101E-03 -5.2309E-03 -1.4653E-02
  6.3172E-02 -2.6927E-03 -5.3036E-03 -1.4857E-02
  6.3610E-02 -7.6165E-04 -5.3774E-03 -1.5064E-02
  6.4052E-02  1.1826E-03 -5.4522E-03 -1.5273E-02
  6.4497E-02  3.1396E-03 -5.5280E-03 -1.5486E-02
  6.4945E-02  5.1088E-03 -5.6049E-03 -1.5702E-02
  6.5397E-02  7.0897E-03 -5.6829E-03 -1.5920E-02
  6.5851E-02  9.0818E-03 -5.7619E-03 -1.6142E-02
  6.6308E-02  1.1085E-02 -5.8420E-03 -1.6367E-02
  6.6769E-02  1.3097E-02 -5.9233E-03 -1.6595E-02
  6.7233E-02  1.5120E-02 -6.0056E-03 -1.6826E-02
  6.7700E-02  1.7151E-02 -6.0891E-03 -1.7060E-02
  6.8170E-02  1.9191E-02 -6.1738E-03 -1.7297E-02
  6.8644E-02  2.1238E-02 -6.2596E-03 -1.7538E-02
  6.9120E-02  2.3293E-02 -6.3466E-03 -1.7782E-02
  6.9601E-02  2.5354E-02 -6.4349E-03 -1.8030E-02
  7.0084E-02  2.7421E-02 -6.5243E-03 -1.8281E-02
  7.0571E-02  2.9493E-02 -6.6150E-03 -1.8535E-02
  7.1061E-02  3.1570E-02 -6.7070E-03 -1.8793E-02
  7.1555E-02  3.3651E-02 -6.8002E-03 -1.9055E-02
  7.2052E-02  3.5734E-02 -6.8947E-03 -1.9320E-02
  7.2552E-02  3.7820E-02 -6.9905E-03 -1.9589E-02
  7.3056E-02  3.9908E-02 -7.0877E-03 -1.9862E-02
  7.3564E-02  4.1997E-02 -7.1862E-03 -2.0138E-02
  7.4075E-02  4.4086E-02 -7.2860E-03 -2.0418E-02
  7.4589E-02  4.6174E-02 -7.3872E-03 -2.0702E-02
  7.5107E-02  4.8261E-02 -7.4899E-03 -2.0991E-02
  7.5629E-02  5.0345E-02 -7.5939E-03 -2.1283E-02
  7.6154E-02  5.2427E-02 -7.6994E-03 -2.1579E-02
  7.6683E-02  5.4504E-02 -7.8064E-03 -2.1879E-02
  7.7216E-02  5.6577E-02 -7.9148E-03 -2.2183E-02
  7.7752E-02  5.8644E-02 -8.0248E-03 -2.2492E-02
  7.8292E-02  6.0705E-02 -8.1362E-03 -2.2805E-02
  7.8836E-02  6.2759E-02 -8.2492E-03 -2.3122E-02
  7.9383E-02  6.4804E-02 -8.3638E-03 -2.3444E-02
  7.9935E-02  6.6841E-02 -8.4800E-03 -2.3770E-02
  8.0490E-02  6.8867E-02 -8.5977E-03 -2.4101E-02
  8.1049E-02  7.0882E-02 -8.7171E-03 -2.4436E-02
  8.1612E-02  7.2886E-02 -8.8381E-03 -2.4776E-02
  8.2179E-02  7.4876E-02 -8.9608E-03 -2.5120E-02
  8.2749E-02  7.6853E-02 -9.0852E-03 -2.5470E-02
  8.3324E-02  7.8815E-02 -9.2114E-03 -2.5824E-02
  8.3903E-02  8.0761E-02 -9.3392E-03 -2.6183E-02
  8.4486E-02  8.2691E-02 -9.4689E-03 -2.6547E-02
  8.5072E-02  8.4603E-02 -9.6003E-03 -2.6917E-02
  8.5663E-02  8.6496E-02 -9.7335E-03 -2.7291E-02
  8.6258E-02  8.8369E-02 -9.8686E-03 -2.7670E-02
  8.6857E-02  9.0222E-02 -1.0006E-02 -2.8055E-02
  8.7460E-02  9.2053E-02 -1.0144E-02 -2.8445E-02
  8.8068E-02  9.3861E-02 -1.0285E-02 -2.8841E-02
  8.8679E-02  9.5645E-02 -1.0428E-02 -2.9242E-02
  8.9295E-02  9.7404E-02 -1.0572E-02 -2.9648E-02
  8.9915E-02  9.9137E-02 -1.0719E-02 -3.0060E-02
  9.0540E-02  1.0084E-01 -1.0868E-02 -3.0478E-02
  9.1168E-02  1.0252E-01 -1.1019E-02 -3.0902E-02
  9.1802E-02  1.0417E-01 -1.1171E-02 -3.1332E-02
  9.2439E-02  1.0579E-01 -1.1326E-02 -3.1767E-02
  9.3081E-02  1.0738E-01 -1.1483E-02 -3.2209E-02
  9.3727E-02  1.0893E-01 -1.1643E-02 -3.2656E-02
  9.4378E-02  1.1045E-01 -1.1804E-02 -3.3110E-02
  9.5034E-02  1.1194E-01 -1.1968E-02 -3.3570E-02
  9.5694E-02  1.1339E-01 -1.2134E-02 -3.4037E-02
  9.6358E-02  1.1481E-01 -1.2302E-02 -3.4510E-02
  9.7027E-02  1.1618E-01 -1.2472E-02 -3.4989E-02
  9.7701E-02  1.1752E-01 -1.2645E-02 -3.5475E-02
  9.8379E-02  1.1882E-01 -1.2820E-02 -3.5968E-02
  9.9063E-02  1.2008E-01 -1.2998E-02 -3.6468E-02
  9.9750E-02  1.2129E-01 -1.3178E-02 -3.6975E-02
  1.0044E-01  1.2246E-01 -1.3361E-02 -3.7488E-02
  1.0114E-01  1.2359E-01 -1.3546E-02 -3.8009E-02
  1.0184E-01  1.2467E-01 -1.3733E-02 -3.8537E-02
  1.0255E-01  1.2571E-01 -1.3923E-02 -3.9072E-02
  1.0326E-01  1.2670E-01 -1.4116E-02 -3.9615E-02
  1.0398E-01  1.2764E-01 -1.4312E-02 -4.0165E-02
  1.0470E-01  1.2853E-01 -1.4510E-02 -4.0723E-02
  1.0543E-01  1.2937E-01 -1.4711E-02 -4.1288E-02
  1.0616E-01  1.3016E-01 -1.4915E-02 -4.1862E-02
  1.0690E-01  1.3090E-01 -1.5121E-02 -4.2443E-02
  1.0764E-01  1.3158E-01 -1.5330E-02 -4.3032E-02
  1.0839E-01  1.3221E-01 -1.5542E-02 -4.3629E-02
  1.0914E-01  1.3279E-01 -1.5758E-02 -4.4235E-02
  1.0990E-01  1.3331E-01 -1.5976E-02 -4.4849E-02
  1.1066E-01  1.3377E-01 -1.6197E-02 -4.5472E-02
  1.1143E-01  1.3417E-01 -1.6421E-02 -4.6103E-02
  1.1220E-01  1.3452E-01 -1.6648E-02 -4.6743E-02
  1.1298E-01  1.3480E-01 -1.6878E-02 -4.7391E-02
  1.1377E-01  1.3503E-01 -1.7111E-02 -4.8049E-02
  1.1456E-01  1.3519E-01 -1.7348E-02 -4.8716E-02
  1.1535E-01  1.3529E-01 -1.7588E-02 -4.9392E-02
  1.1615E-01  1.3533E-01 -1.7831E-02 -5.0077E-02
  1.1696E-01  1.3530E-01 -1.8078E-02 -5.0771E-02
  1.1777E-01  1.3521E-01 -1.8327E-02 -5.1476E-02
  1.1859E-01  1.3506E-01 -1.8581E-02 -5.2190E-02
  1.1941E-01  1.3484E-01 -1.8837E-02 -5.2914E-02
  1.2024E-01  1.3455E-01 -1.9098E-02 -5.3648E-02
  1.2108E-01  1.3420E-01 -1.9362E-02 -5.4391E-02
  1.2192E-01  1.3378E-01 -1.9629E-02 -5.5146E-02
  1.2276E-01  1.3329E-01 -1.9900E-02 -5.5910E-02
  1.2362E-01  1.3273E-01 -2.0175E-02 -5.6686E-02
  1.2447E-01  1.3210E-01 -2.0453E-02 -5.7471E-02
  1.2534E-01  1.3141E-01 -2.0736E-02 -5.8268E-02
  1.2621E-01  1.3064E-01 -2.1022E-02 -5.9076E-02
  1.2708E-01  1.2980E-01 -2.1312E-02 -5.9894E-02
  1.2797E-01  1.2889E-01 -2.1606E-02 -6.0725E-02
  1.2886E-01  1.2791E-01 -2.1904E-02 -6.1566E-02
  1.2975E-01  1.2686E-01 -2.2207E-02 -6.2419E-02
  1.3065E-01  1.2574E-01 -2.2513E-02 -6.3284E-02
  1.3156E-01  1.2455E-01 -2.2823E-02 -6.4161E-02
  1.3247E-01  1.2328E-01 -2.3138E-02 -6.5049E-02
  1.3339E-01  1.2194E-01 -2.3457E-02 -6.5951E-02
  1.3432E-01  1.2053E-01 -2.3781E-02 -6.6864E-02
  1.3525E-01  1.1905E-01 -2.4108E-02 -6.7790E-02
  1.3619E-01  1.1749E-01 -2.4441E-02 -6.8729E-02
  1.3713E-01  1.1587E-01 -2.4777E-02 -6.9680E-02
  1.3809E-01  1.1417E-01 -2.5119E-02 -7.0645E-02
  1.3904E-01  1.1240E-01 -2.5465E-02 -7.1623E-02
  1.4001E-01  1.1055E-01 -2.5816E-02 -7.2614E-02
  1.4098E-01  1.0864E-01 -2.6171E-02 -7.3619E-02
  1.4196E-01  1.0665E-01 -2.6531E-02 -7.4638E-02
  1.4295E-01  1.0460E-01 -2.6897E-02 -7.5671E-02
  1.4394E-01  1.0247E-01 -2.7267E-02 -7.6718E-02
  1.4494E-01  1.0027E-01 -2.7642E-02 -7.7779E-02
  1.4594E-01  9.8005E-02 -2.8022E-02 -7.8855E-02
  1.4696E-01  9.5669E-02 -2.8408E-02 -7.9946E-02
  1.4798E-01  9.3264E-02 -2.8799E-02 -8.1051E-02
  1.4900E-01  9.0792E-02 -2.9195E-02 -8.2172E-02
  1.5004E-01  8.8253E-02 -2.9596E-02 -8.3308E-02
  1.5108E-01  8.5647E-02 -3.0003E-02 -8.4460E-02
  1.5213E-01  8.2975E-02 -3.0415E-02 -8.5627E-02
  1.5319E-01  8.0239E-02 -3.0833E-02 -8.6811E-02
  1.5425E-01  7.7439E-02 -3.1257E-02 -8.8010E-02
  1.5532E-01  7.4576E-02 -3.1686E-02 -8.9226E-02
  1.5640E-01  7.1651E-02 -3.2121E-02 -9.0459E-02
  1.5748E-01  6.8665E-02 -3.2562E-02 -9.1709E-02
  1.5858E-01  6.5620E-02 -3.3009E-02 -9.2975E-02
  1.5968E-01  6.2516E-02 -3.3462E-02 -9.4259E-02
  1.6079E-01  5.9354E-02 -3.3921E-02 -9.5561E-02
  1.6190E-01  5.6137E-02 -3.4386E-02 -9.6880E-02
  1.6303E-01  5.2865E-02 -3.4858E-02 -9.8217E-02
  1.6416E-01  4.9539E-02 -3.5336E-02 -9.9573E-02
  1.6530E-01  4.6162E-02 -3.5820E-02 -1.0095E-01
  1.6644E-01  4.2735E-02 -3.6311E-02 -1.0234E-01
  1.6760E-01  3.9259E-02 -3.6809E-02 -1.0375E-01
  1.6876E-01  3.5735E-02 -3.7313E-02 -1.0518E-01
  1.6994E-01  3.2166E-02 -3.7824E-02 -1.0663E-01
  1.7111E-01  2.8554E-02 -3.8342E-02 -1.0810E-01
  1.7230E-01  2.4899E-02 -3.8867E-02 -1.0959E-01
  1.7350E-01  2.1204E-02 -3.9399E-02 -1.1110E-01
  1.7470E-01  1.7471E-02 -3.9938E-02 -1.1264E-01
  1.7592E-01  1.3702E-02 -4.0484E-02 -1.1419E-01
  1.7714E-01  9.8981E-03 -4.1037E-02 -1.1576E-01
  1.7837E-01  6.0621E-03 -4.1598E-02 -1.1735E-01
  1.7960E-01  2.1959E-03 -4.2167E-02 -1.1897E-01
  1.8085E-01 -1.6983E-03 -4.2743E-02 -1.2061E-01
  1.8211E-01 -5.6185E-03 -4.3327E-02 -1.2227E-01
  1.8337E-01 -9.5623E-03 -4.3919E-02 -1.2395E-01
  1.8464E-01 -1.3528E-02 -4.4518E-02 -1.2566E-01
  1.8593E-01 -1.7512E-02 -4.5126E-02 -1.2739E-01
  1.8722E-01 -2.1513E-02 -4.5741E-02 -1.2914E-01
  1.8852E-01 -2.5528E-02 -4.6365E-02 -1.3091E-01
  1.8982E-01 -2.9555E-02 -4.6997E-02 -1.3271E-01
  1.9114E-01 -3.3591E-02 -4.7638E-02 -1.3454E-01
  1.9247E-01 -3.7635E-02 -4.8287E-02 -1.3639E-01
  1.9380E-01 -4.1682E-02 -4.8945E-02 -1.3826E-01
  1.9515E-01 -4.5731E-02 -4.9611E-02 -1.4016E-01
  1.9650E-01 -4.9779E-02 -5.0287E-02 -1.4209E-01
  1.9787E-01 -5.3823E-02 -5.0971E-02 -1.4404E-01
  1.9924E-01 -5.7861E-02 -5.1665E-02 -1.4601E-01
  2.0062E-01 -6.1890E-02 -5.2367E-02 -1.4802E-01
  2.0202E-01 -6.5907E-02 -5.3079E-02 -1.5005E-01
  2.0342E-01 -6.9909E-02 -5.3800E-02 -1.5211E-01
  2.0483E-01 -7.3893E-02 -5.4531E-02 -1.5419E-01
  2.0625E-01 -7.7857E-02 -5.5272E-02 -1.5631E-01
  2.0768E-01 -8.1798E-02 -5.6022E-02 -1.5845E-01
  2.0913E-01 -8.5712E-02 -5.6782E-02 -1.6062E-01
  2.1058E-01 -8.9598E-02 -5.7553E-02 -1.6282E-01
  2.1204E-01 -9.3451E-02 -5.8333E-02 -1.6505E-01
  2.1351E-01 -9.7270E-02 -5.9124E-02 -1.6731E-01
  2.1499E-01 -1.0105E-01 -5.9925E-02 -1.6960E-01
  2.1649E-01 -1.0479E-01 -6.0736E-02 -1.7192E-01
  2.1799E-01 -1.0849E-01 -6.1559E-02 -1.7427E-01
  2.1950E-01 -1.1214E-01 -6.2392E-02 -1.7665E-01
  2.2102E-01 -1.1573E-01 -6.3236E-02 -1.7907E-01
  2.2256E-01 -1.1928E-01 -6.4091E-02 -1.8151E-01
  2.2410E-01 -1.2277E-01 -6.4957E-02 -1.8399E-01
  2.2566E-01 -1.2620E-01 -6.5834E-02 -1.8650E-01
  2.2723E-01 -1.2957E-01 -6.6723E-02 -1.8905E-01
  2.2880E-01 -1.3288E-01 -6.7624E-02 -1.9163E-01
  2.3039E-01 -1.3612E-01 -6.8536E-02 -1.9424E-01
  2.3199E-01 -1.3928E-01 -6.9461E-02 -1.9689E-01
  2.3360E-01 -1.4238E-01 -7.0397E-02 -1.9958E-01
  2.3522E-01 -1.4539E-01 -7.1345E-02 -2.0229E-01
  2.3685E-01 -1.4833E-01 -7.2306E-02 -2.0505E-01
  2.3850E-01 -1.5119E-01 -7.3279E-02 -2.0784E-01
  2.4015E-01 -1.5396E-01 -7.4265E-02 -2.1067E-01
  2.4182E-01 -1.5664E-01 -7.5263E-02 -2.1354E-01
  2.4350E-01 -1.5923E-01 -7.6275E-02 -2.1644E-01
  2.4519E-01 -1.6173E-01 -7.7299E-02 -2.1938E-01
  2.4689E-01 -1.6413E-01 -7.8337E-02 -2.2236E-01
  2.4860E-01 -1.6644E-01 -7.9388E-02 -2.2538E-01
  2.5033E-01 -1.6864E-01 -8.0452E-02 -2.2844E-01
  2.5207E-01 -1.7074E-01 -8.1531E-02 -2.3154E-01
  2.5382E-01 -1.7273E-01 -8.2623E-02 -2.3468E-01
  2.5558E-01 -1.7461E-01 -8.3729E-02 -2.3786E-01
  2.5735E-01 -1.7638E-01 -8.4849E-02 -2.4108E-01
  2.5914E-01 -1.7804E-01 -8.5984E-02 -2.4435E-01
  2.6094E-01 -1.7958E-01 -8.7133E-02 -2.4765E-01
  2.6275E-01 -1.8100E-01 -8.8296E-02 -2.5100E-01
  2.6457E-01 -1.8230E-01 -8.9475E-02 -2.5440E-01
  2.6641E-01 -1.8348E-01 -9.0668E-02 -2.5783E-01
  2.6826E-01 -1.8453E-01 -9.1877E-02 -2.6132E-01
  2.7012E-01 -1.8545E-01 -9.3101E-02 -2.6484E-01
  2.7199E-01 -1.8625E-01 -9.4340E-02 -2.6842E-01
  2.7388E-01 -1.8692E-01 -9.5595E-02 -2.7203E-01
  2.7578E-01 -1.8745E-01 -9.6866E-02 -2.7570E-01
  2.7770E-01 -1.8785E-01 -9.8153E-02 -2.7941E-01
  2.7962E-01 -1.8811E-01 -9.9457E-02 -2.8317E-01
  2.8156E-01 -1.8824E-01 -1.0078E-01 -2.8698E-01
  2.8352E-01 -1.8823E-01 -1.0211E-01 -2.9084E-01
  2.8549E-01 -1.8808E-01 -1.0346E-01 -2.9474E-01
  2.8747E-01 -1.8778E-01 -1.0483E-01 -2.9870E-01
  2.8946E-01 -1.8735E-01 -1.0622E-01 -3.0271E-01
  2.9147E-01 -1.8677E-01 -1.0763E-01 -3.0676E-01
  2.9349E-01 -1.8605E-01 -1.0905E-01 -3.1087E-01
  2.9553E-01 -1.8518E-01 -1.1049E-01 -3.1503E-01
  2.9758E-01 -1.8417E-01 -1.1194E-01 -3.1925E-01
  2.9965E-01 -1.8301E-01 -1.1342E-01 -3.2351E-01
  3.0173E-01 -1.8170E-01 -1.1491E-01 -3.2783E-01
  3.0382E-01 -1.8024E-01 -1.1642E-01 -3.3221E-01
  3.0593E-01 -1.7864E-01 -1.1795E-01 -3.3663E-01
  3.0805E-01 -1.7689E-01 -1.1950E-01 -3.4112E-01
  3.1019E-01 -1.7500E-01 -1.2107E-01 -3.4566E-01
  3.1234E-01 -1.7295E-01 -1.2266E-01 -3.5026E-01
  3.1451E-01 -1.7076E-01 -1.2426E-01 -3.5491E-01
  3.1669E-01 -1.6842E-01 -1.2589E-01 -3.5962E-01
  3.1889E-01 -1.6593E-01 -1.2754E-01 -3.6439E-01
  3.2111E-01 -1.6330E-01 -1.2920E-01 -3.6922E-01
  3.2333E-01 -1.6052E-01 -1.3089E-01 -3.7410E-01
  3.2558E-01 -1.5759E-01 -1.3259E-01 -3.7905E-01
  3.2784E-01 -1.5453E-01 -1.3432E-01 -3.8406E-01
  3.3011E-01 -1.5132E-01 -1.3607E-01 -3.8913E-01
  3.3240E-01 -1.4796E-01 -1.3783E-01 -3.9426E-01
  3.3471E-01 -1.4447E-01 -1.3962E-01 -3.9945E-01
  3.3703E-01 -1.4084E-01 -1.4143E-01 -4.0470E-01
  3.3937E-01 -1.3707E-01 -1.4327E-01 -4.1002E-01
  3.4173E-01 -1.3317E-01 -1.4512E-01 -4.1540E-01
  3.4410E-01 -1.2913E-01 -1.4700E-01 -4.2085E-01
  3.4649E-01 -1.2496E-01 -1.4889E-01 -4.2636E-01
  3.4889E-01 -1.2066E-01 -1.5081E-01 -4.3193E-01
  3.5131E-01 -1.1623E-01 -1.5276E-01 -4.3757E-01
  3.5375E-01 -1.1168E-01 -1.5472E-01 -4.4328E-01
  3.5621E-01 -1.0701E-01 -1.5671E-01 -4.4906E-01
  3.5868E-01 -1.0221E-01 -1.5872E-01 -4.5490E-01
  3.6117E-01 -9.7298E-02 -1.6076E-01 -4.6081E-01
  3.6367E-01 -9.2270E-02 -1.6281E-01 -4.6679E-01
  3.6620E-01 -8.7131E-02 -1.6490E-01 -4.7283E-01
  3.6874E-01 -8.1883E-02 -1.6700E-01 -4.7895E-01
  3.7130E-01 -7.6529E-02 -1.6913E-01 -4.8514E-01
  3.7388E-01 -7.1074E-02 -1.7128E-01 -4.9140E-01
  3.7647E-01 -6.5520E-02 -1.7346E-01 -4.9772E-01
  3.7908E-01 -5.9871E-02 -1.7567E-01 -5.0412E-01
  3.8171E-01 -5.4131E-02 -1.7789E-01 -5.1059E-01
  3.8436E-01 -4.8303E-02 -1.8015E-01 -5.1714E-01
  3.8703E-01 -4.2392E-02 -1.8242E-01 -5.2375E-01
  3.8972E-01 -3.6401E-02 -1.8473E-01 -5.3044E-01
  3.9242E-01 -3.0335E-02 -1.8706E-01 -5.3720E-01
  3.9514E-01 -2.4198E-02 -1.8941E-01 -5.4404E-01
  3.9789E-01 -1.7994E-02 -1.9179E-01 -5.5095E-01
  4.0065E-01 -1.1729E-02 -1.9420E-01 -5.5793E-01
  4.0343E-01 -5.4051E-03 -1.9663E-01 -5.6499E-01
  4.0623E-01  9.7114E-04 -1.9909E-01 -5.7212E-01
  4.0905E-01  7.3955E-03 -2.0157E-01 -5.7933E-01
  4.1189E-01  1.3863E-02 -2.0408E-01 -5.8661E-01
  4.1474E-01  2.0369E-02 -2.0662E-01 -5.9397E-01
  4.1762E-01  2.6907E-02 -2.0919E-01 -6.0141E-01
  4.2052E-01  3.3474E-02 -2.1178E-01 -6.0892E-01
  4.2344E-01  4.0064E-02 -2.1440E-01 -6.1651E-01
  4.2638E-01  4.6670E-02 -2.1705E-01 -6.2417E-01
  4.2934E-01  5.3289E-02 -2.1973E-01 -6.3191E-01
  4.3232E-01  5.9914E-02 -2.2243E-01 -6.3973E-01
  4.3532E-01  6.6541E-02 -2.2516E-01 -6.4762E-01
  4.3834E-01  7.3162E-02 -2.2792E-01 -6.5559E-01
  4.4138E-01  7.9773E-02 -2.3071E-01 -6.6364E-01
  4.4444E-01  8.6368E-02 -2.3352E-01 -6.7176E-01
  4.4753E-01  9.2941E-02 -2.3636E-01 -6.7996E-01
  4.5063E-01  9.9486E-02 -2.3924E-01 -6.8824E-01
  4.5376E-01  1.0600E-01 -2.4214E-01 -6.9659E-01
  4.5691E-01  1.1247E-01 -2.4507E-01 -7.0502E-01
  4.6008E-01  1.1889E-01 -2.4802E-01 -7.1352E-01
  4.6327E-01  1.2527E-01 -2.5101E-01 -7.2210E-01
  4.6649E-01  1.3159E-01 -2.5403E-01 -7.3076E-01
  4.6972E-01  1.3784E-01 -2.5707E-01 -7.3948E-01
  4.7298E-01  1.4402E-01 -2.6014E-01 -7.4828E-01
  4.7627E-01  1.5013E-01 -2.6324E-01 -7.5716E-01
  4.7957E-01  1.5615E-01 -2.6637E-01 -7.6611E-01
  4.8290E-01  1.6209E-01 -2.6953E-01 -7.7513E-01
  4.8625E-01  1.6793E-01 -2.7272E-01 -7.8422E-01
  4.8962E-01  1.7367E-01 -2.7594E-01 -7.9339E-01
  4.9302E-01  1.7930E-01 -2.7919E-01 -8.0262E-01
  4.9644E-01  1.8482E-01 -2.8246E-01 -8.1192E-01
  4.9989E-01  1.9023E-01 -2.8577E-01 -8.2129E-01
  5.0336E-01  1.9550E-01 -2.8910E-01 -8.3073E-01
  5.0685E-01  2.0065E-01 -2.9246E-01 -8.4023E-01
  5.1037E-01  2.0566E-01 -2.9585E-01 -8.4980E-01
  5.1391E-01  2.1052E-01 -2.9927E-01 -8.5944E-01
  5.1748E-01  2.1524E-01 -3.0272E-01 -8.6913E-01
  5.2107E-01  2.1980E-01 -3.0620E-01 -8.7889E-01
  5.2468E-01  2.2420E-01 -3.0970E-01 -8.8870E-01
  5.2832E-01  2.2843E-01 -3.1324E-01 -8.9858E-01
  5.3199E-01  2.3249E-01 -3.1680E-01 -9.0851E-01
  5.3568E-01  2.3637E-01 -3.2039E-01 -9.1849E-01
  5.3940E-01  2.4007E-01 -3.2401E-01 -9.2853E-01
  5.4314E-01  2.4358E-01 -3.2765E-01 -9.3862E-01
  5.4691E-01  2.4689E-01 -3.3132E-01 -9.4876E-01
  5.5071E-01  2.5001E-01 -3.3502E-01 -9.5894E-01
  5.5453E-01  2.5291E-01 -3.3875E-01 -9.6917E-01
  5.5838E-01  2.5561E-01 -3.4250E-01 -9.7944E-01
  5.6225E-01  2.5810E-01 -3.4628E-01 -9.8974E-01
  5.6615E-01  2.6036E-01 -3.5008E-01 -1.0001E+00
  5.7008E-01  2.6240E-01 -3.5391E-01 -1.0105E+00
  5.7404E-01  2.6421E-01 -3.5776E-01 -1.0209E+00
  5.7802E-01  2.6578E-01 -3.6164E-01 -1.0313E+00
  5.8203E-01  2.6712E-01 -3.6555E-01 -1.0418E+00
  5.8607E-01  2.6821E-01 -3.6948E-01 -1.0523E+00
  5.9014E-01  2.6906E-01 -3.7343E-01 -1.0628E+00
  5.9423E-01  2.6965E-01 -3.7740E-01 -1.0733E+00
  5.9836E-01  2.7000E-01 -3.8140E-01 -1.0838E+00
  6.0251E-01  2.7008E-01 -3.8542E-01 -1.0943E+00
  6.0669E-01  2.6990E-01 -3.8946E-01 -1.1049E+00
  6.1090E-01  2.6945E-01 -3.9352E-01 -1.1154E+00
  6.1514E-01  2.6874E-01 -3.9760E-01 -1.1259E+00
  6.1941E-01  2.6776E-01 -4.0170E-01 -1.1364E+00
  6.2371E-01  2.6650E-01 -4.0581E-01 -1.1469E+00
  6.2804E-01  2.6497E-01 -4.0995E-01 -1.1574E+00
  6.3239E-01  2.6316E-01 -4.1410E-01 -1.1679E+00
  6.3678E-01  2.6107E-01 -4.1827E-01 -1.1783E+00
  6.4120E-01  2.5869E-01 -4.2246E-01 -1.1887E+00
  6.4565E-01  2.5603E-01 -4.2666E-01 -1.1990E+00
  6.5013E-01  2.5308E-01 -4.3087E-01 -1.2093E+00
  6.5464E-01  2.4985E-01 -4.3510E-01 -1.2196E+00
  6.5919E-01  2.4633E-01 -4.3934E-01 -1.2297E+00
  6.6376E-01  2.4252E-01 -4.4359E-01 -1.2399E+00
  6.6837E-01  2.3842E-01 -4.4785E-01 -1.2499E+00
  6.7300E-01  2.3403E-01 -4.5211E-01 -1.2599E+00
  6.7767E-01  2.2935E-01 -4.5639E-01 -1.2697E+00
  6.8238E-01  2.2438E-01 -4.6067E-01 -1.2795E+00
  6.8711E-01  2.1912E-01 -4.6495E-01 -1.2892E+00
  6.9188E-01  2.1358E-01 -4.6924E-01 -1.2988E+00
  6.9668E-01  2.0774E-01 -4.7353E-01 -1.3082E+00
  7.0151E-01  2.0162E-01 -4.7782E-01 -1.3175E+00
  7.0638E-01  1.9522E-01 -4.8212E-01 -1.3267E+00
  7.1128E-01  1.8853E-01 -4.8640E-01 -1.3358E+00
  7.1622E-01  1.8156E-01 -4.9069E-01 -1.3447E+00
  7.2119E-01  1.7431E-01 -4.9497E-01 -1.3534E+00
  7.2619E-01  1.6679E-01 -4.9924E-01 -1.3619E+00
  7.3123E-01  1.5899E-01 -5.0350E-01 -1.3703E+00
  7.3631E-01  1.5093E-01 -5.0775E-01 -1.3785E+00
  7.4142E-01  1.4260E-01 -5.1199E-01 -1.3865E+00
  7.4656E-01  1.3400E-01 -5.1622E-01 -1.3943E+00
  7.5174E-01  1.2515E-01 -5.2043E-01 -1.4018E+00
  7.5696E-01  1.1605E-01 -5.2461E-01 -1.4091E+00
  7.6221E-01  1.0669E-01 -5.2878E-01 -1.4162E+00
  7.6750E-01  9.7097E-02 -5.3293E-01 -1.4230E+00
  7.7283E-01  8.7261E-02 -5.3705E-01 -1.4295E+00
  7.7819E-01  7.7193E-02 -5.4114E-01 -1.4358E+00
  7.8359E-01  6.6898E-02 -5.4520E-01 -1.4418E+00
  7.8903E-01  5.6383E-02 -5.4922E-01 -1.4475E+00
  7.9450E-01  4.5655E-02 -5.5322E-01 -1.4528E+00
  8.0002E-01  3.4719E-02 -5.5717E-01 -1.4578E+00
  8.0557E-01  2.3583E-02 -5.6108E-01 -1.4625E+00
  8.1116E-01  1.2256E-02 -5.6495E-01 -1.4668E+00
  8.1679E-01  7.4385E-04 -5.6877E-01 -1.4708E+00
  8.2245E-01 -1.0944E-02 -5.7254E-01 -1.4744E+00
  8.2816E-01 -2.2800E-02 -5.7626E-01 -1.4775E+00
  8.3391E-01 -3.4815E-02 -5.7992E-01 -1.4803E+00
  8.3969E-01 -4.6980E-02 -5.8352E-01 -1.4826E+00
  8.4552E-01 -5.9286E-02 -5.8706E-01 -1.4845E+00
  8.5139E-01 -7.1723E-02 -5.9053E-01 -1.4860E+00
  8.5730E-01 -8.4281E-02 -5.9393E-01 -1.4869E+00
  8.6324E-01 -9.6950E-02 -5.9726E-01 -1.4874E+00
  8.6923E-01 -1.0972E-01 -6.0051E-01 -1.4874E+00
  8.7527E-01 -1.2258E-01 -6.0367E-01 -1.4869E+00
  8.8134E-01 -1.3552E-01 -6.0675E-01 -1.4859E+00
  8.8746E-01 -1.4852E-01 -6.0974E-01 -1.4843E+00
  8.9361E-01 -1.6158E-01 -6.1264E-01 -1.4821E+00
  8.9981E-01 -1.7469E-01 -6.1543E-01 -1.4794E+00
  9.0606E-01 -1.8782E-01 -6.1813E-01 -1.4761E+00
  9.1235E-01 -2.0097E-01 -6.2071E-01 -1.4722E+00
  9.1868E-01 -2.1414E-01 -6.2318E-01 -1.4676E+00
  9.2505E-01 -2.2729E-01 -6.2553E-01 -1.4625E+00
  9.3147E-01 -2.4042E-01 -6.2776E-01 -1.4567E+00
  9.3793E-01 -2.5352E-01 -6.2986E-01 -1.4502E+00
  9.4444E-01 -2.6658E-01 -6.3183E-01 -1.4430E+00
  9.5100E-01 -2.7957E-01 -6.3366E-01 -1.4352E+00
  9.5759E-01 -2.9248E-01 -6.3534E-01 -1.4266E+00
  9.6424E-01 -3.0531E-01 -6.3687E-01 -1.4173E+00
  9.7093E-01 -3.1803E-01 -6.3825E-01 -1.4073E+00
  9.7767E-01 -3.3064E-01 -6.3947E-01 -1.3966E+00
  9.8445E-01 -3.4310E-01 -6.4051E-01 -1.3851E+00
  9.9128E-01 -3.5542E-01 -6.4139E-01 -1.3728E+00
  9.9816E-01 -3.6758E-01 -6.4208E-01 -1.3597E+00
  1.0051E+00 -3.7955E-01 -6.4258E-01 -1.3459E+00
  1.0121E+00 -3.9132E-01 -6.4289E-01 -1.3312E+00
  1.0191E+00 -4.0289E-01 -6.4300E-01 -1.3157E+00
  1.0262E+00 -4.1422E-01 -6.4290E-01 -1.2995E+00
  1.0333E+00 -4.2531E-01 -6.4259E-01 -1.2823E+00
  1.0404E+00 -4.3614E-01 -6.4205E-01 -1.2644E+00
  1.0477E+00 -4.4669E-01 -6.4129E-01 -1.2455E+00
  1.0549E+00 -4.5694E-01 -6.4028E-01 -1.2259E+00
  1.0623E+00 -4.6688E-01 -6.3903E-01 -1.2053E+00
  1.0696E+00 -4.7650E-01 -6.3753E-01 -1.1840E+00
  1.0770E+00 -4.8577E-01 -6.3576E-01 -1.1617E+00
  1.0845E+00 -4.9467E-01 -6.3373E-01 -1.1386E+00
  1.0920E+00 -5.0319E-01 -6.3142E-01 -1.1146E+00
  1.0996E+00 -5.1132E-01 -6.2882E-01 -1.0897E+00
  1.1073E+00 -5.1903E-01 -6.2593E-01 -1.0640E+00
  1.1149E+00 -5.2631E-01 -6.2273E-01 -1.0374E+00
  1.1227E+00 -5.3314E-01 -6.1922E-01 -1.0100E+00
  1.1305E+00 -5.3950E-01 -6.1539E-01 -9.8166E-01
  1.1383E+00 -5.4537E-01 -6.1122E-01 -9.5251E-01
  1.1462E+00 -5.5075E-01 -6.0672E-01 -9.2253E-01
  1.1542E+00 -5.5560E-01 -6.0186E-01 -8.9171E-01
  1.1622E+00 -5.5991E-01 -5.9664E-01 -8.6009E-01
  1.1702E+00 -5.6367E-01 -5.9106E-01 -8.2766E-01
  1.1784E+00 -5.6686E-01 -5.8509E-01 -7.9445E-01
  1.1865E+00 -5.6945E-01 -5.7873E-01 -7.6048E-01
  1.1948E+00 -5.7144E-01 -5.7197E-01 -7.2576E-01
  1.2031E+00 -5.7281E-01 -5.6480E-01 -6.9032E-01
  1.2114E+00 -5.7353E-01 -5.5721E-01 -6.5417E-01
  1.2198E+00 -5.7360E-01 -5.4918E-01 -6.1735E-01
  1.2283E+00 -5.7298E-01 -5.4072E-01 -5.7989E-01
  1.2368E+00 -5.7168E-01 -5.3179E-01 -5.4181E-01
  1.2454E+00 -5.6967E-01 -5.2240E-01 -5.0315E-01
  1.2540E+00 -5.6693E-01 -5.1254E-01 -4.6393E-01
  1.2627E+00 -5.6345E-01 -5.0218E-01 -4.2421E-01
  1.2715E+00 -5.5921E-01 -4.9133E-01 -3.8402E-01
  1.2803E+00 -5.5420E-01 -4.7997E-01 -3.4339E-01
  1.2892E+00 -5.4840E-01 -4.6808E-01 -3.0238E-01
  1.2981E+00 -5.4180E-01 -4.5566E-01 -2.6103E-01
  1.3071E+00 -5.3438E-01 -4.4269E-01 -2.1939E-01
  1.3162E+00 -5.2612E-01 -4.2917E-01 -1.7750E-01
  1.3253E+00 -5.1702E-01 -4.1508E-01 -1.3543E-01
  1.3345E+00 -5.0705E-01 -4.0040E-01 -9.3229E-02
  1.3438E+00 -4.9621E-01 -3.8513E-01 -5.0951E-02
  1.3531E+00 -4.8447E-01 -3.6926E-01 -8.6586E-03
  1.3625E+00 -4.7184E-01 -3.5278E-01  3.3587E-02
  1.3720E+00 -4.5829E-01 -3.3566E-01  7.5723E-02
  1.3815E+00 -4.4381E-01 -3.1791E-01  1.1768E-01
  1.3911E+00 -4.2840E-01 -2.9950E-01  1.5940E-01
  1.4007E+00 -4.1203E-01 -2.8043E-01  2.0080E-01
  1.4104E+00 -3.9470E-01 -2.6069E-01  2.4182E-01
  1.4202E+00 -3.7641E-01 -2.4026E-01  2.8238E-01
  1.4301E+00 -3.5713E-01 -2.1913E-01  3.2242E-01
  1.4400E+00 -3.3686E-01 -1.9730E-01  3.6185E-01
  1.4500E+00 -3.1560E-01 -1.7474E-01  4.0060E-01
  1.4601E+00 -2.9333E-01 -1.5146E-01  4.3860E-01
  1.4702E+00 -2.7005E-01 -1.2743E-01  4.7576E-01
  1.4804E+00 -2.4574E-01 -1.0266E-01  5.1201E-01
  1.4907E+00 -2.2041E-01 -7.7123E-02  5.4728E-01
  1.5010E+00 -1.9406E-01 -5.0816E-02  5.8148E-01
  1.5114E+00 -1.6666E-01 -2.3730E-02  6.1455E-01
  1.5219E+00 -1.3823E-01  4.1455E-03  6.4639E-01
  1.5325E+00 -1.0876E-01  3.2819E-02  6.7695E-01
  1.5431E+00 -7.8241E-02  6.2298E-02  7.0614E-01
  1.5538E+00 -4.6680E-02  9.2592E-02  7.3389E-01
  1.5646E+00 -1.4075E-02  1.2371E-01  7.6014E-01
  1.5755E+00  1.9575E-02  1.5565E-01  7.8481E-01
  1.5864E+00  5.4266E-02  1.8843E-01  8.0784E-01
  1.5974E+00  8.9998E-02  2.2205E-01  8.2918E-01
  1.6085E+00  1.2677E-01  2.5651E-01  8.4875E-01
  1.6196E+00  1.6457E-01  2.9183E-01  8.6651E-01
  1.6309E+00  2.0339E-01  3.2800E-01  8.8241E-01
  1.6422E+00  2.4324E-01  3.6502E-01  8.9640E-01
  1.6536E+00  2.8409E-01  4.0291E-01  9.0844E-01
  1.6651E+00  3.2595E-01  4.4165E-01  9.1849E-01
  1.6766E+00  3.6880E-01  4.8126E-01  9.2653E-01
  1.6883E+00  4.1263E-01  5.2173E-01  9.3253E-01
  1.7000E+00  4.5743E-01  5.6306E-01  9.3648E-01
  1.7118E+00  5.0319E-01  6.0524E-01  9.3836E-01
  1.7236E+00  5.4988E-01  6.4829E-01  9.3818E-01
  1.7356E+00  5.9750E-01  6.9218E-01  9.3593E-01
  1.7476E+00  6.4602E-01  7.3691E-01  9.3164E-01
  1.7598E+00  6.9543E-01  7.8248E-01  9.2531E-01
  1.7720E+00  7.4571E-01  8.2888E-01  9.1699E-01
  1.7843E+00  7.9683E-01  8.7610E-01  9.0670E-01
  1.7967E+00  8.4877E-01  9.2413E-01  8.9449E-01
  1.8091E+00  9.0151E-01  9.7295E-01  8.8043E-01
  1.8217E+00  9.5502E-01  1.0226E+00  8.6456E-01
  1.8343E+00  1.0093E+00  1.0729E+00  8.4697E-01
  1.8470E+00  1.0642E+00  1.1241E+00  8.2773E-01
  1.8599E+00  1.1199E+00  1.1759E+00  8.0694E-01
  1.8728E+00  1.1762E+00  1.2285E+00  7.8469E-01
  1.8858E+00  1.2331E+00  1.2817E+00  7.6110E-01
  1.8988E+00  1.2906E+00  1.3356E+00  7.3626E-01
  1.9120E+00  1.3487E+00  1.3902E+00  7.1031E-01
  1.9253E+00  1.4072E+00  1.4453E+00  6.8338E-01
  1.9386E+00  1.4662E+00  1.5011E+00  6.5559E-01
  1.9521E+00  1.5257E+00  1.5574E+00  6.2710E-01
  1.9656E+00  1.5855E+00  1.6141E+00  5.9804E-01
  1.9793E+00  1.6457E+00  1.6714E+00  5.6856E-01
  1.9930E+00  1.7061E+00  1.7291E+00  5.3882E-01
  2.0068E+00  1.7668E+00  1.7872E+00  5.0897E-01
  2.0208E+00  1.8277E+00  1.8456E+00  4.7917E-01
  2.0348E+00  1.8887E+00  1.9044E+00  4.4958E-01
  2.0489E+00  1.9498E+00  1.9633E+00  4.2034E-01
  2.0631E+00  2.0110E+00  2.0225E+00  3.9161E-01
  2.0774E+00  2.0721E+00  2.0819E+00  3.6353E-01
  2.0919E+00  2.1332E+00  2.1413E+00  3.3626E-01
  2.1064E+00  2.1941E+00  2.2007E+00  3.0992E-01
  2.1210E+00  2.2548E+00  2.2601E+00  2.8464E-01
  2.1357E+00  2.3152E+00  2.3195E+00  2.6054E-01
  2.1505E+00  2.3754E+00  2.3786E+00  2.3773E-01
  2.1654E+00  2.4351E+00  2.4375E+00  2.1629E-01
  2.1805E+00  2.4943E+00  2.4961E+00  1.9631E-01
  2.1956E+00  2.5531E+00  2.5543E+00  1.7786E-01
  2.2108E+00  2.6112E+00  2.6120E+00  1.6098E-01
  2.2262E+00  2.6687E+00  2.6691E+00  1.4571E-01
  2.2416E+00  2.7254E+00  2.7257E+00  1.3206E-01
  2.2572E+00  2.7813E+00  2.7814E+00  1.2002E-01
  2.2728E+00  2.8364E+00  2.8364E+00  1.0959E-01
  2.2886E+00  2.8904E+00  2.8904E+00  1.0072E-01
  2.3045E+00  2.9435E+00  2.9435E+00  9.1263E-02
  2.3205E+00  2.9954E+00  2.9954E+00  7.0161E-02
  2.3366E+00  3.0461E+00  3.0461E+00  5.0447E-02
  2.3528E+00  3.0955E+00  3.0955E+00  3.4661E-02
  2.3691E+00  3.1436E+00  3.1436E+00  2.2173E-02
  2.3856E+00  3.1902E+00  3.1902E+00  1.2609E-02
  2.4021E+00  3.2353E+00  3.2353E+00  5.5920E-03
  2.4188E+00  3.2788E+00  3.2788E+00  7.4117E-04
  2.4356E+00  3.3207E+00  3.3207E+00 -2.3187E-03
  2.4525E+00  3.3607E+00  3.3607E+00 -3.9533E-03
  2.4695E+00  3.3989E+00  3.3989E+00 -4.5116E-03
  2.4866E+00  3.4352E+00  3.4352E+00 -4.3195E-03
  2.5039E+00  3.4695E+00  3.4695E+00 -3.6715E-03
  2.5212E+00  3.5017E+00  3.5017E+00 -2.8227E-03
  2.5387E+00  3.5317E+00  3.5317E+00 -1.9803E-03
  2.5563E+00  3.5594E+00  3.5594E+00 -1.2944E-03
  2.5741E+00  3.5848E+00  3.5848E+00 -8.4803E-04
  2.5919E+00  3.6078E+00  3.6078E+00 -6.4805E-04
  2.6099E+00  3.6282E+00  3.6282E+00  0.0000E+00
  2.6280E+00  3.6461E+00  3.6461E+00  0.0000E+00
  2.6463E+00  3.6614E+00  3.6614E+00  0.0000E+00
  2.6646E+00  3.6739E+00  3.6739E+00  0.0000E+00
  2.6831E+00  3.6836E+00  3.6836E+00  0.0000E+00
  2.7017E+00  3.6905E+00  3.6905E+00  0.0000E+00
  2.7205E+00  3.6944E+00  3.6944E+00  0.0000E+00
  2.7394E+00  3.6953E+00  3.6953E+00  0.0000E+00
  2.7584E+00  3.6931E+00  3.6931E+00  0.0000E+00
  2.7775E+00  3.6878E+00  3.6878E+00  0.0000E+00
  2.7968E+00  3.6793E+00  3.6793E+00  0.0000E+00
  2.8162E+00  3.6676E+00  3.6676E+00  0.0000E+00
  2.8357E+00  3.6526E+00  3.6526E+00  0.0000E+00
  2.8554E+00  3.6342E+00  3.6342E+00  0.0000E+00
  2.8752E+00  3.6124E+00  3.6124E+00  0.0000E+00
  2.8952E+00  3.5872E+00  3.5872E+00  0.0000E+00
  2.9153E+00  3.5585E+00  3.5585E+00  0.0000E+00
  2.9355E+00  3.5263E+00  3.5263E+00  0.0000E+00
  2.9559E+00  3.4906E+00  3.4906E+00  0.0000E+00
  2.9764E+00  3.4514E+00  3.4514E+00  0.0000E+00
  2.9970E+00  3.4086E+00  3.4086E+00  0.0000E+00
  3.0178E+00  3.3622E+00  3.3622E+00  0.0000E+00
  3.0388E+00  3.3122E+00  3.3122E+00  0.0000E+00
  3.0598E+00  3.2586E+00  3.2586E+00  0.0000E+00
  3.0811E+00  3.2015E+00  3.2015E+00  0.0000E+00
  3.1024E+00  3.1408E+00  3.1408E+00  0.0000E+00
  3.1240E+00  3.0765E+00  3.0765E+00  0.0000E+00
  3.1456E+00  3.0088E+00  3.0088E+00  0.0000E+00
  3.1675E+00  2.9375E+00  2.9375E+00  0.0000E+00
  3.1895E+00  2.8629E+00  2.8629E+00  0.0000E+00
  3.2116E+00  2.7848E+00  2.7848E+00  0.0000E+00
  3.2339E+00  2.7034E+00  2.7034E+00  0.0000E+00
  3.2563E+00  2.6187E+00  2.6187E+00  0.0000E+00
  3.2789E+00  2.5309E+00  2.5309E+00  0.0000E+00
  3.3016E+00  2.4399E+00  2.4399E+00  0.0000E+00
  3.3246E+00  2.3459E+00  2.3459E+00  0.0000E+00
  3.3476E+00  2.2490E+00  2.2490E+00  0.0000E+00
  3.3709E+00  2.1492E+00  2.1492E+00  0.0000E+00
  3.3942E+00  2.0468E+00  2.0468E+00  0.0000E+00
  3.4178E+00  1.9418E+00  1.9418E+00  0.0000E+00
  3.4415E+00  1.8344E+00  1.8344E+00  0.0000E+00
  3.4654E+00  1.7247E+00  1.7247E+00  0.0000E+00
  3.4894E+00  1.6128E+00  1.6128E+00  0.0000E+00
  3.5136E+00  1.4990E+00  1.4990E+00  0.0000E+00
  3.5380E+00  1.3834E+00  1.3834E+00  0.0000E+00
  3.5626E+00  1.2661E+00  1.2661E+00  0.0000E+00
  3.5873E+00  1.1475E+00  1.1475E+00  0.0000E+00
  3.6122E+00  1.0276E+00  1.0276E+00  0.0000E+00
  3.6372E+00  9.0668E-01  9.0668E-01  0.0000E+00
  3.6625E+00  7.8499E-01  7.8499E-01  0.0000E+00
  3.6879E+00  6.6273E-01  6.6273E-01  0.0000E+00
