  0.0000000E+00  0.0000000E+00  0.0000000E+00
  4.9746210E-07  9.3552664E-04  3.1947179E-16
  9.9840364E-07  2.4771731E-03  1.2868409E-15
  1.5028490E-06  4.3873183E-03  2.9157025E-15
  2.0108226E-06  6.5907496E-03  5.2198742E-15
  2.5223492E-06  9.0431259E-03  8.2133994E-15
  3.0374536E-06  1.1723569E-02  1.1910550E-14
  3.5561608E-06  1.4612590E-02  1.6325832E-14
  4.0784961E-06  1.7696249E-02  2.1473985E-14
  4.6044849E-06  2.0964174E-02  2.7369989E-14
  5.1341525E-06  2.4408159E-02  3.4029069E-14
  5.6675249E-06  2.8021606E-02  4.1466693E-14
  6.2046280E-06  3.1799097E-02  4.9698584E-14
  6.7454877E-06  3.5736159E-02  5.8740716E-14
  7.2901304E-06  3.9829053E-02  6.8609321E-14
  7.8385826E-06  4.4074636E-02  7.9320894E-14
  8.3908708E-06  4.8470252E-02  9.0892196E-14
  8.9470220E-06  5.3013652E-02  1.0334026E-13
  9.5070631E-06  5.7702931E-02  1.1668238E-13
  1.0071021E-05  6.2536475E-02  1.3093615E-13
  1.0638924E-05  6.7512925E-02  1.4611942E-13
  1.1210799E-05  7.2631137E-02  1.6225036E-13
  1.1786674E-05  7.7890162E-02  1.7934739E-13
  1.2366577E-05  8.3289219E-02  1.9742926E-13
  1.2950536E-05  8.8827676E-02  2.1651500E-13
  1.3538579E-05  9.4505036E-02  2.3662394E-13
  1.4130735E-05  1.0032092E-01  2.5777574E-13
  1.4727033E-05  1.0627507E-01  2.7999035E-13
  1.5327502E-05  1.1236731E-01  3.0328804E-13
  1.5932171E-05  1.1859755E-01  3.2768943E-13
  1.6541069E-05  1.2496582E-01  3.5321542E-13
  1.7154226E-05  1.3147218E-01  3.7988729E-13
  1.7771671E-05  1.3811679E-01  4.0772662E-13
  1.8393435E-05  1.4489985E-01  4.3675535E-13
  1.9019548E-05  1.5182166E-01  4.6699575E-13
  1.9650041E-05  1.5888254E-01  4.9847048E-13
  2.0284943E-05  1.6608287E-01  5.3120251E-13
  2.0924286E-05  1.7342309E-01  5.6521519E-13
  2.1568101E-05  1.8090368E-01  6.0053226E-13
  2.2216419E-05  1.8852518E-01  6.3717780E-13
  2.2869271E-05  1.9628814E-01  6.7517630E-13
  2.3526690E-05  2.0419317E-01  7.1455259E-13
  2.4188707E-05  2.1224093E-01  7.5533194E-13
  2.4855355E-05  2.2043210E-01  7.9753998E-13
  2.5526665E-05  2.2876739E-01  8.4120277E-13
  2.6202671E-05  2.3724755E-01  8.8634674E-13
  2.6883405E-05  2.4587337E-01  9.3299877E-13
  2.7568900E-05  2.5464566E-01  9.8118615E-13
  2.8259190E-05  2.6356526E-01  1.0309366E-12
  2.8954308E-05  2.7263306E-01  1.0822782E-12
  2.9654288E-05  2.8184994E-01  1.1352396E-12
  3.0359164E-05  2.9121684E-01  1.1898498E-12
  3.1068970E-05  3.0073471E-01  1.2461383E-12
  3.1783741E-05  3.1040453E-01  1.3041350E-12
  3.2503511E-05  3.2022731E-01  1.3638703E-12
  3.3228316E-05  3.3020408E-01  1.4253752E-12
  3.3958190E-05  3.4033589E-01  1.4886808E-12
  3.4693169E-05  3.5062382E-01  1.5538192E-12
  3.5433289E-05  3.6106896E-01  1.6208225E-12
  3.6178585E-05  3.7167245E-01  1.6897237E-12
  3.6929095E-05  3.8243543E-01  1.7605560E-12
  3.7684854E-05  3.9335906E-01  1.8333534E-12
  3.8445899E-05  4.0444454E-01  1.9081502E-12
  3.9212267E-05  4.1569307E-01  1.9849813E-12
  3.9983995E-05  4.2710589E-01  2.0638821E-12
  4.0761121E-05  4.3868425E-01  2.1448887E-12
  4.1543682E-05  4.5042942E-01  2.2280375E-12
  4.2331717E-05  4.6234270E-01  2.3133658E-12
  4.3125264E-05  4.7442540E-01  2.4009110E-12
  4.3924362E-05  4.8667885E-01  2.4907116E-12
  4.4729048E-05  4.9910441E-01  2.5828063E-12
  4.5539363E-05  5.1170345E-01  2.6772346E-12
  4.6355345E-05  5.2447737E-01  2.7740365E-12
  4.7177035E-05  5.3742758E-01  2.8732526E-12
  4.8004472E-05  5.5055550E-01  2.9749243E-12
  4.8837697E-05  5.6386260E-01  3.0790934E-12
  4.9676749E-05  5.7735035E-01  3.1858026E-12
  5.0521670E-05  5.9102022E-01  3.2950948E-12
  5.1372500E-05  6.0487375E-01  3.4070141E-12
  5.2229282E-05  6.1891244E-01  3.5216050E-12
  5.3092057E-05  6.3313786E-01  3.6389126E-12
  5.3960866E-05  6.4755157E-01  3.7589828E-12
  5.4835751E-05  6.6215515E-01  3.8818623E-12
  5.5716756E-05  6.7695021E-01  4.0075982E-12
  5.6603924E-05  6.9193838E-01  4.1362387E-12
  5.7497296E-05  7.0712130E-01  4.2678325E-12
  5.8396917E-05  7.2250063E-01  4.4024290E-12
  5.9302830E-05  7.3807805E-01  4.5400786E-12
  6.0215080E-05  7.5385527E-01  4.6808321E-12
  6.1133710E-05  7.6983400E-01  4.8247413E-12
  6.2058766E-05  7.8601600E-01  4.9718589E-12
  6.2990291E-05  8.0240300E-01  5.1222381E-12
  6.3928332E-05  8.1899680E-01  5.2759331E-12
  6.4872935E-05  8.3579919E-01  5.4329989E-12
  6.5824144E-05  8.5281198E-01  5.5934912E-12
  6.6782006E-05  8.7003702E-01  5.7574669E-12
  6.7746568E-05  8.8747616E-01  5.9249832E-12
  6.8717876E-05  9.0513127E-01  6.0960986E-12
  6.9695979E-05  9.2300425E-01  6.2708724E-12
  7.0680922E-05  9.4109702E-01  6.4493647E-12
  7.1672754E-05  9.5941151E-01  6.6316365E-12
  7.2671524E-05  9.7794967E-01  6.8177499E-12
  7.3677280E-05  9.9671348E-01  7.0077676E-12
  7.4690070E-05  1.0157049E+00  7.2017536E-12
  7.5709944E-05  1.0349260E+00  7.3997726E-12
  7.6736951E-05  1.0543789E+00  7.6018905E-12
  7.7771142E-05  1.0740654E+00  7.8081739E-12
  7.8812566E-05  1.0939878E+00  8.0186908E-12
  7.9861275E-05  1.1141481E+00  8.2335097E-12
  8.0917318E-05  1.1345484E+00  8.4527006E-12
  8.1980748E-05  1.1551909E+00  8.6763344E-12
  8.3051616E-05  1.1760778E+00  8.9044829E-12
  8.4129974E-05  1.1972111E+00  9.1372191E-12
  8.5215875E-05  1.2185932E+00  9.3746171E-12
  8.6309370E-05  1.2402261E+00  9.6167521E-12
  8.7410514E-05  1.2621123E+00  9.8637005E-12
  8.8519360E-05  1.2842539E+00  1.0115540E-11
  8.9635962E-05  1.3066532E+00  1.0372348E-11
  9.0760374E-05  1.3293126E+00  1.0634206E-11
  9.1892650E-05  1.3522343E+00  1.0901194E-11
  9.3032845E-05  1.3754207E+00  1.1173394E-11
  9.4181016E-05  1.3988742E+00  1.1450891E-11
  9.5337217E-05  1.4225972E+00  1.1733767E-11
  9.6501506E-05  1.4465921E+00  1.2022110E-11
  9.7673938E-05  1.4708613E+00  1.2316007E-11
  9.8854570E-05  1.4954073E+00  1.2615545E-11
  1.0004346E-04  1.5202326E+00  1.2920816E-11
  1.0124067E-04  1.5453396E+00  1.3231909E-11
  1.0244625E-04  1.5707310E+00  1.3548918E-11
  1.0366026E-04  1.5964092E+00  1.3871936E-11
  1.0488276E-04  1.6223769E+00  1.4201059E-11
  1.0611381E-04  1.6486366E+00  1.4536384E-11
  1.0735348E-04  1.6751910E+00  1.4878007E-11
  1.0860181E-04  1.7020427E+00  1.5226030E-11
  1.0985888E-04  1.7291943E+00  1.5580552E-11
  1.1112474E-04  1.7566487E+00  1.5941678E-11
  1.1239945E-04  1.7844084E+00  1.6309509E-11
  1.1368308E-04  1.8124763E+00  1.6684154E-11
  1.1497569E-04  1.8408550E+00  1.7065717E-11
  1.1627733E-04  1.8695474E+00  1.7454308E-11
  1.1758808E-04  1.8985564E+00  1.7850039E-11
  1.1890800E-04  1.9278847E+00  1.8253019E-11
  1.2023716E-04  1.9575351E+00  1.8663364E-11
  1.2157560E-04  1.9875107E+00  1.9081188E-11
  1.2292341E-04  2.0178143E+00  1.9506608E-11
  1.2428065E-04  2.0484489E+00  1.9939744E-11
  1.2564738E-04  2.0794173E+00  2.0380715E-11
  1.2702367E-04  2.1107227E+00  2.0829644E-11
  1.2840959E-04  2.1423680E+00  2.1286655E-11
  1.2980520E-04  2.1743562E+00  2.1751875E-11
  1.3121057E-04  2.2066905E+00  2.2225429E-11
  1.3262577E-04  2.2393740E+00  2.2707450E-11
  1.3405087E-04  2.2724096E+00  2.3198067E-11
  1.3548594E-04  2.3058007E+00  2.3697414E-11
  1.3693104E-04  2.3395504E+00  2.4205627E-11
  1.3838625E-04  2.3736618E+00  2.4722844E-11
  1.3985164E-04  2.4081383E+00  2.5249203E-11
  1.4132728E-04  2.4429830E+00  2.5784846E-11
  1.4281324E-04  2.4781993E+00  2.6329917E-11
  1.4430960E-04  2.5137904E+00  2.6884562E-11
  1.4581642E-04  2.5497597E+00  2.7448927E-11
  1.4733378E-04  2.5861107E+00  2.8023165E-11
  1.4886175E-04  2.6228465E+00  2.8607425E-11
  1.5040041E-04  2.6599708E+00  2.9201864E-11
  1.5194983E-04  2.6974869E+00  2.9806637E-11
  1.5351009E-04  2.7353983E+00  3.0421904E-11
  1.5508127E-04  2.7737086E+00  3.1047826E-11
  1.5666343E-04  2.8124212E+00  3.1684567E-11
  1.5825666E-04  2.8515398E+00  3.2332292E-11
  1.5986103E-04  2.8910679E+00  3.2991171E-11
  1.6147662E-04  2.9310092E+00  3.3661373E-11
  1.6310352E-04  2.9713673E+00  3.4343074E-11
  1.6474179E-04  3.0121459E+00  3.5036448E-11
  1.6639152E-04  3.0533487E+00  3.5741675E-11
  1.6805279E-04  3.0949795E+00  3.6458935E-11
  1.6972568E-04  3.1370420E+00  3.7188412E-11
  1.7141027E-04  3.1795401E+00  3.7930293E-11
  1.7310664E-04  3.2224776E+00  3.8684768E-11
  1.7481488E-04  3.2658583E+00  3.9452028E-11
  1.7653507E-04  3.3096862E+00  4.0232267E-11
  1.7826729E-04  3.3539652E+00  4.1025684E-11
  1.8001162E-04  3.3986992E+00  4.1832480E-11
  1.8176816E-04  3.4438923E+00  4.2652857E-11
  1.8353698E-04  3.4895484E+00  4.3487022E-11
  1.8531817E-04  3.5356717E+00  4.4335185E-11
  1.8711182E-04  3.5822662E+00  4.5197558E-11
  1.8891802E-04  3.6293360E+00  4.6074356E-11
  1.9073685E-04  3.6768853E+00  4.6965799E-11
  1.9256840E-04  3.7249183E+00  4.7872108E-11
  1.9441276E-04  3.7734392E+00  4.8793509E-11
  1.9627002E-04  3.8224523E+00  4.9730229E-11
  1.9814027E-04  3.8719618E+00  5.0682501E-11
  2.0002361E-04  3.9219720E+00  5.1650560E-11
  2.0192011E-04  3.9724873E+00  5.2634643E-11
  2.0382989E-04  4.0235122E+00  5.3634995E-11
  2.0575301E-04  4.0750509E+00  5.4651858E-11
  2.0768959E-04  4.1271080E+00  5.5685484E-11
  2.0963972E-04  4.1796880E+00  5.6736124E-11
  2.1160349E-04  4.2327953E+00  5.7804035E-11
  2.1358099E-04  4.2864346E+00  5.8889477E-11
  2.1557232E-04  4.3406104E+00  5.9992713E-11
  2.1757758E-04  4.3953273E+00  6.1114012E-11
  2.1959686E-04  4.4505900E+00  6.2253646E-11
  2.2163027E-04  4.5064033E+00  6.3411888E-11
  2.2367791E-04  4.5627718E+00  6.4589020E-11
  2.2573986E-04  4.6197002E+00  6.5785325E-11
  2.2781624E-04  4.6771935E+00  6.7001090E-11
  2.2990714E-04  4.7352564E+00  6.8236606E-11
  2.3201266E-04  4.7938938E+00  6.9492172E-11
  2.3413291E-04  4.8531107E+00  7.0768085E-11
  2.3626799E-04  4.9129119E+00  7.2064652E-11
  2.3841800E-04  4.9733025E+00  7.3382181E-11
  2.4058306E-04  5.0342874E+00  7.4720986E-11
  2.4276325E-04  5.0958718E+00  7.6081385E-11
  2.4495870E-04  5.1580606E+00  7.7463701E-11
  2.4716950E-04  5.2208591E+00  7.8868261E-11
  2.4939576E-04  5.2842725E+00  8.0295397E-11
  2.5163760E-04  5.3483058E+00  8.1745446E-11
  2.5389511E-04  5.4129644E+00  8.3218751E-11
  2.5616842E-04  5.4782535E+00  8.4715657E-11
  2.5845762E-04  5.5441785E+00  8.6236516E-11
  2.6076284E-04  5.6107447E+00  8.7781685E-11
  2.6308418E-04  5.6779575E+00  8.9351527E-11
  2.6542176E-04  5.7458223E+00  9.0946408E-11
  2.6777568E-04  5.8143446E+00  9.2566701E-11
  2.7014607E-04  5.8835299E+00  9.4212784E-11
  2.7253305E-04  5.9533837E+00  9.5885040E-11
  2.7493671E-04  6.0239117E+00  9.7583858E-11
  2.7735719E-04  6.0951194E+00  9.9309632E-11
  2.7979460E-04  6.1670126E+00  1.0106276E-10
  2.8224905E-04  6.2395968E+00  1.0284366E-10
  2.8472068E-04  6.3128780E+00  1.0465272E-10
  2.8720959E-04  6.3868617E+00  1.0649038E-10
  2.8971591E-04  6.4615539E+00  1.0835706E-10
  2.9223976E-04  6.5369604E+00  1.1025318E-10
  2.9478126E-04  6.6130871E+00  1.1217918E-10
  2.9734054E-04  6.6899399E+00  1.1413551E-10
  2.9991772E-04  6.7675249E+00  1.1612260E-10
  3.0251293E-04  6.8458480E+00  1.1814093E-10
  3.0512628E-04  6.9249153E+00  1.2019095E-10
  3.0775792E-04  7.0047329E+00  1.2227312E-10
  3.1040796E-04  7.0853069E+00  1.2438792E-10
  3.1307654E-04  7.1666435E+00  1.2653584E-10
  3.1576379E-04  7.2487489E+00  1.2871737E-10
  3.1846982E-04  7.3316294E+00  1.3093299E-10
  3.2119479E-04  7.4152913E+00  1.3318322E-10
  3.2393882E-04  7.4997408E+00  1.3546855E-10
  3.2670204E-04  7.5849845E+00  1.3778952E-10
  3.2948458E-04  7.6710287E+00  1.4014664E-10
  3.3228659E-04  7.7578798E+00  1.4254045E-10
  3.3510820E-04  7.8455444E+00  1.4497149E-10
  3.3794954E-04  7.9340290E+00  1.4744030E-10
  3.4081075E-04  8.0233402E+00  1.4994745E-10
  3.4369198E-04  8.1134846E+00  1.5249349E-10
  3.4659336E-04  8.2044689E+00  1.5507900E-10
  3.4951503E-04  8.2962998E+00  1.5770455E-10
  3.5245714E-04  8.3889840E+00  1.6037074E-10
  3.5541983E-04  8.4825283E+00  1.6307816E-10
  3.5840324E-04  8.5769395E+00  1.6582742E-10
  3.6140751E-04  8.6722246E+00  1.6861914E-10
  3.6443280E-04  8.7683904E+00  1.7145392E-10
  3.6747925E-04  8.8654438E+00  1.7433242E-10
  3.7054701E-04  8.9633920E+00  1.7725526E-10
  3.7363623E-04  9.0622418E+00  1.8022310E-10
  3.7674705E-04  9.1620003E+00  1.8323660E-10
  3.7987963E-04  9.2626748E+00  1.8629642E-10
  3.8303412E-04  9.3642723E+00  1.8940325E-10
  3.8621067E-04  9.4668000E+00  1.9255777E-10
  3.8940945E-04  9.5702652E+00  1.9576068E-10
  3.9263059E-04  9.6746752E+00  1.9901269E-10
  3.9587427E-04  9.7800372E+00  2.0231452E-10
  3.9914063E-04  9.8863586E+00  2.0566689E-10
  4.0242984E-04  9.9936469E+00  2.0907055E-10
  4.0574206E-04  1.0101909E+01  2.1252624E-10
  4.0907744E-04  1.0211154E+01  2.1603472E-10
  4.1243615E-04  1.0321387E+01  2.1959677E-10
  4.1581836E-04  1.0432617E+01  2.2321317E-10
  4.1922422E-04  1.0544852E+01  2.2688471E-10
  4.2265390E-04  1.0658099E+01  2.3061219E-10
  4.2610757E-04  1.0772366E+01  2.3439643E-10
  4.2958540E-04  1.0887660E+01  2.3823827E-10
  4.3308755E-04  1.1003989E+01  2.4213853E-10
  4.3661420E-04  1.1121361E+01  2.4609807E-10
  4.4016551E-04  1.1239784E+01  2.5011776E-10
  4.4374167E-04  1.1359266E+01  2.5419846E-10
  4.4734283E-04  1.1479815E+01  2.5834108E-10
  4.5096919E-04  1.1601438E+01  2.6254650E-10
  4.5462091E-04  1.1724144E+01  2.6681566E-10
  4.5829817E-04  1.1847940E+01  2.7114946E-10
  4.6200115E-04  1.1972835E+01  2.7554885E-10
  4.6573003E-04  1.2098837E+01  2.8001480E-10
  4.6948500E-04  1.2225954E+01  2.8454825E-10
  4.7326622E-04  1.2354193E+01  2.8915021E-10
  4.7707390E-04  1.2483565E+01  2.9382165E-10
  4.8090820E-04  1.2614076E+01  2.9856360E-10
  4.8476933E-04  1.2745734E+01  3.0337707E-10
  4.8865746E-04  1.2878550E+01  3.0826311E-10
  4.9257278E-04  1.3012529E+01  3.1322276E-10
  4.9651549E-04  1.3147682E+01  3.1825710E-10
  5.0048578E-04  1.3284016E+01  3.2336721E-10
  5.0448384E-04  1.3421540E+01  3.2855419E-10
  5.0850986E-04  1.3560262E+01  3.3381915E-10
  5.1256404E-04  1.3700192E+01  3.3916323E-10
  5.1664658E-04  1.3841336E+01  3.4458757E-10
  5.2075768E-04  1.3983705E+01  3.5009334E-10
  5.2489752E-04  1.4127307E+01  3.5568171E-10
  5.2906633E-04  1.4272150E+01  3.6135388E-10
  5.3326429E-04  1.4418244E+01  3.6711107E-10
  5.3749161E-04  1.4565596E+01  3.7295451E-10
  5.4174850E-04  1.4714216E+01  3.7888545E-10
  5.4603517E-04  1.4864112E+01  3.8490514E-10
  5.5035182E-04  1.5015294E+01  3.9101489E-10
  5.5469866E-04  1.5167770E+01  3.9721598E-10
  5.5907590E-04  1.5321549E+01  4.0350974E-10
  5.6348376E-04  1.5476639E+01  4.0989752E-10
  5.6792245E-04  1.5633051E+01  4.1638067E-10
  5.7239219E-04  1.5790793E+01  4.2296057E-10
  5.7689319E-04  1.5949873E+01  4.2963861E-10
  5.8142567E-04  1.6110302E+01  4.3641622E-10
  5.8598986E-04  1.6272087E+01  4.4329484E-10
  5.9058596E-04  1.6435238E+01  4.5027591E-10
  5.9521422E-04  1.6599765E+01  4.5736094E-10
  5.9987484E-04  1.6765676E+01  4.6455140E-10
  6.0456807E-04  1.6932980E+01  4.7184883E-10
  6.0929412E-04  1.7101687E+01  4.7925477E-10
  6.1405323E-04  1.7271806E+01  4.8677079E-10
  6.1884562E-04  1.7443346E+01  4.9439846E-10
  6.2367153E-04  1.7616316E+01  5.0213942E-10
  6.2853120E-04  1.7790725E+01  5.0999527E-10
  6.3342486E-04  1.7966584E+01  5.1796770E-10
  6.3835275E-04  1.8143900E+01  5.2605836E-10
  6.4331510E-04  1.8322684E+01  5.3426898E-10
  6.4831216E-04  1.8502945E+01  5.4260127E-10
  6.5334418E-04  1.8684692E+01  5.5105699E-10
  6.5841139E-04  1.8867934E+01  5.5963792E-10
  6.6351404E-04  1.9052681E+01  5.6834585E-10
  6.6865238E-04  1.9238943E+01  5.7718263E-10
  6.7382667E-04  1.9426728E+01  5.8615010E-10
  6.7903714E-04  1.9616046E+01  5.9525015E-10
  6.8428406E-04  1.9806907E+01  6.0448468E-10
  6.8956767E-04  1.9999320E+01  6.1385563E-10
  6.9488824E-04  2.0193294E+01  6.2336495E-10
  7.0024603E-04  2.0388838E+01  6.3301465E-10
  7.0564129E-04  2.0585963E+01  6.4280674E-10
  7.1107429E-04  2.0784678E+01  6.5274326E-10
  7.1654528E-04  2.0984992E+01  6.6282630E-10
  7.2205455E-04  2.1186915E+01  6.7305796E-10
  7.2760235E-04  2.1390456E+01  6.8344037E-10
  7.3318895E-04  2.1595624E+01  6.9397570E-10
  7.3881462E-04  2.1802430E+01  7.0466615E-10
  7.4447965E-04  2.2010882E+01  7.1551394E-10
  7.5018430E-04  2.2220990E+01  7.2652135E-10
  7.5592884E-04  2.2432764E+01  7.3769064E-10
  7.6171357E-04  2.2646212E+01  7.4902416E-10
  7.6753876E-04  2.2861345E+01  7.6052426E-10
  7.7340469E-04  2.3078172E+01  7.7219332E-10
  7.7931165E-04  2.3296702E+01  7.8403378E-10
  7.8525993E-04  2.3516944E+01  7.9604810E-10
  7.9124981E-04  2.3738909E+01  8.0823876E-10
  7.9728159E-04  2.3962605E+01  8.2060829E-10
  8.0335555E-04  2.4188042E+01  8.3315927E-10
  8.0947200E-04  2.4415229E+01  8.4589429E-10
  8.1563123E-04  2.4644175E+01  8.5881599E-10
  8.2183354E-04  2.4874891E+01  8.7192705E-10
  8.2807924E-04  2.5107384E+01  8.8523018E-10
  8.3436861E-04  2.5341665E+01  8.9872814E-10
  8.4070198E-04  2.5577743E+01  9.1242371E-10
  8.4707964E-04  2.5815627E+01  9.2631972E-10
  8.5350192E-04  2.6055325E+01  9.4041905E-10
  8.5996911E-04  2.6296848E+01  9.5472461E-10
  8.6648154E-04  2.6540204E+01  9.6923935E-10
  8.7303951E-04  2.6785403E+01  9.8396627E-10
  8.7964336E-04  2.7032453E+01  9.9890841E-10
  8.8629340E-04  2.7281364E+01  1.0140688E-09
  8.9298995E-04  2.7532144E+01  1.0294507E-09
  8.9973333E-04  2.7784802E+01  1.0450571E-09
  9.0652389E-04  2.8039348E+01  1.0608914E-09
  9.1336194E-04  2.8295790E+01  1.0769566E-09
  9.2024781E-04  2.8554137E+01  1.0932563E-09
  9.2718185E-04  2.8814398E+01  1.1097937E-09
  9.3416439E-04  2.9076581E+01  1.1265722E-09
  9.4119577E-04  2.9340695E+01  1.1435952E-09
  9.4827633E-04  2.9606749E+01  1.1608663E-09
  9.5540641E-04  2.9874751E+01  1.1783890E-09
  9.6258637E-04  3.0144710E+01  1.1961670E-09
  9.6981654E-04  3.0416634E+01  1.2142037E-09
  9.7709728E-04  3.0690531E+01  1.2325030E-09
  9.8442895E-04  3.0966410E+01  1.2510686E-09
  9.9181190E-04  3.1244279E+01  1.2699043E-09
  9.9924649E-04  3.1524145E+01  1.2890140E-09
  1.0067331E-03  3.1806018E+01  1.3084015E-09
  1.0142720E-03  3.2089905E+01  1.3280709E-09
  1.0218637E-03  3.2375813E+01  1.3480262E-09
  1.0295085E-03  3.2663751E+01  1.3682714E-09
  1.0372067E-03  3.2953727E+01  1.3888106E-09
  1.0449588E-03  3.3245748E+01  1.4096482E-09
  1.0527652E-03  3.3539821E+01  1.4307883E-09
  1.0606261E-03  3.3835955E+01  1.4522352E-09
  1.0685420E-03  3.4134155E+01  1.4739934E-09
  1.0765132E-03  3.4434431E+01  1.4960672E-09
  1.0845403E-03  3.4736788E+01  1.5184613E-09
  1.0926234E-03  3.5041234E+01  1.5411800E-09
  1.1007631E-03  3.5347776E+01  1.5642282E-09
  1.1089598E-03  3.5656421E+01  1.5876104E-09
  1.1172137E-03  3.5967174E+01  1.6113314E-09
  1.1255254E-03  3.6280044E+01  1.6353961E-09
  1.1338953E-03  3.6595036E+01  1.6598094E-09
  1.1423236E-03  3.6912157E+01  1.6845762E-09
  1.1508110E-03  3.7231412E+01  1.7097016E-09
  1.1593577E-03  3.7552809E+01  1.7351907E-09
  1.1679641E-03  3.7876353E+01  1.7610486E-09
  1.1766308E-03  3.8202049E+01  1.7872806E-09
  1.1853581E-03  3.8529904E+01  1.8138921E-09
  1.1941464E-03  3.8859923E+01  1.8408884E-09
  1.2029962E-03  3.9192112E+01  1.8682751E-09
  1.2119079E-03  3.9526475E+01  1.8960577E-09
  1.2208819E-03  3.9863018E+01  1.9242417E-09
  1.2299187E-03  4.0201745E+01  1.9528331E-09
  1.2390187E-03  4.0542662E+01  1.9818375E-09
  1.2481824E-03  4.0885773E+01  2.0112608E-09
  1.2574101E-03  4.1231082E+01  2.0411090E-09
  1.2667024E-03  4.1578594E+01  2.0713881E-09
  1.2760597E-03  4.1928312E+01  2.1021043E-09
  1.2854824E-03  4.2280242E+01  2.1332638E-09
  1.2949710E-03  4.2634386E+01  2.1648729E-09
  1.3045261E-03  4.2990747E+01  2.1969379E-09
  1.3141479E-03  4.3349330E+01  2.2294655E-09
  1.3238370E-03  4.3710137E+01  2.2624621E-09
  1.3335939E-03  4.4073172E+01  2.2959344E-09
  1.3434191E-03  4.4438437E+01  2.3298892E-09
  1.3533129E-03  4.4805934E+01  2.3643334E-09
  1.3632760E-03  4.5175666E+01  2.3992739E-09
  1.3733088E-03  4.5547635E+01  2.4347178E-09
  1.3834117E-03  4.5921843E+01  2.4706722E-09
  1.3935853E-03  4.6298291E+01  2.5071443E-09
  1.4038300E-03  4.6676982E+01  2.5441417E-09
  1.4141464E-03  4.7057915E+01  2.5816716E-09
  1.4245350E-03  4.7441092E+01  2.6197417E-09
  1.4349962E-03  4.7826515E+01  2.6583596E-09
  1.4455306E-03  4.8214182E+01  2.6975332E-09
  1.4561387E-03  4.8604095E+01  2.7372704E-09
  1.4668210E-03  4.8996253E+01  2.7775790E-09
  1.4775780E-03  4.9390656E+01  2.8184673E-09
  1.4884102E-03  4.9787304E+01  2.8599436E-09
  1.4993182E-03  5.0186195E+01  2.9020160E-09
  1.5103025E-03  5.0587329E+01  2.9446932E-09
  1.5213636E-03  5.0990704E+01  2.9879836E-09
  1.5325021E-03  5.1396318E+01  3.0318961E-09
  1.5437185E-03  5.1804169E+01  3.0764394E-09
  1.5550133E-03  5.2214256E+01  3.1216225E-09
  1.5663871E-03  5.2626575E+01  3.1674544E-09
  1.5778405E-03  5.3041124E+01  3.2139445E-09
  1.5893740E-03  5.3457899E+01  3.2611019E-09
  1.6009882E-03  5.3876897E+01  3.3089363E-09
  1.6126836E-03  5.4298114E+01  3.3574572E-09
  1.6244608E-03  5.4721546E+01  3.4066743E-09
  1.6363204E-03  5.5147188E+01  3.4565976E-09
  1.6482629E-03  5.5575036E+01  3.5072370E-09
  1.6602890E-03  5.6005084E+01  3.5586027E-09
  1.6723992E-03  5.6437328E+01  3.6107050E-09
  1.6845941E-03  5.6871760E+01  3.6635544E-09
  1.6968743E-03  5.7308375E+01  3.7171614E-09
  1.7092403E-03  5.7747167E+01  3.7715368E-09
  1.7216929E-03  5.8188128E+01  3.8266916E-09
  1.7342326E-03  5.8631250E+01  3.8826367E-09
  1.7468599E-03  5.9076527E+01  3.9393833E-09
  1.7595756E-03  5.9523950E+01  3.9969429E-09
  1.7723803E-03  5.9973511E+01  4.0553269E-09
  1.7852745E-03  6.0425201E+01  4.1145470E-09
  1.7982588E-03  6.0879010E+01  4.1746152E-09
  1.8113340E-03  6.1334930E+01  4.2355433E-09
  1.8245007E-03  6.1792949E+01  4.2973437E-09
  1.8377594E-03  6.2253057E+01  4.3600286E-09
  1.8511109E-03  6.2715244E+01  4.4236106E-09
  1.8645558E-03  6.3179498E+01  4.4881024E-09
  1.8780947E-03  6.3645807E+01  4.5535170E-09
  1.8917283E-03  6.4114159E+01  4.6198673E-09
  1.9054572E-03  6.4584541E+01  4.6871667E-09
  1.9192822E-03  6.5056941E+01  4.7554285E-09
  1.9332039E-03  6.5531344E+01  4.8246664E-09
  1.9472230E-03  6.6007737E+01  4.8948943E-09
  1.9613401E-03  6.6486105E+01  4.9661262E-09
  1.9755559E-03  6.6966433E+01  5.0383763E-09
  1.9898712E-03  6.7448706E+01  5.1116589E-09
  2.0042866E-03  6.7932907E+01  5.1859888E-09
  2.0188029E-03  6.8419021E+01  5.2613808E-09
  2.0334206E-03  6.8907031E+01  5.3378499E-09
  2.0481406E-03  6.9396918E+01  5.4154113E-09
  2.0629636E-03  6.9888665E+01  5.4940805E-09
  2.0778902E-03  7.0382254E+01  5.5738733E-09
  2.0929213E-03  7.0877666E+01  5.6548054E-09
  2.1080575E-03  7.1374881E+01  5.7368931E-09
  2.1232995E-03  7.1873879E+01  5.8201527E-09
  2.1386482E-03  7.2374640E+01  5.9046008E-09
  2.1541042E-03  7.2877142E+01  5.9902542E-09
  2.1696683E-03  7.3381364E+01  6.0771299E-09
  2.1853413E-03  7.3887284E+01  6.1652454E-09
  2.2011239E-03  7.4394879E+01  6.2546180E-09
  2.2170169E-03  7.4904126E+01  6.3452656E-09
  2.2330211E-03  7.5415001E+01  6.4372062E-09
  2.2491372E-03  7.5927479E+01  6.5304582E-09
  2.2653660E-03  7.6441536E+01  6.6250401E-09
  2.2817083E-03  7.6957146E+01  6.7209706E-09
  2.2981650E-03  7.7474282E+01  6.8182690E-09
  2.3147367E-03  7.7992919E+01  6.9169545E-09
  2.3314243E-03  7.8513028E+01  7.0170467E-09
  2.3482287E-03  7.9034582E+01  7.1185655E-09
  2.3651506E-03  7.9557552E+01  7.2215312E-09
  2.3821909E-03  8.0081910E+01  7.3259642E-09
  2.3993503E-03  8.0607624E+01  7.4318852E-09
  2.4166298E-03  8.1134666E+01  7.5393153E-09
  2.4340301E-03  8.1663003E+01  7.6482757E-09
  2.4515522E-03  8.2192605E+01  7.7587883E-09
  2.4691967E-03  8.2723438E+01  7.8708748E-09
  2.4869647E-03  8.3255471E+01  7.9845576E-09
  2.5048570E-03  8.3788669E+01  8.0998592E-09
  2.5228745E-03  8.4322998E+01  8.2168026E-09
  2.5410179E-03  8.4858424E+01  8.3354108E-09
  2.5592882E-03  8.5394911E+01  8.4557075E-09
  2.5776864E-03  8.5932423E+01  8.5777165E-09
  2.5962132E-03  8.6470922E+01  8.7014620E-09
  2.6148696E-03  8.7010373E+01  8.8269686E-09
  2.6336565E-03  8.7550735E+01  8.9542611E-09
  2.6525748E-03  8.8091972E+01  9.0833648E-09
  2.6716254E-03  8.8634042E+01  9.2143053E-09
  2.6908093E-03  8.9176907E+01  9.3471085E-09
  2.7101273E-03  8.9720525E+01  9.4818008E-09
  2.7295805E-03  9.0264854E+01  9.6184088E-09
  2.7491697E-03  9.0809853E+01  9.7569596E-09
  2.7688960E-03  9.1355479E+01  9.8974807E-09
  2.7887602E-03  9.1901688E+01  1.0040000E-08
  2.8087634E-03  9.2448436E+01  1.0184545E-08
  2.8289064E-03  9.2995678E+01  1.0331146E-08
  2.8491904E-03  9.3543368E+01  1.0479830E-08
  2.8696162E-03  9.4091460E+01  1.0630628E-08
  2.8901849E-03  9.4639908E+01  1.0783569E-08
  2.9108975E-03  9.5188662E+01  1.0938684E-08
  2.9317549E-03  9.5737676E+01  1.1096003E-08
  2.9527582E-03  9.6286899E+01  1.1255557E-08
  2.9739084E-03  9.6836283E+01  1.1417378E-08
  2.9952066E-03  9.7385776E+01  1.1581498E-08
  3.0166537E-03  9.7935328E+01  1.1747950E-08
  3.0382509E-03  9.8484887E+01  1.1916766E-08
  3.0599991E-03  9.9034399E+01  1.2087979E-08
  3.0818994E-03  9.9583812E+01  1.2261625E-08
  3.1039528E-03  1.0013307E+02  1.2437736E-08
  3.1261606E-03  1.0068213E+02  1.2616347E-08
  3.1485237E-03  1.0123091E+02  1.2797495E-08
  3.1710431E-03  1.0177938E+02  1.2981214E-08
  3.1937201E-03  1.0232748E+02  1.3167542E-08
  3.2165557E-03  1.0287514E+02  1.3356515E-08
  3.2395511E-03  1.0342231E+02  1.3548169E-08
  3.2627072E-03  1.0396893E+02  1.3742544E-08
  3.2860254E-03  1.0451494E+02  1.3939678E-08
  3.3095066E-03  1.0506028E+02  1.4139609E-08
  3.3331521E-03  1.0560490E+02  1.4342376E-08
  3.3569629E-03  1.0614872E+02  1.4548021E-08
  3.3809403E-03  1.0669168E+02  1.4756584E-08
  3.4050854E-03  1.0723373E+02  1.4968105E-08
  3.4293994E-03  1.0777480E+02  1.5182626E-08
  3.4538834E-03  1.0831483E+02  1.5400190E-08
  3.4785387E-03  1.0885375E+02  1.5620840E-08
  3.5033664E-03  1.0939149E+02  1.5844620E-08
  3.5283678E-03  1.0992800E+02  1.6071573E-08
  3.5535441E-03  1.1046320E+02  1.6301744E-08
  3.5788965E-03  1.1099703E+02  1.6535178E-08
  3.6044261E-03  1.1152942E+02  1.6771923E-08
  3.6301344E-03  1.1206030E+02  1.7012023E-08
  3.6560225E-03  1.1258960E+02  1.7255527E-08
  3.6820916E-03  1.1311725E+02  1.7502483E-08
  3.7083431E-03  1.1364319E+02  1.7752940E-08
  3.7347781E-03  1.1416734E+02  1.8006946E-08
  3.7613981E-03  1.1468963E+02  1.8264552E-08
  3.7882043E-03  1.1521000E+02  1.8525808E-08
  3.8151980E-03  1.1572836E+02  1.8790767E-08
  3.8423804E-03  1.1624464E+02  1.9059480E-08
  3.8697530E-03  1.1675878E+02  1.9332000E-08
  3.8973171E-03  1.1727070E+02  1.9608381E-08
  3.9250739E-03  1.1778032E+02  1.9888677E-08
  3.9530249E-03  1.1828757E+02  2.0172944E-08
  3.9811714E-03  1.1879238E+02  2.0461238E-08
  4.0095147E-03  1.1929467E+02  2.0753615E-08
  4.0380563E-03  1.1979436E+02  2.1050133E-08
  4.0667976E-03  1.2029138E+02  2.1350850E-08
  4.0957398E-03  1.2078565E+02  2.1655825E-08
  4.1248845E-03  1.2127710E+02  2.1965119E-08
  4.1542330E-03  1.2176565E+02  2.2278793E-08
  4.1837869E-03  1.2225121E+02  2.2596908E-08
  4.2135474E-03  1.2273372E+02  2.2919526E-08
  4.2435161E-03  1.2321309E+02  2.3246712E-08
  4.2736944E-03  1.2368925E+02  2.3578529E-08
  4.3040837E-03  1.2416212E+02  2.3915044E-08
  4.3346857E-03  1.2463162E+02  2.4256321E-08
  4.3655016E-03  1.2509766E+02  2.4602429E-08
  4.3965331E-03  1.2556018E+02  2.4953435E-08
  4.4277817E-03  1.2601909E+02  2.5309409E-08
  4.4592488E-03  1.2647431E+02  2.5670420E-08
  4.4909360E-03  1.2692576E+02  2.6036539E-08
  4.5228449E-03  1.2737337E+02  2.6407839E-08
  4.5549769E-03  1.2781705E+02  2.6784392E-08
  4.5873337E-03  1.2825672E+02  2.7166272E-08
  4.6199168E-03  1.2869231E+02  2.7553555E-08
  4.6527278E-03  1.2912373E+02  2.7946317E-08
  4.6857683E-03  1.2955090E+02  2.8344634E-08
  4.7190399E-03  1.2997375E+02  2.8748586E-08
  4.7525441E-03  1.3039219E+02  2.9158251E-08
  4.7862828E-03  1.3080616E+02  2.9573710E-08
  4.8202574E-03  1.3121555E+02  2.9995045E-08
  4.8544697E-03  1.3162031E+02  3.0422338E-08
  4.8889212E-03  1.3202034E+02  3.0855674E-08
  4.9236137E-03  1.3241558E+02  3.1295137E-08
  4.9585489E-03  1.3280594E+02  3.1740813E-08
  4.9937284E-03  1.3319134E+02  3.2192792E-08
  5.0291540E-03  1.3357171E+02  3.2651160E-08
  5.0648273E-03  1.3394697E+02  3.3116008E-08
  5.1007502E-03  1.3431704E+02  3.3587428E-08
  5.1369244E-03  1.3468186E+02  3.4065512E-08
  5.1733515E-03  1.3504133E+02  3.4550354E-08
  5.2100334E-03  1.3539539E+02  3.5042049E-08
  5.2469719E-03  1.3574396E+02  3.5540693E-08
  5.2841688E-03  1.3608697E+02  3.6046385E-08
  5.3216258E-03  1.3642434E+02  3.6559224E-08
  5.3593449E-03  1.3675601E+02  3.7079310E-08
  5.3973277E-03  1.3708189E+02  3.7606745E-08
  5.4355762E-03  1.3740193E+02  3.8141633E-08
  5.4740922E-03  1.3771604E+02  3.8684080E-08
  5.5128777E-03  1.3802416E+02  3.9234190E-08
  5.5519344E-03  1.3832623E+02  3.9792073E-08
  5.5912643E-03  1.3862216E+02  4.0357838E-08
  5.6308693E-03  1.3891191E+02  4.0931596E-08
  5.6707513E-03  1.3919539E+02  4.1513458E-08
  5.7109122E-03  1.3947255E+02  4.2103541E-08
  5.7513540E-03  1.3974333E+02  4.2701958E-08
  5.7920788E-03  1.4000765E+02  4.3308828E-08
  5.8330883E-03  1.4026547E+02  4.3924269E-08
  5.8743847E-03  1.4051671E+02  4.4548403E-08
  5.9159699E-03  1.4076133E+02  4.5181351E-08
  5.9578460E-03  1.4099926E+02  4.5823238E-08
  6.0000150E-03  1.4123045E+02  4.6474190E-08
  6.0424790E-03  1.4145484E+02  4.7134333E-08
  6.0852399E-03  1.4167239E+02  4.7803798E-08
  6.1283000E-03  1.4188303E+02  4.8482717E-08
  6.1716612E-03  1.4208673E+02  4.9171221E-08
  6.2153257E-03  1.4228343E+02  4.9869445E-08
  6.2592956E-03  1.4247309E+02  5.0577528E-08
  6.3035731E-03  1.4265566E+02  5.1295607E-08
  6.3481602E-03  1.4283110E+02  5.2023823E-08
  6.3930592E-03  1.4299937E+02  5.2762319E-08
  6.4382723E-03  1.4316043E+02  5.3511240E-08
  6.4838016E-03  1.4331424E+02  5.4270732E-08
  6.5296493E-03  1.4346077E+02  5.5040944E-08
  6.5758177E-03  1.4359999E+02  5.5822027E-08
  6.6223091E-03  1.4373186E+02  5.6614134E-08
  6.6691256E-03  1.4385635E+02  5.7417420E-08
  6.7162696E-03  1.4397345E+02  5.8232043E-08
  6.7637433E-03  1.4408312E+02  5.9058161E-08
  6.8115490E-03  1.4418534E+02  5.9895938E-08
  6.8596892E-03  1.4428010E+02  6.0745536E-08
  6.9081660E-03  1.4436737E+02  6.1607123E-08
  6.9569819E-03  1.4444715E+02  6.2480867E-08
  7.0061393E-03  1.4451941E+02  6.3366939E-08
  7.0556405E-03  1.4458416E+02  6.4265512E-08
  7.1054879E-03  1.4464138E+02  6.5176763E-08
  7.1556839E-03  1.4469107E+02  6.6100870E-08
  7.2062311E-03  1.4473323E+02  6.7038013E-08
  7.2571318E-03  1.4476787E+02  6.7988377E-08
  7.3083885E-03  1.4479497E+02  6.8952147E-08
  7.3600037E-03  1.4481456E+02  6.9929513E-08
  7.4119800E-03  1.4482664E+02  7.0920664E-08
  7.4643198E-03  1.4483122E+02  7.1925795E-08
  7.5170256E-03  1.4482833E+02  7.2945104E-08
  7.5701002E-03  1.4481798E+02  7.3978788E-08
  7.6235459E-03  1.4480019E+02  7.5027052E-08
  7.6773655E-03  1.4477499E+02  7.6090099E-08
  7.7315615E-03  1.4474241E+02  7.7168138E-08
  7.7861365E-03  1.4470248E+02  7.8261379E-08
  7.8410933E-03  1.4465524E+02  7.9370037E-08
  7.8964345E-03  1.4460072E+02  8.0494329E-08
  7.9521628E-03  1.4453897E+02  8.1634474E-08
  8.0082808E-03  1.4447003E+02  8.2790695E-08
  8.0647914E-03  1.4439396E+02  8.3963219E-08
  8.1216972E-03  1.4431080E+02  8.5152274E-08
  8.1790010E-03  1.4422062E+02  8.6358094E-08
  8.2367056E-03  1.4412347E+02  8.7580915E-08
  8.2948139E-03  1.4401941E+02  8.8820975E-08
  8.3533286E-03  1.4390852E+02  9.0078516E-08
  8.4122525E-03  1.4379087E+02  9.1353786E-08
  8.4715886E-03  1.4366653E+02  9.2647033E-08
  8.5313397E-03  1.4353558E+02  9.3958510E-08
  8.5915087E-03  1.4339811E+02  9.5288473E-08
  8.6520986E-03  1.4325419E+02  9.6637183E-08
  8.7131123E-03  1.4310393E+02  9.8004903E-08
  8.7745527E-03  1.4294741E+02  9.9391900E-08
  8.8364229E-03  1.4278473E+02  1.0079845E-07
  8.8987258E-03  1.4261601E+02  1.0222482E-07
  8.9614645E-03  1.4244134E+02  1.0367129E-07
  9.0246420E-03  1.4226083E+02  1.0513815E-07
  9.0882613E-03  1.4207461E+02  1.0662568E-07
  9.1523257E-03  1.4188278E+02  1.0813417E-07
  9.2168382E-03  1.4168547E+02  1.0966392E-07
  9.2818018E-03  1.4148282E+02  1.1121522E-07
  9.3472199E-03  1.4127494E+02  1.1278839E-07
  9.4130955E-03  1.4106198E+02  1.1438372E-07
  9.4794319E-03  1.4084407E+02  1.1600153E-07
  9.5462323E-03  1.4062136E+02  1.1764214E-07
  9.6134999E-03  1.4039400E+02  1.1930586E-07
  9.6812380E-03  1.4016214E+02  1.2099302E-07
  9.7494498E-03  1.3992592E+02  1.2270395E-07
  9.8181388E-03  1.3968553E+02  1.2443898E-07
  9.8873082E-03  1.3944111E+02  1.2619846E-07
  9.9569614E-03  1.3919284E+02  1.2798273E-07
  1.0027102E-02  1.3894088E+02  1.2979213E-07
  1.0097733E-02  1.3868542E+02  1.3162702E-07
  1.0168858E-02  1.3842664E+02  1.3348775E-07
  1.0240480E-02  1.3816471E+02  1.3537470E-07
  1.0312604E-02  1.3789984E+02  1.3728823E-07
  1.0385232E-02  1.3763220E+02  1.3922871E-07
  1.0458368E-02  1.3736200E+02  1.4119652E-07
  1.0532015E-02  1.3708944E+02  1.4319204E-07
  1.0606178E-02  1.3681472E+02  1.4521568E-07
  1.0680859E-02  1.3653804E+02  1.4726781E-07
  1.0756062E-02  1.3625963E+02  1.4934884E-07
  1.0831792E-02  1.3597969E+02  1.5145919E-07
  1.0908051E-02  1.3569844E+02  1.5359925E-07
  1.0984844E-02  1.3541611E+02  1.5576945E-07
  1.1062174E-02  1.3513292E+02  1.5797021E-07
  1.1140045E-02  1.3484909E+02  1.6020196E-07
  1.1218460E-02  1.3456488E+02  1.6246514E-07
  1.1297424E-02  1.3428050E+02  1.6476019E-07
  1.1376940E-02  1.3399620E+02  1.6708756E-07
  1.1457012E-02  1.3371222E+02  1.6944769E-07
  1.1537644E-02  1.3342880E+02  1.7184106E-07
  1.1618841E-02  1.3314620E+02  1.7426812E-07
  1.1700605E-02  1.3286466E+02  1.7672936E-07
  1.1782941E-02  1.3258444E+02  1.7922525E-07
  1.1865853E-02  1.3230579E+02  1.8175628E-07
  1.1949345E-02  1.3202898E+02  1.8432294E-07
  1.2033421E-02  1.3175426E+02  1.8692574E-07
  1.2118085E-02  1.3148190E+02  1.8956518E-07
  1.2203341E-02  1.3121216E+02  1.9224178E-07
  1.2289194E-02  1.3094531E+02  1.9495606E-07
  1.2375647E-02  1.3068162E+02  1.9770854E-07
  1.2462704E-02  1.3042137E+02  2.0049978E-07
  1.2550371E-02  1.3016482E+02  2.0333030E-07
  1.2638651E-02  1.2991226E+02  2.0620067E-07
  1.2727548E-02  1.2966395E+02  2.0911144E-07
  1.2817067E-02  1.2942017E+02  2.1206318E-07
  1.2907212E-02  1.2918120E+02  2.1505647E-07
  1.2997987E-02  1.2894733E+02  2.1809188E-07
  1.3089398E-02  1.2871882E+02  2.2117002E-07
  1.3181448E-02  1.2849597E+02  2.2429149E-07
  1.3274142E-02  1.2827905E+02  2.2745688E-07
  1.3367484E-02  1.2806834E+02  2.3066683E-07
  1.3461479E-02  1.2786413E+02  2.3392195E-07
  1.3556131E-02  1.2766669E+02  2.3722288E-07
  1.3651445E-02  1.2747631E+02  2.4057027E-07
  1.3747426E-02  1.2729326E+02  2.4396476E-07
  1.3844079E-02  1.2711783E+02  2.4740702E-07
  1.3941407E-02  1.2695029E+02  2.5089772E-07
  1.4039417E-02  1.2679092E+02  2.5443754E-07
  1.4138111E-02  1.2664000E+02  2.5802717E-07
  1.4237496E-02  1.2649779E+02  2.6166732E-07
  1.4337576E-02  1.2636458E+02  2.6535868E-07
  1.4438357E-02  1.2624064E+02  2.6910198E-07
  1.4539842E-02  1.2612622E+02  2.7289796E-07
  1.4642036E-02  1.2602160E+02  2.7674734E-07
  1.4744946E-02  1.2592703E+02  2.8065089E-07
  1.4848576E-02  1.2584279E+02  2.8460935E-07
  1.4952930E-02  1.2576913E+02  2.8862351E-07
  1.5058014E-02  1.2570629E+02  2.9269415E-07
  1.5163833E-02  1.2565453E+02  2.9682205E-07
  1.5270393E-02  1.2561410E+02  3.0100803E-07
  1.5377697E-02  1.2558523E+02  3.0525290E-07
  1.5485752E-02  1.2556817E+02  3.0955749E-07
  1.5594563E-02  1.2556315E+02  3.1392263E-07
  1.5704135E-02  1.2557039E+02  3.1834918E-07
  1.5814474E-02  1.2559012E+02  3.2283800E-07
  1.5925584E-02  1.2562255E+02  3.2738996E-07
  1.6037471E-02  1.2566790E+02  3.3200595E-07
  1.6150141E-02  1.2572636E+02  3.3668688E-07
  1.6263599E-02  1.2579816E+02  3.4143365E-07
  1.6377851E-02  1.2588346E+02  3.4624719E-07
  1.6492901E-02  1.2598246E+02  3.5112843E-07
  1.6608757E-02  1.2609535E+02  3.5607833E-07
  1.6725422E-02  1.2622228E+02  3.6109785E-07
  1.6842904E-02  1.2636344E+02  3.6618797E-07
  1.6961207E-02  1.2651896E+02  3.7134969E-07
  1.7080338E-02  1.2668901E+02  3.7658400E-07
  1.7200302E-02  1.2687371E+02  3.8189193E-07
  1.7321106E-02  1.2707322E+02  3.8727451E-07
  1.7442754E-02  1.2728763E+02  3.9273278E-07
  1.7565253E-02  1.2751708E+02  3.9826782E-07
  1.7688609E-02  1.2776167E+02  4.0388071E-07
  1.7812827E-02  1.2802149E+02  4.0957252E-07
  1.7937915E-02  1.2829662E+02  4.1534438E-07
  1.8063877E-02  1.2858715E+02  4.2119741E-07
  1.8190720E-02  1.2889313E+02  4.2713274E-07
  1.8318451E-02  1.2921463E+02  4.3315154E-07
  1.8447075E-02  1.2955168E+02  4.3925498E-07
  1.8576598E-02  1.2990432E+02  4.4544423E-07
  1.8707028E-02  1.3027257E+02  4.5172052E-07
  1.8838370E-02  1.3065644E+02  4.5808506E-07
  1.8970630E-02  1.3105594E+02  4.6453909E-07
  1.9103816E-02  1.3147103E+02  4.7108387E-07
  1.9237933E-02  1.3190171E+02  4.7772067E-07
  1.9372988E-02  1.3234793E+02  4.8445079E-07
  1.9508988E-02  1.3280965E+02  4.9127553E-07
  1.9645939E-02  1.3328679E+02  4.9819622E-07
  1.9783848E-02  1.3377930E+02  5.0521422E-07
  1.9922722E-02  1.3428706E+02  5.1233089E-07
  2.0062566E-02  1.3481000E+02  5.1954761E-07
  2.0203389E-02  1.3534799E+02  5.2686578E-07
  2.0345197E-02  1.3590090E+02  5.3428685E-07
  2.0487997E-02  1.3646859E+02  5.4181224E-07
  2.0631796E-02  1.3705091E+02  5.4944342E-07
  2.0776600E-02  1.3764768E+02  5.5718188E-07
  2.0922418E-02  1.3825874E+02  5.6502913E-07
  2.1069255E-02  1.3888386E+02  5.7298669E-07
  2.1217119E-02  1.3952286E+02  5.8105611E-07
  2.1366017E-02  1.4017550E+02  5.8923896E-07
  2.1515957E-02  1.4084155E+02  5.9753683E-07
  2.1666946E-02  1.4152074E+02  6.0595135E-07
  2.1818990E-02  1.4221282E+02  6.1448414E-07
  2.1972098E-02  1.4291750E+02  6.2313688E-07
  2.2126278E-02  1.4363448E+02  6.3191123E-07
  2.2281535E-02  1.4436346E+02  6.4080891E-07
  2.2437878E-02  1.4510411E+02  6.4983165E-07
  2.2595315E-02  1.4585610E+02  6.5898121E-07
  2.2753853E-02  1.4661906E+02  6.6825937E-07
  2.2913500E-02  1.4739264E+02  6.7766793E-07
  2.3074264E-02  1.4817646E+02  6.8720872E-07
  2.3236152E-02  1.4897011E+02  6.9688360E-07
  2.3399172E-02  1.4977320E+02  7.0669445E-07
  2.3563333E-02  1.5058529E+02  7.1664318E-07
  2.3728641E-02  1.5140597E+02  7.2673173E-07
  2.3895106E-02  1.5223477E+02  7.3696206E-07
  2.4062736E-02  1.5307123E+02  7.4733615E-07
  2.4231537E-02  1.5391489E+02  7.5785604E-07
  2.4401520E-02  1.5476525E+02  7.6852375E-07
  2.4572691E-02  1.5562182E+02  7.7934137E-07
  2.4745060E-02  1.5648408E+02  7.9031101E-07
  2.4918634E-02  1.5735152E+02  8.0143479E-07
  2.5093422E-02  1.5822359E+02  8.1271488E-07
  2.5269433E-02  1.5909975E+02  8.2415348E-07
  2.5446675E-02  1.5997945E+02  8.3575280E-07
  2.5625157E-02  1.6086212E+02  8.4751510E-07
  2.5804887E-02  1.6174717E+02  8.5944268E-07
  2.5985874E-02  1.6263402E+02  8.7153785E-07
  2.6168127E-02  1.6352208E+02  8.8380296E-07
  2.6351654E-02  1.6441073E+02  8.9624040E-07
  2.6536466E-02  1.6529937E+02  9.0885258E-07
  2.6722570E-02  1.6618737E+02  9.2164197E-07
  2.6909975E-02  1.6707409E+02  9.3461103E-07
  2.7098692E-02  1.6795891E+02  9.4776231E-07
  2.7288728E-02  1.6884118E+02  9.6109835E-07
  2.7480094E-02  1.6972024E+02  9.7462174E-07
  2.7672798E-02  1.7059545E+02  9.8833512E-07
  2.7866850E-02  1.7146614E+02  1.0022412E-06
  2.8062259E-02  1.7233164E+02  1.0163425E-06
  2.8259035E-02  1.7319128E+02  1.0306420E-06
  2.8457188E-02  1.7404440E+02  1.0451424E-06
  2.8656726E-02  1.7489032E+02  1.0598464E-06
  2.8857660E-02  1.7572836E+02  1.0747570E-06
  2.9059999E-02  1.7655784E+02  1.0898771E-06
  2.9263754E-02  1.7737809E+02  1.1052095E-06
  2.9468934E-02  1.7818842E+02  1.1207573E-06
  2.9675549E-02  1.7898816E+02  1.1365235E-06
  2.9883609E-02  1.7977664E+02  1.1525112E-06
  3.0093124E-02  1.8055317E+02  1.1687234E-06
  3.0304105E-02  1.8131709E+02  1.1851633E-06
  3.0516561E-02  1.8206773E+02  1.2018341E-06
  3.0730503E-02  1.8280443E+02  1.2187391E-06
  3.0945942E-02  1.8352653E+02  1.2358815E-06
  3.1162888E-02  1.8423338E+02  1.2532646E-06
  3.1381351E-02  1.8492433E+02  1.2708919E-06
  3.1601342E-02  1.8559876E+02  1.2887668E-06
  3.1822872E-02  1.8625602E+02  1.3068926E-06
  3.2045951E-02  1.8689551E+02  1.3252731E-06
  3.2270590E-02  1.8751662E+02  1.3439116E-06
  3.2496801E-02  1.8811874E+02  1.3628119E-06
  3.2724594E-02  1.8870130E+02  1.3819776E-06
  3.2953980E-02  1.8926372E+02  1.4014125E-06
  3.3184971E-02  1.8980544E+02  1.4211203E-06
  3.3417577E-02  1.9032592E+02  1.4411048E-06
  3.3651811E-02  1.9082463E+02  1.4613699E-06
  3.3887682E-02  1.9130105E+02  1.4819196E-06
  3.4125204E-02  1.9175469E+02  1.5027578E-06
  3.4364386E-02  1.9218508E+02  1.5238886E-06
  3.4605242E-02  1.9259174E+02  1.5453161E-06
  3.4847782E-02  1.9297425E+02  1.5670445E-06
  3.5092019E-02  1.9333217E+02  1.5890779E-06
  3.5337964E-02  1.9366512E+02  1.6114207E-06
  3.5585629E-02  1.9397271E+02  1.6340771E-06
  3.5835026E-02  1.9425459E+02  1.6570517E-06
  3.6086168E-02  1.9451042E+02  1.6803488E-06
  3.6339067E-02  1.9473991E+02  1.7039730E-06
  3.6593734E-02  1.9494276E+02  1.7279288E-06
  3.6850182E-02  1.9511872E+02  1.7522209E-06
  3.7108425E-02  1.9526756E+02  1.7768540E-06
  3.7368473E-02  1.9538908E+02  1.8018330E-06
  3.7630341E-02  1.9548309E+02  1.8271625E-06
  3.7894040E-02  1.9554946E+02  1.8528477E-06
  3.8159583E-02  1.9558806E+02  1.8788934E-06
  3.8426984E-02  1.9559880E+02  1.9053046E-06
  3.8696255E-02  1.9558162E+02  1.9320866E-06
  3.8967409E-02  1.9553649E+02  1.9592445E-06
  3.9240460E-02  1.9546342E+02  1.9867836E-06
  3.9515421E-02  1.9536244E+02  2.0147092E-06
  3.9792305E-02  1.9523360E+02  2.0430268E-06
  4.0071125E-02  1.9507702E+02  2.0717418E-06
  4.0351896E-02  1.9489282E+02  2.1008597E-06
  4.0634631E-02  1.9468116E+02  2.1303864E-06
  4.0919343E-02  1.9444224E+02  2.1603274E-06
  4.1206047E-02  1.9417629E+02  2.1906886E-06
  4.1494755E-02  1.9388357E+02  2.2214759E-06
  4.1785484E-02  1.9356437E+02  2.2526952E-06
  4.2078245E-02  1.9321905E+02  2.2843526E-06
  4.2373055E-02  1.9284794E+02  2.3164542E-06
  4.2669926E-02  1.9245147E+02  2.3490063E-06
  4.2968874E-02  1.9203005E+02  2.3820151E-06
  4.3269913E-02  1.9158416E+02  2.4154871E-06
  4.3573057E-02  1.9111430E+02  2.4494288E-06
  4.3878322E-02  1.9062100E+02  2.4838467E-06
  4.4185722E-02  1.9010484E+02  2.5187474E-06
  4.4495272E-02  1.8956642E+02  2.5541379E-06
  4.4806987E-02  1.8900636E+02  2.5900248E-06
  4.5120882E-02  1.8842534E+02  2.6264152E-06
  4.5436973E-02  1.8782406E+02  2.6633162E-06
  4.5755274E-02  1.8720326E+02  2.7007348E-06
  4.6075802E-02  1.8656368E+02  2.7386783E-06
  4.6398572E-02  1.8590613E+02  2.7771541E-06
  4.6723600E-02  1.8523142E+02  2.8161697E-06
  4.7050901E-02  1.8454042E+02  2.8557325E-06
  4.7380491E-02  1.8383400E+02  2.8958502E-06
  4.7712386E-02  1.8311307E+02  2.9365306E-06
  4.8046603E-02  1.8237855E+02  2.9777817E-06
  4.8383157E-02  1.8163143E+02  3.0196113E-06
  4.8722066E-02  1.8087267E+02  3.0620276E-06
  4.9063345E-02  1.8010328E+02  3.1050387E-06
  4.9407011E-02  1.7932431E+02  3.1486531E-06
  4.9753080E-02  1.7853680E+02  3.1928791E-06
  5.0101570E-02  1.7774182E+02  3.2377254E-06
  5.0452498E-02  1.7694046E+02  3.2832005E-06
  5.0805880E-02  1.7613385E+02  3.3293133E-06
  5.1161734E-02  1.7532309E+02  3.3760727E-06
  5.1520077E-02  1.7450933E+02  3.4234878E-06
  5.1880927E-02  1.7369373E+02  3.4715677E-06
  5.2244300E-02  1.7287745E+02  3.5203218E-06
  5.2610215E-02  1.7206167E+02  3.5697594E-06
  5.2978689E-02  1.7124756E+02  3.6198902E-06
  5.3349740E-02  1.7043634E+02  3.6707238E-06
  5.3723387E-02  1.6962918E+02  3.7222700E-06
  5.4099647E-02  1.6882729E+02  3.7745389E-06
  5.4478539E-02  1.6803187E+02  3.8275405E-06
  5.4860081E-02  1.6724413E+02  3.8812850E-06
  5.5244291E-02  1.6646527E+02  3.9357830E-06
  5.5631189E-02  1.6569647E+02  3.9910448E-06
  5.6020793E-02  1.6493894E+02  4.0470812E-06
  5.6413122E-02  1.6419386E+02  4.1039030E-06
  5.6808196E-02  1.6346239E+02  4.1615213E-06
  5.7206032E-02  1.6274571E+02  4.2199470E-06
  5.7606651E-02  1.6204496E+02  4.2791915E-06
  5.8010073E-02  1.6136127E+02  4.3392664E-06
  5.8416315E-02  1.6069577E+02  4.4001830E-06
  5.8825400E-02  1.6004954E+02  4.4619533E-06
  5.9237345E-02  1.5942367E+02  4.5245892E-06
  5.9652172E-02  1.5881920E+02  4.5881027E-06
  6.0069901E-02  1.5823716E+02  4.6525061E-06
  6.0490551E-02  1.5767855E+02  4.7178119E-06
  6.0914143E-02  1.5714433E+02  4.7840326E-06
  6.1340698E-02  1.5663545E+02  4.8511811E-06
  6.1770237E-02  1.5615281E+02  4.9192702E-06
  6.2202780E-02  1.5569727E+02  4.9883132E-06
  6.2638348E-02  1.5526967E+02  5.0583234E-06
  6.3076963E-02  1.5487080E+02  5.1293142E-06
  6.3518646E-02  1.5450141E+02  5.2012993E-06
  6.3963418E-02  1.5416221E+02  5.2742928E-06
  6.4411301E-02  1.5385386E+02  5.3483085E-06
  6.4862317E-02  1.5357698E+02  5.4233608E-06
  6.5316487E-02  1.5333213E+02  5.4994642E-06
  6.5773834E-02  1.5311984E+02  5.5766334E-06
  6.6234379E-02  1.5294057E+02  5.6548831E-06
  6.6698146E-02  1.5279473E+02  5.7342285E-06
  6.7165157E-02  1.5268270E+02  5.8146850E-06
  6.7635434E-02  1.5260477E+02  5.8962679E-06
  6.8109001E-02  1.5256119E+02  5.9789930E-06
  6.8585880E-02  1.5255215E+02  6.0628762E-06
  6.9066094E-02  1.5257778E+02  6.1479337E-06
  6.9549667E-02  1.5263816E+02  6.2341820E-06
  7.0036622E-02  1.5273330E+02  6.3216374E-06
  7.0526984E-02  1.5286313E+02  6.4103171E-06
  7.1020775E-02  1.5302756E+02  6.5002378E-06
  7.1518020E-02  1.5322640E+02  6.5914171E-06
  7.2018743E-02  1.5345940E+02  6.6838725E-06
  7.2522968E-02  1.5372627E+02  6.7776216E-06
  7.3030720E-02  1.5402664E+02  6.8726826E-06
  7.3542023E-02  1.5436006E+02  6.9690738E-06
  7.4056902E-02  1.5472604E+02  7.0668136E-06
  7.4575383E-02  1.5512401E+02  7.1659209E-06
  7.5097490E-02  1.5555336E+02  7.2664148E-06
  7.5623249E-02  1.5601337E+02  7.3683144E-06
  7.6152686E-02  1.5650330E+02  7.4716396E-06
  7.6685825E-02  1.5702232E+02  7.5764099E-06
  7.7222694E-02  1.5756956E+02  7.6826458E-06
  7.7763318E-02  1.5814406E+02  7.7903674E-06
  7.8307722E-02  1.5874482E+02  7.8995955E-06
  7.8855935E-02  1.5937078E+02  8.0103511E-06
  7.9407982E-02  1.6002081E+02  8.1226554E-06
  7.9963891E-02  1.6069373E+02  8.2365300E-06
  8.0523687E-02  1.6138831E+02  8.3519968E-06
  8.1087399E-02  1.6210324E+02  8.4690779E-06
  8.1655054E-02  1.6283719E+02  8.5877957E-06
  8.2226679E-02  1.6358877E+02  8.7081731E-06
  8.2802303E-02  1.6435652E+02  8.8302331E-06
  8.3381952E-02  1.6513897E+02  8.9539990E-06
  8.3965656E-02  1.6593457E+02  9.0794948E-06
  8.4553443E-02  1.6674176E+02  9.2067443E-06
  8.5145341E-02  1.6755891E+02  9.3357719E-06
  8.5741378E-02  1.6838437E+02  9.4666025E-06
  8.6341585E-02  1.6921646E+02  9.5992610E-06
  8.6945990E-02  1.7005347E+02  9.7337728E-06
  8.7554622E-02  1.7089364E+02  9.8701637E-06
  8.8167511E-02  1.7173521E+02  1.0008460E-05
  8.8784687E-02  1.7257638E+02  1.0148687E-05
  8.9406180E-02  1.7341534E+02  1.0290874E-05
  9.0032020E-02  1.7425027E+02  1.0435046E-05
  9.0662237E-02  1.7507932E+02  1.0581231E-05
  9.1296862E-02  1.7590064E+02  1.0729457E-05
  9.1935926E-02  1.7671238E+02  1.0879753E-05
  9.2579459E-02  1.7751269E+02  1.1032147E-05
  9.3227494E-02  1.7829971E+02  1.1186668E-05
  9.3880062E-02  1.7907159E+02  1.1343346E-05
  9.4537194E-02  1.7982649E+02  1.1502211E-05
  9.5198922E-02  1.8056259E+02  1.1663293E-05
  9.5865278E-02  1.8127808E+02  1.1826623E-05
  9.6536295E-02  1.8197117E+02  1.1992232E-05
  9.7212006E-02  1.8264008E+02  1.2160151E-05
  9.7892443E-02  1.8328310E+02  1.2330413E-05
  9.8577639E-02  1.8389850E+02  1.2503050E-05
  9.9267627E-02  1.8448464E+02  1.2678094E-05
  9.9962442E-02  1.8503986E+02  1.2855580E-05
  1.0066212E-01  1.8556259E+02  1.3035542E-05
  1.0136668E-01  1.8605130E+02  1.3218012E-05
  1.0207618E-01  1.8650448E+02  1.3403026E-05
  1.0279064E-01  1.8692071E+02  1.3590620E-05
  1.0351010E-01  1.8729861E+02  1.3780829E-05
  1.0423458E-01  1.8763686E+02  1.3973688E-05
  1.0496414E-01  1.8793421E+02  1.4169236E-05
  1.0569880E-01  1.8818948E+02  1.4367508E-05
  1.0643859E-01  1.8840156E+02  1.4568543E-05
  1.0718357E-01  1.8856940E+02  1.4772379E-05
  1.0793375E-01  1.8869204E+02  1.4979054E-05
  1.0868918E-01  1.8876859E+02  1.5188607E-05
  1.0944989E-01  1.8879827E+02  1.5401079E-05
  1.1021592E-01  1.8878034E+02  1.5616510E-05
  1.1098731E-01  1.8871418E+02  1.5834941E-05
  1.1176410E-01  1.8859924E+02  1.6056412E-05
  1.1254632E-01  1.8843508E+02  1.6280966E-05
  1.1333401E-01  1.8822133E+02  1.6508646E-05
  1.1412721E-01  1.8795774E+02  1.6739494E-05
  1.1492596E-01  1.8764413E+02  1.6973554E-05
  1.1573029E-01  1.8728043E+02  1.7210870E-05
  1.1654026E-01  1.8686667E+02  1.7451488E-05
  1.1735588E-01  1.8640297E+02  1.7695453E-05
  1.1817721E-01  1.8588956E+02  1.7942810E-05
  1.1900429E-01  1.8532677E+02  1.8193608E-05
  1.1983715E-01  1.8471501E+02  1.8447892E-05
  1.2067584E-01  1.8405481E+02  1.8705710E-05
  1.2152039E-01  1.8334679E+02  1.8967113E-05
  1.2237085E-01  1.8259168E+02  1.9232148E-05
  1.2322725E-01  1.8179029E+02  1.9500866E-05
  1.2408965E-01  1.8094355E+02  1.9773317E-05
  1.2495808E-01  1.8005247E+02  2.0049552E-05
  1.2583259E-01  1.7911816E+02  2.0329625E-05
  1.2671321E-01  1.7814181E+02  2.0613586E-05
  1.2759999E-01  1.7712473E+02  2.0901490E-05
  1.2849297E-01  1.7606828E+02  2.1193391E-05
  1.2939220E-01  1.7497395E+02  2.1489343E-05
  1.3029771E-01  1.7384328E+02  2.1789403E-05
  1.3120957E-01  1.7267790E+02  2.2093625E-05
  1.3212779E-01  1.7147953E+02  2.2402069E-05
  1.3305245E-01  1.7024995E+02  2.2714790E-05
  1.3398357E-01  1.6899101E+02  2.3031848E-05
  1.3492120E-01  1.6770464E+02  2.3353302E-05
  1.3586539E-01  1.6639284E+02  2.3679213E-05
  1.3681618E-01  1.6505764E+02  2.4009641E-05
  1.3777362E-01  1.6370115E+02  2.4344647E-05
  1.3873777E-01  1.6232552E+02  2.4684296E-05
  1.3970865E-01  1.6093296E+02  2.5028649E-05
  1.4068632E-01  1.5952570E+02  2.5377771E-05
  1.4167084E-01  1.5810604E+02  2.5731728E-05
  1.4266224E-01  1.5667626E+02  2.6090585E-05
  1.4366057E-01  1.5523873E+02  2.6454409E-05
  1.4466589E-01  1.5379579E+02  2.6823268E-05
  1.4567824E-01  1.5234983E+02  2.7197231E-05
  1.4669766E-01  1.5090322E+02  2.7576366E-05
  1.4772422E-01  1.4945838E+02  2.7960744E-05
  1.4875796E-01  1.4801768E+02  2.8350438E-05
  1.4979893E-01  1.4658351E+02  2.8745518E-05
  1.5084718E-01  1.4515826E+02  2.9146058E-05
  1.5190277E-01  1.4374428E+02  2.9552133E-05
  1.5296573E-01  1.4234391E+02  2.9963818E-05
  1.5403613E-01  1.4095946E+02  3.0381188E-05
  1.5511402E-01  1.3959322E+02  3.0804322E-05
  1.5619945E-01  1.3824741E+02  3.1233296E-05
  1.5729246E-01  1.3692423E+02  3.1668190E-05
  1.5839313E-01  1.3562582E+02  3.2109086E-05
  1.5950149E-01  1.3435428E+02  3.2556062E-05
  1.6061760E-01  1.3311164E+02  3.3009203E-05
  1.6174152E-01  1.3189986E+02  3.3468592E-05
  1.6287331E-01  1.3072083E+02  3.3934312E-05
  1.6401300E-01  1.2957637E+02  3.4406450E-05
  1.6516067E-01  1.2846822E+02  3.4885091E-05
  1.6631637E-01  1.2739805E+02  3.5370325E-05
  1.6748015E-01  1.2636741E+02  3.5862240E-05
  1.6865207E-01  1.2537778E+02  3.6360925E-05
  1.6983219E-01  1.2443055E+02  3.6866473E-05
  1.7102056E-01  1.2352698E+02  3.7378975E-05
  1.7221724E-01  1.2266826E+02  3.7898526E-05
  1.7342229E-01  1.2185546E+02  3.8425219E-05
  1.7463577E-01  1.2108954E+02  3.8959151E-05
  1.7585774E-01  1.2037133E+02  3.9500420E-05
  1.7708826E-01  1.1970159E+02  4.0049123E-05
  1.7832738E-01  1.1908092E+02  4.0605361E-05
  1.7957517E-01  1.1850983E+02  4.1169233E-05
  1.8083169E-01  1.1798868E+02  4.1740844E-05
  1.8209700E-01  1.1751775E+02  4.2320296E-05
  1.8337115E-01  1.1709716E+02  4.2907693E-05
  1.8465422E-01  1.1672693E+02  4.3503144E-05
  1.8594626E-01  1.1640694E+02  4.4106754E-05
  1.8724734E-01  1.1613696E+02  4.4718632E-05
  1.8855752E-01  1.1591664E+02  4.5338890E-05
  1.8987687E-01  1.1574550E+02  4.5967639E-05
  1.9120544E-01  1.1562293E+02  4.6604991E-05
  1.9254330E-01  1.1554822E+02  4.7251062E-05
  1.9389052E-01  1.1552053E+02  4.7905967E-05
  1.9524717E-01  1.1553890E+02  4.8569824E-05
  1.9661330E-01  1.1560227E+02  4.9242751E-05
  1.9798899E-01  1.1570945E+02  4.9924868E-05
  1.9937430E-01  1.1585916E+02  5.0616298E-05
  2.0076930E-01  1.1605001E+02  5.1317164E-05
  2.0217406E-01  1.1628050E+02  5.2027591E-05
  2.0358864E-01  1.1654904E+02  5.2747704E-05
  2.0501312E-01  1.1685393E+02  5.3477633E-05
  2.0644756E-01  1.1719342E+02  5.4217505E-05
  2.0789203E-01  1.1756563E+02  5.4967453E-05
  2.0934661E-01  1.1796863E+02  5.5727609E-05
  2.1081136E-01  1.1840039E+02  5.6498108E-05
  2.1228636E-01  1.1885883E+02  5.7279084E-05
  2.1377167E-01  1.1934181E+02  5.8070677E-05
  2.1526737E-01  1.1984711E+02  5.8873024E-05
  2.1677353E-01  1.2037246E+02  5.9686267E-05
  2.1829023E-01  1.2091556E+02  6.0510549E-05
  2.1981754E-01  1.2147405E+02  6.1346014E-05
  2.2135552E-01  1.2204554E+02  6.2192807E-05
  2.2290427E-01  1.2262762E+02  6.3051077E-05
  2.2446385E-01  1.2321784E+02  6.3920974E-05
  2.2603433E-01  1.2381374E+02  6.4802647E-05
  2.2761581E-01  1.2441285E+02  6.5696251E-05
  2.2920834E-01  1.2501269E+02  6.6601941E-05
  2.3081201E-01  1.2561079E+02  6.7519873E-05
  2.3242690E-01  1.2620467E+02  6.8450205E-05
  2.3405308E-01  1.2679188E+02  6.9393099E-05
  2.3569064E-01  1.2736999E+02  7.0348717E-05
  2.3733965E-01  1.2793659E+02  7.1317221E-05
  2.3900019E-01  1.2848929E+02  7.2298780E-05
  2.4067235E-01  1.2902576E+02  7.3293560E-05
  2.4235621E-01  1.2954370E+02  7.4301732E-05
  2.4405184E-01  1.3004085E+02  7.5323468E-05
  2.4575934E-01  1.3051504E+02  7.6358941E-05
  2.4747877E-01  1.3096411E+02  7.7408327E-05
  2.4921023E-01  1.3138600E+02  7.8471804E-05
  2.5095381E-01  1.3177871E+02  7.9549552E-05
  2.5270957E-01  1.3214032E+02  8.0641752E-05
  2.5447762E-01  1.3246897E+02  8.1748589E-05
  2.5625804E-01  1.3276291E+02  8.2870248E-05
  2.5805090E-01  1.3302046E+02  8.4006918E-05
  2.5985631E-01  1.3324002E+02  8.5158788E-05
  2.6167435E-01  1.3342012E+02  8.6326051E-05
  2.6350510E-01  1.3355936E+02  8.7508900E-05
  2.6534866E-01  1.3365644E+02  8.8707533E-05
  2.6720511E-01  1.3371017E+02  8.9922147E-05
  2.6907454E-01  1.3371948E+02  9.1152944E-05
  2.7095705E-01  1.3368337E+02  9.2400126E-05
  2.7285273E-01  1.3360100E+02  9.3663899E-05
  2.7476167E-01  1.3347158E+02  9.4944468E-05
  2.7668396E-01  1.3329449E+02  9.6242044E-05
  2.7861969E-01  1.3306919E+02  9.7556839E-05
  2.8056897E-01  1.3279524E+02  9.8889065E-05
  2.8253188E-01  1.3247236E+02  1.0023894E-04
  2.8450851E-01  1.3210033E+02  1.0160668E-04
  2.8649898E-01  1.3167907E+02  1.0299251E-04
  2.8850336E-01  1.3120861E+02  1.0439664E-04
  2.9052177E-01  1.3068909E+02  1.0581931E-04
  2.9255429E-01  1.3012075E+02  1.0726075E-04
  2.9460103E-01  1.2950393E+02  1.0872117E-04
  2.9666208E-01  1.2883911E+02  1.1020082E-04
  2.9873755E-01  1.2812683E+02  1.1169992E-04
  3.0082754E-01  1.2736775E+02  1.1321872E-04
  3.0293214E-01  1.2656263E+02  1.1475744E-04
  3.0505146E-01  1.2571232E+02  1.1631635E-04
  3.0718561E-01  1.2481776E+02  1.1789566E-04
  3.0933469E-01  1.2387998E+02  1.1949564E-04
  3.1149880E-01  1.2290009E+02  1.2111653E-04
  3.1367804E-01  1.2187928E+02  1.2275858E-04
  3.1587253E-01  1.2081882E+02  1.2442204E-04
  3.1808236E-01  1.1972006E+02  1.2610717E-04
  3.2030765E-01  1.1858440E+02  1.2781422E-04
  3.2254851E-01  1.1741330E+02  1.2954346E-04
  3.2480504E-01  1.1620831E+02  1.3129514E-04
  3.2707735E-01  1.1497100E+02  1.3306953E-04
  3.2936556E-01  1.1370301E+02  1.3486690E-04
  3.3166977E-01  1.1240601E+02  1.3668751E-04
  3.3399009E-01  1.1108172E+02  1.3853163E-04
  3.3632665E-01  1.0973188E+02  1.4039955E-04
  3.3867955E-01  1.0835829E+02  1.4229153E-04
  3.4104891E-01  1.0696273E+02  1.4420785E-04
  3.4343484E-01  1.0554705E+02  1.4614879E-04
  3.4583745E-01  1.0411307E+02  1.4811464E-04
  3.4825687E-01  1.0266264E+02  1.5010567E-04
  3.5069322E-01  1.0119761E+02  1.5212218E-04
  3.5314660E-01  9.9719842E+01  1.5416446E-04
  3.5561715E-01  9.8231180E+01  1.5623278E-04
  3.5810497E-01  9.6733461E+01  1.5832746E-04
  3.6061020E-01  9.5228509E+01  1.6044877E-04
  3.6313295E-01  9.3718132E+01  1.6259703E-04
  3.6567334E-01  9.2204112E+01  1.6477252E-04
  3.6823150E-01  9.0688207E+01  1.6697556E-04
  3.7080756E-01  8.9172141E+01  1.6920644E-04
  3.7340163E-01  8.7657606E+01  1.7146546E-04
  3.7601384E-01  8.6146254E+01  1.7375295E-04
  3.7864433E-01  8.4639698E+01  1.7606920E-04
  3.8129322E-01  8.3139502E+01  1.7841452E-04
  3.8396063E-01  8.1647184E+01  1.8078923E-04
  3.8664670E-01  8.0164211E+01  1.8319365E-04
  3.8935156E-01  7.8691995E+01  1.8562809E-04
  3.9207534E-01  7.7231893E+01  1.8809286E-04
  3.9481816E-01  7.5785201E+01  1.9058829E-04
  3.9758018E-01  7.4353156E+01  1.9311470E-04
  4.0036151E-01  7.2936934E+01  1.9567241E-04
  4.0316229E-01  7.1537643E+01  1.9826175E-04
  4.0598267E-01  7.0156328E+01  2.0088304E-04
  4.0882277E-01  6.8793966E+01  2.0353660E-04
  4.1168273E-01  6.7451468E+01  2.0622277E-04
  4.1456270E-01  6.6129673E+01  2.0894188E-04
  4.1746282E-01  6.4829356E+01  2.1169425E-04
  4.2038321E-01  6.3551218E+01  2.1448022E-04
  4.2332404E-01  6.2295893E+01  2.1730012E-04
  4.2628543E-01  6.1063945E+01  2.2015428E-04
  4.2926754E-01  5.9855869E+01  2.2304304E-04
  4.3227050E-01  5.8672092E+01  2.2596673E-04
  4.3529447E-01  5.7512972E+01  2.2892569E-04
  4.3833959E-01  5.6378802E+01  2.3192025E-04
  4.4140601E-01  5.5269807E+01  2.3495076E-04
  4.4449388E-01  5.4186148E+01  2.3801754E-04
  4.4760334E-01  5.3127925E+01  2.4112093E-04
  4.5073455E-01  5.2095172E+01  2.4426128E-04
  4.5388767E-01  5.1087868E+01  2.4743891E-04
  4.5706283E-01  5.0105929E+01  2.5065417E-04
  4.6026021E-01  4.9149218E+01  2.5390738E-04
  4.6347995E-01  4.8217544E+01  2.5719890E-04
  4.6672221E-01  4.7310662E+01  2.6052904E-04
  4.6998715E-01  4.6428279E+01  2.6389816E-04
  4.7327492E-01  4.5570055E+01  2.6730657E-04
  4.7658569E-01  4.4735606E+01  2.7075461E-04
  4.7991962E-01  4.3924504E+01  2.7424262E-04
  4.8327686E-01  4.3136284E+01  2.7777093E-04
  4.8665759E-01  4.2370443E+01  2.8133985E-04
  4.9006196E-01  4.1626446E+01  2.8494972E-04
  4.9349015E-01  4.0903726E+01  2.8860087E-04
  4.9694231E-01  4.0201688E+01  2.9229361E-04
  5.0041862E-01  3.9519713E+01  2.9602827E-04
  5.0391924E-01  3.8857160E+01  2.9980517E-04
  5.0744435E-01  3.8213368E+01  3.0362461E-04
  5.1099412E-01  3.7587660E+01  3.0748691E-04
  5.1456871E-01  3.6979345E+01  3.1139239E-04
  5.1816830E-01  3.6387724E+01  3.1534133E-04
  5.2179308E-01  3.5812087E+01  3.1933406E-04
  5.2544320E-01  3.5251720E+01  3.2337085E-04
  5.2911886E-01  3.4705908E+01  3.2745201E-04
  5.3282022E-01  3.4173934E+01  3.3157783E-04
  5.3654747E-01  3.3655084E+01  3.3574859E-04
  5.4030080E-01  3.3148649E+01  3.3996456E-04
  5.4408037E-01  3.2653927E+01  3.4422602E-04
  5.4788638E-01  3.2170226E+01  3.4853325E-04
  5.5171902E-01  3.1696863E+01  3.5288649E-04
  5.5557846E-01  3.1233170E+01  3.5728601E-04
  5.5946489E-01  3.0778492E+01  3.6173205E-04
  5.6337851E-01  3.0332193E+01  3.6622486E-04
  5.6731950E-01  2.9893653E+01  3.7076466E-04
  5.7128805E-01  2.9462272E+01  3.7535169E-04
  5.7528436E-01  2.9037471E+01  3.7998617E-04
  5.7930863E-01  2.8618693E+01  3.8466829E-04
  5.8336104E-01  2.8205404E+01  3.8939827E-04
  5.8744179E-01  2.7797093E+01  3.9417630E-04
  5.9155109E-01  2.7393275E+01  3.9900255E-04
  5.9568913E-01  2.6993490E+01  4.0387719E-04
  5.9985612E-01  2.6597304E+01  4.0880039E-04
  6.0405225E-01  2.6204310E+01  4.1377230E-04
  6.0827772E-01  2.5814126E+01  4.1879304E-04
  6.1253276E-01  2.5426401E+01  4.2386275E-04
  6.1681755E-01  2.5040807E+01  4.2898155E-04
  6.2113231E-01  2.4657047E+01  4.3414951E-04
  6.2547726E-01  2.4274848E+01  4.3936675E-04
  6.2985259E-01  2.3893966E+01  4.4463331E-04
  6.3425853E-01  2.3514183E+01  4.4994926E-04
  6.3869528E-01  2.3135309E+01  4.5531464E-04
  6.4316307E-01  2.2757178E+01  4.6072947E-04
  6.4766210E-01  2.2379651E+01  4.6619377E-04
  6.5219260E-01  2.2002612E+01  4.7170751E-04
  6.5675479E-01  2.1625971E+01  4.7727067E-04
  6.6134890E-01  2.1249661E+01  4.8288320E-04
  6.6597513E-01  2.0873638E+01  4.8854504E-04
  6.7063372E-01  2.0497877E+01  4.9425610E-04
  6.7532490E-01  2.0122379E+01  5.0001627E-04
  6.8004888E-01  1.9747159E+01  5.0582543E-04
  6.8480591E-01  1.9372257E+01  5.1168341E-04
  6.8959621E-01  1.8997725E+01  5.1759005E-04
  6.9442002E-01  1.8623636E+01  5.2354515E-04
  6.9927757E-01  1.8250077E+01  5.2954848E-04
  7.0416909E-01  1.7877150E+01  5.3559979E-04
  7.0909482E-01  1.7504970E+01  5.4169880E-04
  7.1405501E-01  1.7133664E+01  5.4784522E-04
  7.1904989E-01  1.6763372E+01  5.5403871E-04
  7.2407971E-01  1.6394242E+01  5.6027890E-04
  7.2914471E-01  1.6026432E+01  5.6656542E-04
  7.3424513E-01  1.5660108E+01  5.7289782E-04
  7.3938123E-01  1.5295443E+01  5.7927567E-04
  7.4455325E-01  1.4932614E+01  5.8569846E-04
  7.4976145E-01  1.4571803E+01  5.9216568E-04
  7.5500608E-01  1.4213198E+01  5.9867677E-04
  7.6028739E-01  1.3856986E+01  6.0523113E-04
  7.6560564E-01  1.3503358E+01  6.1182813E-04
  7.7096108E-01  1.3152505E+01  6.1846710E-04
  7.7635399E-01  1.2804618E+01  6.2514733E-04
  7.8178461E-01  1.2459884E+01  6.3186806E-04
  7.8725322E-01  1.2118493E+01  6.3862851E-04
  7.9276008E-01  1.1780628E+01  6.4542783E-04
  7.9830546E-01  1.1446471E+01  6.5226513E-04
  8.0388962E-01  1.1116198E+01  6.5913950E-04
  8.0951284E-01  1.0789982E+01  6.6604994E-04
  8.1517539E-01  1.0467988E+01  6.7299545E-04
  8.2087755E-01  1.0150377E+01  6.7997494E-04
  8.2661959E-01  9.8373028E+00  6.8698728E-04
  8.3240179E-01  9.5289127E+00  6.9403129E-04
  8.3822444E-01  9.2253458E+00  7.0110574E-04
  8.4408781E-01  8.9267338E+00  7.0820933E-04
  8.4999219E-01  8.6332001E+00  7.1534073E-04
  8.5593787E-01  8.3448598E+00  7.2249852E-04
  8.6192514E-01  8.0618194E+00  7.2968123E-04
  8.6795428E-01  7.7841766E+00  7.3688733E-04
  8.7402559E-01  7.5120200E+00  7.4411523E-04
  8.8013937E-01  7.2454292E+00  7.5136328E-04
  8.8629591E-01  6.9844746E+00  7.5862974E-04
  8.9249551E-01  6.7292176E+00  7.6591282E-04
  8.9873848E-01  6.4797103E+00  7.7321066E-04
  9.0502511E-01  6.2359955E+00  7.8052131E-04
  9.1135571E-01  5.9981074E+00  7.8784278E-04
  9.1773059E-01  5.7660708E+00  7.9517297E-04
  9.2415006E-01  5.5399020E+00  8.0250972E-04
  9.3061443E-01  5.3196085E+00  8.0985078E-04
  9.3712401E-01  5.1051896E+00  8.1719385E-04
  9.4367913E-01  4.8966359E+00  8.2453650E-04
  9.5028009E-01  4.6939304E+00  8.3187625E-04
  9.5692723E-01  4.4970482E+00  8.3921053E-04
  9.6362085E-01  4.3059569E+00  8.4653666E-04
  9.7036129E-01  4.1206170E+00  8.5385190E-04
  9.7714888E-01  3.9409820E+00  8.6115340E-04
  9.8398395E-01  3.7669988E+00  8.6843821E-04
  9.9086682E-01  3.5986082E+00  8.7570331E-04
  9.9779783E-01  3.4357448E+00  8.8294556E-04
  1.0047773E+00  3.2783380E+00  8.9016172E-04
  1.0118056E+00  3.1263116E+00  8.9734846E-04
  1.0188831E+00  2.9795847E+00  9.0450235E-04
  1.0260101E+00  2.8380716E+00  9.1161983E-04
  1.0331869E+00  2.7016828E+00  9.1869727E-04
  1.0404139E+00  2.5703246E+00  9.2573090E-04
  1.0476915E+00  2.4438998E+00  9.3271686E-04
  1.0550199E+00  2.3223083E+00  9.3965116E-04
  1.0623997E+00  2.2054470E+00  9.4652970E-04
  1.0698310E+00  2.0932101E+00  9.5334828E-04
  1.0773143E+00  1.9854899E+00  9.6010257E-04
  1.0848500E+00  1.8821767E+00  9.6678811E-04
  1.0924383E+00  1.7831594E+00  9.7340034E-04
  1.1000798E+00  1.6883255E+00  9.7993457E-04
  1.1077747E+00  1.5975615E+00  9.8638598E-04
  1.1155234E+00  1.5107533E+00  9.9274963E-04
  1.1233263E+00  1.4277864E+00  9.9902045E-04
  1.1311838E+00  1.3485461E+00  1.0051932E-03
  1.1390962E+00  1.2729177E+00  1.0112627E-03
  1.1470640E+00  1.2007870E+00  1.0172233E-03
  1.1550875E+00  1.1320403E+00  1.0230696E-03
  1.1631672E+00  1.0665644E+00  1.0287957E-03
  1.1713033E+00  1.0042473E+00  1.0343959E-03
  1.1794964E+00  9.4497821E-01  1.0398641E-03
  1.1877468E+00  8.8864733E-01  1.0451942E-03
  1.1960548E+00  8.3514652E-01  1.0503800E-03
  1.2044210E+00  7.8436921E-01  1.0554151E-03
  1.2128457E+00  7.3621057E-01  1.0602929E-03
  1.2213293E+00  6.9056763E-01  1.0650069E-03
  1.2298723E+00  6.4733938E-01  1.0695501E-03
  1.2384750E+00  6.0642692E-01  1.0739157E-03
  1.2471379E+00  5.6773347E-01  1.0780966E-03
  1.2558613E+00  5.3116453E-01  1.0820856E-03
  1.2646458E+00  4.9662789E-01  1.0858754E-03
  1.2734918E+00  4.6403372E-01  1.0894586E-03
  1.2823996E+00  4.3329459E-01  1.0928275E-03
  1.2913697E+00  4.0432554E-01  1.0959745E-03
  1.3004025E+00  3.7704410E-01  1.0988917E-03
  1.3094986E+00  3.5137028E-01  1.1015712E-03
  1.3186582E+00  3.2722665E-01  1.1040050E-03
  1.3278819E+00  3.0453828E-01  1.1061848E-03
  1.3371701E+00  2.8323277E-01  1.1081023E-03
  1.3465233E+00  2.6324025E-01  1.1097493E-03
  1.3559420E+00  2.4449335E-01  1.1111171E-03
  1.3654265E+00  2.2692718E-01  1.1121973E-03
  1.3749773E+00  2.1047933E-01  1.1129812E-03
  1.3845949E+00  1.9508981E-01  1.1134600E-03
  1.3942798E+00  1.8070102E-01  1.1136250E-03
  1.4040325E+00  1.6725774E-01  1.1134672E-03
  1.4138533E+00  1.5470706E-01  1.1129777E-03
  1.4237429E+00  1.4299832E-01  1.1121476E-03
  1.4337016E+00  1.3208312E-01  1.1109678E-03
  1.4437300E+00  1.2191521E-01  1.1094294E-03
  1.4538285E+00  1.1245047E-01  1.1075232E-03
  1.4639976E+00  1.0364684E-01  1.1052403E-03
  1.4742379E+00  9.5464252E-02  1.1025715E-03
  1.4845498E+00  8.7864615E-02  1.0995080E-03
  1.4949338E+00  8.0811710E-02  1.0960408E-03
  1.5053905E+00  7.4271150E-02  1.0921609E-03
  1.5159203E+00  6.8210316E-02  1.0878596E-03
  1.5265237E+00  6.2598297E-02  1.0831283E-03
  1.5372013E+00  5.7405828E-02  1.0779582E-03
  1.5479536E+00  5.2605228E-02  1.0723410E-03
  1.5587811E+00  4.8170339E-02  1.0662685E-03
  1.5696844E+00  4.4076468E-02  1.0597326E-03
  1.5806639E+00  4.0300324E-02  1.0527253E-03
  1.5917201E+00  3.6819962E-02  1.0452392E-03
  1.6028538E+00  3.3614722E-02  1.0372670E-03
  1.6140653E+00  3.0665175E-02  1.0288016E-03
  1.6253552E+00  2.7953063E-02  1.0198365E-03
  1.6367240E+00  2.5461249E-02  1.0103653E-03
  1.6481724E+00  2.3173659E-02  1.0003822E-03
  1.6597009E+00  2.1075233E-02  9.8988193E-04
  1.6713100E+00  1.9151873E-02  9.7885961E-04
  1.6830003E+00  1.7390396E-02  9.6731094E-04
  1.6947724E+00  1.5778481E-02  9.5523226E-04
  1.7066268E+00  1.4304629E-02  9.4262054E-04
  1.7185641E+00  1.2958117E-02  9.2947350E-04
  1.7305849E+00  1.1728951E-02  9.1578959E-04
  1.7426898E+00  1.0607831E-02  9.0156814E-04
  1.7548794E+00  9.5861058E-03  8.8680936E-04
  1.7671542E+00  8.6557392E-03  8.7151443E-04
  1.7795149E+00  7.8092707E-03  8.5568558E-04
  1.7919620E+00  7.0397820E-03  8.3932616E-04
  1.8044962E+00  6.3408631E-03  8.2244072E-04
  1.8171181E+00  5.7065811E-03  8.0503510E-04
  1.8298282E+00  5.1314493E-03  7.8711652E-04
  1.8426272E+00  4.6103987E-03  7.6869366E-04
  1.8555158E+00  4.1387508E-03  7.4977679E-04
  1.8684945E+00  3.7121911E-03  7.3037786E-04
  1.8815640E+00  3.3267454E-03  7.1051061E-04
  1.8947249E+00  2.9787555E-03  6.9019069E-04
  1.9079779E+00  2.6648581E-03  6.6943577E-04
  1.9213235E+00  2.3819635E-03  6.4826570E-04
  1.9347625E+00  2.1272362E-03  6.2670263E-04
  1.9482955E+00  1.8980767E-03  6.0477116E-04
  1.9619231E+00  1.6921038E-03  5.8249846E-04
  1.9756461E+00  1.5071387E-03  5.5991451E-04
  1.9894651E+00  1.3411896E-03  5.3705216E-04
  2.0033807E+00  1.1924373E-03  5.1394740E-04
  2.0173936E+00  1.0592223E-03  4.9063950E-04
  2.0315045E+00  9.4003183E-04  4.6717121E-04
  2.0457142E+00  8.3348830E-04  4.4358898E-04
  2.0600232E+00  7.3833869E-04  4.1994317E-04
  2.0744323E+00  6.5344427E-04  3.9628825E-04
  2.0889422E+00  5.7777120E-04  3.7268310E-04
  2.1035536E+00  5.1038186E-04  3.4919119E-04
  2.1182672E+00  4.5042671E-04  3.2588089E-04
  2.1330837E+00  3.9713682E-04  3.0282574E-04
  2.1480038E+00  3.4981693E-04  2.8010473E-04
  2.1630283E+00  3.0783900E-04  2.5780259E-04
  2.1781579E+00  2.7063632E-04  2.3601015E-04
  2.1933933E+00  2.3769805E-04  2.1482465E-04
  2.2087353E+00  2.0856416E-04  1.9435008E-04
  2.2241845E+00  1.8282084E-04  1.7469759E-04
  2.2397419E+00  1.6009622E-04  1.5598583E-04
  2.2554080E+00  1.4005648E-04  1.3834138E-04
  2.2711837E+00  1.2240225E-04  1.2189920E-04
  2.2870698E+00  1.0686537E-04  1.0680303E-04
  2.3030669E+00  9.3205883E-05  9.3205883E-05
  2.3191760E+00  8.1209281E-05  8.1209281E-05
  2.3353977E+00  7.0684027E-05  7.0684027E-05
  2.3517329E+00  6.1459272E-05  6.1459272E-05
  2.3681824E+00  5.3382791E-05  5.3382791E-05
  2.3847469E+00  4.6319095E-05  4.6319095E-05
  2.4014272E+00  4.0147727E-05  4.0147727E-05
  2.4182243E+00  3.4761707E-05  3.4761707E-05
  2.4351388E+00  3.0066135E-05  3.0066135E-05
  2.4521716E+00  2.5976916E-05  2.5976916E-05
  2.4693236E+00  2.2419613E-05  2.2419613E-05
  2.4865955E+00  1.9328415E-05  1.9328415E-05
  2.5039882E+00  1.6645200E-05  1.6645200E-05
  2.5215026E+00  1.4318694E-05  1.4318694E-05
  2.5391395E+00  1.2303720E-05  1.2303720E-05
  2.5568997E+00  1.0560513E-05  1.0560513E-05
  2.5747842E+00  9.0541173E-06  9.0541173E-06
  2.5927938E+00  7.7538365E-06  7.7538365E-06
  2.6109293E+00  6.6327475E-06  6.6327475E-06
  2.6291917E+00  5.6672643E-06  5.6672643E-06
  2.6475818E+00  4.8367481E-06  4.8367481E-06
  2.6661005E+00  4.1231610E-06  4.1231610E-06
  2.6847488E+00  3.5107568E-06  3.5107568E-06
  2.7035275E+00  2.9858059E-06  2.9858059E-06
  2.7224375E+00  2.5363520E-06  2.5363520E-06
  2.7414798E+00  2.1519953E-06  2.1519953E-06
  2.7606553E+00  1.8237012E-06  1.8237012E-06
  2.7799649E+00  1.5436301E-06  1.5436301E-06
  2.7994096E+00  1.3049885E-06  1.3049885E-06
  2.8189903E+00  1.1018960E-06  1.1018960E-06
  2.8387079E+00  9.2926940E-07  9.2926940E-07
  2.8585634E+00  7.8271982E-07  7.8271982E-07
  2.8785579E+00  6.5846282E-07  6.5846282E-07
  2.8986921E+00  5.5323918E-07  5.5323918E-07
  2.9189672E+00  4.6424566E-07  4.6424566E-07
  2.9393841E+00  3.8907426E-07  3.8907426E-07
  2.9599439E+00  3.2565918E-07  3.2565918E-07
  2.9806474E+00  2.7223048E-07  2.7223048E-07
  3.0014957E+00  2.2727368E-07  2.2727368E-07
  3.0224899E+00  1.8949463E-07  1.8949463E-07
  3.0436308E+00  1.5778886E-07  1.5778886E-07
  3.0649197E+00  1.3121509E-07  1.3121509E-07
  3.0863575E+00  1.0897213E-07  1.0897213E-07
  3.1079452E+00  9.0379025E-08  9.0379025E-08
  3.1296839E+00  7.4857713E-08  7.4857713E-08
  3.1515746E+00  6.1918203E-08  6.1918203E-08
  3.1736185E+00  5.1145704E-08  5.1145704E-08
  3.1958165E+00  4.2189572E-08  4.2189572E-08
  3.2181698E+00  3.4753798E-08  3.4753798E-08
  3.2406795E+00  2.8588849E-08  2.8588849E-08
  3.2633466E+00  2.3484662E-08  2.3484662E-08
  3.2861722E+00  1.9264651E-08  1.9264651E-08
  3.3091575E+00  1.5780585E-08  1.5780585E-08
  3.3323035E+00  1.2908211E-08  1.2908211E-08
  3.3556115E+00  1.0543526E-08  1.0543526E-08
  3.3790825E+00  8.5996019E-09  8.5996019E-09
  3.4027176E+00  7.0038889E-09  7.0038889E-09
  3.4265181E+00  5.6959255E-09  5.6959255E-09
  3.4504850E+00  4.6253990E-09  4.6253990E-09
  3.4746195E+00  3.7505036E-09  3.7505036E-09
  3.4989229E+00  3.0365545E-09  3.0365545E-09
  3.5233963E+00  2.4548177E-09  2.4548177E-09
  3.5480408E+00  1.9815252E-09  1.9815252E-09
  3.5728577E+00  1.5970468E-09  1.5970468E-09
  3.5978482E+00  1.2851945E-09  1.2851945E-09
  3.6230134E+00  1.0326391E-09  1.0326391E-09
  3.6483547E+00  8.2842315E-10  8.2842315E-10
  3.6738733E+00  6.6355224E-10  6.6355224E-10
  3.6995703E+00  5.3065534E-10  5.3065534E-10
  3.7254470E+00  4.2370125E-10  4.2370125E-10
  3.7515048E+00  3.3776290E-10  3.3776290E-10
  3.7777448E+00  2.6882168E-10  2.6882168E-10
  3.8041683E+00  2.1360525E-10  2.1360525E-10
  3.8307767E+00  1.6945326E-10  1.6945326E-10
  3.8575712E+00  1.3420645E-10  1.3420645E-10
  3.8845531E+00  1.0611511E-10  1.0611511E-10
  3.9117237E+00  8.3763824E-11  8.3763824E-11
  3.9390843E+00  6.6009444E-11  6.6009444E-11
  3.9666363E+00  5.1930305E-11  5.1930305E-11
  3.9943810E+00  4.0784555E-11  4.0784555E-11
  4.0223198E+00  3.1976096E-11  3.1976096E-11
  4.0504540E+00  2.5026769E-11  2.5026769E-11
  4.0787850E+00  1.9553680E-11  1.9553680E-11
  4.1073141E+00  1.5250752E-11  1.5250752E-11
  4.1360428E+00  1.1873744E-11  1.1873744E-11
  4.1649724E+00  9.2281029E-12  9.2281029E-12
  4.1941044E+00  7.1591264E-12  7.1591264E-12
  4.2234401E+00  5.5440230E-12  5.5440230E-12
  4.2529810E+00  4.2855038E-12  4.2855038E-12
  4.2827286E+00  3.3066260E-12  3.3066260E-12
  4.3126842E+00  2.5466485E-12  2.5466485E-12
  4.3428493E+00  1.9577085E-12  1.9577085E-12
  4.3732254E+00  1.5021610E-12  1.5021610E-12
  4.4038140E+00  1.1504524E-12  1.1504524E-12
  4.4346165E+00  8.7942506E-13  8.7942506E-13
  4.4656344E+00  6.7096706E-13  6.7096706E-13
  4.4968694E+00  5.1094005E-13  5.1094005E-13
  4.5283227E+00  3.8832845E-13  3.8832845E-13
  4.5599961E+00  2.9456632E-13  2.9456632E-13
  4.5918910E+00  2.2300555E-13  2.2300555E-13
  4.6240090E+00  1.6849654E-13  1.6849654E-13
  4.6563517E+00  1.2705829E-13  1.2705829E-13
  4.6889206E+00  9.5619334E-14  9.5619334E-14
  4.7217172E+00  7.1814647E-14  7.1814647E-14
  4.7547433E+00  5.3826835E-14  5.3826835E-14
  4.7880003E+00  4.0262154E-14  4.0262154E-14
  4.8214900E+00  3.0053934E-14  3.0053934E-14
  4.8552139E+00  2.2387500E-14  2.2387500E-14
  4.8891737E+00  1.6641926E-14  1.6641926E-14
  4.9233710E+00  1.2344939E-14  1.2344939E-14
  4.9578075E+00  9.1380899E-15  9.1380899E-15
  4.9924849E+00  6.7498888E-15  6.7498888E-15
  5.0274048E+00  4.9751496E-15  4.9751496E-15
  5.0625690E+00  3.6591277E-15  3.6591277E-15
  5.0979791E+00  2.6853717E-15  2.6853717E-15
  5.1336369E+00  1.9664376E-15  1.9664376E-15
  5.1695441E+00  1.4368067E-15  1.4368067E-15
  5.2057024E+00  1.0474958E-15  1.0474958E-15
  5.2421136E+00  7.6196566E-16  7.6196566E-16
  5.2787796E+00  5.5302025E-16  5.5302025E-16
  5.3157019E+00  4.0046308E-16  4.0046308E-16
  5.3528826E+00  2.8932969E-16  2.8932969E-16
  5.3903232E+00  2.0855750E-16  2.0855750E-16
  5.4280258E+00  1.4998716E-16  1.4998716E-16
  5.4659921E+00  1.0761454E-16  1.0761454E-16
  5.5042239E+00  7.7031702E-17  7.7031702E-17
  5.5427231E+00  5.5010141E-17  5.5010141E-17
  5.5814916E+00  3.9190765E-17  3.9190765E-17
  5.6205312E+00  2.7853859E-17  2.7853859E-17
  5.6598440E+00  1.9748794E-17  1.9748794E-17
  5.6994317E+00  1.3968257E-17  1.3968257E-17
  5.7392962E+00  9.8555999E-18  9.8555999E-18
  5.7794396E+00  6.9367474E-18  6.9367474E-18
  5.8198638E+00  4.8702738E-18  4.8702738E-18
  5.8605708E+00  3.4108937E-18  3.4108937E-18
  5.9015624E+00  2.3828292E-18  2.3828292E-18
  5.9428408E+00  1.6604281E-18  1.6604281E-18
  5.9844079E+00  1.1540967E-18  1.1540967E-18
  6.0262657E+00  8.0011368E-19  8.0011368E-19
  6.0684163E+00  5.5327484E-19  5.5327484E-19
  6.1108617E+00  3.8159459E-19  3.8159459E-19
  6.1536040E+00  2.6249909E-19  2.6249909E-19
  6.1966452E+00  1.8009842E-19  1.8009842E-19
  6.2399875E+00  1.2323687E-19  1.2323687E-19
  6.2836329E+00  8.4103120E-20  8.4103120E-20
  6.3275837E+00  5.7242198E-20  5.7242198E-20
  6.3718418E+00  3.8854844E-20  3.8854844E-20
  6.4164095E+00  2.6302111E-20  2.6302111E-20
  6.4612889E+00  1.7755971E-20  1.7755971E-20
  6.5064822E+00  1.1953592E-20  1.1953592E-20
  6.5519916E+00  8.0249852E-21  8.0249852E-21
  6.5978193E+00  5.3724642E-21  5.3724642E-21
  6.6439676E+00  3.5865579E-21  3.5865579E-21
  6.6904386E+00  2.3875292E-21  2.3875292E-21
  6.7372347E+00  1.5848110E-21  1.5848110E-21
  6.7843581E+00  1.0489520E-21  1.0489520E-21
  6.8318111E+00  6.9226804E-22  6.9226804E-22
  6.8795960E+00  4.5553752E-22  4.5553752E-22
  6.9277151E+00  2.9888007E-22  2.9888007E-22
  6.9761708E+00  1.9551666E-22  1.9551666E-22
  7.0249654E+00  1.2751921E-22  1.2751921E-22
  7.0741013E+00  8.2920795E-23  8.2920795E-23
  7.1235808E+00  5.3757384E-23  5.3757384E-23
  7.1734065E+00  3.4744850E-23  3.4744850E-23
  7.2235806E+00  2.2387785E-23  2.2387785E-23
  7.2741057E+00  1.4381059E-23  1.4381059E-23
  7.3249842E+00  9.2091638E-24  9.2091638E-24
  7.3762185E+00  5.8788134E-24  5.8788134E-24
  7.4278112E+00  3.7410175E-24  3.7410175E-24
  7.4797648E+00  2.3730711E-24  2.3730711E-24
  7.5320817E+00  1.5005243E-24  1.5005243E-24
  7.5847646E+00  9.4575098E-25  9.4575098E-25
  7.6378159E+00  5.9415836E-25  5.9415836E-25
  7.6912383E+00  3.7205691E-25  3.7205691E-25
  7.7450344E+00  2.3221394E-25  2.3221394E-25
  7.7992067E+00  1.4445378E-25  1.4445378E-25
  7.8537580E+00  8.9561444E-26  8.9561444E-26
  7.9086908E+00  5.5341975E-26  5.5341975E-26
  7.9640078E+00  3.4081549E-26  3.4081549E-26
  8.0197117E+00  2.0917259E-26  2.0917259E-26
  8.0758052E+00  1.2793830E-26  1.2793830E-26
  8.1322911E+00  7.7982338E-27  7.7982338E-27
  8.1891721E+00  4.7367585E-27  4.7367585E-27
  8.2464509E+00  2.8671137E-27  2.8671137E-27
  8.3041303E+00  1.7293249E-27  1.7293249E-27
  8.3622132E+00  1.0393587E-27  1.0393587E-27
  8.4207023E+00  6.2244463E-28  6.2244463E-28
  8.4796006E+00  3.7142526E-28  3.7142526E-28
  8.5389108E+00  2.2083434E-28  2.2083434E-28
  8.5986358E+00  1.3082031E-28  1.3082031E-28
  8.6587785E+00  7.7212217E-29  7.7212217E-29
  8.7193420E+00  4.5403351E-29  4.5403351E-29
  8.7803290E+00  2.6599261E-29  2.6599261E-29
  8.8417426E+00  1.5524572E-29  1.5524572E-29
  8.9035858E+00  9.0266514E-30  9.0266514E-30
  8.9658615E+00  5.2285248E-30  5.2285248E-30
  9.0285727E+00  3.0169322E-30  3.0169322E-30
  9.0917227E+00  1.7341000E-30  1.7341000E-30
  9.1553143E+00  9.9287191E-31  9.9287191E-31
  9.2193507E+00  5.6625358E-31  5.6625358E-31
  9.2838350E+00  3.2167363E-31  3.2167363E-31
  9.3487703E+00  1.8200979E-31  1.8200979E-31
  9.4141598E+00  1.0257388E-31  1.0257388E-31
  9.4800066E+00  5.7574401E-32  5.7574401E-32
  9.5463141E+00  3.2185516E-32  3.2185516E-32
  9.6130853E+00  1.7919159E-32  1.7919159E-32
  9.6803235E+00  9.9354717E-33  9.9354717E-33
  9.7480320E+00  5.4860610E-33  5.4860610E-33
  9.8162141E+00  3.0166263E-33  3.0166263E-33
  9.8848731E+00  1.6518039E-33  1.6518039E-33
  9.9540123E+00  9.0065584E-34  9.0065584E-34
  1.0023635E+01  4.8900113E-34  4.8900113E-34
  1.0093745E+01  2.6436170E-34  2.6436170E-34
  1.0164345E+01  1.4230199E-34  1.4230199E-34
  1.0235439E+01  7.6266718E-35  7.6266718E-35
  1.0307030E+01  4.0696554E-35  4.0696554E-35
  1.0379122E+01  2.1620487E-35  2.1620487E-35
  1.0451718E+01  1.1435239E-35  1.1435239E-35
  1.0524822E+01  6.0212069E-36  6.0212069E-36
  1.0598438E+01  3.1562170E-36  3.1562170E-36
  1.0672568E+01  1.6469544E-36  1.6469544E-36
  1.0747216E+01  8.5548812E-37  8.5548812E-37
  1.0822387E+01  4.4233401E-37  4.4233401E-37
  1.0898084E+01  2.2765475E-37  2.2765475E-37
  1.0974310E+01  1.1662164E-37  1.1662164E-37
  1.1051069E+01  5.9462555E-38  5.9462555E-38
  1.1128365E+01  3.0175592E-38  3.0175592E-38
  1.1206202E+01  1.5240582E-38  1.5240582E-38
  1.1284583E+01  7.6606649E-39  7.6606649E-39
  1.1363512E+01  3.8320932E-39  3.8320932E-39
  1.1442994E+01  1.9076372E-39  1.9076372E-39
  1.1523031E+01  9.4499809E-40  9.4499809E-40
  1.1603628E+01  4.6582923E-40  4.6582923E-40
  1.1684789E+01  2.2849059E-40  2.2849059E-40
  1.1766517E+01  1.1151690E-40  1.1151690E-40
  1.1848818E+01  5.4153779E-41  5.4153779E-41
  1.1931693E+01  2.6164795E-41  2.6164795E-41
  1.2015149E+01  1.2577406E-41  1.2577406E-41
  1.2099188E+01  6.0149861E-42  6.0149861E-42
  1.2183815E+01  2.8617548E-42  2.8617548E-42
  1.2269034E+01  1.3544683E-42  1.3544683E-42
  1.2354849E+01  6.3771723E-43  6.3771723E-43
  1.2441264E+01  2.9867198E-43  2.9867198E-43
  1.2528284E+01  1.3913996E-43  1.3913996E-43
  1.2615912E+01  6.4473944E-44  6.4473944E-44
  1.2704153E+01  2.9714976E-44  2.9714976E-44
  1.2793012E+01  1.3621001E-44  1.3621001E-44
  1.2882492E+01  6.2096725E-45  6.2096725E-45
  1.2972597E+01  2.8153856E-45  2.8153856E-45
  1.3063333E+01  1.2694041E-45  1.2694041E-45
  1.3154704E+01  5.6916477E-46  5.6916477E-46
  1.3246714E+01  2.5376708E-46  2.5376708E-46
  1.3339367E+01  1.1250574E-46  1.1250574E-46
  1.3432668E+01  4.9595137E-47  4.9595137E-47
  1.3526622E+01  2.1737584E-47  2.1737584E-47
  1.3621233E+01  9.4726987E-48  9.4726987E-48
  1.3716506E+01  4.1040035E-48  4.1040035E-48
  1.3812445E+01  1.7676523E-48  1.7676523E-48
  1.3909055E+01  7.5687356E-49  7.5687356E-49
  1.4006341E+01  3.2215826E-49  3.2215826E-49
  1.4104308E+01  1.3630652E-49  1.3630652E-49
  1.4202959E+01  5.7325424E-50  5.7325424E-50
  1.4302301E+01  2.3963095E-50  2.3963095E-50
  1.4402338E+01  9.9560052E-51  9.9560052E-51
  1.4503074E+01  4.1110744E-51  4.1110744E-51
  1.4604514E+01  1.6870770E-51  1.6870770E-51
  1.4706665E+01  6.8802621E-52  6.8802621E-52
  1.4809529E+01  2.7883457E-52  2.7883457E-52
  1.4913114E+01  1.1228991E-52  1.1228991E-52
  1.5017422E+01  4.4933276E-53  4.4933276E-53
  1.5122461E+01  1.7865258E-53  1.7865258E-53
  1.5228234E+01  7.0574024E-54  7.0574024E-54
  1.5334746E+01  2.7698431E-54  2.7698431E-54
  1.5442004E+01  1.0799916E-54  1.0799916E-54
  1.5550012E+01  4.1833148E-55  4.1833148E-55
  1.5658776E+01  1.6096654E-55  1.6096654E-55
  1.5768300E+01  6.1524112E-56  6.1524112E-56
  1.5878590E+01  2.3357663E-56  2.3357663E-56
  1.5989652E+01  8.8077946E-57  8.8077946E-57
  1.6101490E+01  3.2986639E-57  3.2986639E-57
  1.6214111E+01  1.2269341E-57  1.2269341E-57
  1.6327519E+01  4.5320603E-58  4.5320603E-58
  1.6441721E+01  1.6624183E-58  1.6624183E-58
  1.6556721E+01  6.0552740E-59  6.0552740E-59
  1.6672526E+01  2.1900536E-59  2.1900536E-59
  1.6789141E+01  7.8646887E-60  7.8646887E-60
  1.6906571E+01  2.8040931E-60  2.8040931E-60
  1.7024823E+01  9.9257993E-61  9.9257993E-61
  1.7143902E+01  3.4880175E-61  3.4880175E-61
  1.7263814E+01  1.2167734E-61  1.2167734E-61
  1.7384564E+01  4.2134335E-62  4.2134335E-62
  1.7506159E+01  1.4482176E-62  1.4482176E-62
  1.7628605E+01  4.9406211E-63  4.9406211E-63
  1.7751907E+01  1.6728479E-63  1.6728479E-63
  1.7876071E+01  5.6212827E-64  5.6212827E-64
  1.8001104E+01  1.8745423E-64  1.8745423E-64
  1.8127011E+01  6.2031528E-65  6.2031528E-65
  1.8253799E+01  2.0368711E-65  2.0368711E-65
  1.8381474E+01  6.6362795E-66  6.6362795E-66
  1.8510042E+01  2.1452204E-66  2.1452204E-66
  1.8639509E+01  6.8798846E-67  6.8798846E-67
  1.8769881E+01  2.1889109E-67  2.1889109E-67
  1.8901166E+01  6.9085710E-68  6.9085710E-68
  1.9033369E+01  2.1629023E-68  2.1629023E-68
  1.9166496E+01  6.7165967E-69  6.7165967E-69
  1.9300555E+01  2.0687132E-69  2.0687132E-69
  1.9435551E+01  6.3192382E-70  6.3192382E-70
  1.9571491E+01  1.9143316E-70  1.9143316E-70
  1.9708383E+01  5.7508495E-71  5.7508495E-71
  1.9846231E+01  1.7131028E-71  1.7131028E-71
  1.9985044E+01  5.0599409E-72  5.0599409E-72
  2.0124828E+01  1.4818077E-72  1.4818077E-72
  2.0265590E+01  4.3022563E-73  4.3022563E-73
  2.0407336E+01  1.2383178E-73  1.2383178E-73
  2.0550073E+01  3.5332351E-74  3.5332351E-74
  2.0693809E+01  9.9928778E-75  9.9928778E-75
  2.0838550E+01  2.8012961E-75  2.8012961E-75
  2.0984304E+01  7.7830608E-76  7.7830608E-76
  2.1131077E+01  2.1430741E-76  2.1430741E-76
  2.1278876E+01  5.8477857E-77  5.8477857E-77
  2.1427710E+01  1.5811940E-77  1.5811940E-77
  2.1577584E+01  4.2363325E-78  4.2363325E-78
  2.1728507E+01  1.1245470E-78  1.1245470E-78
  2.1880485E+01  2.9574616E-79  2.9574616E-79
  2.2033526E+01  7.7052309E-80  7.7052309E-80
  2.2187638E+01  1.9886028E-80  1.9886028E-80
  2.2342828E+01  5.0836648E-81  5.0836648E-81
  2.2499103E+01  1.2871898E-81  1.2871898E-81
  2.2656471E+01  3.2278641E-82  3.2278641E-82
  2.2814940E+01  8.0161305E-83  8.0161305E-83
  2.2974517E+01  1.9713369E-83  1.9713369E-83
  2.3135211E+01  4.8003501E-84  4.8003501E-84
  2.3297028E+01  1.1573644E-84  1.1573644E-84
  2.3459977E+01  2.7626215E-85  2.7626215E-85
  2.3624066E+01  6.5282300E-86  6.5282300E-86
  2.3789302E+01  1.5270762E-86  1.5270762E-86
  2.3955695E+01  3.5357810E-87  3.5357810E-87
  2.4123251E+01  8.1028411E-88  8.1028411E-88
  2.4291979E+01  1.8377408E-88  1.8377408E-88
  2.4461887E+01  4.1247113E-89  4.1247113E-89
  2.4632984E+01  9.1607782E-90  9.1607782E-90
  2.4805277E+01  2.0131102E-90  2.0131102E-90
  2.4978776E+01  4.3768905E-91  4.3768905E-91
  2.5153488E+01  9.4144095E-92  9.4144095E-92
  2.5329421E+01  2.0031607E-92  2.0031607E-92
  2.5506586E+01  4.2159901E-93  4.2159901E-93
  2.5684990E+01  8.7762683E-94  8.7762683E-94
  2.5864641E+01  1.8068076E-94  1.8068076E-94
  2.6045549E+01  3.6784981E-95  3.6784981E-95
  2.6227723E+01  7.4054310E-96  7.4054310E-96
  2.6411170E+01  1.4740616E-96  1.4740616E-96
  2.6595901E+01  2.9008840E-97  2.9008840E-97
  2.6781924E+01  5.6436264E-98  5.6436264E-98
  2.6969248E+01  1.0853321E-98  1.0853321E-98
  2.7157882E+01  2.0630351E-99  2.0630351E-99
  2.7347835E+01  3.8757242-100  3.8757242-100
  2.7539117E+01  7.1955472-101  7.1955472-101
  2.7731737E+01  1.3200840-101  1.3200840-101
  2.7925704E+01  2.3929182-102  2.3929182-102
  2.8121028E+01  4.2855255-103  4.2855255-103
  2.8317719E+01  7.5821319-104  7.5821319-104
  2.8515784E+01  1.3251051-104  1.3251051-104
  2.8715236E+01  2.2873966-105  2.2873966-105
  2.8916082E+01  3.8996421-106  3.8996421-106
  2.9118333E+01  6.5653797-107  6.5653797-107
  2.9321999E+01  1.0914555-107  1.0914555-107
  2.9527089E+01  1.7915227-108  1.7915227-108
  2.9733613E+01  2.9031342-109  2.9031342-109
  2.9941583E+01  4.6440672-110  4.6440672-110
  3.0151006E+01  7.3328813-111  7.3328813-111
  3.0361895E+01  1.1427545-111  1.1427545-111
  3.0574259E+01  1.7574788-112  1.7574788-112
  3.0788108E+01  2.6671211-113  2.6671211-113
  3.1003452E+01  3.9936241-114  3.9936241-114
  3.1220303E+01  5.8995541-115  5.8995541-115
  3.1438671E+01  8.5971422-116  8.5971422-116
  3.1658566E+01  1.2357394-116  1.2357394-116
  3.1879999E+01  1.7518303-117  1.7518303-117
  3.2102981E+01  2.4490835-118  2.4490835-118
  3.2327522E+01  3.3760993-119  3.3760993-119
  3.2553634E+01  4.5885985-120  4.5885985-120
  3.2781328E+01  6.1482405-121  6.1482405-121
  3.3010614E+01  8.1204451-122  8.1204451-122
  3.3241504E+01  1.0571066-122  1.0571066-122
  3.3474008E+01  1.3561853-123  1.3561853-123
  3.3708139E+01  1.7144759-124  1.7144759-124
  3.3943908E+01  2.1355323-125  2.1355323-125
  3.4181326E+01  2.6205543-126  2.6205543-126
  3.4420404E+01  3.1676832-127  3.1676832-127
  3.4661154E+01  3.7713835-128  3.7713835-128
  3.4903589E+01  4.4219954-129  4.4219954-129
  3.5147719E+01  5.1055470-130  5.1055470-130
  3.5393556E+01  5.8038992-131  5.8038992-131
  3.5641113E+01  6.4952774-132  6.4952774-132
  3.5890402E+01  7.1552022-133  7.1552022-133
  3.6141434E+01  7.7577899-134  7.7577899-134
  3.6394222E+01  8.2773436-135  8.2773436-135
  3.6648778E+01  8.6901084-136  8.6901084-136
  3.6905115E+01  8.9760330-137  8.9760330-137
  3.7163244E+01  9.1203585-138  9.1203585-138
  3.7423179E+01  9.1148638-139  9.1148638-139
  3.7684932E+01  8.9586221-140  8.9586221-140
  3.7948516E+01  8.6581748-141  8.6581748-141
  3.8213944E+01  8.2270903-142  8.2270903-142
  3.8481228E+01  7.6849494-143  7.6849494-143
  3.8750381E+01  7.0558602-144  7.0558602-144
  3.9021417E+01  6.3666629-145  6.3666629-145
  3.9294349E+01  5.6450100-146  5.6450100-146
  3.9569190E+01  4.9175171-147  4.9175171-147
  3.9845953E+01  4.2081577-148  4.2081577-148
  4.0124652E+01  3.5370323-149  3.5370323-149
  4.0405300E+01  2.9195920-150  2.9195920-150
  4.0687911E+01  2.3663331-151  2.3663331-151
  4.0972499E+01  1.8829290-152  1.8829290-152
  4.1259077E+01  1.4707176-153  1.4707176-153
  4.1547660E+01  1.1274419-154  1.1274419-154
  4.1838261E+01  8.4812534-156  8.4812534-156
  4.2130895E+01  0.0000000E+00  0.0000000E+00
  4.2425576E+01  0.0000000E+00  0.0000000E+00
  4.2722318E+01  0.0000000E+00  0.0000000E+00
  4.3021135E+01  0.0000000E+00  0.0000000E+00
  4.3322042E+01  0.0000000E+00  0.0000000E+00
  4.3625054E+01  0.0000000E+00  0.0000000E+00
  4.3930186E+01  0.0000000E+00  0.0000000E+00
  4.4237451E+01  0.0000000E+00  0.0000000E+00
  4.4546866E+01  0.0000000E+00  0.0000000E+00
  4.4858445E+01  0.0000000E+00  0.0000000E+00
  4.5172203E+01  0.0000000E+00  0.0000000E+00
  4.5488156E+01  0.0000000E+00  0.0000000E+00
  4.5806319E+01  0.0000000E+00  0.0000000E+00
  4.6126707E+01  0.0000000E+00  0.0000000E+00
  4.6449336E+01  0.0000000E+00  0.0000000E+00
  4.6774221E+01  0.0000000E+00  0.0000000E+00
  4.7101379E+01  0.0000000E+00  0.0000000E+00
  4.7430826E+01  0.0000000E+00  0.0000000E+00
  4.7762576E+01  0.0000000E+00  0.0000000E+00
  4.8096647E+01  0.0000000E+00  0.0000000E+00
  4.8433054E+01  0.0000000E+00  0.0000000E+00
  4.8771815E+01  0.0000000E+00  0.0000000E+00
  4.9112945E+01  0.0000000E+00  0.0000000E+00
  4.9456461E+01  0.0000000E+00  0.0000000E+00
  4.9802379E+01  0.0000000E+00  0.0000000E+00
  5.0150717E+01  0.0000000E+00  0.0000000E+00
  5.0501492E+01  0.0000000E+00  0.0000000E+00
  5.0854720E+01  0.0000000E+00  0.0000000E+00
  5.1210418E+01  0.0000000E+00  0.0000000E+00
  5.1568605E+01  0.0000000E+00  0.0000000E+00
  5.1929297E+01  0.0000000E+00  0.0000000E+00
  5.2292511E+01  0.0000000E+00  0.0000000E+00
  5.2658266E+01  0.0000000E+00  0.0000000E+00
  5.3026580E+01  0.0000000E+00  0.0000000E+00
  5.3397469E+01  0.0000000E+00  0.0000000E+00
  5.3770953E+01  0.0000000E+00  0.0000000E+00
  5.4147048E+01  0.0000000E+00  0.0000000E+00
  5.4525775E+01  0.0000000E+00  0.0000000E+00
  5.4907150E+01  0.0000000E+00  0.0000000E+00
  5.5291193E+01  0.0000000E+00  0.0000000E+00
  5.5677922E+01  0.0000000E+00  0.0000000E+00
  5.6067356E+01  0.0000000E+00  0.0000000E+00
  5.6459514E+01  0.0000000E+00  0.0000000E+00
  5.6854415E+01  0.0000000E+00  0.0000000E+00
  5.7252077E+01  0.0000000E+00  0.0000000E+00
  5.7652522E+01  0.0000000E+00  0.0000000E+00
  5.8055767E+01  0.0000000E+00  0.0000000E+00
  5.8461832E+01  0.0000000E+00  0.0000000E+00
  5.8870738E+01  0.0000000E+00  0.0000000E+00
  5.9282504E+01  0.0000000E+00  0.0000000E+00
  5.9697150E+01  0.0000000E+00  0.0000000E+00
  6.0114696E+01  0.0000000E+00  0.0000000E+00
  6.0535162E+01  0.0000000E+00  0.0000000E+00
  6.0958569E+01  0.0000000E+00  0.0000000E+00
  6.1384938E+01  0.0000000E+00  0.0000000E+00
  6.1814289E+01  0.0000000E+00  0.0000000E+00
  6.2246644E+01  0.0000000E+00  0.0000000E+00
  6.2682022E+01  0.0000000E+00  0.0000000E+00
  6.3120445E+01  0.0000000E+00  0.0000000E+00
  6.3561935E+01  0.0000000E+00  0.0000000E+00
  6.4006513E+01  0.0000000E+00  0.0000000E+00
  6.4454200E+01  0.0000000E+00  0.0000000E+00
  6.4905019E+01  0.0000000E+00  0.0000000E+00
  6.5358991E+01  0.0000000E+00  0.0000000E+00
  6.5816138E+01  0.0000000E+00  0.0000000E+00
  6.6276483E+01  0.0000000E+00  0.0000000E+00
  6.6740047E+01  0.0000000E+00  0.0000000E+00
  6.7206854E+01  0.0000000E+00  0.0000000E+00
  6.7676926E+01  0.0000000E+00  0.0000000E+00
  6.8150286E+01  0.0000000E+00  0.0000000E+00
  6.8626956E+01  0.0000000E+00  0.0000000E+00
  6.9106961E+01  0.0000000E+00  0.0000000E+00
  6.9590323E+01  0.0000000E+00  0.0000000E+00
  7.0077066E+01  0.0000000E+00  0.0000000E+00
  7.0567213E+01  0.0000000E+00  0.0000000E+00
  7.1060789E+01  0.0000000E+00  0.0000000E+00
  7.1557816E+01  0.0000000E+00  0.0000000E+00
  7.2058321E+01  0.0000000E+00  0.0000000E+00
  7.2562326E+01  0.0000000E+00  0.0000000E+00
  7.3069856E+01  0.0000000E+00  0.0000000E+00
  7.3580936E+01  0.0000000E+00  0.0000000E+00
  7.4095591E+01  0.0000000E+00  0.0000000E+00
  7.4613845E+01  0.0000000E+00  0.0000000E+00
  7.5135724E+01  0.0000000E+00  0.0000000E+00
  7.5661254E+01  0.0000000E+00  0.0000000E+00
  7.6190459E+01  0.0000000E+00  0.0000000E+00
  7.6723366E+01  0.0000000E+00  0.0000000E+00
  7.7260000E+01  0.0000000E+00  0.0000000E+00
  7.7800388E+01  0.0000000E+00  0.0000000E+00
  7.8344555E+01  0.0000000E+00  0.0000000E+00
  7.8892528E+01  0.0000000E+00  0.0000000E+00
  7.9444334E+01  0.0000000E+00  0.0000000E+00
  8.0000000E+01  0.0000000E+00  0.0000000E+00
