   0.0000000E+00  -2.0659981E+07   0.0000000E+00
   4.9746210E-07   2.7059285E+08   3.3387135E-28
   9.9840364E-07   2.4290388E+08   5.4170618E-27
   1.5028490E-06   1.6574202E+08   2.7809970E-26
   2.0108226E-06   1.4618902E+08   8.9132110E-26
   2.5223492E-06   1.2893947E+08   2.2067849E-25
   3.0374536E-06   1.1514389E+08   4.6406388E-25
   3.5561608E-06   1.0484169E+08   8.7189612E-25
   4.0784961E-06   9.6615162E+07   1.5084794E-24
   4.6044849E-06   8.9853783E+07   2.4505488E-24
   5.1341525E-06   8.4184861E+07   3.7880372E-24
   5.6675249E-06   7.9348314E+07   5.6248756E-24
   6.2046280E-06   7.5162623E+07   8.0798285E-24
   6.7454877E-06   7.1495442E+07   1.1287365E-23
   7.2901304E-06   6.8249730E+07   1.5398568E-23
   7.8385826E-06   6.5351775E+07   2.0582082E-23
   8.3908708E-06   6.2744556E+07   2.7025099E-23
   8.9470220E-06   6.0383230E+07   3.4934391E-23
   9.5070631E-06   5.8231991E+07   4.4537380E-23
   1.0071021E-05   5.6261875E+07   5.6083258E-23
   1.0638924E-05   5.4449171E+07   6.9844147E-23
   1.1210799E-05   5.2774265E+07   8.6116317E-23
   1.1786674E-05   5.1220775E+07   1.0522144E-22
   1.2366577E-05   4.9774903E+07   1.2750792E-22
   1.2950536E-05   4.8424932E+07   1.5335223E-22
   1.3538579E-05   4.7160845E+07   1.8316036E-22
   1.4130735E-05   4.5974021E+07   2.1736929E-22
   1.4727033E-05   4.4856995E+07   2.5644854E-22
   1.5327502E-05   4.3803265E+07   3.0090174E-22
   1.5932171E-05   4.2807143E+07   3.5126831E-22
   1.6541069E-05   4.1863626E+07   4.0812522E-22
   1.7154226E-05   4.0968294E+07   4.7208874E-22
   1.7771671E-05   4.0117228E+07   5.4381633E-22
   1.8393435E-05   3.9306938E+07   6.2400859E-22
   1.9019548E-05   3.8534303E+07   7.1341129E-22
   1.9650041E-05   3.7796527E+07   8.1281741E-22
   2.0284943E-05   3.7091093E+07   9.2306937E-22
   2.0924286E-05   3.6415730E+07   1.0450613E-21
   2.1568101E-05   3.5768382E+07   1.1797413E-21
   2.2216419E-05   3.5147186E+07   1.3281141E-21
   2.2869271E-05   3.4550443E+07   1.4912432E-21
   2.3526690E-05   3.3976608E+07   1.6702540E-21
   2.4188707E-05   3.3424265E+07   1.8663359E-21
   2.4855355E-05   3.2892119E+07   2.0807459E-21
   2.5526665E-05   3.2378980E+07   2.3148108E-21
   2.6202671E-05   3.1883755E+07   2.5699307E-21
   2.6883405E-05   3.1405434E+07   2.8475821E-21
   2.7568900E-05   3.0943086E+07   3.1493210E-21
   2.8259190E-05   3.0495851E+07   3.4767864E-21
   2.8954308E-05   3.0062931E+07   3.8317039E-21
   2.9654288E-05   2.9643585E+07   4.2158891E-21
   3.0359164E-05   2.9237125E+07   4.6312519E-21
   3.1068970E-05   2.8842911E+07   5.0797999E-21
   3.1783741E-05   2.8460345E+07   5.5636426E-21
   3.2503511E-05   2.8088872E+07   6.0849958E-21
   3.3228316E-05   2.7727969E+07   6.6461858E-21
   3.3958190E-05   2.7377151E+07   7.2496542E-21
   3.4693169E-05   2.7035960E+07   7.8979622E-21
   3.5433289E-05   2.6703969E+07   8.5937957E-21
   3.6178585E-05   2.6380775E+07   9.3399703E-21
   3.6929095E-05   2.6066001E+07   1.0139437E-20
   3.7684854E-05   2.5759291E+07   1.0995285E-20
   3.8445899E-05   2.5460310E+07   1.1910753E-20
   3.9212267E-05   2.5168742E+07   1.2889229E-20
   3.9983995E-05   2.4884290E+07   1.3934260E-20
   4.0761121E-05   2.4606671E+07   1.5049554E-20
   4.1543682E-05   2.4335619E+07   1.6238994E-20
   4.2331717E-05   2.4070883E+07   1.7506637E-20
   4.3125264E-05   2.3812223E+07   1.8856724E-20
   4.3924362E-05   2.3559413E+07   2.0293689E-20
   4.4729048E-05   2.3312239E+07   2.1822163E-20
   4.5539363E-05   2.3070497E+07   2.3446983E-20
   4.6355345E-05   2.2833994E+07   2.5173201E-20
   4.7177035E-05   2.2602545E+07   2.7006092E-20
   4.8004472E-05   2.2375974E+07   2.8951159E-20
   4.8837697E-05   2.2154116E+07   3.1014148E-20
   4.9676749E-05   2.1936812E+07   3.3201051E-20
   5.0521670E-05   2.1723909E+07   3.5518118E-20
   5.1372500E-05   2.1515264E+07   3.7971870E-20
   5.2229282E-05   2.1310738E+07   4.0569102E-20
   5.3092057E-05   2.1110200E+07   4.3316899E-20
   5.3960866E-05   2.0913523E+07   4.6222645E-20
   5.4835751E-05   2.0720588E+07   4.9294034E-20
   5.5716756E-05   2.0531279E+07   5.2539081E-20
   5.6603924E-05   2.0345486E+07   5.5966134E-20
   5.7497296E-05   2.0163103E+07   5.9583890E-20
   5.8396917E-05   1.9984028E+07   6.3401399E-20
   5.9302830E-05   1.9808166E+07   6.7428089E-20
   6.0215080E-05   1.9635422E+07   7.1673767E-20
   6.1133710E-05   1.9465708E+07   7.6148645E-20
   6.2058766E-05   1.9298938E+07   8.0863344E-20
   6.2990291E-05   1.9135028E+07   8.5828917E-20
   6.3928332E-05   1.8973900E+07   9.1056860E-20
   6.4872935E-05   1.8815479E+07   9.6559130E-20
   6.5824144E-05   1.8659689E+07   1.0234816E-19
   6.6782006E-05   1.8506462E+07   1.0843688E-19
   6.7746568E-05   1.8355728E+07   1.1483872E-19
   6.8717876E-05   1.8207424E+07   1.2156767E-19
   6.9695979E-05   1.8061485E+07   1.2863823E-19
   7.0680922E-05   1.7917851E+07   1.3606549E-19
   7.1672754E-05   1.7776464E+07   1.4386513E-19
   7.2671524E-05   1.7637266E+07   1.5205344E-19
   7.3677280E-05   1.7500205E+07   1.6064732E-19
   7.4690070E-05   1.7365226E+07   1.6966436E-19
   7.5709944E-05   1.7232279E+07   1.7912280E-19
   7.6736951E-05   1.7101316E+07   1.8904158E-19
   7.7771142E-05   1.6972288E+07   1.9944037E-19
   7.8812566E-05   1.6845151E+07   2.1033960E-19
   7.9861275E-05   1.6719859E+07   2.2176046E-19
   8.0917318E-05   1.6596370E+07   2.3372496E-19
   8.1980748E-05   1.6474642E+07   2.4625592E-19
   8.3051616E-05   1.6354636E+07   2.5937704E-19
   8.4129974E-05   1.6236312E+07   2.7311289E-19
   8.5215875E-05   1.6119632E+07   2.8748897E-19
   8.6309370E-05   1.6004562E+07   3.0253175E-19
   8.7410514E-05   1.5891064E+07   3.1826866E-19
   8.8519360E-05   1.5779105E+07   3.3472815E-19
   8.9635962E-05   1.5668652E+07   3.5193973E-19
   9.0760374E-05   1.5559673E+07   3.6993402E-19
   9.1892650E-05   1.5452136E+07   3.8874272E-19
   9.3032845E-05   1.5346011E+07   4.0839873E-19
   9.4181016E-05   1.5241269E+07   4.2893615E-19
   9.5337217E-05   1.5137881E+07   4.5039033E-19
   9.6501506E-05   1.5035820E+07   4.7279789E-19
   9.7673938E-05   1.4935059E+07   4.9619680E-19
   9.8854570E-05   1.4835571E+07   5.2062639E-19
   1.0004346E-04   1.4737331E+07   5.4612743E-19
   1.0124067E-04   1.4640314E+07   5.7274215E-19
   1.0244625E-04   1.4544497E+07   6.0051430E-19
   1.0366026E-04   1.4449857E+07   6.2948922E-19
   1.0488276E-04   1.4356370E+07   6.5971385E-19
   1.0611381E-04   1.4264014E+07   6.9123682E-19
   1.0735348E-04   1.4172768E+07   7.2410850E-19
   1.0860181E-04   1.4082612E+07   7.5838105E-19
   1.0985888E-04   1.3993524E+07   7.9410846E-19
   1.1112474E-04   1.3905485E+07   8.3134668E-19
   1.1239945E-04   1.3818476E+07   8.7015360E-19
   1.1368308E-04   1.3732477E+07   9.1058916E-19
   1.1497569E-04   1.3647472E+07   9.5271543E-19
   1.1627733E-04   1.3563441E+07   9.9659664E-19
   1.1758808E-04   1.3480367E+07   1.0422993E-18
   1.1890800E-04   1.3398234E+07   1.0898922E-18
   1.2023716E-04   1.3317026E+07   1.1394465E-18
   1.2157560E-04   1.3236724E+07   1.1910361E-18
   1.2292341E-04   1.3157316E+07   1.2447371E-18
   1.2428065E-04   1.3078784E+07   1.3006285E-18
   1.2564738E-04   1.3001114E+07   1.3587919E-18
   1.2702367E-04   1.2924291E+07   1.4193118E-18
   1.2840959E-04   1.2848302E+07   1.4822757E-18
   1.2980520E-04   1.2773131E+07   1.5477738E-18
   1.3121057E-04   1.2698767E+07   1.6158999E-18
   1.3262577E-04   1.2625195E+07   1.6867505E-18
   1.3405087E-04   1.2552402E+07   1.7604257E-18
   1.3548594E-04   1.2480377E+07   1.8370291E-18
   1.3693104E-04   1.2409106E+07   1.9166676E-18
   1.3838625E-04   1.2338577E+07   1.9994519E-18
   1.3985164E-04   1.2268780E+07   2.0854965E-18
   1.4132728E-04   1.2199701E+07   2.1749196E-18
   1.4281324E-04   1.2131331E+07   2.2678436E-18
   1.4430960E-04   1.2063658E+07   2.3643951E-18
   1.4581642E-04   1.1996671E+07   2.4647047E-18
   1.4733378E-04   1.1930359E+07   2.5689076E-18
   1.4886175E-04   1.1864713E+07   2.6771437E-18
   1.5040041E-04   1.1799723E+07   2.7895573E-18
   1.5194983E-04   1.1735378E+07   2.9062977E-18
   1.5351009E-04   1.1671669E+07   3.0275193E-18
   1.5508127E-04   1.1608587E+07   3.1533816E-18
   1.5666343E-04   1.1546122E+07   3.2840494E-18
   1.5825666E-04   1.1484265E+07   3.4196930E-18
   1.5986103E-04   1.1423008E+07   3.5604885E-18
   1.6147662E-04   1.1362341E+07   3.7066177E-18
   1.6310352E-04   1.1302257E+07   3.8582686E-18
   1.6474179E-04   1.1242747E+07   4.0156354E-18
   1.6639152E-04   1.1183802E+07   4.1789188E-18
   1.6805279E-04   1.1125416E+07   4.3483259E-18
   1.6972568E-04   1.1067580E+07   4.5240709E-18
   1.7141027E-04   1.1010286E+07   4.7063751E-18
   1.7310664E-04   1.0953528E+07   4.8954670E-18
   1.7481488E-04   1.0897297E+07   5.0915826E-18
   1.7653507E-04   1.0841586E+07   5.2949657E-18
   1.7826729E-04   1.0786390E+07   5.5058681E-18
   1.8001162E-04   1.0731699E+07   5.7245501E-18
   1.8176816E-04   1.0677509E+07   5.9512801E-18
   1.8353698E-04   1.0623811E+07   6.1863356E-18
   1.8531817E-04   1.0570601E+07   6.4300032E-18
   1.8711182E-04   1.0517870E+07   6.6825786E-18
   1.8891802E-04   1.0465614E+07   6.9443674E-18
   1.9073685E-04   1.0413825E+07   7.2156851E-18
   1.9256840E-04   1.0362498E+07   7.4968574E-18
   1.9441276E-04   1.0311627E+07   7.7882205E-18
   1.9627002E-04   1.0261206E+07   8.0901218E-18
   1.9814027E-04   1.0211230E+07   8.4029198E-18
   2.0002361E-04   1.0161692E+07   8.7269845E-18
   2.0192011E-04   1.0112588E+07   9.0626981E-18
   2.0382989E-04   1.0063912E+07   9.4104551E-18
   2.0575301E-04   1.0015658E+07   9.7706625E-18
   2.0768959E-04   9.9678220E+06   1.0143741E-17
   2.0963972E-04   9.9203982E+06   1.0530124E-17
   2.1160349E-04   9.8733818E+06   1.0930259E-17
   2.1358099E-04   9.8267678E+06   1.1344609E-17
   2.1557232E-04   9.7805515E+06   1.1773651E-17
   2.1757758E-04   9.7347280E+06   1.2217877E-17
   2.1959686E-04   9.6892928E+06   1.2677795E-17
   2.2163027E-04   9.6442412E+06   1.3153930E-17
   2.2367791E-04   9.5995687E+06   1.3646823E-17
   2.2573986E-04   9.5552710E+06   1.4157031E-17
   2.2781624E-04   9.5113437E+06   1.4685133E-17
   2.2990714E-04   9.4677825E+06   1.5231722E-17
   2.3201266E-04   9.4245833E+06   1.5797411E-17
   2.3413291E-04   9.3817418E+06   1.6382834E-17
   2.3626799E-04   9.3392541E+06   1.6988645E-17
   2.3841800E-04   9.2971162E+06   1.7615517E-17
   2.4058306E-04   9.2553241E+06   1.8264145E-17
   2.4276325E-04   9.2138741E+06   1.8935247E-17
   2.4495870E-04   9.1727623E+06   1.9629564E-17
   2.4716950E-04   9.1319849E+06   2.0347858E-17
   2.4939576E-04   9.0915384E+06   2.1090917E-17
   2.5163760E-04   9.0514191E+06   2.1859554E-17
   2.5389511E-04   9.0116235E+06   2.2654608E-17
   2.5616842E-04   8.9721482E+06   2.3476942E-17
   2.5845762E-04   8.9329895E+06   2.4327449E-17
   2.6076284E-04   8.8941443E+06   2.5207048E-17
   2.6308418E-04   8.8556092E+06   2.6116689E-17
   2.6542176E-04   8.8173808E+06   2.7057351E-17
   2.6777568E-04   8.7794561E+06   2.8030042E-17
   2.7014607E-04   8.7418318E+06   2.9035803E-17
   2.7253305E-04   8.7045048E+06   3.0075709E-17
   2.7493671E-04   8.6674720E+06   3.1150867E-17
   2.7735719E-04   8.6307305E+06   3.2262418E-17
   2.7979460E-04   8.5942772E+06   3.3411541E-17
   2.8224905E-04   8.5581093E+06   3.4599449E-17
   2.8472068E-04   8.5222238E+06   3.5827396E-17
   2.8720959E-04   8.4866180E+06   3.7096672E-17
   2.8971591E-04   8.4512890E+06   3.8408609E-17
   2.9223976E-04   8.4162341E+06   3.9764581E-17
   2.9478126E-04   8.3814505E+06   4.1166003E-17
   2.9734054E-04   8.3469356E+06   4.2614335E-17
   2.9991772E-04   8.3126868E+06   4.4111083E-17
   3.0251293E-04   8.2787015E+06   4.5657798E-17
   3.0512628E-04   8.2449772E+06   4.7256080E-17
   3.0775792E-04   8.2115112E+06   4.8907579E-17
   3.1040796E-04   8.1783012E+06   5.0613996E-17
   3.1307654E-04   8.1453447E+06   5.2377085E-17
   3.1576379E-04   8.1126393E+06   5.4198653E-17
   3.1846982E-04   8.0801827E+06   5.6080563E-17
   3.2119479E-04   8.0479725E+06   5.8024738E-17
   3.2393882E-04   8.0160063E+06   6.0033157E-17
   3.2670204E-04   7.9842820E+06   6.2107861E-17
   3.2948458E-04   7.9527973E+06   6.4250957E-17
   3.3228659E-04   7.9215500E+06   6.6464611E-17
   3.3510820E-04   7.8905379E+06   6.8751062E-17
   3.3794954E-04   7.8597589E+06   7.1112613E-17
   3.4081075E-04   7.8292108E+06   7.3551641E-17
   3.4369198E-04   7.7988916E+06   7.6070594E-17
   3.4659336E-04   7.7687993E+06   7.8671996E-17
   3.4951503E-04   7.7389318E+06   8.1358449E-17
   3.5245714E-04   7.7092870E+06   8.4132633E-17
   3.5541983E-04   7.6798632E+06   8.6997312E-17
   3.5840324E-04   7.6506582E+06   8.9955334E-17
   3.6140751E-04   7.6216701E+06   9.3009634E-17
   3.6443280E-04   7.5928972E+06   9.6163237E-17
   3.6747925E-04   7.5643375E+06   9.9419261E-17
   3.7054701E-04   7.5359891E+06   1.0278092E-16
   3.7363623E-04   7.5078503E+06   1.0625152E-16
   3.7674705E-04   7.4799193E+06   1.0983447E-16
   3.7987963E-04   7.4521943E+06   1.1353330E-16
   3.8303412E-04   7.4246736E+06   1.1735162E-16
   3.8621067E-04   7.3973553E+06   1.2129316E-16
   3.8940945E-04   7.3702379E+06   1.2536178E-16
   3.9263059E-04   7.3433197E+06   1.2956144E-16
   3.9587427E-04   7.3165989E+06   1.3389622E-16
   3.9914063E-04   7.2900740E+06   1.3837034E-16
   4.0242984E-04   7.2637434E+06   1.4298812E-16
   4.0574206E-04   7.2376054E+06   1.4775404E-16
   4.0907744E-04   7.2116585E+06   1.5267269E-16
   4.1243615E-04   7.1859011E+06   1.5774883E-16
   4.1581836E-04   7.1603317E+06   1.6298734E-16
   4.1922422E-04   7.1349488E+06   1.6839326E-16
   4.2265390E-04   7.1097509E+06   1.7397176E-16
   4.2610757E-04   7.0847364E+06   1.7972821E-16
   4.2958540E-04   7.0599040E+06   1.8566810E-16
   4.3308755E-04   7.0352522E+06   1.9179711E-16
   4.3661420E-04   7.0107796E+06   1.9812107E-16
   4.4016551E-04   6.9864848E+06   2.0464602E-16
   4.4374167E-04   6.9623663E+06   2.1137815E-16
   4.4734283E-04   6.9384228E+06   2.1832386E-16
   4.5096919E-04   6.9146530E+06   2.2548972E-16
   4.5462091E-04   6.8910554E+06   2.3288252E-16
   4.5829817E-04   6.8676289E+06   2.4050923E-16
   4.6200115E-04   6.8443720E+06   2.4837707E-16
   4.6573003E-04   6.8212836E+06   2.5649343E-16
   4.6948500E-04   6.7983622E+06   2.6486595E-16
   4.7326622E-04   6.7756066E+06   2.7350250E-16
   4.7707390E-04   6.7530156E+06   2.8241118E-16
   4.8090820E-04   6.7305880E+06   2.9160033E-16
   4.8476933E-04   6.7083225E+06   3.0107854E-16
   4.8865746E-04   6.6862180E+06   3.1085467E-16
   4.9257278E-04   6.6642731E+06   3.2093784E-16
   4.9651549E-04   6.6424868E+06   3.3133743E-16
   5.0048578E-04   6.6208579E+06   3.4206312E-16
   5.0448384E-04   6.5993853E+06   3.5312488E-16
   5.0850986E-04   6.5780677E+06   3.6453296E-16
   5.1256404E-04   6.5569041E+06   3.7629794E-16
   5.1664658E-04   6.5358933E+06   3.8843068E-16
   5.2075768E-04   6.5150342E+06   4.0094242E-16
   5.2489752E-04   6.4943259E+06   4.1384469E-16
   5.2906633E-04   6.4737670E+06   4.2714938E-16
   5.3326429E-04   6.4533567E+06   4.4086873E-16
   5.3749161E-04   6.4330938E+06   4.5501536E-16
   5.4174850E-04   6.4129774E+06   4.6960226E-16
   5.4603517E-04   6.3930063E+06   4.8464280E-16
   5.5035182E-04   6.3731795E+06   5.0015075E-16
   5.5469866E-04   6.3534960E+06   5.1614030E-16
   5.5907590E-04   6.3339549E+06   5.3262605E-16
   5.6348376E-04   6.3145551E+06   5.4962305E-16
   5.6792245E-04   6.2952957E+06   5.6714678E-16
   5.7239219E-04   6.2761757E+06   5.8521321E-16
   5.7689319E-04   6.2571940E+06   6.0383874E-16
   5.8142567E-04   6.2383499E+06   6.2304030E-16
   5.8598986E-04   6.2196422E+06   6.4283530E-16
   5.9058596E-04   6.2010702E+06   6.6324168E-16
   5.9521422E-04   6.1826328E+06   6.8427790E-16
   5.9987484E-04   6.1643291E+06   7.0596299E-16
   6.0456807E-04   6.1461584E+06   7.2831651E-16
   6.0929412E-04   6.1281195E+06   7.5135864E-16
   6.1405323E-04   6.1102117E+06   7.7511013E-16
   6.1884562E-04   6.0924341E+06   7.9959235E-16
   6.2367153E-04   6.0747858E+06   8.2482731E-16
   6.2853120E-04   6.0572660E+06   8.5083768E-16
   6.3342486E-04   6.0398738E+06   8.7764679E-16
   6.3835275E-04   6.0226082E+06   9.0527865E-16
   6.4331510E-04   6.0054687E+06   9.3375801E-16
   6.4831216E-04   5.9884541E+06   9.6311033E-16
   6.5334418E-04   5.9715639E+06   9.9336182E-16
   6.5841139E-04   5.9547970E+06   1.0245395E-15
   6.6351404E-04   5.9381528E+06   1.0566711E-15
   6.6865238E-04   5.9216304E+06   1.0897853E-15
   6.7382667E-04   5.9052291E+06   1.1239116E-15
   6.7903714E-04   5.8889480E+06   1.1590802E-15
   6.8428406E-04   5.8727864E+06   1.1953224E-15
   6.8956767E-04   5.8567434E+06   1.2326704E-15
   6.9488824E-04   5.8408184E+06   1.2711571E-15
   7.0024603E-04   5.8250105E+06   1.3108168E-15
   7.0564129E-04   5.8093191E+06   1.3516845E-15
   7.1107429E-04   5.7937433E+06   1.3937963E-15
   7.1654528E-04   5.7782825E+06   1.4371893E-15
   7.2205455E-04   5.7629358E+06   1.4819018E-15
   7.2760235E-04   5.7477026E+06   1.5279733E-15
   7.3318895E-04   5.7325821E+06   1.5754443E-15
   7.3881462E-04   5.7175737E+06   1.6243565E-15
   7.4447965E-04   5.7026765E+06   1.6747529E-15
   7.5018430E-04   5.6878900E+06   1.7266778E-15
   7.5592884E-04   5.6732134E+06   1.7801766E-15
   7.6171357E-04   5.6586460E+06   1.8352964E-15
   7.6753876E-04   5.6441871E+06   1.8920853E-15
   7.7340469E-04   5.6298360E+06   1.9505930E-15
   7.7931165E-04   5.6155921E+06   2.0108706E-15
   7.8525993E-04   5.6014547E+06   2.0729709E-15
   7.9124981E-04   5.5874231E+06   2.1369479E-15
   7.9728159E-04   5.5734967E+06   2.2028575E-15
   8.0335555E-04   5.5596747E+06   2.2707570E-15
   8.0947200E-04   5.5459566E+06   2.3407056E-15
   8.1563123E-04   5.5323417E+06   2.4127641E-15
   8.2183354E-04   5.5188294E+06   2.4869951E-15
   8.2807924E-04   5.5054189E+06   2.5634630E-15
   8.3436861E-04   5.4921097E+06   2.6422343E-15
   8.4070198E-04   5.4789012E+06   2.7233770E-15
   8.4707964E-04   5.4657927E+06   2.8069616E-15
   8.5350192E-04   5.4527836E+06   2.8930604E-15
   8.5996911E-04   5.4398732E+06   2.9817478E-15
   8.6648154E-04   5.4270610E+06   3.0731005E-15
   8.7303951E-04   5.4143464E+06   3.1671973E-15
   8.7964336E-04   5.4017287E+06   3.2641194E-15
   8.8629340E-04   5.3892074E+06   3.3639504E-15
   8.9298995E-04   5.3767817E+06   3.4667762E-15
   8.9973333E-04   5.3644513E+06   3.5726855E-15
   9.0652389E-04   5.3522153E+06   3.6817691E-15
   9.1336194E-04   5.3400734E+06   3.7941211E-15
   9.2024781E-04   5.3280248E+06   3.9098377E-15
   9.2718185E-04   5.3160690E+06   4.0290184E-15
   9.3416439E-04   5.3042054E+06   4.1517654E-15
   9.4119577E-04   5.2924335E+06   4.2781839E-15
   9.4827633E-04   5.2807526E+06   4.4083820E-15
   9.5540641E-04   5.2691622E+06   4.5424713E-15
   9.6258637E-04   5.2576618E+06   4.6805665E-15
   9.6981654E-04   5.2462507E+06   4.8227855E-15
   9.7709728E-04   5.2349284E+06   4.9692498E-15
   9.8442895E-04   5.2236944E+06   5.1200844E-15
   9.9181190E-04   5.2125481E+06   5.2754180E-15
   9.9924649E-04   5.2014889E+06   5.4353829E-15
   1.0067331E-03   5.1905163E+06   5.6001154E-15
   1.0142720E-03   5.1796297E+06   5.7697558E-15
   1.0218637E-03   5.1688286E+06   5.9444482E-15
   1.0295085E-03   5.1581125E+06   6.1243413E-15
   1.0372067E-03   5.1474808E+06   6.3095878E-15
   1.0449588E-03   5.1369330E+06   6.5003450E-15
   1.0527652E-03   5.1264685E+06   6.6967747E-15
   1.0606261E-03   5.1160868E+06   6.8990436E-15
   1.0685420E-03   5.1057874E+06   7.1073229E-15
   1.0765132E-03   5.0955697E+06   7.3217891E-15
   1.0845403E-03   5.0854332E+06   7.5426236E-15
   1.0926234E-03   5.0753775E+06   7.7700133E-15
   1.1007631E-03   5.0654018E+06   8.0041504E-15
   1.1089598E-03   5.0555058E+06   8.2452325E-15
   1.1172137E-03   5.0456890E+06   8.4934634E-15
   1.1255254E-03   5.0359507E+06   8.7490523E-15
   1.1338953E-03   5.0262905E+06   9.0122149E-15
   1.1423236E-03   5.0167078E+06   9.2831729E-15
   1.1508110E-03   5.0072022E+06   9.5621545E-15
   1.1593577E-03   4.9977732E+06   9.8493946E-15
   1.1679641E-03   4.9884201E+06   1.0145135E-14
   1.1766308E-03   4.9791425E+06   1.0449624E-14
   1.1853581E-03   4.9699400E+06   1.0763117E-14
   1.1941464E-03   4.9608119E+06   1.1085879E-14
   1.2029962E-03   4.9517578E+06   1.1418179E-14
   1.2119079E-03   4.9427771E+06   1.1760298E-14
   1.2208819E-03   4.9338694E+06   1.2112520E-14
   1.2299187E-03   4.9250342E+06   1.2475142E-14
   1.2390187E-03   4.9162709E+06   1.2848468E-14
   1.2481824E-03   4.9075790E+06   1.3232810E-14
   1.2574101E-03   4.8989581E+06   1.3628489E-14
   1.2667024E-03   4.8904076E+06   1.4035836E-14
   1.2760597E-03   4.8819271E+06   1.4455192E-14
   1.2854824E-03   4.8735159E+06   1.4886907E-14
   1.2949710E-03   4.8651737E+06   1.5331342E-14
   1.3045261E-03   4.8569000E+06   1.5788867E-14
   1.3141479E-03   4.8486941E+06   1.6259865E-14
   1.3238370E-03   4.8405557E+06   1.6744727E-14
   1.3335939E-03   4.8324842E+06   1.7243857E-14
   1.3434191E-03   4.8244791E+06   1.7757672E-14
   1.3533129E-03   4.8165399E+06   1.8286599E-14
   1.3632760E-03   4.8086661E+06   1.8831078E-14
   1.3733088E-03   4.8008573E+06   1.9391562E-14
   1.3834117E-03   4.7931128E+06   1.9968517E-14
   1.3935853E-03   4.7854323E+06   2.0562422E-14
   1.4038300E-03   4.7778152E+06   2.1173770E-14
   1.4141464E-03   4.7702610E+06   2.1803069E-14
   1.4245350E-03   4.7627692E+06   2.2450840E-14
   1.4349962E-03   4.7553393E+06   2.3117621E-14
   1.4455306E-03   4.7479708E+06   2.3803965E-14
   1.4561387E-03   4.7406633E+06   2.4510440E-14
   1.4668210E-03   4.7334161E+06   2.5237632E-14
   1.4775780E-03   4.7262288E+06   2.5986141E-14
   1.4884102E-03   4.7191008E+06   2.6756587E-14
   1.4993182E-03   4.7120318E+06   2.7549608E-14
   1.5103025E-03   4.7050211E+06   2.8365859E-14
   1.5213636E-03   4.6980683E+06   2.9206015E-14
   1.5325021E-03   4.6911728E+06   3.0070768E-14
   1.5437185E-03   4.6843342E+06   3.0960834E-14
   1.5550133E-03   4.6775519E+06   3.1876946E-14
   1.5663871E-03   4.6708254E+06   3.2819860E-14
   1.5778405E-03   4.6641542E+06   3.3790354E-14
   1.5893740E-03   4.6575379E+06   3.4789227E-14
   1.6009882E-03   4.6509757E+06   3.5817303E-14
   1.6126836E-03   4.6444674E+06   3.6875427E-14
   1.6244608E-03   4.6380123E+06   3.7964471E-14
   1.6363204E-03   4.6316099E+06   3.9085331E-14
   1.6482629E-03   4.6252597E+06   4.0238928E-14
   1.6602890E-03   4.6189612E+06   4.1426211E-14
   1.6723992E-03   4.6127138E+06   4.2648156E-14
   1.6845941E-03   4.6065171E+06   4.3905766E-14
   1.6968743E-03   4.6003704E+06   4.5200074E-14
   1.7092403E-03   4.5942733E+06   4.6532142E-14
   1.7216929E-03   4.5882253E+06   4.7903063E-14
   1.7342326E-03   4.5822257E+06   4.9313963E-14
   1.7468599E-03   4.5762741E+06   5.0765996E-14
   1.7595756E-03   4.5703700E+06   5.2260354E-14
   1.7723803E-03   4.5645127E+06   5.3798261E-14
   1.7852745E-03   4.5587018E+06   5.5380975E-14
   1.7982588E-03   4.5529367E+06   5.7009793E-14
   1.8113340E-03   4.5472168E+06   5.8686048E-14
   1.8245007E-03   4.5415417E+06   6.0411111E-14
   1.8377594E-03   4.5359107E+06   6.2186391E-14
   1.8511109E-03   4.5303233E+06   6.4013342E-14
   1.8645558E-03   4.5247790E+06   6.5893455E-14
   1.8780947E-03   4.5192771E+06   6.7828266E-14
   1.8917283E-03   4.5138172E+06   6.9819355E-14
   1.9054572E-03   4.5083987E+06   7.1868348E-14
   1.9192822E-03   4.5030209E+06   7.3976916E-14
   1.9332039E-03   4.4976834E+06   7.6146780E-14
   1.9472230E-03   4.4923856E+06   7.8379708E-14
   1.9613401E-03   4.4871269E+06   8.0677521E-14
   1.9755559E-03   4.4819066E+06   8.3042091E-14
   1.9898712E-03   4.4767244E+06   8.5475345E-14
   2.0042866E-03   4.4715794E+06   8.7979264E-14
   2.0188029E-03   4.4664713E+06   9.0555886E-14
   2.0334206E-03   4.4613993E+06   9.3207308E-14
   2.0481406E-03   4.4563629E+06   9.5935688E-14
   2.0629636E-03   4.4513615E+06   9.8743244E-14
   2.0778902E-03   4.4463945E+06   1.0163226E-13
   2.0929213E-03   4.4414613E+06   1.0460508E-13
   2.1080575E-03   4.4365613E+06   1.0766412E-13
   2.1232995E-03   4.4316939E+06   1.1081187E-13
   2.1386482E-03   4.4268584E+06   1.1405089E-13
   2.1541042E-03   4.4220543E+06   1.1738379E-13
   2.1696683E-03   4.4172810E+06   1.2081330E-13
   2.1853413E-03   4.4125378E+06   1.2434218E-13
   2.2011239E-03   4.4078241E+06   1.2797330E-13
   2.2170169E-03   4.4031392E+06   1.3170961E-13
   2.2330211E-03   4.3984826E+06   1.3555413E-13
   2.2491372E-03   4.3938536E+06   1.3950998E-13
   2.2653660E-03   4.3892515E+06   1.4358036E-13
   2.2817083E-03   4.3846758E+06   1.4776857E-13
   2.2981650E-03   4.3801257E+06   1.5207800E-13
   2.3147367E-03   4.3756007E+06   1.5651214E-13
   2.3314243E-03   4.3711000E+06   1.6107457E-13
   2.3482287E-03   4.3666231E+06   1.6576899E-13
   2.3651506E-03   4.3621692E+06   1.7059918E-13
   2.3821909E-03   4.3577377E+06   1.7556907E-13
   2.3993503E-03   4.3533278E+06   1.8068266E-13
   2.4166298E-03   4.3489391E+06   1.8594408E-13
   2.4340301E-03   4.3445707E+06   1.9135759E-13
   2.4515522E-03   4.3402219E+06   1.9692755E-13
   2.4691967E-03   4.3358922E+06   2.0265847E-13
   2.4869647E-03   4.3315807E+06   2.0855497E-13
   2.5048570E-03   4.3272869E+06   2.1462180E-13
   2.5228745E-03   4.3230099E+06   2.2086386E-13
   2.5410179E-03   4.3187492E+06   2.2728618E-13
   2.5592882E-03   4.3145040E+06   2.3389395E-13
   2.5776864E-03   4.3102735E+06   2.4069249E-13
   2.5962132E-03   4.3060571E+06   2.4768727E-13
   2.6148696E-03   4.3018541E+06   2.5488394E-13
   2.6336565E-03   4.2976637E+06   2.6228828E-13
   2.6525748E-03   4.2934851E+06   2.6990627E-13
   2.6716254E-03   4.2893178E+06   2.7774403E-13
   2.6908093E-03   4.2851608E+06   2.8580787E-13
   2.7101273E-03   4.2810135E+06   2.9410428E-13
   2.7295805E-03   4.2768752E+06   3.0263994E-13
   2.7491697E-03   4.2727450E+06   3.1142170E-13
   2.7688960E-03   4.2686223E+06   3.2045664E-13
   2.7887602E-03   4.2645062E+06   3.2975201E-13
   2.8087634E-03   4.2603960E+06   3.3931528E-13
   2.8289064E-03   4.2562909E+06   3.4915413E-13
   2.8491904E-03   4.2521902E+06   3.5927648E-13
   2.8696162E-03   4.2480931E+06   3.6969045E-13
   2.8901849E-03   4.2439987E+06   3.8040440E-13
   2.9108975E-03   4.2399064E+06   3.9142694E-13
   2.9317549E-03   4.2358152E+06   4.0276690E-13
   2.9527582E-03   4.2317245E+06   4.1443339E-13
   2.9739084E-03   4.2276334E+06   4.2643577E-13
   2.9952066E-03   4.2235411E+06   4.3878365E-13
   3.0166537E-03   4.2194468E+06   4.5148696E-13
   3.0382509E-03   4.2153496E+06   4.6455586E-13
   3.0599991E-03   4.2112488E+06   4.7800083E-13
   3.0818994E-03   4.2071436E+06   4.9183265E-13
   3.1039528E-03   4.2030330E+06   5.0606240E-13
   3.1261606E-03   4.1989164E+06   5.2070147E-13
   3.1485237E-03   4.1947927E+06   5.3576160E-13
   3.1710431E-03   4.1906613E+06   5.5125483E-13
   3.1937201E-03   4.1865212E+06   5.6719357E-13
   3.2165557E-03   4.1823716E+06   5.8359057E-13
   3.2395511E-03   4.1782116E+06   6.0045896E-13
   3.2627072E-03   4.1740404E+06   6.1781223E-13
   3.2860254E-03   4.1698571E+06   6.3566426E-13
   3.3095066E-03   4.1656609E+06   6.5402932E-13
   3.3331521E-03   4.1614509E+06   6.7292211E-13
   3.3569629E-03   4.1572261E+06   6.9235771E-13
   3.3809403E-03   4.1529858E+06   7.1235167E-13
   3.4050854E-03   4.1487290E+06   7.3291995E-13
   3.4293994E-03   4.1444549E+06   7.5407900E-13
   3.4538834E-03   4.1401625E+06   7.7584571E-13
   3.4785387E-03   4.1358509E+06   7.9823747E-13
   3.5033664E-03   4.1315194E+06   8.2127214E-13
   3.5283678E-03   4.1271668E+06   8.4496813E-13
   3.5535441E-03   4.1227924E+06   8.6934434E-13
   3.5788965E-03   4.1183953E+06   8.9442023E-13
   3.6044261E-03   4.1139744E+06   9.2021580E-13
   3.6301344E-03   4.1095290E+06   9.4675163E-13
   3.6560225E-03   4.1050580E+06   9.7404888E-13
   3.6820916E-03   4.1005606E+06   1.0021293E-12
   3.7083431E-03   4.0960358E+06   1.0310153E-12
   3.7347781E-03   4.0914826E+06   1.0607300E-12
   3.7613981E-03   4.0869003E+06   1.0912969E-12
   3.7882043E-03   4.0822877E+06   1.1227404E-12
   3.8151980E-03   4.0776440E+06   1.1550856E-12
   3.8423804E-03   4.0729682E+06   1.1883583E-12
   3.8697530E-03   4.0682594E+06   1.2225850E-12
   3.8973171E-03   4.0635166E+06   1.2577929E-12
   3.9250739E-03   4.0587389E+06   1.2940100E-12
   3.9530249E-03   4.0539253E+06   1.3312652E-12
   3.9811714E-03   4.0490749E+06   1.3695881E-12
   4.0095147E-03   4.0441867E+06   1.4090092E-12
   4.0380563E-03   4.0392597E+06   1.4495599E-12
   4.0667976E-03   4.0342930E+06   1.4912725E-12
   4.0957398E-03   4.0292856E+06   1.5341801E-12
   4.1248845E-03   4.0242365E+06   1.5783168E-12
   4.1542330E-03   4.0191448E+06   1.6237178E-12
   4.1837869E-03   4.0140095E+06   1.6704191E-12
   4.2135474E-03   4.0088296E+06   1.7184579E-12
   4.2435161E-03   4.0036042E+06   1.7678722E-12
   4.2736944E-03   3.9983323E+06   1.8187015E-12
   4.3040837E-03   3.9930129E+06   1.8709861E-12
   4.3346857E-03   3.9876450E+06   1.9247675E-12
   4.3655016E-03   3.9822276E+06   1.9800884E-12
   4.3965331E-03   3.9767598E+06   2.0369928E-12
   4.4277817E-03   3.9712407E+06   2.0955258E-12
   4.4592488E-03   3.9656691E+06   2.1557340E-12
   4.4909360E-03   3.9600442E+06   2.2176650E-12
   4.5228449E-03   3.9543650E+06   2.2813682E-12
   4.5549769E-03   3.9486304E+06   2.3468939E-12
   4.5873337E-03   3.9428396E+06   2.4142943E-12
   4.6199168E-03   3.9369915E+06   2.4836227E-12
   4.6527278E-03   3.9310852E+06   2.5549343E-12
   4.6857683E-03   3.9251197E+06   2.6282854E-12
   4.7190399E-03   3.9190940E+06   2.7037344E-12
   4.7525441E-03   3.9130072E+06   2.7813409E-12
   4.7862828E-03   3.9068583E+06   2.8611666E-12
   4.8202574E-03   3.9006463E+06   2.9432748E-12
   4.8544697E-03   3.8943703E+06   3.0277304E-12
   4.8889212E-03   3.8880292E+06   3.1146005E-12
   4.9236137E-03   3.8816223E+06   3.2039538E-12
   4.9585489E-03   3.8751484E+06   3.2958612E-12
   4.9937284E-03   3.8686067E+06   3.3903954E-12
   5.0291540E-03   3.8619962E+06   3.4876313E-12
   5.0648273E-03   3.8553160E+06   3.5876460E-12
   5.1007502E-03   3.8485651E+06   3.6905186E-12
   5.1369244E-03   3.8417426E+06   3.7963306E-12
   5.1733515E-03   3.8348475E+06   3.9051657E-12
   5.2100334E-03   3.8278790E+06   4.0171100E-12
   5.2469719E-03   3.8208362E+06   4.1322523E-12
   5.2841688E-03   3.8137180E+06   4.2506836E-12
   5.3216258E-03   3.8065236E+06   4.3724975E-12
   5.3593449E-03   3.7992522E+06   4.4977906E-12
   5.3973277E-03   3.7919027E+06   4.6266618E-12
   5.4355762E-03   3.7844744E+06   4.7592131E-12
   5.4740922E-03   3.7769664E+06   4.8955494E-12
   5.5128777E-03   3.7693777E+06   5.0357784E-12
   5.5519344E-03   3.7617075E+06   5.1800111E-12
   5.5912643E-03   3.7539549E+06   5.3283614E-12
   5.6308693E-03   3.7461192E+06   5.4809466E-12
   5.6707513E-03   3.7381994E+06   5.6378873E-12
   5.7109122E-03   3.7301948E+06   5.7993076E-12
   5.7513540E-03   3.7221044E+06   5.9653350E-12
   5.7920788E-03   3.7139276E+06   6.1361007E-12
   5.8330883E-03   3.7056635E+06   6.3117396E-12
   5.8743847E-03   3.6973112E+06   6.4923904E-12
   5.9159699E-03   3.6888701E+06   6.6781958E-12
   5.9578460E-03   3.6803394E+06   6.8693026E-12
   6.0000150E-03   3.6717183E+06   7.0658617E-12
   6.0424790E-03   3.6630060E+06   7.2680283E-12
   6.0852399E-03   3.6542018E+06   7.4759619E-12
   6.1283000E-03   3.6453050E+06   7.6898268E-12
   6.1716612E-03   3.6363149E+06   7.9097918E-12
   6.2153257E-03   3.6272309E+06   8.1360304E-12
   6.2592956E-03   3.6180521E+06   8.3687212E-12
   6.3035731E-03   3.6087780E+06   8.6080478E-12
   6.3481602E-03   3.5994078E+06   8.8541990E-12
   6.3930592E-03   3.5899411E+06   9.1073691E-12
   6.4382723E-03   3.5803771E+06   9.3677578E-12
   6.4838016E-03   3.5707152E+06   9.6355704E-12
   6.5296493E-03   3.5609548E+06   9.9110181E-12
   6.5758177E-03   3.5510954E+06   1.0194318E-11
   6.6223091E-03   3.5411365E+06   1.0485694E-11
   6.6691256E-03   3.5310774E+06   1.0785376E-11
   6.7162696E-03   3.5209176E+06   1.1093599E-11
   6.7637433E-03   3.5106567E+06   1.1410607E-11
   6.8115490E-03   3.5002942E+06   1.1736649E-11
   6.8596892E-03   3.4898296E+06   1.2071983E-11
   6.9081660E-03   3.4792624E+06   1.2416873E-11
   6.9569819E-03   3.4685922E+06   1.2771591E-11
   7.0061393E-03   3.4578187E+06   1.3136416E-11
   7.0556405E-03   3.4469414E+06   1.3511635E-11
   7.1054879E-03   3.4359600E+06   1.3897544E-11
   7.1556839E-03   3.4248740E+06   1.4294448E-11
   7.2062311E-03   3.4136833E+06   1.4702658E-11
   7.2571318E-03   3.4023876E+06   1.5122497E-11
   7.3083885E-03   3.3909864E+06   1.5554294E-11
   7.3600037E-03   3.3794796E+06   1.5998391E-11
   7.4119800E-03   3.3678670E+06   1.6455136E-11
   7.4643198E-03   3.3561483E+06   1.6924889E-11
   7.5170256E-03   3.3443234E+06   1.7408019E-11
   7.5701002E-03   3.3323921E+06   1.7904909E-11
   7.6235459E-03   3.3203543E+06   1.8415947E-11
   7.6773655E-03   3.3082098E+06   1.8941537E-11
   7.7315615E-03   3.2959587E+06   1.9482092E-11
   7.7861365E-03   3.2836008E+06   2.0038038E-11
   7.8410933E-03   3.2711362E+06   2.0609812E-11
   7.8964345E-03   3.2585647E+06   2.1197863E-11
   7.9521628E-03   3.2458865E+06   2.1802655E-11
   8.0082808E-03   3.2331017E+06   2.2424663E-11
   8.0647914E-03   3.2202102E+06   2.3064376E-11
   8.1216972E-03   3.2072123E+06   2.3722298E-11
   8.1790010E-03   3.1941080E+06   2.4398946E-11
   8.2367056E-03   3.1808976E+06   2.5094852E-11
   8.2948139E-03   3.1675812E+06   2.5810564E-11
   8.3533286E-03   3.1541591E+06   2.6546643E-11
   8.4122525E-03   3.1406316E+06   2.7303669E-11
   8.4715886E-03   3.1269989E+06   2.8082237E-11
   8.5313397E-03   3.1132614E+06   2.8882959E-11
   8.5915087E-03   3.0994194E+06   2.9706464E-11
   8.6520986E-03   3.0854734E+06   3.0553400E-11
   8.7131123E-03   3.0714237E+06   3.1424432E-11
   8.7745527E-03   3.0572708E+06   3.2320244E-11
   8.8364229E-03   3.0430153E+06   3.3241542E-11
   8.8987258E-03   3.0286576E+06   3.4189047E-11
   8.9614645E-03   3.0141983E+06   3.5163506E-11
   9.0246420E-03   2.9996381E+06   3.6165682E-11
   9.0882613E-03   2.9849774E+06   3.7196365E-11
   9.1523257E-03   2.9702170E+06   3.8256363E-11
   9.2168382E-03   2.9553577E+06   3.9346509E-11
   9.2818018E-03   2.9404000E+06   4.0467659E-11
   9.3472199E-03   2.9253448E+06   4.1620694E-11
   9.4130955E-03   2.9101930E+06   4.2806519E-11
   9.4794319E-03   2.8949452E+06   4.4026065E-11
   9.5462323E-03   2.8796025E+06   4.5280290E-11
   9.6134999E-03   2.8641658E+06   4.6570179E-11
   9.6812380E-03   2.8486358E+06   4.7896744E-11
   9.7494498E-03   2.8330138E+06   4.9261026E-11
   9.8181388E-03   2.8173007E+06   5.0664098E-11
   9.8873082E-03   2.8014975E+06   5.2107059E-11
   9.9569614E-03   2.7856053E+06   5.3591043E-11
   1.0027102E-02   2.7696254E+06   5.5117214E-11
   1.0097733E-02   2.7535587E+06   5.6686770E-11
   1.0168858E-02   2.7374067E+06   5.8300943E-11
   1.0240480E-02   2.7211705E+06   5.9960999E-11
   1.0312604E-02   2.7048513E+06   6.1668240E-11
   1.0385232E-02   2.6884506E+06   6.3424008E-11
   1.0458368E-02   2.6719697E+06   6.5229677E-11
   1.0532015E-02   2.6554099E+06   6.7086667E-11
   1.0606178E-02   2.6387727E+06   6.8996432E-11
   1.0680859E-02   2.6220597E+06   7.0960472E-11
   1.0756062E-02   2.6052722E+06   7.2980326E-11
   1.0831792E-02   2.5884118E+06   7.5057579E-11
   1.0908051E-02   2.5714802E+06   7.7193860E-11
   1.0984844E-02   2.5544790E+06   7.9390844E-11
   1.1062174E-02   2.5374097E+06   8.1650255E-11
   1.1140045E-02   2.5202741E+06   8.3973863E-11
   1.1218460E-02   2.5030740E+06   8.6363491E-11
   1.1297424E-02   2.4858111E+06   8.8821013E-11
   1.1376940E-02   2.4684872E+06   9.1348355E-11
   1.1457012E-02   2.4511041E+06   9.3947498E-11
   1.1537644E-02   2.4336638E+06   9.6620480E-11
   1.1618841E-02   2.4161681E+06   9.9369396E-11
   1.1700605E-02   2.3986190E+06   1.0219640E-10
   1.1782941E-02   2.3810185E+06   1.0510371E-10
   1.1865853E-02   2.3633686E+06   1.0809361E-10
   1.1949345E-02   2.3456713E+06   1.1116843E-10
   1.2033421E-02   2.3279288E+06   1.1433058E-10
   1.2118085E-02   2.3101431E+06   1.1758256E-10
   1.2203341E-02   2.2923164E+06   1.2092689E-10
   1.2289194E-02   2.2744510E+06   1.2436621E-10
   1.2375647E-02   2.2565489E+06   1.2790320E-10
   1.2462704E-02   2.2386125E+06   1.3154065E-10
   1.2550371E-02   2.2206440E+06   1.3528139E-10
   1.2638651E-02   2.2026458E+06   1.3912836E-10
   1.2727548E-02   2.1846202E+06   1.4308458E-10
   1.2817067E-02   2.1665696E+06   1.4715314E-10
   1.2907212E-02   2.1484963E+06   1.5133723E-10
   1.2997987E-02   2.1304028E+06   1.5564012E-10
   1.3089398E-02   2.1122916E+06   1.6006519E-10
   1.3181448E-02   2.0941651E+06   1.6461590E-10
   1.3274142E-02   2.0760259E+06   1.6929582E-10
   1.3367484E-02   2.0578764E+06   1.7410861E-10
   1.3461479E-02   2.0397193E+06   1.7905804E-10
   1.3556131E-02   2.0215571E+06   1.8414798E-10
   1.3651445E-02   2.0033924E+06   1.8938243E-10
   1.3747426E-02   1.9852278E+06   1.9476548E-10
   1.3844079E-02   1.9670661E+06   2.0030134E-10
   1.3941407E-02   1.9489098E+06   2.0599434E-10
   1.4039417E-02   1.9307617E+06   2.1184896E-10
   1.4138111E-02   1.9126244E+06   2.1786976E-10
   1.4237496E-02   1.8945007E+06   2.2406146E-10
   1.4337576E-02   1.8763933E+06   2.3042892E-10
   1.4438357E-02   1.8583051E+06   2.3697710E-10
   1.4539842E-02   1.8402386E+06   2.4371115E-10
   1.4642036E-02   1.8221968E+06   2.5063632E-10
   1.4744946E-02   1.8041824E+06   2.5775804E-10
   1.4848576E-02   1.7861982E+06   2.6508189E-10
   1.4952930E-02   1.7682471E+06   2.7261359E-10
   1.5058014E-02   1.7503319E+06   2.8035904E-10
   1.5163833E-02   1.7324553E+06   2.8832430E-10
   1.5270393E-02   1.7146203E+06   2.9651560E-10
   1.5377697E-02   1.6968297E+06   3.0493935E-10
   1.5485752E-02   1.6790863E+06   3.1360215E-10
   1.5594563E-02   1.6613929E+06   3.2251077E-10
   1.5704135E-02   1.6437525E+06   3.3167218E-10
   1.5814474E-02   1.6261679E+06   3.4109356E-10
   1.5925584E-02   1.6086419E+06   3.5078226E-10
   1.6037471E-02   1.5911773E+06   3.6074587E-10
   1.6150141E-02   1.5737771E+06   3.7099219E-10
   1.6263599E-02   1.5564440E+06   3.8152923E-10
   1.6377851E-02   1.5391809E+06   3.9236523E-10
   1.6492901E-02   1.5219906E+06   4.0350867E-10
   1.6608757E-02   1.5048758E+06   4.1496827E-10
   1.6725422E-02   1.4878395E+06   4.2675299E-10
   1.6842904E-02   1.4708844E+06   4.3887204E-10
   1.6961207E-02   1.4540132E+06   4.5133491E-10
   1.7080338E-02   1.4372287E+06   4.6415133E-10
   1.7200302E-02   1.4205337E+06   4.7733135E-10
   1.7321106E-02   1.4039308E+06   4.9088526E-10
   1.7442754E-02   1.3874228E+06   5.0482366E-10
   1.7565253E-02   1.3710123E+06   5.1915745E-10
   1.7688609E-02   1.3547020E+06   5.3389784E-10
   1.7812827E-02   1.3384946E+06   5.4905636E-10
   1.7937915E-02   1.3223925E+06   5.6464487E-10
   1.8063877E-02   1.3063985E+06   5.8067554E-10
   1.8190720E-02   1.2905150E+06   5.9716091E-10
   1.8318451E-02   1.2747445E+06   6.1411388E-10
   1.8447075E-02   1.2590896E+06   6.3154770E-10
   1.8576598E-02   1.2435527E+06   6.4947600E-10
   1.8707028E-02   1.2281362E+06   6.6791279E-10
   1.8838370E-02   1.2128424E+06   6.8687249E-10
   1.8970630E-02   1.1976737E+06   7.0636992E-10
   1.9103816E-02   1.1826325E+06   7.2642032E-10
   1.9237933E-02   1.1677209E+06   7.4703938E-10
   1.9372988E-02   1.1529412E+06   7.6824319E-10
   1.9508988E-02   1.1382955E+06   7.9004835E-10
   1.9645939E-02   1.1237860E+06   8.1247189E-10
   1.9783848E-02   1.1094147E+06   8.3553135E-10
   1.9922722E-02   1.0951838E+06   8.5924474E-10
   2.0062566E-02   1.0810950E+06   8.8363061E-10
   2.0203389E-02   1.0671505E+06   9.0870801E-10
   2.0345197E-02   1.0533520E+06   9.3449654E-10
   2.0487997E-02   1.0397014E+06   9.6101636E-10
   2.0631796E-02   1.0262004E+06   9.8828820E-10
   2.0776600E-02   1.0128508E+06   1.0163334E-09
   2.0922418E-02   9.9965420E+05   1.0451738E-09
   2.1069255E-02   9.8661219E+05   1.0748320E-09
   2.1217119E-02   9.7372633E+05   1.1053311E-09
   2.1366017E-02   9.6099807E+05   1.1366951E-09
   2.1515957E-02   9.4842884E+05   1.1689484E-09
   2.1666946E-02   9.3601997E+05   1.2021162E-09
   2.1818990E-02   9.2377275E+05   1.2362244E-09
   2.1972098E-02   9.1168839E+05   1.2712997E-09
   2.2126278E-02   8.9976805E+05   1.3073695E-09
   2.2281535E-02   8.8801280E+05   1.3444620E-09
   2.2437878E-02   8.7642367E+05   1.3826062E-09
   2.2595315E-02   8.6500158E+05   1.4218318E-09
   2.2753853E-02   8.5374742E+05   1.4621695E-09
   2.2913500E-02   8.4266199E+05   1.5036509E-09
   2.3074264E-02   8.3174601E+05   1.5463083E-09
   2.3236152E-02   8.2100014E+05   1.5901751E-09
   2.3399172E-02   8.1042496E+05   1.6352856E-09
   2.3563333E-02   8.0002098E+05   1.6816749E-09
   2.3728641E-02   7.8978863E+05   1.7293794E-09
   2.3895106E-02   7.7972827E+05   1.7784363E-09
   2.4062736E-02   7.6984017E+05   1.8288840E-09
   2.4231537E-02   7.6012454E+05   1.8807618E-09
   2.4401520E-02   7.5058150E+05   1.9341102E-09
   2.4572691E-02   7.4121109E+05   1.9889711E-09
   2.4745060E-02   7.3201330E+05   2.0453872E-09
   2.4918634E-02   7.2298800E+05   2.1034025E-09
   2.5093422E-02   7.1413501E+05   2.1630625E-09
   2.5269433E-02   7.0545407E+05   2.2244138E-09
   2.5446675E-02   6.9694481E+05   2.2875041E-09
   2.5625157E-02   6.8860683E+05   2.3523830E-09
   2.5804887E-02   6.8043961E+05   2.4191010E-09
   2.5985874E-02   6.7244256E+05   2.4877102E-09
   2.6168127E-02   6.6461503E+05   2.5582642E-09
   2.6351654E-02   6.5695627E+05   2.6308183E-09
   2.6536466E-02   6.4946545E+05   2.7054290E-09
   2.6722570E-02   6.4214169E+05   2.7821546E-09
   2.6909975E-02   6.3498399E+05   2.8610550E-09
   2.7098692E-02   6.2799131E+05   2.9421920E-09
   2.7288728E-02   6.2116250E+05   3.0256289E-09
   2.7480094E-02   6.1449636E+05   3.1114308E-09
   2.7672798E-02   6.0799160E+05   3.1996648E-09
   2.7866850E-02   6.0164686E+05   3.2903999E-09
   2.8062259E-02   5.9546069E+05   3.3837068E-09
   2.8259035E-02   5.8943159E+05   3.4796585E-09
   2.8457188E-02   5.8355797E+05   3.5783299E-09
   2.8656726E-02   5.7783817E+05   3.6797982E-09
   2.8857660E-02   5.7227046E+05   3.7841425E-09
   2.9059999E-02   5.6685304E+05   3.8914444E-09
   2.9263754E-02   5.6158405E+05   4.0017878E-09
   2.9468934E-02   5.5646154E+05   4.1152587E-09
   2.9675549E-02   5.5148351E+05   4.2319459E-09
   2.9883609E-02   5.4664788E+05   4.3519404E-09
   3.0093124E-02   5.4195253E+05   4.4753361E-09
   3.0304105E-02   5.3739526E+05   4.6022294E-09
   3.0516561E-02   5.3297380E+05   4.7327193E-09
   3.0730503E-02   5.2868584E+05   4.8669077E-09
   3.0945942E-02   5.2452899E+05   5.0048996E-09
   3.1162888E-02   5.2050083E+05   5.1468027E-09
   3.1381351E-02   5.1659886E+05   5.2927278E-09
   3.1601342E-02   5.1282054E+05   5.4427890E-09
   3.1822872E-02   5.0916327E+05   5.5971035E-09
   3.2045951E-02   5.0562442E+05   5.7557919E-09
   3.2270590E-02   5.0220129E+05   5.9189780E-09
   3.2496801E-02   4.9889114E+05   6.0867894E-09
   3.2724594E-02   4.9569120E+05   6.2593572E-09
   3.2953980E-02   4.9259863E+05   6.4368162E-09
   3.3184971E-02   4.8961058E+05   6.6193051E-09
   3.3417577E-02   4.8672415E+05   6.8069663E-09
   3.3651811E-02   4.8393640E+05   6.9999466E-09
   3.3887682E-02   4.8124437E+05   7.1983966E-09
   3.4125204E-02   4.7864507E+05   7.4024715E-09
   3.4364386E-02   4.7613545E+05   7.6123307E-09
   3.4605242E-02   4.7371249E+05   7.8281380E-09
   3.4847782E-02   4.7137309E+05   8.0500623E-09
   3.5092019E-02   4.6911417E+05   8.2782767E-09
   3.5337964E-02   4.6693261E+05   8.5129597E-09
   3.5585629E-02   4.6482528E+05   8.7542946E-09
   3.5835026E-02   4.6278905E+05   9.0024700E-09
   3.6086168E-02   4.6082076E+05   9.2576797E-09
   3.6339067E-02   4.5891724E+05   9.5201233E-09
   3.6593734E-02   4.5707534E+05   9.7900057E-09
   3.6850182E-02   4.5529188E+05   1.0067538E-08
   3.7108425E-02   4.5356370E+05   1.0352937E-08
   3.7368473E-02   4.5188763E+05   1.0646425E-08
   3.7630341E-02   4.5026050E+05   1.0948233E-08
   3.7894040E-02   4.4867917E+05   1.1258595E-08
   3.8159583E-02   4.4714050E+05   1.1577755E-08
   3.8426984E-02   4.4564135E+05   1.1905961E-08
   3.8696255E-02   4.4417861E+05   1.2243471E-08
   3.8967409E-02   4.4274919E+05   1.2590548E-08
   3.9240460E-02   4.4135001E+05   1.2947463E-08
   3.9515421E-02   4.3997803E+05   1.3314496E-08
   3.9792305E-02   4.3863023E+05   1.3691933E-08
   4.0071125E-02   4.3730361E+05   1.4080069E-08
   4.0351896E-02   4.3599521E+05   1.4479207E-08
   4.0634631E-02   4.3470212E+05   1.4889660E-08
   4.0919343E-02   4.3342143E+05   1.5311749E-08
   4.1206047E-02   4.3215031E+05   1.5745802E-08
   4.1494755E-02   4.3088594E+05   1.6192161E-08
   4.1785484E-02   4.2962558E+05   1.6651173E-08
   4.2078245E-02   4.2836649E+05   1.7123197E-08
   4.2373055E-02   4.2710603E+05   1.7608603E-08
   4.2669926E-02   4.2584158E+05   1.8107770E-08
   4.2968874E-02   4.2457058E+05   1.8621088E-08
   4.3269913E-02   4.2329054E+05   1.9148959E-08
   4.3573057E-02   4.2199902E+05   1.9691795E-08
   4.3878322E-02   4.2069363E+05   2.0250021E-08
   4.4185722E-02   4.1937206E+05   2.0824073E-08
   4.4495272E-02   4.1803206E+05   2.1414401E-08
   4.4806987E-02   4.1667145E+05   2.2021465E-08
   4.5120882E-02   4.1528812E+05   2.2645741E-08
   4.5436973E-02   4.1388003E+05   2.3287717E-08
   4.5755274E-02   4.1244520E+05   2.3947895E-08
   4.6075802E-02   4.1098176E+05   2.4626791E-08
   4.6398572E-02   4.0948787E+05   2.5324936E-08
   4.6723600E-02   4.0796180E+05   2.6042877E-08
   4.7050901E-02   4.0640190E+05   2.6781175E-08
   4.7380491E-02   4.0480659E+05   2.7540408E-08
   4.7712386E-02   4.0317437E+05   2.8321169E-08
   4.8046603E-02   4.0150383E+05   2.9124070E-08
   4.8383157E-02   3.9979365E+05   2.9949738E-08
   4.8722066E-02   3.9804259E+05   3.0798820E-08
   4.9063345E-02   3.9624949E+05   3.1671980E-08
   4.9407011E-02   3.9441328E+05   3.2569901E-08
   4.9753080E-02   3.9253301E+05   3.3493287E-08
   5.0101570E-02   3.9060776E+05   3.4442859E-08
   5.0452498E-02   3.8863675E+05   3.5419360E-08
   5.0805880E-02   3.8661927E+05   3.6423556E-08
   5.1161734E-02   3.8455470E+05   3.7456232E-08
   5.1520077E-02   3.8244252E+05   3.8518196E-08
   5.1880927E-02   3.8028228E+05   3.9610281E-08
   5.2244300E-02   3.7807365E+05   4.0733339E-08
   5.2610215E-02   3.7581637E+05   4.1888252E-08
   5.2978689E-02   3.7351027E+05   4.3075923E-08
   5.3349740E-02   3.7115529E+05   4.4297283E-08
   5.3723387E-02   3.6875143E+05   4.5553287E-08
   5.4099647E-02   3.6629881E+05   4.6844919E-08
   5.4478539E-02   3.6379762E+05   4.8173191E-08
   5.4860081E-02   3.6124813E+05   4.9539143E-08
   5.5244291E-02   3.5865073E+05   5.0943845E-08
   5.5631189E-02   3.5600585E+05   5.2388398E-08
   5.6020793E-02   3.5331405E+05   5.3873932E-08
   5.6413122E-02   3.5057594E+05   5.5401612E-08
   5.6808196E-02   3.4779224E+05   5.6972635E-08
   5.7206032E-02   3.4496371E+05   5.8588232E-08
   5.7606651E-02   3.4209124E+05   6.0249668E-08
   5.8010073E-02   3.3917576E+05   6.1958246E-08
   5.8416315E-02   3.3621829E+05   6.3715305E-08
   5.8825400E-02   3.3321992E+05   6.5522221E-08
   5.9237345E-02   3.3018182E+05   6.7380412E-08
   5.9652172E-02   3.2710521E+05   6.9291334E-08
   6.0069901E-02   3.2399141E+05   7.1256485E-08
   6.0490551E-02   3.2084177E+05   7.3277406E-08
   6.0914143E-02   3.1765772E+05   7.5355682E-08
   6.1340698E-02   3.1444076E+05   7.7492942E-08
   6.1770237E-02   3.1119244E+05   7.9690862E-08
   6.2202780E-02   3.0791434E+05   8.1951167E-08
   6.2638348E-02   3.0460814E+05   8.4275629E-08
   6.3076963E-02   3.0127553E+05   8.6666072E-08
   6.3518646E-02   2.9791827E+05   8.9124371E-08
   6.3963418E-02   2.9453815E+05   9.1652455E-08
   6.4411301E-02   2.9113701E+05   9.4252309E-08
   6.4862317E-02   2.8771672E+05   9.6925971E-08
   6.5316487E-02   2.8427919E+05   9.9675541E-08
   6.5773834E-02   2.8082636E+05   1.0250318E-07
   6.6234379E-02   2.7736020E+05   1.0541110E-07
   6.6698146E-02   2.7388271E+05   1.0840159E-07
   6.7165157E-02   2.7039590E+05   1.1147700E-07
   6.7635434E-02   2.6690180E+05   1.1463973E-07
   6.8109001E-02   2.6340246E+05   1.1789229E-07
   6.8585880E-02   2.5989994E+05   1.2123721E-07
   6.9066094E-02   2.5639631E+05   1.2467714E-07
   6.9549667E-02   2.5289365E+05   1.2821476E-07
   7.0036622E-02   2.4939403E+05   1.3185286E-07
   7.0526984E-02   2.4589952E+05   1.3559430E-07
   7.1020775E-02   2.4241219E+05   1.3944203E-07
   7.1518020E-02   2.3893411E+05   1.4339905E-07
   7.2018743E-02   2.3546731E+05   1.4746849E-07
   7.2522968E-02   2.3201383E+05   1.5165354E-07
   7.3030720E-02   2.2857568E+05   1.5595750E-07
   7.3542023E-02   2.2515486E+05   1.6038374E-07
   7.4056902E-02   2.2175333E+05   1.6493576E-07
   7.4575383E-02   2.1837304E+05   1.6961713E-07
   7.5097490E-02   2.1501589E+05   1.7443153E-07
   7.5623249E-02   2.1168375E+05   1.7938275E-07
   7.6152686E-02   2.0837846E+05   1.8447469E-07
   7.6685825E-02   2.0510182E+05   1.8971136E-07
   7.7222694E-02   2.0185559E+05   1.9509688E-07
   7.7763318E-02   1.9864147E+05   2.0063548E-07
   7.8307722E-02   1.9546112E+05   2.0633153E-07
   7.8855935E-02   1.9231616E+05   2.1218952E-07
   7.9407982E-02   1.8920814E+05   2.1821405E-07
   7.9963891E-02   1.8613856E+05   2.2440988E-07
   8.0523687E-02   1.8310888E+05   2.3078189E-07
   8.1087399E-02   1.8012046E+05   2.3733509E-07
   8.1655054E-02   1.7717464E+05   2.4407465E-07
   8.2226679E-02   1.7427268E+05   2.5100589E-07
   8.2802303E-02   1.7141577E+05   2.5813427E-07
   8.3381952E-02   1.6860503E+05   2.6546541E-07
   8.3965656E-02   1.6584152E+05   2.7300509E-07
   8.4553443E-02   1.6312624E+05   2.8075925E-07
   8.5145341E-02   1.6046009E+05   2.8873403E-07
   8.5741378E-02   1.5784392E+05   2.9693570E-07
   8.6341585E-02   1.5527849E+05   3.0537075E-07
   8.6945990E-02   1.5276451E+05   3.1404582E-07
   8.7554622E-02   1.5030258E+05   3.2296778E-07
   8.8167511E-02   1.4789326E+05   3.3214365E-07
   8.8784687E-02   1.4553701E+05   3.4158070E-07
   8.9406180E-02   1.4323421E+05   3.5128638E-07
   9.0032020E-02   1.4098519E+05   3.6126835E-07
   9.0662237E-02   1.3879016E+05   3.7153450E-07
   9.1296862E-02   1.3664930E+05   3.8209296E-07
   9.1935926E-02   1.3456268E+05   3.9295205E-07
   9.2579459E-02   1.3253030E+05   4.0412038E-07
   9.3227494E-02   1.3055209E+05   4.1560678E-07
   9.3880062E-02   1.2862790E+05   4.2742032E-07
   9.4537194E-02   1.2675752E+05   4.3957037E-07
   9.5198922E-02   1.2494064E+05   4.5206653E-07
   9.5865278E-02   1.2317689E+05   4.6491870E-07
   9.6536295E-02   1.2146584E+05   4.7813705E-07
   9.7212006E-02   1.1980698E+05   4.9173205E-07
   9.7892443E-02   1.1819973E+05   5.0571448E-07
   9.8577639E-02   1.1664343E+05   5.2009540E-07
   9.9267627E-02   1.1513739E+05   5.3488622E-07
   9.9962442E-02   1.1368083E+05   5.5009866E-07
   1.0066212E-01   1.1227291E+05   5.6574479E-07
   1.0136668E-01   1.1091275E+05   5.8183700E-07
   1.0207618E-01   1.0959938E+05   5.9838807E-07
   1.0279064E-01   1.0833182E+05   6.1541114E-07
   1.0351010E-01   1.0710899E+05   6.3291970E-07
   1.0423458E-01   1.0592980E+05   6.5092767E-07
   1.0496414E-01   1.0479309E+05   6.6944934E-07
   1.0569880E-01   1.0369766E+05   6.8849942E-07
   1.0643859E-01   1.0264228E+05   7.0809305E-07
   1.0718357E-01   1.0162567E+05   7.2824580E-07
   1.0793375E-01   1.0064652E+05   7.4897369E-07
   1.0868918E-01   9.9703475E+04   7.7029321E-07
   1.0944989E-01   9.8795171E+04   7.9222130E-07
   1.1021592E-01   9.7920203E+04   8.1477543E-07
   1.1098731E-01   9.7077147E+04   8.3797354E-07
   1.1176410E-01   9.6264557E+04   8.6183409E-07
   1.1254632E-01   9.5480971E+04   8.8637609E-07
   1.1333401E-01   9.4724913E+04   9.1161909E-07
   1.1412721E-01   9.3994894E+04   9.3758320E-07
   1.1492596E-01   9.3289422E+04   9.6428912E-07
   1.1573029E-01   9.2606995E+04   9.9175814E-07
   1.1654026E-01   9.1946113E+04   1.0200122E-06
   1.1735588E-01   9.1305276E+04   1.0490737E-06
   1.1817721E-01   9.0682991E+04   1.0789661E-06
   1.1900429E-01   9.0077771E+04   1.1097130E-06
   1.1983715E-01   8.9488140E+04   1.1413391E-06
   1.2067584E-01   8.8912636E+04   1.1738696E-06
   1.2152039E-01   8.8349815E+04   1.2073306E-06
   1.2237085E-01   8.7798251E+04   1.2417487E-06
   1.2322725E-01   8.7256540E+04   1.2771515E-06
   1.2408965E-01   8.6723306E+04   1.3135674E-06
   1.2495808E-01   8.6197197E+04   1.3510254E-06
   1.2583259E-01   8.5676895E+04   1.3895556E-06
   1.2671321E-01   8.5161111E+04   1.4291887E-06
   1.2759999E-01   8.4648593E+04   1.4699567E-06
   1.2849297E-01   8.4138128E+04   1.5118921E-06
   1.2939220E-01   8.3628538E+04   1.5550285E-06
   1.3029771E-01   8.3118691E+04   1.5994007E-06
   1.3120957E-01   8.2607495E+04   1.6450441E-06
   1.3212779E-01   8.2093905E+04   1.6919953E-06
   1.3305245E-01   8.1576923E+04   1.7402922E-06
   1.3398357E-01   8.1055598E+04   1.7899736E-06
   1.3492120E-01   8.0529029E+04   1.8410792E-06
   1.3586539E-01   7.9996368E+04   1.8936503E-06
   1.3681618E-01   7.9456815E+04   1.9477291E-06
   1.3777362E-01   7.8909629E+04   2.0033591E-06
   1.3873777E-01   7.8354117E+04   2.0605851E-06
   1.3970865E-01   7.7789644E+04   2.1194533E-06
   1.4068632E-01   7.7215631E+04   2.1800110E-06
   1.4167084E-01   7.6631552E+04   2.2423070E-06
   1.4266224E-01   7.6036939E+04   2.3063917E-06
   1.4366057E-01   7.5431380E+04   2.3723166E-06
   1.4466589E-01   7.4814518E+04   2.4401351E-06
   1.4567824E-01   7.4186053E+04   2.5099018E-06
   1.4669766E-01   7.3545741E+04   2.5816732E-06
   1.4772422E-01   7.2893392E+04   2.6555073E-06
   1.4875796E-01   7.2228873E+04   2.7314638E-06
   1.4979893E-01   7.1552102E+04   2.8096041E-06
   1.5084718E-01   7.0863054E+04   2.8899915E-06
   1.5190277E-01   7.0161753E+04   2.9726912E-06
   1.5296573E-01   6.9448276E+04   3.0577701E-06
   1.5403613E-01   6.8722750E+04   3.1452971E-06
   1.5511402E-01   6.7985352E+04   3.2353434E-06
   1.5619945E-01   6.7236304E+04   3.3279820E-06
   1.5729246E-01   6.6475875E+04   3.4232881E-06
   1.5839313E-01   6.5704379E+04   3.5213391E-06
   1.5950149E-01   6.4922173E+04   3.6222148E-06
   1.6061760E-01   6.4129652E+04   3.7259971E-06
   1.6174152E-01   6.3327253E+04   3.8327707E-06
   1.6287331E-01   6.2515449E+04   3.9426223E-06
   1.6401300E-01   6.1694748E+04   4.0556415E-06
   1.6516067E-01   6.0865690E+04   4.1719204E-06
   1.6631637E-01   6.0028847E+04   4.2915538E-06
   1.6748015E-01   5.9184819E+04   4.4146395E-06
   1.6865207E-01   5.8334231E+04   4.5412778E-06
   1.6983219E-01   5.7477733E+04   4.6715723E-06
   1.7102056E-01   5.6615997E+04   4.8056295E-06
   1.7221724E-01   5.5749714E+04   4.9435590E-06
   1.7342229E-01   5.4879590E+04   5.0854737E-06
   1.7463577E-01   5.4006347E+04   5.2314900E-06
   1.7585774E-01   5.3130718E+04   5.3817273E-06
   1.7708826E-01   5.2253446E+04   5.5363091E-06
   1.7832738E-01   5.1375281E+04   5.6953620E-06
   1.7957517E-01   5.0496977E+04   5.8590166E-06
   1.8083169E-01   4.9619292E+04   6.0274076E-06
   1.8209700E-01   4.8742980E+04   6.2006732E-06
   1.8337115E-01   4.7868797E+04   6.3789561E-06
   1.8465422E-01   4.6997490E+04   6.5624030E-06
   1.8594626E-01   4.6129804E+04   6.7511650E-06
   1.8724734E-01   4.5266471E+04   6.9453978E-06
   1.8855752E-01   4.4408212E+04   7.1452615E-06
   1.8987687E-01   4.3555737E+04   7.3509213E-06
   1.9120544E-01   4.2709739E+04   7.5625468E-06
   1.9254330E-01   4.1870896E+04   7.7803132E-06
   1.9389052E-01   4.1039864E+04   8.0044006E-06
   1.9524717E-01   4.0217282E+04   8.2349943E-06
   1.9661330E-01   3.9403766E+04   8.4722856E-06
   1.9798899E-01   3.8599907E+04   8.7164711E-06
   1.9937430E-01   3.7806274E+04   8.9677534E-06
   2.0076930E-01   3.7023409E+04   9.2263411E-06
   2.0217406E-01   3.6251827E+04   9.4924492E-06
   2.0358864E-01   3.5492014E+04   9.7662988E-06
   2.0501312E-01   3.4744430E+04   1.0048118E-05
   2.0644756E-01   3.4009503E+04   1.0338141E-05
   2.0789203E-01   3.3287630E+04   1.0636610E-05
   2.0934661E-01   3.2579181E+04   1.0943774E-05
   2.1081136E-01   3.1884490E+04   1.1259889E-05
   2.1228636E-01   3.1203862E+04   1.1585220E-05
   2.1377167E-01   3.0537569E+04   1.1920037E-05
   2.1526737E-01   2.9885851E+04   1.2264623E-05
   2.1677353E-01   2.9248915E+04   1.2619264E-05
   2.1829023E-01   2.8626937E+04   1.2984259E-05
   2.1981754E-01   2.8020059E+04   1.3359913E-05
   2.2135552E-01   2.7428390E+04   1.3746542E-05
   2.2290427E-01   2.6852011E+04   1.4144470E-05
   2.2446385E-01   2.6290966E+04   1.4554033E-05
   2.2603433E-01   2.5745271E+04   1.4975575E-05
   2.2761581E-01   2.5214911E+04   1.5409451E-05
   2.2920834E-01   2.4699839E+04   1.5856027E-05
   2.3081201E-01   2.4199981E+04   1.6315680E-05
   2.3242690E-01   2.3715233E+04   1.6788797E-05
   2.3405308E-01   2.3245463E+04   1.7275780E-05
   2.3569064E-01   2.2790511E+04   1.7777039E-05
   2.3733965E-01   2.2350193E+04   1.8293000E-05
   2.3900019E-01   2.1924299E+04   1.8824100E-05
   2.4067235E-01   2.1512595E+04   1.9370789E-05
   2.4235621E-01   2.1114824E+04   1.9933531E-05
   2.4405184E-01   2.0730709E+04   2.0512805E-05
   2.4575934E-01   2.0359950E+04   2.1109104E-05
   2.4747877E-01   2.0002231E+04   2.1722935E-05
   2.4921023E-01   1.9657215E+04   2.2354822E-05
   2.5095381E-01   1.9324553E+04   2.3005303E-05
   2.5270957E-01   1.9003876E+04   2.3674934E-05
   2.5447762E-01   1.8694806E+04   2.4364287E-05
   2.5625804E-01   1.8396949E+04   2.5073952E-05
   2.5805090E-01   1.8109904E+04   2.5804537E-05
   2.5985631E-01   1.7833257E+04   2.6556668E-05
   2.6167435E-01   1.7566589E+04   2.7330990E-05
   2.6350510E-01   1.7309473E+04   2.8128169E-05
   2.6534866E-01   1.7061477E+04   2.8948888E-05
   2.6720511E-01   1.6822166E+04   2.9793856E-05
   2.6907454E-01   1.6591103E+04   3.0663799E-05
   2.7095705E-01   1.6367847E+04   3.1559468E-05
   2.7285273E-01   1.6151962E+04   3.2481636E-05
   2.7476167E-01   1.5943009E+04   3.3431099E-05
   2.7668396E-01   1.5740556E+04   3.4408678E-05
   2.7861969E-01   1.5544173E+04   3.5415220E-05
   2.8056897E-01   1.5353433E+04   3.6451596E-05
   2.8253188E-01   1.5167920E+04   3.7518706E-05
   2.8450851E-01   1.4987221E+04   3.8617477E-05
   2.8649898E-01   1.4810934E+04   3.9748863E-05
   2.8850336E-01   1.4638666E+04   4.0913848E-05
   2.9052177E-01   1.4470033E+04   4.2113448E-05
   2.9255429E-01   1.4304664E+04   4.3348708E-05
   2.9460103E-01   1.4142196E+04   4.4620705E-05
   2.9666208E-01   1.3982283E+04   4.5930552E-05
   2.9873755E-01   1.3824591E+04   4.7279394E-05
   3.0082754E-01   1.3668797E+04   4.8668411E-05
   3.0293214E-01   1.3514595E+04   5.0098821E-05
   3.0505146E-01   1.3361693E+04   5.1571878E-05
   3.0718561E-01   1.3209815E+04   5.3088876E-05
   3.0933469E-01   1.3058698E+04   5.4651149E-05
   3.1149880E-01   1.2908099E+04   5.6260071E-05
   3.1367804E-01   1.2757786E+04   5.7917058E-05
   3.1587253E-01   1.2607548E+04   5.9623573E-05
   3.1808236E-01   1.2457185E+04   6.1381122E-05
   3.2030765E-01   1.2306519E+04   6.3191257E-05
   3.2254851E-01   1.2155385E+04   6.5055579E-05
   3.2480504E-01   1.2003633E+04   6.6975739E-05
   3.2707735E-01   1.1851132E+04   6.8953438E-05
   3.2936556E-01   1.1697767E+04   7.0990432E-05
   3.3166977E-01   1.1543435E+04   7.3088529E-05
   3.3399009E-01   1.1388053E+04   7.5249594E-05
   3.3632665E-01   1.1231551E+04   7.7475550E-05
   3.3867955E-01   1.1073873E+04   7.9768381E-05
   3.4104891E-01   1.0914979E+04   8.2130130E-05
   3.4343484E-01   1.0754843E+04   8.4562906E-05
   3.4583745E-01   1.0593451E+04   8.7068882E-05
   3.4825687E-01   1.0430803E+04   8.9650299E-05
   3.5069322E-01   1.0266913E+04   9.2309468E-05
   3.5314660E-01   1.0101805E+04   9.5048772E-05
   3.5561715E-01   9.9355151E+03   9.7870667E-05
   3.5810497E-01   9.7680903E+03   1.0077769E-04
   3.6061020E-01   9.5995880E+03   1.0377245E-04
   3.6313295E-01   9.4300752E+03   1.0685764E-04
   3.6567334E-01   9.2596279E+03   1.1003604E-04
   3.6823150E-01   9.0883307E+03   1.1331051E-04
   3.7080756E-01   8.9162757E+03   1.1668401E-04
   3.7340163E-01   8.7435623E+03   1.2015959E-04
   3.7601384E-01   8.5702962E+03   1.2374037E-04
   3.7864433E-01   8.3965889E+03   1.2742962E-04
   3.8129322E-01   8.2225573E+03   1.3123065E-04
   3.8396063E-01   8.0483225E+03   1.3514692E-04
   3.8664670E-01   7.8740096E+03   1.3918197E-04
   3.8935156E-01   7.6997469E+03   1.4333948E-04
   3.9207534E-01   7.5256654E+03   1.4762321E-04
   3.9481816E-01   7.3518978E+03   1.5203706E-04
   3.9758018E-01   7.1785786E+03   1.5658505E-04
   4.0036151E-01   7.0058429E+03   1.6127131E-04
   4.0316229E-01   6.8338261E+03   1.6610013E-04
   4.0598267E-01   6.6626633E+03   1.7107589E-04
   4.0882277E-01   6.4924888E+03   1.7620314E-04
   4.1168273E-01   6.3234358E+03   1.8148656E-04
   4.1456270E-01   6.1556355E+03   1.8693099E-04
   4.1746282E-01   5.9892168E+03   1.9254139E-04
   4.2038321E-01   5.8243064E+03   1.9832291E-04
   4.2332404E-01   5.6610274E+03   2.0428084E-04
   4.2628543E-01   5.4994999E+03   2.1042063E-04
   4.2926754E-01   5.3398399E+03   2.1674791E-04
   4.3227050E-01   5.1821596E+03   2.2326849E-04
   4.3529447E-01   5.0265665E+03   2.2998836E-04
   4.3833959E-01   4.8731636E+03   2.3691367E-04
   4.4140601E-01   4.7220489E+03   2.4405080E-04
   4.4449388E-01   4.5733153E+03   2.5140630E-04
   4.4760334E-01   4.4270502E+03   2.5898694E-04
   4.5073455E-01   4.2833357E+03   2.6679968E-04
   4.5388767E-01   4.1422479E+03   2.7485173E-04
   4.5706283E-01   4.0038573E+03   2.8315049E-04
   4.6026021E-01   3.8682284E+03   2.9170359E-04
   4.6347995E-01   3.7354197E+03   3.0051893E-04
   4.6672221E-01   3.6054837E+03   3.0960462E-04
   4.6998715E-01   3.4784667E+03   3.1896903E-04
   4.7327492E-01   3.3544089E+03   3.2862079E-04
   4.7658569E-01   3.2333445E+03   3.3856880E-04
   4.7991962E-01   3.1153014E+03   3.4882224E-04
   4.8327686E-01   3.0003016E+03   3.5939054E-04
   4.8665759E-01   2.8883613E+03   3.7028347E-04
   4.9006196E-01   2.7794907E+03   3.8151105E-04
   4.9349015E-01   2.6736942E+03   3.9308364E-04
   4.9694231E-01   2.5709707E+03   4.0501190E-04
   5.0041862E-01   2.4713137E+03   4.1730684E-04
   5.0391924E-01   2.3747115E+03   4.2997977E-04
   5.0744435E-01   2.2811471E+03   4.4304237E-04
   5.1099412E-01   2.1905990E+03   4.5650667E-04
   5.1456871E-01   2.1030407E+03   4.7038507E-04
   5.1816830E-01   2.0184416E+03   4.8469034E-04
   5.2179308E-01   1.9367669E+03   4.9943564E-04
   5.2544320E-01   1.8579776E+03   5.1463451E-04
   5.2911886E-01   1.7820314E+03   5.3030094E-04
   5.3282022E-01   1.7088824E+03   5.4644929E-04
   5.3654747E-01   1.6384816E+03   5.6309440E-04
   5.4030080E-01   1.5707770E+03   5.8025151E-04
   5.4408037E-01   1.5057142E+03   5.9793636E-04
   5.4788638E-01   1.4432359E+03   6.1616513E-04
   5.5171902E-01   1.3832832E+03   6.3495449E-04
   5.5557846E-01   1.3257948E+03   6.5432161E-04
   5.5946489E-01   1.2707080E+03   6.7428416E-04
   5.6337851E-01   1.2179584E+03   6.9486033E-04
   5.6731950E-01   1.1674806E+03   7.1606887E-04
   5.7128805E-01   1.1192080E+03   7.3792905E-04
   5.7528436E-01   1.0730731E+03   7.6046072E-04
   5.7930863E-01   1.0290080E+03   7.8368432E-04
   5.8336104E-01   9.8694413E+02   8.0762085E-04
   5.8744179E-01   9.4681289E+02   8.3229196E-04
   5.9155109E-01   9.0854551E+02   8.5771990E-04
   5.9568913E-01   8.7207338E+02   8.8392757E-04
   5.9985612E-01   8.3732818E+02   9.1093852E-04
   6.0405225E-01   8.0424202E+02   9.3877699E-04
   6.0827772E-01   7.7274765E+02   9.6746789E-04
   6.1253276E-01   7.4277854E+02   9.9703684E-04
   6.1681755E-01   7.1426904E+02   1.0275102E-03
   6.2113231E-01   6.8715454E+02   1.0589150E-03
   6.2547726E-01   6.6137153E+02   1.0912792E-03
   6.2985259E-01   6.3685775E+02   1.1246313E-03
   6.3425853E-01   6.1355228E+02   1.1590008E-03
   6.3869528E-01   5.9139562E+02   1.1944178E-03
   6.4316307E-01   5.7032979E+02   1.2309135E-03
   6.4766210E-01   5.5029839E+02   1.2685197E-03
   6.5219260E-01   5.3124669E+02   1.3072691E-03
   6.5675479E-01   5.1312164E+02   1.3471954E-03
   6.6134890E-01   4.9587196E+02   1.3883332E-03
   6.6597513E-01   4.7944816E+02   1.4307178E-03
   6.7063372E-01   4.6380259E+02   1.4743856E-03
   6.7532490E-01   4.4888943E+02   1.5193740E-03
   6.8004888E-01   4.3466474E+02   1.5657213E-03
   6.8480591E-01   4.2108646E+02   1.6134667E-03
   6.8959621E-01   4.0811439E+02   1.6626506E-03
   6.9442002E-01   3.9571023E+02   1.7133141E-03
   6.9927757E-01   3.8383752E+02   1.7654998E-03
   7.0416909E-01   3.7246165E+02   1.8192509E-03
   7.0909482E-01   3.6154986E+02   1.8746118E-03
   7.1405501E-01   3.5107114E+02   1.9316282E-03
   7.1904989E-01   3.4099629E+02   1.9903467E-03
   7.2407971E-01   3.3129783E+02   2.0508149E-03
   7.2914471E-01   3.2194994E+02   2.1130818E-03
   7.3424513E-01   3.1292848E+02   2.1771973E-03
   7.3938123E-01   3.0421090E+02   2.2432125E-03
   7.4455325E-01   2.9577619E+02   2.3111798E-03
   7.4976145E-01   2.8760484E+02   2.3811526E-03
   7.5500608E-01   2.7967877E+02   2.4531855E-03
   7.6028739E-01   2.7198131E+02   2.5273342E-03
   7.6560564E-01   2.6449710E+02   2.6036559E-03
   7.7096108E-01   2.5721204E+02   2.6822085E-03
   7.7635399E-01   2.5011327E+02   2.7630515E-03
   7.8178461E-01   2.4318904E+02   2.8462453E-03
   7.8725322E-01   2.3642872E+02   2.9318518E-03
   7.9276008E-01   2.2982268E+02   3.0199337E-03
   7.9830546E-01   2.2336228E+02   3.1105551E-03
   8.0388962E-01   2.1703978E+02   3.2037812E-03
   8.0951284E-01   2.1084828E+02   3.2996784E-03
   8.1517539E-01   2.0478169E+02   3.3983141E-03
   8.2087755E-01   1.9883464E+02   3.4997570E-03
   8.2661959E-01   1.9300244E+02   3.6040768E-03
   8.3240179E-01   1.8728103E+02   3.7113442E-03
   8.3822444E-01   1.8166693E+02   3.8216309E-03
   8.4408781E-01   1.7615717E+02   3.9350099E-03
   8.4999219E-01   1.7074926E+02   4.0515548E-03
   8.5593787E-01   1.6544113E+02   4.1713404E-03
   8.6192514E-01   1.6023110E+02   4.2944422E-03
   8.6795428E-01   1.5511783E+02   4.4209365E-03
   8.7402559E-01   1.5010028E+02   4.5509006E-03
   8.8013937E-01   1.4517766E+02   4.6844122E-03
   8.8629591E-01   1.4034942E+02   4.8215499E-03
   8.9249551E-01   1.3561518E+02   4.9623927E-03
   8.9873848E-01   1.3097474E+02   5.1070201E-03
   9.0502511E-01   1.2642802E+02   5.2555119E-03
   9.1135571E-01   1.2197502E+02   5.4079485E-03
   9.1773059E-01   1.1761585E+02   5.5644100E-03
   9.2415006E-01   1.1335064E+02   5.7249770E-03
   9.3061443E-01   1.0917958E+02   5.8897298E-03
   9.3712401E-01   1.0510285E+02   6.0587486E-03
   9.4367913E-01   1.0112062E+02   6.2321131E-03
   9.5028009E-01   9.7233045E+01   6.4099027E-03
   9.5692723E-01   9.3440247E+01   6.5921962E-03
   9.6362085E-01   8.9742292E+01   6.7790714E-03
   9.7036129E-01   8.6139186E+01   6.9706050E-03
   9.7714888E-01   8.2630867E+01   7.1668729E-03
   9.8398395E-01   7.9217196E+01   7.3679492E-03
   9.9086682E-01   7.5897951E+01   7.5739065E-03
   9.9779783E-01   7.2672821E+01   7.7848154E-03
   1.0047773E+00   6.9541403E+01   8.0007445E-03
   1.0118056E+00   6.6503200E+01   8.2217601E-03
   1.0188831E+00   6.3557619E+01   8.4479254E-03
   1.0260101E+00   6.0703968E+01   8.6793010E-03
   1.0331869E+00   5.7941462E+01   8.9159441E-03
   1.0404139E+00   5.5269216E+01   9.1579081E-03
   1.0476915E+00   5.2686255E+01   9.4052425E-03
   1.0550199E+00   5.0191512E+01   9.6579927E-03
   1.0623997E+00   4.7783830E+01   9.9161988E-03
   1.0698310E+00   4.5461970E+01   1.0179896E-02
   1.0773143E+00   4.3224610E+01   1.0449115E-02
   1.0848500E+00   4.1070354E+01   1.0723878E-02
   1.0924383E+00   3.8997732E+01   1.1004202E-02
   1.1000798E+00   3.7005211E+01   1.1290099E-02
   1.1077747E+00   3.5091193E+01   1.1581570E-02
   1.1155234E+00   3.3254026E+01   1.1878609E-02
   1.1233263E+00   3.1492009E+01   1.2181204E-02
   1.1311838E+00   2.9803392E+01   1.2489330E-02
   1.1390962E+00   2.8186389E+01   1.2802955E-02
   1.1470640E+00   2.6639178E+01   1.3122035E-02
   1.1550875E+00   2.5159909E+01   1.3446515E-02
   1.1631672E+00   2.3746710E+01   1.3776329E-02
   1.1713033E+00   2.2397689E+01   1.4111400E-02
   1.1794964E+00   2.1110942E+01   1.4451633E-02
   1.1877468E+00   1.9884558E+01   1.4796925E-02
   1.1960548E+00   1.8716621E+01   1.5147153E-02
   1.2044210E+00   1.7605218E+01   1.5502184E-02
   1.2128457E+00   1.6548442E+01   1.5861863E-02
   1.2213293E+00   1.5544395E+01   1.6226022E-02
   1.2298723E+00   1.4591192E+01   1.6594475E-02
   1.2384750E+00   1.3686968E+01   1.6967014E-02
   1.2471379E+00   1.2829876E+01   1.7343414E-02
   1.2558613E+00   1.2018097E+01   1.7723430E-02
   1.2646458E+00   1.1249836E+01   1.8106793E-02
   1.2734918E+00   1.0523328E+01   1.8493214E-02
   1.2823996E+00   9.8368425E+00   1.8882379E-02
   1.2913697E+00   9.1886811E+00   1.9273952E-02
   1.3004025E+00   8.5771832E+00   1.9667569E-02
   1.3094986E+00   8.0007263E+00   2.0062843E-02
   1.3186582E+00   7.4577275E+00   2.0459358E-02
   1.3278819E+00   6.9466452E+00   2.0856671E-02
   1.3371701E+00   6.4659802E+00   2.1254310E-02
   1.3465233E+00   6.0142761E+00   2.1651775E-02
   1.3559420E+00   5.5901209E+00   2.2048535E-02
   1.3654265E+00   5.1921466E+00   2.2444026E-02
   1.3749773E+00   4.8190305E+00   2.2837654E-02
   1.3845949E+00   4.4694945E+00   2.3228795E-02
   1.3942798E+00   4.1423060E+00   2.3616787E-02
   1.4040325E+00   3.8362772E+00   2.4000938E-02
   1.4138533E+00   3.5502653E+00   2.4380520E-02
   1.4237429E+00   3.2831719E+00   2.4754774E-02
   1.4337016E+00   3.0339426E+00   2.5122903E-02
   1.4437300E+00   2.8015666E+00   2.5484076E-02
   1.4538285E+00   2.5850760E+00   2.5837430E-02
   1.4639976E+00   2.3835448E+00   2.6182063E-02
   1.4742379E+00   2.1960885E+00   2.6517044E-02
   1.4845498E+00   2.0218629E+00   2.6841404E-02
   1.4949338E+00   1.8600634E+00   2.7154144E-02
   1.5053905E+00   1.7099238E+00   2.7454232E-02
   1.5159203E+00   1.5707155E+00   2.7740605E-02
   1.5265237E+00   1.4417462E+00   2.8012172E-02
   1.5372013E+00   1.3223590E+00   2.8267813E-02
   1.5479536E+00   1.2119309E+00   2.8506383E-02
   1.5587811E+00   1.1098723E+00   2.8726714E-02
   1.5696844E+00   1.0156253E+00   2.8927616E-02
   1.5806639E+00   9.2866264E-01   2.9107885E-02
   1.5917201E+00   8.4848668E-01   2.9266299E-02
   1.6028538E+00   7.7462817E-01   2.9401628E-02
   1.6140653E+00   7.0664506E-01   2.9512637E-02
   1.6253552E+00   6.4412136E-01   2.9598088E-02
   1.6367240E+00   5.8666603E-01   2.9656750E-02
   1.6481724E+00   5.3391185E-01   2.9687401E-02
   1.6597009E+00   4.8551432E-01   2.9688834E-02
   1.6713100E+00   4.4115058E-01   2.9659870E-02
   1.6830003E+00   4.0051836E-01   2.9599358E-02
   1.6947724E+00   3.6333496E-01   2.9506188E-02
   1.7066268E+00   3.2933625E-01   2.9379298E-02
   1.7185641E+00   2.9827566E-01   2.9217685E-02
   1.7305849E+00   2.6992331E-01   2.9020413E-02
   1.7426898E+00   2.4406504E-01   2.8786626E-02
   1.7548794E+00   2.2050156E-01   2.8515559E-02
   1.7671542E+00   1.9904760E-01   2.8206550E-02
   1.7795149E+00   1.7953108E-01   2.7859052E-02
   1.7919620E+00   1.6179236E-01   2.7472647E-02
   1.8044962E+00   1.4568346E-01   2.7047062E-02
   1.8171181E+00   1.3106735E-01   2.6582179E-02
   1.8298282E+00   1.1781728E-01   2.6078057E-02
   1.8426272E+00   1.0581611E-01   2.5534939E-02
   1.8555158E+00   9.4955697E-02   2.4953274E-02
   1.8684945E+00   8.5136301E-02   2.4333732E-02
   1.8815640E+00   7.6266025E-02   2.3677214E-02
   1.8947249E+00   6.8260279E-02   2.2984878E-02
   1.9079779E+00   6.1041281E-02   2.2258141E-02
   1.9213235E+00   5.4537577E-02   2.1498706E-02
   1.9347625E+00   4.8683594E-02   2.0708566E-02
   1.9482955E+00   4.3419214E-02   1.9890021E-02
   1.9619231E+00   3.8689377E-02   1.9045683E-02
   1.9756461E+00   3.4443705E-02   1.8178491E-02
   1.9894651E+00   3.0636152E-02   1.7291707E-02
   2.0033807E+00   2.7224672E-02   1.6388925E-02
   2.0173936E+00   2.4170910E-02   1.5474061E-02
   2.0315045E+00   2.1439915E-02   1.4551348E-02
   2.0457142E+00   1.8999869E-02   1.3625322E-02
   2.0600232E+00   1.6821837E-02   1.2700797E-02
   2.0744323E+00   1.4879531E-02   1.1782838E-02
   2.0889422E+00   1.3149093E-02   1.0876716E-02
   2.1035536E+00   1.1608891E-02   9.9878576E-03
   2.1182672E+00   1.0239336E-02   9.1217818E-03
   2.1330837E+00   9.0227007E-03   8.2840143E-03
   2.1480038E+00   7.9429656E-03   7.4799903E-03
   2.1630283E+00   6.9856654E-03   6.7149342E-03
   2.1781579E+00   6.1377533E-03   5.9937164E-03
   2.1933933E+00   5.3874739E-03   5.3206825E-03
   2.2087353E+00   4.7242468E-03   4.6994535E-03
   2.2241845E+00   4.1385589E-03   4.1326894E-03
   2.2397419E+00   3.6218658E-03   3.6218154E-03
   2.2554080E+00   3.1665014E-03   3.1667019E-03
   2.2711837E+00   2.7655950E-03   2.7652958E-03
   2.2870698E+00   2.4129952E-03   2.4131936E-03
   2.3030669E+00   2.1032007E-03   2.1032007E-03
   2.3191760E+00   1.8312969E-03   1.8312969E-03
   2.3353977E+00   1.5928977E-03   1.5928977E-03
   2.3517329E+00   1.3840936E-03   1.3840936E-03
   2.3681824E+00   1.2014031E-03   1.2014031E-03
   2.3847469E+00   1.0417297E-03   1.0417297E-03
   2.4014272E+00   9.0232219E-04   9.0232219E-04
   2.4182243E+00   7.8073868E-04   7.8073868E-04
   2.4351388E+00   6.7481457E-04   6.7481457E-04
   2.4521716E+00   5.8263297E-04   5.8263297E-04
   2.4693236E+00   5.0249840E-04   5.0249840E-04
   2.4865955E+00   4.3291281E-04   4.3291281E-04
   2.5039882E+00   3.7255416E-04   3.7255416E-04
   2.5215026E+00   3.2025705E-04   3.2025705E-04
   2.5391395E+00   2.7499532E-04   2.7499532E-04
   2.5568997E+00   2.3586651E-04   2.3586651E-04
   2.5747842E+00   2.0207779E-04   2.0207779E-04
   2.5927938E+00   1.7293353E-04   1.7293353E-04
   2.6109293E+00   1.4782403E-04   1.4782403E-04
   2.6291917E+00   1.2621560E-04   1.2621560E-04
   2.6475818E+00   1.0764158E-04   1.0764158E-04
   2.6661005E+00   9.1694429E-05   9.1694429E-05
   2.6847488E+00   7.8018672E-05   7.8018672E-05
   2.7035275E+00   6.6304602E-05   6.6304602E-05
   2.7224375E+00   5.6282719E-05   5.6282719E-05
   2.7414798E+00   4.7718799E-05   4.7718799E-05
   2.7606553E+00   4.0409521E-05   4.0409521E-05
   2.7799649E+00   3.4178608E-05   3.4178608E-05
   2.7994096E+00   2.8873416E-05   2.8873416E-05
   2.8189903E+00   2.4361934E-05   2.4361934E-05
   2.8387079E+00   2.0530134E-05   2.0530134E-05
   2.8585634E+00   1.7279645E-05   1.7279645E-05
   2.8785579E+00   1.4525713E-05   1.4525713E-05
   2.8986921E+00   1.2195406E-05   1.2195406E-05
   2.9189672E+00   1.0226047E-05   1.0226047E-05
   2.9393841E+00   8.5638394E-06   8.5638394E-06
   2.9599439E+00   7.1626699E-06   7.1626699E-06
   2.9806474E+00   5.9830624E-06   5.9830624E-06
   3.0014957E+00   4.9912663E-06   4.9912663E-06
   3.0224899E+00   4.1584642E-06   4.1584642E-06
   3.0436308E+00   3.4600838E-06   3.4600838E-06
   3.0649197E+00   2.8751999E-06   2.8751999E-06
   3.0863575E+00   2.3860174E-06   2.3860174E-06
   3.1079452E+00   1.9774231E-06   1.9774231E-06
   3.1296839E+00   1.6365992E-06   1.6365992E-06
   3.1515746E+00   1.3526892E-06   1.3526892E-06
   3.1736185E+00   1.1165108E-06   1.1165108E-06
   3.1958165E+00   9.2030808E-07   9.2030808E-07
   3.2181698E+00   7.5753917E-07   7.5753917E-07
   3.2406795E+00   6.2269392E-07   6.2269392E-07
   3.2633466E+00   5.1113772E-07   5.1113772E-07
   3.2861722E+00   4.1897785E-07   4.1897785E-07
   3.3091575E+00   3.4294939E-07   3.4294939E-07
   3.3323035E+00   2.8031789E-07   2.8031789E-07
   3.3556115E+00   2.2879649E-07   2.2879649E-07
   3.3790825E+00   1.8647540E-07   1.8647540E-07
   3.4027176E+00   1.5176207E-07   1.5176207E-07
   3.4265181E+00   1.2333043E-07   1.2333043E-07
   3.4504850E+00   1.0007794E-07   1.0007794E-07
   3.4746195E+00   8.1089251E-08   8.1089251E-08
   3.4989229E+00   6.5605571E-08   6.5605571E-08
   3.5233963E+00   5.2998832E-08   5.2998832E-08
   3.5480408E+00   4.2749951E-08   4.2749951E-08
   3.5728577E+00   3.4430573E-08   3.4430573E-08
   3.5978482E+00   2.7687751E-08   2.7687751E-08
   3.6230134E+00   2.2231123E-08   2.2231123E-08
   3.6483547E+00   1.7822180E-08   1.7822180E-08
   3.6738733E+00   1.4265314E-08   1.4265314E-08
   3.6995703E+00   1.1400352E-08   1.1400352E-08
   3.7254470E+00   9.0963442E-09   9.0963442E-09
   3.7515048E+00   7.2464030E-09   7.2464030E-09
   3.7777448E+00   5.7634198E-09   5.7634198E-09
   3.8041683E+00   4.5765199E-09   4.5765199E-09
   3.8307767E+00   3.6281306E-09   3.6281306E-09
   3.8575712E+00   2.8715607E-09   2.8715607E-09
   3.8845531E+00   2.2690060E-09   2.2690060E-09
   3.9117237E+00   1.7899086E-09   1.7899086E-09
   3.9390843E+00   1.4096087E-09   1.4096087E-09
   3.9666363E+00   1.1082396E-09   1.1082396E-09
   3.9943810E+00   8.6982338E-10   8.6982338E-10
   4.0223198E+00   6.8153091E-10   6.8153091E-10
   4.0504540E+00   5.3307942E-10   5.3307942E-10
   4.0787850E+00   4.1624101E-10   4.1624101E-10
   4.1073141E+00   3.2444353E-10   3.2444353E-10
   4.1360428E+00   2.5244647E-10   2.5244647E-10
   4.1649724E+00   1.9607853E-10   1.9607853E-10
   4.1941044E+00   1.5202530E-10   1.5202530E-10
   4.2234401E+00   1.1765796E-10   1.1765796E-10
   4.2529810E+00   9.0895185E-11   9.0895185E-11
   4.2827286E+00   7.0092083E-11   7.0092083E-11
   4.3126842E+00   5.3951059E-11   5.3951059E-11
   4.3428493E+00   4.1450355E-11   4.1450355E-11
   4.3732254E+00   3.1786894E-11   3.1786894E-11
   4.4038140E+00   2.4330654E-11   2.4330654E-11
   4.4346165E+00   1.8588294E-11   1.8588294E-11
   4.4656344E+00   1.4174231E-11   1.4174231E-11
   4.4968694E+00   1.0787676E-11   1.0787676E-11
   4.5283227E+00   8.1944294E-12   8.1944294E-12
   4.5599961E+00   6.2124956E-12   6.2124956E-12
   4.5918910E+00   4.7007162E-12   4.7007162E-12
   4.6240090E+00   3.5498214E-12   3.5498214E-12
   4.6563517E+00   2.6753921E-12   2.6753921E-12
   4.6889206E+00   2.0123373E-12   2.0123373E-12
   4.7217172E+00   1.5105683E-12   1.5105683E-12
   4.7547433E+00   1.1316185E-12   1.1316185E-12
   4.7880003E+00   8.4600622E-13   8.4600622E-13
   4.8214900E+00   6.3118216E-13   6.3118216E-13
   4.8552139E+00   4.6993438E-13   4.6993438E-13
   4.8891737E+00   3.4915218E-13   3.4915218E-13
   4.9233710E+00   2.5886956E-13   2.5886956E-13
   4.9578075E+00   1.9152678E-13   1.9152678E-13
   4.9924849E+00   1.4140146E-13   1.4140146E-13
   5.0274048E+00   1.0417121E-13   1.0417121E-13
   5.0625690E+00   7.6578082E-14   7.6578082E-14
   5.0979791E+00   5.6171711E-14   5.6171711E-14
   5.1336369E+00   4.1113142E-14   4.1113142E-14
   5.1695441E+00   3.0025271E-14   3.0025271E-14
   5.2057024E+00   2.1879120E-14   2.1879120E-14
   5.2421136E+00   1.5907528E-14   1.5907528E-14
   5.2787796E+00   1.1539814E-14   1.1539814E-14
   5.3157019E+00   8.3524035E-15   8.3524035E-15
   5.3528826E+00   6.0316183E-15   6.0316183E-15
   5.3903232E+00   4.3456942E-15   4.3456942E-15
   5.4280258E+00   3.1237807E-15   3.1237807E-15
   5.4659921E+00   2.2402223E-15   2.2402223E-15
   5.5042239E+00   1.6028169E-15   1.6028169E-15
   5.5427231E+00   1.1440684E-15   1.1440684E-15
   5.5814916E+00   8.1468242E-16   8.1468242E-16
   5.6205312E+00   5.7874317E-16   5.7874317E-16
   5.6598440E+00   4.1014507E-16   4.1014507E-16
   5.6994317E+00   2.8995864E-16   2.8995864E-16
   5.7392962E+00   2.0449107E-16   2.0449107E-16
   5.7794396E+00   1.4386168E-16   1.4386168E-16
   5.8198638E+00   1.0095809E-16   1.0095809E-16
   5.8605708E+00   7.0673234E-17   7.0673234E-17
   5.9015624E+00   4.9349104E-17   4.9349104E-17
   5.9428408E+00   3.4372143E-17   3.4372143E-17
   5.9844079E+00   2.3879733E-17   2.3879733E-17
   6.0262657E+00   1.6547801E-17   1.6547801E-17
   6.0684163E+00   1.1437510E-17   1.1437510E-17
   6.1108617E+00   7.8848850E-18   7.8848850E-18
   6.1536040E+00   5.4215595E-18   5.4215595E-18
   6.1966452E+00   3.7180079E-18   3.7180079E-18
   6.2399875E+00   2.5429964E-18   2.5429964E-18
   6.2836329E+00   1.7346932E-18   1.7346932E-18
   6.3275837E+00   1.1801388E-18   1.1801388E-18
   6.3718418E+00   8.0069850E-19   8.0069850E-19
   6.4164095E+00   5.4177923E-19   5.4177923E-19
   6.4612889E+00   3.6558213E-19   3.6558213E-19
   6.5064822E+00   2.4600765E-19   2.4600765E-19
   6.5519916E+00   1.6508403E-19   1.6508403E-19
   6.5978193E+00   1.1047040E-19   1.1047040E-19
   6.6439676E+00   7.3716187E-20   7.3716187E-20
   6.6904386E+00   4.9050942E-20   4.9050942E-20
   6.7372347E+00   3.2545489E-20   3.2545489E-20
   6.7843581E+00   2.1532010E-20   2.1532010E-20
   6.8318111E+00   1.4204361E-20   1.4204361E-20
   6.8795960E+00   9.3431156E-21   9.3431156E-21
   6.9277151E+00   6.1275031E-21   6.1275031E-21
   6.9761708E+00   4.0067380E-21   4.0067380E-21
   7.0249654E+00   2.6121890E-21   2.6121890E-21
   7.0741013E+00   1.6979132E-21   1.6979132E-21
   7.1235808E+00   1.1003085E-21   1.1003085E-21
   7.1734065E+00   7.1087362E-22   7.1087362E-22
   7.2235806E+00   4.5786769E-22   4.5786769E-22
   7.2741057E+00   2.9400042E-22   2.9400042E-22
   7.3249842E+00   1.8819446E-22   1.8819446E-22
   7.3762185E+00   1.2009010E-22   1.2009010E-22
   7.4278112E+00   7.6390526E-23   7.6390526E-23
   7.4797648E+00   4.8438880E-23   4.8438880E-23
   7.5320817E+00   3.0616906E-23   3.0616906E-23
   7.5847646E+00   1.9289961E-23   1.9289961E-23
   7.6378159E+00   1.2114191E-23   1.2114191E-23
   7.6912383E+00   7.5829910E-24   7.5829910E-24
   7.7450344E+00   4.7310743E-24   4.7310743E-24
   7.7992067E+00   2.9419957E-24   2.9419957E-24
   7.8537580E+00   1.8233801E-24   1.8233801E-24
   7.9086908E+00   1.1263025E-24   1.1263025E-24
   7.9640078E+00   6.9337043E-25   6.9337043E-25
   8.0197117E+00   4.2540013E-25   4.2540013E-25
   8.0758052E+00   2.6010072E-25   2.6010072E-25
   8.1322911E+00   1.5848443E-25   1.5848443E-25
   8.1891721E+00   9.6232593E-26   9.6232593E-26
   8.2464509E+00   5.8228778E-26   5.8228778E-26
   8.3041303E+00   3.5109313E-26   3.5109313E-26
   8.3622132E+00   2.1094312E-26   2.1094312E-26
   8.4207023E+00   1.2628620E-26   1.2628620E-26
   8.4796006E+00   7.5332605E-27   7.5332605E-27
   8.5389108E+00   4.4775004E-27   4.4775004E-27
   8.5986358E+00   2.6515678E-27   2.6515678E-27
   8.6587785E+00   1.5644912E-27   1.5644912E-27
   8.7193420E+00   9.1967752E-28   9.1967752E-28
   8.7803290E+00   5.3861539E-28   5.3861539E-28
   8.8417426E+00   3.1426159E-28   3.1426159E-28
   8.9035858E+00   1.8266769E-28   1.8266769E-28
   8.9658615E+00   1.0577390E-28   1.0577390E-28
   9.0285727E+00   6.1014080E-29   6.1014080E-29
   9.0917227E+00   3.5059414E-29   3.5059414E-29
   9.1553143E+00   2.0067373E-29   2.0067373E-29
   9.2193507E+00   1.1441312E-29   1.1441312E-29
   9.2838350E+00   6.4975358E-30   6.4975358E-30
   9.3487703E+00   3.6753360E-30   3.6753360E-30
   9.4141598E+00   2.0706603E-30   2.0706603E-30
   9.4800066E+00   1.1619085E-30   1.1619085E-30
   9.5463141E+00   6.4934290E-31   6.4934290E-31
   9.6130853E+00   3.6141234E-31   3.6141234E-31
   9.6803235E+00   2.0033009E-31   2.0033009E-31
   9.7480320E+00   1.1058374E-31   1.1058374E-31
   9.8162141E+00   6.0789090E-32   6.0789090E-32
   9.8848731E+00   3.3276425E-32   3.3276425E-32
   9.9540123E+00   1.8138926E-32   1.8138926E-32
   1.0023635E+01   9.8454940E-33   9.8454940E-33
   1.0093745E+01   5.3211218E-33   5.3211218E-33
   1.0164345E+01   2.8634790E-33   2.8634790E-33
   1.0235439E+01   1.5342433E-33   1.5342433E-33
   1.0307030E+01   8.1845315E-34   8.1845315E-34
   1.0379122E+01   4.3468946E-34   4.3468946E-34
   1.0451718E+01   2.2984588E-34   2.2984588E-34
   1.0524822E+01   1.2099105E-34   1.2099105E-34
   1.0598438E+01   6.3403776E-35   6.3403776E-35
   1.0672568E+01   3.3075679E-35   3.3075679E-35
   1.0747216E+01   1.7175938E-35   1.7175938E-35
   1.0822387E+01   8.8784346E-36   8.8784346E-36
   1.0898084E+01   4.5681745E-36   4.5681745E-36
   1.0974310E+01   2.3395123E-36   2.3395123E-36
   1.1051069E+01   1.1925325E-36   1.1925325E-36
   1.1128365E+01   6.0501091E-37   6.0501091E-37
   1.1206202E+01   3.0548506E-37   3.0548506E-37
   1.1284583E+01   1.5350981E-37   1.5350981E-37
   1.1363512E+01   7.6769238E-38   7.6769238E-38
   1.1442994E+01   3.8205743E-38   3.8205743E-38
   1.1523031E+01   1.8921071E-38   1.8921071E-38
   1.1603628E+01   9.3244591E-39   9.3244591E-39
   1.1684789E+01   4.5724350E-39   4.5724350E-39
   1.1766517E+01   2.2310145E-39   2.2310145E-39
   1.1848818E+01   1.0831114E-39   1.0831114E-39
   1.1931693E+01   5.2317198E-40   5.2317198E-40
   1.2015149E+01   2.5142078E-40   2.5142078E-40
   1.2099188E+01   1.2020645E-40   1.2020645E-40
   1.2183815E+01   5.7175343E-41   5.7175343E-41
   1.2269034E+01   2.7053814E-41   2.7053814E-41
   1.2354849E+01   1.2734186E-41   1.2734186E-41
   1.2441264E+01   5.9623988E-42   5.9623988E-42
   1.2528284E+01   2.7769110E-42   2.7769110E-42
   1.2615912E+01   1.2864057E-42   1.2864057E-42
   1.2704153E+01   5.9272438E-43   5.9272438E-43
   1.2793012E+01   2.7162525E-43   2.7162525E-43
   1.2882492E+01   1.2379798E-43   1.2379798E-43
   1.2972597E+01   5.6113388E-44   5.6113388E-44
   1.3063333E+01   2.5293695E-44   2.5293695E-44
   1.3154704E+01   1.1337939E-44   1.1337939E-44
   1.3246714E+01   5.0537656E-45   5.0537656E-45
   1.3339367E+01   2.2399493E-45   2.2399493E-45
   1.3432668E+01   9.8715691E-46   9.8715691E-46
   1.3526622E+01   4.3255550E-46   4.3255550E-46
   1.3621233E+01   1.8844696E-46   1.8844696E-46
   1.3716506E+01   8.1622333E-47   8.1622333E-47
   1.3812445E+01   3.5146412E-47   3.5146412E-47
   1.3909055E+01   1.5044951E-47   1.5044951E-47
   1.4006341E+01   6.4020616E-48   6.4020616E-48
   1.4104308E+01   2.7080097E-48   2.7080097E-48
   1.4202959E+01   1.1385803E-48   1.1385803E-48
   1.4302301E+01   4.7581915E-49   4.7581915E-49
   1.4402338E+01   1.9763622E-49   1.9763622E-49
   1.4503074E+01   8.1586618E-50   8.1586618E-50
   1.4604514E+01   3.3471904E-50   3.3471904E-50
   1.4706665E+01   1.3646841E-50   1.3646841E-50
   1.4809529E+01   5.5291088E-51   5.5291088E-51
   1.4913114E+01   2.2260262E-51   2.2260262E-51
   1.5017422E+01   8.9050903E-52   8.9050903E-52
   1.5122461E+01   3.5396464E-52   3.5396464E-52
   1.5228234E+01   1.3978977E-52   1.3978977E-52
   1.5334746E+01   5.4848558E-53   5.4848558E-53
   1.5442004E+01   2.1380089E-53   2.1380089E-53
   1.5550012E+01   8.2791988E-54   8.2791988E-54
   1.5658776E+01   3.1847952E-54   3.1847952E-54
   1.5768300E+01   1.2169391E-54   1.2169391E-54
   1.5878590E+01   4.6188084E-55   4.6188084E-55
   1.5989652E+01   1.7411822E-55   1.7411822E-55
   1.6101490E+01   6.5191499E-56   6.5191499E-56
   1.6214111E+01   2.4240933E-56   2.4240933E-56
   1.6327519E+01   8.9515517E-57   8.9515517E-57
   1.6441721E+01   3.2825909E-57   3.2825909E-57
   1.6556721E+01   1.1953176E-57   1.1953176E-57
   1.6672526E+01   4.3219183E-58   4.3219183E-58
   1.6789141E+01   1.5515822E-58   1.5515822E-58
   1.6906571E+01   5.5303965E-59   5.5303965E-59
   1.7024823E+01   1.9570369E-59   1.9570369E-59
   1.7143902E+01   6.8751298E-60   6.8751298E-60
   1.7263814E+01   2.3976161E-60   2.3976161E-60
   1.7384564E+01   8.2999233E-61   8.2999233E-61
   1.7506159E+01   2.8519383E-61   2.8519383E-61
   1.7628605E+01   9.7263936E-62   9.7263936E-62
   1.7751907E+01   3.2922305E-62   3.2922305E-62
   1.7876071E+01   1.1059398E-62   1.1059398E-62
   1.8001104E+01   3.6868233E-63   3.6868233E-63
   1.8127011E+01   1.2196332E-63   1.2196332E-63
   1.8253799E+01   4.0034888E-64   4.0034888E-64
   1.8381474E+01   1.3039370E-64   1.3039370E-64
   1.8510042E+01   4.2136575E-65   4.2136575E-65
   1.8639509E+01   1.3508971E-65   1.3508971E-65
   1.8769881E+01   4.2965652E-66   4.2965652E-66
   1.8901166E+01   1.3556015E-66   1.3556015E-66
   1.9033369E+01   4.2425745E-67   4.2425745E-67
   1.9166496E+01   1.3170091E-67   1.3170091E-67
   1.9300555E+01   4.0549437E-68   4.0549437E-68
   1.9435551E+01   1.2382044E-68   1.2382044E-68
   1.9571491E+01   3.7496074E-69   3.7496074E-69
   1.9708383E+01   1.1260030E-69   1.1260030E-69
   1.9846231E+01   3.3529545E-70   3.3529545E-70
   1.9985044E+01   9.8997472E-71   9.8997472E-71
   2.0124828E+01   2.8980279E-71   2.8980279E-71
   2.0265590E+01   8.4107858E-72   8.4107858E-72
   2.0407336E+01   2.4199112E-72   2.4199112E-72
   2.0550073E+01   6.9018299E-73   6.9018299E-73
   2.0693809E+01   1.9512097E-73   1.9512097E-73
   2.0838550E+01   5.4675299E-74   5.4675299E-74
   2.0984304E+01   1.5184428E-74   1.5184428E-74
   2.1131077E+01   4.1792463E-75   4.1792463E-75
   2.1278876E+01   1.1398871E-75   1.1398871E-75
   2.1427710E+01   3.0807885E-76   3.0807885E-76
   2.1577584E+01   8.2502991E-77   8.2502991E-77
   2.1728507E+01   2.1890549E-77   2.1890549E-77
   2.1880485E+01   5.7543187E-78   5.7543187E-78
   2.2033526E+01   0.0000000E+00   0.0000000E+00
   2.2187638E+01   0.0000000E+00   0.0000000E+00
   2.2342828E+01   0.0000000E+00   0.0000000E+00
   2.2499103E+01   0.0000000E+00   0.0000000E+00
   2.2656471E+01   0.0000000E+00   0.0000000E+00
   2.2814940E+01   0.0000000E+00   0.0000000E+00
   2.2974517E+01   0.0000000E+00   0.0000000E+00
   2.3135211E+01   0.0000000E+00   0.0000000E+00
   2.3297028E+01   0.0000000E+00   0.0000000E+00
   2.3459977E+01   0.0000000E+00   0.0000000E+00
   2.3624066E+01   0.0000000E+00   0.0000000E+00
   2.3789302E+01   0.0000000E+00   0.0000000E+00
   2.3955695E+01   0.0000000E+00   0.0000000E+00
   2.4123251E+01   0.0000000E+00   0.0000000E+00
   2.4291979E+01   0.0000000E+00   0.0000000E+00
   2.4461887E+01   0.0000000E+00   0.0000000E+00
   2.4632984E+01   0.0000000E+00   0.0000000E+00
   2.4805277E+01   0.0000000E+00   0.0000000E+00
   2.4978776E+01   0.0000000E+00   0.0000000E+00
   2.5153488E+01   0.0000000E+00   0.0000000E+00
   2.5329421E+01   0.0000000E+00   0.0000000E+00
   2.5506586E+01   0.0000000E+00   0.0000000E+00
   2.5684990E+01   0.0000000E+00   0.0000000E+00
   2.5864641E+01   0.0000000E+00   0.0000000E+00
   2.6045549E+01   0.0000000E+00   0.0000000E+00
   2.6227723E+01   0.0000000E+00   0.0000000E+00
   2.6411170E+01   0.0000000E+00   0.0000000E+00
   2.6595901E+01   0.0000000E+00   0.0000000E+00
   2.6781924E+01   0.0000000E+00   0.0000000E+00
   2.6969248E+01   0.0000000E+00   0.0000000E+00
   2.7157882E+01   0.0000000E+00   0.0000000E+00
   2.7347835E+01   0.0000000E+00   0.0000000E+00
   2.7539117E+01   0.0000000E+00   0.0000000E+00
   2.7731737E+01   0.0000000E+00   0.0000000E+00
   2.7925704E+01   0.0000000E+00   0.0000000E+00
   2.8121028E+01   0.0000000E+00   0.0000000E+00
   2.8317719E+01   0.0000000E+00   0.0000000E+00
   2.8515784E+01   0.0000000E+00   0.0000000E+00
   2.8715236E+01   0.0000000E+00   0.0000000E+00
   2.8916082E+01   0.0000000E+00   0.0000000E+00
   2.9118333E+01   0.0000000E+00   0.0000000E+00
   2.9321999E+01   0.0000000E+00   0.0000000E+00
   2.9527089E+01   0.0000000E+00   0.0000000E+00
   2.9733613E+01   0.0000000E+00   0.0000000E+00
   2.9941583E+01   0.0000000E+00   0.0000000E+00
   3.0151006E+01   0.0000000E+00   0.0000000E+00
   3.0361895E+01   0.0000000E+00   0.0000000E+00
   3.0574259E+01   0.0000000E+00   0.0000000E+00
   3.0788108E+01   0.0000000E+00   0.0000000E+00
   3.1003452E+01   0.0000000E+00   0.0000000E+00
   3.1220303E+01   0.0000000E+00   0.0000000E+00
   3.1438671E+01   0.0000000E+00   0.0000000E+00
   3.1658566E+01   0.0000000E+00   0.0000000E+00
   3.1879999E+01   0.0000000E+00   0.0000000E+00
   3.2102981E+01   0.0000000E+00   0.0000000E+00
   3.2327522E+01   0.0000000E+00   0.0000000E+00
   3.2553634E+01   0.0000000E+00   0.0000000E+00
   3.2781328E+01   0.0000000E+00   0.0000000E+00
   3.3010614E+01   0.0000000E+00   0.0000000E+00
   3.3241504E+01   0.0000000E+00   0.0000000E+00
   3.3474008E+01   0.0000000E+00   0.0000000E+00
   3.3708139E+01   0.0000000E+00   0.0000000E+00
   3.3943908E+01   0.0000000E+00   0.0000000E+00
   3.4181326E+01   0.0000000E+00   0.0000000E+00
   3.4420404E+01   0.0000000E+00   0.0000000E+00
   3.4661154E+01   0.0000000E+00   0.0000000E+00
   3.4903589E+01   0.0000000E+00   0.0000000E+00
   3.5147719E+01   0.0000000E+00   0.0000000E+00
   3.5393556E+01   0.0000000E+00   0.0000000E+00
   3.5641113E+01   0.0000000E+00   0.0000000E+00
   3.5890402E+01   0.0000000E+00   0.0000000E+00
   3.6141434E+01   0.0000000E+00   0.0000000E+00
   3.6394222E+01   0.0000000E+00   0.0000000E+00
   3.6648778E+01   0.0000000E+00   0.0000000E+00
   3.6905115E+01   0.0000000E+00   0.0000000E+00
   3.7163244E+01   0.0000000E+00   0.0000000E+00
   3.7423179E+01   0.0000000E+00   0.0000000E+00
   3.7684932E+01   0.0000000E+00   0.0000000E+00
   3.7948516E+01   0.0000000E+00   0.0000000E+00
   3.8213944E+01   0.0000000E+00   0.0000000E+00
   3.8481228E+01   0.0000000E+00   0.0000000E+00
   3.8750381E+01   0.0000000E+00   0.0000000E+00
   3.9021417E+01   0.0000000E+00   0.0000000E+00
   3.9294349E+01   0.0000000E+00   0.0000000E+00
   3.9569190E+01   0.0000000E+00   0.0000000E+00
   3.9845953E+01   0.0000000E+00   0.0000000E+00
   4.0124652E+01   0.0000000E+00   0.0000000E+00
   4.0405300E+01   0.0000000E+00   0.0000000E+00
   4.0687911E+01   0.0000000E+00   0.0000000E+00
   4.0972499E+01   0.0000000E+00   0.0000000E+00
   4.1259077E+01   0.0000000E+00   0.0000000E+00
   4.1547660E+01   0.0000000E+00   0.0000000E+00
   4.1838261E+01   0.0000000E+00   0.0000000E+00
   4.2130895E+01   0.0000000E+00   0.0000000E+00
   4.2425576E+01   0.0000000E+00   0.0000000E+00
   4.2722318E+01   0.0000000E+00   0.0000000E+00
   4.3021135E+01   0.0000000E+00   0.0000000E+00
   4.3322042E+01   0.0000000E+00   0.0000000E+00
   4.3625054E+01   0.0000000E+00   0.0000000E+00
   4.3930186E+01   0.0000000E+00   0.0000000E+00
   4.4237451E+01   0.0000000E+00   0.0000000E+00
   4.4546866E+01   0.0000000E+00   0.0000000E+00
   4.4858445E+01   0.0000000E+00   0.0000000E+00
   4.5172203E+01   0.0000000E+00   0.0000000E+00
   4.5488156E+01   0.0000000E+00   0.0000000E+00
   4.5806319E+01   0.0000000E+00   0.0000000E+00
   4.6126707E+01   0.0000000E+00   0.0000000E+00
   4.6449336E+01   0.0000000E+00   0.0000000E+00
   4.6774221E+01   0.0000000E+00   0.0000000E+00
   4.7101379E+01   0.0000000E+00   0.0000000E+00
   4.7430826E+01   0.0000000E+00   0.0000000E+00
   4.7762576E+01   0.0000000E+00   0.0000000E+00
   4.8096647E+01   0.0000000E+00   0.0000000E+00
   4.8433054E+01   0.0000000E+00   0.0000000E+00
   4.8771815E+01   0.0000000E+00   0.0000000E+00
   4.9112945E+01   0.0000000E+00   0.0000000E+00
   4.9456461E+01   0.0000000E+00   0.0000000E+00
   4.9802379E+01   0.0000000E+00   0.0000000E+00
   5.0150717E+01   0.0000000E+00   0.0000000E+00
   5.0501492E+01   0.0000000E+00   0.0000000E+00
   5.0854720E+01   0.0000000E+00   0.0000000E+00
   5.1210418E+01   0.0000000E+00   0.0000000E+00
   5.1568605E+01   0.0000000E+00   0.0000000E+00
   5.1929297E+01   0.0000000E+00   0.0000000E+00
   5.2292511E+01   0.0000000E+00   0.0000000E+00
   5.2658266E+01   0.0000000E+00   0.0000000E+00
   5.3026580E+01   0.0000000E+00   0.0000000E+00
   5.3397469E+01   0.0000000E+00   0.0000000E+00
   5.3770953E+01   0.0000000E+00   0.0000000E+00
   5.4147048E+01   0.0000000E+00   0.0000000E+00
   5.4525775E+01   0.0000000E+00   0.0000000E+00
   5.4907150E+01   0.0000000E+00   0.0000000E+00
   5.5291193E+01   0.0000000E+00   0.0000000E+00
   5.5677922E+01   0.0000000E+00   0.0000000E+00
   5.6067356E+01   0.0000000E+00   0.0000000E+00
   5.6459514E+01   0.0000000E+00   0.0000000E+00
   5.6854415E+01   0.0000000E+00   0.0000000E+00
   5.7252077E+01   0.0000000E+00   0.0000000E+00
   5.7652522E+01   0.0000000E+00   0.0000000E+00
   5.8055767E+01   0.0000000E+00   0.0000000E+00
   5.8461832E+01   0.0000000E+00   0.0000000E+00
   5.8870738E+01   0.0000000E+00   0.0000000E+00
   5.9282504E+01   0.0000000E+00   0.0000000E+00
   5.9697150E+01   0.0000000E+00   0.0000000E+00
   6.0114696E+01   0.0000000E+00   0.0000000E+00
   6.0535162E+01   0.0000000E+00   0.0000000E+00
   6.0958569E+01   0.0000000E+00   0.0000000E+00
   6.1384938E+01   0.0000000E+00   0.0000000E+00
   6.1814289E+01   0.0000000E+00   0.0000000E+00
   6.2246644E+01   0.0000000E+00   0.0000000E+00
   6.2682022E+01   0.0000000E+00   0.0000000E+00
   6.3120445E+01   0.0000000E+00   0.0000000E+00
   6.3561935E+01   0.0000000E+00   0.0000000E+00
   6.4006513E+01   0.0000000E+00   0.0000000E+00
   6.4454200E+01   0.0000000E+00   0.0000000E+00
   6.4905019E+01   0.0000000E+00   0.0000000E+00
   6.5358991E+01   0.0000000E+00   0.0000000E+00
   6.5816138E+01   0.0000000E+00   0.0000000E+00
   6.6276483E+01   0.0000000E+00   0.0000000E+00
   6.6740047E+01   0.0000000E+00   0.0000000E+00
   6.7206854E+01   0.0000000E+00   0.0000000E+00
   6.7676926E+01   0.0000000E+00   0.0000000E+00
   6.8150286E+01   0.0000000E+00   0.0000000E+00
   6.8626956E+01   0.0000000E+00   0.0000000E+00
   6.9106961E+01   0.0000000E+00   0.0000000E+00
   6.9590323E+01   0.0000000E+00   0.0000000E+00
   7.0077066E+01   0.0000000E+00   0.0000000E+00
   7.0567213E+01   0.0000000E+00   0.0000000E+00
   7.1060789E+01   0.0000000E+00   0.0000000E+00
   7.1557816E+01   0.0000000E+00   0.0000000E+00
   7.2058321E+01   0.0000000E+00   0.0000000E+00
   7.2562326E+01   0.0000000E+00   0.0000000E+00
   7.3069856E+01   0.0000000E+00   0.0000000E+00
   7.3580936E+01   0.0000000E+00   0.0000000E+00
   7.4095591E+01   0.0000000E+00   0.0000000E+00
   7.4613845E+01   0.0000000E+00   0.0000000E+00
   7.5135724E+01   0.0000000E+00   0.0000000E+00
   7.5661254E+01   0.0000000E+00   0.0000000E+00
   7.6190459E+01   0.0000000E+00   0.0000000E+00
   7.6723366E+01   0.0000000E+00   0.0000000E+00
   7.7260000E+01   0.0000000E+00   0.0000000E+00
   7.7800388E+01   0.0000000E+00   0.0000000E+00
   7.8344555E+01   0.0000000E+00   0.0000000E+00
   7.8892528E+01   0.0000000E+00   0.0000000E+00
   7.9444334E+01   0.0000000E+00   0.0000000E+00
   8.0000000E+01   0.0000000E+00   0.0000000E+00
