 # l=           3 basis function with energy     4.00000000000000     
  0.0000E+00  0.0000E+00  0.0000E+00  0.0000E+00
  4.9746E-07  7.8889E-20  1.8676E-26  1.6218E-25
  9.9840E-07  9.2515E-19  3.0301E-25  2.6319E-24
  1.5028E-06  3.9254E-18  1.5556E-24  1.3507E-23
  2.0108E-06  1.0985E-17  4.9858E-24  4.3296E-23
  2.5223E-06  2.4473E-17  1.2344E-23  1.0719E-22
  3.0375E-06  4.7196E-17  2.5958E-23  2.2543E-22
  3.5562E-06  8.2395E-17  4.8771E-23  4.2354E-22
  4.0785E-06  1.3374E-16  8.4380E-23  7.3277E-22
  4.6045E-06  2.0533E-16  1.3708E-22  1.1904E-21
  5.1342E-06  3.0170E-16  2.1189E-22  1.8401E-21
  5.6675E-06  4.2785E-16  3.1464E-22  2.7323E-21
  6.2046E-06  5.8922E-16  4.5196E-22  3.9249E-21
  6.7455E-06  7.9172E-16  6.3138E-22  5.4830E-21
  7.2901E-06  1.0418E-15  8.6135E-22  7.4801E-21
  7.8386E-06  1.3462E-15  1.1513E-21  9.9981E-21
  8.3909E-06  1.7125E-15  1.5117E-21  1.3128E-20
  8.9470E-06  2.1486E-15  1.9541E-21  1.6970E-20
  9.5071E-06  2.6629E-15  2.4913E-21  2.1635E-20
  1.0071E-05  3.2646E-15  3.1371E-21  2.7243E-20
  1.0639E-05  3.9632E-15  3.9069E-21  3.3928E-20
  1.1211E-05  4.7689E-15  4.8171E-21  4.1832E-20
  1.1787E-05  5.6928E-15  5.8858E-21  5.1113E-20
  1.2367E-05  6.7462E-15  7.1324E-21  6.1939E-20
  1.2951E-05  7.9414E-15  8.5781E-21  7.4493E-20
  1.3539E-05  9.2913E-15  1.0245E-20  8.8973E-20
  1.4131E-05  1.0809E-14  1.2159E-20  1.0559E-19
  1.4727E-05  1.2510E-14  1.4345E-20  1.2457E-19
  1.5328E-05  1.4409E-14  1.6832E-20  1.4617E-19
  1.5932E-05  1.6521E-14  1.9649E-20  1.7063E-19
  1.6541E-05  1.8863E-14  2.2829E-20  1.9825E-19
  1.7154E-05  2.1454E-14  2.6407E-20  2.2932E-19
  1.7772E-05  2.4311E-14  3.0420E-20  2.6417E-19
  1.8393E-05  2.7454E-14  3.4905E-20  3.0312E-19
  1.9020E-05  3.0903E-14  3.9906E-20  3.4655E-19
  1.9650E-05  3.4680E-14  4.5467E-20  3.9484E-19
  2.0285E-05  3.8807E-14  5.1634E-20  4.4839E-19
  2.0924E-05  4.3308E-14  5.8458E-20  5.0765E-19
  2.1568E-05  4.8206E-14  6.5991E-20  5.7307E-19
  2.2216E-05  5.3528E-14  7.4291E-20  6.4515E-19
  2.2869E-05  5.9301E-14  8.3416E-20  7.2439E-19
  2.3527E-05  6.5552E-14  9.3429E-20  8.1135E-19
  2.4189E-05  7.2310E-14  1.0440E-19  9.0660E-19
  2.4855E-05  7.9607E-14  1.1639E-19  1.0107E-18
  2.5527E-05  8.7475E-14  1.2948E-19  1.1244E-18
  2.6203E-05  9.5946E-14  1.4375E-19  1.2484E-18
  2.6883E-05  1.0506E-13  1.5929E-19  1.3832E-18
  2.7569E-05  1.1484E-13  1.7616E-19  1.5298E-18
  2.8259E-05  1.2534E-13  1.9448E-19  1.6889E-18
  2.8954E-05  1.3658E-13  2.1433E-19  1.8613E-18
  2.9654E-05  1.4862E-13  2.3582E-19  2.0479E-18
  3.0359E-05  1.6150E-13  2.5906E-19  2.2497E-18
  3.1069E-05  1.7525E-13  2.8415E-19  2.4676E-18
  3.1784E-05  1.8994E-13  3.1121E-19  2.7026E-18
  3.2504E-05  2.0559E-13  3.4038E-19  2.9559E-18
  3.3228E-05  2.2227E-13  3.7177E-19  3.2285E-18
  3.3958E-05  2.4003E-13  4.0552E-19  3.5216E-18
  3.4693E-05  2.5891E-13  4.4179E-19  3.8365E-18
  3.5433E-05  2.7898E-13  4.8071E-19  4.1745E-18
  3.6179E-05  3.0030E-13  5.2245E-19  4.5370E-18
  3.6929E-05  3.2292E-13  5.6717E-19  4.9254E-18
  3.7685E-05  3.4691E-13  6.1504E-19  5.3411E-18
  3.8446E-05  3.7234E-13  6.6625E-19  5.7858E-18
  3.9212E-05  3.9927E-13  7.2099E-19  6.2611E-18
  3.9984E-05  4.2777E-13  7.7944E-19  6.7687E-18
  4.0761E-05  4.5791E-13  8.4183E-19  7.3105E-18
  4.1544E-05  4.8978E-13  9.0836E-19  7.8883E-18
  4.2332E-05  5.2345E-13  9.7927E-19  8.5041E-18
  4.3125E-05  5.5900E-13  1.0548E-18  9.1599E-18
  4.3924E-05  5.9651E-13  1.1352E-18  9.8579E-18
  4.4729E-05  6.3608E-13  1.2207E-18  1.0600E-17
  4.5539E-05  6.7780E-13  1.3116E-18  1.1390E-17
  4.6355E-05  7.2176E-13  1.4081E-18  1.2228E-17
  4.7177E-05  7.6805E-13  1.5106E-18  1.3119E-17
  4.8004E-05  8.1679E-13  1.6194E-18  1.4063E-17
  4.8838E-05  8.6807E-13  1.7348E-18  1.5066E-17
  4.9677E-05  9.2200E-13  1.8572E-18  1.6128E-17
  5.0522E-05  9.7870E-13  1.9868E-18  1.7253E-17
  5.1373E-05  1.0383E-12  2.1240E-18  1.8445E-17
  5.2229E-05  1.1009E-12  2.2693E-18  1.9707E-17
  5.3092E-05  1.1666E-12  2.4230E-18  2.1042E-17
  5.3961E-05  1.2356E-12  2.5856E-18  2.2453E-17
  5.4836E-05  1.3079E-12  2.7574E-18  2.3945E-17
  5.5717E-05  1.3838E-12  2.9389E-18  2.5522E-17
  5.6604E-05  1.4634E-12  3.1306E-18  2.7186E-17
  5.7497E-05  1.5468E-12  3.3330E-18  2.8944E-17
  5.8397E-05  1.6342E-12  3.5465E-18  3.0798E-17
  5.9303E-05  1.7257E-12  3.7717E-18  3.2754E-17
  6.0215E-05  1.8215E-12  4.0092E-18  3.4816E-17
  6.1134E-05  1.9218E-12  4.2595E-18  3.6990E-17
  6.2059E-05  2.0267E-12  4.5233E-18  3.9280E-17
  6.2990E-05  2.1364E-12  4.8010E-18  4.1692E-17
  6.3928E-05  2.2512E-12  5.0935E-18  4.4232E-17
  6.4873E-05  2.3712E-12  5.4012E-18  4.6905E-17
  6.5824E-05  2.4966E-12  5.7251E-18  4.9717E-17
  6.6782E-05  2.6276E-12  6.0656E-18  5.2675E-17
  6.7747E-05  2.7644E-12  6.4238E-18  5.5784E-17
  6.8718E-05  2.9073E-12  6.8001E-18  5.9053E-17
  6.9696E-05  3.0565E-12  7.1957E-18  6.2488E-17
  7.0681E-05  3.2122E-12  7.6111E-18  6.6096E-17
  7.1673E-05  3.3746E-12  8.0474E-18  6.9884E-17
  7.2672E-05  3.5441E-12  8.5054E-18  7.3862E-17
  7.3677E-05  3.7209E-12  8.9862E-18  7.8036E-17
  7.4690E-05  3.9051E-12  9.4905E-18  8.2417E-17
  7.5710E-05  4.0973E-12  1.0020E-17  8.7011E-17
  7.6737E-05  4.2975E-12  1.0574E-17  9.1829E-17
  7.7771E-05  4.5061E-12  1.1156E-17  9.6881E-17
  7.8813E-05  4.7234E-12  1.1766E-17  1.0218E-16
  7.9861E-05  4.9498E-12  1.2405E-17  1.0772E-16
  8.0917E-05  5.1855E-12  1.3074E-17  1.1353E-16
  8.1981E-05  5.4309E-12  1.3775E-17  1.1962E-16
  8.3052E-05  5.6864E-12  1.4509E-17  1.2600E-16
  8.4130E-05  5.9522E-12  1.5277E-17  1.3267E-16
  8.5216E-05  6.2288E-12  1.6081E-17  1.3965E-16
  8.6309E-05  6.5165E-12  1.6923E-17  1.4696E-16
  8.7411E-05  6.8158E-12  1.7803E-17  1.5460E-16
  8.8519E-05  7.1270E-12  1.8724E-17  1.6260E-16
  8.9636E-05  7.4506E-12  1.9687E-17  1.7096E-16
  9.0760E-05  7.7870E-12  2.0693E-17  1.7970E-16
  9.1893E-05  8.1366E-12  2.1745E-17  1.8884E-16
  9.3033E-05  8.4999E-12  2.2845E-17  1.9838E-16
  9.4181E-05  8.8774E-12  2.3993E-17  2.0836E-16
  9.5337E-05  9.2696E-12  2.5194E-17  2.1878E-16
  9.6502E-05  9.6769E-12  2.6447E-17  2.2967E-16
  9.7674E-05  1.0100E-11  2.7756E-17  2.4103E-16
  9.8855E-05  1.0539E-11  2.9122E-17  2.5290E-16
  1.0004E-04  1.0995E-11  3.0549E-17  2.6529E-16
  1.0124E-04  1.1468E-11  3.2038E-17  2.7822E-16
  1.0245E-04  1.1960E-11  3.3591E-17  2.9171E-16
  1.0366E-04  1.2469E-11  3.5212E-17  3.0578E-16
  1.0488E-04  1.2998E-11  3.6903E-17  3.2046E-16
  1.0611E-04  1.3547E-11  3.8666E-17  3.3578E-16
  1.0735E-04  1.4116E-11  4.0505E-17  3.5174E-16
  1.0860E-04  1.4707E-11  4.2422E-17  3.6839E-16
  1.0986E-04  1.5319E-11  4.4420E-17  3.8575E-16
  1.1112E-04  1.5954E-11  4.6503E-17  4.0384E-16
  1.1240E-04  1.6612E-11  4.8674E-17  4.2269E-16
  1.1368E-04  1.7294E-11  5.0936E-17  4.4233E-16
  1.1498E-04  1.8001E-11  5.3292E-17  4.6279E-16
  1.1628E-04  1.8734E-11  5.5747E-17  4.8411E-16
  1.1759E-04  1.9493E-11  5.8303E-17  5.0631E-16
  1.1891E-04  2.0280E-11  6.0965E-17  5.2943E-16
  1.2024E-04  2.1095E-11  6.3737E-17  5.5350E-16
  1.2158E-04  2.1940E-11  6.6623E-17  5.7856E-16
  1.2292E-04  2.2814E-11  6.9627E-17  6.0465E-16
  1.2428E-04  2.3720E-11  7.2753E-17  6.3180E-16
  1.2565E-04  2.4657E-11  7.6007E-17  6.6005E-16
  1.2702E-04  2.5628E-11  7.9392E-17  6.8945E-16
  1.2841E-04  2.6634E-11  8.2914E-17  7.2003E-16
  1.2981E-04  2.7674E-11  8.6578E-17  7.5185E-16
  1.3121E-04  2.8751E-11  9.0389E-17  7.8494E-16
  1.3263E-04  2.9866E-11  9.4352E-17  8.1936E-16
  1.3405E-04  3.1020E-11  9.8473E-17  8.5515E-16
  1.3549E-04  3.2214E-11  1.0276E-16  8.9236E-16
  1.3693E-04  3.3449E-11  1.0721E-16  9.3105E-16
  1.3839E-04  3.4726E-11  1.1184E-16  9.7126E-16
  1.3985E-04  3.6048E-11  1.1666E-16  1.0131E-15
  1.4133E-04  3.7415E-11  1.2166E-16  1.0565E-15
  1.4281E-04  3.8829E-11  1.2686E-16  1.1016E-15
  1.4431E-04  4.0292E-11  1.3226E-16  1.1485E-15
  1.4582E-04  4.1804E-11  1.3787E-16  1.1973E-15
  1.4733E-04  4.3368E-11  1.4370E-16  1.2479E-15
  1.4886E-04  4.4984E-11  1.4975E-16  1.3005E-15
  1.5040E-04  4.6655E-11  1.5604E-16  1.3551E-15
  1.5195E-04  4.8383E-11  1.6257E-16  1.4118E-15
  1.5351E-04  5.0169E-11  1.6935E-16  1.4707E-15
  1.5508E-04  5.2014E-11  1.7639E-16  1.5318E-15
  1.5666E-04  5.3922E-11  1.8370E-16  1.5953E-15
  1.5826E-04  5.5893E-11  1.9129E-16  1.6612E-15
  1.5986E-04  5.7929E-11  1.9916E-16  1.7296E-15
  1.6148E-04  6.0033E-11  2.0734E-16  1.8005E-15
  1.6310E-04  6.2207E-11  2.1582E-16  1.8742E-15
  1.6474E-04  6.4453E-11  2.2462E-16  1.9506E-15
  1.6639E-04  6.6773E-11  2.3376E-16  2.0300E-15
  1.6805E-04  6.9169E-11  2.4323E-16  2.1123E-15
  1.6973E-04  7.1644E-11  2.5306E-16  2.1976E-15
  1.7141E-04  7.4200E-11  2.6326E-16  2.2862E-15
  1.7311E-04  7.6839E-11  2.7384E-16  2.3780E-15
  1.7481E-04  7.9564E-11  2.8481E-16  2.4733E-15
  1.7654E-04  8.2378E-11  2.9619E-16  2.5721E-15
  1.7827E-04  8.5284E-11  3.0798E-16  2.6745E-15
  1.8001E-04  8.8283E-11  3.2021E-16  2.7808E-15
  1.8177E-04  9.1380E-11  3.3290E-16  2.8909E-15
  1.8354E-04  9.4576E-11  3.4605E-16  3.0051E-15
  1.8532E-04  9.7875E-11  3.5968E-16  3.1235E-15
  1.8711E-04  1.0128E-10  3.7380E-16  3.2461E-15
  1.8892E-04  1.0479E-10  3.8845E-16  3.3733E-15
  1.9074E-04  1.0842E-10  4.0362E-16  3.5051E-15
  1.9257E-04  1.1216E-10  4.1935E-16  3.6417E-15
  1.9441E-04  1.1602E-10  4.3565E-16  3.7832E-15
  1.9627E-04  1.2001E-10  4.5254E-16  3.9299E-15
  1.9814E-04  1.2412E-10  4.7004E-16  4.0818E-15
  2.0002E-04  1.2836E-10  4.8816E-16  4.2392E-15
  2.0192E-04  1.3274E-10  5.0694E-16  4.4023E-15
  2.0383E-04  1.3725E-10  5.2639E-16  4.5712E-15
  2.0575E-04  1.4190E-10  5.4654E-16  4.7462E-15
  2.0769E-04  1.4670E-10  5.6741E-16  4.9274E-15
  2.0964E-04  1.5166E-10  5.8902E-16  5.1151E-15
  2.1160E-04  1.5676E-10  6.1141E-16  5.3095E-15
  2.1358E-04  1.6203E-10  6.3458E-16  5.5108E-15
  2.1557E-04  1.6746E-10  6.5858E-16  5.7192E-15
  2.1758E-04  1.7306E-10  6.8343E-16  5.9350E-15
  2.1960E-04  1.7884E-10  7.0916E-16  6.1584E-15
  2.2163E-04  1.8479E-10  7.3579E-16  6.3897E-15
  2.2368E-04  1.9093E-10  7.6336E-16  6.6291E-15
  2.2574E-04  1.9726E-10  7.9190E-16  6.8770E-15
  2.2782E-04  2.0378E-10  8.2144E-16  7.1335E-15
  2.2991E-04  2.1051E-10  8.5202E-16  7.3990E-15
  2.3201E-04  2.1744E-10  8.8366E-16  7.6738E-15
  2.3413E-04  2.2458E-10  9.1641E-16  7.9582E-15
  2.3627E-04  2.3195E-10  9.5030E-16  8.2524E-15
  2.3842E-04  2.3954E-10  9.8536E-16  8.5570E-15
  2.4058E-04  2.4736E-10  1.0216E-15  8.8720E-15
  2.4276E-04  2.5542E-10  1.0592E-15  9.1980E-15
  2.4496E-04  2.6373E-10  1.0980E-15  9.5353E-15
  2.4717E-04  2.7229E-10  1.1382E-15  9.8842E-15
  2.4940E-04  2.8111E-10  1.1798E-15  1.0245E-14
  2.5164E-04  2.9020E-10  1.2228E-15  1.0619E-14
  2.5390E-04  2.9956E-10  1.2672E-15  1.1005E-14
  2.5617E-04  3.0921E-10  1.3132E-15  1.1404E-14
  2.5846E-04  3.1915E-10  1.3608E-15  1.1817E-14
  2.6076E-04  3.2938E-10  1.4100E-15  1.2245E-14
  2.6308E-04  3.3993E-10  1.4609E-15  1.2687E-14
  2.6542E-04  3.5080E-10  1.5135E-15  1.3143E-14
  2.6778E-04  3.6199E-10  1.5679E-15  1.3616E-14
  2.7015E-04  3.7352E-10  1.6242E-15  1.4105E-14
  2.7253E-04  3.8539E-10  1.6823E-15  1.4610E-14
  2.7494E-04  3.9762E-10  1.7425E-15  1.5132E-14
  2.7736E-04  4.1021E-10  1.8047E-15  1.5672E-14
  2.7979E-04  4.2318E-10  1.8689E-15  1.6230E-14
  2.8225E-04  4.3654E-10  1.9354E-15  1.6807E-14
  2.8472E-04  4.5029E-10  2.0041E-15  1.7404E-14
  2.8721E-04  4.6445E-10  2.0751E-15  1.8020E-14
  2.8972E-04  4.7904E-10  2.1485E-15  1.8657E-14
  2.9224E-04  4.9405E-10  2.2243E-15  1.9316E-14
  2.9478E-04  5.0952E-10  2.3027E-15  1.9997E-14
  2.9734E-04  5.2544E-10  2.3837E-15  2.0700E-14
  2.9992E-04  5.4183E-10  2.4674E-15  2.1428E-14
  3.0251E-04  5.5870E-10  2.5540E-15  2.2179E-14
  3.0513E-04  5.7607E-10  2.6434E-15  2.2955E-14
  3.0776E-04  5.9395E-10  2.7357E-15  2.3757E-14
  3.1041E-04  6.1236E-10  2.8312E-15  2.4586E-14
  3.1308E-04  6.3131E-10  2.9298E-15  2.5443E-14
  3.1576E-04  6.5081E-10  3.0317E-15  2.6328E-14
  3.1847E-04  6.7089E-10  3.1370E-15  2.7242E-14
  3.2119E-04  6.9156E-10  3.2457E-15  2.8186E-14
  3.2394E-04  7.1283E-10  3.3581E-15  2.9162E-14
  3.2670E-04  7.3472E-10  3.4741E-15  3.0170E-14
  3.2948E-04  7.5725E-10  3.5940E-15  3.1211E-14
  3.3229E-04  7.8043E-10  3.7178E-15  3.2286E-14
  3.3511E-04  8.0430E-10  3.8457E-15  3.3397E-14
  3.3795E-04  8.2885E-10  3.9778E-15  3.4544E-14
  3.4081E-04  8.5412E-10  4.1143E-15  3.5729E-14
  3.4369E-04  8.8012E-10  4.2552E-15  3.6952E-14
  3.4659E-04  9.0688E-10  4.4007E-15  3.8216E-14
  3.4952E-04  9.3441E-10  4.5510E-15  3.9521E-14
  3.5246E-04  9.6274E-10  4.7061E-15  4.0868E-14
  3.5542E-04  9.9189E-10  4.8664E-15  4.2260E-14
  3.5840E-04  1.0219E-09  5.0318E-15  4.3697E-14
  3.6141E-04  1.0527E-09  5.2027E-15  4.5181E-14
  3.6443E-04  1.0845E-09  5.3791E-15  4.6712E-14
  3.6748E-04  1.1171E-09  5.5612E-15  4.8294E-14
  3.7055E-04  1.1507E-09  5.7493E-15  4.9927E-14
  3.7364E-04  1.1853E-09  5.9434E-15  5.1613E-14
  3.7675E-04  1.2209E-09  6.1438E-15  5.3353E-14
  3.7988E-04  1.2574E-09  6.3507E-15  5.5150E-14
  3.8303E-04  1.2951E-09  6.5643E-15  5.7005E-14
  3.8621E-04  1.3338E-09  6.7848E-15  5.8920E-14
  3.8941E-04  1.3736E-09  7.0124E-15  6.0896E-14
  3.9263E-04  1.4145E-09  7.2473E-15  6.2936E-14
  3.9587E-04  1.4566E-09  7.4898E-15  6.5042E-14
  3.9914E-04  1.4999E-09  7.7400E-15  6.7215E-14
  4.0243E-04  1.5445E-09  7.9983E-15  6.9458E-14
  4.0574E-04  1.5903E-09  8.2649E-15  7.1773E-14
  4.0908E-04  1.6374E-09  8.5401E-15  7.4163E-14
  4.1244E-04  1.6859E-09  8.8240E-15  7.6628E-14
  4.1582E-04  1.7357E-09  9.1170E-15  7.9173E-14
  4.1922E-04  1.7870E-09  9.4194E-15  8.1799E-14
  4.2265E-04  1.8397E-09  9.7315E-15  8.4509E-14
  4.2611E-04  1.8939E-09  1.0053E-14  8.7305E-14
  4.2959E-04  1.9497E-09  1.0386E-14  9.0191E-14
  4.3309E-04  2.0070E-09  1.0729E-14  9.3168E-14
  4.3661E-04  2.0659E-09  1.1082E-14  9.6240E-14
  4.4017E-04  2.1265E-09  1.1447E-14  9.9409E-14
  4.4374E-04  2.1888E-09  1.1824E-14  1.0268E-13
  4.4734E-04  2.2529E-09  1.2212E-14  1.0605E-13
  4.5097E-04  2.3188E-09  1.2613E-14  1.0953E-13
  4.5462E-04  2.3865E-09  1.3027E-14  1.1313E-13
  4.5830E-04  2.4562E-09  1.3453E-14  1.1683E-13
  4.6200E-04  2.5278E-09  1.3893E-14  1.2065E-13
  4.6573E-04  2.6014E-09  1.4348E-14  1.2459E-13
  4.6948E-04  2.6770E-09  1.4816E-14  1.2866E-13
  4.7327E-04  2.7548E-09  1.5299E-14  1.3286E-13
  4.7707E-04  2.8348E-09  1.5797E-14  1.3718E-13
  4.8091E-04  2.9171E-09  1.6311E-14  1.4165E-13
  4.8477E-04  3.0016E-09  1.6841E-14  1.4625E-13
  4.8866E-04  3.0885E-09  1.7388E-14  1.5100E-13
  4.9257E-04  3.1778E-09  1.7952E-14  1.5590E-13
  4.9652E-04  3.2696E-09  1.8534E-14  1.6095E-13
  5.0049E-04  3.3640E-09  1.9134E-14  1.6616E-13
  5.0448E-04  3.4610E-09  1.9753E-14  1.7153E-13
  5.0851E-04  3.5607E-09  2.0391E-14  1.7708E-13
  5.1256E-04  3.6632E-09  2.1049E-14  1.8279E-13
  5.1665E-04  3.7686E-09  2.1728E-14  1.8869E-13
  5.2076E-04  3.8769E-09  2.2428E-14  1.9476E-13
  5.2490E-04  3.9882E-09  2.3149E-14  2.0103E-13
  5.2907E-04  4.1026E-09  2.3894E-14  2.0749E-13
  5.3326E-04  4.2202E-09  2.4661E-14  2.1416E-13
  5.3749E-04  4.3410E-09  2.5452E-14  2.2103E-13
  5.4175E-04  4.4652E-09  2.6268E-14  2.2812E-13
  5.4604E-04  4.5928E-09  2.7110E-14  2.3542E-13
  5.5035E-04  4.7240E-09  2.7977E-14  2.4295E-13
  5.5470E-04  4.8588E-09  2.8871E-14  2.5072E-13
  5.5908E-04  4.9974E-09  2.9794E-14  2.5873E-13
  5.6348E-04  5.1397E-09  3.0744E-14  2.6699E-13
  5.6792E-04  5.2861E-09  3.1725E-14  2.7550E-13
  5.7239E-04  5.4364E-09  3.2735E-14  2.8427E-13
  5.7689E-04  5.5909E-09  3.3777E-14  2.9332E-13
  5.8143E-04  5.7497E-09  3.4851E-14  3.0265E-13
  5.8599E-04  5.9128E-09  3.5958E-14  3.1227E-13
  5.9059E-04  6.0805E-09  3.7100E-14  3.2218E-13
  5.9521E-04  6.2528E-09  3.8277E-14  3.3240E-13
  5.9987E-04  6.4298E-09  3.9490E-14  3.4293E-13
  6.0457E-04  6.6117E-09  4.0740E-14  3.5379E-13
  6.0929E-04  6.7986E-09  4.2029E-14  3.6498E-13
  6.1405E-04  6.9906E-09  4.3357E-14  3.7652E-13
  6.1885E-04  7.1880E-09  4.4727E-14  3.8841E-13
  6.2367E-04  7.3907E-09  4.6138E-14  4.0067E-13
  6.2853E-04  7.5990E-09  4.7593E-14  4.1330E-13
  6.3342E-04  7.8130E-09  4.9093E-14  4.2633E-13
  6.3835E-04  8.0329E-09  5.0639E-14  4.3975E-13
  6.4332E-04  8.2589E-09  5.2232E-14  4.5358E-13
  6.4831E-04  8.4910E-09  5.3874E-14  4.6784E-13
  6.5334E-04  8.7295E-09  5.5566E-14  4.8254E-13
  6.5841E-04  8.9745E-09  5.7310E-14  4.9768E-13
  6.6351E-04  9.2262E-09  5.9107E-14  5.1329E-13
  6.6865E-04  9.4848E-09  6.0959E-14  5.2938E-13
  6.7383E-04  9.7505E-09  6.2868E-14  5.4595E-13
  6.7904E-04  1.0023E-08  6.4836E-14  5.6304E-13
  6.8428E-04  1.0304E-08  6.6863E-14  5.8064E-13
  6.8957E-04  1.0592E-08  6.8952E-14  5.9878E-13
  6.9489E-04  1.0888E-08  7.1105E-14  6.1748E-13
  7.0025E-04  1.1192E-08  7.3323E-14  6.3675E-13
  7.0564E-04  1.1504E-08  7.5609E-14  6.5660E-13
  7.1107E-04  1.1825E-08  7.7965E-14  6.7705E-13
  7.1655E-04  1.2154E-08  8.0392E-14  6.9813E-13
  7.2205E-04  1.2493E-08  8.2893E-14  7.1985E-13
  7.2760E-04  1.2840E-08  8.5470E-14  7.4223E-13
  7.3319E-04  1.3198E-08  8.8126E-14  7.6529E-13
  7.3881E-04  1.3565E-08  9.0862E-14  7.8905E-13
  7.4448E-04  1.3941E-08  9.3681E-14  8.1353E-13
  7.5018E-04  1.4329E-08  9.6585E-14  8.3875E-13
  7.5593E-04  1.4726E-08  9.9578E-14  8.6474E-13
  7.6171E-04  1.5135E-08  1.0266E-13  8.9152E-13
  7.6754E-04  1.5554E-08  1.0584E-13  9.1910E-13
  7.7340E-04  1.5985E-08  1.0911E-13  9.4752E-13
  7.7931E-04  1.6428E-08  1.1248E-13  9.7680E-13
  7.8526E-04  1.6882E-08  1.1596E-13  1.0070E-12
  7.9125E-04  1.7349E-08  1.1953E-13  1.0380E-12
  7.9728E-04  1.7829E-08  1.2322E-13  1.0701E-12
  8.0336E-04  1.8321E-08  1.2702E-13  1.1030E-12
  8.0947E-04  1.8827E-08  1.3093E-13  1.1370E-12
  8.1563E-04  1.9347E-08  1.3496E-13  1.1720E-12
  8.2183E-04  1.9880E-08  1.3912E-13  1.2081E-12
  8.2808E-04  2.0428E-08  1.4339E-13  1.2452E-12
  8.3437E-04  2.0991E-08  1.4780E-13  1.2835E-12
  8.4070E-04  2.1569E-08  1.5234E-13  1.3229E-12
  8.4708E-04  2.2163E-08  1.5701E-13  1.3635E-12
  8.5350E-04  2.2773E-08  1.6183E-13  1.4053E-12
  8.5997E-04  2.3399E-08  1.6679E-13  1.4484E-12
  8.6648E-04  2.4042E-08  1.7190E-13  1.4928E-12
  8.7304E-04  2.4703E-08  1.7716E-13  1.5385E-12
  8.7964E-04  2.5381E-08  1.8259E-13  1.5856E-12
  8.8629E-04  2.6078E-08  1.8817E-13  1.6341E-12
  8.9299E-04  2.6793E-08  1.9392E-13  1.6840E-12
  8.9973E-04  2.7528E-08  1.9985E-13  1.7355E-12
  9.0652E-04  2.8282E-08  2.0595E-13  1.7885E-12
  9.1336E-04  2.9057E-08  2.1223E-13  1.8430E-12
  9.2025E-04  2.9853E-08  2.1870E-13  1.8993E-12
  9.2718E-04  3.0670E-08  2.2537E-13  1.9571E-12
  9.3416E-04  3.1509E-08  2.3224E-13  2.0168E-12
  9.4120E-04  3.2370E-08  2.3931E-13  2.0782E-12
  9.4828E-04  3.3255E-08  2.4659E-13  2.1414E-12
  9.5541E-04  3.4164E-08  2.5409E-13  2.2066E-12
  9.6259E-04  3.5097E-08  2.6182E-13  2.2736E-12
  9.6982E-04  3.6055E-08  2.6977E-13  2.3427E-12
  9.7710E-04  3.7039E-08  2.7797E-13  2.4139E-12
  9.8443E-04  3.8049E-08  2.8640E-13  2.4871E-12
  9.9181E-04  3.9086E-08  2.9509E-13  2.5626E-12
  9.9925E-04  4.0151E-08  3.0404E-13  2.6403E-12
  1.0067E-03  4.1245E-08  3.1325E-13  2.7203E-12
  1.0143E-03  4.2368E-08  3.2274E-13  2.8027E-12
  1.0219E-03  4.3522E-08  3.3251E-13  2.8876E-12
  1.0295E-03  4.4706E-08  3.4258E-13  2.9750E-12
  1.0372E-03  4.5922E-08  3.5294E-13  3.0650E-12
  1.0450E-03  4.7170E-08  3.6361E-13  3.1576E-12
  1.0528E-03  4.8452E-08  3.7460E-13  3.2530E-12
  1.0606E-03  4.9768E-08  3.8591E-13  3.3513E-12
  1.0685E-03  5.1120E-08  3.9756E-13  3.4525E-12
  1.0765E-03  5.2508E-08  4.0956E-13  3.5566E-12
  1.0845E-03  5.3933E-08  4.2191E-13  3.6639E-12
  1.0926E-03  5.5396E-08  4.3463E-13  3.7744E-12
  1.1008E-03  5.6898E-08  4.4773E-13  3.8881E-12
  1.1090E-03  5.8440E-08  4.6121E-13  4.0052E-12
  1.1172E-03  6.0024E-08  4.7510E-13  4.1258E-12
  1.1255E-03  6.1650E-08  4.8940E-13  4.2500E-12
  1.1339E-03  6.3319E-08  5.0412E-13  4.3778E-12
  1.1423E-03  6.5033E-08  5.1927E-13  4.5094E-12
  1.1508E-03  6.6793E-08  5.3488E-13  4.6449E-12
  1.1594E-03  6.8600E-08  5.5095E-13  4.7845E-12
  1.1680E-03  7.0455E-08  5.6749E-13  4.9281E-12
  1.1766E-03  7.2359E-08  5.8452E-13  5.0760E-12
  1.1854E-03  7.4315E-08  6.0206E-13  5.2283E-12
  1.1941E-03  7.6323E-08  6.2011E-13  5.3851E-12
  1.2030E-03  7.8384E-08  6.3870E-13  5.5465E-12
  1.2119E-03  8.0500E-08  6.5784E-13  5.7127E-12
  1.2209E-03  8.2673E-08  6.7754E-13  5.8838E-12
  1.2299E-03  8.4903E-08  6.9782E-13  6.0599E-12
  1.2390E-03  8.7193E-08  7.1871E-13  6.2413E-12
  1.2482E-03  8.9545E-08  7.4020E-13  6.4280E-12
  1.2574E-03  9.1958E-08  7.6234E-13  6.6202E-12
  1.2667E-03  9.4436E-08  7.8512E-13  6.8181E-12
  1.2761E-03  9.6981E-08  8.0858E-13  7.0218E-12
  1.2855E-03  9.9593E-08  8.3273E-13  7.2315E-12
  1.2950E-03  1.0227E-07  8.5759E-13  7.4474E-12
  1.3045E-03  1.0503E-07  8.8318E-13  7.6696E-12
  1.3141E-03  1.0785E-07  9.0953E-13  7.8984E-12
  1.3238E-03  1.1075E-07  9.3665E-13  8.1339E-12
  1.3336E-03  1.1373E-07  9.6457E-13  8.3764E-12
  1.3434E-03  1.1679E-07  9.9331E-13  8.6260E-12
  1.3533E-03  1.1993E-07  1.0229E-12  8.8829E-12
  1.3633E-03  1.2315E-07  1.0534E-12  9.1474E-12
  1.3733E-03  1.2646E-07  1.0847E-12  9.4197E-12
  1.3834E-03  1.2986E-07  1.1170E-12  9.6999E-12
  1.3936E-03  1.3334E-07  1.1502E-12  9.9884E-12
  1.4038E-03  1.3692E-07  1.1844E-12  1.0285E-11
  1.4141E-03  1.4060E-07  1.2196E-12  1.0591E-11
  1.4245E-03  1.4437E-07  1.2558E-12  1.0906E-11
  1.4350E-03  1.4824E-07  1.2931E-12  1.1230E-11
  1.4455E-03  1.5222E-07  1.3315E-12  1.1563E-11
  1.4561E-03  1.5630E-07  1.3710E-12  1.1906E-11
  1.4668E-03  1.6049E-07  1.4117E-12  1.2259E-11
  1.4776E-03  1.6479E-07  1.4536E-12  1.2623E-11
  1.4884E-03  1.6920E-07  1.4967E-12  1.2997E-11
  1.4993E-03  1.7374E-07  1.5410E-12  1.3383E-11
  1.5103E-03  1.7839E-07  1.5867E-12  1.3779E-11
  1.5214E-03  1.8316E-07  1.6337E-12  1.4187E-11
  1.5325E-03  1.8807E-07  1.6821E-12  1.4607E-11
  1.5437E-03  1.9310E-07  1.7319E-12  1.5040E-11
  1.5550E-03  1.9826E-07  1.7831E-12  1.5485E-11
  1.5664E-03  2.0357E-07  1.8358E-12  1.5943E-11
  1.5778E-03  2.0901E-07  1.8901E-12  1.6414E-11
  1.5894E-03  2.1460E-07  1.9460E-12  1.6899E-11
  1.6010E-03  2.2033E-07  2.0035E-12  1.7399E-11
  1.6127E-03  2.2622E-07  2.0627E-12  1.7913E-11
  1.6245E-03  2.3227E-07  2.1236E-12  1.8442E-11
  1.6363E-03  2.3847E-07  2.1863E-12  1.8986E-11
  1.6483E-03  2.4484E-07  2.2508E-12  1.9546E-11
  1.6603E-03  2.5138E-07  2.3173E-12  2.0123E-11
  1.6724E-03  2.5809E-07  2.3856E-12  2.0717E-11
  1.6846E-03  2.6497E-07  2.4560E-12  2.1328E-11
  1.6969E-03  2.7205E-07  2.5284E-12  2.1956E-11
  1.7092E-03  2.7930E-07  2.6029E-12  2.2603E-11
  1.7217E-03  2.8675E-07  2.6795E-12  2.3269E-11
  1.7342E-03  2.9440E-07  2.7585E-12  2.3955E-11
  1.7469E-03  3.0225E-07  2.8397E-12  2.4660E-11
  1.7596E-03  3.1031E-07  2.9233E-12  2.5386E-11
  1.7724E-03  3.1858E-07  3.0093E-12  2.6133E-11
  1.7853E-03  3.2707E-07  3.0978E-12  2.6902E-11
  1.7983E-03  3.3578E-07  3.1890E-12  2.7693E-11
  1.8113E-03  3.4473E-07  3.2827E-12  2.8507E-11
  1.8245E-03  3.5391E-07  3.3792E-12  2.9345E-11
  1.8378E-03  3.6333E-07  3.4785E-12  3.0208E-11
  1.8511E-03  3.7300E-07  3.5807E-12  3.1095E-11
  1.8646E-03  3.8293E-07  3.6859E-12  3.2008E-11
  1.8781E-03  3.9312E-07  3.7941E-12  3.2948E-11
  1.8917E-03  4.0358E-07  3.9055E-12  3.3915E-11
  1.9055E-03  4.1432E-07  4.0201E-12  3.4911E-11
  1.9193E-03  4.2534E-07  4.1380E-12  3.5935E-11
  1.9332E-03  4.3665E-07  4.2594E-12  3.6989E-11
  1.9472E-03  4.4827E-07  4.3843E-12  3.8074E-11
  1.9613E-03  4.6018E-07  4.5128E-12  3.9190E-11
  1.9756E-03  4.7242E-07  4.6451E-12  4.0339E-11
  1.9899E-03  4.8497E-07  4.7812E-12  4.1520E-11
  2.0043E-03  4.9786E-07  4.9213E-12  4.2737E-11
  2.0188E-03  5.1109E-07  5.0654E-12  4.3988E-11
  2.0334E-03  5.2466E-07  5.2137E-12  4.5276E-11
  2.0481E-03  5.3860E-07  5.3663E-12  4.6602E-11
  2.0630E-03  5.5290E-07  5.5234E-12  4.7965E-11
  2.0779E-03  5.6759E-07  5.6850E-12  4.9369E-11
  2.0929E-03  5.8265E-07  5.8513E-12  5.0813E-11
  2.1081E-03  5.9812E-07  6.0224E-12  5.2299E-11
  2.1233E-03  6.1399E-07  6.1985E-12  5.3828E-11
  2.1386E-03  6.3029E-07  6.3796E-12  5.5401E-11
  2.1541E-03  6.4701E-07  6.5661E-12  5.7020E-11
  2.1697E-03  6.6417E-07  6.7579E-12  5.8686E-11
  2.1853E-03  6.8179E-07  6.9553E-12  6.0400E-11
  2.2011E-03  6.9987E-07  7.1584E-12  6.2164E-11
  2.2170E-03  7.1843E-07  7.3674E-12  6.3979E-11
  2.2330E-03  7.3748E-07  7.5825E-12  6.5847E-11
  2.2491E-03  7.5703E-07  7.8037E-12  6.7768E-11
  2.2654E-03  7.7710E-07  8.0314E-12  6.9745E-11
  2.2817E-03  7.9769E-07  8.2657E-12  7.1780E-11
  2.2982E-03  8.1883E-07  8.5067E-12  7.3873E-11
  2.3147E-03  8.4052E-07  8.7548E-12  7.6027E-11
  2.3314E-03  8.6279E-07  9.0100E-12  7.8243E-11
  2.3482E-03  8.8564E-07  9.2726E-12  8.0524E-11
  2.3652E-03  9.0910E-07  9.5428E-12  8.2870E-11
  2.3822E-03  9.3317E-07  9.8208E-12  8.5284E-11
  2.3994E-03  9.5788E-07  1.0107E-11  8.7768E-11
  2.4166E-03  9.8324E-07  1.0401E-11  9.0324E-11
  2.4340E-03  1.0093E-06  1.0704E-11  9.2954E-11
  2.4516E-03  1.0360E-06  1.1015E-11  9.5659E-11
  2.4692E-03  1.0634E-06  1.1336E-11  9.8443E-11
  2.4870E-03  1.0915E-06  1.1666E-11  1.0131E-10
  2.5049E-03  1.1204E-06  1.2005E-11  1.0425E-10
  2.5229E-03  1.1500E-06  1.2354E-11  1.0729E-10
  2.5410E-03  1.1805E-06  1.2714E-11  1.1041E-10
  2.5593E-03  1.2117E-06  1.3083E-11  1.1362E-10
  2.5777E-03  1.2437E-06  1.3464E-11  1.1692E-10
  2.5962E-03  1.2766E-06  1.3855E-11  1.2032E-10
  2.6149E-03  1.3104E-06  1.4257E-11  1.2381E-10
  2.6337E-03  1.3450E-06  1.4672E-11  1.2741E-10
  2.6526E-03  1.3805E-06  1.5098E-11  1.3111E-10
  2.6716E-03  1.4170E-06  1.5536E-11  1.3492E-10
  2.6908E-03  1.4545E-06  1.5987E-11  1.3883E-10
  2.7101E-03  1.4929E-06  1.6451E-11  1.4286E-10
  2.7296E-03  1.5323E-06  1.6929E-11  1.4701E-10
  2.7492E-03  1.5728E-06  1.7420E-11  1.5128E-10
  2.7689E-03  1.6143E-06  1.7925E-11  1.5566E-10
  2.7888E-03  1.6570E-06  1.8445E-11  1.6018E-10
  2.8088E-03  1.7007E-06  1.8980E-11  1.6482E-10
  2.8289E-03  1.7456E-06  1.9530E-11  1.6960E-10
  2.8492E-03  1.7917E-06  2.0097E-11  1.7452E-10
  2.8696E-03  1.8390E-06  2.0679E-11  1.7958E-10
  2.8902E-03  1.8875E-06  2.1278E-11  1.8478E-10
  2.9109E-03  1.9373E-06  2.1895E-11  1.9014E-10
  2.9318E-03  1.9885E-06  2.2529E-11  1.9565E-10
  2.9528E-03  2.0409E-06  2.3182E-11  2.0131E-10
  2.9739E-03  2.0948E-06  2.3853E-11  2.0714E-10
  2.9952E-03  2.1500E-06  2.4544E-11  2.1314E-10
  3.0167E-03  2.2067E-06  2.5255E-11  2.1931E-10
  3.0383E-03  2.2649E-06  2.5986E-11  2.2566E-10
  3.0600E-03  2.3247E-06  2.6738E-11  2.3219E-10
  3.0819E-03  2.3859E-06  2.7511E-11  2.3891E-10
  3.1040E-03  2.4488E-06  2.8307E-11  2.4582E-10
  3.1262E-03  2.5134E-06  2.9126E-11  2.5293E-10
  3.1485E-03  2.5796E-06  2.9969E-11  2.6025E-10
  3.1710E-03  2.6476E-06  3.0835E-11  2.6778E-10
  3.1937E-03  2.7174E-06  3.1727E-11  2.7552E-10
  3.2166E-03  2.7890E-06  3.2644E-11  2.8348E-10
  3.2396E-03  2.8625E-06  3.3587E-11  2.9168E-10
  3.2627E-03  2.9379E-06  3.4558E-11  3.0011E-10
  3.2860E-03  3.0152E-06  3.5557E-11  3.0878E-10
  3.3095E-03  3.0947E-06  3.6584E-11  3.1770E-10
  3.3332E-03  3.1761E-06  3.7641E-11  3.2688E-10
  3.3570E-03  3.2598E-06  3.8728E-11  3.3632E-10
  3.3809E-03  3.3456E-06  3.9846E-11  3.4603E-10
  3.4051E-03  3.4337E-06  4.0997E-11  3.5602E-10
  3.4294E-03  3.5240E-06  4.2180E-11  3.6630E-10
  3.4539E-03  3.6168E-06  4.3398E-11  3.7687E-10
  3.4785E-03  3.7120E-06  4.4650E-11  3.8775E-10
  3.5034E-03  3.8096E-06  4.5939E-11  3.9894E-10
  3.5284E-03  3.9099E-06  4.7264E-11  4.1045E-10
  3.5535E-03  4.0127E-06  4.8628E-11  4.2229E-10
  3.5789E-03  4.1183E-06  5.0030E-11  4.3447E-10
  3.6044E-03  4.2266E-06  5.1473E-11  4.4700E-10
  3.6301E-03  4.3378E-06  5.2958E-11  4.5989E-10
  3.6560E-03  4.4518E-06  5.4484E-11  4.7315E-10
  3.6821E-03  4.5689E-06  5.6055E-11  4.8679E-10
  3.7083E-03  4.6890E-06  5.7671E-11  5.0082E-10
  3.7348E-03  4.8122E-06  5.9333E-11  5.1525E-10
  3.7614E-03  4.9387E-06  6.1043E-11  5.3010E-10
  3.7882E-03  5.0685E-06  6.2802E-11  5.4537E-10
  3.8152E-03  5.2017E-06  6.4611E-11  5.6109E-10
  3.8424E-03  5.3384E-06  6.6472E-11  5.7725E-10
  3.8698E-03  5.4786E-06  6.8386E-11  5.9387E-10
  3.8973E-03  5.6225E-06  7.0356E-11  6.1098E-10
  3.9251E-03  5.7702E-06  7.2382E-11  6.2857E-10
  3.9530E-03  5.9217E-06  7.4466E-11  6.4666E-10
  3.9812E-03  6.0772E-06  7.6609E-11  6.6528E-10
  4.0095E-03  6.2368E-06  7.8814E-11  6.8443E-10
  4.0381E-03  6.4005E-06  8.1082E-11  7.0413E-10
  4.0668E-03  6.5685E-06  8.3416E-11  7.2439E-10
  4.0957E-03  6.7409E-06  8.5816E-11  7.4523E-10
  4.1249E-03  6.9178E-06  8.8284E-11  7.6667E-10
  4.1542E-03  7.0994E-06  9.0824E-11  7.8872E-10
  4.1838E-03  7.2856E-06  9.3436E-11  8.1141E-10
  4.2135E-03  7.4768E-06  9.6123E-11  8.3474E-10
  4.2435E-03  7.6729E-06  9.8887E-11  8.5874E-10
  4.2737E-03  7.8741E-06  1.0173E-10  8.8343E-10
  4.3041E-03  8.0806E-06  1.0465E-10  9.0883E-10
  4.3347E-03  8.2925E-06  1.0766E-10  9.3496E-10
  4.3655E-03  8.5099E-06  1.1076E-10  9.6183E-10
  4.3965E-03  8.7330E-06  1.1394E-10  9.8947E-10
  4.4278E-03  8.9619E-06  1.1721E-10  1.0179E-09
  4.4592E-03  9.1968E-06  1.2058E-10  1.0471E-09
  4.4909E-03  9.4378E-06  1.2405E-10  1.0772E-09
  4.5228E-03  9.6851E-06  1.2761E-10  1.1082E-09
  4.5550E-03  9.9388E-06  1.3127E-10  1.1400E-09
  4.5873E-03  1.0199E-05  1.3504E-10  1.1727E-09
  4.6199E-03  1.0466E-05  1.3892E-10  1.2064E-09
  4.6527E-03  1.0740E-05  1.4291E-10  1.2411E-09
  4.6858E-03  1.1022E-05  1.4701E-10  1.2767E-09
  4.7190E-03  1.1310E-05  1.5123E-10  1.3133E-09
  4.7525E-03  1.1606E-05  1.5558E-10  1.3510E-09
  4.7863E-03  1.1910E-05  1.6004E-10  1.3898E-09
  4.8203E-03  1.2222E-05  1.6463E-10  1.4297E-09
  4.8545E-03  1.2541E-05  1.6936E-10  1.4707E-09
  4.8889E-03  1.2870E-05  1.7422E-10  1.5129E-09
  4.9236E-03  1.3206E-05  1.7921E-10  1.5563E-09
  4.9585E-03  1.3552E-05  1.8435E-10  1.6010E-09
  4.9937E-03  1.3906E-05  1.8964E-10  1.6469E-09
  5.0292E-03  1.4270E-05  1.9508E-10  1.6941E-09
  5.0648E-03  1.4643E-05  2.0068E-10  1.7427E-09
  5.1008E-03  1.5026E-05  2.0643E-10  1.7927E-09
  5.1369E-03  1.5418E-05  2.1235E-10  1.8440E-09
  5.1734E-03  1.5821E-05  2.1844E-10  1.8969E-09
  5.2100E-03  1.6235E-05  2.2470E-10  1.9513E-09
  5.2470E-03  1.6659E-05  2.3114E-10  2.0072E-09
  5.2842E-03  1.7094E-05  2.3776E-10  2.0647E-09
  5.3216E-03  1.7540E-05  2.4458E-10  2.1239E-09
  5.3593E-03  1.7998E-05  2.5158E-10  2.1848E-09
  5.3973E-03  1.8468E-05  2.5879E-10  2.2474E-09
  5.4356E-03  1.8950E-05  2.6621E-10  2.3118E-09
  5.4741E-03  1.9445E-05  2.7383E-10  2.3780E-09
  5.5129E-03  1.9953E-05  2.8168E-10  2.4461E-09
  5.5519E-03  2.0473E-05  2.8974E-10  2.5161E-09
  5.5913E-03  2.1007E-05  2.9804E-10  2.5882E-09
  5.6309E-03  2.1555E-05  3.0657E-10  2.6623E-09
  5.6708E-03  2.2117E-05  3.1535E-10  2.7386E-09
  5.7109E-03  2.2694E-05  3.2438E-10  2.8170E-09
  5.7514E-03  2.3286E-05  3.3367E-10  2.8976E-09
  5.7921E-03  2.3893E-05  3.4322E-10  2.9805E-09
  5.8331E-03  2.4516E-05  3.5304E-10  3.0659E-09
  5.8744E-03  2.5154E-05  3.6315E-10  3.1536E-09
  5.9160E-03  2.5810E-05  3.7354E-10  3.2439E-09
  5.9578E-03  2.6482E-05  3.8423E-10  3.3367E-09
  6.0000E-03  2.7172E-05  3.9522E-10  3.4322E-09
  6.0425E-03  2.7879E-05  4.0653E-10  3.5304E-09
  6.0852E-03  2.8605E-05  4.1816E-10  3.6314E-09
  6.1283E-03  2.9350E-05  4.3012E-10  3.7352E-09
  6.1717E-03  3.0114E-05  4.4243E-10  3.8421E-09
  6.2153E-03  3.0897E-05  4.5508E-10  3.9520E-09
  6.2593E-03  3.1701E-05  4.6810E-10  4.0650E-09
  6.3036E-03  3.2526E-05  4.8148E-10  4.1812E-09
  6.3482E-03  3.3372E-05  4.9525E-10  4.3008E-09
  6.3931E-03  3.4239E-05  5.0941E-10  4.4238E-09
  6.4383E-03  3.5130E-05  5.2398E-10  4.5502E-09
  6.4838E-03  3.6043E-05  5.3895E-10  4.6803E-09
  6.5296E-03  3.6979E-05  5.5436E-10  4.8141E-09
  6.5758E-03  3.7940E-05  5.7021E-10  4.9517E-09
  6.6223E-03  3.8926E-05  5.8650E-10  5.0932E-09
  6.6691E-03  3.9937E-05  6.0327E-10  5.2388E-09
  6.7163E-03  4.0974E-05  6.2050E-10  5.3885E-09
  6.7637E-03  4.2037E-05  6.3824E-10  5.5425E-09
  6.8115E-03  4.3128E-05  6.5647E-10  5.7009E-09
  6.8597E-03  4.4248E-05  6.7523E-10  5.8637E-09
  6.9082E-03  4.5396E-05  6.9452E-10  6.0313E-09
  6.9570E-03  4.6573E-05  7.1436E-10  6.2035E-09
  7.0061E-03  4.7781E-05  7.3476E-10  6.3807E-09
  7.0556E-03  4.9020E-05  7.5575E-10  6.5630E-09
  7.1055E-03  5.0290E-05  7.7733E-10  6.7504E-09
  7.1557E-03  5.1594E-05  7.9953E-10  6.9432E-09
  7.2062E-03  5.2931E-05  8.2236E-10  7.1415E-09
  7.2571E-03  5.4302E-05  8.4585E-10  7.3454E-09
  7.3084E-03  5.5708E-05  8.7000E-10  7.5551E-09
  7.3600E-03  5.7151E-05  8.9484E-10  7.7708E-09
  7.4120E-03  5.8630E-05  9.2038E-10  7.9927E-09
  7.4643E-03  6.0147E-05  9.4666E-10  8.2208E-09
  7.5170E-03  6.1704E-05  9.7368E-10  8.4555E-09
  7.5701E-03  6.3300E-05  1.0015E-09  8.6968E-09
  7.6235E-03  6.4937E-05  1.0301E-09  8.9451E-09
  7.6774E-03  6.6616E-05  1.0594E-09  9.2003E-09
  7.7316E-03  6.8338E-05  1.0897E-09  9.4629E-09
  7.7861E-03  7.0104E-05  1.1208E-09  9.7329E-09
  7.8411E-03  7.1915E-05  1.1528E-09  1.0011E-08
  7.8964E-03  7.3773E-05  1.1856E-09  1.0296E-08
  7.9522E-03  7.5678E-05  1.2195E-09  1.0590E-08
  8.0083E-03  7.7632E-05  1.2543E-09  1.0892E-08
  8.0648E-03  7.9636E-05  1.2900E-09  1.1203E-08
  8.1217E-03  8.1691E-05  1.3268E-09  1.1522E-08
  8.1790E-03  8.3798E-05  1.3647E-09  1.1851E-08
  8.2367E-03  8.5959E-05  1.4036E-09  1.2189E-08
  8.2948E-03  8.8175E-05  1.4436E-09  1.2537E-08
  8.3533E-03  9.0448E-05  1.4848E-09  1.2894E-08
  8.4123E-03  9.2779E-05  1.5271E-09  1.3262E-08
  8.4716E-03  9.5169E-05  1.5707E-09  1.3640E-08
  8.5313E-03  9.7620E-05  1.6155E-09  1.4029E-08
  8.5915E-03  1.0013E-04  1.6615E-09  1.4429E-08
  8.6521E-03  1.0271E-04  1.7089E-09  1.4840E-08
  8.7131E-03  1.0535E-04  1.7576E-09  1.5263E-08
  8.7746E-03  1.0806E-04  1.8077E-09  1.5698E-08
  8.8364E-03  1.1084E-04  1.8592E-09  1.6146E-08
  8.8987E-03  1.1369E-04  1.9122E-09  1.6606E-08
  8.9615E-03  1.1662E-04  1.9667E-09  1.7079E-08
  9.0246E-03  1.1961E-04  2.0228E-09  1.7566E-08
  9.0883E-03  1.2268E-04  2.0804E-09  1.8067E-08
  9.1523E-03  1.2584E-04  2.1397E-09  1.8581E-08
  9.2168E-03  1.2907E-04  2.2007E-09  1.9111E-08
  9.2818E-03  1.3238E-04  2.2634E-09  1.9655E-08
  9.3472E-03  1.3577E-04  2.3279E-09  2.0215E-08
  9.4131E-03  1.3926E-04  2.3942E-09  2.0791E-08
  9.4794E-03  1.4283E-04  2.4624E-09  2.1384E-08
  9.5462E-03  1.4649E-04  2.5325E-09  2.1993E-08
  9.6135E-03  1.5024E-04  2.6047E-09  2.2619E-08
  9.6812E-03  1.5409E-04  2.6789E-09  2.3263E-08
  9.7494E-03  1.5803E-04  2.7552E-09  2.3926E-08
  9.8181E-03  1.6208E-04  2.8336E-09  2.4607E-08
  9.8873E-03  1.6623E-04  2.9143E-09  2.5308E-08
  9.9570E-03  1.7048E-04  2.9973E-09  2.6029E-08
  1.0027E-02  1.7484E-04  3.0827E-09  2.6770E-08
  1.0098E-02  1.7931E-04  3.1704E-09  2.7532E-08
  1.0169E-02  1.8389E-04  3.2607E-09  2.8316E-08
  1.0240E-02  1.8859E-04  3.3536E-09  2.9123E-08
  1.0313E-02  1.9340E-04  3.4490E-09  2.9952E-08
  1.0385E-02  1.9834E-04  3.5472E-09  3.0804E-08
  1.0458E-02  2.0340E-04  3.6482E-09  3.1681E-08
  1.0532E-02  2.0859E-04  3.7521E-09  3.2583E-08
  1.0606E-02  2.1390E-04  3.8589E-09  3.3511E-08
  1.0681E-02  2.1936E-04  3.9687E-09  3.4464E-08
  1.0756E-02  2.2494E-04  4.0816E-09  3.5445E-08
  1.0832E-02  2.3067E-04  4.1978E-09  3.6454E-08
  1.0908E-02  2.3655E-04  4.3173E-09  3.7492E-08
  1.0985E-02  2.4257E-04  4.4401E-09  3.8559E-08
  1.1062E-02  2.4874E-04  4.5665E-09  3.9656E-08
  1.1140E-02  2.5506E-04  4.6964E-09  4.0784E-08
  1.1218E-02  2.6154E-04  4.8301E-09  4.1945E-08
  1.1297E-02  2.6819E-04  4.9675E-09  4.3138E-08
  1.1377E-02  2.7500E-04  5.1088E-09  4.4366E-08
  1.1457E-02  2.8198E-04  5.2542E-09  4.5628E-08
  1.1538E-02  2.8914E-04  5.4037E-09  4.6926E-08
  1.1619E-02  2.9647E-04  5.5574E-09  4.8261E-08
  1.1701E-02  3.0399E-04  5.7155E-09  4.9634E-08
  1.1783E-02  3.1169E-04  5.8781E-09  5.1046E-08
  1.1866E-02  3.1959E-04  6.0453E-09  5.2498E-08
  1.1949E-02  3.2768E-04  6.2172E-09  5.3991E-08
  1.2033E-02  3.3598E-04  6.3940E-09  5.5526E-08
  1.2118E-02  3.4448E-04  6.5759E-09  5.7106E-08
  1.2203E-02  3.5319E-04  6.7629E-09  5.8730E-08
  1.2289E-02  3.6212E-04  6.9552E-09  6.0400E-08
  1.2376E-02  3.7127E-04  7.1530E-09  6.2117E-08
  1.2463E-02  3.8064E-04  7.3564E-09  6.3884E-08
  1.2550E-02  3.9025E-04  7.5656E-09  6.5700E-08
  1.2639E-02  4.0010E-04  7.7807E-09  6.7568E-08
  1.2728E-02  4.1019E-04  8.0019E-09  6.9490E-08
  1.2817E-02  4.2053E-04  8.2294E-09  7.1465E-08
  1.2907E-02  4.3112E-04  8.4634E-09  7.3497E-08
  1.2998E-02  4.4198E-04  8.7040E-09  7.5586E-08
  1.3089E-02  4.5311E-04  8.9514E-09  7.7735E-08
  1.3181E-02  4.6451E-04  9.2059E-09  7.9945E-08
  1.3274E-02  4.7619E-04  9.4676E-09  8.2217E-08
  1.3367E-02  4.8816E-04  9.7367E-09  8.4555E-08
  1.3461E-02  5.0042E-04  1.0013E-08  8.6958E-08
  1.3556E-02  5.1298E-04  1.0298E-08  8.9429E-08
  1.3651E-02  5.2586E-04  1.0591E-08  9.1971E-08
  1.3747E-02  5.3905E-04  1.0892E-08  9.4585E-08
  1.3844E-02  5.5256E-04  1.1201E-08  9.7273E-08
  1.3941E-02  5.6641E-04  1.1520E-08  1.0004E-07
  1.4039E-02  5.8059E-04  1.1847E-08  1.0288E-07
  1.4138E-02  5.9513E-04  1.2184E-08  1.0580E-07
  1.4237E-02  6.1002E-04  1.2530E-08  1.0881E-07
  1.4338E-02  6.2527E-04  1.2886E-08  1.1190E-07
  1.4438E-02  6.4089E-04  1.3252E-08  1.1508E-07
  1.4540E-02  6.5690E-04  1.3628E-08  1.1835E-07
  1.4642E-02  6.7330E-04  1.4016E-08  1.2171E-07
  1.4745E-02  6.9010E-04  1.4414E-08  1.2517E-07
  1.4849E-02  7.0730E-04  1.4823E-08  1.2873E-07
  1.4953E-02  7.2493E-04  1.5244E-08  1.3238E-07
  1.5058E-02  7.4299E-04  1.5677E-08  1.3615E-07
  1.5164E-02  7.6148E-04  1.6123E-08  1.4001E-07
  1.5270E-02  7.8042E-04  1.6581E-08  1.4399E-07
  1.5378E-02  7.9983E-04  1.7052E-08  1.4808E-07
  1.5486E-02  8.1970E-04  1.7536E-08  1.5229E-07
  1.5595E-02  8.4006E-04  1.8034E-08  1.5661E-07
  1.5704E-02  8.6091E-04  1.8546E-08  1.6106E-07
  1.5814E-02  8.8226E-04  1.9073E-08  1.6563E-07
  1.5926E-02  9.0413E-04  1.9615E-08  1.7034E-07
  1.6037E-02  9.2653E-04  2.0172E-08  1.7517E-07
  1.6150E-02  9.4946E-04  2.0745E-08  1.8015E-07
  1.6264E-02  9.7295E-04  2.1334E-08  1.8526E-07
  1.6378E-02  9.9701E-04  2.1940E-08  1.9053E-07
  1.6493E-02  1.0216E-03  2.2562E-08  1.9594E-07
  1.6609E-02  1.0469E-03  2.3203E-08  2.0150E-07
  1.6725E-02  1.0727E-03  2.3862E-08  2.0722E-07
  1.6843E-02  1.0992E-03  2.4539E-08  2.1310E-07
  1.6961E-02  1.1263E-03  2.5236E-08  2.1915E-07
  1.7080E-02  1.1540E-03  2.5953E-08  2.2538E-07
  1.7200E-02  1.1824E-03  2.6689E-08  2.3177E-07
  1.7321E-02  1.2115E-03  2.7447E-08  2.3835E-07
  1.7443E-02  1.2413E-03  2.8226E-08  2.4512E-07
  1.7565E-02  1.2717E-03  2.9028E-08  2.5208E-07
  1.7689E-02  1.3030E-03  2.9852E-08  2.5924E-07
  1.7813E-02  1.3349E-03  3.0699E-08  2.6659E-07
  1.7938E-02  1.3676E-03  3.1570E-08  2.7416E-07
  1.8064E-02  1.4011E-03  3.2466E-08  2.8194E-07
  1.8191E-02  1.4354E-03  3.3388E-08  2.8995E-07
  1.8318E-02  1.4705E-03  3.4336E-08  2.9817E-07
  1.8447E-02  1.5065E-03  3.5310E-08  3.0664E-07
  1.8577E-02  1.5433E-03  3.6312E-08  3.1534E-07
  1.8707E-02  1.5809E-03  3.7343E-08  3.2429E-07
  1.8838E-02  1.6195E-03  3.8403E-08  3.3349E-07
  1.8971E-02  1.6589E-03  3.9492E-08  3.4296E-07
  1.9104E-02  1.6993E-03  4.0613E-08  3.5269E-07
  1.9238E-02  1.7407E-03  4.1766E-08  3.6270E-07
  1.9373E-02  1.7830E-03  4.2951E-08  3.7299E-07
  1.9509E-02  1.8263E-03  4.4169E-08  3.8357E-07
  1.9646E-02  1.8706E-03  4.5423E-08  3.9446E-07
  1.9784E-02  1.9160E-03  4.6712E-08  4.0565E-07
  1.9923E-02  1.9625E-03  4.8037E-08  4.1716E-07
  2.0063E-02  2.0100E-03  4.9400E-08  4.2900E-07
  2.0203E-02  2.0586E-03  5.0801E-08  4.4117E-07
  2.0345E-02  2.1084E-03  5.2243E-08  4.5368E-07
  2.0488E-02  2.1593E-03  5.3725E-08  4.6655E-07
  2.0632E-02  2.2114E-03  5.5249E-08  4.7979E-07
  2.0777E-02  2.2648E-03  5.6816E-08  4.9340E-07
  2.0922E-02  2.3193E-03  5.8428E-08  5.0740E-07
  2.1069E-02  2.3752E-03  6.0086E-08  5.2179E-07
  2.1217E-02  2.4323E-03  6.1790E-08  5.3659E-07
  2.1366E-02  2.4908E-03  6.3543E-08  5.5181E-07
  2.1516E-02  2.5506E-03  6.5345E-08  5.6747E-07
  2.1667E-02  2.6118E-03  6.7199E-08  5.8356E-07
  2.1819E-02  2.6744E-03  6.9105E-08  6.0012E-07
  2.1972E-02  2.7384E-03  7.1065E-08  6.1714E-07
  2.2126E-02  2.8039E-03  7.3080E-08  6.3464E-07
  2.2282E-02  2.8710E-03  7.5153E-08  6.5264E-07
  2.2438E-02  2.9395E-03  7.7284E-08  6.7115E-07
  2.2595E-02  3.0097E-03  7.9476E-08  6.9018E-07
  2.2754E-02  3.0814E-03  8.1730E-08  7.0976E-07
  2.2914E-02  3.1548E-03  8.4048E-08  7.2989E-07
  2.3074E-02  3.2299E-03  8.6431E-08  7.5058E-07
  2.3236E-02  3.3067E-03  8.8882E-08  7.7187E-07
  2.3399E-02  3.3852E-03  9.1403E-08  7.9376E-07
  2.3563E-02  3.4655E-03  9.3995E-08  8.1627E-07
  2.3729E-02  3.5476E-03  9.6660E-08  8.3941E-07
  2.3895E-02  3.6317E-03  9.9401E-08  8.6321E-07
  2.4063E-02  3.7176E-03  1.0222E-07  8.8769E-07
  2.4232E-02  3.8054E-03  1.0512E-07  9.1286E-07
  2.4402E-02  3.8953E-03  1.0810E-07  9.3874E-07
  2.4573E-02  3.9871E-03  1.1116E-07  9.6536E-07
  2.4745E-02  4.0811E-03  1.1431E-07  9.9273E-07
  2.4919E-02  4.1771E-03  1.1756E-07  1.0209E-06
  2.5093E-02  4.2753E-03  1.2089E-07  1.0498E-06
  2.5269E-02  4.3757E-03  1.2432E-07  1.0796E-06
  2.5447E-02  4.4784E-03  1.2784E-07  1.1102E-06
  2.5625E-02  4.5834E-03  1.3146E-07  1.1417E-06
  2.5805E-02  4.6907E-03  1.3519E-07  1.1740E-06
  2.5986E-02  4.8004E-03  1.3902E-07  1.2073E-06
  2.6168E-02  4.9125E-03  1.4296E-07  1.2415E-06
  2.6352E-02  5.0272E-03  1.4702E-07  1.2767E-06
  2.6536E-02  5.1443E-03  1.5118E-07  1.3129E-06
  2.6723E-02  5.2641E-03  1.5547E-07  1.3501E-06
  2.6910E-02  5.3865E-03  1.5988E-07  1.3884E-06
  2.7099E-02  5.5117E-03  1.6441E-07  1.4278E-06
  2.7289E-02  5.6396E-03  1.6907E-07  1.4682E-06
  2.7480E-02  5.7703E-03  1.7386E-07  1.5098E-06
  2.7673E-02  5.9039E-03  1.7879E-07  1.5526E-06
  2.7867E-02  6.0404E-03  1.8385E-07  1.5966E-06
  2.8062E-02  6.1799E-03  1.8907E-07  1.6419E-06
  2.8259E-02  6.3225E-03  1.9442E-07  1.6884E-06
  2.8457E-02  6.4681E-03  1.9993E-07  1.7363E-06
  2.8657E-02  6.6170E-03  2.0560E-07  1.7855E-06
  2.8858E-02  6.7691E-03  2.1143E-07  1.8361E-06
  2.9060E-02  6.9245E-03  2.1742E-07  1.8881E-06
  2.9264E-02  7.0832E-03  2.2358E-07  1.9416E-06
  2.9469E-02  7.2454E-03  2.2992E-07  1.9966E-06
  2.9676E-02  7.4111E-03  2.3643E-07  2.0532E-06
  2.9884E-02  7.5804E-03  2.4313E-07  2.1114E-06
  3.0093E-02  7.7533E-03  2.5002E-07  2.1712E-06
  3.0304E-02  7.9300E-03  2.5710E-07  2.2327E-06
  3.0517E-02  8.1104E-03  2.6439E-07  2.2960E-06
  3.0731E-02  8.2947E-03  2.7188E-07  2.3611E-06
  3.0946E-02  8.4829E-03  2.7958E-07  2.4280E-06
  3.1163E-02  8.6752E-03  2.8751E-07  2.4968E-06
  3.1381E-02  8.8715E-03  2.9565E-07  2.5675E-06
  3.1601E-02  9.0720E-03  3.0403E-07  2.6402E-06
  3.1823E-02  9.2768E-03  3.1264E-07  2.7151E-06
  3.2046E-02  9.4859E-03  3.2150E-07  2.7920E-06
  3.2271E-02  9.6994E-03  3.3061E-07  2.8711E-06
  3.2497E-02  9.9175E-03  3.3997E-07  2.9524E-06
  3.2725E-02  1.0140E-02  3.4960E-07  3.0361E-06
  3.2954E-02  1.0367E-02  3.5951E-07  3.1221E-06
  3.3185E-02  1.0599E-02  3.6969E-07  3.2105E-06
  3.3418E-02  1.0836E-02  3.8017E-07  3.3015E-06
  3.3652E-02  1.1078E-02  3.9093E-07  3.3950E-06
  3.3888E-02  1.1325E-02  4.0201E-07  3.4912E-06
  3.4125E-02  1.1577E-02  4.1340E-07  3.5900E-06
  3.4364E-02  1.1834E-02  4.2511E-07  3.6917E-06
  3.4605E-02  1.2097E-02  4.3715E-07  3.7963E-06
  3.4848E-02  1.2365E-02  4.4953E-07  3.9038E-06
  3.5092E-02  1.2638E-02  4.6226E-07  4.0144E-06
  3.5338E-02  1.2917E-02  4.7536E-07  4.1281E-06
  3.5586E-02  1.3202E-02  4.8882E-07  4.2451E-06
  3.5835E-02  1.3493E-02  5.0267E-07  4.3653E-06
  3.6086E-02  1.3789E-02  5.1690E-07  4.4889E-06
  3.6339E-02  1.4092E-02  5.3154E-07  4.6161E-06
  3.6594E-02  1.4401E-02  5.4660E-07  4.7468E-06
  3.6850E-02  1.4716E-02  5.6208E-07  4.8812E-06
  3.7108E-02  1.5037E-02  5.7800E-07  5.0195E-06
  3.7368E-02  1.5365E-02  5.9436E-07  5.1616E-06
  3.7630E-02  1.5700E-02  6.1120E-07  5.3078E-06
  3.7894E-02  1.6041E-02  6.2851E-07  5.4581E-06
  3.8160E-02  1.6389E-02  6.4630E-07  5.6127E-06
  3.8427E-02  1.6744E-02  6.6461E-07  5.7717E-06
  3.8696E-02  1.7106E-02  6.8343E-07  5.9351E-06
  3.8967E-02  1.7475E-02  7.0278E-07  6.1032E-06
  3.9240E-02  1.7851E-02  7.2268E-07  6.2760E-06
  3.9515E-02  1.8235E-02  7.4314E-07  6.4537E-06
  3.9792E-02  1.8627E-02  7.6419E-07  6.6365E-06
  4.0071E-02  1.9026E-02  7.8583E-07  6.8244E-06
  4.0352E-02  1.9433E-02  8.0808E-07  7.0176E-06
  4.0635E-02  1.9848E-02  8.3096E-07  7.2163E-06
  4.0919E-02  2.0272E-02  8.5449E-07  7.4206E-06
  4.1206E-02  2.0703E-02  8.7868E-07  7.6308E-06
  4.1495E-02  2.1143E-02  9.0356E-07  7.8468E-06
  4.1785E-02  2.1591E-02  9.2914E-07  8.0690E-06
  4.2078E-02  2.2048E-02  9.5545E-07  8.2974E-06
  4.2373E-02  2.2513E-02  9.8250E-07  8.5324E-06
  4.2670E-02  2.2988E-02  1.0103E-06  8.7739E-06
  4.2969E-02  2.3472E-02  1.0389E-06  9.0223E-06
  4.3270E-02  2.3964E-02  1.0683E-06  9.2778E-06
  4.3573E-02  2.4467E-02  1.0986E-06  9.5404E-06
  4.3878E-02  2.4978E-02  1.1297E-06  9.8105E-06
  4.4186E-02  2.5500E-02  1.1617E-06  1.0088E-05
  4.4495E-02  2.6031E-02  1.1945E-06  1.0374E-05
  4.4807E-02  2.6572E-02  1.2284E-06  1.0668E-05
  4.5121E-02  2.7124E-02  1.2631E-06  1.0969E-05
  4.5437E-02  2.7685E-02  1.2989E-06  1.1280E-05
  4.5755E-02  2.8257E-02  1.3356E-06  1.1599E-05
  4.6076E-02  2.8840E-02  1.3735E-06  1.1928E-05
  4.6399E-02  2.9433E-02  1.4123E-06  1.2265E-05
  4.6724E-02  3.0038E-02  1.4523E-06  1.2612E-05
  4.7051E-02  3.0653E-02  1.4934E-06  1.2969E-05
  4.7380E-02  3.1280E-02  1.5357E-06  1.3337E-05
  4.7712E-02  3.1918E-02  1.5792E-06  1.3714E-05
  4.8047E-02  3.2568E-02  1.6239E-06  1.4102E-05
  4.8383E-02  3.3229E-02  1.6698E-06  1.4501E-05
  4.8722E-02  3.3902E-02  1.7171E-06  1.4912E-05
  4.9063E-02  3.4588E-02  1.7657E-06  1.5334E-05
  4.9407E-02  3.5286E-02  1.8156E-06  1.5768E-05
  4.9753E-02  3.5996E-02  1.8670E-06  1.6214E-05
  5.0102E-02  3.6719E-02  1.9199E-06  1.6673E-05
  5.0452E-02  3.7454E-02  1.9742E-06  1.7145E-05
  5.0806E-02  3.8203E-02  2.0301E-06  1.7630E-05
  5.1162E-02  3.8965E-02  2.0875E-06  1.8129E-05
  5.1520E-02  3.9740E-02  2.1466E-06  1.8642E-05
  5.1881E-02  4.0528E-02  2.2073E-06  1.9170E-05
  5.2244E-02  4.1330E-02  2.2698E-06  1.9712E-05
  5.2610E-02  4.2147E-02  2.3340E-06  2.0270E-05
  5.2979E-02  4.2977E-02  2.4001E-06  2.0844E-05
  5.3350E-02  4.3821E-02  2.4680E-06  2.1433E-05
  5.3723E-02  4.4680E-02  2.5378E-06  2.2040E-05
  5.4100E-02  4.5554E-02  2.6096E-06  2.2664E-05
  5.4479E-02  4.6442E-02  2.6835E-06  2.3305E-05
  5.4860E-02  4.7345E-02  2.7594E-06  2.3964E-05
  5.5244E-02  4.8264E-02  2.8375E-06  2.4642E-05
  5.5631E-02  4.9197E-02  2.9178E-06  2.5340E-05
  5.6021E-02  5.0147E-02  3.0003E-06  2.6057E-05
  5.6413E-02  5.1112E-02  3.0852E-06  2.6794E-05
  5.6808E-02  5.2093E-02  3.1725E-06  2.7552E-05
  5.7206E-02  5.3090E-02  3.2623E-06  2.8331E-05
  5.7607E-02  5.4103E-02  3.3546E-06  2.9133E-05
  5.8010E-02  5.5133E-02  3.4495E-06  2.9957E-05
  5.8416E-02  5.6180E-02  3.5471E-06  3.0805E-05
  5.8825E-02  5.7243E-02  3.6474E-06  3.1676E-05
  5.9237E-02  5.8324E-02  3.7506E-06  3.2572E-05
  5.9652E-02  5.9422E-02  3.8567E-06  3.3494E-05
  6.0070E-02  6.0537E-02  3.9658E-06  3.4441E-05
  6.0491E-02  6.1670E-02  4.0780E-06  3.5416E-05
  6.0914E-02  6.2820E-02  4.1933E-06  3.6418E-05
  6.1341E-02  6.3989E-02  4.3120E-06  3.7448E-05
  6.1770E-02  6.5176E-02  4.4339E-06  3.8507E-05
  6.2203E-02  6.6381E-02  4.5593E-06  3.9596E-05
  6.2638E-02  6.7604E-02  4.6883E-06  4.0716E-05
  6.3077E-02  6.8847E-02  4.8209E-06  4.1868E-05
  6.3519E-02  7.0108E-02  4.9573E-06  4.3052E-05
  6.3963E-02  7.1388E-02  5.0975E-06  4.4270E-05
  6.4411E-02  7.2688E-02  5.2417E-06  4.5522E-05
  6.4862E-02  7.4007E-02  5.3899E-06  4.6810E-05
  6.5316E-02  7.5346E-02  5.5424E-06  4.8134E-05
  6.5774E-02  7.6704E-02  5.6991E-06  4.9495E-05
  6.6234E-02  7.8082E-02  5.8603E-06  5.0895E-05
  6.6698E-02  7.9481E-02  6.0260E-06  5.2335E-05
  6.7165E-02  8.0900E-02  6.1965E-06  5.3815E-05
  6.7635E-02  8.2339E-02  6.3717E-06  5.5337E-05
  6.8109E-02  8.3799E-02  6.5519E-06  5.6902E-05
  6.8586E-02  8.5279E-02  6.7372E-06  5.8511E-05
  6.9066E-02  8.6781E-02  6.9277E-06  6.0166E-05
  6.9550E-02  8.8304E-02  7.1236E-06  6.1867E-05
  7.0037E-02  8.9847E-02  7.3250E-06  6.3616E-05
  7.0527E-02  9.1413E-02  7.5322E-06  6.5415E-05
  7.1021E-02  9.2999E-02  7.7451E-06  6.7265E-05
  7.1518E-02  9.4608E-02  7.9642E-06  6.9167E-05
  7.2019E-02  9.6238E-02  8.1893E-06  7.1123E-05
  7.2523E-02  9.7890E-02  8.4209E-06  7.3134E-05
  7.3031E-02  9.9564E-02  8.6590E-06  7.5202E-05
  7.3542E-02  1.0126E-01  8.9038E-06  7.7328E-05
  7.4057E-02  1.0298E-01  9.1556E-06  7.9515E-05
  7.4575E-02  1.0472E-01  9.4144E-06  8.1763E-05
  7.5097E-02  1.0648E-01  9.6806E-06  8.4075E-05
  7.5623E-02  1.0827E-01  9.9543E-06  8.6452E-05
  7.6153E-02  1.1008E-01  1.0236E-05  8.8896E-05
  7.6686E-02  1.1191E-01  1.0525E-05  9.1409E-05
  7.7223E-02  1.1376E-01  1.0823E-05  9.3993E-05
  7.7763E-02  1.1564E-01  1.1129E-05  9.6651E-05
  7.8308E-02  1.1754E-01  1.1443E-05  9.9383E-05
  7.8856E-02  1.1947E-01  1.1767E-05  1.0219E-04
  7.9408E-02  1.2141E-01  1.2099E-05  1.0508E-04
  7.9964E-02  1.2338E-01  1.2441E-05  1.0805E-04
  8.0524E-02  1.2538E-01  1.2793E-05  1.1111E-04
  8.1087E-02  1.2739E-01  1.3154E-05  1.1425E-04
  8.1655E-02  1.2943E-01  1.3526E-05  1.1748E-04
  8.2227E-02  1.3150E-01  1.3909E-05  1.2080E-04
  8.2802E-02  1.3358E-01  1.4302E-05  1.2421E-04
  8.3382E-02  1.3569E-01  1.4706E-05  1.2772E-04
  8.3966E-02  1.3783E-01  1.5122E-05  1.3133E-04
  8.4553E-02  1.3999E-01  1.5549E-05  1.3504E-04
  8.5145E-02  1.4217E-01  1.5988E-05  1.3886E-04
  8.5741E-02  1.4437E-01  1.6440E-05  1.4278E-04
  8.6342E-02  1.4660E-01  1.6905E-05  1.4682E-04
  8.6946E-02  1.4885E-01  1.7382E-05  1.5097E-04
  8.7555E-02  1.5112E-01  1.7874E-05  1.5524E-04
  8.8168E-02  1.5342E-01  1.8379E-05  1.5962E-04
  8.8785E-02  1.5574E-01  1.8898E-05  1.6413E-04
  8.9406E-02  1.5808E-01  1.9432E-05  1.6877E-04
  9.0032E-02  1.6045E-01  1.9981E-05  1.7354E-04
  9.0662E-02  1.6284E-01  2.0546E-05  1.7844E-04
  9.1297E-02  1.6525E-01  2.1126E-05  1.8348E-04
  9.1936E-02  1.6768E-01  2.1723E-05  1.8867E-04
  9.2579E-02  1.7014E-01  2.2337E-05  1.9400E-04
  9.3227E-02  1.7262E-01  2.2968E-05  1.9948E-04
  9.3880E-02  1.7512E-01  2.3617E-05  2.0512E-04
  9.4537E-02  1.7764E-01  2.4284E-05  2.1091E-04
  9.5199E-02  1.8019E-01  2.4970E-05  2.1687E-04
  9.5865E-02  1.8276E-01  2.5675E-05  2.2300E-04
  9.6536E-02  1.8534E-01  2.6401E-05  2.2930E-04
  9.7212E-02  1.8795E-01  2.7146E-05  2.3577E-04
  9.7892E-02  1.9058E-01  2.7913E-05  2.4243E-04
  9.8578E-02  1.9323E-01  2.8702E-05  2.4928E-04
  9.9268E-02  1.9591E-01  2.9512E-05  2.5632E-04
  9.9962E-02  1.9860E-01  3.0346E-05  2.6356E-04
  1.0066E-01  2.0131E-01  3.1203E-05  2.7101E-04
  1.0137E-01  2.0404E-01  3.2084E-05  2.7866E-04
  1.0208E-01  2.0679E-01  3.2990E-05  2.8653E-04
  1.0279E-01  2.0956E-01  3.3922E-05  2.9462E-04
  1.0351E-01  2.1234E-01  3.4880E-05  3.0295E-04
  1.0423E-01  2.1515E-01  3.5865E-05  3.1150E-04
  1.0496E-01  2.1797E-01  3.6878E-05  3.2030E-04
  1.0570E-01  2.2081E-01  3.7919E-05  3.2934E-04
  1.0644E-01  2.2367E-01  3.8990E-05  3.3864E-04
  1.0718E-01  2.2655E-01  4.0090E-05  3.4820E-04
  1.0793E-01  2.2944E-01  4.1222E-05  3.5804E-04
  1.0869E-01  2.3234E-01  4.2386E-05  3.6814E-04
  1.0945E-01  2.3526E-01  4.3583E-05  3.7854E-04
  1.1022E-01  2.3820E-01  4.4813E-05  3.8923E-04
  1.1099E-01  2.4115E-01  4.6078E-05  4.0022E-04
  1.1176E-01  2.4411E-01  4.7379E-05  4.1151E-04
  1.1255E-01  2.4709E-01  4.8717E-05  4.2313E-04
  1.1333E-01  2.5008E-01  5.0092E-05  4.3508E-04
  1.1413E-01  2.5308E-01  5.1506E-05  4.4736E-04
  1.1493E-01  2.5609E-01  5.2960E-05  4.5998E-04
  1.1573E-01  2.5911E-01  5.4454E-05  4.7297E-04
  1.1654E-01  2.6215E-01  5.5991E-05  4.8632E-04
  1.1736E-01  2.6519E-01  5.7571E-05  5.0004E-04
  1.1818E-01  2.6824E-01  5.9196E-05  5.1416E-04
  1.1900E-01  2.7130E-01  6.0867E-05  5.2867E-04
  1.1984E-01  2.7436E-01  6.2584E-05  5.4359E-04
  1.2068E-01  2.7744E-01  6.4350E-05  5.5892E-04
  1.2152E-01  2.8051E-01  6.6166E-05  5.7470E-04
  1.2237E-01  2.8360E-01  6.8033E-05  5.9091E-04
  1.2323E-01  2.8668E-01  6.9953E-05  6.0759E-04
  1.2409E-01  2.8978E-01  7.1926E-05  6.2473E-04
  1.2496E-01  2.9287E-01  7.3956E-05  6.4236E-04
  1.2583E-01  2.9596E-01  7.6042E-05  6.6048E-04
  1.2671E-01  2.9906E-01  7.8187E-05  6.7911E-04
  1.2760E-01  3.0215E-01  8.0393E-05  6.9827E-04
  1.2849E-01  3.0525E-01  8.2660E-05  7.1796E-04
  1.2939E-01  3.0834E-01  8.4992E-05  7.3822E-04
  1.3030E-01  3.1143E-01  8.7389E-05  7.5904E-04
  1.3121E-01  3.1452E-01  8.9854E-05  7.8045E-04
  1.3213E-01  3.1760E-01  9.2388E-05  8.0246E-04
  1.3305E-01  3.2067E-01  9.4993E-05  8.2509E-04
  1.3398E-01  3.2374E-01  9.7672E-05  8.4836E-04
  1.3492E-01  3.2680E-01  1.0043E-04  8.7228E-04
  1.3587E-01  3.2985E-01  1.0326E-04  8.9688E-04
  1.3682E-01  3.3289E-01  1.0617E-04  9.2217E-04
  1.3777E-01  3.3592E-01  1.0916E-04  9.4817E-04
  1.3874E-01  3.3894E-01  1.1224E-04  9.7490E-04
  1.3971E-01  3.4194E-01  1.1541E-04  1.0024E-03
  1.4069E-01  3.4493E-01  1.1866E-04  1.0306E-03
  1.4167E-01  3.4790E-01  1.2200E-04  1.0597E-03
  1.4266E-01  3.5086E-01  1.2544E-04  1.0896E-03
  1.4366E-01  3.5380E-01  1.2898E-04  1.1203E-03
  1.4467E-01  3.5672E-01  1.3261E-04  1.1518E-03
  1.4568E-01  3.5961E-01  1.3635E-04  1.1843E-03
  1.4670E-01  3.6249E-01  1.4019E-04  1.2177E-03
  1.4772E-01  3.6534E-01  1.4414E-04  1.2520E-03
  1.4876E-01  3.6817E-01  1.4821E-04  1.2873E-03
  1.4980E-01  3.7097E-01  1.5238E-04  1.3235E-03
  1.5085E-01  3.7374E-01  1.5667E-04  1.3608E-03
  1.5190E-01  3.7649E-01  1.6109E-04  1.3992E-03
  1.5297E-01  3.7921E-01  1.6563E-04  1.4386E-03
  1.5404E-01  3.8189E-01  1.7029E-04  1.4791E-03
  1.5511E-01  3.8454E-01  1.7509E-04  1.5208E-03
  1.5620E-01  3.8716E-01  1.8002E-04  1.5636E-03
  1.5729E-01  3.8974E-01  1.8509E-04  1.6076E-03
  1.5839E-01  3.9228E-01  1.9030E-04  1.6529E-03
  1.5950E-01  3.9479E-01  1.9566E-04  1.6995E-03
  1.6062E-01  3.9725E-01  2.0117E-04  1.7473E-03
  1.6174E-01  3.9968E-01  2.0684E-04  1.7965E-03
  1.6287E-01  4.0206E-01  2.1266E-04  1.8471E-03
  1.6401E-01  4.0439E-01  2.1865E-04  1.8991E-03
  1.6516E-01  4.0668E-01  2.2480E-04  1.9525E-03
  1.6632E-01  4.0893E-01  2.3113E-04  2.0075E-03
  1.6748E-01  4.1112E-01  2.3764E-04  2.0640E-03
  1.6865E-01  4.1326E-01  2.4432E-04  2.1221E-03
  1.6983E-01  4.1535E-01  2.5120E-04  2.1818E-03
  1.7102E-01  4.1739E-01  2.5827E-04  2.2432E-03
  1.7222E-01  4.1937E-01  2.6554E-04  2.3063E-03
  1.7342E-01  4.2130E-01  2.7301E-04  2.3712E-03
  1.7464E-01  4.2316E-01  2.8069E-04  2.4379E-03
  1.7586E-01  4.2497E-01  2.8859E-04  2.5065E-03
  1.7709E-01  4.2672E-01  2.9671E-04  2.5770E-03
  1.7833E-01  4.2840E-01  3.0505E-04  2.6495E-03
  1.7958E-01  4.3001E-01  3.1363E-04  2.7240E-03
  1.8083E-01  4.3156E-01  3.2245E-04  2.8006E-03
  1.8210E-01  4.3305E-01  3.3152E-04  2.8793E-03
  1.8337E-01  4.3446E-01  3.4084E-04  2.9602E-03
  1.8465E-01  4.3580E-01  3.5043E-04  3.0435E-03
  1.8595E-01  4.3707E-01  3.6028E-04  3.1290E-03
  1.8725E-01  4.3826E-01  3.7041E-04  3.2169E-03
  1.8856E-01  4.3938E-01  3.8082E-04  3.3074E-03
  1.8988E-01  4.4042E-01  3.9152E-04  3.4003E-03
  1.9121E-01  4.4138E-01  4.0252E-04  3.4958E-03
  1.9254E-01  4.4226E-01  4.1384E-04  3.5940E-03
  1.9389E-01  4.4305E-01  4.2546E-04  3.6950E-03
  1.9525E-01  4.4377E-01  4.3742E-04  3.7988E-03
  1.9661E-01  4.4439E-01  4.4971E-04  3.9055E-03
  1.9799E-01  4.4493E-01  4.6234E-04  4.0151E-03
  1.9937E-01  4.4538E-01  4.7533E-04  4.1279E-03
  2.0077E-01  4.4574E-01  4.8868E-04  4.2438E-03
  2.0217E-01  4.4601E-01  5.0240E-04  4.3629E-03
  2.0359E-01  4.4619E-01  5.1651E-04  4.4854E-03
  2.0501E-01  4.4626E-01  5.3101E-04  4.6113E-03
  2.0645E-01  4.4625E-01  5.4592E-04  4.7407E-03
  2.0789E-01  4.4613E-01  5.6124E-04  4.8737E-03
  2.0935E-01  4.4591E-01  5.7699E-04  5.0104E-03
  2.1081E-01  4.4560E-01  5.9319E-04  5.1510E-03
  2.1229E-01  4.4518E-01  6.0983E-04  5.2954E-03
  2.1377E-01  4.4465E-01  6.2694E-04  5.4439E-03
  2.1527E-01  4.4402E-01  6.4453E-04  5.5966E-03
  2.1677E-01  4.4329E-01  6.6261E-04  5.7535E-03
  2.1829E-01  4.4244E-01  6.8120E-04  5.9148E-03
  2.1982E-01  4.4149E-01  7.0030E-04  6.0805E-03
  2.2136E-01  4.4042E-01  7.1994E-04  6.2510E-03
  2.2290E-01  4.3924E-01  7.4013E-04  6.4261E-03
  2.2446E-01  4.3795E-01  7.6088E-04  6.6061E-03
  2.2603E-01  4.3655E-01  7.8221E-04  6.7912E-03
  2.2762E-01  4.3502E-01  8.0413E-04  6.9814E-03
  2.2921E-01  4.3338E-01  8.2667E-04  7.1769E-03
  2.3081E-01  4.3163E-01  8.4983E-04  7.3778E-03
  2.3243E-01  4.2975E-01  8.7364E-04  7.5844E-03
  2.3405E-01  4.2775E-01  8.9811E-04  7.7967E-03
  2.3569E-01  4.2563E-01  9.2327E-04  8.0148E-03
  2.3734E-01  4.2339E-01  9.4913E-04  8.2391E-03
  2.3900E-01  4.2102E-01  9.7570E-04  8.4696E-03
  2.4067E-01  4.1853E-01  1.0030E-03  8.7065E-03
  2.4236E-01  4.1592E-01  1.0311E-03  8.9500E-03
  2.4405E-01  4.1317E-01  1.0600E-03  9.2002E-03
  2.4576E-01  4.1030E-01  1.0896E-03  9.4574E-03
  2.4748E-01  4.0731E-01  1.1201E-03  9.7217E-03
  2.4921E-01  4.0418E-01  1.1514E-03  9.9934E-03
  2.5095E-01  4.0093E-01  1.1837E-03  1.0273E-02
  2.5271E-01  3.9754E-01  1.2168E-03  1.0560E-02
  2.5448E-01  3.9403E-01  1.2508E-03  1.0854E-02
  2.5626E-01  3.9038E-01  1.2858E-03  1.1158E-02
  2.5805E-01  3.8660E-01  1.3217E-03  1.1469E-02
  2.5986E-01  3.8269E-01  1.3586E-03  1.1789E-02
  2.6167E-01  3.7865E-01  1.3966E-03  1.2118E-02
  2.6351E-01  3.7447E-01  1.4356E-03  1.2456E-02
  2.6535E-01  3.7016E-01  1.4757E-03  1.2804E-02
  2.6721E-01  3.6572E-01  1.5170E-03  1.3161E-02
  2.6907E-01  3.6114E-01  1.5593E-03  1.3527E-02
  2.7096E-01  3.5644E-01  1.6029E-03  1.3904E-02
  2.7285E-01  3.5159E-01  1.6476E-03  1.4292E-02
  2.7476E-01  3.4662E-01  1.6936E-03  1.4690E-02
  2.7668E-01  3.4150E-01  1.7408E-03  1.5099E-02
  2.7862E-01  3.3626E-01  1.7894E-03  1.5520E-02
  2.8057E-01  3.3088E-01  1.8393E-03  1.5952E-02
  2.8253E-01  3.2537E-01  1.8906E-03  1.6396E-02
  2.8451E-01  3.1973E-01  1.9433E-03  1.6852E-02
  2.8650E-01  3.1395E-01  1.9975E-03  1.7321E-02
  2.8850E-01  3.0804E-01  2.0532E-03  1.7802E-02
  2.9052E-01  3.0200E-01  2.1104E-03  1.8297E-02
  2.9255E-01  2.9582E-01  2.1692E-03  1.8806E-02
  2.9460E-01  2.8952E-01  2.2296E-03  1.9328E-02
  2.9666E-01  2.8308E-01  2.2917E-03  1.9865E-02
  2.9874E-01  2.7652E-01  2.3555E-03  2.0416E-02
  3.0083E-01  2.6982E-01  2.4211E-03  2.0983E-02
  3.0293E-01  2.6300E-01  2.4885E-03  2.1565E-02
  3.0505E-01  2.5605E-01  2.5577E-03  2.2164E-02
  3.0719E-01  2.4898E-01  2.6289E-03  2.2778E-02
  3.0933E-01  2.4178E-01  2.7020E-03  2.3410E-02
  3.1150E-01  2.3445E-01  2.7771E-03  2.4058E-02
  3.1368E-01  2.2700E-01  2.8543E-03  2.4725E-02
  3.1587E-01  2.1943E-01  2.9336E-03  2.5410E-02
  3.1808E-01  2.1174E-01  3.0151E-03  2.6113E-02
  3.2031E-01  2.0393E-01  3.0989E-03  2.6836E-02
  3.2255E-01  1.9600E-01  3.1849E-03  2.7578E-02
  3.2481E-01  1.8795E-01  3.2733E-03  2.8341E-02
  3.2708E-01  1.7979E-01  3.3642E-03  2.9124E-02
  3.2937E-01  1.7151E-01  3.4575E-03  2.9929E-02
  3.3167E-01  1.6313E-01  3.5535E-03  3.0755E-02
  3.3399E-01  1.5463E-01  3.6520E-03  3.1604E-02
  3.3633E-01  1.4602E-01  3.7533E-03  3.2477E-02
  3.3868E-01  1.3731E-01  3.8573E-03  3.3372E-02
  3.4105E-01  1.2849E-01  3.9642E-03  3.4293E-02
  3.4343E-01  1.1957E-01  4.0740E-03  3.5238E-02
  3.4584E-01  1.1055E-01  4.1868E-03  3.6208E-02
  3.4826E-01  1.0144E-01  4.3027E-03  3.7205E-02
  3.5069E-01  9.2219E-02  4.4218E-03  3.8229E-02
  3.5315E-01  8.2909E-02  4.5441E-03  3.9281E-02
  3.5562E-01  7.3507E-02  4.6698E-03  4.0361E-02
  3.5810E-01  6.4016E-02  4.7989E-03  4.1470E-02
  3.6061E-01  5.4437E-02  4.9316E-03  4.2610E-02
  3.6313E-01  4.4774E-02  5.0678E-03  4.3779E-02
  3.6567E-01  3.5028E-02  5.2078E-03  4.4981E-02
  3.6823E-01  2.5204E-02  5.3516E-03  4.6214E-02
  3.7081E-01  1.5302E-02  5.4994E-03  4.7481E-02
  3.7340E-01  5.3258E-03  5.6511E-03  4.8782E-02
  3.7601E-01 -4.7214E-03  5.8070E-03  5.0118E-02
  3.7864E-01 -1.4837E-02  5.9671E-03  5.1489E-02
  3.8129E-01 -2.5018E-02  6.1316E-03  5.2897E-02
  3.8396E-01 -3.5262E-02  6.3006E-03  5.4343E-02
  3.8665E-01 -4.5565E-02  6.4741E-03  5.5827E-02
  3.8935E-01 -5.5925E-02  6.6524E-03  5.7351E-02
  3.9208E-01 -6.6338E-02  6.8355E-03  5.8916E-02
  3.9482E-01 -7.6802E-02  7.0235E-03  6.0522E-02
  3.9758E-01 -8.7312E-02  7.2167E-03  6.2171E-02
  4.0036E-01 -9.7866E-02  7.4151E-03  6.3864E-02
  4.0316E-01 -1.0846E-01  7.6189E-03  6.5601E-02
  4.0598E-01 -1.1909E-01  7.8282E-03  6.7385E-02
  4.0882E-01 -1.2976E-01  8.0431E-03  6.9215E-02
  4.1168E-01 -1.4045E-01  8.2638E-03  7.1095E-02
  4.1456E-01 -1.5117E-01  8.4906E-03  7.3023E-02
  4.1746E-01 -1.6192E-01  8.7234E-03  7.5003E-02
  4.2038E-01 -1.7268E-01  8.9625E-03  7.7034E-02
  4.2332E-01 -1.8346E-01  9.2081E-03  7.9119E-02
  4.2629E-01 -1.9425E-01  9.4602E-03  8.1259E-02
  4.2927E-01 -2.0505E-01  9.7192E-03  8.3455E-02
  4.3227E-01 -2.1585E-01  9.9851E-03  8.5708E-02
  4.3529E-01 -2.2665E-01  1.0258E-02  8.8020E-02
  4.3834E-01 -2.3745E-01  1.0539E-02  9.0392E-02
  4.4141E-01 -2.4825E-01  1.0826E-02  9.2826E-02
  4.4449E-01 -2.5903E-01  1.1122E-02  9.5324E-02
  4.4760E-01 -2.6980E-01  1.1426E-02  9.7886E-02
  4.5073E-01 -2.8055E-01  1.1737E-02  1.0051E-01
  4.5389E-01 -2.9127E-01  1.2057E-02  1.0321E-01
  4.5706E-01 -3.0197E-01  1.2386E-02  1.0598E-01
  4.6026E-01 -3.1264E-01  1.2723E-02  1.0881E-01
  4.6348E-01 -3.2327E-01  1.3070E-02  1.1172E-01
  4.6672E-01 -3.3387E-01  1.3425E-02  1.1471E-01
  4.6999E-01 -3.4442E-01  1.3790E-02  1.1777E-01
  4.7327E-01 -3.5492E-01  1.4165E-02  1.2091E-01
  4.7659E-01 -3.6537E-01  1.4550E-02  1.2413E-01
  4.7992E-01 -3.7577E-01  1.4945E-02  1.2743E-01
  4.8328E-01 -3.8611E-01  1.5350E-02  1.3082E-01
  4.8666E-01 -3.9638E-01  1.5766E-02  1.3429E-01
  4.9006E-01 -4.0658E-01  1.6194E-02  1.3785E-01
  4.9349E-01 -4.1671E-01  1.6632E-02  1.4150E-01
  4.9694E-01 -4.2677E-01  1.7082E-02  1.4524E-01
  5.0042E-01 -4.3674E-01  1.7544E-02  1.4907E-01
  5.0392E-01 -4.4663E-01  1.8018E-02  1.5300E-01
  5.0744E-01 -4.5643E-01  1.8505E-02  1.5703E-01
  5.1099E-01 -4.6614E-01  1.9005E-02  1.6116E-01
  5.1457E-01 -4.7575E-01  1.9517E-02  1.6539E-01
  5.1817E-01 -4.8525E-01  2.0043E-02  1.6973E-01
  5.2179E-01 -4.9465E-01  2.0583E-02  1.7417E-01
  5.2544E-01 -5.0394E-01  2.1137E-02  1.7873E-01
  5.2912E-01 -5.1311E-01  2.1706E-02  1.8339E-01
  5.3282E-01 -5.2217E-01  2.2289E-02  1.8817E-01
  5.3655E-01 -5.3110E-01  2.2888E-02  1.9307E-01
  5.4030E-01 -5.3990E-01  2.3502E-02  1.9808E-01
  5.4408E-01 -5.4858E-01  2.4132E-02  2.0322E-01
  5.4789E-01 -5.5711E-01  2.4779E-02  2.0848E-01
  5.5172E-01 -5.6551E-01  2.5443E-02  2.1387E-01
  5.5558E-01 -5.7376E-01  2.6123E-02  2.1939E-01
  5.5946E-01 -5.8187E-01  2.6822E-02  2.2504E-01
  5.6338E-01 -5.8982E-01  2.7538E-02  2.3082E-01
  5.6732E-01 -5.9762E-01  2.8273E-02  2.3674E-01
  5.7129E-01 -6.0526E-01  2.9027E-02  2.4280E-01
  5.7528E-01 -6.1273E-01  2.9801E-02  2.4901E-01
  5.7931E-01 -6.2004E-01  3.0594E-02  2.5536E-01
  5.8336E-01 -6.2718E-01  3.1408E-02  2.6186E-01
  5.8744E-01 -6.3414E-01  3.2242E-02  2.6851E-01
  5.9155E-01 -6.4092E-01  3.3098E-02  2.7531E-01
  5.9569E-01 -6.4752E-01  3.3976E-02  2.8227E-01
  5.9986E-01 -6.5394E-01  3.4877E-02  2.8939E-01
  6.0405E-01 -6.6017E-01  3.5800E-02  2.9667E-01
  6.0828E-01 -6.6620E-01  3.6747E-02  3.0412E-01
  6.1253E-01 -6.7204E-01  3.7718E-02  3.1174E-01
  6.1682E-01 -6.7768E-01  3.8714E-02  3.1953E-01
  6.2113E-01 -6.8312E-01  3.9734E-02  3.2749E-01
  6.2548E-01 -6.8835E-01  4.0781E-02  3.3563E-01
  6.2985E-01 -6.9337E-01  4.1854E-02  3.4395E-01
  6.3426E-01 -6.9819E-01  4.2955E-02  3.5246E-01
  6.3870E-01 -7.0278E-01  4.4083E-02  3.6114E-01
  6.4316E-01 -7.0717E-01  4.5239E-02  3.7002E-01
  6.4766E-01 -7.1133E-01  4.6424E-02  3.7909E-01
  6.5219E-01 -7.1526E-01  4.7639E-02  3.8836E-01
  6.5675E-01 -7.1898E-01  4.8885E-02  3.9782E-01
  6.6135E-01 -7.2246E-01  5.0161E-02  4.0748E-01
  6.6598E-01 -7.2571E-01  5.1470E-02  4.1735E-01
  6.7063E-01 -7.2874E-01  5.2810E-02  4.2742E-01
  6.7532E-01 -7.3152E-01  5.4185E-02  4.3770E-01
  6.8005E-01 -7.3407E-01  5.5593E-02  4.4820E-01
  6.8481E-01 -7.3638E-01  5.7035E-02  4.5890E-01
  6.8960E-01 -7.3845E-01  5.8514E-02  4.6983E-01
  6.9442E-01 -7.4027E-01  6.0029E-02  4.8097E-01
  6.9928E-01 -7.4185E-01  6.1580E-02  4.9233E-01
  7.0417E-01 -7.4318E-01  6.3170E-02  5.0392E-01
  7.0909E-01 -7.4427E-01  6.4799E-02  5.1573E-01
  7.1406E-01 -7.4510E-01  6.6468E-02  5.2778E-01
  7.1905E-01 -7.4568E-01  6.8177E-02  5.4005E-01
  7.2408E-01 -7.4600E-01  6.9927E-02  5.5256E-01
  7.2914E-01 -7.4607E-01  7.1720E-02  5.6530E-01
  7.3425E-01 -7.4589E-01  7.3556E-02  5.7827E-01
  7.3938E-01 -7.4545E-01  7.5436E-02  5.9148E-01
  7.4455E-01 -7.4474E-01  7.7361E-02  6.0494E-01
  7.4976E-01 -7.4378E-01  7.9333E-02  6.1863E-01
  7.5501E-01 -7.4256E-01  8.1351E-02  6.3257E-01
  7.6029E-01 -7.4108E-01  8.3418E-02  6.4674E-01
  7.6561E-01 -7.3933E-01  8.5533E-02  6.6116E-01
  7.7096E-01 -7.3732E-01  8.7699E-02  6.7583E-01
  7.7635E-01 -7.3505E-01  8.9916E-02  6.9074E-01
  7.8178E-01 -7.3251E-01  9.2185E-02  7.0590E-01
  7.8725E-01 -7.2971E-01  9.4507E-02  7.2129E-01
  7.9276E-01 -7.2665E-01  9.6884E-02  7.3694E-01
  7.9831E-01 -7.2332E-01  9.9316E-02  7.5283E-01
  8.0389E-01 -7.1972E-01  1.0180E-01  7.6896E-01
  8.0951E-01 -7.1586E-01  1.0435E-01  7.8534E-01
  8.1518E-01 -7.1173E-01  1.0696E-01  8.0195E-01
  8.2088E-01 -7.0733E-01  1.0962E-01  8.1881E-01
  8.2662E-01 -7.0267E-01  1.1235E-01  8.3590E-01
  8.3240E-01 -6.9775E-01  1.1513E-01  8.5323E-01
  8.3822E-01 -6.9256E-01  1.1799E-01  8.7079E-01
  8.4409E-01 -6.8710E-01  1.2090E-01  8.8858E-01
  8.4999E-01 -6.8138E-01  1.2388E-01  9.0660E-01
  8.5594E-01 -6.7540E-01  1.2693E-01  9.2484E-01
  8.6193E-01 -6.6915E-01  1.3005E-01  9.4331E-01
  8.6795E-01 -6.6264E-01  1.3324E-01  9.6198E-01
  8.7403E-01 -6.5587E-01  1.3650E-01  9.8087E-01
  8.8014E-01 -6.4884E-01  1.3983E-01  9.9996E-01
  8.8630E-01 -6.4154E-01  1.4323E-01  1.0192E+00
  8.9250E-01 -6.3399E-01  1.4671E-01  1.0387E+00
  8.9874E-01 -6.2618E-01  1.5026E-01  1.0584E+00
  9.0503E-01 -6.1811E-01  1.5390E-01  1.0782E+00
  9.1136E-01 -6.0978E-01  1.5761E-01  1.0982E+00
  9.1773E-01 -6.0120E-01  1.6140E-01  1.1184E+00
  9.2415E-01 -5.9237E-01  1.6527E-01  1.1388E+00
  9.3061E-01 -5.8328E-01  1.6922E-01  1.1592E+00
  9.3712E-01 -5.7394E-01  1.7326E-01  1.1798E+00
  9.4368E-01 -5.6435E-01  1.7738E-01  1.2006E+00
  9.5028E-01 -5.5452E-01  1.8159E-01  1.2214E+00
  9.5693E-01 -5.4444E-01  1.8589E-01  1.2424E+00
  9.6362E-01 -5.3411E-01  1.9028E-01  1.2634E+00
  9.7036E-01 -5.2354E-01  1.9476E-01  1.2845E+00
  9.7715E-01 -5.1273E-01  1.9933E-01  1.3057E+00
  9.8398E-01 -5.0168E-01  2.0399E-01  1.3269E+00
  9.9087E-01 -4.9039E-01  2.0875E-01  1.3481E+00
  9.9780E-01 -4.7886E-01  2.1360E-01  1.3694E+00
  1.0048E+00 -4.6711E-01  2.1855E-01  1.3906E+00
  1.0118E+00 -4.5512E-01  2.2360E-01  1.4119E+00
  1.0189E+00 -4.4290E-01  2.2875E-01  1.4331E+00
  1.0260E+00 -4.3045E-01  2.3400E-01  1.4542E+00
  1.0332E+00 -4.1779E-01  2.3935E-01  1.4753E+00
  1.0404E+00 -4.0490E-01  2.4481E-01  1.4963E+00
  1.0477E+00 -3.9179E-01  2.5037E-01  1.5172E+00
  1.0550E+00 -3.7846E-01  2.5603E-01  1.5379E+00
  1.0624E+00 -3.6492E-01  2.6181E-01  1.5585E+00
  1.0698E+00 -3.5117E-01  2.6769E-01  1.5789E+00
  1.0773E+00 -3.3720E-01  2.7368E-01  1.5991E+00
  1.0848E+00 -3.2304E-01  2.7978E-01  1.6190E+00
  1.0924E+00 -3.0867E-01  2.8599E-01  1.6387E+00
  1.1001E+00 -2.9410E-01  2.9231E-01  1.6582E+00
  1.1078E+00 -2.7933E-01  2.9875E-01  1.6773E+00
  1.1155E+00 -2.6438E-01  3.0530E-01  1.6961E+00
  1.1233E+00 -2.4923E-01  3.1197E-01  1.7145E+00
  1.1312E+00 -2.3389E-01  3.1875E-01  1.7326E+00
  1.1391E+00 -2.1837E-01  3.2565E-01  1.7502E+00
  1.1471E+00 -2.0268E-01  3.3266E-01  1.7674E+00
  1.1551E+00 -1.8680E-01  3.3980E-01  1.7842E+00
  1.1632E+00 -1.7076E-01  3.4705E-01  1.8004E+00
  1.1713E+00 -1.5454E-01  3.5442E-01  1.8161E+00
  1.1795E+00 -1.3816E-01  3.6191E-01  1.8312E+00
  1.1877E+00 -1.2163E-01  3.6952E-01  1.8457E+00
  1.1961E+00 -1.0493E-01  3.7725E-01  1.8596E+00
  1.2044E+00 -8.8086E-02  3.8510E-01  1.8729E+00
  1.2128E+00 -7.1093E-02  3.9307E-01  1.8855E+00
  1.2213E+00 -5.3958E-02  4.0116E-01  1.8973E+00
  1.2299E+00 -3.6685E-02  4.0937E-01  1.9084E+00
  1.2385E+00 -1.9278E-02  4.1770E-01  1.9187E+00
  1.2471E+00 -1.7438E-03  4.2614E-01  1.9282E+00
  1.2559E+00  1.5914E-02  4.3471E-01  1.9369E+00
  1.2646E+00  3.3690E-02  4.4340E-01  1.9447E+00
  1.2735E+00  5.1578E-02  4.5220E-01  1.9516E+00
  1.2824E+00  6.9574E-02  4.6112E-01  1.9575E+00
  1.2914E+00  8.7672E-02  4.7016E-01  1.9625E+00
  1.3004E+00  1.0587E-01  4.7931E-01  1.9665E+00
  1.3095E+00  1.2415E-01  4.8858E-01  1.9695E+00
  1.3187E+00  1.4252E-01  4.9796E-01  1.9715E+00
  1.3279E+00  1.6096E-01  5.0745E-01  1.9723E+00
  1.3372E+00  1.7948E-01  5.1705E-01  1.9721E+00
  1.3465E+00  1.9806E-01  5.2675E-01  1.9708E+00
  1.3559E+00  2.1670E-01  5.3656E-01  1.9683E+00
  1.3654E+00  2.3539E-01  5.4647E-01  1.9646E+00
  1.3750E+00  2.5413E-01  5.5649E-01  1.9598E+00
  1.3846E+00  2.7290E-01  5.6660E-01  1.9538E+00
  1.3943E+00  2.9171E-01  5.7680E-01  1.9466E+00
  1.4040E+00  3.1054E-01  5.8710E-01  1.9381E+00
  1.4139E+00  3.2938E-01  5.9748E-01  1.9284E+00
  1.4237E+00  3.4822E-01  6.0795E-01  1.9175E+00
  1.4337E+00  3.6707E-01  6.1850E-01  1.9053E+00
  1.4437E+00  3.8591E-01  6.2913E-01  1.8919E+00
  1.4538E+00  4.0473E-01  6.3983E-01  1.8772E+00
  1.4640E+00  4.2352E-01  6.5060E-01  1.8613E+00
  1.4742E+00  4.4228E-01  6.6143E-01  1.8441E+00
  1.4845E+00  4.6099E-01  6.7232E-01  1.8256E+00
  1.4949E+00  4.7965E-01  6.8326E-01  1.8060E+00
  1.5054E+00  4.9824E-01  6.9425E-01  1.7851E+00
  1.5159E+00  5.1676E-01  7.0528E-01  1.7630E+00
  1.5265E+00  5.3520E-01  7.1634E-01  1.7397E+00
  1.5372E+00  5.5354E-01  7.2743E-01  1.7153E+00
  1.5480E+00  5.7178E-01  7.3855E-01  1.6897E+00
  1.5588E+00  5.8991E-01  7.4968E-01  1.6631E+00
  1.5697E+00  6.0791E-01  7.6081E-01  1.6354E+00
  1.5807E+00  6.2577E-01  7.7194E-01  1.6066E+00
  1.5917E+00  6.4349E-01  7.8306E-01  1.5769E+00
  1.6029E+00  6.6104E-01  7.9417E-01  1.5462E+00
  1.6141E+00  6.7843E-01  8.0524E-01  1.5146E+00
  1.6254E+00  6.9563E-01  8.1628E-01  1.4822E+00
  1.6367E+00  7.1263E-01  8.2728E-01  1.4490E+00
  1.6482E+00  7.2943E-01  8.3821E-01  1.4151E+00
  1.6597E+00  7.4600E-01  8.4908E-01  1.3805E+00
  1.6713E+00  7.6235E-01  8.5987E-01  1.3453E+00
  1.6830E+00  7.7844E-01  8.7057E-01  1.3096E+00
  1.6948E+00  7.9428E-01  8.8117E-01  1.2734E+00
  1.7066E+00  8.0984E-01  8.9165E-01  1.2368E+00
  1.7186E+00  8.2511E-01  9.0201E-01  1.1999E+00
  1.7306E+00  8.4008E-01  9.1223E-01  1.1628E+00
  1.7427E+00  8.5473E-01  9.2230E-01  1.1255E+00
  1.7549E+00  8.6906E-01  9.3220E-01  1.0881E+00
  1.7672E+00  8.8303E-01  9.4192E-01  1.0508E+00
  1.7795E+00  8.9665E-01  9.5145E-01  1.0134E+00
  1.7920E+00  9.0989E-01  9.6076E-01  9.7627E-01
  1.8045E+00  9.2274E-01  9.6985E-01  9.3932E-01
  1.8171E+00  9.3519E-01  9.7870E-01  9.0267E-01
  1.8298E+00  9.4721E-01  9.8729E-01  8.6639E-01
  1.8426E+00  9.5879E-01  9.9560E-01  8.3054E-01
  1.8555E+00  9.6992E-01  1.0036E+00  7.9520E-01
  1.8685E+00  9.8058E-01  1.0113E+00  7.6042E-01
  1.8816E+00  9.9075E-01  1.0187E+00  7.2625E-01
  1.8947E+00  1.0004E+00  1.0258E+00  6.9275E-01
  1.9080E+00  1.0096E+00  1.0324E+00  6.5996E-01
  1.9213E+00  1.0182E+00  1.0387E+00  6.2792E-01
  1.9348E+00  1.0262E+00  1.0446E+00  5.9664E-01
  1.9483E+00  1.0337E+00  1.0501E+00  5.6616E-01
  1.9619E+00  1.0406E+00  1.0551E+00  5.3648E-01
  1.9756E+00  1.0469E+00  1.0597E+00  5.0760E-01
  1.9895E+00  1.0526E+00  1.0638E+00  4.7953E-01
  2.0034E+00  1.0577E+00  1.0673E+00  4.5223E-01
  2.0174E+00  1.0621E+00  1.0704E+00  4.2570E-01
  2.0315E+00  1.0658E+00  1.0729E+00  3.9988E-01
  2.0457E+00  1.0688E+00  1.0748E+00  3.7475E-01
  2.0600E+00  1.0711E+00  1.0762E+00  3.5025E-01
  2.0744E+00  1.0727E+00  1.0769E+00  3.2633E-01
  2.0889E+00  1.0736E+00  1.0770E+00  3.0291E-01
  2.1036E+00  1.0737E+00  1.0765E+00  2.7994E-01
  2.1183E+00  1.0731E+00  1.0752E+00  2.5735E-01
  2.1331E+00  1.0717E+00  1.0733E+00  2.3506E-01
  2.1480E+00  1.0694E+00  1.0707E+00  2.1301E-01
  2.1630E+00  1.0664E+00  1.0673E+00  1.9114E-01
  2.1782E+00  1.0625E+00  1.0631E+00  1.6940E-01
  2.1934E+00  1.0578E+00  1.0582E+00  1.4774E-01
  2.2087E+00  1.0522E+00  1.0525E+00  1.2615E-01
  2.2242E+00  1.0457E+00  1.0459E+00  1.0462E-01
  2.2397E+00  1.0384E+00  1.0385E+00  8.3162E-02
  2.2554E+00  1.0302E+00  1.0302E+00  6.1840E-02
  2.2712E+00  1.0210E+00  1.0211E+00  4.0737E-02
  2.2871E+00  1.0110E+00  1.0110E+00  1.9979E-02
  2.3031E+00  1.0000E+00  1.0000E+00  0.0000E+00
  2.3192E+00  9.8808E-01  9.8808E-01  0.0000E+00
  2.3354E+00  9.7520E-01  9.7520E-01  0.0000E+00
  2.3517E+00  9.6138E-01  9.6138E-01  0.0000E+00
  2.3682E+00  9.4659E-01  9.4659E-01  0.0000E+00
  2.3847E+00  9.3083E-01  9.3083E-01  0.0000E+00
  2.4014E+00  9.1410E-01  9.1410E-01  0.0000E+00
  2.4182E+00  8.9639E-01  8.9639E-01  0.0000E+00
  2.4351E+00  8.7770E-01  8.7770E-01  0.0000E+00
  2.4522E+00  8.5803E-01  8.5803E-01  0.0000E+00
  2.4693E+00  8.3737E-01  8.3737E-01  0.0000E+00
  2.4866E+00  8.1574E-01  8.1574E-01  0.0000E+00
  2.5040E+00  7.9313E-01  7.9313E-01  0.0000E+00
  2.5215E+00  7.6954E-01  7.6954E-01  0.0000E+00
  2.5391E+00  7.4499E-01  7.4499E-01  0.0000E+00
  2.5569E+00  7.1947E-01  7.1947E-01  0.0000E+00
  2.5748E+00  6.9300E-01  6.9300E-01  0.0000E+00
  2.5928E+00  6.6559E-01  6.6559E-01  0.0000E+00
  2.6109E+00  6.3725E-01  6.3725E-01  0.0000E+00
  2.6292E+00  6.0799E-01  6.0799E-01  0.0000E+00
  2.6476E+00  5.7784E-01  5.7784E-01  0.0000E+00
  2.6661E+00  5.4680E-01  5.4680E-01  0.0000E+00
  2.6847E+00  5.1490E-01  5.1490E-01  0.0000E+00
  2.7035E+00  4.8216E-01  4.8216E-01  0.0000E+00
  2.7224E+00  4.4861E-01  4.4861E-01  0.0000E+00
  2.7415E+00  4.1427E-01  4.1427E-01  0.0000E+00
  2.7607E+00  3.7917E-01  3.7917E-01  0.0000E+00
  2.7800E+00  3.4334E-01  3.4334E-01  0.0000E+00
  2.7994E+00  3.0682E-01  3.0682E-01  0.0000E+00
  2.8190E+00  2.6964E-01  2.6964E-01  0.0000E+00
  2.8387E+00  2.3184E-01  2.3184E-01  0.0000E+00
  2.8586E+00  1.9346E-01  1.9346E-01  0.0000E+00
  2.8786E+00  1.5455E-01  1.5455E-01  0.0000E+00
  2.8987E+00  1.1515E-01  1.1515E-01  0.0000E+00
  2.9190E+00  7.5316E-02  7.5316E-02  0.0000E+00
  2.9394E+00  3.5093E-02  3.5093E-02  0.0000E+00
  2.9599E+00 -5.4624E-03 -5.4624E-03  0.0000E+00
  2.9806E+00 -4.6293E-02 -4.6293E-02  0.0000E+00
  3.0015E+00 -8.7340E-02 -8.7340E-02  0.0000E+00
  3.0225E+00 -1.2854E-01 -1.2854E-01  0.0000E+00
  3.0436E+00 -1.6983E-01 -1.6983E-01  0.0000E+00
  3.0649E+00 -2.1114E-01 -2.1114E-01  0.0000E+00
  3.0864E+00 -2.5240E-01 -2.5240E-01  0.0000E+00
  3.1079E+00 -2.9353E-01 -2.9353E-01  0.0000E+00
  3.1297E+00 -3.3447E-01 -3.3447E-01  0.0000E+00
  3.1516E+00 -3.7514E-01 -3.7514E-01  0.0000E+00
  3.1736E+00 -4.1545E-01 -4.1545E-01  0.0000E+00
  3.1958E+00 -4.5532E-01 -4.5532E-01  0.0000E+00
  3.2182E+00 -4.9467E-01 -4.9467E-01  0.0000E+00
  3.2407E+00 -5.3341E-01 -5.3341E-01  0.0000E+00
  3.2633E+00 -5.7145E-01 -5.7145E-01  0.0000E+00
