 # l=           3 basis function with energy     4.00000000000000     
  0.0000E+00  0.0000E+00  0.0000E+00  0.0000E+00
  4.9746E-07  5.3974E-19 -7.5563E-26 -5.9919E-25
  9.9840E-07  6.3297E-18 -1.2260E-24 -9.7430E-24
  1.5028E-06  2.6857E-17 -6.2941E-24 -5.0017E-23
  2.0108E-06  7.5158E-17 -2.0173E-23 -1.6026E-22
  2.5223E-06  1.6744E-16 -4.9945E-23 -3.9686E-22
  3.0375E-06  3.2291E-16 -1.0503E-22 -8.3459E-22
  3.5562E-06  5.6373E-16 -1.9733E-22 -1.5679E-21
  4.0785E-06  9.1502E-16 -3.4141E-22 -2.7127E-21
  4.6045E-06  1.4048E-15 -5.5462E-22 -4.4068E-21
  5.1342E-06  2.0642E-15 -8.5733E-22 -6.8118E-21
  5.6675E-06  2.9273E-15 -1.2731E-21 -1.0115E-20
  6.2046E-06  4.0314E-15 -1.8287E-21 -1.4530E-20
  6.7455E-06  5.4169E-15 -2.5546E-21 -2.0298E-20
  7.2901E-06  7.1276E-15 -3.4851E-21 -2.7691E-20
  7.8386E-06  9.2106E-15 -4.6582E-21 -3.7013E-20
  8.3909E-06  1.1717E-14 -6.1165E-21 -4.8598E-20
  8.9470E-06  1.4700E-14 -7.9065E-21 -6.2822E-20
  9.5071E-06  1.8219E-14 -1.0080E-20 -8.0090E-20
  1.0071E-05  2.2336E-14 -1.2693E-20 -1.0085E-19
  1.0639E-05  2.7115E-14 -1.5807E-20 -1.2560E-19
  1.1211E-05  3.2628E-14 -1.9490E-20 -1.5486E-19
  1.1787E-05  3.8949E-14 -2.3814E-20 -1.8922E-19
  1.2367E-05  4.6157E-14 -2.8858E-20 -2.2929E-19
  1.2951E-05  5.4334E-14 -3.4707E-20 -2.7577E-19
  1.3539E-05  6.3569E-14 -4.1454E-20 -3.2937E-19
  1.4131E-05  7.3956E-14 -4.9196E-20 -3.9089E-19
  1.4727E-05  8.5592E-14 -5.8041E-20 -4.6117E-19
  1.5328E-05  9.8581E-14 -6.8102E-20 -5.4111E-19
  1.5932E-05  1.1303E-13 -7.9501E-20 -6.3168E-19
  1.6541E-05  1.2906E-13 -9.2369E-20 -7.3392E-19
  1.7154E-05  1.4678E-13 -1.0685E-19 -8.4895E-19
  1.7772E-05  1.6633E-13 -1.2308E-19 -9.7794E-19
  1.8393E-05  1.8784E-13 -1.4123E-19 -1.1221E-18
  1.9020E-05  2.1143E-13 -1.6146E-19 -1.2829E-18
  1.9650E-05  2.3728E-13 -1.8396E-19 -1.4617E-18
  2.0285E-05  2.6551E-13 -2.0891E-19 -1.6599E-18
  2.0924E-05  2.9630E-13 -2.3652E-19 -1.8793E-18
  2.1568E-05  3.2982E-13 -2.6701E-19 -2.1215E-18
  2.2216E-05  3.6623E-13 -3.0059E-19 -2.3883E-18
  2.2869E-05  4.0573E-13 -3.3751E-19 -2.6817E-18
  2.3527E-05  4.4849E-13 -3.7802E-19 -3.0036E-18
  2.4189E-05  4.9474E-13 -4.2240E-19 -3.3562E-18
  2.4855E-05  5.4466E-13 -4.7093E-19 -3.7418E-18
  2.5527E-05  5.9849E-13 -5.2390E-19 -4.1627E-18
  2.6203E-05  6.5645E-13 -5.8164E-19 -4.6214E-18
  2.6883E-05  7.1877E-13 -6.4448E-19 -5.1208E-18
  2.7569E-05  7.8571E-13 -7.1277E-19 -5.6634E-18
  2.8259E-05  8.5752E-13 -7.8688E-19 -6.2522E-18
  2.8954E-05  9.3448E-13 -8.6721E-19 -6.8905E-18
  2.9654E-05  1.0169E-12 -9.5416E-19 -7.5813E-18
  3.0359E-05  1.1050E-12 -1.0482E-18 -8.3283E-18
  3.1069E-05  1.1991E-12 -1.1497E-18 -9.1349E-18
  3.1784E-05  1.2995E-12 -1.2592E-18 -1.0005E-17
  3.2504E-05  1.4066E-12 -1.3772E-18 -1.0943E-17
  3.3228E-05  1.5207E-12 -1.5042E-18 -1.1952E-17
  3.3958E-05  1.6422E-12 -1.6408E-18 -1.3037E-17
  3.4693E-05  1.7714E-12 -1.7875E-18 -1.4203E-17
  3.5433E-05  1.9088E-12 -1.9450E-18 -1.5454E-17
  3.6179E-05  2.0546E-12 -2.1139E-18 -1.6796E-17
  3.6929E-05  2.2094E-12 -2.2948E-18 -1.8234E-17
  3.7685E-05  2.3735E-12 -2.4885E-18 -1.9773E-17
  3.8446E-05  2.5475E-12 -2.6957E-18 -2.1419E-17
  3.9212E-05  2.7317E-12 -2.9172E-18 -2.3178E-17
  3.9984E-05  2.9267E-12 -3.1537E-18 -2.5058E-17
  4.0761E-05  3.1330E-12 -3.4061E-18 -2.7063E-17
  4.1544E-05  3.3510E-12 -3.6753E-18 -2.9202E-17
  4.2332E-05  3.5813E-12 -3.9622E-18 -3.1482E-17
  4.3125E-05  3.8246E-12 -4.2678E-18 -3.3910E-17
  4.3924E-05  4.0812E-12 -4.5930E-18 -3.6494E-17
  4.4729E-05  4.3520E-12 -4.9389E-18 -3.9242E-17
  4.5539E-05  4.6374E-12 -5.3066E-18 -4.2164E-17
  4.6355E-05  4.9382E-12 -5.6973E-18 -4.5268E-17
  4.7177E-05  5.2549E-12 -6.1122E-18 -4.8564E-17
  4.8004E-05  5.5884E-12 -6.5524E-18 -5.2062E-17
  4.8838E-05  5.9392E-12 -7.0193E-18 -5.5772E-17
  4.9677E-05  6.3082E-12 -7.5142E-18 -5.9705E-17
  5.0522E-05  6.6961E-12 -8.0386E-18 -6.3871E-17
  5.1373E-05  7.1038E-12 -8.5940E-18 -6.8284E-17
  5.2229E-05  7.5320E-12 -9.1818E-18 -7.2955E-17
  5.3092E-05  7.9816E-12 -9.8037E-18 -7.7896E-17
  5.3961E-05  8.4535E-12 -1.0461E-17 -8.3121E-17
  5.4836E-05  8.9487E-12 -1.1156E-17 -8.8644E-17
  5.5717E-05  9.4680E-12 -1.1891E-17 -9.4480E-17
  5.6604E-05  1.0012E-11 -1.2667E-17 -1.0064E-16
  5.7497E-05  1.0583E-11 -1.3485E-17 -1.0715E-16
  5.8397E-05  1.1181E-11 -1.4349E-17 -1.1401E-16
  5.9303E-05  1.1807E-11 -1.5261E-17 -1.2125E-16
  6.0215E-05  1.2462E-11 -1.6222E-17 -1.2889E-16
  6.1134E-05  1.3148E-11 -1.7234E-17 -1.3694E-16
  6.2059E-05  1.3866E-11 -1.8301E-17 -1.4541E-16
  6.2990E-05  1.4617E-11 -1.9425E-17 -1.5434E-16
  6.3928E-05  1.5402E-11 -2.0608E-17 -1.6375E-16
  6.4873E-05  1.6223E-11 -2.1854E-17 -1.7364E-16
  6.5824E-05  1.7081E-11 -2.3164E-17 -1.8405E-16
  6.6782E-05  1.7978E-11 -2.4542E-17 -1.9500E-16
  6.7747E-05  1.8914E-11 -2.5991E-17 -2.0651E-16
  6.8718E-05  1.9891E-11 -2.7514E-17 -2.1861E-16
  6.9696E-05  2.0912E-11 -2.9114E-17 -2.3133E-16
  7.0681E-05  2.1977E-11 -3.0795E-17 -2.4468E-16
  7.1673E-05  2.3089E-11 -3.2560E-17 -2.5871E-16
  7.2672E-05  2.4248E-11 -3.4414E-17 -2.7343E-16
  7.3677E-05  2.5457E-11 -3.6359E-17 -2.8889E-16
  7.4690E-05  2.6718E-11 -3.8399E-17 -3.0510E-16
  7.5710E-05  2.8033E-11 -4.0540E-17 -3.2211E-16
  7.6737E-05  2.9403E-11 -4.2785E-17 -3.3995E-16
  7.7771E-05  3.0830E-11 -4.5138E-17 -3.5865E-16
  7.8813E-05  3.2317E-11 -4.7605E-17 -3.7825E-16
  7.9861E-05  3.3866E-11 -5.0190E-17 -3.9879E-16
  8.0917E-05  3.5479E-11 -5.2898E-17 -4.2030E-16
  8.1981E-05  3.7158E-11 -5.5734E-17 -4.4284E-16
  8.3052E-05  3.8905E-11 -5.8704E-17 -4.6643E-16
  8.4130E-05  4.0724E-11 -6.1812E-17 -4.9113E-16
  8.5216E-05  4.2616E-11 -6.5066E-17 -5.1699E-16
  8.6309E-05  4.4585E-11 -6.8471E-17 -5.4404E-16
  8.7411E-05  4.6633E-11 -7.2032E-17 -5.7234E-16
  8.8519E-05  4.8762E-11 -7.5757E-17 -6.0193E-16
  8.9636E-05  5.0976E-11 -7.9653E-17 -6.3289E-16
  9.0760E-05  5.3277E-11 -8.3725E-17 -6.6524E-16
  9.1893E-05  5.5669E-11 -8.7982E-17 -6.9907E-16
  9.3033E-05  5.8155E-11 -9.2431E-17 -7.3441E-16
  9.4181E-05  6.0738E-11 -9.7079E-17 -7.7135E-16
  9.5337E-05  6.3421E-11 -1.0193E-16 -8.0993E-16
  9.6502E-05  6.6208E-11 -1.0701E-16 -8.5022E-16
  9.7674E-05  6.9102E-11 -1.1230E-16 -8.9230E-16
  9.8855E-05  7.2107E-11 -1.1783E-16 -9.3623E-16
  1.0004E-04  7.5227E-11 -1.2360E-16 -9.8209E-16
  1.0124E-04  7.8465E-11 -1.2963E-16 -1.0300E-15
  1.0245E-04  8.1826E-11 -1.3591E-16 -1.0799E-15
  1.0366E-04  8.5314E-11 -1.4247E-16 -1.1320E-15
  1.0488E-04  8.8933E-11 -1.4931E-16 -1.1863E-15
  1.0611E-04  9.2688E-11 -1.5644E-16 -1.2430E-15
  1.0735E-04  9.6582E-11 -1.6388E-16 -1.3021E-15
  1.0860E-04  1.0062E-10 -1.7164E-16 -1.3638E-15
  1.0986E-04  1.0481E-10 -1.7973E-16 -1.4280E-15
  1.1112E-04  1.0915E-10 -1.8815E-16 -1.4950E-15
  1.1240E-04  1.1366E-10 -1.9694E-16 -1.5648E-15
  1.1368E-04  1.1832E-10 -2.0609E-16 -1.6375E-15
  1.1498E-04  1.2316E-10 -2.1562E-16 -1.7132E-15
  1.1628E-04  1.2818E-10 -2.2555E-16 -1.7922E-15
  1.1759E-04  1.3337E-10 -2.3590E-16 -1.8743E-15
  1.1891E-04  1.3875E-10 -2.4667E-16 -1.9599E-15
  1.2024E-04  1.4433E-10 -2.5789E-16 -2.0490E-15
  1.2158E-04  1.5011E-10 -2.6956E-16 -2.1418E-15
  1.2292E-04  1.5609E-10 -2.8172E-16 -2.2384E-15
  1.2428E-04  1.6229E-10 -2.9436E-16 -2.3389E-15
  1.2565E-04  1.6870E-10 -3.0753E-16 -2.4435E-15
  1.2702E-04  1.7535E-10 -3.2123E-16 -2.5523E-15
  1.2841E-04  1.8222E-10 -3.3548E-16 -2.6655E-15
  1.2981E-04  1.8934E-10 -3.5030E-16 -2.7833E-15
  1.3121E-04  1.9671E-10 -3.6572E-16 -2.9058E-15
  1.3263E-04  2.0434E-10 -3.8175E-16 -3.0332E-15
  1.3405E-04  2.1223E-10 -3.9843E-16 -3.1657E-15
  1.3549E-04  2.2040E-10 -4.1577E-16 -3.3035E-15
  1.3693E-04  2.2885E-10 -4.3379E-16 -3.4467E-15
  1.3839E-04  2.3759E-10 -4.5253E-16 -3.5956E-15
  1.3985E-04  2.4664E-10 -4.7200E-16 -3.7503E-15
  1.4133E-04  2.5599E-10 -4.9224E-16 -3.9111E-15
  1.4281E-04  2.6567E-10 -5.1327E-16 -4.0782E-15
  1.4431E-04  2.7567E-10 -5.3512E-16 -4.2518E-15
  1.4582E-04  2.8602E-10 -5.5782E-16 -4.4322E-15
  1.4733E-04  2.9671E-10 -5.8141E-16 -4.6196E-15
  1.4886E-04  3.0777E-10 -6.0590E-16 -4.8143E-15
  1.5040E-04  3.1921E-10 -6.3135E-16 -5.0164E-15
  1.5195E-04  3.3103E-10 -6.5777E-16 -5.2263E-15
  1.5351E-04  3.4325E-10 -6.8520E-16 -5.4443E-15
  1.5508E-04  3.5587E-10 -7.1369E-16 -5.6707E-15
  1.5666E-04  3.6892E-10 -7.4326E-16 -5.9056E-15
  1.5826E-04  3.8241E-10 -7.7396E-16 -6.1496E-15
  1.5986E-04  3.9634E-10 -8.0583E-16 -6.4028E-15
  1.6148E-04  4.1074E-10 -8.3890E-16 -6.6655E-15
  1.6310E-04  4.2561E-10 -8.7322E-16 -6.9382E-15
  1.6474E-04  4.4098E-10 -9.0884E-16 -7.2212E-15
  1.6639E-04  4.5685E-10 -9.4579E-16 -7.5149E-15
  1.6805E-04  4.7324E-10 -9.8414E-16 -7.8195E-15
  1.6973E-04  4.9018E-10 -1.0239E-15 -8.1355E-15
  1.7141E-04  5.0766E-10 -1.0652E-15 -8.4634E-15
  1.7311E-04  5.2572E-10 -1.1080E-15 -8.8034E-15
  1.7481E-04  5.4437E-10 -1.1524E-15 -9.1561E-15
  1.7654E-04  5.6362E-10 -1.1984E-15 -9.5218E-15
  1.7827E-04  5.8350E-10 -1.2461E-15 -9.9011E-15
  1.8001E-04  6.0402E-10 -1.2956E-15 -1.0294E-14
  1.8177E-04  6.2521E-10 -1.3469E-15 -1.0702E-14
  1.8354E-04  6.4707E-10 -1.4001E-15 -1.1125E-14
  1.8532E-04  6.6965E-10 -1.4553E-15 -1.1563E-14
  1.8711E-04  6.9294E-10 -1.5124E-15 -1.2017E-14
  1.8892E-04  7.1699E-10 -1.5717E-15 -1.2488E-14
  1.9074E-04  7.4180E-10 -1.6331E-15 -1.2976E-14
  1.9257E-04  7.6740E-10 -1.6967E-15 -1.3481E-14
  1.9441E-04  7.9382E-10 -1.7627E-15 -1.4005E-14
  1.9627E-04  8.2108E-10 -1.8310E-15 -1.4548E-14
  1.9814E-04  8.4921E-10 -1.9018E-15 -1.5111E-14
  2.0002E-04  8.7822E-10 -1.9751E-15 -1.5694E-14
  2.0192E-04  9.0815E-10 -2.0511E-15 -1.6297E-14
  2.0383E-04  9.3903E-10 -2.1298E-15 -1.6923E-14
  2.0575E-04  9.7088E-10 -2.2113E-15 -1.7570E-14
  2.0769E-04  1.0037E-09 -2.2958E-15 -1.8241E-14
  2.0964E-04  1.0376E-09 -2.3832E-15 -1.8936E-14
  2.1160E-04  1.0726E-09 -2.4738E-15 -1.9656E-14
  2.1358E-04  1.1086E-09 -2.5676E-15 -2.0401E-14
  2.1557E-04  1.1458E-09 -2.6647E-15 -2.1172E-14
  2.1758E-04  1.1841E-09 -2.7652E-15 -2.1971E-14
  2.1960E-04  1.2236E-09 -2.8693E-15 -2.2798E-14
  2.2163E-04  1.2643E-09 -2.9771E-15 -2.3654E-14
  2.2368E-04  1.3063E-09 -3.0886E-15 -2.4541E-14
  2.2574E-04  1.3496E-09 -3.2041E-15 -2.5458E-14
  2.2782E-04  1.3942E-09 -3.3236E-15 -2.6408E-14
  2.2991E-04  1.4403E-09 -3.4473E-15 -2.7391E-14
  2.3201E-04  1.4877E-09 -3.5754E-15 -2.8408E-14
  2.3413E-04  1.5366E-09 -3.7078E-15 -2.9461E-14
  2.3627E-04  1.5870E-09 -3.8450E-15 -3.0550E-14
  2.3842E-04  1.6389E-09 -3.9868E-15 -3.1678E-14
  2.4058E-04  1.6924E-09 -4.1336E-15 -3.2844E-14
  2.4276E-04  1.7476E-09 -4.2855E-15 -3.4051E-14
  2.4496E-04  1.8044E-09 -4.4427E-15 -3.5299E-14
  2.4717E-04  1.8630E-09 -4.6052E-15 -3.6591E-14
  2.4940E-04  1.9233E-09 -4.7734E-15 -3.7927E-14
  2.5164E-04  1.9855E-09 -4.9474E-15 -3.9310E-14
  2.5390E-04  2.0495E-09 -5.1273E-15 -4.0739E-14
  2.5617E-04  2.1156E-09 -5.3134E-15 -4.2218E-14
  2.5846E-04  2.1835E-09 -5.5059E-15 -4.3748E-14
  2.6076E-04  2.2536E-09 -5.7050E-15 -4.5329E-14
  2.6308E-04  2.3258E-09 -5.9109E-15 -4.6965E-14
  2.6542E-04  2.4001E-09 -6.1238E-15 -4.8657E-14
  2.6778E-04  2.4767E-09 -6.3439E-15 -5.0406E-14
  2.7015E-04  2.5555E-09 -6.5715E-15 -5.2214E-14
  2.7253E-04  2.6368E-09 -6.8069E-15 -5.4085E-14
  2.7494E-04  2.7204E-09 -7.0502E-15 -5.6018E-14
  2.7736E-04  2.8066E-09 -7.3018E-15 -5.8017E-14
  2.7979E-04  2.8953E-09 -7.5619E-15 -6.0083E-14
  2.8225E-04  2.9867E-09 -7.8307E-15 -6.2219E-14
  2.8472E-04  3.0808E-09 -8.1086E-15 -6.4428E-14
  2.8721E-04  3.1777E-09 -8.3959E-15 -6.6710E-14
  2.8972E-04  3.2775E-09 -8.6928E-15 -6.9069E-14
  2.9224E-04  3.3802E-09 -8.9997E-15 -7.1508E-14
  2.9478E-04  3.4860E-09 -9.3169E-15 -7.4028E-14
  2.9734E-04  3.5949E-09 -9.6447E-15 -7.6632E-14
  2.9992E-04  3.7071E-09 -9.9834E-15 -7.9324E-14
  3.0251E-04  3.8225E-09 -1.0334E-14 -8.2105E-14
  3.0513E-04  3.9414E-09 -1.0695E-14 -8.4980E-14
  3.0776E-04  4.0637E-09 -1.1069E-14 -8.7949E-14
  3.1041E-04  4.1897E-09 -1.1455E-14 -9.1018E-14
  3.1308E-04  4.3193E-09 -1.1854E-14 -9.4189E-14
  3.1576E-04  4.4528E-09 -1.2267E-14 -9.7464E-14
  3.1847E-04  4.5901E-09 -1.2692E-14 -1.0085E-13
  3.2119E-04  4.7315E-09 -1.3132E-14 -1.0434E-13
  3.2394E-04  4.8770E-09 -1.3587E-14 -1.0796E-13
  3.2670E-04  5.0268E-09 -1.4057E-14 -1.1169E-13
  3.2948E-04  5.1810E-09 -1.4542E-14 -1.1554E-13
  3.3229E-04  5.3396E-09 -1.5043E-14 -1.1952E-13
  3.3511E-04  5.5029E-09 -1.5560E-14 -1.2363E-13
  3.3795E-04  5.6709E-09 -1.6095E-14 -1.2788E-13
  3.4081E-04  5.8438E-09 -1.6647E-14 -1.3227E-13
  3.4369E-04  6.0217E-09 -1.7217E-14 -1.3680E-13
  3.4659E-04  6.2047E-09 -1.7805E-14 -1.4147E-13
  3.4952E-04  6.3931E-09 -1.8413E-14 -1.4631E-13
  3.5246E-04  6.5869E-09 -1.9041E-14 -1.5129E-13
  3.5542E-04  6.7863E-09 -1.9690E-14 -1.5645E-13
  3.5840E-04  6.9915E-09 -2.0359E-14 -1.6176E-13
  3.6141E-04  7.2026E-09 -2.1050E-14 -1.6726E-13
  3.6443E-04  7.4198E-09 -2.1764E-14 -1.7293E-13
  3.6748E-04  7.6433E-09 -2.2501E-14 -1.7878E-13
  3.7055E-04  7.8731E-09 -2.3262E-14 -1.8483E-13
  3.7364E-04  8.1096E-09 -2.4047E-14 -1.9107E-13
  3.7675E-04  8.3529E-09 -2.4858E-14 -1.9751E-13
  3.7988E-04  8.6031E-09 -2.5695E-14 -2.0416E-13
  3.8303E-04  8.8605E-09 -2.6560E-14 -2.1103E-13
  3.8621E-04  9.1253E-09 -2.7452E-14 -2.1812E-13
  3.8941E-04  9.3977E-09 -2.8373E-14 -2.2544E-13
  3.9263E-04  9.6778E-09 -2.9323E-14 -2.3299E-13
  3.9587E-04  9.9660E-09 -3.0304E-14 -2.4078E-13
  3.9914E-04  1.0262E-08 -3.1317E-14 -2.4883E-13
  4.0243E-04  1.0567E-08 -3.2362E-14 -2.5713E-13
  4.0574E-04  1.0881E-08 -3.3440E-14 -2.6570E-13
  4.0908E-04  1.1203E-08 -3.4554E-14 -2.7455E-13
  4.1244E-04  1.1535E-08 -3.5703E-14 -2.8368E-13
  4.1582E-04  1.1876E-08 -3.6888E-14 -2.9310E-13
  4.1922E-04  1.2226E-08 -3.8112E-14 -3.0282E-13
  4.2265E-04  1.2587E-08 -3.9374E-14 -3.1285E-13
  4.2611E-04  1.2958E-08 -4.0677E-14 -3.2320E-13
  4.2959E-04  1.3339E-08 -4.2021E-14 -3.3388E-13
  4.3309E-04  1.3731E-08 -4.3408E-14 -3.4490E-13
  4.3661E-04  1.4135E-08 -4.4840E-14 -3.5628E-13
  4.4017E-04  1.4549E-08 -4.6317E-14 -3.6801E-13
  4.4374E-04  1.4976E-08 -4.7840E-14 -3.8012E-13
  4.4734E-04  1.5414E-08 -4.9412E-14 -3.9261E-13
  4.5097E-04  1.5865E-08 -5.1034E-14 -4.0549E-13
  4.5462E-04  1.6328E-08 -5.2707E-14 -4.1879E-13
  4.5830E-04  1.6805E-08 -5.4433E-14 -4.3250E-13
  4.6200E-04  1.7295E-08 -5.6214E-14 -4.4665E-13
  4.6573E-04  1.7798E-08 -5.8051E-14 -4.6125E-13
  4.6948E-04  1.8316E-08 -5.9946E-14 -4.7630E-13
  4.7327E-04  1.8848E-08 -6.1900E-14 -4.9183E-13
  4.7707E-04  1.9395E-08 -6.3917E-14 -5.0785E-13
  4.8091E-04  1.9958E-08 -6.5996E-14 -5.2438E-13
  4.8477E-04  2.0536E-08 -6.8142E-14 -5.4142E-13
  4.8866E-04  2.1131E-08 -7.0354E-14 -5.5900E-13
  4.9257E-04  2.1742E-08 -7.2636E-14 -5.7714E-13
  4.9652E-04  2.2370E-08 -7.4990E-14 -5.9584E-13
  5.0049E-04  2.3016E-08 -7.7417E-14 -6.1512E-13
  5.0448E-04  2.3680E-08 -7.9921E-14 -6.3502E-13
  5.0851E-04  2.4362E-08 -8.2503E-14 -6.5553E-13
  5.1256E-04  2.5063E-08 -8.5166E-14 -6.7669E-13
  5.1665E-04  2.5784E-08 -8.7912E-14 -6.9851E-13
  5.2076E-04  2.6525E-08 -9.0743E-14 -7.2101E-13
  5.2490E-04  2.7287E-08 -9.3663E-14 -7.4421E-13
  5.2907E-04  2.8069E-08 -9.6675E-14 -7.6813E-13
  5.3326E-04  2.8874E-08 -9.9780E-14 -7.9280E-13
  5.3749E-04  2.9700E-08 -1.0298E-13 -8.1824E-13
  5.4175E-04  3.0550E-08 -1.0628E-13 -8.4448E-13
  5.4604E-04  3.1423E-08 -1.0969E-13 -8.7152E-13
  5.5035E-04  3.2321E-08 -1.1320E-13 -8.9941E-13
  5.5470E-04  3.3243E-08 -1.1682E-13 -9.2816E-13
  5.5908E-04  3.4191E-08 -1.2055E-13 -9.5781E-13
  5.6348E-04  3.5165E-08 -1.2439E-13 -9.8838E-13
  5.6792E-04  3.6166E-08 -1.2836E-13 -1.0199E-12
  5.7239E-04  3.7195E-08 -1.3245E-13 -1.0524E-12
  5.7689E-04  3.8252E-08 -1.3666E-13 -1.0859E-12
  5.8143E-04  3.9338E-08 -1.4101E-13 -1.1204E-12
  5.8599E-04  4.0455E-08 -1.4549E-13 -1.1560E-12
  5.9059E-04  4.1602E-08 -1.5011E-13 -1.1927E-12
  5.9521E-04  4.2781E-08 -1.5487E-13 -1.2305E-12
  5.9987E-04  4.3992E-08 -1.5978E-13 -1.2695E-12
  6.0457E-04  4.5236E-08 -1.6484E-13 -1.3097E-12
  6.0929E-04  4.6515E-08 -1.7005E-13 -1.3512E-12
  6.1405E-04  4.7829E-08 -1.7543E-13 -1.3939E-12
  6.1885E-04  4.9179E-08 -1.8097E-13 -1.4379E-12
  6.2367E-04  5.0566E-08 -1.8668E-13 -1.4833E-12
  6.2853E-04  5.1991E-08 -1.9257E-13 -1.5300E-12
  6.3342E-04  5.3456E-08 -1.9863E-13 -1.5783E-12
  6.3835E-04  5.4960E-08 -2.0489E-13 -1.6279E-12
  6.4332E-04  5.6506E-08 -2.1133E-13 -1.6792E-12
  6.4831E-04  5.8094E-08 -2.1798E-13 -1.7319E-12
  6.5334E-04  5.9726E-08 -2.2482E-13 -1.7863E-12
  6.5841E-04  6.1402E-08 -2.3188E-13 -1.8424E-12
  6.6351E-04  6.3124E-08 -2.3915E-13 -1.9002E-12
  6.6865E-04  6.4893E-08 -2.4665E-13 -1.9597E-12
  6.7383E-04  6.6711E-08 -2.5437E-13 -2.0211E-12
  6.7904E-04  6.8578E-08 -2.6233E-13 -2.0843E-12
  6.8428E-04  7.0497E-08 -2.7053E-13 -2.1495E-12
  6.8957E-04  7.2468E-08 -2.7898E-13 -2.2167E-12
  6.9489E-04  7.4492E-08 -2.8769E-13 -2.2859E-12
  7.0025E-04  7.6572E-08 -2.9667E-13 -2.3572E-12
  7.0564E-04  7.8708E-08 -3.0592E-13 -2.4307E-12
  7.1107E-04  8.0903E-08 -3.1545E-13 -2.5064E-12
  7.1655E-04  8.3158E-08 -3.2527E-13 -2.5845E-12
  7.2205E-04  8.5474E-08 -3.3539E-13 -2.6649E-12
  7.2760E-04  8.7853E-08 -3.4582E-13 -2.7477E-12
  7.3319E-04  9.0296E-08 -3.5656E-13 -2.8331E-12
  7.3881E-04  9.2806E-08 -3.6763E-13 -2.9210E-12
  7.4448E-04  9.5385E-08 -3.7904E-13 -3.0117E-12
  7.5018E-04  9.8033E-08 -3.9079E-13 -3.1050E-12
  7.5593E-04  1.0075E-07 -4.0290E-13 -3.2013E-12
  7.6171E-04  1.0355E-07 -4.1537E-13 -3.3004E-12
  7.6754E-04  1.0642E-07 -4.2823E-13 -3.4025E-12
  7.7340E-04  1.0937E-07 -4.4147E-13 -3.5077E-12
  7.7931E-04  1.1239E-07 -4.5511E-13 -3.6161E-12
  7.8526E-04  1.1550E-07 -4.6916E-13 -3.7278E-12
  7.9125E-04  1.1870E-07 -4.8364E-13 -3.8428E-12
  7.9728E-04  1.2198E-07 -4.9856E-13 -3.9613E-12
  8.0336E-04  1.2535E-07 -5.1393E-13 -4.0835E-12
  8.0947E-04  1.2881E-07 -5.2976E-13 -4.2092E-12
  8.1563E-04  1.3237E-07 -5.4607E-13 -4.3388E-12
  8.2183E-04  1.3602E-07 -5.6287E-13 -4.4723E-12
  8.2808E-04  1.3977E-07 -5.8018E-13 -4.6098E-12
  8.3437E-04  1.4362E-07 -5.9800E-13 -4.7515E-12
  8.4070E-04  1.4757E-07 -6.1637E-13 -4.8974E-12
  8.4708E-04  1.5164E-07 -6.3529E-13 -5.0477E-12
  8.5350E-04  1.5581E-07 -6.5477E-13 -5.2025E-12
  8.5997E-04  1.6009E-07 -6.7484E-13 -5.3620E-12
  8.6648E-04  1.6449E-07 -6.9552E-13 -5.5263E-12
  8.7304E-04  1.6901E-07 -7.1682E-13 -5.6955E-12
  8.7964E-04  1.7365E-07 -7.3875E-13 -5.8698E-12
  8.8629E-04  1.7842E-07 -7.6135E-13 -6.0493E-12
  8.9299E-04  1.8331E-07 -7.8462E-13 -6.2342E-12
  8.9973E-04  1.8834E-07 -8.0859E-13 -6.4247E-12
  9.0652E-04  1.9350E-07 -8.3328E-13 -6.6208E-12
  9.1336E-04  1.9880E-07 -8.5870E-13 -6.8229E-12
  9.2025E-04  2.0425E-07 -8.8489E-13 -7.0310E-12
  9.2718E-04  2.0984E-07 -9.1187E-13 -7.2453E-12
  9.3416E-04  2.1558E-07 -9.3965E-13 -7.4660E-12
  9.4120E-04  2.2147E-07 -9.6826E-13 -7.6934E-12
  9.4828E-04  2.2753E-07 -9.9773E-13 -7.9275E-12
  9.5541E-04  2.3374E-07 -1.0281E-12 -8.1686E-12
  9.6259E-04  2.4013E-07 -1.0593E-12 -8.4170E-12
  9.6982E-04  2.4668E-07 -1.0915E-12 -8.6727E-12
  9.7710E-04  2.5341E-07 -1.1247E-12 -8.9361E-12
  9.8443E-04  2.6032E-07 -1.1588E-12 -9.2073E-12
  9.9181E-04  2.6742E-07 -1.1940E-12 -9.4867E-12
  9.9925E-04  2.7471E-07 -1.2302E-12 -9.7743E-12
  1.0067E-03  2.8219E-07 -1.2674E-12 -1.0071E-11
  1.0143E-03  2.8988E-07 -1.3058E-12 -1.0376E-11
  1.0219E-03  2.9777E-07 -1.3454E-12 -1.0690E-11
  1.0295E-03  3.0587E-07 -1.3861E-12 -1.1013E-11
  1.0372E-03  3.1419E-07 -1.4280E-12 -1.1346E-11
  1.0450E-03  3.2273E-07 -1.4712E-12 -1.1689E-11
  1.0528E-03  3.3150E-07 -1.5156E-12 -1.2043E-11
  1.0606E-03  3.4051E-07 -1.5614E-12 -1.2406E-11
  1.0685E-03  3.4975E-07 -1.6086E-12 -1.2781E-11
  1.0765E-03  3.5925E-07 -1.6571E-12 -1.3167E-11
  1.0845E-03  3.6900E-07 -1.7071E-12 -1.3564E-11
  1.0926E-03  3.7901E-07 -1.7585E-12 -1.3973E-11
  1.1008E-03  3.8929E-07 -1.8115E-12 -1.4394E-11
  1.1090E-03  3.9984E-07 -1.8661E-12 -1.4827E-11
  1.1172E-03  4.1067E-07 -1.9223E-12 -1.5274E-11
  1.1255E-03  4.2180E-07 -1.9801E-12 -1.5733E-11
  1.1339E-03  4.3322E-07 -2.0397E-12 -1.6206E-11
  1.1423E-03  4.4495E-07 -2.1010E-12 -1.6694E-11
  1.1508E-03  4.5699E-07 -2.1642E-12 -1.7195E-11
  1.1594E-03  4.6935E-07 -2.2292E-12 -1.7712E-11
  1.1680E-03  4.8204E-07 -2.2961E-12 -1.8244E-11
  1.1766E-03  4.9507E-07 -2.3650E-12 -1.8791E-11
  1.1854E-03  5.0845E-07 -2.4360E-12 -1.9355E-11
  1.1941E-03  5.2219E-07 -2.5090E-12 -1.9935E-11
  1.2030E-03  5.3629E-07 -2.5842E-12 -2.0533E-11
  1.2119E-03  5.5077E-07 -2.6616E-12 -2.1148E-11
  1.2209E-03  5.6563E-07 -2.7414E-12 -2.1782E-11
  1.2299E-03  5.8089E-07 -2.8234E-12 -2.2434E-11
  1.2390E-03  5.9656E-07 -2.9079E-12 -2.3105E-11
  1.2482E-03  6.1265E-07 -2.9949E-12 -2.3796E-11
  1.2574E-03  6.2916E-07 -3.0845E-12 -2.4508E-11
  1.2667E-03  6.4612E-07 -3.1767E-12 -2.5240E-11
  1.2761E-03  6.6353E-07 -3.2716E-12 -2.5994E-11
  1.2855E-03  6.8140E-07 -3.3693E-12 -2.6771E-11
  1.2950E-03  6.9974E-07 -3.4699E-12 -2.7570E-11
  1.3045E-03  7.1858E-07 -3.5734E-12 -2.8393E-11
  1.3141E-03  7.3791E-07 -3.6800E-12 -2.9240E-11
  1.3238E-03  7.5776E-07 -3.7897E-12 -3.0112E-11
  1.3336E-03  7.7814E-07 -3.9027E-12 -3.1009E-11
  1.3434E-03  7.9906E-07 -4.0190E-12 -3.1933E-11
  1.3533E-03  8.2054E-07 -4.1387E-12 -3.2884E-11
  1.3633E-03  8.4259E-07 -4.2619E-12 -3.3863E-11
  1.3733E-03  8.6523E-07 -4.3888E-12 -3.4871E-11
  1.3834E-03  8.8847E-07 -4.5194E-12 -3.5909E-11
  1.3936E-03  9.1232E-07 -4.6538E-12 -3.6977E-11
  1.4038E-03  9.3681E-07 -4.7921E-12 -3.8076E-11
  1.4141E-03  9.6195E-07 -4.9346E-12 -3.9208E-11
  1.4245E-03  9.8776E-07 -5.0812E-12 -4.0373E-11
  1.4350E-03  1.0143E-06 -5.2321E-12 -4.1572E-11
  1.4455E-03  1.0415E-06 -5.3874E-12 -4.2806E-11
  1.4561E-03  1.0694E-06 -5.5473E-12 -4.4076E-11
  1.4668E-03  1.0980E-06 -5.7119E-12 -4.5384E-11
  1.4776E-03  1.1275E-06 -5.8813E-12 -4.6730E-11
  1.4884E-03  1.1577E-06 -6.0557E-12 -4.8116E-11
  1.4993E-03  1.1887E-06 -6.2351E-12 -4.9542E-11
  1.5103E-03  1.2205E-06 -6.4199E-12 -5.1010E-11
  1.5214E-03  1.2532E-06 -6.6100E-12 -5.2520E-11
  1.5325E-03  1.2867E-06 -6.8057E-12 -5.4075E-11
  1.5437E-03  1.3211E-06 -7.0072E-12 -5.5676E-11
  1.5550E-03  1.3565E-06 -7.2145E-12 -5.7323E-11
  1.5664E-03  1.3928E-06 -7.4279E-12 -5.9019E-11
  1.5778E-03  1.4300E-06 -7.6476E-12 -6.0764E-11
  1.5894E-03  1.4682E-06 -7.8736E-12 -6.2561E-11
  1.6010E-03  1.5075E-06 -8.1063E-12 -6.4409E-11
  1.6127E-03  1.5478E-06 -8.3458E-12 -6.6312E-11
  1.6245E-03  1.5891E-06 -8.5923E-12 -6.8270E-11
  1.6363E-03  1.6316E-06 -8.8459E-12 -7.0286E-11
  1.6483E-03  1.6751E-06 -9.1070E-12 -7.2361E-11
  1.6603E-03  1.7199E-06 -9.3757E-12 -7.4496E-11
  1.6724E-03  1.7658E-06 -9.6523E-12 -7.6693E-11
  1.6846E-03  1.8129E-06 -9.9369E-12 -7.8955E-11
  1.6969E-03  1.8613E-06 -1.0230E-11 -8.1282E-11
  1.7092E-03  1.9109E-06 -1.0531E-11 -8.3677E-11
  1.7217E-03  1.9619E-06 -1.0842E-11 -8.6143E-11
  1.7342E-03  2.0142E-06 -1.1161E-11 -8.8680E-11
  1.7469E-03  2.0679E-06 -1.1490E-11 -9.1291E-11
  1.7596E-03  2.1231E-06 -1.1828E-11 -9.3978E-11
  1.7724E-03  2.1797E-06 -1.2176E-11 -9.6744E-11
  1.7853E-03  2.2377E-06 -1.2534E-11 -9.9590E-11
  1.7983E-03  2.2974E-06 -1.2903E-11 -1.0252E-10
  1.8113E-03  2.3586E-06 -1.3282E-11 -1.0553E-10
  1.8245E-03  2.4214E-06 -1.3672E-11 -1.0864E-10
  1.8378E-03  2.4858E-06 -1.4074E-11 -1.1183E-10
  1.8511E-03  2.5520E-06 -1.4488E-11 -1.1511E-10
  1.8646E-03  2.6200E-06 -1.4913E-11 -1.1849E-10
  1.8781E-03  2.6897E-06 -1.5351E-11 -1.2197E-10
  1.8917E-03  2.7613E-06 -1.5802E-11 -1.2555E-10
  1.9055E-03  2.8347E-06 -1.6265E-11 -1.2924E-10
  1.9193E-03  2.9101E-06 -1.6743E-11 -1.3303E-10
  1.9332E-03  2.9875E-06 -1.7234E-11 -1.3693E-10
  1.9472E-03  3.0670E-06 -1.7739E-11 -1.4095E-10
  1.9613E-03  3.1485E-06 -1.8259E-11 -1.4508E-10
  1.9756E-03  3.2322E-06 -1.8794E-11 -1.4933E-10
  1.9899E-03  3.3181E-06 -1.9345E-11 -1.5371E-10
  2.0043E-03  3.4063E-06 -1.9912E-11 -1.5821E-10
  2.0188E-03  3.4968E-06 -2.0495E-11 -1.6284E-10
  2.0334E-03  3.5897E-06 -2.1095E-11 -1.6761E-10
  2.0481E-03  3.6850E-06 -2.1712E-11 -1.7252E-10
  2.0630E-03  3.7829E-06 -2.2348E-11 -1.7757E-10
  2.0779E-03  3.8833E-06 -2.3002E-11 -1.8276E-10
  2.0929E-03  3.9864E-06 -2.3675E-11 -1.8811E-10
  2.1081E-03  4.0922E-06 -2.4367E-11 -1.9361E-10
  2.1233E-03  4.2008E-06 -2.5079E-11 -1.9927E-10
  2.1386E-03  4.3123E-06 -2.5812E-11 -2.0509E-10
  2.1541E-03  4.4267E-06 -2.6567E-11 -2.1109E-10
  2.1697E-03  4.5442E-06 -2.7343E-11 -2.1725E-10
  2.1853E-03  4.6647E-06 -2.8141E-11 -2.2360E-10
  2.2011E-03  4.7884E-06 -2.8963E-11 -2.3013E-10
  2.2170E-03  4.9154E-06 -2.9809E-11 -2.3685E-10
  2.2330E-03  5.0457E-06 -3.0679E-11 -2.4376E-10
  2.2491E-03  5.1795E-06 -3.1574E-11 -2.5088E-10
  2.2654E-03  5.3168E-06 -3.2496E-11 -2.5820E-10
  2.2817E-03  5.4577E-06 -3.3443E-11 -2.6573E-10
  2.2982E-03  5.6023E-06 -3.4419E-11 -2.7348E-10
  2.3147E-03  5.7507E-06 -3.5422E-11 -2.8145E-10
  2.3314E-03  5.9031E-06 -3.6455E-11 -2.8965E-10
  2.3482E-03  6.0594E-06 -3.7517E-11 -2.9810E-10
  2.3652E-03  6.2199E-06 -3.8610E-11 -3.0678E-10
  2.3822E-03  6.3846E-06 -3.9735E-11 -3.1572E-10
  2.3994E-03  6.5536E-06 -4.0893E-11 -3.2492E-10
  2.4166E-03  6.7271E-06 -4.2083E-11 -3.3438E-10
  2.4340E-03  6.9052E-06 -4.3309E-11 -3.4411E-10
  2.4516E-03  7.0880E-06 -4.4569E-11 -3.5413E-10
  2.4692E-03  7.2755E-06 -4.5866E-11 -3.6443E-10
  2.4870E-03  7.4680E-06 -4.7201E-11 -3.7504E-10
  2.5049E-03  7.6656E-06 -4.8574E-11 -3.8595E-10
  2.5229E-03  7.8684E-06 -4.9986E-11 -3.9717E-10
  2.5410E-03  8.0765E-06 -5.1440E-11 -4.0872E-10
  2.5593E-03  8.2901E-06 -5.2935E-11 -4.2060E-10
  2.5777E-03  8.5093E-06 -5.4474E-11 -4.3283E-10
  2.5962E-03  8.7343E-06 -5.6057E-11 -4.4541E-10
  2.6149E-03  8.9652E-06 -5.7686E-11 -4.5835E-10
  2.6337E-03  9.2022E-06 -5.9362E-11 -4.7166E-10
  2.6526E-03  9.4454E-06 -6.1086E-11 -4.8536E-10
  2.6716E-03  9.6950E-06 -6.2860E-11 -4.9946E-10
  2.6908E-03  9.9512E-06 -6.4685E-11 -5.1396E-10
  2.7101E-03  1.0214E-05 -6.6562E-11 -5.2888E-10
  2.7296E-03  1.0484E-05 -6.8494E-11 -5.4423E-10
  2.7492E-03  1.0761E-05 -7.0482E-11 -5.6002E-10
  2.7689E-03  1.1045E-05 -7.2526E-11 -5.7626E-10
  2.7888E-03  1.1337E-05 -7.4630E-11 -5.9298E-10
  2.8088E-03  1.1636E-05 -7.6794E-11 -6.1018E-10
  2.8289E-03  1.1943E-05 -7.9021E-11 -6.2787E-10
  2.8492E-03  1.2259E-05 -8.1312E-11 -6.4607E-10
  2.8696E-03  1.2582E-05 -8.3669E-11 -6.6480E-10
  2.8902E-03  1.2914E-05 -8.6094E-11 -6.8407E-10
  2.9109E-03  1.3255E-05 -8.8588E-11 -7.0389E-10
  2.9318E-03  1.3605E-05 -9.1155E-11 -7.2428E-10
  2.9528E-03  1.3964E-05 -9.3795E-11 -7.4526E-10
  2.9739E-03  1.4332E-05 -9.6511E-11 -7.6684E-10
  2.9952E-03  1.4710E-05 -9.9306E-11 -7.8905E-10
  3.0167E-03  1.5098E-05 -1.0218E-10 -8.1189E-10
  3.0383E-03  1.5496E-05 -1.0514E-10 -8.3539E-10
  3.0600E-03  1.5905E-05 -1.0818E-10 -8.5957E-10
  3.0819E-03  1.6324E-05 -1.1131E-10 -8.8444E-10
  3.1040E-03  1.6755E-05 -1.1453E-10 -9.1003E-10
  3.1262E-03  1.7196E-05 -1.1785E-10 -9.3635E-10
  3.1485E-03  1.7649E-05 -1.2125E-10 -9.6344E-10
  3.1710E-03  1.8115E-05 -1.2476E-10 -9.9130E-10
  3.1937E-03  1.8592E-05 -1.2837E-10 -1.0200E-09
  3.2166E-03  1.9082E-05 -1.3208E-10 -1.0494E-09
  3.2396E-03  1.9585E-05 -1.3590E-10 -1.0798E-09
  3.2627E-03  2.0100E-05 -1.3982E-10 -1.1110E-09
  3.2860E-03  2.0630E-05 -1.4386E-10 -1.1431E-09
  3.3095E-03  2.1173E-05 -1.4802E-10 -1.1761E-09
  3.3332E-03  2.1731E-05 -1.5230E-10 -1.2101E-09
  3.3570E-03  2.2303E-05 -1.5669E-10 -1.2450E-09
  3.3809E-03  2.2890E-05 -1.6122E-10 -1.2810E-09
  3.4051E-03  2.3493E-05 -1.6587E-10 -1.3180E-09
  3.4294E-03  2.4111E-05 -1.7066E-10 -1.3560E-09
  3.4539E-03  2.4746E-05 -1.7559E-10 -1.3952E-09
  3.4785E-03  2.5397E-05 -1.8066E-10 -1.4354E-09
  3.5034E-03  2.6065E-05 -1.8587E-10 -1.4769E-09
  3.5284E-03  2.6751E-05 -1.9123E-10 -1.5195E-09
  3.5535E-03  2.7455E-05 -1.9675E-10 -1.5633E-09
  3.5789E-03  2.8177E-05 -2.0242E-10 -1.6084E-09
  3.6044E-03  2.8918E-05 -2.0826E-10 -1.6548E-09
  3.6301E-03  2.9678E-05 -2.1427E-10 -1.7025E-09
  3.6560E-03  3.0459E-05 -2.2045E-10 -1.7516E-09
  3.6821E-03  3.1259E-05 -2.2680E-10 -1.8021E-09
  3.7083E-03  3.2081E-05 -2.3334E-10 -1.8540E-09
  3.7348E-03  3.2925E-05 -2.4006E-10 -1.9075E-09
  3.7614E-03  3.3790E-05 -2.4698E-10 -1.9624E-09
  3.7882E-03  3.4678E-05 -2.5410E-10 -2.0190E-09
  3.8152E-03  3.5589E-05 -2.6142E-10 -2.0771E-09
  3.8424E-03  3.6524E-05 -2.6895E-10 -2.1370E-09
  3.8698E-03  3.7484E-05 -2.7669E-10 -2.1985E-09
  3.8973E-03  3.8468E-05 -2.8466E-10 -2.2618E-09
  3.9251E-03  3.9479E-05 -2.9286E-10 -2.3269E-09
  3.9530E-03  4.0516E-05 -3.0129E-10 -2.3939E-09
  3.9812E-03  4.1580E-05 -3.0996E-10 -2.4628E-09
  4.0095E-03  4.2671E-05 -3.1888E-10 -2.5337E-09
  4.0381E-03  4.3791E-05 -3.2806E-10 -2.6067E-09
  4.0668E-03  4.4941E-05 -3.3750E-10 -2.6817E-09
  4.0957E-03  4.6121E-05 -3.4721E-10 -2.7588E-09
  4.1249E-03  4.7331E-05 -3.5720E-10 -2.8382E-09
  4.1542E-03  4.8573E-05 -3.6748E-10 -2.9198E-09
  4.1838E-03  4.9847E-05 -3.7804E-10 -3.0038E-09
  4.2135E-03  5.1155E-05 -3.8892E-10 -3.0902E-09
  4.2435E-03  5.2497E-05 -4.0010E-10 -3.1790E-09
  4.2737E-03  5.3874E-05 -4.1160E-10 -3.2705E-09
  4.3041E-03  5.5287E-05 -4.2344E-10 -3.3645E-09
  4.3347E-03  5.6736E-05 -4.3561E-10 -3.4612E-09
  4.3655E-03  5.8224E-05 -4.4813E-10 -3.5607E-09
  4.3965E-03  5.9750E-05 -4.6101E-10 -3.6630E-09
  4.4278E-03  6.1316E-05 -4.7425E-10 -3.7682E-09
  4.4592E-03  6.2923E-05 -4.8788E-10 -3.8765E-09
  4.4909E-03  6.4572E-05 -5.0189E-10 -3.9879E-09
  4.5228E-03  6.6264E-05 -5.1631E-10 -4.1024E-09
  4.5550E-03  6.8000E-05 -5.3114E-10 -4.2203E-09
  4.5873E-03  6.9781E-05 -5.4639E-10 -4.3415E-09
  4.6199E-03  7.1609E-05 -5.6208E-10 -4.4661E-09
  4.6527E-03  7.3484E-05 -5.7822E-10 -4.5943E-09
  4.6858E-03  7.5408E-05 -5.9482E-10 -4.7262E-09
  4.7190E-03  7.7382E-05 -6.1190E-10 -4.8619E-09
  4.7525E-03  7.9408E-05 -6.2946E-10 -5.0015E-09
  4.7863E-03  8.1487E-05 -6.4753E-10 -5.1450E-09
  4.8203E-03  8.3619E-05 -6.6611E-10 -5.2927E-09
  4.8545E-03  8.5807E-05 -6.8522E-10 -5.4445E-09
  4.8889E-03  8.8052E-05 -7.0488E-10 -5.6007E-09
  4.9236E-03  9.0355E-05 -7.2510E-10 -5.7614E-09
  4.9585E-03  9.2719E-05 -7.4590E-10 -5.9267E-09
  4.9937E-03  9.5144E-05 -7.6729E-10 -6.0967E-09
  5.0292E-03  9.7631E-05 -7.8930E-10 -6.2715E-09
  5.0648E-03  1.0018E-04 -8.1193E-10 -6.4514E-09
  5.1008E-03  1.0280E-04 -8.3521E-10 -6.6363E-09
  5.1369E-03  1.0549E-04 -8.5916E-10 -6.8266E-09
  5.1734E-03  1.0825E-04 -8.8379E-10 -7.0223E-09
  5.2100E-03  1.1108E-04 -9.0912E-10 -7.2236E-09
  5.2470E-03  1.1398E-04 -9.3518E-10 -7.4307E-09
  5.2842E-03  1.1695E-04 -9.6198E-10 -7.6436E-09
  5.3216E-03  1.2001E-04 -9.8955E-10 -7.8627E-09
  5.3593E-03  1.2314E-04 -1.0179E-09 -8.0880E-09
  5.3973E-03  1.2636E-04 -1.0471E-09 -8.3197E-09
  5.4356E-03  1.2966E-04 -1.0771E-09 -8.5580E-09
  5.4741E-03  1.3304E-04 -1.1079E-09 -8.8032E-09
  5.5129E-03  1.3651E-04 -1.1397E-09 -9.0554E-09
  5.5519E-03  1.4007E-04 -1.1723E-09 -9.3147E-09
  5.5913E-03  1.4373E-04 -1.2059E-09 -9.5815E-09
  5.6309E-03  1.4748E-04 -1.2404E-09 -9.8558E-09
  5.6708E-03  1.5132E-04 -1.2759E-09 -1.0138E-08
  5.7109E-03  1.5527E-04 -1.3124E-09 -1.0428E-08
  5.7514E-03  1.5932E-04 -1.3500E-09 -1.0727E-08
  5.7921E-03  1.6347E-04 -1.3887E-09 -1.1034E-08
  5.8331E-03  1.6773E-04 -1.4284E-09 -1.1350E-08
  5.8744E-03  1.7210E-04 -1.4693E-09 -1.1675E-08
  5.9160E-03  1.7659E-04 -1.5113E-09 -1.2009E-08
  5.9578E-03  1.8119E-04 -1.5546E-09 -1.2352E-08
  6.0000E-03  1.8591E-04 -1.5991E-09 -1.2706E-08
  6.0425E-03  1.9075E-04 -1.6448E-09 -1.3069E-08
  6.0852E-03  1.9571E-04 -1.6919E-09 -1.3443E-08
  6.1283E-03  2.0081E-04 -1.7403E-09 -1.3828E-08
  6.1717E-03  2.0604E-04 -1.7901E-09 -1.4223E-08
  6.2153E-03  2.1140E-04 -1.8412E-09 -1.4630E-08
  6.2593E-03  2.1690E-04 -1.8939E-09 -1.5048E-08
  6.3036E-03  2.2254E-04 -1.9481E-09 -1.5479E-08
  6.3482E-03  2.2833E-04 -2.0038E-09 -1.5921E-08
  6.3931E-03  2.3426E-04 -2.0611E-09 -1.6377E-08
  6.4383E-03  2.4035E-04 -2.1200E-09 -1.6845E-08
  6.4838E-03  2.4660E-04 -2.1806E-09 -1.7326E-08
  6.5296E-03  2.5301E-04 -2.2429E-09 -1.7822E-08
  6.5758E-03  2.5958E-04 -2.3070E-09 -1.8331E-08
  6.6223E-03  2.6633E-04 -2.3730E-09 -1.8855E-08
  6.6691E-03  2.7324E-04 -2.4408E-09 -1.9394E-08
  6.7163E-03  2.8034E-04 -2.5105E-09 -1.9948E-08
  6.7637E-03  2.8762E-04 -2.5823E-09 -2.0518E-08
  6.8115E-03  2.9508E-04 -2.6561E-09 -2.1104E-08
  6.8597E-03  3.0274E-04 -2.7319E-09 -2.1707E-08
  6.9082E-03  3.1059E-04 -2.8100E-09 -2.2328E-08
  6.9570E-03  3.1865E-04 -2.8903E-09 -2.2965E-08
  7.0061E-03  3.2691E-04 -2.9728E-09 -2.3621E-08
  7.0556E-03  3.3539E-04 -3.0577E-09 -2.4296E-08
  7.1055E-03  3.4408E-04 -3.1451E-09 -2.4990E-08
  7.1557E-03  3.5300E-04 -3.2349E-09 -2.5704E-08
  7.2062E-03  3.6215E-04 -3.3272E-09 -2.6438E-08
  7.2571E-03  3.7153E-04 -3.4223E-09 -2.7193E-08
  7.3084E-03  3.8115E-04 -3.5200E-09 -2.7969E-08
  7.3600E-03  3.9102E-04 -3.6205E-09 -2.8767E-08
  7.4120E-03  4.0114E-04 -3.7238E-09 -2.9589E-08
  7.4643E-03  4.1152E-04 -3.8301E-09 -3.0433E-08
  7.5170E-03  4.2217E-04 -3.9394E-09 -3.1302E-08
  7.5701E-03  4.3309E-04 -4.0519E-09 -3.2196E-08
  7.6235E-03  4.4429E-04 -4.1675E-09 -3.3114E-08
  7.6774E-03  4.5578E-04 -4.2865E-09 -3.4059E-08
  7.7316E-03  4.6756E-04 -4.4088E-09 -3.5031E-08
  7.7861E-03  4.7965E-04 -4.5346E-09 -3.6031E-08
  7.8411E-03  4.9204E-04 -4.6640E-09 -3.7059E-08
  7.8964E-03  5.0475E-04 -4.7970E-09 -3.8116E-08
  7.9522E-03  5.1779E-04 -4.9339E-09 -3.9204E-08
  8.0083E-03  5.3115E-04 -5.0746E-09 -4.0322E-08
  8.0648E-03  5.4486E-04 -5.2194E-09 -4.1473E-08
  8.1217E-03  5.5892E-04 -5.3683E-09 -4.2655E-08
  8.1790E-03  5.7334E-04 -5.5214E-09 -4.3872E-08
  8.2367E-03  5.8813E-04 -5.6788E-09 -4.5123E-08
  8.2948E-03  6.0329E-04 -5.8408E-09 -4.6410E-08
  8.3533E-03  6.1884E-04 -6.0074E-09 -4.7734E-08
  8.4123E-03  6.3479E-04 -6.1787E-09 -4.9095E-08
  8.4716E-03  6.5114E-04 -6.3548E-09 -5.0495E-08
  8.5313E-03  6.6791E-04 -6.5360E-09 -5.1934E-08
  8.5915E-03  6.8511E-04 -6.7224E-09 -5.3415E-08
  8.6521E-03  7.0275E-04 -6.9140E-09 -5.4938E-08
  8.7131E-03  7.2083E-04 -7.1111E-09 -5.6504E-08
  8.7746E-03  7.3938E-04 -7.3138E-09 -5.8115E-08
  8.8364E-03  7.5839E-04 -7.5223E-09 -5.9771E-08
  8.8987E-03  7.7789E-04 -7.7366E-09 -6.1475E-08
  8.9615E-03  7.9788E-04 -7.9571E-09 -6.3227E-08
  9.0246E-03  8.1838E-04 -8.1839E-09 -6.5029E-08
  9.0883E-03  8.3941E-04 -8.4171E-09 -6.6882E-08
  9.1523E-03  8.6096E-04 -8.6570E-09 -6.8788E-08
  9.2168E-03  8.8307E-04 -8.9036E-09 -7.0748E-08
  9.2818E-03  9.0573E-04 -9.1573E-09 -7.2764E-08
  9.3472E-03  9.2896E-04 -9.4182E-09 -7.4837E-08
  9.4131E-03  9.5279E-04 -9.6865E-09 -7.6969E-08
  9.4794E-03  9.7722E-04 -9.9625E-09 -7.9161E-08
  9.5462E-03  1.0023E-03 -1.0246E-08 -8.1417E-08
  9.6135E-03  1.0279E-03 -1.0538E-08 -8.3736E-08
  9.6812E-03  1.0543E-03 -1.0838E-08 -8.6121E-08
  9.7494E-03  1.0813E-03 -1.1147E-08 -8.8574E-08
  9.8181E-03  1.1089E-03 -1.1464E-08 -9.1096E-08
  9.8873E-03  1.1373E-03 -1.1791E-08 -9.3691E-08
  9.9570E-03  1.1664E-03 -1.2127E-08 -9.6359E-08
  1.0027E-02  1.1962E-03 -1.2472E-08 -9.9103E-08
  1.0098E-02  1.2268E-03 -1.2827E-08 -1.0192E-07
  1.0169E-02  1.2582E-03 -1.3192E-08 -1.0483E-07
  1.0240E-02  1.2903E-03 -1.3568E-08 -1.0781E-07
  1.0313E-02  1.3233E-03 -1.3954E-08 -1.1088E-07
  1.0385E-02  1.3570E-03 -1.4351E-08 -1.1404E-07
  1.0458E-02  1.3917E-03 -1.4760E-08 -1.1728E-07
  1.0532E-02  1.4272E-03 -1.5180E-08 -1.2062E-07
  1.0606E-02  1.4635E-03 -1.5612E-08 -1.2406E-07
  1.0681E-02  1.5008E-03 -1.6057E-08 -1.2759E-07
  1.0756E-02  1.5391E-03 -1.6514E-08 -1.3122E-07
  1.0832E-02  1.5783E-03 -1.6984E-08 -1.3495E-07
  1.0908E-02  1.6185E-03 -1.7467E-08 -1.3879E-07
  1.0985E-02  1.6596E-03 -1.7964E-08 -1.4274E-07
  1.1062E-02  1.7019E-03 -1.8475E-08 -1.4681E-07
  1.1140E-02  1.7451E-03 -1.9001E-08 -1.5098E-07
  1.1218E-02  1.7895E-03 -1.9541E-08 -1.5528E-07
  1.1297E-02  1.8350E-03 -2.0097E-08 -1.5970E-07
  1.1377E-02  1.8816E-03 -2.0669E-08 -1.6424E-07
  1.1457E-02  1.9293E-03 -2.1257E-08 -1.6891E-07
  1.1538E-02  1.9783E-03 -2.1862E-08 -1.7372E-07
  1.1619E-02  2.0285E-03 -2.2484E-08 -1.7866E-07
  1.1701E-02  2.0799E-03 -2.3123E-08 -1.8374E-07
  1.1783E-02  2.1326E-03 -2.3781E-08 -1.8897E-07
  1.1866E-02  2.1867E-03 -2.4458E-08 -1.9435E-07
  1.1949E-02  2.2420E-03 -2.5153E-08 -1.9987E-07
  1.2033E-02  2.2988E-03 -2.5869E-08 -2.0556E-07
  1.2118E-02  2.3569E-03 -2.6604E-08 -2.1140E-07
  1.2203E-02  2.4166E-03 -2.7361E-08 -2.1742E-07
  1.2289E-02  2.4776E-03 -2.8139E-08 -2.2360E-07
  1.2376E-02  2.5402E-03 -2.8939E-08 -2.2996E-07
  1.2463E-02  2.6044E-03 -2.9762E-08 -2.3650E-07
  1.2550E-02  2.6701E-03 -3.0608E-08 -2.4322E-07
  1.2639E-02  2.7375E-03 -3.1478E-08 -2.5014E-07
  1.2728E-02  2.8066E-03 -3.2373E-08 -2.5725E-07
  1.2817E-02  2.8773E-03 -3.3294E-08 -2.6456E-07
  1.2907E-02  2.9498E-03 -3.4240E-08 -2.7208E-07
  1.2998E-02  3.0241E-03 -3.5214E-08 -2.7982E-07
  1.3089E-02  3.1002E-03 -3.6215E-08 -2.8777E-07
  1.3181E-02  3.1782E-03 -3.7244E-08 -2.9596E-07
  1.3274E-02  3.2581E-03 -3.8303E-08 -3.0437E-07
  1.3367E-02  3.3400E-03 -3.9391E-08 -3.1302E-07
  1.3461E-02  3.4239E-03 -4.0511E-08 -3.2192E-07
  1.3556E-02  3.5099E-03 -4.1662E-08 -3.3107E-07
  1.3651E-02  3.5980E-03 -4.2846E-08 -3.4048E-07
  1.3747E-02  3.6883E-03 -4.4064E-08 -3.5015E-07
  1.3844E-02  3.7807E-03 -4.5316E-08 -3.6010E-07
  1.3941E-02  3.8755E-03 -4.6604E-08 -3.7034E-07
  1.4039E-02  3.9725E-03 -4.7928E-08 -3.8086E-07
  1.4138E-02  4.0720E-03 -4.9290E-08 -3.9168E-07
  1.4237E-02  4.1738E-03 -5.0691E-08 -4.0281E-07
  1.4338E-02  4.2782E-03 -5.2131E-08 -4.1426E-07
  1.4438E-02  4.3851E-03 -5.3612E-08 -4.2603E-07
  1.4540E-02  4.4946E-03 -5.5135E-08 -4.3813E-07
  1.4642E-02  4.6068E-03 -5.6702E-08 -4.5058E-07
  1.4745E-02  4.7218E-03 -5.8312E-08 -4.6338E-07
  1.4849E-02  4.8395E-03 -5.9969E-08 -4.7655E-07
  1.4953E-02  4.9601E-03 -6.1672E-08 -4.9009E-07
  1.5058E-02  5.0837E-03 -6.3424E-08 -5.0401E-07
  1.5164E-02  5.2102E-03 -6.5226E-08 -5.1833E-07
  1.5270E-02  5.3398E-03 -6.7078E-08 -5.3305E-07
  1.5378E-02  5.4726E-03 -6.8984E-08 -5.4819E-07
  1.5486E-02  5.6086E-03 -7.0943E-08 -5.6376E-07
  1.5595E-02  5.7479E-03 -7.2958E-08 -5.7977E-07
  1.5704E-02  5.8905E-03 -7.5030E-08 -5.9624E-07
  1.5814E-02  6.0366E-03 -7.7160E-08 -6.1317E-07
  1.5926E-02  6.1863E-03 -7.9352E-08 -6.3059E-07
  1.6037E-02  6.3395E-03 -8.1605E-08 -6.4849E-07
  1.6150E-02  6.4965E-03 -8.3922E-08 -6.6691E-07
  1.6264E-02  6.6572E-03 -8.6305E-08 -6.8585E-07
  1.6378E-02  6.8218E-03 -8.8756E-08 -7.0532E-07
  1.6493E-02  6.9904E-03 -9.1276E-08 -7.2535E-07
  1.6609E-02  7.1630E-03 -9.3867E-08 -7.4595E-07
  1.6725E-02  7.3398E-03 -9.6532E-08 -7.6713E-07
  1.6843E-02  7.5208E-03 -9.9273E-08 -7.8891E-07
  1.6961E-02  7.7062E-03 -1.0209E-07 -8.1131E-07
  1.7080E-02  7.8960E-03 -1.0499E-07 -8.3434E-07
  1.7200E-02  8.0903E-03 -1.0797E-07 -8.5803E-07
  1.7321E-02  8.2893E-03 -1.1103E-07 -8.8239E-07
  1.7443E-02  8.4931E-03 -1.1419E-07 -9.0744E-07
  1.7565E-02  8.7017E-03 -1.1743E-07 -9.3320E-07
  1.7689E-02  8.9153E-03 -1.2076E-07 -9.5969E-07
  1.7813E-02  9.1340E-03 -1.2419E-07 -9.8693E-07
  1.7938E-02  9.3579E-03 -1.2771E-07 -1.0149E-06
  1.8064E-02  9.5871E-03 -1.3134E-07 -1.0438E-06
  1.8191E-02  9.8217E-03 -1.3507E-07 -1.0734E-06
  1.8318E-02  1.0062E-02 -1.3890E-07 -1.1038E-06
  1.8447E-02  1.0308E-02 -1.4284E-07 -1.1352E-06
  1.8577E-02  1.0560E-02 -1.4689E-07 -1.1674E-06
  1.8707E-02  1.0817E-02 -1.5106E-07 -1.2005E-06
  1.8838E-02  1.1081E-02 -1.5535E-07 -1.2346E-06
  1.8971E-02  1.1351E-02 -1.5976E-07 -1.2696E-06
  1.9104E-02  1.1628E-02 -1.6429E-07 -1.3057E-06
  1.9238E-02  1.1911E-02 -1.6895E-07 -1.3427E-06
  1.9373E-02  1.2200E-02 -1.7375E-07 -1.3808E-06
  1.9509E-02  1.2496E-02 -1.7868E-07 -1.4200E-06
  1.9646E-02  1.2800E-02 -1.8374E-07 -1.4603E-06
  1.9784E-02  1.3110E-02 -1.8896E-07 -1.5017E-06
  1.9923E-02  1.3428E-02 -1.9432E-07 -1.5443E-06
  2.0063E-02  1.3753E-02 -1.9983E-07 -1.5881E-06
  2.0203E-02  1.4086E-02 -2.0550E-07 -1.6332E-06
  2.0345E-02  1.4427E-02 -2.1133E-07 -1.6795E-06
  2.0488E-02  1.4775E-02 -2.1732E-07 -1.7272E-06
  2.0632E-02  1.5132E-02 -2.2349E-07 -1.7762E-06
  2.0777E-02  1.5497E-02 -2.2983E-07 -1.8266E-06
  2.0922E-02  1.5870E-02 -2.3635E-07 -1.8784E-06
  2.1069E-02  1.6252E-02 -2.4305E-07 -1.9317E-06
  2.1217E-02  1.6643E-02 -2.4995E-07 -1.9865E-06
  2.1366E-02  1.7043E-02 -2.5703E-07 -2.0428E-06
  2.1516E-02  1.7452E-02 -2.6432E-07 -2.1008E-06
  2.1667E-02  1.7871E-02 -2.7182E-07 -2.1604E-06
  2.1819E-02  1.8300E-02 -2.7953E-07 -2.2216E-06
  2.1972E-02  1.8738E-02 -2.8746E-07 -2.2847E-06
  2.2126E-02  1.9186E-02 -2.9561E-07 -2.3495E-06
  2.2282E-02  1.9645E-02 -3.0399E-07 -2.4161E-06
  2.2438E-02  2.0114E-02 -3.1261E-07 -2.4846E-06
  2.2595E-02  2.0594E-02 -3.2148E-07 -2.5551E-06
  2.2754E-02  2.1085E-02 -3.3059E-07 -2.6275E-06
  2.2914E-02  2.1587E-02 -3.3997E-07 -2.7021E-06
  2.3074E-02  2.2101E-02 -3.4961E-07 -2.7787E-06
  2.3236E-02  2.2626E-02 -3.5952E-07 -2.8575E-06
  2.3399E-02  2.3164E-02 -3.6971E-07 -2.9385E-06
  2.3563E-02  2.3713E-02 -3.8019E-07 -3.0218E-06
  2.3729E-02  2.4276E-02 -3.9097E-07 -3.1075E-06
  2.3895E-02  2.4850E-02 -4.0206E-07 -3.1956E-06
  2.4063E-02  2.5438E-02 -4.1346E-07 -3.2863E-06
  2.4232E-02  2.6040E-02 -4.2518E-07 -3.3794E-06
  2.4402E-02  2.6654E-02 -4.3723E-07 -3.4753E-06
  2.4573E-02  2.7283E-02 -4.4963E-07 -3.5738E-06
  2.4745E-02  2.7926E-02 -4.6237E-07 -3.6751E-06
  2.4919E-02  2.8583E-02 -4.7548E-07 -3.7793E-06
  2.5093E-02  2.9255E-02 -4.8896E-07 -3.8865E-06
  2.5269E-02  2.9943E-02 -5.0282E-07 -3.9966E-06
  2.5447E-02  3.0645E-02 -5.1707E-07 -4.1099E-06
  2.5625E-02  3.1363E-02 -5.3172E-07 -4.2265E-06
  2.5805E-02  3.2098E-02 -5.4679E-07 -4.3463E-06
  2.5986E-02  3.2848E-02 -5.6229E-07 -4.4695E-06
  2.6168E-02  3.3616E-02 -5.7823E-07 -4.5962E-06
  2.6352E-02  3.4400E-02 -5.9462E-07 -4.7265E-06
  2.6536E-02  3.5202E-02 -6.1147E-07 -4.8605E-06
  2.6723E-02  3.6022E-02 -6.2880E-07 -4.9982E-06
  2.6910E-02  3.6860E-02 -6.4662E-07 -5.1399E-06
  2.7099E-02  3.7716E-02 -6.6494E-07 -5.2856E-06
  2.7289E-02  3.8592E-02 -6.8378E-07 -5.4354E-06
  2.7480E-02  3.9486E-02 -7.0316E-07 -5.5895E-06
  2.7673E-02  4.0400E-02 -7.2309E-07 -5.7479E-06
  2.7867E-02  4.1335E-02 -7.4358E-07 -5.9108E-06
  2.8062E-02  4.2289E-02 -7.6465E-07 -6.0783E-06
  2.8259E-02  4.3265E-02 -7.8631E-07 -6.2506E-06
  2.8457E-02  4.4262E-02 -8.0859E-07 -6.4278E-06
  2.8657E-02  4.5281E-02 -8.3150E-07 -6.6099E-06
  2.8858E-02  4.6322E-02 -8.5506E-07 -6.7972E-06
  2.9060E-02  4.7385E-02 -8.7929E-07 -6.9899E-06
  2.9264E-02  4.8472E-02 -9.0420E-07 -7.1880E-06
  2.9469E-02  4.9582E-02 -9.2981E-07 -7.3916E-06
  2.9676E-02  5.0716E-02 -9.5616E-07 -7.6011E-06
  2.9884E-02  5.1874E-02 -9.8324E-07 -7.8165E-06
  3.0093E-02  5.3058E-02 -1.0111E-06 -8.0380E-06
  3.0304E-02  5.4267E-02 -1.0397E-06 -8.2658E-06
  3.0517E-02  5.5502E-02 -1.0692E-06 -8.5000E-06
  3.0731E-02  5.6763E-02 -1.0995E-06 -8.7408E-06
  3.0946E-02  5.8051E-02 -1.1306E-06 -8.9885E-06
  3.1163E-02  5.9367E-02 -1.1627E-06 -9.2432E-06
  3.1381E-02  6.0711E-02 -1.1956E-06 -9.5051E-06
  3.1601E-02  6.2083E-02 -1.2295E-06 -9.7744E-06
  3.1823E-02  6.3485E-02 -1.2643E-06 -1.0051E-05
  3.2046E-02  6.4916E-02 -1.3001E-06 -1.0336E-05
  3.2271E-02  6.6378E-02 -1.3369E-06 -1.0629E-05
  3.2497E-02  6.7870E-02 -1.3748E-06 -1.0930E-05
  3.2725E-02  6.9393E-02 -1.4137E-06 -1.1240E-05
  3.2954E-02  7.0949E-02 -1.4537E-06 -1.1558E-05
  3.3185E-02  7.2537E-02 -1.4949E-06 -1.1886E-05
  3.3418E-02  7.4159E-02 -1.5372E-06 -1.2222E-05
  3.3652E-02  7.5814E-02 -1.5808E-06 -1.2568E-05
  3.3888E-02  7.7504E-02 -1.6255E-06 -1.2925E-05
  3.4125E-02  7.9229E-02 -1.6716E-06 -1.3291E-05
  3.4364E-02  8.0989E-02 -1.7189E-06 -1.3667E-05
  3.4605E-02  8.2786E-02 -1.7676E-06 -1.4054E-05
  3.4848E-02  8.4620E-02 -1.8176E-06 -1.4452E-05
  3.5092E-02  8.6492E-02 -1.8691E-06 -1.4862E-05
  3.5338E-02  8.8403E-02 -1.9220E-06 -1.5283E-05
  3.5586E-02  9.0352E-02 -1.9764E-06 -1.5716E-05
  3.5835E-02  9.2342E-02 -2.0324E-06 -1.6161E-05
  3.6086E-02  9.4372E-02 -2.0899E-06 -1.6618E-05
  3.6339E-02  9.6444E-02 -2.1491E-06 -1.7089E-05
  3.6594E-02  9.8557E-02 -2.2100E-06 -1.7573E-05
  3.6850E-02  1.0071E-01 -2.2725E-06 -1.8071E-05
  3.7108E-02  1.0291E-01 -2.3369E-06 -1.8583E-05
  3.7368E-02  1.0516E-01 -2.4030E-06 -1.9109E-05
  3.7630E-02  1.0745E-01 -2.4710E-06 -1.9650E-05
  3.7894E-02  1.0978E-01 -2.5410E-06 -2.0207E-05
  3.8160E-02  1.1217E-01 -2.6129E-06 -2.0779E-05
  3.8427E-02  1.1460E-01 -2.6869E-06 -2.1367E-05
  3.8696E-02  1.1707E-01 -2.7630E-06 -2.1972E-05
  3.8967E-02  1.1960E-01 -2.8412E-06 -2.2595E-05
  3.9240E-02  1.2218E-01 -2.9216E-06 -2.3234E-05
  3.9515E-02  1.2481E-01 -3.0043E-06 -2.3892E-05
  3.9792E-02  1.2749E-01 -3.0893E-06 -2.4569E-05
  4.0071E-02  1.3022E-01 -3.1767E-06 -2.5265E-05
  4.0352E-02  1.3301E-01 -3.2667E-06 -2.5980E-05
  4.0635E-02  1.3585E-01 -3.3591E-06 -2.6716E-05
  4.0919E-02  1.3875E-01 -3.4542E-06 -2.7472E-05
  4.1206E-02  1.4170E-01 -3.5519E-06 -2.8250E-05
  4.1495E-02  1.4471E-01 -3.6525E-06 -2.9050E-05
  4.1785E-02  1.4778E-01 -3.7558E-06 -2.9872E-05
  4.2078E-02  1.5091E-01 -3.8621E-06 -3.0718E-05
  4.2373E-02  1.5409E-01 -3.9714E-06 -3.1588E-05
  4.2670E-02  1.5734E-01 -4.0838E-06 -3.2482E-05
  4.2969E-02  1.6065E-01 -4.1993E-06 -3.3402E-05
  4.3270E-02  1.6403E-01 -4.3182E-06 -3.4348E-05
  4.3573E-02  1.6747E-01 -4.4403E-06 -3.5320E-05
  4.3878E-02  1.7097E-01 -4.5660E-06 -3.6320E-05
  4.4186E-02  1.7454E-01 -4.6952E-06 -3.7348E-05
  4.4495E-02  1.7818E-01 -4.8280E-06 -3.8406E-05
  4.4807E-02  1.8188E-01 -4.9646E-06 -3.9493E-05
  4.5121E-02  1.8566E-01 -5.1051E-06 -4.0611E-05
  4.5437E-02  1.8950E-01 -5.2495E-06 -4.1760E-05
  4.5755E-02  1.9342E-01 -5.3980E-06 -4.2943E-05
  4.6076E-02  1.9741E-01 -5.5507E-06 -4.4158E-05
  4.6399E-02  2.0147E-01 -5.7077E-06 -4.5408E-05
  4.6724E-02  2.0561E-01 -5.8692E-06 -4.6694E-05
  4.7051E-02  2.0983E-01 -6.0352E-06 -4.8015E-05
  4.7380E-02  2.1412E-01 -6.2060E-06 -4.9374E-05
  4.7712E-02  2.1849E-01 -6.3815E-06 -5.0772E-05
  4.8047E-02  2.2294E-01 -6.5620E-06 -5.2209E-05
  4.8383E-02  2.2747E-01 -6.7476E-06 -5.3687E-05
  4.8722E-02  2.3208E-01 -6.9385E-06 -5.5206E-05
  4.9063E-02  2.3677E-01 -7.1347E-06 -5.6769E-05
  4.9407E-02  2.4155E-01 -7.3365E-06 -5.8376E-05
  4.9753E-02  2.4641E-01 -7.5440E-06 -6.0028E-05
  5.0102E-02  2.5136E-01 -7.7574E-06 -6.1727E-05
  5.0452E-02  2.5640E-01 -7.9768E-06 -6.3474E-05
  5.0806E-02  2.6153E-01 -8.2023E-06 -6.5270E-05
  5.1162E-02  2.6674E-01 -8.4343E-06 -6.7117E-05
  5.1520E-02  2.7205E-01 -8.6728E-06 -6.9017E-05
  5.1881E-02  2.7745E-01 -8.9181E-06 -7.0970E-05
  5.2244E-02  2.8295E-01 -9.1702E-06 -7.2978E-05
  5.2610E-02  2.8854E-01 -9.4295E-06 -7.5044E-05
  5.2979E-02  2.9422E-01 -9.6962E-06 -7.7167E-05
  5.3350E-02  3.0001E-01 -9.9703E-06 -7.9351E-05
  5.3723E-02  3.0589E-01 -1.0252E-05 -8.1597E-05
  5.4100E-02  3.1187E-01 -1.0542E-05 -8.3906E-05
  5.4479E-02  3.1796E-01 -1.0840E-05 -8.6280E-05
  5.4860E-02  3.2415E-01 -1.1147E-05 -8.8721E-05
  5.5244E-02  3.3044E-01 -1.1462E-05 -9.1232E-05
  5.5631E-02  3.3683E-01 -1.1786E-05 -9.3813E-05
  5.6021E-02  3.4334E-01 -1.2119E-05 -9.6468E-05
  5.6413E-02  3.4995E-01 -1.2462E-05 -9.9197E-05
  5.6808E-02  3.5667E-01 -1.2814E-05 -1.0200E-04
  5.7206E-02  3.6350E-01 -1.3176E-05 -1.0489E-04
  5.7607E-02  3.7044E-01 -1.3548E-05 -1.0786E-04
  5.8010E-02  3.7750E-01 -1.3931E-05 -1.1091E-04
  5.8416E-02  3.8467E-01 -1.4325E-05 -1.1405E-04
  5.8825E-02  3.9195E-01 -1.4730E-05 -1.1727E-04
  5.9237E-02  3.9936E-01 -1.5146E-05 -1.2059E-04
  5.9652E-02  4.0688E-01 -1.5574E-05 -1.2400E-04
  6.0070E-02  4.1452E-01 -1.6015E-05 -1.2751E-04
  6.0491E-02  4.2228E-01 -1.6467E-05 -1.3112E-04
  6.0914E-02  4.3016E-01 -1.6932E-05 -1.3483E-04
  6.1341E-02  4.3817E-01 -1.7411E-05 -1.3864E-04
  6.1770E-02  4.4630E-01 -1.7903E-05 -1.4256E-04
  6.2203E-02  4.5456E-01 -1.8409E-05 -1.4660E-04
  6.2638E-02  4.6294E-01 -1.8929E-05 -1.5074E-04
  6.3077E-02  4.7146E-01 -1.9464E-05 -1.5501E-04
  6.3519E-02  4.8010E-01 -2.0014E-05 -1.5939E-04
  6.3963E-02  4.8888E-01 -2.0579E-05 -1.6390E-04
  6.4411E-02  4.9778E-01 -2.1161E-05 -1.6854E-04
  6.4862E-02  5.0682E-01 -2.1758E-05 -1.7331E-04
  6.5316E-02  5.1600E-01 -2.2373E-05 -1.7821E-04
  6.5774E-02  5.2531E-01 -2.3005E-05 -1.8325E-04
  6.6234E-02  5.3476E-01 -2.3655E-05 -1.8843E-04
  6.6698E-02  5.4434E-01 -2.4323E-05 -1.9376E-04
  6.7165E-02  5.5407E-01 -2.5010E-05 -1.9924E-04
  6.7635E-02  5.6393E-01 -2.5717E-05 -2.0488E-04
  6.8109E-02  5.7394E-01 -2.6443E-05 -2.1067E-04
  6.8586E-02  5.8409E-01 -2.7190E-05 -2.1663E-04
  6.9066E-02  5.9438E-01 -2.7958E-05 -2.2275E-04
  6.9550E-02  6.0482E-01 -2.8747E-05 -2.2905E-04
  7.0037E-02  6.1540E-01 -2.9559E-05 -2.3553E-04
  7.0527E-02  6.2614E-01 -3.0394E-05 -2.4219E-04
  7.1021E-02  6.3702E-01 -3.1252E-05 -2.4904E-04
  7.1518E-02  6.4804E-01 -3.2134E-05 -2.5608E-04
  7.2019E-02  6.5922E-01 -3.3042E-05 -2.6333E-04
  7.2523E-02  6.7055E-01 -3.3975E-05 -2.7077E-04
  7.3031E-02  6.8203E-01 -3.4934E-05 -2.7843E-04
  7.3542E-02  6.9366E-01 -3.5920E-05 -2.8630E-04
  7.4057E-02  7.0545E-01 -3.6934E-05 -2.9440E-04
  7.4575E-02  7.1739E-01 -3.7977E-05 -3.0272E-04
  7.5097E-02  7.2948E-01 -3.9049E-05 -3.1128E-04
  7.5623E-02  7.4173E-01 -4.0151E-05 -3.2008E-04
  7.6153E-02  7.5414E-01 -4.1285E-05 -3.2913E-04
  7.6686E-02  7.6670E-01 -4.2450E-05 -3.3844E-04
  7.7223E-02  7.7943E-01 -4.3648E-05 -3.4800E-04
  7.7763E-02  7.9231E-01 -4.4880E-05 -3.5784E-04
  7.8308E-02  8.0534E-01 -4.6146E-05 -3.6796E-04
  7.8856E-02  8.1854E-01 -4.7449E-05 -3.7836E-04
  7.9408E-02  8.3190E-01 -4.8788E-05 -3.8906E-04
  7.9964E-02  8.4542E-01 -5.0164E-05 -4.0006E-04
  8.0524E-02  8.5910E-01 -5.1580E-05 -4.1137E-04
  8.1087E-02  8.7293E-01 -5.3035E-05 -4.2300E-04
  8.1655E-02  8.8693E-01 -5.4531E-05 -4.3495E-04
  8.2227E-02  9.0110E-01 -5.6070E-05 -4.4725E-04
  8.2802E-02  9.1542E-01 -5.7651E-05 -4.5989E-04
  8.3382E-02  9.2990E-01 -5.9278E-05 -4.7289E-04
  8.3966E-02  9.4455E-01 -6.0950E-05 -4.8625E-04
  8.4553E-02  9.5935E-01 -6.2669E-05 -5.0000E-04
  8.5145E-02  9.7432E-01 -6.4437E-05 -5.1413E-04
  8.5741E-02  9.8945E-01 -6.6254E-05 -5.2866E-04
  8.6342E-02  1.0047E+00 -6.8123E-05 -5.4360E-04
  8.6946E-02  1.0202E+00 -7.0044E-05 -5.5897E-04
  8.7555E-02  1.0358E+00 -7.2019E-05 -5.7476E-04
  8.8168E-02  1.0516E+00 -7.4050E-05 -5.9101E-04
  8.8785E-02  1.0675E+00 -7.6138E-05 -6.0771E-04
  8.9406E-02  1.0836E+00 -7.8284E-05 -6.2488E-04
  9.0032E-02  1.0999E+00 -8.0491E-05 -6.4254E-04
  9.0662E-02  1.1163E+00 -8.2760E-05 -6.6070E-04
  9.1297E-02  1.1328E+00 -8.5093E-05 -6.7937E-04
  9.1936E-02  1.1496E+00 -8.7492E-05 -6.9856E-04
  9.2579E-02  1.1664E+00 -8.9958E-05 -7.1830E-04
  9.3227E-02  1.1835E+00 -9.2494E-05 -7.3860E-04
  9.3880E-02  1.2007E+00 -9.5100E-05 -7.5946E-04
  9.4537E-02  1.2180E+00 -9.7781E-05 -7.8092E-04
  9.5199E-02  1.2355E+00 -1.0054E-04 -8.0298E-04
  9.5865E-02  1.2531E+00 -1.0337E-04 -8.2567E-04
  9.6536E-02  1.2709E+00 -1.0628E-04 -8.4900E-04
  9.7212E-02  1.2889E+00 -1.0928E-04 -8.7298E-04
  9.7892E-02  1.3069E+00 -1.1235E-04 -8.9764E-04
  9.8578E-02  1.3252E+00 -1.1552E-04 -9.2300E-04
  9.9268E-02  1.3435E+00 -1.1877E-04 -9.4907E-04
  9.9962E-02  1.3620E+00 -1.2212E-04 -9.7588E-04
  1.0066E-01  1.3807E+00 -1.2556E-04 -1.0034E-03
  1.0137E-01  1.3995E+00 -1.2909E-04 -1.0318E-03
  1.0208E-01  1.4184E+00 -1.3273E-04 -1.0609E-03
  1.0279E-01  1.4374E+00 -1.3647E-04 -1.0909E-03
  1.0351E-01  1.4566E+00 -1.4031E-04 -1.1217E-03
  1.0423E-01  1.4759E+00 -1.4426E-04 -1.1534E-03
  1.0496E-01  1.4954E+00 -1.4832E-04 -1.1860E-03
  1.0570E-01  1.5149E+00 -1.5250E-04 -1.2194E-03
  1.0644E-01  1.5346E+00 -1.5679E-04 -1.2539E-03
  1.0718E-01  1.5544E+00 -1.6120E-04 -1.2893E-03
  1.0793E-01  1.5743E+00 -1.6574E-04 -1.3257E-03
  1.0869E-01  1.5943E+00 -1.7040E-04 -1.3631E-03
  1.0945E-01  1.6144E+00 -1.7520E-04 -1.4016E-03
  1.1022E-01  1.6346E+00 -1.8013E-04 -1.4412E-03
  1.1099E-01  1.6550E+00 -1.8520E-04 -1.4819E-03
  1.1176E-01  1.6754E+00 -1.9041E-04 -1.5237E-03
  1.1255E-01  1.6959E+00 -1.9576E-04 -1.5667E-03
  1.1333E-01  1.7165E+00 -2.0127E-04 -1.6110E-03
  1.1413E-01  1.7372E+00 -2.0693E-04 -1.6564E-03
  1.1493E-01  1.7580E+00 -2.1275E-04 -1.7032E-03
  1.1573E-01  1.7788E+00 -2.1873E-04 -1.7513E-03
  1.1654E-01  1.7997E+00 -2.2489E-04 -1.8007E-03
  1.1736E-01  1.8207E+00 -2.3121E-04 -1.8515E-03
  1.1818E-01  1.8418E+00 -2.3771E-04 -1.9038E-03
  1.1900E-01  1.8629E+00 -2.4439E-04 -1.9575E-03
  1.1984E-01  1.8840E+00 -2.5126E-04 -2.0128E-03
  1.2068E-01  1.9053E+00 -2.5832E-04 -2.0696E-03
  1.2152E-01  1.9265E+00 -2.6558E-04 -2.1280E-03
  1.2237E-01  1.9478E+00 -2.7304E-04 -2.1880E-03
  1.2323E-01  1.9691E+00 -2.8072E-04 -2.2497E-03
  1.2409E-01  1.9905E+00 -2.8860E-04 -2.3132E-03
  1.2496E-01  2.0119E+00 -2.9671E-04 -2.3785E-03
  1.2583E-01  2.0333E+00 -3.0504E-04 -2.4456E-03
  1.2671E-01  2.0547E+00 -3.1361E-04 -2.5146E-03
  1.2760E-01  2.0761E+00 -3.2242E-04 -2.5855E-03
  1.2849E-01  2.0975E+00 -3.3147E-04 -2.6585E-03
  1.2939E-01  2.1189E+00 -3.4078E-04 -2.7334E-03
  1.3030E-01  2.1403E+00 -3.5035E-04 -2.8105E-03
  1.3121E-01  2.1617E+00 -3.6018E-04 -2.8898E-03
  1.3213E-01  2.1830E+00 -3.7029E-04 -2.9713E-03
  1.3305E-01  2.2043E+00 -3.8068E-04 -3.0551E-03
  1.3398E-01  2.2256E+00 -3.9137E-04 -3.1413E-03
  1.3492E-01  2.2468E+00 -4.0235E-04 -3.2298E-03
  1.3587E-01  2.2680E+00 -4.1363E-04 -3.3209E-03
  1.3682E-01  2.2891E+00 -4.2524E-04 -3.4146E-03
  1.3777E-01  2.3101E+00 -4.3716E-04 -3.5108E-03
  1.3874E-01  2.3311E+00 -4.4942E-04 -3.6098E-03
  1.3971E-01  2.3520E+00 -4.6203E-04 -3.7116E-03
  1.4069E-01  2.3727E+00 -4.7498E-04 -3.8162E-03
  1.4167E-01  2.3934E+00 -4.8830E-04 -3.9238E-03
  1.4266E-01  2.4140E+00 -5.0198E-04 -4.0344E-03
  1.4366E-01  2.4344E+00 -5.1605E-04 -4.1481E-03
  1.4467E-01  2.4548E+00 -5.3051E-04 -4.2650E-03
  1.4568E-01  2.4750E+00 -5.4538E-04 -4.3852E-03
  1.4670E-01  2.4950E+00 -5.6065E-04 -4.5087E-03
  1.4772E-01  2.5149E+00 -5.7636E-04 -4.6358E-03
  1.4876E-01  2.5346E+00 -5.9250E-04 -4.7664E-03
  1.4980E-01  2.5542E+00 -6.0909E-04 -4.9007E-03
  1.5085E-01  2.5736E+00 -6.2615E-04 -5.0387E-03
  1.5190E-01  2.5928E+00 -6.4368E-04 -5.1807E-03
  1.5297E-01  2.6118E+00 -6.6169E-04 -5.3266E-03
  1.5404E-01  2.6306E+00 -6.8021E-04 -5.4766E-03
  1.5511E-01  2.6492E+00 -6.9924E-04 -5.6308E-03
  1.5620E-01  2.6676E+00 -7.1881E-04 -5.7894E-03
  1.5729E-01  2.6857E+00 -7.3891E-04 -5.9524E-03
  1.5839E-01  2.7036E+00 -7.5958E-04 -6.1200E-03
  1.5950E-01  2.7212E+00 -7.8082E-04 -6.2924E-03
  1.6062E-01  2.7386E+00 -8.0265E-04 -6.4695E-03
  1.6174E-01  2.7556E+00 -8.2509E-04 -6.6516E-03
  1.6287E-01  2.7725E+00 -8.4815E-04 -6.8388E-03
  1.6401E-01  2.7890E+00 -8.7185E-04 -7.0313E-03
  1.6516E-01  2.8052E+00 -8.9621E-04 -7.2292E-03
  1.6632E-01  2.8211E+00 -9.2125E-04 -7.4327E-03
  1.6748E-01  2.8366E+00 -9.4698E-04 -7.6418E-03
  1.6865E-01  2.8519E+00 -9.7342E-04 -7.8568E-03
  1.6983E-01  2.8668E+00 -1.0006E-03 -8.0778E-03
  1.7102E-01  2.8813E+00 -1.0285E-03 -8.3051E-03
  1.7222E-01  2.8955E+00 -1.0572E-03 -8.5387E-03
  1.7342E-01  2.9093E+00 -1.0867E-03 -8.7788E-03
  1.7464E-01  2.9227E+00 -1.1171E-03 -9.0257E-03
  1.7586E-01  2.9357E+00 -1.1482E-03 -9.2795E-03
  1.7709E-01  2.9483E+00 -1.1802E-03 -9.5404E-03
  1.7833E-01  2.9604E+00 -1.2131E-03 -9.8086E-03
  1.7958E-01  2.9722E+00 -1.2470E-03 -1.0084E-02
  1.8083E-01  2.9835E+00 -1.2817E-03 -1.0368E-02
  1.8210E-01  2.9943E+00 -1.3174E-03 -1.0659E-02
  1.8337E-01  3.0047E+00 -1.3541E-03 -1.0959E-02
  1.8465E-01  3.0146E+00 -1.3918E-03 -1.1267E-02
  1.8595E-01  3.0240E+00 -1.4306E-03 -1.1583E-02
  1.8725E-01  3.0330E+00 -1.4704E-03 -1.1909E-02
  1.8856E-01  3.0414E+00 -1.5114E-03 -1.2243E-02
  1.8988E-01  3.0493E+00 -1.5534E-03 -1.2587E-02
  1.9121E-01  3.0567E+00 -1.5966E-03 -1.2940E-02
  1.9254E-01  3.0635E+00 -1.6410E-03 -1.3304E-02
  1.9389E-01  3.0698E+00 -1.6867E-03 -1.3677E-02
  1.9525E-01  3.0755E+00 -1.7336E-03 -1.4061E-02
  1.9661E-01  3.0807E+00 -1.7817E-03 -1.4456E-02
  1.9799E-01  3.0852E+00 -1.8313E-03 -1.4862E-02
  1.9937E-01  3.0892E+00 -1.8821E-03 -1.5279E-02
  2.0077E-01  3.0926E+00 -1.9344E-03 -1.5707E-02
  2.0217E-01  3.0953E+00 -1.9881E-03 -1.6148E-02
  2.0359E-01  3.0974E+00 -2.0433E-03 -1.6601E-02
  2.0501E-01  3.0989E+00 -2.1000E-03 -1.7066E-02
  2.0645E-01  3.0998E+00 -2.1583E-03 -1.7545E-02
  2.0789E-01  3.0999E+00 -2.2181E-03 -1.8037E-02
  2.0935E-01  3.0995E+00 -2.2796E-03 -1.8542E-02
  2.1081E-01  3.0983E+00 -2.3428E-03 -1.9062E-02
  2.1229E-01  3.0965E+00 -2.4077E-03 -1.9596E-02
  2.1377E-01  3.0939E+00 -2.4744E-03 -2.0145E-02
  2.1527E-01  3.0907E+00 -2.5429E-03 -2.0709E-02
  2.1677E-01  3.0867E+00 -2.6134E-03 -2.1289E-02
  2.1829E-01  3.0820E+00 -2.6857E-03 -2.1886E-02
  2.1982E-01  3.0766E+00 -2.7600E-03 -2.2498E-02
  2.2136E-01  3.0704E+00 -2.8363E-03 -2.3128E-02
  2.2290E-01  3.0635E+00 -2.9148E-03 -2.3775E-02
  2.2446E-01  3.0558E+00 -2.9953E-03 -2.4441E-02
  2.2603E-01  3.0473E+00 -3.0781E-03 -2.5124E-02
  2.2762E-01  3.0381E+00 -3.1631E-03 -2.5827E-02
  2.2921E-01  3.0281E+00 -3.2505E-03 -2.6549E-02
  2.3081E-01  3.0172E+00 -3.3402E-03 -2.7292E-02
  2.3243E-01  3.0056E+00 -3.4324E-03 -2.8055E-02
  2.3405E-01  2.9932E+00 -3.5271E-03 -2.8839E-02
  2.3569E-01  2.9799E+00 -3.6243E-03 -2.9644E-02
  2.3734E-01  2.9659E+00 -3.7242E-03 -3.0472E-02
  2.3900E-01  2.9510E+00 -3.8269E-03 -3.1324E-02
  2.4067E-01  2.9352E+00 -3.9323E-03 -3.2198E-02
  2.4236E-01  2.9186E+00 -4.0406E-03 -3.3097E-02
  2.4405E-01  2.9012E+00 -4.1518E-03 -3.4021E-02
  2.4576E-01  2.8829E+00 -4.2660E-03 -3.4970E-02
  2.4748E-01  2.8638E+00 -4.3833E-03 -3.5945E-02
  2.4921E-01  2.8438E+00 -4.5038E-03 -3.6948E-02
  2.5095E-01  2.8229E+00 -4.6276E-03 -3.7978E-02
  2.5271E-01  2.8011E+00 -4.7547E-03 -3.9036E-02
  2.5448E-01  2.7785E+00 -4.8852E-03 -4.0124E-02
  2.5626E-01  2.7550E+00 -5.0193E-03 -4.1242E-02
  2.5805E-01  2.7305E+00 -5.1570E-03 -4.2391E-02
  2.5986E-01  2.7052E+00 -5.2984E-03 -4.3571E-02
  2.6167E-01  2.6790E+00 -5.4437E-03 -4.4783E-02
  2.6351E-01  2.6520E+00 -5.5928E-03 -4.6030E-02
  2.6535E-01  2.6240E+00 -5.7459E-03 -4.7310E-02
  2.6721E-01  2.5951E+00 -5.9032E-03 -4.8626E-02
  2.6907E-01  2.5653E+00 -6.0647E-03 -4.9977E-02
  2.7096E-01  2.5346E+00 -6.2306E-03 -5.1366E-02
  2.7285E-01  2.5030E+00 -6.4008E-03 -5.2793E-02
  2.7476E-01  2.4704E+00 -6.5757E-03 -5.4259E-02
  2.7668E-01  2.4370E+00 -6.7552E-03 -5.5765E-02
  2.7862E-01  2.4027E+00 -6.9396E-03 -5.7313E-02
  2.8057E-01  2.3675E+00 -7.1289E-03 -5.8903E-02
  2.8253E-01  2.3313E+00 -7.3232E-03 -6.0536E-02
  2.8451E-01  2.2943E+00 -7.5228E-03 -6.2215E-02
  2.8650E-01  2.2563E+00 -7.7276E-03 -6.3938E-02
  2.8850E-01  2.2175E+00 -7.9380E-03 -6.5709E-02
  2.9052E-01  2.1778E+00 -8.1539E-03 -6.7529E-02
  2.9255E-01  2.1371E+00 -8.3756E-03 -6.9398E-02
  2.9460E-01  2.0956E+00 -8.6031E-03 -7.1318E-02
  2.9666E-01  2.0532E+00 -8.8368E-03 -7.3290E-02
  2.9874E-01  2.0099E+00 -9.0766E-03 -7.5316E-02
  3.0083E-01  1.9657E+00 -9.3228E-03 -7.7396E-02
  3.0293E-01  1.9206E+00 -9.5755E-03 -7.9534E-02
  3.0505E-01  1.8747E+00 -9.8349E-03 -8.1729E-02
  3.0719E-01  1.8279E+00 -1.0101E-02 -8.3984E-02
  3.0933E-01  1.7802E+00 -1.0374E-02 -8.6300E-02
  3.1150E-01  1.7317E+00 -1.0655E-02 -8.8678E-02
  3.1368E-01  1.6823E+00 -1.0943E-02 -9.1121E-02
  3.1587E-01  1.6321E+00 -1.1238E-02 -9.3630E-02
  3.1808E-01  1.5811E+00 -1.1542E-02 -9.6207E-02
  3.2031E-01  1.5292E+00 -1.1853E-02 -9.8853E-02
  3.2255E-01  1.4766E+00 -1.2172E-02 -1.0157E-01
  3.2481E-01  1.4231E+00 -1.2500E-02 -1.0436E-01
  3.2708E-01  1.3688E+00 -1.2836E-02 -1.0723E-01
  3.2937E-01  1.3137E+00 -1.3181E-02 -1.1017E-01
  3.3167E-01  1.2579E+00 -1.3536E-02 -1.1319E-01
  3.3399E-01  1.2013E+00 -1.3899E-02 -1.1629E-01
  3.3633E-01  1.1439E+00 -1.4272E-02 -1.1948E-01
  3.3868E-01  1.0858E+00 -1.4654E-02 -1.2275E-01
  3.4105E-01  1.0269E+00 -1.5047E-02 -1.2611E-01
  3.4343E-01  9.6732E-01 -1.5450E-02 -1.2955E-01
  3.4584E-01  9.0703E-01 -1.5863E-02 -1.3309E-01
  3.4826E-01  8.4604E-01 -1.6287E-02 -1.3673E-01
  3.5069E-01  7.8437E-01 -1.6721E-02 -1.4046E-01
  3.5315E-01  7.2203E-01 -1.7167E-02 -1.4428E-01
  3.5562E-01  6.5904E-01 -1.7625E-02 -1.4821E-01
  3.5810E-01  5.9540E-01 -1.8094E-02 -1.5225E-01
  3.6061E-01  5.3113E-01 -1.8576E-02 -1.5639E-01
  3.6313E-01  4.6626E-01 -1.9069E-02 -1.6064E-01
  3.6567E-01  4.0078E-01 -1.9576E-02 -1.6500E-01
  3.6823E-01  3.3473E-01 -2.0095E-02 -1.6948E-01
  3.7081E-01  2.6812E-01 -2.0628E-02 -1.7407E-01
  3.7340E-01  2.0095E-01 -2.1174E-02 -1.7878E-01
  3.7601E-01  1.3326E-01 -2.1734E-02 -1.8362E-01
  3.7864E-01  6.5058E-02 -2.2309E-02 -1.8859E-01
  3.8129E-01 -3.6401E-03 -2.2898E-02 -1.9368E-01
  3.8396E-01 -7.2815E-02 -2.3502E-02 -1.9891E-01
  3.8665E-01 -1.4245E-01 -2.4121E-02 -2.0427E-01
  3.8935E-01 -2.1252E-01 -2.4756E-02 -2.0977E-01
  3.9208E-01 -2.8301E-01 -2.5406E-02 -2.1541E-01
  3.9482E-01 -3.5390E-01 -2.6074E-02 -2.2120E-01
  3.9758E-01 -4.2517E-01 -2.6758E-02 -2.2714E-01
  4.0036E-01 -4.9680E-01 -2.7459E-02 -2.3323E-01
  4.0316E-01 -5.6877E-01 -2.8177E-02 -2.3947E-01
  4.0598E-01 -6.4106E-01 -2.8914E-02 -2.4588E-01
  4.0882E-01 -7.1364E-01 -2.9669E-02 -2.5245E-01
  4.1168E-01 -7.8651E-01 -3.0443E-02 -2.5919E-01
  4.1456E-01 -8.5963E-01 -3.1236E-02 -2.6610E-01
  4.1746E-01 -9.3298E-01 -3.2048E-02 -2.7318E-01
  4.2038E-01 -1.0065E+00 -3.2881E-02 -2.8045E-01
  4.2332E-01 -1.0803E+00 -3.3734E-02 -2.8789E-01
  4.2629E-01 -1.1542E+00 -3.4609E-02 -2.9553E-01
  4.2927E-01 -1.2283E+00 -3.5504E-02 -3.0335E-01
  4.3227E-01 -1.3025E+00 -3.6422E-02 -3.1138E-01
  4.3529E-01 -1.3767E+00 -3.7362E-02 -3.1960E-01
  4.3834E-01 -1.4511E+00 -3.8325E-02 -3.2803E-01
  4.4141E-01 -1.5255E+00 -3.9312E-02 -3.3666E-01
  4.4449E-01 -1.5999E+00 -4.0322E-02 -3.4551E-01
  4.4760E-01 -1.6744E+00 -4.1357E-02 -3.5458E-01
  4.5073E-01 -1.7488E+00 -4.2417E-02 -3.6387E-01
  4.5389E-01 -1.8232E+00 -4.3502E-02 -3.7339E-01
  4.5706E-01 -1.8975E+00 -4.4613E-02 -3.8314E-01
  4.6026E-01 -1.9717E+00 -4.5751E-02 -3.9313E-01
  4.6348E-01 -2.0458E+00 -4.6916E-02 -4.0336E-01
  4.6672E-01 -2.1198E+00 -4.8109E-02 -4.1384E-01
  4.6999E-01 -2.1936E+00 -4.9331E-02 -4.2457E-01
  4.7327E-01 -2.2672E+00 -5.0581E-02 -4.3556E-01
  4.7659E-01 -2.3406E+00 -5.1860E-02 -4.4681E-01
  4.7992E-01 -2.4137E+00 -5.3170E-02 -4.5832E-01
  4.8328E-01 -2.4866E+00 -5.4511E-02 -4.7011E-01
  4.8666E-01 -2.5592E+00 -5.5882E-02 -4.8218E-01
  4.9006E-01 -2.6315E+00 -5.7286E-02 -4.9453E-01
  4.9349E-01 -2.7034E+00 -5.8723E-02 -5.0717E-01
  4.9694E-01 -2.7750E+00 -6.0192E-02 -5.2011E-01
  5.0042E-01 -2.8462E+00 -6.1696E-02 -5.3334E-01
  5.0392E-01 -2.9169E+00 -6.3234E-02 -5.4688E-01
  5.0744E-01 -2.9873E+00 -6.4807E-02 -5.6073E-01
  5.1099E-01 -3.0571E+00 -6.6416E-02 -5.7489E-01
  5.1457E-01 -3.1265E+00 -6.8062E-02 -5.8937E-01
  5.1817E-01 -3.1954E+00 -6.9745E-02 -6.0419E-01
  5.2179E-01 -3.2637E+00 -7.1466E-02 -6.1933E-01
  5.2544E-01 -3.3314E+00 -7.3226E-02 -6.3481E-01
  5.2912E-01 -3.3986E+00 -7.5025E-02 -6.5063E-01
  5.3282E-01 -3.4651E+00 -7.6864E-02 -6.6680E-01
  5.3655E-01 -3.5311E+00 -7.8744E-02 -6.8333E-01
  5.4030E-01 -3.5963E+00 -8.0665E-02 -7.0021E-01
  5.4408E-01 -3.6609E+00 -8.2629E-02 -7.1745E-01
  5.4789E-01 -3.7247E+00 -8.4635E-02 -7.3507E-01
  5.5172E-01 -3.7879E+00 -8.6685E-02 -7.5306E-01
  5.5558E-01 -3.8502E+00 -8.8780E-02 -7.7143E-01
  5.5946E-01 -3.9118E+00 -9.0920E-02 -7.9018E-01
  5.6338E-01 -3.9726E+00 -9.3106E-02 -8.0932E-01
  5.6732E-01 -4.0326E+00 -9.5338E-02 -8.2886E-01
  5.7129E-01 -4.0917E+00 -9.7618E-02 -8.4879E-01
  5.7528E-01 -4.1499E+00 -9.9946E-02 -8.6913E-01
  5.7931E-01 -4.2073E+00 -1.0232E-01 -8.8987E-01
  5.8336E-01 -4.2637E+00 -1.0475E-01 -9.1102E-01
  5.8744E-01 -4.3193E+00 -1.0723E-01 -9.3259E-01
  5.9155E-01 -4.3738E+00 -1.0975E-01 -9.5458E-01
  5.9569E-01 -4.4274E+00 -1.1233E-01 -9.7699E-01
  5.9986E-01 -4.4800E+00 -1.1496E-01 -9.9982E-01
  6.0405E-01 -4.5316E+00 -1.1765E-01 -1.0231E+00
  6.0828E-01 -4.5822E+00 -1.2039E-01 -1.0468E+00
  6.1253E-01 -4.6317E+00 -1.2318E-01 -1.0709E+00
  6.1682E-01 -4.6802E+00 -1.2603E-01 -1.0955E+00
  6.2113E-01 -4.7275E+00 -1.2894E-01 -1.1205E+00
  6.2548E-01 -4.7738E+00 -1.3190E-01 -1.1459E+00
  6.2985E-01 -4.8190E+00 -1.3492E-01 -1.1718E+00
  6.3426E-01 -4.8630E+00 -1.3800E-01 -1.1981E+00
  6.3870E-01 -4.9059E+00 -1.4113E-01 -1.2249E+00
  6.4316E-01 -4.9477E+00 -1.4433E-01 -1.2521E+00
  6.4766E-01 -4.9882E+00 -1.4759E-01 -1.2797E+00
  6.5219E-01 -5.0276E+00 -1.5090E-01 -1.3078E+00
  6.5675E-01 -5.0657E+00 -1.5428E-01 -1.3363E+00
  6.6135E-01 -5.1027E+00 -1.5772E-01 -1.3653E+00
  6.6598E-01 -5.1384E+00 -1.6122E-01 -1.3947E+00
  6.7063E-01 -5.1729E+00 -1.6478E-01 -1.4245E+00
  6.7532E-01 -5.2062E+00 -1.6841E-01 -1.4547E+00
  6.8005E-01 -5.2382E+00 -1.7210E-01 -1.4854E+00
  6.8481E-01 -5.2689E+00 -1.7585E-01 -1.5164E+00
  6.8960E-01 -5.2983E+00 -1.7967E-01 -1.5479E+00
  6.9442E-01 -5.3265E+00 -1.8355E-01 -1.5798E+00
  6.9928E-01 -5.3533E+00 -1.8750E-01 -1.6121E+00
  7.0417E-01 -5.3789E+00 -1.9151E-01 -1.6447E+00
  7.0909E-01 -5.4032E+00 -1.9559E-01 -1.6778E+00
  7.1406E-01 -5.4261E+00 -1.9973E-01 -1.7112E+00
  7.1905E-01 -5.4477E+00 -2.0394E-01 -1.7449E+00
  7.2408E-01 -5.4680E+00 -2.0822E-01 -1.7790E+00
  7.2914E-01 -5.4869E+00 -2.1256E-01 -1.8134E+00
  7.3425E-01 -5.5046E+00 -2.1696E-01 -1.8482E+00
  7.3938E-01 -5.5208E+00 -2.2143E-01 -1.8832E+00
  7.4455E-01 -5.5358E+00 -2.2597E-01 -1.9185E+00
  7.4976E-01 -5.5494E+00 -2.3057E-01 -1.9541E+00
  7.5501E-01 -5.5616E+00 -2.3524E-01 -1.9899E+00
  7.6029E-01 -5.5725E+00 -2.3997E-01 -2.0259E+00
  7.6561E-01 -5.5821E+00 -2.4476E-01 -2.0622E+00
  7.7096E-01 -5.5903E+00 -2.4962E-01 -2.0986E+00
  7.7635E-01 -5.5971E+00 -2.5454E-01 -2.1351E+00
  7.8178E-01 -5.6026E+00 -2.5952E-01 -2.1718E+00
  7.8725E-01 -5.6068E+00 -2.6457E-01 -2.2086E+00
  7.9276E-01 -5.6096E+00 -2.6967E-01 -2.2454E+00
  7.9831E-01 -5.6110E+00 -2.7483E-01 -2.2823E+00
  8.0389E-01 -5.6112E+00 -2.8005E-01 -2.3192E+00
  8.0951E-01 -5.6099E+00 -2.8533E-01 -2.3561E+00
  8.1518E-01 -5.6074E+00 -2.9066E-01 -2.3929E+00
  8.2088E-01 -5.6035E+00 -2.9605E-01 -2.4296E+00
  8.2662E-01 -5.5983E+00 -3.0149E-01 -2.4662E+00
  8.3240E-01 -5.5918E+00 -3.0698E-01 -2.5026E+00
  8.3822E-01 -5.5839E+00 -3.1252E-01 -2.5388E+00
  8.4409E-01 -5.5748E+00 -3.1810E-01 -2.5747E+00
  8.4999E-01 -5.5643E+00 -3.2373E-01 -2.6103E+00
  8.5594E-01 -5.5525E+00 -3.2940E-01 -2.6455E+00
  8.6193E-01 -5.5395E+00 -3.3512E-01 -2.6803E+00
  8.6795E-01 -5.5252E+00 -3.4087E-01 -2.7147E+00
  8.7403E-01 -5.5096E+00 -3.4665E-01 -2.7485E+00
  8.8014E-01 -5.4927E+00 -3.5247E-01 -2.7818E+00
  8.8630E-01 -5.4746E+00 -3.5832E-01 -2.8145E+00
  8.9250E-01 -5.4552E+00 -3.6419E-01 -2.8465E+00
  8.9874E-01 -5.4346E+00 -3.7008E-01 -2.8777E+00
  9.0503E-01 -5.4128E+00 -3.7600E-01 -2.9082E+00
  9.1136E-01 -5.3897E+00 -3.8192E-01 -2.9377E+00
  9.1773E-01 -5.3655E+00 -3.8786E-01 -2.9664E+00
  9.2415E-01 -5.3400E+00 -3.9381E-01 -2.9940E+00
  9.3061E-01 -5.3134E+00 -3.9975E-01 -3.0205E+00
  9.3712E-01 -5.2856E+00 -4.0570E-01 -3.0460E+00
  9.4368E-01 -5.2566E+00 -4.1164E-01 -3.0702E+00
  9.5028E-01 -5.2264E+00 -4.1756E-01 -3.0931E+00
  9.5693E-01 -5.1952E+00 -4.2347E-01 -3.1146E+00
  9.6362E-01 -5.1628E+00 -4.2935E-01 -3.1348E+00
  9.7036E-01 -5.1293E+00 -4.3521E-01 -3.1534E+00
  9.7715E-01 -5.0947E+00 -4.4103E-01 -3.1704E+00
  9.8398E-01 -5.0590E+00 -4.4681E-01 -3.1857E+00
  9.9087E-01 -5.0222E+00 -4.5254E-01 -3.1993E+00
  9.9780E-01 -4.9844E+00 -4.5822E-01 -3.2111E+00
  1.0048E+00 -4.9455E+00 -4.6383E-01 -3.2209E+00
  1.0118E+00 -4.9057E+00 -4.6938E-01 -3.2287E+00
  1.0189E+00 -4.8647E+00 -4.7485E-01 -3.2345E+00
  1.0260E+00 -4.8228E+00 -4.8023E-01 -3.2381E+00
  1.0332E+00 -4.7799E+00 -4.8553E-01 -3.2394E+00
  1.0404E+00 -4.7361E+00 -4.9072E-01 -3.2385E+00
  1.0477E+00 -4.6913E+00 -4.9580E-01 -3.2351E+00
  1.0550E+00 -4.6455E+00 -5.0076E-01 -3.2292E+00
  1.0624E+00 -4.5988E+00 -5.0560E-01 -3.2208E+00
  1.0698E+00 -4.5512E+00 -5.1030E-01 -3.2097E+00
  1.0773E+00 -4.5027E+00 -5.1485E-01 -3.1959E+00
  1.0848E+00 -4.4534E+00 -5.1925E-01 -3.1794E+00
  1.0924E+00 -4.4032E+00 -5.2348E-01 -3.1599E+00
  1.1001E+00 -4.3521E+00 -5.2752E-01 -3.1375E+00
  1.1078E+00 -4.3002E+00 -5.3139E-01 -3.1121E+00
  1.1155E+00 -4.2475E+00 -5.3505E-01 -3.0837E+00
  1.1233E+00 -4.1940E+00 -5.3849E-01 -3.0521E+00
  1.1312E+00 -4.1398E+00 -5.4172E-01 -3.0173E+00
  1.1391E+00 -4.0848E+00 -5.4471E-01 -2.9794E+00
  1.1471E+00 -4.0290E+00 -5.4745E-01 -2.9381E+00
  1.1551E+00 -3.9725E+00 -5.4993E-01 -2.8935E+00
  1.1632E+00 -3.9154E+00 -5.5214E-01 -2.8455E+00
  1.1713E+00 -3.8575E+00 -5.5406E-01 -2.7941E+00
  1.1795E+00 -3.7990E+00 -5.5568E-01 -2.7393E+00
  1.1877E+00 -3.7398E+00 -5.5699E-01 -2.6811E+00
  1.1961E+00 -3.6800E+00 -5.5797E-01 -2.6194E+00
  1.2044E+00 -3.6196E+00 -5.5862E-01 -2.5543E+00
  1.2128E+00 -3.5586E+00 -5.5890E-01 -2.4857E+00
  1.2213E+00 -3.4971E+00 -5.5882E-01 -2.4136E+00
  1.2299E+00 -3.4349E+00 -5.5836E-01 -2.3382E+00
  1.2385E+00 -3.3723E+00 -5.5750E-01 -2.2593E+00
  1.2471E+00 -3.3092E+00 -5.5623E-01 -2.1771E+00
  1.2559E+00 -3.2455E+00 -5.5453E-01 -2.0915E+00
  1.2646E+00 -3.1814E+00 -5.5238E-01 -2.0027E+00
  1.2735E+00 -3.1168E+00 -5.4979E-01 -1.9107E+00
  1.2824E+00 -3.0519E+00 -5.4672E-01 -1.8156E+00
  1.2914E+00 -2.9865E+00 -5.4317E-01 -1.7175E+00
  1.3004E+00 -2.9207E+00 -5.3911E-01 -1.6164E+00
  1.3095E+00 -2.8546E+00 -5.3454E-01 -1.5125E+00
  1.3187E+00 -2.7881E+00 -5.2945E-01 -1.4060E+00
  1.3279E+00 -2.7213E+00 -5.2381E-01 -1.2968E+00
  1.3372E+00 -2.6542E+00 -5.1761E-01 -1.1853E+00
  1.3465E+00 -2.5868E+00 -5.1084E-01 -1.0716E+00
  1.3559E+00 -2.5192E+00 -5.0348E-01 -9.5572E-01
  1.3654E+00 -2.4514E+00 -4.9553E-01 -8.3800E-01
  1.3750E+00 -2.3834E+00 -4.8696E-01 -7.1859E-01
  1.3846E+00 -2.3151E+00 -4.7778E-01 -5.9769E-01
  1.3943E+00 -2.2468E+00 -4.6795E-01 -4.7554E-01
  1.4040E+00 -2.1783E+00 -4.5748E-01 -3.5237E-01
  1.4139E+00 -2.1097E+00 -4.4635E-01 -2.2843E-01
  1.4237E+00 -2.0410E+00 -4.3455E-01 -1.0397E-01
  1.4337E+00 -1.9723E+00 -4.2207E-01  2.0741E-02
  1.4437E+00 -1.9035E+00 -4.0890E-01  1.4541E-01
  1.4538E+00 -1.8347E+00 -3.9504E-01  2.6976E-01
  1.4640E+00 -1.7660E+00 -3.8048E-01  3.9347E-01
  1.4742E+00 -1.6973E+00 -3.6520E-01  5.1624E-01
  1.4845E+00 -1.6287E+00 -3.4922E-01  6.3776E-01
  1.4949E+00 -1.5602E+00 -3.3251E-01  7.5769E-01
  1.5054E+00 -1.4919E+00 -3.1508E-01  8.7569E-01
  1.5159E+00 -1.4237E+00 -2.9692E-01  9.9143E-01
  1.5265E+00 -1.3557E+00 -2.7804E-01  1.1046E+00
  1.5372E+00 -1.2880E+00 -2.5844E-01  1.2147E+00
  1.5480E+00 -1.2204E+00 -2.3811E-01  1.3216E+00
  1.5588E+00 -1.1532E+00 -2.1706E-01  1.4248E+00
  1.5697E+00 -1.0863E+00 -1.9530E-01  1.5240E+00
  1.5807E+00 -1.0197E+00 -1.7283E-01  1.6188E+00
  1.5917E+00 -9.5356E-01 -1.4966E-01  1.7089E+00
  1.6029E+00 -8.8778E-01 -1.2581E-01  1.7940E+00
  1.6141E+00 -8.2244E-01 -1.0128E-01  1.8736E+00
  1.6254E+00 -7.5758E-01 -7.6080E-02  1.9476E+00
  1.6367E+00 -6.9323E-01 -5.0238E-02  2.0155E+00
  1.6482E+00 -6.2942E-01 -2.3766E-02  2.0771E+00
  1.6597E+00 -5.6618E-01  3.3133E-03  2.1320E+00
  1.6713E+00 -5.0355E-01  3.0979E-02  2.1801E+00
  1.6830E+00 -4.4157E-01  5.9206E-02  2.2210E+00
  1.6948E+00 -3.8027E-01  8.7968E-02  2.2545E+00
  1.7066E+00 -3.1968E-01  1.1723E-01  2.2805E+00
  1.7186E+00 -2.5985E-01  1.4697E-01  2.2988E+00
  1.7306E+00 -2.0080E-01  1.7715E-01  2.3091E+00
  1.7427E+00 -1.4258E-01  2.0773E-01  2.3114E+00
  1.7549E+00 -8.5225E-02  2.3868E-01  2.3057E+00
  1.7672E+00 -2.8768E-02  2.6994E-01  2.2918E+00
  1.7795E+00  2.6751E-02  3.0148E-01  2.2697E+00
  1.7920E+00  8.1292E-02  3.3325E-01  2.2396E+00
  1.8045E+00  1.3482E-01  3.6520E-01  2.2015E+00
  1.8171E+00  1.8729E-01  3.9728E-01  2.1555E+00
  1.8298E+00  2.3867E-01  4.2943E-01  2.1017E+00
  1.8426E+00  2.8891E-01  4.6159E-01  2.0405E+00
  1.8555E+00  3.3798E-01  4.9370E-01  1.9721E+00
  1.8685E+00  3.8584E-01  5.2571E-01  1.8969E+00
  1.8816E+00  4.3244E-01  5.5754E-01  1.8151E+00
  1.8947E+00  4.7775E-01  5.8913E-01  1.7274E+00
  1.9080E+00  5.2172E-01  6.2041E-01  1.6341E+00
  1.9213E+00  5.6431E-01  6.5131E-01  1.5358E+00
  1.9348E+00  6.0549E-01  6.8175E-01  1.4332E+00
  1.9483E+00  6.4521E-01  7.1166E-01  1.3269E+00
  1.9619E+00  6.8344E-01  7.4095E-01  1.2177E+00
  1.9756E+00  7.2012E-01  7.6956E-01  1.1063E+00
  1.9895E+00  7.5522E-01  7.9739E-01  9.9352E-01
  2.0034E+00  7.8869E-01  8.2437E-01  8.8030E-01
  2.0174E+00  8.2051E-01  8.5041E-01  7.6754E-01
  2.0315E+00  8.5062E-01  8.7543E-01  6.5620E-01
  2.0457E+00  8.7899E-01  8.9934E-01  5.4728E-01
  2.0600E+00  9.0558E-01  9.2207E-01  4.4179E-01
  2.0744E+00  9.3034E-01  9.4351E-01  3.4077E-01
  2.0889E+00  9.5324E-01  9.6360E-01  2.4529E-01
  2.1036E+00  9.7424E-01  9.8224E-01  1.5639E-01
  2.1183E+00  9.9331E-01  9.9936E-01  7.5116E-02
  2.1331E+00  1.0104E+00  1.0149E+00  2.4951E-03
  2.1480E+00  1.0255E+00  1.0287E+00 -6.0485E-02
  2.1630E+00  1.0385E+00  1.0407E+00 -1.1288E-01
  2.1782E+00  1.0494E+00  1.0509E+00 -1.5382E-01
  2.1934E+00  1.0583E+00  1.0592E+00 -1.8251E-01
  2.2087E+00  1.0650E+00  1.0655E+00 -1.9824E-01
  2.2242E+00  1.0695E+00  1.0697E+00 -2.0045E-01
  2.2397E+00  1.0717E+00  1.0719E+00 -1.8870E-01
  2.2554E+00  1.0718E+00  1.0718E+00 -1.6270E-01
  2.2712E+00  1.0696E+00  1.0696E+00 -1.2238E-01
  2.2871E+00  1.0651E+00  1.0651E+00 -6.7829E-02
  2.3031E+00  1.0582E+00  1.0582E+00  0.0000E+00
  2.3192E+00  1.0491E+00  1.0491E+00  0.0000E+00
  2.3354E+00  1.0375E+00  1.0375E+00  0.0000E+00
  2.3517E+00  1.0236E+00  1.0236E+00  0.0000E+00
  2.3682E+00  1.0073E+00  1.0073E+00  0.0000E+00
  2.3847E+00  9.8859E-01  9.8859E-01  0.0000E+00
  2.4014E+00  9.6746E-01  9.6746E-01  0.0000E+00
  2.4182E+00  9.4389E-01  9.4389E-01  0.0000E+00
  2.4351E+00  9.1789E-01  9.1789E-01  0.0000E+00
  2.4522E+00  8.8944E-01  8.8944E-01  0.0000E+00
  2.4693E+00  8.5856E-01  8.5856E-01  0.0000E+00
  2.4866E+00  8.2524E-01  8.2524E-01  0.0000E+00
  2.5040E+00  7.8949E-01  7.8949E-01  0.0000E+00
  2.5215E+00  7.5132E-01  7.5132E-01  0.0000E+00
  2.5391E+00  7.1073E-01  7.1073E-01  0.0000E+00
  2.5569E+00  6.6776E-01  6.6776E-01  0.0000E+00
  2.5748E+00  6.2241E-01  6.2241E-01  0.0000E+00
  2.5928E+00  5.7472E-01  5.7472E-01  0.0000E+00
  2.6109E+00  5.2471E-01  5.2471E-01  0.0000E+00
  2.6292E+00  4.7241E-01  4.7241E-01  0.0000E+00
  2.6476E+00  4.1787E-01  4.1787E-01  0.0000E+00
  2.6661E+00  3.6112E-01  3.6112E-01  0.0000E+00
  2.6847E+00  3.0222E-01  3.0222E-01  0.0000E+00
  2.7035E+00  2.4121E-01  2.4121E-01  0.0000E+00
  2.7224E+00  1.7815E-01  1.7815E-01  0.0000E+00
  2.7415E+00  1.1310E-01  1.1310E-01  0.0000E+00
  2.7607E+00  4.6135E-02  4.6135E-02  0.0000E+00
  2.7800E+00 -2.2677E-02 -2.2677E-02  0.0000E+00
  2.7994E+00 -9.3256E-02 -9.3256E-02  0.0000E+00
  2.8190E+00 -1.6552E-01 -1.6552E-01  0.0000E+00
  2.8387E+00 -2.3937E-01 -2.3937E-01  0.0000E+00
  2.8586E+00 -3.1473E-01 -3.1473E-01  0.0000E+00
  2.8786E+00 -3.9147E-01 -3.9147E-01  0.0000E+00
  2.8987E+00 -4.6951E-01 -4.6951E-01  0.0000E+00
  2.9190E+00 -5.4872E-01 -5.4872E-01  0.0000E+00
  2.9394E+00 -6.2898E-01 -6.2898E-01  0.0000E+00
  2.9599E+00 -7.1018E-01 -7.1018E-01  0.0000E+00
  2.9806E+00 -7.9216E-01 -7.9216E-01  0.0000E+00
  3.0015E+00 -8.7481E-01 -8.7481E-01  0.0000E+00
  3.0225E+00 -9.5796E-01 -9.5796E-01  0.0000E+00
  3.0436E+00 -1.0415E+00 -1.0415E+00  0.0000E+00
  3.0649E+00 -1.1252E+00 -1.1252E+00  0.0000E+00
  3.0864E+00 -1.2090E+00 -1.2090E+00  0.0000E+00
  3.1079E+00 -1.2926E+00 -1.2926E+00  0.0000E+00
  3.1297E+00 -1.3759E+00 -1.3759E+00  0.0000E+00
  3.1516E+00 -1.4588E+00 -1.4588E+00  0.0000E+00
  3.1736E+00 -1.5410E+00 -1.5410E+00  0.0000E+00
  3.1958E+00 -1.6223E+00 -1.6223E+00  0.0000E+00
  3.2182E+00 -1.7026E+00 -1.7026E+00  0.0000E+00
  3.2407E+00 -1.7816E+00 -1.7816E+00  0.0000E+00
  3.2633E+00 -1.8592E+00 -1.8592E+00  0.0000E+00
