 # l=           2 basis function with energy     2.00000000000000     
  0.0000E+00  0.0000E+00  0.0000E+00  0.0000E+00
  5.0190E-07 -2.3735E-13 -2.7258E-19  6.7012E-19
  1.0073E-06 -1.4018E-12 -2.2036E-18  5.4137E-18
  1.5162E-06 -3.9763E-12 -7.5154E-18  1.8462E-17
  2.0287E-06 -8.3535E-12 -1.8002E-17  4.4223E-17
  2.5448E-06 -1.4887E-11 -3.5532E-17  8.7288E-17
  3.0645E-06 -2.3908E-11 -6.2048E-17  1.5242E-16
  3.5878E-06 -3.5737E-11 -9.9572E-17  2.4461E-16
  4.1148E-06 -5.0683E-11 -1.5021E-16  3.6899E-16
  4.6455E-06 -6.9051E-11 -2.1614E-16  5.3096E-16
  5.1798E-06 -9.1146E-11 -2.9963E-16  7.3607E-16
  5.7179E-06 -1.1727E-10 -4.0305E-16  9.9013E-16
  6.2598E-06 -1.4772E-10 -5.2884E-16  1.2991E-15
  6.8055E-06 -1.8280E-10 -6.7954E-16  1.6693E-15
  7.3549E-06 -2.2282E-10 -8.5778E-16  2.1072E-15
  7.9082E-06 -2.6809E-10 -1.0663E-15  2.6194E-15
  8.4654E-06 -3.1892E-10 -1.3079E-15  3.2130E-15
  9.0265E-06 -3.7562E-10 -1.5856E-15  3.8952E-15
  9.5915E-06 -4.3851E-10 -1.9024E-15  4.6733E-15
  1.0160E-05 -5.0792E-10 -2.2614E-15  5.5553E-15
  1.0733E-05 -5.8417E-10 -2.6659E-15  6.5490E-15
  1.1310E-05 -6.6761E-10 -3.1193E-15  7.6628E-15
  1.1891E-05 -7.5857E-10 -3.6251E-15  8.9053E-15
  1.2476E-05 -8.5740E-10 -4.1869E-15  1.0285E-14
  1.3065E-05 -9.6445E-10 -4.8084E-15  1.1812E-14
  1.3659E-05 -1.0801E-09 -5.4936E-15  1.3495E-14
  1.4256E-05 -1.2047E-09 -6.2463E-15  1.5345E-14
  1.4857E-05 -1.3386E-09 -7.0709E-15  1.7370E-14
  1.5463E-05 -1.4822E-09 -7.9715E-15  1.9583E-14
  1.6073E-05 -1.6359E-09 -8.9525E-15  2.1993E-14
  1.6687E-05 -1.8001E-09 -1.0019E-14  2.4612E-14
  1.7306E-05 -1.9752E-09 -1.1175E-14  2.7451E-14
  1.7929E-05 -2.1616E-09 -1.2425E-14  3.0523E-14
  1.8556E-05 -2.3597E-09 -1.3775E-14  3.3840E-14
  1.9188E-05 -2.5700E-09 -1.5230E-14  3.7414E-14
  1.9824E-05 -2.7929E-09 -1.6795E-14  4.1259E-14
  2.0464E-05 -3.0289E-09 -1.8476E-14  4.5389E-14
  2.1109E-05 -3.2783E-09 -2.0279E-14  4.9817E-14
  2.1758E-05 -3.5418E-09 -2.2209E-14  5.4558E-14
  2.2412E-05 -3.8197E-09 -2.4272E-14  5.9627E-14
  2.3071E-05 -4.1125E-09 -2.6475E-14  6.5039E-14
  2.3734E-05 -4.4208E-09 -2.8825E-14  7.0810E-14
  2.4402E-05 -4.7451E-09 -3.1327E-14  7.6956E-14
  2.5074E-05 -5.0858E-09 -3.3989E-14  8.3496E-14
  2.5752E-05 -5.4435E-09 -3.6817E-14  9.0445E-14
  2.6433E-05 -5.8188E-09 -3.9820E-14  9.7821E-14
  2.7120E-05 -6.2123E-09 -4.3005E-14  1.0564E-13
  2.7812E-05 -6.6243E-09 -4.6379E-14  1.1393E-13
  2.8508E-05 -7.0557E-09 -4.9950E-14  1.2271E-13
  2.9209E-05 -7.5069E-09 -5.3727E-14  1.3198E-13
  2.9915E-05 -7.9786E-09 -5.7718E-14  1.4179E-13
  3.0626E-05 -8.4713E-09 -6.1932E-14  1.5214E-13
  3.1342E-05 -8.9858E-09 -6.6378E-14  1.6306E-13
  3.2063E-05 -9.5226E-09 -7.1065E-14  1.7458E-13
  3.2789E-05 -1.0082E-08 -7.6002E-14  1.8671E-13
  3.3520E-05 -1.0666E-08 -8.1200E-14  1.9947E-13
  3.4256E-05 -1.1274E-08 -8.6669E-14  2.1291E-13
  3.4998E-05 -1.1907E-08 -9.2418E-14  2.2703E-13
  3.5744E-05 -1.2566E-08 -9.8459E-14  2.4187E-13
  3.6496E-05 -1.3251E-08 -1.0480E-13  2.5746E-13
  3.7253E-05 -1.3964E-08 -1.1146E-13  2.7381E-13
  3.8015E-05 -1.4705E-08 -1.1844E-13  2.9097E-13
  3.8783E-05 -1.5474E-08 -1.2576E-13  3.0895E-13
  3.9556E-05 -1.6273E-08 -1.3344E-13  3.2779E-13
  4.0334E-05 -1.7103E-08 -1.4147E-13  3.4753E-13
  4.1118E-05 -1.7964E-08 -1.4988E-13  3.6818E-13
  4.1907E-05 -1.8857E-08 -1.5868E-13  3.8980E-13
  4.2702E-05 -1.9784E-08 -1.6788E-13  4.1240E-13
  4.3502E-05 -2.0744E-08 -1.7749E-13  4.3602E-13
  4.4308E-05 -2.1739E-08 -1.8754E-13  4.6071E-13
  4.5120E-05 -2.2769E-08 -1.9804E-13  4.8649E-13
  4.5937E-05 -2.3837E-08 -2.0900E-13  5.1341E-13
  4.6760E-05 -2.4942E-08 -2.2043E-13  5.4150E-13
  4.7589E-05 -2.6086E-08 -2.3236E-13  5.7081E-13
  4.8423E-05 -2.7269E-08 -2.4480E-13  6.0137E-13
  4.9264E-05 -2.8494E-08 -2.5777E-13  6.3322E-13
  5.0110E-05 -2.9760E-08 -2.7128E-13  6.6642E-13
  5.0962E-05 -3.1069E-08 -2.8536E-13  7.0100E-13
  5.1820E-05 -3.2422E-08 -3.0001E-13  7.3701E-13
  5.2684E-05 -3.3819E-08 -3.1527E-13  7.7449E-13
  5.3555E-05 -3.5264E-08 -3.3115E-13  8.1351E-13
  5.4431E-05 -3.6755E-08 -3.4768E-13  8.5409E-13
  5.5313E-05 -3.8296E-08 -3.6486E-13  8.9631E-13
  5.6202E-05 -3.9886E-08 -3.8273E-13  9.4020E-13
  5.7096E-05 -4.1527E-08 -4.0130E-13  9.8582E-13
  5.7997E-05 -4.3220E-08 -4.2060E-13  1.0332E-12
  5.8905E-05 -4.4968E-08 -4.4065E-13  1.0825E-12
  5.9818E-05 -4.6770E-08 -4.6147E-13  1.1336E-12
  6.0738E-05 -4.8628E-08 -4.8309E-13  1.1867E-12
  6.1665E-05 -5.0545E-08 -5.0554E-13  1.2419E-12
  6.2598E-05 -5.2520E-08 -5.2883E-13  1.2991E-12
  6.3537E-05 -5.4556E-08 -5.5300E-13  1.3585E-12
  6.4483E-05 -5.6654E-08 -5.7807E-13  1.4201E-12
  6.5436E-05 -5.8816E-08 -6.0407E-13  1.4839E-12
  6.6395E-05 -6.1043E-08 -6.3102E-13  1.5502E-12
  6.7361E-05 -6.3337E-08 -6.5897E-13  1.6188E-12
  6.8334E-05 -6.5698E-08 -6.8793E-13  1.6900E-12
  6.9313E-05 -6.8130E-08 -7.1794E-13  1.7637E-12
  7.0299E-05 -7.0634E-08 -7.4903E-13  1.8400E-12
  7.1293E-05 -7.3210E-08 -7.8123E-13  1.9191E-12
  7.2293E-05 -7.5862E-08 -8.1457E-13  2.0011E-12
  7.3300E-05 -7.8591E-08 -8.4910E-13  2.0859E-12
  7.4314E-05 -8.1398E-08 -8.8483E-13  2.1737E-12
  7.5336E-05 -8.4286E-08 -9.2182E-13  2.2645E-12
  7.6364E-05 -8.7256E-08 -9.6009E-13  2.3585E-12
  7.7400E-05 -9.0311E-08 -9.9968E-13  2.4558E-12
  7.8443E-05 -9.3452E-08 -1.0406E-12  2.5564E-12
  7.9493E-05 -9.6681E-08 -1.0830E-12  2.6605E-12
  8.0550E-05 -1.0000E-07 -1.1268E-12  2.7681E-12
  8.1615E-05 -1.0341E-07 -1.1721E-12  2.8793E-12
  8.2688E-05 -1.0692E-07 -1.2189E-12  2.9943E-12
  8.3768E-05 -1.1052E-07 -1.2673E-12  3.1131E-12
  8.4855E-05 -1.1422E-07 -1.3173E-12  3.2360E-12
  8.5950E-05 -1.1803E-07 -1.3689E-12  3.3629E-12
  8.7053E-05 -1.2194E-07 -1.4223E-12  3.4939E-12
  8.8163E-05 -1.2595E-07 -1.4774E-12  3.6294E-12
  8.9281E-05 -1.3007E-07 -1.5343E-12  3.7692E-12
  9.0407E-05 -1.3430E-07 -1.5931E-12  3.9136E-12
  9.1541E-05 -1.3865E-07 -1.6538E-12  4.0627E-12
  9.2683E-05 -1.4311E-07 -1.7165E-12  4.2166E-12
  9.3832E-05 -1.4769E-07 -1.7811E-12  4.3755E-12
  9.4990E-05 -1.5239E-07 -1.8479E-12  4.5395E-12
  9.6156E-05 -1.5722E-07 -1.9168E-12  4.7087E-12
  9.7330E-05 -1.6217E-07 -1.9878E-12  4.8833E-12
  9.8512E-05 -1.6725E-07 -2.0611E-12  5.0634E-12
  9.9702E-05 -1.7246E-07 -2.1368E-12  5.2492E-12
  1.0090E-04 -1.7781E-07 -2.2148E-12  5.4408E-12
  1.0211E-04 -1.8330E-07 -2.2952E-12  5.6384E-12
  1.0332E-04 -1.8893E-07 -2.3782E-12  5.8422E-12
  1.0455E-04 -1.9470E-07 -2.4637E-12  6.0523E-12
  1.0578E-04 -2.0062E-07 -2.5519E-12  6.2689E-12
  1.0702E-04 -2.0670E-07 -2.6428E-12  6.4922E-12
  1.0827E-04 -2.1292E-07 -2.7365E-12  6.7223E-12
  1.0953E-04 -2.1931E-07 -2.8330E-12  6.9595E-12
  1.1080E-04 -2.2585E-07 -2.9325E-12  7.2039E-12
  1.1207E-04 -2.3256E-07 -3.0350E-12  7.4557E-12
  1.1336E-04 -2.3944E-07 -3.1406E-12  7.7152E-12
  1.1465E-04 -2.4649E-07 -3.2494E-12  7.9825E-12
  1.1596E-04 -2.5372E-07 -3.3615E-12  8.2578E-12
  1.1727E-04 -2.6113E-07 -3.4769E-12  8.5414E-12
  1.1859E-04 -2.6872E-07 -3.5958E-12  8.8334E-12
  1.1992E-04 -2.7649E-07 -3.7182E-12  9.1341E-12
  1.2126E-04 -2.8446E-07 -3.8443E-12  9.4438E-12
  1.2261E-04 -2.9263E-07 -3.9741E-12  9.7626E-12
  1.2397E-04 -3.0099E-07 -4.1077E-12  1.0091E-11
  1.2534E-04 -3.0956E-07 -4.2452E-12  1.0429E-11
  1.2672E-04 -3.1834E-07 -4.3868E-12  1.0776E-11
  1.2810E-04 -3.2733E-07 -4.5325E-12  1.1134E-11
  1.2950E-04 -3.3654E-07 -4.6824E-12  1.1503E-11
  1.3091E-04 -3.4597E-07 -4.8367E-12  1.1882E-11
  1.3233E-04 -3.5563E-07 -4.9954E-12  1.2272E-11
  1.3375E-04 -3.6552E-07 -5.1588E-12  1.2673E-11
  1.3519E-04 -3.7564E-07 -5.3268E-12  1.3086E-11
  1.3664E-04 -3.8601E-07 -5.4997E-12  1.3510E-11
  1.3809E-04 -3.9663E-07 -5.6775E-12  1.3947E-11
  1.3956E-04 -4.0749E-07 -5.8604E-12  1.4396E-11
  1.4104E-04 -4.1862E-07 -6.0485E-12  1.4858E-11
  1.4253E-04 -4.3001E-07 -6.2419E-12  1.5334E-11
  1.4402E-04 -4.4167E-07 -6.4408E-12  1.5822E-11
  1.4553E-04 -4.5360E-07 -6.6453E-12  1.6325E-11
  1.4705E-04 -4.6581E-07 -6.8556E-12  1.6841E-11
  1.4858E-04 -4.7831E-07 -7.0718E-12  1.7372E-11
  1.5012E-04 -4.9110E-07 -7.2940E-12  1.7918E-11
  1.5167E-04 -5.0419E-07 -7.5225E-12  1.8479E-11
  1.5323E-04 -5.1758E-07 -7.7573E-12  1.9056E-11
  1.5481E-04 -5.3128E-07 -7.9986E-12  1.9649E-11
  1.5639E-04 -5.4531E-07 -8.2467E-12  2.0258E-11
  1.5799E-04 -5.5965E-07 -8.5016E-12  2.0885E-11
  1.5959E-04 -5.7433E-07 -8.7635E-12  2.1528E-11
  1.6121E-04 -5.8934E-07 -9.0326E-12  2.2189E-11
  1.6284E-04 -6.0470E-07 -9.3092E-12  2.2869E-11
  1.6448E-04 -6.2041E-07 -9.5933E-12  2.3567E-11
  1.6613E-04 -6.3648E-07 -9.8852E-12  2.4284E-11
  1.6779E-04 -6.5291E-07 -1.0185E-11  2.5020E-11
  1.6947E-04 -6.6972E-07 -1.0493E-11  2.5777E-11
  1.7115E-04 -6.8692E-07 -1.0809E-11  2.6554E-11
  1.7285E-04 -7.0450E-07 -1.1134E-11  2.7352E-11
  1.7456E-04 -7.2248E-07 -1.1468E-11  2.8172E-11
  1.7628E-04 -7.4087E-07 -1.1811E-11  2.9014E-11
  1.7802E-04 -7.5967E-07 -1.2163E-11  2.9879E-11
  1.7976E-04 -7.7889E-07 -1.2524E-11  3.0767E-11
  1.8152E-04 -7.9855E-07 -1.2895E-11  3.1679E-11
  1.8329E-04 -8.1864E-07 -1.3277E-11  3.2615E-11
  1.8508E-04 -8.3919E-07 -1.3668E-11  3.3576E-11
  1.8687E-04 -8.6019E-07 -1.4069E-11  3.4563E-11
  1.8868E-04 -8.8167E-07 -1.4482E-11  3.5575E-11
  1.9050E-04 -9.0362E-07 -1.4905E-11  3.6615E-11
  1.9233E-04 -9.2606E-07 -1.5340E-11  3.7683E-11
  1.9418E-04 -9.4899E-07 -1.5786E-11  3.8778E-11
  1.9604E-04 -9.7244E-07 -1.6243E-11  3.9903E-11
  1.9791E-04 -9.9640E-07 -1.6713E-11  4.1057E-11
  1.9980E-04 -1.0209E-06 -1.7195E-11  4.2241E-11
  2.0170E-04 -1.0459E-06 -1.7690E-11  4.3457E-11
  2.0361E-04 -1.0715E-06 -1.8198E-11  4.4704E-11
  2.0553E-04 -1.0976E-06 -1.8719E-11  4.5984E-11
  2.0747E-04 -1.1244E-06 -1.9254E-11  4.7298E-11
  2.0942E-04 -1.1517E-06 -1.9802E-11  4.8645E-11
  2.1139E-04 -1.1796E-06 -2.0365E-11  5.0028E-11
  2.1337E-04 -1.2081E-06 -2.0942E-11  5.1447E-11
  2.1536E-04 -1.2372E-06 -2.1535E-11  5.2902E-11
  2.1737E-04 -1.2670E-06 -2.2143E-11  5.4395E-11
  2.1939E-04 -1.2974E-06 -2.2766E-11  5.5927E-11
  2.2142E-04 -1.3284E-06 -2.3406E-11  5.7498E-11
  2.2347E-04 -1.3602E-06 -2.4062E-11  5.9109E-11
  2.2554E-04 -1.3926E-06 -2.4734E-11  6.0762E-11
  2.2762E-04 -1.4257E-06 -2.5425E-11  6.2457E-11
  2.2971E-04 -1.4596E-06 -2.6132E-11  6.4196E-11
  2.3182E-04 -1.4941E-06 -2.6858E-11  6.5979E-11
  2.3394E-04 -1.5294E-06 -2.7603E-11  6.7808E-11
  2.3608E-04 -1.5655E-06 -2.8366E-11  6.9683E-11
  2.3823E-04 -1.6023E-06 -2.9149E-11  7.1606E-11
  2.4039E-04 -1.6400E-06 -2.9951E-11  7.3578E-11
  2.4258E-04 -1.6784E-06 -3.0775E-11  7.5600E-11
  2.4477E-04 -1.7177E-06 -3.1618E-11  7.7673E-11
  2.4699E-04 -1.7578E-06 -3.2484E-11  7.9799E-11
  2.4922E-04 -1.7987E-06 -3.3371E-11  8.1978E-11
  2.5146E-04 -1.8405E-06 -3.4280E-11  8.4212E-11
  2.5372E-04 -1.8832E-06 -3.5213E-11  8.6503E-11
  2.5599E-04 -1.9268E-06 -3.6169E-11  8.8851E-11
  2.5829E-04 -1.9714E-06 -3.7149E-11  9.1258E-11
  2.6059E-04 -2.0168E-06 -3.8153E-11  9.3725E-11
  2.6292E-04 -2.0633E-06 -3.9183E-11  9.6255E-11
  2.6526E-04 -2.1107E-06 -4.0238E-11  9.8847E-11
  2.6761E-04 -2.1591E-06 -4.1320E-11  1.0150E-10
  2.6998E-04 -2.2086E-06 -4.2428E-11  1.0423E-10
  2.7237E-04 -2.2590E-06 -4.3565E-11  1.0702E-10
  2.7478E-04 -2.3106E-06 -4.4729E-11  1.0988E-10
  2.7720E-04 -2.3632E-06 -4.5923E-11  1.1281E-10
  2.7964E-04 -2.4169E-06 -4.7146E-11  1.1582E-10
  2.8210E-04 -2.4718E-06 -4.8399E-11  1.1890E-10
  2.8457E-04 -2.5278E-06 -4.9683E-11  1.2205E-10
  2.8706E-04 -2.5849E-06 -5.1000E-11  1.2528E-10
  2.8957E-04 -2.6433E-06 -5.2348E-11  1.2860E-10
  2.9210E-04 -2.7029E-06 -5.3730E-11  1.3199E-10
  2.9464E-04 -2.7637E-06 -5.5146E-11  1.3547E-10
  2.9720E-04 -2.8257E-06 -5.6597E-11  1.3903E-10
  2.9978E-04 -2.8891E-06 -5.8083E-11  1.4268E-10
  3.0238E-04 -2.9538E-06 -5.9606E-11  1.4643E-10
  3.0499E-04 -3.0198E-06 -6.1166E-11  1.5026E-10
  3.0763E-04 -3.0872E-06 -6.2764E-11  1.5418E-10
  3.1028E-04 -3.1560E-06 -6.4401E-11  1.5821E-10
  3.1295E-04 -3.2262E-06 -6.6079E-11  1.6233E-10
  3.1564E-04 -3.2979E-06 -6.7797E-11  1.6655E-10
  3.1835E-04 -3.3710E-06 -6.9557E-11  1.7087E-10
  3.2107E-04 -3.4456E-06 -7.1360E-11  1.7530E-10
  3.2382E-04 -3.5218E-06 -7.3206E-11  1.7984E-10
  3.2658E-04 -3.5995E-06 -7.5098E-11  1.8448E-10
  3.2937E-04 -3.6789E-06 -7.7035E-11  1.8924E-10
  3.3217E-04 -3.7599E-06 -7.9020E-11  1.9412E-10
  3.3500E-04 -3.8425E-06 -8.1052E-11  1.9911E-10
  3.3784E-04 -3.9268E-06 -8.3133E-11  2.0422E-10
  3.4070E-04 -4.0129E-06 -8.5265E-11  2.0946E-10
  3.4359E-04 -4.1007E-06 -8.7448E-11  2.1482E-10
  3.4649E-04 -4.1903E-06 -8.9684E-11  2.2031E-10
  3.4941E-04 -4.2817E-06 -9.1973E-11  2.2594E-10
  3.5236E-04 -4.3750E-06 -9.4318E-11  2.3170E-10
  3.5532E-04 -4.4702E-06 -9.6719E-11  2.3760E-10
  3.5831E-04 -4.5674E-06 -9.9177E-11  2.4364E-10
  3.6131E-04 -4.6665E-06 -1.0169E-10  2.4982E-10
  3.6434E-04 -4.7676E-06 -1.0427E-10  2.5615E-10
  3.6739E-04 -4.8708E-06 -1.0691E-10  2.6264E-10
  3.7046E-04 -4.9761E-06 -1.0961E-10  2.6927E-10
  3.7355E-04 -5.0835E-06 -1.1238E-10  2.7607E-10
  3.7666E-04 -5.1931E-06 -1.1521E-10  2.8303E-10
  3.7980E-04 -5.3049E-06 -1.1811E-10  2.9016E-10
  3.8296E-04 -5.4190E-06 -1.2108E-10  2.9745E-10
  3.8613E-04 -5.5354E-06 -1.2412E-10  3.0492E-10
  3.8933E-04 -5.6541E-06 -1.2724E-10  3.1256E-10
  3.9256E-04 -5.7752E-06 -1.3042E-10  3.2039E-10
  3.9580E-04 -5.8988E-06 -1.3368E-10  3.2841E-10
  3.9907E-04 -6.0249E-06 -1.3702E-10  3.3661E-10
  4.0236E-04 -6.1535E-06 -1.4044E-10  3.4501E-10
  4.0568E-04 -6.2847E-06 -1.4394E-10  3.5360E-10
  4.0901E-04 -6.4185E-06 -1.4752E-10  3.6240E-10
  4.1238E-04 -6.5550E-06 -1.5119E-10  3.7141E-10
  4.1576E-04 -6.6943E-06 -1.5494E-10  3.8063E-10
  4.1917E-04 -6.8363E-06 -1.5878E-10  3.9006E-10
  4.2260E-04 -6.9812E-06 -1.6272E-10  3.9972E-10
  4.2605E-04 -7.1290E-06 -1.6674E-10  4.0961E-10
  4.2953E-04 -7.2798E-06 -1.7086E-10  4.1973E-10
  4.3304E-04 -7.4336E-06 -1.7507E-10  4.3008E-10
  4.3657E-04 -7.5904E-06 -1.7939E-10  4.4068E-10
  4.4012E-04 -7.7504E-06 -1.8381E-10  4.5153E-10
  4.4370E-04 -7.9136E-06 -1.8832E-10  4.6263E-10
  4.4730E-04 -8.0800E-06 -1.9295E-10  4.7400E-10
  4.5093E-04 -8.2498E-06 -1.9768E-10  4.8562E-10
  4.5458E-04 -8.4229E-06 -2.0253E-10  4.9752E-10
  4.5826E-04 -8.5995E-06 -2.0749E-10  5.0970E-10
  4.6197E-04 -8.7796E-06 -2.1256E-10  5.2217E-10
  4.6570E-04 -8.9633E-06 -2.1775E-10  5.3492E-10
  4.6946E-04 -9.1507E-06 -2.2306E-10  5.4797E-10
  4.7324E-04 -9.3417E-06 -2.2850E-10  5.6133E-10
  4.7705E-04 -9.5366E-06 -2.3406E-10  5.7499E-10
  4.8089E-04 -9.7353E-06 -2.3975E-10  5.8897E-10
  4.8475E-04 -9.9380E-06 -2.4558E-10  6.0328E-10
  4.8864E-04 -1.0145E-05 -2.5154E-10  6.1792E-10
  4.9256E-04 -1.0355E-05 -2.5764E-10  6.3290E-10
  4.9650E-04 -1.0570E-05 -2.6388E-10  6.4823E-10
  5.0047E-04 -1.0790E-05 -2.7026E-10  6.6392E-10
  5.0447E-04 -1.1013E-05 -2.7679E-10  6.7996E-10
  5.0850E-04 -1.1241E-05 -2.8348E-10  6.9638E-10
  5.1256E-04 -1.1474E-05 -2.9031E-10  7.1318E-10
  5.1664E-04 -1.1711E-05 -2.9731E-10  7.3036E-10
  5.2075E-04 -1.1952E-05 -3.0447E-10  7.4795E-10
  5.2490E-04 -1.2199E-05 -3.1179E-10  7.6593E-10
  5.2907E-04 -1.2450E-05 -3.1928E-10  7.8434E-10
  5.3327E-04 -1.2706E-05 -3.2695E-10  8.0316E-10
  5.3750E-04 -1.2968E-05 -3.3479E-10  8.2243E-10
  5.4175E-04 -1.3234E-05 -3.4281E-10  8.4213E-10
  5.4604E-04 -1.3506E-05 -3.5101E-10  8.6229E-10
  5.5036E-04 -1.3783E-05 -3.5941E-10  8.8291E-10
  5.5471E-04 -1.4066E-05 -3.6799E-10  9.0400E-10
  5.5909E-04 -1.4354E-05 -3.7678E-10  9.2558E-10
  5.6350E-04 -1.4647E-05 -3.8576E-10  9.4766E-10
  5.6794E-04 -1.4947E-05 -3.9496E-10  9.7024E-10
  5.7241E-04 -1.5252E-05 -4.0436E-10  9.9333E-10
  5.7691E-04 -1.5564E-05 -4.1398E-10  1.0170E-09
  5.8145E-04 -1.5881E-05 -4.2381E-10  1.0411E-09
  5.8601E-04 -1.6205E-05 -4.3388E-10  1.0658E-09
  5.9061E-04 -1.6535E-05 -4.4417E-10  1.0911E-09
  5.9524E-04 -1.6871E-05 -4.5470E-10  1.1170E-09
  5.9990E-04 -1.7214E-05 -4.6547E-10  1.1435E-09
  6.0460E-04 -1.7564E-05 -4.7648E-10  1.1705E-09
  6.0933E-04 -1.7920E-05 -4.8775E-10  1.1982E-09
  6.1409E-04 -1.8284E-05 -4.9927E-10  1.2265E-09
  6.1888E-04 -1.8655E-05 -5.1105E-10  1.2554E-09
  6.2371E-04 -1.9032E-05 -5.2311E-10  1.2850E-09
  6.2857E-04 -1.9418E-05 -5.3543E-10  1.3153E-09
  6.3347E-04 -1.9810E-05 -5.4804E-10  1.3463E-09
  6.3840E-04 -2.0211E-05 -5.6093E-10  1.3780E-09
  6.4336E-04 -2.0619E-05 -5.7412E-10  1.4104E-09
  6.4836E-04 -2.1035E-05 -5.8761E-10  1.4435E-09
  6.5339E-04 -2.1459E-05 -6.0140E-10  1.4774E-09
  6.5846E-04 -2.1892E-05 -6.1551E-10  1.5120E-09
  6.6357E-04 -2.2333E-05 -6.2993E-10  1.5475E-09
  6.6871E-04 -2.2782E-05 -6.4468E-10  1.5837E-09
  6.7388E-04 -2.3240E-05 -6.5977E-10  1.6208E-09
  6.7909E-04 -2.3708E-05 -6.7520E-10  1.6587E-09
  6.8434E-04 -2.4184E-05 -6.9097E-10  1.6974E-09
  6.8963E-04 -2.4669E-05 -7.0711E-10  1.7371E-09
  6.9495E-04 -2.5164E-05 -7.2360E-10  1.7776E-09
  7.0031E-04 -2.5668E-05 -7.4047E-10  1.8190E-09
  7.0571E-04 -2.6183E-05 -7.5772E-10  1.8614E-09
  7.1114E-04 -2.6707E-05 -7.7537E-10  1.9047E-09
  7.1661E-04 -2.7241E-05 -7.9340E-10  1.9491E-09
  7.2212E-04 -2.7786E-05 -8.1185E-10  1.9944E-09
  7.2767E-04 -2.8341E-05 -8.3071E-10  2.0407E-09
  7.3326E-04 -2.8907E-05 -8.4999E-10  2.0881E-09
  7.3889E-04 -2.9484E-05 -8.6971E-10  2.1365E-09
  7.4455E-04 -3.0072E-05 -8.8988E-10  2.1860E-09
  7.5026E-04 -3.0671E-05 -9.1049E-10  2.2367E-09
  7.5601E-04 -3.1282E-05 -9.3157E-10  2.2885E-09
  7.6179E-04 -3.1905E-05 -9.5313E-10  2.3414E-09
  7.6762E-04 -3.2540E-05 -9.7516E-10  2.3956E-09
  7.7349E-04 -3.3187E-05 -9.9769E-10  2.4509E-09
  7.7939E-04 -3.3847E-05 -1.0207E-09  2.5075E-09
  7.8534E-04 -3.4519E-05 -1.0443E-09  2.5654E-09
  7.9133E-04 -3.5205E-05 -1.0684E-09  2.6245E-09
  7.9737E-04 -3.5903E-05 -1.0930E-09  2.6850E-09
  8.0344E-04 -3.6615E-05 -1.1182E-09  2.7469E-09
  8.0956E-04 -3.7341E-05 -1.1439E-09  2.8101E-09
  8.1572E-04 -3.8080E-05 -1.1702E-09  2.8747E-09
  8.2192E-04 -3.8834E-05 -1.1971E-09  2.9408E-09
  8.2817E-04 -3.9603E-05 -1.2246E-09  3.0084E-09
  8.3446E-04 -4.0386E-05 -1.2527E-09  3.0774E-09
  8.4080E-04 -4.1184E-05 -1.2815E-09  3.1481E-09
  8.4717E-04 -4.1998E-05 -1.3109E-09  3.2202E-09
  8.5360E-04 -4.2827E-05 -1.3409E-09  3.2941E-09
  8.6007E-04 -4.3672E-05 -1.3716E-09  3.3695E-09
  8.6658E-04 -4.4534E-05 -1.4030E-09  3.4466E-09
  8.7314E-04 -4.5412E-05 -1.4351E-09  3.5255E-09
  8.7974E-04 -4.6307E-05 -1.4679E-09  3.6061E-09
  8.8639E-04 -4.7219E-05 -1.5015E-09  3.6885E-09
  8.9309E-04 -4.8148E-05 -1.5358E-09  3.7728E-09
  8.9984E-04 -4.9096E-05 -1.5708E-09  3.8589E-09
  9.0663E-04 -5.0061E-05 -1.6067E-09  3.9469E-09
  9.1347E-04 -5.1045E-05 -1.6433E-09  4.0369E-09
  9.2035E-04 -5.2048E-05 -1.6807E-09  4.1289E-09
  9.2729E-04 -5.3071E-05 -1.7190E-09  4.2229E-09
  9.3427E-04 -5.4112E-05 -1.7582E-09  4.3191E-09
  9.4130E-04 -5.5174E-05 -1.7982E-09  4.4173E-09
  9.4838E-04 -5.6256E-05 -1.8390E-09  4.5178E-09
  9.5551E-04 -5.7359E-05 -1.8808E-09  4.6204E-09
  9.6269E-04 -5.8483E-05 -1.9236E-09  4.7254E-09
  9.6993E-04 -5.9628E-05 -1.9672E-09  4.8327E-09
  9.7721E-04 -6.0796E-05 -2.0119E-09  4.9423E-09
  9.8454E-04 -6.1985E-05 -2.0575E-09  5.0544E-09
  9.9192E-04 -6.3198E-05 -2.1041E-09  5.1690E-09
  9.9936E-04 -6.4433E-05 -2.1518E-09  5.2861E-09
  1.0068E-03 -6.5693E-05 -2.2005E-09  5.4058E-09
  1.0144E-03 -6.6976E-05 -2.2503E-09  5.5281E-09
  1.0220E-03 -6.8284E-05 -2.3012E-09  5.6532E-09
  1.0296E-03 -6.9617E-05 -2.3533E-09  5.7810E-09
  1.0373E-03 -7.0975E-05 -2.4065E-09  5.9116E-09
  1.0451E-03 -7.2359E-05 -2.4608E-09  6.0452E-09
  1.0529E-03 -7.3770E-05 -2.5164E-09  6.1817E-09
  1.0607E-03 -7.5207E-05 -2.5732E-09  6.3212E-09
  1.0687E-03 -7.6672E-05 -2.6312E-09  6.4637E-09
  1.0766E-03 -7.8165E-05 -2.6905E-09  6.6095E-09
  1.0847E-03 -7.9687E-05 -2.7511E-09  6.7584E-09
  1.0927E-03 -8.1237E-05 -2.8131E-09  6.9106E-09
  1.1009E-03 -8.2817E-05 -2.8764E-09  7.0662E-09
  1.1091E-03 -8.4427E-05 -2.9412E-09  7.2252E-09
  1.1173E-03 -8.6068E-05 -3.0073E-09  7.3877E-09
  1.1256E-03 -8.7740E-05 -3.0749E-09  7.5538E-09
  1.1340E-03 -8.9444E-05 -3.1440E-09  7.7236E-09
  1.1424E-03 -9.1180E-05 -3.2147E-09  7.8971E-09
  1.1509E-03 -9.2949E-05 -3.2868E-09  8.0744E-09
  1.1595E-03 -9.4753E-05 -3.3606E-09  8.2556E-09
  1.1681E-03 -9.6590E-05 -3.4360E-09  8.4408E-09
  1.1767E-03 -9.8462E-05 -3.5130E-09  8.6301E-09
  1.1855E-03 -1.0037E-04 -3.5918E-09  8.8235E-09
  1.1943E-03 -1.0231E-04 -3.6723E-09  9.0212E-09
  1.2031E-03 -1.0430E-04 -3.7545E-09  9.2232E-09
  1.2120E-03 -1.0631E-04 -3.8385E-09  9.4297E-09
  1.2210E-03 -1.0837E-04 -3.9244E-09  9.6407E-09
  1.2300E-03 -1.1047E-04 -4.0122E-09  9.8563E-09
  1.2391E-03 -1.1260E-04 -4.1019E-09  1.0077E-08
  1.2483E-03 -1.1478E-04 -4.1936E-09  1.0302E-08
  1.2575E-03 -1.1700E-04 -4.2873E-09  1.0532E-08
  1.2668E-03 -1.1926E-04 -4.3830E-09  1.0767E-08
  1.2762E-03 -1.2156E-04 -4.4808E-09  1.1008E-08
  1.2856E-03 -1.2391E-04 -4.5808E-09  1.1253E-08
  1.2951E-03 -1.2630E-04 -4.6830E-09  1.1504E-08
  1.3046E-03 -1.2874E-04 -4.7874E-09  1.1761E-08
  1.3142E-03 -1.3122E-04 -4.8941E-09  1.2023E-08
  1.3239E-03 -1.3375E-04 -5.0031E-09  1.2291E-08
  1.3337E-03 -1.3633E-04 -5.1145E-09  1.2564E-08
  1.3435E-03 -1.3896E-04 -5.2284E-09  1.2844E-08
  1.3534E-03 -1.4163E-04 -5.3447E-09  1.3130E-08
  1.3634E-03 -1.4436E-04 -5.4636E-09  1.3422E-08
  1.3734E-03 -1.4714E-04 -5.5851E-09  1.3720E-08
  1.3835E-03 -1.4997E-04 -5.7092E-09  1.4025E-08
  1.3937E-03 -1.5286E-04 -5.8361E-09  1.4337E-08
  1.4039E-03 -1.5580E-04 -5.9657E-09  1.4655E-08
  1.4142E-03 -1.5880E-04 -6.0982E-09  1.4981E-08
  1.4246E-03 -1.6185E-04 -6.2335E-09  1.5313E-08
  1.4351E-03 -1.6496E-04 -6.3718E-09  1.5653E-08
  1.4456E-03 -1.6813E-04 -6.5132E-09  1.6000E-08
  1.4562E-03 -1.7136E-04 -6.6576E-09  1.6355E-08
  1.4669E-03 -1.7465E-04 -6.8051E-09  1.6717E-08
  1.4777E-03 -1.7800E-04 -6.9559E-09  1.7088E-08
  1.4885E-03 -1.8142E-04 -7.1100E-09  1.7466E-08
  1.4994E-03 -1.8490E-04 -7.2674E-09  1.7853E-08
  1.5104E-03 -1.8845E-04 -7.4283E-09  1.8248E-08
  1.5214E-03 -1.9206E-04 -7.5926E-09  1.8652E-08
  1.5326E-03 -1.9574E-04 -7.7606E-09  1.9065E-08
  1.5438E-03 -1.9950E-04 -7.9322E-09  1.9486E-08
  1.5551E-03 -2.0332E-04 -8.1075E-09  1.9917E-08
  1.5664E-03 -2.0721E-04 -8.2867E-09  2.0357E-08
  1.5779E-03 -2.1118E-04 -8.4697E-09  2.0807E-08
  1.5894E-03 -2.1523E-04 -8.6568E-09  2.1266E-08
  1.6010E-03 -2.1935E-04 -8.8479E-09  2.1736E-08
  1.6127E-03 -2.2354E-04 -9.0432E-09  2.2215E-08
  1.6245E-03 -2.2782E-04 -9.2427E-09  2.2705E-08
  1.6364E-03 -2.3218E-04 -9.4465E-09  2.3206E-08
  1.6483E-03 -2.3662E-04 -9.6548E-09  2.3718E-08
  1.6603E-03 -2.4114E-04 -9.8676E-09  2.4241E-08
  1.6724E-03 -2.4575E-04 -1.0085E-08  2.4775E-08
  1.6846E-03 -2.5045E-04 -1.0307E-08  2.5321E-08
  1.6969E-03 -2.5523E-04 -1.0534E-08  2.5878E-08
  1.7093E-03 -2.6011E-04 -1.0766E-08  2.6448E-08
  1.7217E-03 -2.6508E-04 -1.1003E-08  2.7030E-08
  1.7342E-03 -2.7014E-04 -1.1245E-08  2.7625E-08
  1.7469E-03 -2.7529E-04 -1.1493E-08  2.8232E-08
  1.7596E-03 -2.8055E-04 -1.1745E-08  2.8853E-08
  1.7724E-03 -2.8590E-04 -1.2003E-08  2.9487E-08
  1.7853E-03 -2.9135E-04 -1.2267E-08  3.0136E-08
  1.7982E-03 -2.9691E-04 -1.2537E-08  3.0798E-08
  1.8113E-03 -3.0257E-04 -1.2812E-08  3.1474E-08
  1.8245E-03 -3.0834E-04 -1.3093E-08  3.2165E-08
  1.8377E-03 -3.1421E-04 -1.3381E-08  3.2871E-08
  1.8511E-03 -3.2020E-04 -1.3675E-08  3.3593E-08
  1.8645E-03 -3.2630E-04 -1.3975E-08  3.4330E-08
  1.8781E-03 -3.3251E-04 -1.4281E-08  3.5083E-08
  1.8917E-03 -3.3884E-04 -1.4594E-08  3.5852E-08
  1.9054E-03 -3.4530E-04 -1.4914E-08  3.6638E-08
  1.9192E-03 -3.5187E-04 -1.5241E-08  3.7441E-08
  1.9331E-03 -3.5856E-04 -1.5575E-08  3.8262E-08
  1.9472E-03 -3.6538E-04 -1.5916E-08  3.9100E-08
  1.9613E-03 -3.7233E-04 -1.6265E-08  3.9956E-08
  1.9755E-03 -3.7941E-04 -1.6621E-08  4.0831E-08
  1.9898E-03 -3.8663E-04 -1.6985E-08  4.1724E-08
  2.0042E-03 -3.9398E-04 -1.7356E-08  4.2638E-08
  2.0187E-03 -4.0146E-04 -1.7736E-08  4.3570E-08
  2.0333E-03 -4.0909E-04 -1.8124E-08  4.4523E-08
  2.0480E-03 -4.1686E-04 -1.8520E-08  4.5497E-08
  2.0629E-03 -4.2478E-04 -1.8925E-08  4.6492E-08
  2.0778E-03 -4.3284E-04 -1.9339E-08  4.7508E-08
  2.0928E-03 -4.4106E-04 -1.9761E-08  4.8546E-08
  2.1079E-03 -4.4943E-04 -2.0193E-08  4.9606E-08
  2.1232E-03 -4.5796E-04 -2.0634E-08  5.0690E-08
  2.1385E-03 -4.6665E-04 -2.1085E-08  5.1796E-08
  2.1540E-03 -4.7550E-04 -2.1545E-08  5.2927E-08
  2.1695E-03 -4.8452E-04 -2.2015E-08  5.4082E-08
  2.1852E-03 -4.9371E-04 -2.2495E-08  5.5262E-08
  2.2010E-03 -5.0307E-04 -2.2986E-08  5.6468E-08
  2.2168E-03 -5.1260E-04 -2.3487E-08  5.7699E-08
  2.2328E-03 -5.2232E-04 -2.4000E-08  5.8957E-08
  2.2489E-03 -5.3221E-04 -2.4523E-08  6.0243E-08
  2.2652E-03 -5.4229E-04 -2.5057E-08  6.1556E-08
  2.2815E-03 -5.5257E-04 -2.5603E-08  6.2897E-08
  2.2979E-03 -5.6303E-04 -2.6161E-08  6.4267E-08
  2.3145E-03 -5.7369E-04 -2.6731E-08  6.5667E-08
  2.3312E-03 -5.8455E-04 -2.7313E-08  6.7097E-08
  2.3480E-03 -5.9561E-04 -2.7907E-08  6.8557E-08
  2.3649E-03 -6.0688E-04 -2.8515E-08  7.0050E-08
  2.3819E-03 -6.1836E-04 -2.9135E-08  7.1574E-08
  2.3991E-03 -6.3005E-04 -2.9769E-08  7.3131E-08
  2.4164E-03 -6.4197E-04 -3.0417E-08  7.4722E-08
  2.4337E-03 -6.5410E-04 -3.1078E-08  7.6347E-08
  2.4513E-03 -6.6647E-04 -3.1754E-08  7.8007E-08
  2.4689E-03 -6.7906E-04 -3.2444E-08  7.9703E-08
  2.4866E-03 -6.9189E-04 -3.3149E-08  8.1435E-08
  2.5045E-03 -7.0497E-04 -3.3870E-08  8.3205E-08
  2.5225E-03 -7.1828E-04 -3.4606E-08  8.5012E-08
  2.5407E-03 -7.3185E-04 -3.5357E-08  8.6859E-08
  2.5589E-03 -7.4566E-04 -3.6125E-08  8.8745E-08
  2.5773E-03 -7.5974E-04 -3.6909E-08  9.0672E-08
  2.5958E-03 -7.7408E-04 -3.7711E-08  9.2640E-08
  2.6145E-03 -7.8869E-04 -3.8529E-08  9.4651E-08
  2.6333E-03 -8.0356E-04 -3.9365E-08  9.6705E-08
  2.6522E-03 -8.1872E-04 -4.0219E-08  9.8803E-08
  2.6712E-03 -8.3416E-04 -4.1092E-08  1.0095E-07
  2.6904E-03 -8.4989E-04 -4.1983E-08  1.0314E-07
  2.7097E-03 -8.6591E-04 -4.2893E-08  1.0537E-07
  2.7291E-03 -8.8223E-04 -4.3823E-08  1.0766E-07
  2.7487E-03 -8.9886E-04 -4.4773E-08  1.0999E-07
  2.7684E-03 -9.1580E-04 -4.5743E-08  1.1237E-07
  2.7883E-03 -9.3305E-04 -4.6734E-08  1.1481E-07
  2.8083E-03 -9.5062E-04 -4.7747E-08  1.1729E-07
  2.8284E-03 -9.6852E-04 -4.8781E-08  1.1984E-07
  2.8487E-03 -9.8676E-04 -4.9837E-08  1.2243E-07
  2.8691E-03 -1.0053E-03 -5.0916E-08  1.2508E-07
  2.8896E-03 -1.0242E-03 -5.2018E-08  1.2779E-07
  2.9103E-03 -1.0435E-03 -5.3144E-08  1.3055E-07
  2.9312E-03 -1.0632E-03 -5.4294E-08  1.3338E-07
  2.9522E-03 -1.0831E-03 -5.5469E-08  1.3627E-07
  2.9733E-03 -1.1035E-03 -5.6669E-08  1.3921E-07
  2.9946E-03 -1.1243E-03 -5.7895E-08  1.4222E-07
  3.0160E-03 -1.1454E-03 -5.9147E-08  1.4530E-07
  3.0376E-03 -1.1669E-03 -6.0425E-08  1.4844E-07
  3.0593E-03 -1.1889E-03 -6.1732E-08  1.5165E-07
  3.0812E-03 -1.2112E-03 -6.3066E-08  1.5493E-07
  3.1033E-03 -1.2339E-03 -6.4429E-08  1.5828E-07
  3.1254E-03 -1.2571E-03 -6.5821E-08  1.6170E-07
  3.1478E-03 -1.2807E-03 -6.7243E-08  1.6519E-07
  3.1703E-03 -1.3048E-03 -6.8695E-08  1.6876E-07
  3.1930E-03 -1.3292E-03 -7.0179E-08  1.7240E-07
  3.2158E-03 -1.3542E-03 -7.1694E-08  1.7613E-07
  3.2388E-03 -1.3796E-03 -7.3242E-08  1.7993E-07
  3.2619E-03 -1.4055E-03 -7.4823E-08  1.8381E-07
  3.2852E-03 -1.4318E-03 -7.6438E-08  1.8778E-07
  3.3087E-03 -1.4587E-03 -7.8088E-08  1.9183E-07
  3.3323E-03 -1.4860E-03 -7.9773E-08  1.9597E-07
  3.3561E-03 -1.5139E-03 -8.1494E-08  2.0020E-07
  3.3800E-03 -1.5422E-03 -8.3251E-08  2.0452E-07
  3.4042E-03 -1.5711E-03 -8.5047E-08  2.0893E-07
  3.4285E-03 -1.6005E-03 -8.6881E-08  2.1343E-07
  3.4529E-03 -1.6305E-03 -8.8754E-08  2.1804E-07
  3.4776E-03 -1.6610E-03 -9.0667E-08  2.2274E-07
  3.5024E-03 -1.6921E-03 -9.2622E-08  2.2754E-07
  3.5274E-03 -1.7238E-03 -9.4618E-08  2.3244E-07
  3.5525E-03 -1.7560E-03 -9.6657E-08  2.3745E-07
  3.5778E-03 -1.7889E-03 -9.8739E-08  2.4257E-07
  3.6034E-03 -1.8224E-03 -1.0087E-07  2.4779E-07
  3.6290E-03 -1.8564E-03 -1.0304E-07  2.5313E-07
  3.6549E-03 -1.8911E-03 -1.0526E-07  2.5858E-07
  3.6810E-03 -1.9265E-03 -1.0752E-07  2.6415E-07
  3.7072E-03 -1.9625E-03 -1.0984E-07  2.6983E-07
  3.7336E-03 -1.9991E-03 -1.1220E-07  2.7564E-07
  3.7602E-03 -2.0365E-03 -1.1462E-07  2.8158E-07
  3.7870E-03 -2.0745E-03 -1.1709E-07  2.8764E-07
  3.8140E-03 -2.1132E-03 -1.1960E-07  2.9383E-07
  3.8411E-03 -2.1527E-03 -1.2218E-07  3.0015E-07
  3.8685E-03 -2.1928E-03 -1.2481E-07  3.0661E-07
  3.8960E-03 -2.2337E-03 -1.2749E-07  3.1320E-07
  3.9237E-03 -2.2754E-03 -1.3023E-07  3.1994E-07
  3.9517E-03 -2.3178E-03 -1.3303E-07  3.2682E-07
  3.9798E-03 -2.3610E-03 -1.3589E-07  3.3384E-07
  4.0081E-03 -2.4051E-03 -1.3882E-07  3.4102E-07
  4.0366E-03 -2.4499E-03 -1.4180E-07  3.4835E-07
  4.0653E-03 -2.4955E-03 -1.4485E-07  3.5584E-07
  4.0943E-03 -2.5420E-03 -1.4796E-07  3.6349E-07
  4.1234E-03 -2.5893E-03 -1.5114E-07  3.7130E-07
  4.1527E-03 -2.6375E-03 -1.5439E-07  3.7927E-07
  4.1822E-03 -2.6866E-03 -1.5770E-07  3.8742E-07
  4.2120E-03 -2.7366E-03 -1.6109E-07  3.9574E-07
  4.2419E-03 -2.7875E-03 -1.6455E-07  4.0424E-07
  4.2721E-03 -2.8393E-03 -1.6808E-07  4.1293E-07
  4.3024E-03 -2.8921E-03 -1.7169E-07  4.2179E-07
  4.3330E-03 -2.9459E-03 -1.7538E-07  4.3085E-07
  4.3638E-03 -3.0006E-03 -1.7914E-07  4.4010E-07
  4.3948E-03 -3.0564E-03 -1.8299E-07  4.4954E-07
  4.4260E-03 -3.1131E-03 -1.8692E-07  4.5919E-07
  4.4574E-03 -3.1710E-03 -1.9093E-07  4.6905E-07
  4.4891E-03 -3.2298E-03 -1.9502E-07  4.7911E-07
  4.5210E-03 -3.2898E-03 -1.9921E-07  4.8939E-07
  4.5531E-03 -3.3508E-03 -2.0348E-07  4.9989E-07
  4.5854E-03 -3.4129E-03 -2.0785E-07  5.1061E-07
  4.6180E-03 -3.4762E-03 -2.1230E-07  5.2157E-07
  4.6507E-03 -3.5407E-03 -2.1686E-07  5.3275E-07
  4.6837E-03 -3.6063E-03 -2.2151E-07  5.4417E-07
  4.7170E-03 -3.6731E-03 -2.2626E-07  5.5584E-07
  4.7505E-03 -3.7411E-03 -2.3111E-07  5.6776E-07
  4.7842E-03 -3.8104E-03 -2.3606E-07  5.7993E-07
  4.8181E-03 -3.8809E-03 -2.4112E-07  5.9236E-07
  4.8523E-03 -3.9528E-03 -2.4629E-07  6.0506E-07
  4.8867E-03 -4.0259E-03 -2.5157E-07  6.1802E-07
  4.9214E-03 -4.1004E-03 -2.5696E-07  6.3126E-07
  4.9563E-03 -4.1762E-03 -2.6246E-07  6.4479E-07
  4.9914E-03 -4.2534E-03 -2.6808E-07  6.5860E-07
  5.0268E-03 -4.3320E-03 -2.7383E-07  6.7271E-07
  5.0624E-03 -4.4120E-03 -2.7969E-07  6.8712E-07
  5.0983E-03 -4.4935E-03 -2.8568E-07  7.0184E-07
  5.1344E-03 -4.5764E-03 -2.9180E-07  7.1687E-07
  5.1708E-03 -4.6609E-03 -2.9805E-07  7.3222E-07
  5.2075E-03 -4.7469E-03 -3.0443E-07  7.4789E-07
  5.2444E-03 -4.8344E-03 -3.1095E-07  7.6390E-07
  5.2815E-03 -4.9235E-03 -3.1760E-07  7.8026E-07
  5.3190E-03 -5.0143E-03 -3.2440E-07  7.9696E-07
  5.3566E-03 -5.1067E-03 -3.3134E-07  8.1401E-07
  5.3946E-03 -5.2007E-03 -3.3843E-07  8.3143E-07
  5.4328E-03 -5.2965E-03 -3.4567E-07  8.4922E-07
  5.4713E-03 -5.3940E-03 -3.5307E-07  8.6739E-07
  5.5100E-03 -5.4933E-03 -3.6062E-07  8.8595E-07
  5.5490E-03 -5.5943E-03 -3.6834E-07  9.0490E-07
  5.5883E-03 -5.6972E-03 -3.7622E-07  9.2426E-07
  5.6279E-03 -5.8019E-03 -3.8426E-07  9.4403E-07
  5.6677E-03 -5.9085E-03 -3.9248E-07  9.6422E-07
  5.7078E-03 -6.0170E-03 -4.0087E-07  9.8484E-07
  5.7482E-03 -6.1275E-03 -4.0944E-07  1.0059E-06
  5.7889E-03 -6.2400E-03 -4.1820E-07  1.0274E-06
  5.8299E-03 -6.3545E-03 -4.2714E-07  1.0494E-06
  5.8711E-03 -6.4710E-03 -4.3627E-07  1.0718E-06
  5.9126E-03 -6.5897E-03 -4.4559E-07  1.0947E-06
  5.9545E-03 -6.7104E-03 -4.5512E-07  1.1181E-06
  5.9966E-03 -6.8334E-03 -4.6484E-07  1.1420E-06
  6.0390E-03 -6.9585E-03 -4.7478E-07  1.1664E-06
  6.0817E-03 -7.0859E-03 -4.8492E-07  1.1913E-06
  6.1247E-03 -7.2156E-03 -4.9528E-07  1.2168E-06
  6.1680E-03 -7.3476E-03 -5.0586E-07  1.2428E-06
  6.2117E-03 -7.4819E-03 -5.1667E-07  1.2693E-06
  6.2556E-03 -7.6187E-03 -5.2770E-07  1.2964E-06
  6.2998E-03 -7.7579E-03 -5.3897E-07  1.3241E-06
  6.3443E-03 -7.8996E-03 -5.5048E-07  1.3524E-06
  6.3892E-03 -8.0438E-03 -5.6224E-07  1.3813E-06
  6.4343E-03 -8.1906E-03 -5.7424E-07  1.4108E-06
  6.4798E-03 -8.3399E-03 -5.8650E-07  1.4409E-06
  6.5256E-03 -8.4920E-03 -5.9903E-07  1.4717E-06
  6.5717E-03 -8.6468E-03 -6.1181E-07  1.5031E-06
  6.6182E-03 -8.8043E-03 -6.2487E-07  1.5352E-06
  6.6649E-03 -8.9646E-03 -6.3821E-07  1.5680E-06
  6.7120E-03 -9.1278E-03 -6.5183E-07  1.6014E-06
  6.7594E-03 -9.2938E-03 -6.6574E-07  1.6356E-06
  6.8072E-03 -9.4628E-03 -6.7995E-07  1.6705E-06
  6.8553E-03 -9.6348E-03 -6.9446E-07  1.7061E-06
  6.9037E-03 -9.8099E-03 -7.0927E-07  1.7426E-06
  6.9524E-03 -9.9880E-03 -7.2441E-07  1.7797E-06
  7.0015E-03 -1.0169E-02 -7.3986E-07  1.8177E-06
  7.0510E-03 -1.0354E-02 -7.5564E-07  1.8565E-06
  7.1008E-03 -1.0542E-02 -7.7176E-07  1.8961E-06
  7.1509E-03 -1.0733E-02 -7.8822E-07  1.9365E-06
  7.2014E-03 -1.0927E-02 -8.0503E-07  1.9778E-06
  7.2522E-03 -1.1125E-02 -8.2220E-07  2.0200E-06
  7.3034E-03 -1.1326E-02 -8.3973E-07  2.0631E-06
  7.3549E-03 -1.1531E-02 -8.5763E-07  2.1071E-06
  7.4069E-03 -1.1740E-02 -8.7592E-07  2.1520E-06
  7.4591E-03 -1.1952E-02 -8.9459E-07  2.1979E-06
  7.5118E-03 -1.2168E-02 -9.1366E-07  2.2447E-06
  7.5648E-03 -1.2387E-02 -9.3314E-07  2.2926E-06
  7.6181E-03 -1.2611E-02 -9.5303E-07  2.3415E-06
  7.6719E-03 -1.2838E-02 -9.7334E-07  2.3914E-06
  7.7260E-03 -1.3070E-02 -9.9409E-07  2.4423E-06
  7.7805E-03 -1.3305E-02 -1.0153E-06  2.4944E-06
  7.8354E-03 -1.3545E-02 -1.0369E-06  2.5476E-06
  7.8907E-03 -1.3788E-02 -1.0590E-06  2.6018E-06
  7.9463E-03 -1.4036E-02 -1.0816E-06  2.6573E-06
  8.0024E-03 -1.4289E-02 -1.1046E-06  2.7139E-06
  8.0588E-03 -1.4545E-02 -1.1281E-06  2.7717E-06
  8.1156E-03 -1.4806E-02 -1.1522E-06  2.8308E-06
  8.1729E-03 -1.5072E-02 -1.1767E-06  2.8911E-06
  8.2305E-03 -1.5342E-02 -1.2018E-06  2.9527E-06
  8.2885E-03 -1.5617E-02 -1.2274E-06  3.0155E-06
  8.3470E-03 -1.5897E-02 -1.2535E-06  3.0798E-06
  8.4058E-03 -1.6182E-02 -1.2802E-06  3.1454E-06
  8.4651E-03 -1.6471E-02 -1.3075E-06  3.2123E-06
  8.5247E-03 -1.6766E-02 -1.3353E-06  3.2807E-06
  8.5848E-03 -1.7065E-02 -1.3637E-06  3.3506E-06
  8.6453E-03 -1.7370E-02 -1.3928E-06  3.4219E-06
  8.7062E-03 -1.7680E-02 -1.4224E-06  3.4948E-06
  8.7676E-03 -1.7995E-02 -1.4527E-06  3.5692E-06
  8.8294E-03 -1.8316E-02 -1.4836E-06  3.6452E-06
  8.8916E-03 -1.8643E-02 -1.5152E-06  3.7228E-06
  8.9543E-03 -1.8974E-02 -1.5474E-06  3.8020E-06
  9.0173E-03 -1.9312E-02 -1.5804E-06  3.8830E-06
  9.0809E-03 -1.9655E-02 -1.6140E-06  3.9656E-06
  9.1448E-03 -2.0004E-02 -1.6484E-06  4.0500E-06
  9.2093E-03 -2.0360E-02 -1.6834E-06  4.1362E-06
  9.2741E-03 -2.0721E-02 -1.7192E-06  4.2242E-06
  9.3395E-03 -2.1088E-02 -1.7558E-06  4.3141E-06
  9.4052E-03 -2.1462E-02 -1.7932E-06  4.4059E-06
  9.4715E-03 -2.1842E-02 -1.8313E-06  4.4996E-06
  9.5382E-03 -2.2228E-02 -1.8703E-06  4.5953E-06
  9.6054E-03 -2.2621E-02 -1.9101E-06  4.6931E-06
  9.6730E-03 -2.3021E-02 -1.9507E-06  4.7929E-06
  9.7411E-03 -2.3428E-02 -1.9922E-06  4.8949E-06
  9.8097E-03 -2.3841E-02 -2.0346E-06  4.9990E-06
  9.8788E-03 -2.4261E-02 -2.0778E-06  5.1053E-06
  9.9483E-03 -2.4689E-02 -2.1220E-06  5.2139E-06
  1.0018E-02 -2.5123E-02 -2.1671E-06  5.3248E-06
  1.0089E-02 -2.5565E-02 -2.2132E-06  5.4381E-06
  1.0160E-02 -2.6014E-02 -2.2603E-06  5.5537E-06
  1.0231E-02 -2.6471E-02 -2.3083E-06  5.6718E-06
  1.0303E-02 -2.6936E-02 -2.3574E-06  5.7924E-06
  1.0376E-02 -2.7408E-02 -2.4075E-06  5.9155E-06
  1.0449E-02 -2.7888E-02 -2.4587E-06  6.0413E-06
  1.0523E-02 -2.8377E-02 -2.5110E-06  6.1697E-06
  1.0597E-02 -2.8873E-02 -2.5643E-06  6.3009E-06
  1.0671E-02 -2.9378E-02 -2.6188E-06  6.4349E-06
  1.0746E-02 -2.9891E-02 -2.6745E-06  6.5716E-06
  1.0822E-02 -3.0412E-02 -2.7313E-06  6.7113E-06
  1.0898E-02 -3.0943E-02 -2.7894E-06  6.8540E-06
  1.0975E-02 -3.1482E-02 -2.8486E-06  6.9996E-06
  1.1052E-02 -3.2030E-02 -2.9092E-06  7.1484E-06
  1.1130E-02 -3.2587E-02 -2.9710E-06  7.3003E-06
  1.1208E-02 -3.3153E-02 -3.0341E-06  7.4554E-06
  1.1287E-02 -3.3728E-02 -3.0986E-06  7.6139E-06
  1.1366E-02 -3.4313E-02 -3.1644E-06  7.7757E-06
  1.1446E-02 -3.4908E-02 -3.2316E-06  7.9409E-06
  1.1527E-02 -3.5513E-02 -3.3003E-06  8.1096E-06
  1.1608E-02 -3.6127E-02 -3.3704E-06  8.2819E-06
  1.1689E-02 -3.6751E-02 -3.4420E-06  8.4578E-06
  1.1771E-02 -3.7386E-02 -3.5151E-06  8.6375E-06
  1.1854E-02 -3.8031E-02 -3.5897E-06  8.8210E-06
  1.1938E-02 -3.8686E-02 -3.6660E-06  9.0084E-06
  1.2022E-02 -3.9352E-02 -3.7438E-06  9.1997E-06
  1.2106E-02 -4.0029E-02 -3.8233E-06  9.3951E-06
  1.2191E-02 -4.0717E-02 -3.9045E-06  9.5947E-06
  1.2277E-02 -4.1416E-02 -3.9874E-06  9.7984E-06
  1.2363E-02 -4.2126E-02 -4.0721E-06  1.0007E-05
  1.2450E-02 -4.2848E-02 -4.1585E-06  1.0219E-05
  1.2538E-02 -4.3581E-02 -4.2468E-06  1.0436E-05
  1.2626E-02 -4.4326E-02 -4.3370E-06  1.0658E-05
  1.2715E-02 -4.5083E-02 -4.4291E-06  1.0884E-05
  1.2804E-02 -4.5853E-02 -4.5231E-06  1.1115E-05
  1.2894E-02 -4.6634E-02 -4.6191E-06  1.1351E-05
  1.2985E-02 -4.7428E-02 -4.7171E-06  1.1592E-05
  1.3076E-02 -4.8235E-02 -4.8173E-06  1.1838E-05
  1.3168E-02 -4.9054E-02 -4.9195E-06  1.2089E-05
  1.3260E-02 -4.9887E-02 -5.0239E-06  1.2346E-05
  1.3353E-02 -5.0733E-02 -5.1305E-06  1.2608E-05
  1.3447E-02 -5.1592E-02 -5.2394E-06  1.2876E-05
  1.3542E-02 -5.2465E-02 -5.3506E-06  1.3149E-05
  1.3637E-02 -5.3351E-02 -5.4641E-06  1.3428E-05
  1.3733E-02 -5.4251E-02 -5.5801E-06  1.3713E-05
  1.3829E-02 -5.5166E-02 -5.6985E-06  1.4004E-05
  1.3926E-02 -5.6095E-02 -5.8194E-06  1.4301E-05
  1.4024E-02 -5.7038E-02 -5.9428E-06  1.4605E-05
  1.4123E-02 -5.7996E-02 -6.0689E-06  1.4915E-05
  1.4222E-02 -5.8970E-02 -6.1976E-06  1.5231E-05
  1.4322E-02 -5.9958E-02 -6.3291E-06  1.5555E-05
  1.4422E-02 -6.0961E-02 -6.4634E-06  1.5885E-05
  1.4524E-02 -6.1981E-02 -6.6005E-06  1.6222E-05
  1.4626E-02 -6.3015E-02 -6.7405E-06  1.6566E-05
  1.4729E-02 -6.4066E-02 -6.8834E-06  1.6917E-05
  1.4832E-02 -6.5133E-02 -7.0294E-06  1.7276E-05
  1.4936E-02 -6.6217E-02 -7.1785E-06  1.7643E-05
  1.5041E-02 -6.7317E-02 -7.3307E-06  1.8017E-05
  1.5147E-02 -6.8434E-02 -7.4862E-06  1.8399E-05
  1.5253E-02 -6.9568E-02 -7.6449E-06  1.8789E-05
  1.5360E-02 -7.0719E-02 -7.8071E-06  1.9188E-05
  1.5468E-02 -7.1887E-02 -7.9726E-06  1.9595E-05
  1.5577E-02 -7.3074E-02 -8.1416E-06  2.0011E-05
  1.5686E-02 -7.4278E-02 -8.3143E-06  2.0435E-05
  1.5796E-02 -7.5501E-02 -8.4905E-06  2.0868E-05
  1.5907E-02 -7.6741E-02 -8.6705E-06  2.1311E-05
  1.6019E-02 -7.8001E-02 -8.8543E-06  2.1763E-05
  1.6131E-02 -7.9279E-02 -9.0420E-06  2.2224E-05
  1.6244E-02 -8.0577E-02 -9.2337E-06  2.2696E-05
  1.6359E-02 -8.1894E-02 -9.4294E-06  2.3177E-05
  1.6473E-02 -8.3230E-02 -9.6293E-06  2.3668E-05
  1.6589E-02 -8.4586E-02 -9.8334E-06  2.4170E-05
  1.6705E-02 -8.5963E-02 -1.0042E-05  2.4683E-05
  1.6823E-02 -8.7359E-02 -1.0255E-05  2.5206E-05
  1.6941E-02 -8.8777E-02 -1.0472E-05  2.5740E-05
  1.7060E-02 -9.0215E-02 -1.0694E-05  2.6286E-05
  1.7179E-02 -9.1674E-02 -1.0920E-05  2.6843E-05
  1.7300E-02 -9.3154E-02 -1.1152E-05  2.7412E-05
  1.7421E-02 -9.4656E-02 -1.1388E-05  2.7993E-05
  1.7544E-02 -9.6179E-02 -1.1630E-05  2.8587E-05
  1.7667E-02 -9.7725E-02 -1.1876E-05  2.9193E-05
  1.7791E-02 -9.9293E-02 -1.2128E-05  2.9812E-05
  1.7916E-02 -1.0088E-01 -1.2384E-05  3.0443E-05
  1.8041E-02 -1.0250E-01 -1.2647E-05  3.1089E-05
  1.8168E-02 -1.0413E-01 -1.2915E-05  3.1748E-05
  1.8296E-02 -1.0579E-01 -1.3188E-05  3.2420E-05
  1.8424E-02 -1.0748E-01 -1.3468E-05  3.3108E-05
  1.8553E-02 -1.0918E-01 -1.3753E-05  3.3809E-05
  1.8683E-02 -1.1092E-01 -1.4044E-05  3.4526E-05
  1.8814E-02 -1.1267E-01 -1.4342E-05  3.5257E-05
  1.8946E-02 -1.1445E-01 -1.4646E-05  3.6004E-05
  1.9079E-02 -1.1626E-01 -1.4956E-05  3.6767E-05
  1.9213E-02 -1.1809E-01 -1.5272E-05  3.7546E-05
  1.9348E-02 -1.1995E-01 -1.5596E-05  3.8342E-05
  1.9484E-02 -1.2183E-01 -1.5926E-05  3.9154E-05
  1.9620E-02 -1.2374E-01 -1.6263E-05  3.9984E-05
  1.9758E-02 -1.2567E-01 -1.6608E-05  4.0831E-05
  1.9897E-02 -1.2763E-01 -1.6959E-05  4.1696E-05
  2.0036E-02 -1.2962E-01 -1.7318E-05  4.2579E-05
  2.0177E-02 -1.3163E-01 -1.7685E-05  4.3481E-05
  2.0318E-02 -1.3368E-01 -1.8060E-05  4.4402E-05
  2.0461E-02 -1.3575E-01 -1.8442E-05  4.5343E-05
  2.0604E-02 -1.3784E-01 -1.8832E-05  4.6304E-05
  2.0749E-02 -1.3997E-01 -1.9231E-05  4.7284E-05
  2.0894E-02 -1.4212E-01 -1.9638E-05  4.8286E-05
  2.1041E-02 -1.4431E-01 -2.0054E-05  4.9309E-05
  2.1189E-02 -1.4652E-01 -2.0478E-05  5.0353E-05
  2.1337E-02 -1.4876E-01 -2.0912E-05  5.1419E-05
  2.1487E-02 -1.5103E-01 -2.1354E-05  5.2508E-05
  2.1637E-02 -1.5333E-01 -2.1806E-05  5.3620E-05
  2.1789E-02 -1.5566E-01 -2.2268E-05  5.4756E-05
  2.1942E-02 -1.5802E-01 -2.2739E-05  5.5916E-05
  2.2096E-02 -1.6041E-01 -2.3220E-05  5.7100E-05
  2.2251E-02 -1.6284E-01 -2.3712E-05  5.8309E-05
  2.2407E-02 -1.6529E-01 -2.4213E-05  5.9544E-05
  2.2564E-02 -1.6778E-01 -2.4726E-05  6.0804E-05
  2.2722E-02 -1.7029E-01 -2.5249E-05  6.2092E-05
  2.2881E-02 -1.7284E-01 -2.5783E-05  6.3406E-05
  2.3042E-02 -1.7542E-01 -2.6329E-05  6.4749E-05
  2.3203E-02 -1.7804E-01 -2.6886E-05  6.6120E-05
  2.3366E-02 -1.8068E-01 -2.7454E-05  6.7520E-05
  2.3530E-02 -1.8336E-01 -2.8035E-05  6.8949E-05
  2.3695E-02 -1.8607E-01 -2.8628E-05  7.0409E-05
  2.3861E-02 -1.8882E-01 -2.9234E-05  7.1899E-05
  2.4028E-02 -1.9160E-01 -2.9852E-05  7.3421E-05
  2.4197E-02 -1.9441E-01 -3.0484E-05  7.4976E-05
  2.4366E-02 -1.9726E-01 -3.1128E-05  7.6563E-05
  2.4537E-02 -2.0014E-01 -3.1787E-05  7.8183E-05
  2.4709E-02 -2.0305E-01 -3.2459E-05  7.9838E-05
  2.4882E-02 -2.0600E-01 -3.3145E-05  8.1528E-05
  2.5057E-02 -2.0899E-01 -3.3846E-05  8.3254E-05
  2.5233E-02 -2.1201E-01 -3.4562E-05  8.5016E-05
  2.5409E-02 -2.1507E-01 -3.5293E-05  8.6815E-05
  2.5587E-02 -2.1816E-01 -3.6039E-05  8.8652E-05
  2.5767E-02 -2.2129E-01 -3.6801E-05  9.0529E-05
  2.5947E-02 -2.2445E-01 -3.7579E-05  9.2444E-05
  2.6129E-02 -2.2765E-01 -3.8374E-05  9.4401E-05
  2.6312E-02 -2.3089E-01 -3.9185E-05  9.6398E-05
  2.6497E-02 -2.3416E-01 -4.0013E-05  9.8438E-05
  2.6683E-02 -2.3748E-01 -4.0859E-05  1.0052E-04
  2.6870E-02 -2.4082E-01 -4.1723E-05  1.0265E-04
  2.7058E-02 -2.4421E-01 -4.2605E-05  1.0482E-04
  2.7247E-02 -2.4763E-01 -4.3505E-05  1.0704E-04
  2.7438E-02 -2.5109E-01 -4.4425E-05  1.0930E-04
  2.7631E-02 -2.5459E-01 -4.5364E-05  1.1162E-04
  2.7824E-02 -2.5812E-01 -4.6323E-05  1.1398E-04
  2.8019E-02 -2.6170E-01 -4.7301E-05  1.1639E-04
  2.8216E-02 -2.6531E-01 -4.8301E-05  1.1885E-04
  2.8413E-02 -2.6896E-01 -4.9322E-05  1.2136E-04
  2.8612E-02 -2.7264E-01 -5.0364E-05  1.2393E-04
  2.8813E-02 -2.7637E-01 -5.1428E-05  1.2655E-04
  2.9015E-02 -2.8013E-01 -5.2515E-05  1.2923E-04
  2.9218E-02 -2.8394E-01 -5.3624E-05  1.3196E-04
  2.9423E-02 -2.8778E-01 -5.4757E-05  1.3476E-04
  2.9629E-02 -2.9166E-01 -5.5914E-05  1.3761E-04
  2.9837E-02 -2.9558E-01 -5.7095E-05  1.4052E-04
  3.0046E-02 -2.9954E-01 -5.8301E-05  1.4349E-04
  3.0256E-02 -3.0354E-01 -5.9533E-05  1.4652E-04
  3.0468E-02 -3.0757E-01 -6.0790E-05  1.4962E-04
  3.0682E-02 -3.1165E-01 -6.2074E-05  1.5279E-04
  3.0897E-02 -3.1576E-01 -6.3385E-05  1.5602E-04
  3.1113E-02 -3.1991E-01 -6.4724E-05  1.5932E-04
  3.1331E-02 -3.2411E-01 -6.6091E-05  1.6269E-04
  3.1551E-02 -3.2834E-01 -6.7486E-05  1.6613E-04
  3.1772E-02 -3.3261E-01 -6.8911E-05  1.6964E-04
  3.1994E-02 -3.3691E-01 -7.0366E-05  1.7323E-04
  3.2218E-02 -3.4126E-01 -7.1852E-05  1.7689E-04
  3.2444E-02 -3.4565E-01 -7.3369E-05  1.8063E-04
  3.2671E-02 -3.5007E-01 -7.4918E-05  1.8445E-04
  3.2900E-02 -3.5453E-01 -7.6500E-05  1.8835E-04
  3.3131E-02 -3.5904E-01 -7.8115E-05  1.9233E-04
  3.3363E-02 -3.6357E-01 -7.9764E-05  1.9640E-04
  3.3596E-02 -3.6815E-01 -8.1447E-05  2.0055E-04
  3.3832E-02 -3.7277E-01 -8.3166E-05  2.0479E-04
  3.4069E-02 -3.7742E-01 -8.4922E-05  2.0912E-04
  3.4307E-02 -3.8211E-01 -8.6714E-05  2.1354E-04
  3.4548E-02 -3.8684E-01 -8.8544E-05  2.1805E-04
  3.4789E-02 -3.9160E-01 -9.0412E-05  2.2266E-04
  3.5033E-02 -3.9640E-01 -9.2320E-05  2.2737E-04
  3.5279E-02 -4.0124E-01 -9.4268E-05  2.3217E-04
  3.5526E-02 -4.0612E-01 -9.6257E-05  2.3708E-04
  3.5774E-02 -4.1103E-01 -9.8288E-05  2.4209E-04
  3.6025E-02 -4.1597E-01 -1.0036E-04  2.4721E-04
  3.6277E-02 -4.2095E-01 -1.0248E-04  2.5243E-04
  3.6531E-02 -4.2597E-01 -1.0464E-04  2.5777E-04
  3.6787E-02 -4.3102E-01 -1.0685E-04  2.6321E-04
  3.7045E-02 -4.3610E-01 -1.0910E-04  2.6878E-04
  3.7304E-02 -4.4122E-01 -1.1140E-04  2.7446E-04
  3.7565E-02 -4.4637E-01 -1.1375E-04  2.8026E-04
  3.7829E-02 -4.5156E-01 -1.1615E-04  2.8618E-04
  3.8093E-02 -4.5677E-01 -1.1860E-04  2.9222E-04
  3.8360E-02 -4.6202E-01 -1.2110E-04  2.9840E-04
  3.8629E-02 -4.6730E-01 -1.2365E-04  3.0470E-04
  3.8899E-02 -4.7261E-01 -1.2626E-04  3.1114E-04
  3.9172E-02 -4.7795E-01 -1.2892E-04  3.1772E-04
  3.9446E-02 -4.8332E-01 -1.3164E-04  3.2443E-04
  3.9722E-02 -4.8872E-01 -1.3442E-04  3.3128E-04
  4.0000E-02 -4.9415E-01 -1.3725E-04  3.3828E-04
  4.0280E-02 -4.9960E-01 -1.4014E-04  3.4543E-04
  4.0562E-02 -5.0508E-01 -1.4310E-04  3.5272E-04
  4.0847E-02 -5.1059E-01 -1.4611E-04  3.6017E-04
  4.1133E-02 -5.1612E-01 -1.4919E-04  3.6778E-04
  4.1421E-02 -5.2168E-01 -1.5233E-04  3.7555E-04
  4.1711E-02 -5.2726E-01 -1.5554E-04  3.8348E-04
  4.2003E-02 -5.3286E-01 -1.5882E-04  3.9158E-04
  4.2297E-02 -5.3849E-01 -1.6217E-04  3.9985E-04
  4.2593E-02 -5.4414E-01 -1.6558E-04  4.0829E-04
  4.2891E-02 -5.4980E-01 -1.6907E-04  4.1692E-04
  4.3191E-02 -5.5549E-01 -1.7263E-04  4.2572E-04
  4.3494E-02 -5.6120E-01 -1.7627E-04  4.3471E-04
  4.3798E-02 -5.6692E-01 -1.7998E-04  4.4389E-04
  4.4105E-02 -5.7266E-01 -1.8377E-04  4.5326E-04
  4.4414E-02 -5.7841E-01 -1.8764E-04  4.6283E-04
  4.4725E-02 -5.8418E-01 -1.9159E-04  4.7261E-04
  4.5038E-02 -5.8996E-01 -1.9562E-04  4.8258E-04
  4.5353E-02 -5.9575E-01 -1.9974E-04  4.9277E-04
  4.5670E-02 -6.0155E-01 -2.0395E-04  5.0318E-04
  4.5990E-02 -6.0736E-01 -2.0824E-04  5.1380E-04
  4.6312E-02 -6.1318E-01 -2.1262E-04  5.2465E-04
  4.6636E-02 -6.1901E-01 -2.1710E-04  5.3572E-04
  4.6963E-02 -6.2484E-01 -2.2166E-04  5.4703E-04
  4.7292E-02 -6.3068E-01 -2.2633E-04  5.5857E-04
  4.7623E-02 -6.3652E-01 -2.3109E-04  5.7036E-04
  4.7956E-02 -6.4236E-01 -2.3595E-04  5.8240E-04
  4.8292E-02 -6.4820E-01 -2.4092E-04  5.9469E-04
  4.8630E-02 -6.5403E-01 -2.4598E-04  6.0725E-04
  4.8970E-02 -6.5987E-01 -2.5116E-04  6.2006E-04
  4.9313E-02 -6.6570E-01 -2.5644E-04  6.3315E-04
  4.9658E-02 -6.7152E-01 -2.6183E-04  6.4651E-04
  5.0006E-02 -6.7734E-01 -2.6734E-04  6.6015E-04
  5.0356E-02 -6.8314E-01 -2.7296E-04  6.7408E-04
  5.0708E-02 -6.8894E-01 -2.7870E-04  6.8830E-04
  5.1063E-02 -6.9472E-01 -2.8456E-04  7.0282E-04
  5.1420E-02 -7.0048E-01 -2.9054E-04  7.1765E-04
  5.1780E-02 -7.0623E-01 -2.9664E-04  7.3279E-04
  5.2143E-02 -7.1196E-01 -3.0288E-04  7.4825E-04
  5.2508E-02 -7.1767E-01 -3.0924E-04  7.6403E-04
  5.2875E-02 -7.2336E-01 -3.1574E-04  7.8015E-04
  5.3245E-02 -7.2902E-01 -3.2238E-04  7.9661E-04
  5.3618E-02 -7.3465E-01 -3.2915E-04  8.1341E-04
  5.3993E-02 -7.4026E-01 -3.3606E-04  8.3057E-04
  5.4371E-02 -7.4584E-01 -3.4312E-04  8.4808E-04
  5.4752E-02 -7.5138E-01 -3.5033E-04  8.6597E-04
  5.5135E-02 -7.5689E-01 -3.5768E-04  8.8423E-04
  5.5521E-02 -7.6236E-01 -3.6519E-04  9.0288E-04
  5.5909E-02 -7.6779E-01 -3.7286E-04  9.2192E-04
  5.6301E-02 -7.7318E-01 -3.8069E-04  9.4135E-04
  5.6695E-02 -7.7853E-01 -3.8868E-04  9.6120E-04
  5.7091E-02 -7.8383E-01 -3.9683E-04  9.8147E-04
  5.7491E-02 -7.8908E-01 -4.0516E-04  1.0022E-03
  5.7893E-02 -7.9428E-01 -4.1366E-04  1.0233E-03
  5.8298E-02 -7.9943E-01 -4.2234E-04  1.0449E-03
  5.8706E-02 -8.0452E-01 -4.3120E-04  1.0669E-03
  5.9117E-02 -8.0955E-01 -4.4025E-04  1.0894E-03
  5.9531E-02 -8.1452E-01 -4.4948E-04  1.1123E-03
  5.9948E-02 -8.1943E-01 -4.5891E-04  1.1358E-03
  6.0367E-02 -8.2427E-01 -4.6853E-04  1.1597E-03
  6.0790E-02 -8.2904E-01 -4.7835E-04  1.1842E-03
  6.1215E-02 -8.3374E-01 -4.8838E-04  1.2091E-03
  6.1643E-02 -8.3837E-01 -4.9861E-04  1.2346E-03
  6.2075E-02 -8.4292E-01 -5.0906E-04  1.2606E-03
  6.2509E-02 -8.4739E-01 -5.1973E-04  1.2872E-03
  6.2946E-02 -8.5178E-01 -5.3062E-04  1.3143E-03
  6.3387E-02 -8.5608E-01 -5.4174E-04  1.3420E-03
  6.3830E-02 -8.6029E-01 -5.5308E-04  1.3702E-03
  6.4277E-02 -8.6441E-01 -5.6467E-04  1.3991E-03
  6.4727E-02 -8.6844E-01 -5.7649E-04  1.4286E-03
  6.5180E-02 -8.7237E-01 -5.8856E-04  1.4587E-03
  6.5636E-02 -8.7620E-01 -6.0088E-04  1.4894E-03
  6.6095E-02 -8.7993E-01 -6.1346E-04  1.5208E-03
  6.6558E-02 -8.8355E-01 -6.2630E-04  1.5528E-03
  6.7023E-02 -8.8706E-01 -6.3940E-04  1.5855E-03
  6.7492E-02 -8.9046E-01 -6.5278E-04  1.6189E-03
  6.7965E-02 -8.9374E-01 -6.6643E-04  1.6529E-03
  6.8440E-02 -8.9691E-01 -6.8037E-04  1.6877E-03
  6.8919E-02 -8.9995E-01 -6.9460E-04  1.7233E-03
  6.9401E-02 -9.0287E-01 -7.0912E-04  1.7596E-03
  6.9887E-02 -9.0566E-01 -7.2395E-04  1.7966E-03
  7.0376E-02 -9.0832E-01 -7.3908E-04  1.8344E-03
  7.0868E-02 -9.1084E-01 -7.5452E-04  1.8730E-03
  7.1364E-02 -9.1323E-01 -7.7029E-04  1.9124E-03
  7.1863E-02 -9.1547E-01 -7.8638E-04  1.9527E-03
  7.2366E-02 -9.1758E-01 -8.0281E-04  1.9938E-03
  7.2872E-02 -9.1953E-01 -8.1957E-04  2.0357E-03
  7.3382E-02 -9.2133E-01 -8.3668E-04  2.0785E-03
  7.3896E-02 -9.2298E-01 -8.5415E-04  2.1223E-03
  7.4413E-02 -9.2447E-01 -8.7198E-04  2.1669E-03
  7.4933E-02 -9.2580E-01 -8.9018E-04  2.2125E-03
  7.5458E-02 -9.2696E-01 -9.0875E-04  2.2590E-03
  7.5985E-02 -9.2796E-01 -9.2770E-04  2.3065E-03
  7.6517E-02 -9.2879E-01 -9.4705E-04  2.3551E-03
  7.7052E-02 -9.2944E-01 -9.6680E-04  2.4046E-03
  7.7591E-02 -9.2991E-01 -9.8696E-04  2.4551E-03
  7.8134E-02 -9.3021E-01 -1.0075E-03  2.5068E-03
  7.8681E-02 -9.3031E-01 -1.0285E-03  2.5595E-03
  7.9231E-02 -9.3024E-01 -1.0500E-03  2.6133E-03
  7.9786E-02 -9.2997E-01 -1.0718E-03  2.6682E-03
  8.0344E-02 -9.2951E-01 -1.0941E-03  2.7243E-03
  8.0906E-02 -9.2884E-01 -1.1169E-03  2.7815E-03
  8.1472E-02 -9.2798E-01 -1.1402E-03  2.8400E-03
  8.2042E-02 -9.2692E-01 -1.1639E-03  2.8997E-03
  8.2616E-02 -9.2565E-01 -1.1881E-03  2.9606E-03
  8.3194E-02 -9.2417E-01 -1.2128E-03  3.0228E-03
  8.3776E-02 -9.2247E-01 -1.2381E-03  3.0863E-03
  8.4362E-02 -9.2056E-01 -1.2638E-03  3.1511E-03
  8.4952E-02 -9.1843E-01 -1.2901E-03  3.2173E-03
  8.5546E-02 -9.1607E-01 -1.3169E-03  3.2849E-03
  8.6145E-02 -9.1349E-01 -1.3443E-03  3.3539E-03
  8.6747E-02 -9.1069E-01 -1.3722E-03  3.4243E-03
  8.7354E-02 -9.0765E-01 -1.4007E-03  3.4962E-03
  8.7965E-02 -9.0437E-01 -1.4298E-03  3.5696E-03
  8.8580E-02 -9.0086E-01 -1.4594E-03  3.6445E-03
  8.9200E-02 -8.9711E-01 -1.4897E-03  3.7210E-03
  8.9824E-02 -8.9311E-01 -1.5206E-03  3.7991E-03
  9.0452E-02 -8.8887E-01 -1.5522E-03  3.8788E-03
  9.1085E-02 -8.8438E-01 -1.5844E-03  3.9602E-03
  9.1722E-02 -8.7964E-01 -1.6172E-03  4.0433E-03
  9.2364E-02 -8.7465E-01 -1.6507E-03  4.1281E-03
  9.3010E-02 -8.6940E-01 -1.6849E-03  4.2147E-03
  9.3661E-02 -8.6389E-01 -1.7198E-03  4.3031E-03
  9.4316E-02 -8.5812E-01 -1.7554E-03  4.3934E-03
  9.4975E-02 -8.5209E-01 -1.7918E-03  4.4855E-03
  9.5640E-02 -8.4580E-01 -1.8288E-03  4.5795E-03
  9.6309E-02 -8.3923E-01 -1.8667E-03  4.6755E-03
  9.6982E-02 -8.3240E-01 -1.9053E-03  4.7736E-03
  9.7661E-02 -8.2530E-01 -1.9447E-03  4.8736E-03
  9.8344E-02 -8.1792E-01 -1.9848E-03  4.9757E-03
  9.9032E-02 -8.1027E-01 -2.0258E-03  5.0800E-03
  9.9725E-02 -8.0235E-01 -2.0677E-03  5.1865E-03
  1.0042E-01 -7.9414E-01 -2.1104E-03  5.2951E-03
  1.0112E-01 -7.8566E-01 -2.1539E-03  5.4060E-03
  1.0183E-01 -7.7689E-01 -2.1984E-03  5.5192E-03
  1.0254E-01 -7.6785E-01 -2.2437E-03  5.6348E-03
  1.0326E-01 -7.5852E-01 -2.2900E-03  5.7528E-03
  1.0398E-01 -7.4891E-01 -2.3372E-03  5.8733E-03
  1.0471E-01 -7.3901E-01 -2.3853E-03  5.9962E-03
  1.0544E-01 -7.2883E-01 -2.4344E-03  6.1217E-03
  1.0618E-01 -7.1836E-01 -2.4846E-03  6.2498E-03
  1.0692E-01 -7.0760E-01 -2.5357E-03  6.3806E-03
  1.0767E-01 -6.9656E-01 -2.5879E-03  6.5141E-03
  1.0842E-01 -6.8523E-01 -2.6411E-03  6.6503E-03
  1.0918E-01 -6.7361E-01 -2.6954E-03  6.7894E-03
  1.0995E-01 -6.6171E-01 -2.7507E-03  6.9314E-03
  1.1072E-01 -6.4952E-01 -2.8072E-03  7.0764E-03
  1.1149E-01 -6.3704E-01 -2.8649E-03  7.2243E-03
  1.1227E-01 -6.2427E-01 -2.9236E-03  7.3753E-03
  1.1305E-01 -6.1122E-01 -2.9836E-03  7.5294E-03
  1.1385E-01 -5.9789E-01 -3.0448E-03  7.6868E-03
  1.1464E-01 -5.8427E-01 -3.1072E-03  7.8474E-03
  1.1544E-01 -5.7036E-01 -3.1708E-03  8.0113E-03
  1.1625E-01 -5.5618E-01 -3.2358E-03  8.1786E-03
  1.1706E-01 -5.4172E-01 -3.3020E-03  8.3494E-03
  1.1788E-01 -5.2697E-01 -3.3695E-03  8.5237E-03
  1.1871E-01 -5.1195E-01 -3.4384E-03  8.7017E-03
  1.1954E-01 -4.9666E-01 -3.5087E-03  8.8833E-03
  1.2037E-01 -4.8109E-01 -3.5804E-03  9.0687E-03
  1.2122E-01 -4.6525E-01 -3.6535E-03  9.2579E-03
  1.2206E-01 -4.4914E-01 -3.7280E-03  9.4510E-03
  1.2292E-01 -4.3277E-01 -3.8040E-03  9.6481E-03
  1.2378E-01 -4.1614E-01 -3.8816E-03  9.8493E-03
  1.2464E-01 -3.9924E-01 -3.9607E-03  1.0055E-02
  1.2551E-01 -3.8209E-01 -4.0413E-03  1.0264E-02
  1.2639E-01 -3.6469E-01 -4.1236E-03  1.0478E-02
  1.2728E-01 -3.4703E-01 -4.2074E-03  1.0697E-02
  1.2817E-01 -3.2913E-01 -4.2930E-03  1.0919E-02
  1.2906E-01 -3.1099E-01 -4.3802E-03  1.1147E-02
  1.2996E-01 -2.9261E-01 -4.4691E-03  1.1379E-02
  1.3087E-01 -2.7400E-01 -4.5598E-03  1.1616E-02
  1.3179E-01 -2.5516E-01 -4.6523E-03  1.1858E-02
  1.3271E-01 -2.3609E-01 -4.7466E-03  1.2104E-02
  1.3364E-01 -2.1681E-01 -4.8427E-03  1.2356E-02
  1.3457E-01 -1.9731E-01 -4.9408E-03  1.2613E-02
  1.3551E-01 -1.7760E-01 -5.0407E-03  1.2876E-02
  1.3646E-01 -1.5769E-01 -5.1427E-03  1.3143E-02
  1.3742E-01 -1.3758E-01 -5.2466E-03  1.3417E-02
  1.3838E-01 -1.1729E-01 -5.3525E-03  1.3695E-02
  1.3934E-01 -9.6802E-02 -5.4605E-03  1.3980E-02
  1.4032E-01 -7.6140E-02 -5.5706E-03  1.4270E-02
  1.4130E-01 -5.5306E-02 -5.6828E-03  1.4567E-02
  1.4229E-01 -3.4307E-02 -5.7973E-03  1.4869E-02
  1.4328E-01 -1.3150E-02 -5.9139E-03  1.5178E-02
  1.4429E-01  8.1587E-03 -6.0328E-03  1.5493E-02
  1.4529E-01  2.9611E-02 -6.1540E-03  1.5814E-02
  1.4631E-01  5.1199E-02 -6.2776E-03  1.6142E-02
  1.4733E-01  7.2915E-02 -6.4035E-03  1.6477E-02
  1.4836E-01  9.4752E-02 -6.5318E-03  1.6819E-02
  1.4940E-01  1.1670E-01 -6.6627E-03  1.7167E-02
  1.5045E-01  1.3875E-01 -6.7960E-03  1.7523E-02
  1.5150E-01  1.6090E-01 -6.9319E-03  1.7886E-02
  1.5256E-01  1.8313E-01 -7.0704E-03  1.8256E-02
  1.5362E-01  2.0544E-01 -7.2115E-03  1.8634E-02
  1.5470E-01  2.2782E-01 -7.3554E-03  1.9020E-02
  1.5578E-01  2.5026E-01 -7.5020E-03  1.9414E-02
  1.5687E-01  2.7275E-01 -7.6513E-03  1.9815E-02
  1.5797E-01  2.9527E-01 -7.8035E-03  2.0225E-02
  1.5907E-01  3.1783E-01 -7.9586E-03  2.0643E-02
  1.6018E-01  3.4040E-01 -8.1167E-03  2.1070E-02
  1.6130E-01  3.6299E-01 -8.2777E-03  2.1505E-02
  1.6243E-01  3.8557E-01 -8.4417E-03  2.1949E-02
  1.6357E-01  4.0814E-01 -8.6089E-03  2.2402E-02
  1.6471E-01  4.3069E-01 -8.7792E-03  2.2865E-02
  1.6586E-01  4.5321E-01 -8.9526E-03  2.3336E-02
  1.6702E-01  4.7568E-01 -9.1294E-03  2.3818E-02
  1.6819E-01  4.9810E-01 -9.3094E-03  2.4309E-02
  1.6937E-01  5.2045E-01 -9.4928E-03  2.4810E-02
  1.7055E-01  5.4272E-01 -9.6795E-03  2.5321E-02
  1.7174E-01  5.6490E-01 -9.8698E-03  2.5843E-02
  1.7294E-01  5.8698E-01 -1.0064E-02  2.6375E-02
  1.7415E-01  6.0894E-01 -1.0261E-02  2.6918E-02
  1.7537E-01  6.3079E-01 -1.0462E-02  2.7472E-02
  1.7660E-01  6.5249E-01 -1.0667E-02  2.8037E-02
  1.7783E-01  6.7404E-01 -1.0875E-02  2.8613E-02
  1.7908E-01  6.9544E-01 -1.1087E-02  2.9201E-02
  1.8033E-01  7.1666E-01 -1.1304E-02  2.9801E-02
  1.8159E-01  7.3769E-01 -1.1524E-02  3.0413E-02
  1.8286E-01  7.5852E-01 -1.1748E-02  3.1037E-02
  1.8414E-01  7.7914E-01 -1.1976E-02  3.1674E-02
  1.8543E-01  7.9954E-01 -1.2208E-02  3.2324E-02
  1.8672E-01  8.1970E-01 -1.2445E-02  3.2986E-02
  1.8803E-01  8.3961E-01 -1.2685E-02  3.3663E-02
  1.8934E-01  8.5926E-01 -1.2930E-02  3.4352E-02
  1.9067E-01  8.7864E-01 -1.3180E-02  3.5055E-02
  1.9200E-01  8.9772E-01 -1.3434E-02  3.5773E-02
  1.9334E-01  9.1651E-01 -1.3692E-02  3.6505E-02
  1.9469E-01  9.3498E-01 -1.3955E-02  3.7251E-02
  1.9606E-01  9.5312E-01 -1.4223E-02  3.8013E-02
  1.9743E-01  9.7093E-01 -1.4495E-02  3.8789E-02
  1.9881E-01  9.8838E-01 -1.4772E-02  3.9581E-02
  2.0020E-01  1.0055E+00 -1.5054E-02  4.0389E-02
  2.0160E-01  1.0222E+00 -1.5341E-02  4.1213E-02
  2.0301E-01  1.0385E+00 -1.5633E-02  4.2053E-02
  2.0443E-01  1.0544E+00 -1.5929E-02  4.2910E-02
  2.0585E-01  1.0699E+00 -1.6232E-02  4.3784E-02
  2.0729E-01  1.0850E+00 -1.6539E-02  4.4676E-02
  2.0874E-01  1.0996E+00 -1.6851E-02  4.5585E-02
  2.1020E-01  1.1138E+00 -1.7169E-02  4.6512E-02
  2.1167E-01  1.1275E+00 -1.7492E-02  4.7457E-02
  2.1315E-01  1.1407E+00 -1.7821E-02  4.8422E-02
  2.1464E-01  1.1535E+00 -1.8155E-02  4.9405E-02
  2.1614E-01  1.1657E+00 -1.8495E-02  5.0407E-02
  2.1765E-01  1.1774E+00 -1.8840E-02  5.1430E-02
  2.1918E-01  1.1886E+00 -1.9192E-02  5.2472E-02
  2.2071E-01  1.1993E+00 -1.9549E-02  5.3535E-02
  2.2225E-01  1.2094E+00 -1.9912E-02  5.4619E-02
  2.2381E-01  1.2190E+00 -2.0280E-02  5.5724E-02
  2.2537E-01  1.2280E+00 -2.0655E-02  5.6851E-02
  2.2695E-01  1.2364E+00 -2.1036E-02  5.8000E-02
  2.2853E-01  1.2442E+00 -2.1423E-02  5.9171E-02
  2.3013E-01  1.2514E+00 -2.1817E-02  6.0365E-02
  2.3174E-01  1.2580E+00 -2.2216E-02  6.1583E-02
  2.3336E-01  1.2640E+00 -2.2622E-02  6.2824E-02
  2.3499E-01  1.2693E+00 -2.3035E-02  6.4090E-02
  2.3664E-01  1.2740E+00 -2.3454E-02  6.5380E-02
  2.3829E-01  1.2781E+00 -2.3879E-02  6.6695E-02
  2.3996E-01  1.2815E+00 -2.4311E-02  6.8036E-02
  2.4163E-01  1.2842E+00 -2.4750E-02  6.9403E-02
  2.4332E-01  1.2863E+00 -2.5195E-02  7.0796E-02
  2.4502E-01  1.2877E+00 -2.5647E-02  7.2216E-02
  2.4674E-01  1.2883E+00 -2.6106E-02  7.3664E-02
  2.4846E-01  1.2883E+00 -2.6572E-02  7.5139E-02
  2.5020E-01  1.2876E+00 -2.7045E-02  7.6643E-02
  2.5195E-01  1.2862E+00 -2.7524E-02  7.8176E-02
  2.5371E-01  1.2841E+00 -2.8011E-02  7.9738E-02
  2.5548E-01  1.2812E+00 -2.8505E-02  8.1330E-02
  2.5727E-01  1.2777E+00 -2.9006E-02  8.2953E-02
  2.5907E-01  1.2733E+00 -2.9514E-02  8.4607E-02
  2.6088E-01  1.2683E+00 -3.0029E-02  8.6292E-02
  2.6270E-01  1.2625E+00 -3.0552E-02  8.8010E-02
  2.6454E-01  1.2560E+00 -3.1082E-02  8.9760E-02
  2.6639E-01  1.2487E+00 -3.1619E-02  9.1543E-02
  2.6825E-01  1.2407E+00 -3.2163E-02  9.3361E-02
  2.7013E-01  1.2319E+00 -3.2715E-02  9.5212E-02
  2.7202E-01  1.2224E+00 -3.3274E-02  9.7099E-02
  2.7392E-01  1.2121E+00 -3.3840E-02  9.9021E-02
  2.7583E-01  1.2011E+00 -3.4414E-02  1.0098E-01
  2.7776E-01  1.1893E+00 -3.4995E-02  1.0298E-01
  2.7970E-01  1.1767E+00 -3.5584E-02  1.0501E-01
  2.8166E-01  1.1634E+00 -3.6180E-02  1.0708E-01
  2.8363E-01  1.1494E+00 -3.6783E-02  1.0919E-01
  2.8561E-01  1.1346E+00 -3.7393E-02  1.1134E-01
  2.8761E-01  1.1190E+00 -3.8011E-02  1.1353E-01
  2.8962E-01  1.1027E+00 -3.8636E-02  1.1576E-01
  2.9164E-01  1.0856E+00 -3.9269E-02  1.1803E-01
  2.9368E-01  1.0678E+00 -3.9908E-02  1.2034E-01
  2.9574E-01  1.0493E+00 -4.0555E-02  1.2270E-01
  2.9780E-01  1.0300E+00 -4.1209E-02  1.2510E-01
  2.9989E-01  1.0100E+00 -4.1870E-02  1.2755E-01
  3.0198E-01  9.8928E-01 -4.2538E-02  1.3004E-01
  3.0409E-01  9.6783E-01 -4.3213E-02  1.3257E-01
  3.0622E-01  9.4567E-01 -4.3895E-02  1.3515E-01
  3.0836E-01  9.2281E-01 -4.4583E-02  1.3778E-01
  3.1052E-01  8.9925E-01 -4.5278E-02  1.4046E-01
  3.1269E-01  8.7501E-01 -4.5980E-02  1.4318E-01
  3.1487E-01  8.5008E-01 -4.6688E-02  1.4596E-01
  3.1708E-01  8.2448E-01 -4.7402E-02  1.4879E-01
  3.1929E-01  7.9821E-01 -4.8122E-02  1.5166E-01
  3.2152E-01  7.7130E-01 -4.8848E-02  1.5459E-01
  3.2377E-01  7.4374E-01 -4.9580E-02  1.5757E-01
  3.2604E-01  7.1555E-01 -5.0318E-02  1.6061E-01
  3.2831E-01  6.8675E-01 -5.1061E-02  1.6370E-01
  3.3061E-01  6.5734E-01 -5.1809E-02  1.6684E-01
  3.3292E-01  6.2733E-01 -5.2562E-02  1.7004E-01
  3.3525E-01  5.9674E-01 -5.3319E-02  1.7330E-01
  3.3759E-01  5.6558E-01 -5.4082E-02  1.7661E-01
  3.3995E-01  5.3387E-01 -5.4848E-02  1.7998E-01
  3.4233E-01  5.0163E-01 -5.5618E-02  1.8342E-01
  3.4472E-01  4.6885E-01 -5.6392E-02  1.8691E-01
  3.4713E-01  4.3557E-01 -5.7169E-02  1.9046E-01
  3.4956E-01  4.0180E-01 -5.7949E-02  1.9408E-01
  3.5200E-01  3.6755E-01 -5.8732E-02  1.9776E-01
  3.5446E-01  3.3284E-01 -5.9517E-02  2.0150E-01
  3.5694E-01  2.9769E-01 -6.0304E-02  2.0531E-01
  3.5944E-01  2.6212E-01 -6.1092E-02  2.0918E-01
  3.6195E-01  2.2614E-01 -6.1881E-02  2.1312E-01
  3.6448E-01  1.8978E-01 -6.2670E-02  2.1713E-01
  3.6703E-01  1.5304E-01 -6.3460E-02  2.2120E-01
  3.6959E-01  1.1596E-01 -6.4249E-02  2.2535E-01
  3.7218E-01  7.8550E-02 -6.5036E-02  2.2956E-01
  3.7478E-01  4.0831E-02 -6.5823E-02  2.3385E-01
  3.7740E-01  2.8254E-03 -6.6607E-02  2.3821E-01
  3.8004E-01 -3.5447E-02 -6.7388E-02  2.4264E-01
  3.8270E-01 -7.3965E-02 -6.8166E-02  2.4715E-01
  3.8537E-01 -1.1271E-01 -6.8939E-02  2.5173E-01
  3.8806E-01 -1.5165E-01 -6.9708E-02  2.5638E-01
  3.9078E-01 -1.9077E-01 -7.0471E-02  2.6112E-01
  3.9351E-01 -2.3005E-01 -7.1227E-02  2.6593E-01
  3.9626E-01 -2.6946E-01 -7.1977E-02  2.7082E-01
  3.9903E-01 -3.0898E-01 -7.2718E-02  2.7579E-01
  4.0182E-01 -3.4859E-01 -7.3450E-02  2.8083E-01
  4.0463E-01 -3.8826E-01 -7.4173E-02  2.8597E-01
  4.0746E-01 -4.2797E-01 -7.4885E-02  2.9118E-01
  4.1031E-01 -4.6769E-01 -7.5585E-02  2.9648E-01
  4.1317E-01 -5.0741E-01 -7.6272E-02  3.0186E-01
  4.1606E-01 -5.4709E-01 -7.6945E-02  3.0732E-01
  4.1897E-01 -5.8671E-01 -7.7603E-02  3.1288E-01
  4.2190E-01 -6.2625E-01 -7.8245E-02  3.1852E-01
  4.2485E-01 -6.6568E-01 -7.8870E-02  3.2424E-01
  4.2782E-01 -7.0497E-01 -7.9476E-02  3.3006E-01
  4.3081E-01 -7.4411E-01 -8.0061E-02  3.3597E-01
  4.3382E-01 -7.8306E-01 -8.0626E-02  3.4196E-01
  4.3686E-01 -8.2180E-01 -8.1168E-02  3.4805E-01
  4.3991E-01 -8.6031E-01 -8.1685E-02  3.5423E-01
  4.4298E-01 -8.9855E-01 -8.2177E-02  3.6050E-01
  4.4608E-01 -9.3651E-01 -8.2641E-02  3.6687E-01
  4.4920E-01 -9.7416E-01 -8.3076E-02  3.7333E-01
  4.5234E-01 -1.0115E+00 -8.3481E-02  3.7989E-01
  4.5550E-01 -1.0484E+00 -8.3853E-02  3.8654E-01
  4.5869E-01 -1.0850E+00 -8.4191E-02  3.9329E-01
  4.6189E-01 -1.1211E+00 -8.4493E-02  4.0013E-01
  4.6512E-01 -1.1568E+00 -8.4756E-02  4.0708E-01
  4.6837E-01 -1.1921E+00 -8.4980E-02  4.1412E-01
  4.7165E-01 -1.2268E+00 -8.5161E-02  4.2127E-01
  4.7494E-01 -1.2610E+00 -8.5298E-02  4.2851E-01
  4.7827E-01 -1.2947E+00 -8.5388E-02  4.3585E-01
  4.8161E-01 -1.3279E+00 -8.5430E-02  4.4330E-01
  4.8498E-01 -1.3604E+00 -8.5420E-02  4.5085E-01
  4.8837E-01 -1.3923E+00 -8.5356E-02  4.5850E-01
  4.9178E-01 -1.4236E+00 -8.5236E-02  4.6625E-01
  4.9522E-01 -1.4543E+00 -8.5057E-02  4.7410E-01
  4.9868E-01 -1.4842E+00 -8.4816E-02  4.8206E-01
  5.0217E-01 -1.5135E+00 -8.4511E-02  4.9012E-01
  5.0568E-01 -1.5420E+00 -8.4139E-02  4.9828E-01
  5.0921E-01 -1.5697E+00 -8.3696E-02  5.0655E-01
  5.1277E-01 -1.5967E+00 -8.3180E-02  5.1493E-01
  5.1635E-01 -1.6229E+00 -8.2587E-02  5.2340E-01
  5.1996E-01 -1.6483E+00 -8.1914E-02  5.3198E-01
  5.2360E-01 -1.6728E+00 -8.1159E-02  5.4067E-01
  5.2726E-01 -1.6964E+00 -8.0317E-02  5.4946E-01
  5.3095E-01 -1.7192E+00 -7.9384E-02  5.5835E-01
  5.3466E-01 -1.7411E+00 -7.8358E-02  5.6735E-01
  5.3839E-01 -1.7621E+00 -7.7234E-02  5.7644E-01
  5.4216E-01 -1.7821E+00 -7.6009E-02  5.8565E-01
  5.4595E-01 -1.8011E+00 -7.4678E-02  5.9495E-01
  5.4976E-01 -1.8192E+00 -7.3238E-02  6.0436E-01
  5.5361E-01 -1.8363E+00 -7.1684E-02  6.1386E-01
  5.5748E-01 -1.8523E+00 -7.0012E-02  6.2347E-01
  5.6137E-01 -1.8674E+00 -6.8218E-02  6.3318E-01
  5.6530E-01 -1.8813E+00 -6.6297E-02  6.4298E-01
  5.6925E-01 -1.8943E+00 -6.4244E-02  6.5289E-01
  5.7323E-01 -1.9061E+00 -6.2055E-02  6.6289E-01
  5.7724E-01 -1.9169E+00 -5.9725E-02  6.7298E-01
  5.8127E-01 -1.9265E+00 -5.7249E-02  6.8317E-01
  5.8534E-01 -1.9351E+00 -5.4621E-02  6.9345E-01
  5.8943E-01 -1.9425E+00 -5.1836E-02  7.0382E-01
  5.9355E-01 -1.9487E+00 -4.8889E-02  7.1428E-01
  5.9770E-01 -1.9538E+00 -4.5775E-02  7.2483E-01
  6.0187E-01 -1.9578E+00 -4.2488E-02  7.3546E-01
  6.0608E-01 -1.9606E+00 -3.9021E-02  7.4617E-01
  6.1032E-01 -1.9622E+00 -3.5370E-02  7.5696E-01
  6.1459E-01 -1.9626E+00 -3.1528E-02  7.6784E-01
  6.1888E-01 -1.9618E+00 -2.7489E-02  7.7878E-01
  6.2321E-01 -1.9598E+00 -2.3247E-02  7.8980E-01
  6.2756E-01 -1.9566E+00 -1.8795E-02  8.0089E-01
  6.3195E-01 -1.9522E+00 -1.4127E-02  8.1204E-01
  6.3637E-01 -1.9466E+00 -9.2362E-03  8.2326E-01
  6.4082E-01 -1.9397E+00 -4.1156E-03  8.3454E-01
  6.4530E-01 -1.9317E+00  1.2414E-03  8.4587E-01
  6.4981E-01 -1.9224E+00  6.8420E-03  8.5725E-01
  6.5435E-01 -1.9119E+00  1.2693E-02  8.6868E-01
  6.5892E-01 -1.9001E+00  1.8803E-02  8.8015E-01
  6.6353E-01 -1.8871E+00  2.5177E-02  8.9166E-01
  6.6817E-01 -1.8729E+00  3.1825E-02  9.0321E-01
  6.7284E-01 -1.8575E+00  3.8753E-02  9.1478E-01
  6.7754E-01 -1.8408E+00  4.5969E-02  9.2638E-01
  6.8228E-01 -1.8230E+00  5.3481E-02  9.3799E-01
  6.8705E-01 -1.8039E+00  6.1298E-02  9.4961E-01
  6.9185E-01 -1.7836E+00  6.9426E-02  9.6124E-01
  6.9669E-01 -1.7621E+00  7.7875E-02  9.7287E-01
  7.0156E-01 -1.7394E+00  8.6652E-02  9.8449E-01
  7.0646E-01 -1.7155E+00  9.5766E-02  9.9609E-01
  7.1140E-01 -1.6904E+00  1.0523E-01  1.0077E+00
  7.1637E-01 -1.6642E+00  1.1504E-01  1.0192E+00
  7.2138E-01 -1.6368E+00  1.2521E-01  1.0307E+00
  7.2642E-01 -1.6082E+00  1.3576E-01  1.0422E+00
  7.3150E-01 -1.5785E+00  1.4668E-01  1.0536E+00
  7.3661E-01 -1.5477E+00  1.5800E-01  1.0650E+00
  7.4176E-01 -1.5157E+00  1.6971E-01  1.0763E+00
  7.4695E-01 -1.4826E+00  1.8183E-01  1.0875E+00
  7.5217E-01 -1.4485E+00  1.9436E-01  1.0986E+00
  7.5743E-01 -1.4132E+00  2.0731E-01  1.1096E+00
  7.6272E-01 -1.3769E+00  2.2070E-01  1.1205E+00
  7.6805E-01 -1.3395E+00  2.3453E-01  1.1313E+00
  7.7342E-01 -1.3011E+00  2.4881E-01  1.1419E+00
  7.7883E-01 -1.2617E+00  2.6355E-01  1.1524E+00
  7.8427E-01 -1.2213E+00  2.7875E-01  1.1627E+00
  7.8976E-01 -1.1799E+00  2.9443E-01  1.1729E+00
  7.9528E-01 -1.1376E+00  3.1060E-01  1.1829E+00
  8.0084E-01 -1.0942E+00  3.2726E-01  1.1927E+00
  8.0643E-01 -1.0500E+00  3.4442E-01  1.2023E+00
  8.1207E-01 -1.0049E+00  3.6210E-01  1.2116E+00
  8.1775E-01 -9.5887E-01  3.8029E-01  1.2208E+00
  8.2346E-01 -9.1199E-01  3.9900E-01  1.2296E+00
  8.2922E-01 -8.6427E-01  4.1825E-01  1.2383E+00
  8.3502E-01 -8.1574E-01  4.3805E-01  1.2466E+00
  8.4085E-01 -7.6641E-01  4.5839E-01  1.2546E+00
  8.4673E-01 -7.1630E-01  4.7929E-01  1.2623E+00
  8.5265E-01 -6.6545E-01  5.0075E-01  1.2697E+00
  8.5861E-01 -6.1387E-01  5.2278E-01  1.2768E+00
  8.6461E-01 -5.6159E-01  5.4539E-01  1.2835E+00
  8.7065E-01 -5.0864E-01  5.6858E-01  1.2898E+00
  8.7674E-01 -4.5503E-01  5.9236E-01  1.2957E+00
  8.8287E-01 -4.0081E-01  6.1673E-01  1.3012E+00
  8.8904E-01 -3.4598E-01  6.4170E-01  1.3063E+00
  8.9526E-01 -2.9058E-01  6.6727E-01  1.3109E+00
  9.0151E-01 -2.3464E-01  6.9345E-01  1.3150E+00
  9.0781E-01 -1.7818E-01  7.2024E-01  1.3187E+00
  9.1416E-01 -1.2123E-01  7.4764E-01  1.3219E+00
  9.2055E-01 -6.3810E-02  7.7566E-01  1.3245E+00
  9.2699E-01 -5.9593E-03  8.0430E-01  1.3266E+00
  9.3347E-01  5.2299E-02  8.3355E-01  1.3281E+00
  9.3999E-01  1.1094E-01  8.6343E-01  1.3291E+00
  9.4656E-01  1.6992E-01  8.9392E-01  1.3294E+00
  9.5318E-01  2.2923E-01  9.2504E-01  1.3292E+00
  9.5984E-01  2.8884E-01  9.5677E-01  1.3283E+00
  9.6655E-01  3.4870E-01  9.8911E-01  1.3268E+00
  9.7331E-01  4.0880E-01  1.0221E+00  1.3245E+00
  9.8011E-01  4.6910E-01  1.0556E+00  1.3216E+00
  9.8696E-01  5.2958E-01  1.0898E+00  1.3180E+00
  9.9386E-01  5.9020E-01  1.1246E+00  1.3137E+00
  1.0008E+00  6.5094E-01  1.1599E+00  1.3086E+00
  1.0078E+00  7.1177E-01  1.1959E+00  1.3028E+00
  1.0148E+00  7.7264E-01  1.2324E+00  1.2962E+00
  1.0219E+00  8.3355E-01  1.2694E+00  1.2888E+00
  1.0291E+00  8.9444E-01  1.3071E+00  1.2806E+00
  1.0363E+00  9.5530E-01  1.3452E+00  1.2716E+00
  1.0435E+00  1.0161E+00  1.3839E+00  1.2618E+00
  1.0508E+00  1.0768E+00  1.4232E+00  1.2511E+00
  1.0582E+00  1.1374E+00  1.4629E+00  1.2396E+00
  1.0656E+00  1.1978E+00  1.5031E+00  1.2272E+00
  1.0730E+00  1.2580E+00  1.5437E+00  1.2140E+00
  1.0805E+00  1.3180E+00  1.5848E+00  1.1999E+00
  1.0881E+00  1.3777E+00  1.6264E+00  1.1849E+00
  1.0957E+00  1.4372E+00  1.6683E+00  1.1691E+00
  1.1033E+00  1.4964E+00  1.7106E+00  1.1524E+00
  1.1110E+00  1.5552E+00  1.7532E+00  1.1348E+00
  1.1188E+00  1.6136E+00  1.7962E+00  1.1163E+00
  1.1266E+00  1.6717E+00  1.8395E+00  1.0969E+00
  1.1345E+00  1.7293E+00  1.8831E+00  1.0767E+00
  1.1424E+00  1.7864E+00  1.9268E+00  1.0557E+00
  1.1504E+00  1.8431E+00  1.9708E+00  1.0338E+00
  1.1585E+00  1.8992E+00  2.0150E+00  1.0110E+00
  1.1666E+00  1.9548E+00  2.0593E+00  9.8747E-01
  1.1747E+00  2.0098E+00  2.1037E+00  9.6312E-01
  1.1829E+00  2.0642E+00  2.1482E+00  9.3800E-01
  1.1912E+00  2.1179E+00  2.1927E+00  9.1213E-01
  1.1995E+00  2.1710E+00  2.2371E+00  8.8554E-01
  1.2079E+00  2.2233E+00  2.2815E+00  8.5826E-01
  1.2163E+00  2.2750E+00  2.3258E+00  8.3032E-01
  1.2248E+00  2.3258E+00  2.3700E+00  8.0176E-01
  1.2334E+00  2.3759E+00  2.4139E+00  7.7261E-01
  1.2420E+00  2.4252E+00  2.4576E+00  7.4292E-01
  1.2507E+00  2.4736E+00  2.5010E+00  7.1274E-01
  1.2594E+00  2.5211E+00  2.5441E+00  6.8212E-01
  1.2683E+00  2.5678E+00  2.5867E+00  6.5110E-01
  1.2771E+00  2.6135E+00  2.6289E+00  6.1975E-01
  1.2860E+00  2.6582E+00  2.6706E+00  5.8812E-01
  1.2950E+00  2.7020E+00  2.7117E+00  5.5628E-01
  1.3041E+00  2.7447E+00  2.7522E+00  5.2429E-01
  1.3132E+00  2.7864E+00  2.7921E+00  4.9222E-01
  1.3224E+00  2.8270E+00  2.8312E+00  4.6014E-01
  1.3316E+00  2.8666E+00  2.8695E+00  4.2813E-01
  1.3409E+00  2.9050E+00  2.9069E+00  3.9626E-01
  1.3503E+00  2.9423E+00  2.9435E+00  3.6462E-01
  1.3597E+00  2.9784E+00  2.9791E+00  3.3328E-01
  1.3692E+00  3.0133E+00  3.0136E+00  3.0234E-01
  1.3788E+00  3.0469E+00  3.0471E+00  2.7187E-01
  1.3885E+00  3.0793E+00  3.0794E+00  2.4198E-01
  1.3982E+00  3.1105E+00  3.1105E+00  2.1274E-01
  1.4079E+00  3.1403E+00  3.1403E+00  1.8747E-01
  1.4178E+00  3.1689E+00  3.1689E+00  1.8447E-01
  1.4277E+00  3.1960E+00  3.1960E+00  1.8489E-01
  1.4377E+00  3.2218E+00  3.2218E+00  1.8433E-01
  1.4477E+00  3.2463E+00  3.2463E+00  1.8319E-01
  1.4578E+00  3.2693E+00  3.2693E+00  1.8150E-01
  1.4680E+00  3.2908E+00  3.2908E+00  1.7927E-01
  1.4783E+00  3.3109E+00  3.3109E+00  1.7652E-01
  1.4886E+00  3.3296E+00  3.3296E+00  1.7328E-01
  1.4990E+00  3.3467E+00  3.3467E+00  1.6957E-01
  1.5095E+00  3.3623E+00  3.3623E+00  1.6541E-01
  1.5201E+00  3.3763E+00  3.3763E+00  1.6083E-01
  1.5307E+00  3.3888E+00  3.3888E+00  1.5587E-01
  1.5414E+00  3.3997E+00  3.3997E+00  1.5055E-01
  1.5522E+00  3.4090E+00  3.4090E+00  1.4490E-01
  1.5630E+00  3.4167E+00  3.4167E+00  1.3896E-01
  1.5739E+00  3.4228E+00  3.4228E+00  1.3276E-01
  1.5849E+00  3.4272E+00  3.4272E+00  1.2634E-01
  1.5960E+00  3.4299E+00  3.4299E+00  1.1973E-01
  1.6072E+00  3.4310E+00  3.4310E+00  1.1296E-01
  1.6184E+00  3.4303E+00  3.4303E+00  1.0607E-01
  1.6297E+00  3.4279E+00  3.4279E+00  9.9109E-02
  1.6411E+00  3.4238E+00  3.4238E+00  9.2099E-02
  1.6526E+00  3.4179E+00  3.4179E+00  8.5081E-02
  1.6641E+00  3.4103E+00  3.4103E+00  7.8090E-02
  1.6758E+00  3.4009E+00  3.4009E+00  7.1161E-02
  1.6875E+00  3.3897E+00  3.3897E+00  6.4328E-02
  1.6993E+00  3.3767E+00  3.3767E+00  5.7625E-02
  1.7111E+00  3.3619E+00  3.3619E+00  5.1083E-02
  1.7231E+00  3.3453E+00  3.3453E+00  4.4733E-02
  1.7351E+00  3.3269E+00  3.3269E+00  3.8604E-02
  1.7473E+00  3.3066E+00  3.3066E+00  3.2723E-02
  1.7595E+00  3.2845E+00  3.2845E+00  2.7116E-02
  1.7718E+00  3.2605E+00  3.2605E+00  2.1804E-02
  1.7842E+00  3.2347E+00  3.2347E+00  1.6808E-02
  1.7966E+00  3.2070E+00  3.2070E+00  1.2147E-02
  1.8092E+00  3.1774E+00  3.1774E+00  7.8347E-03
  1.8218E+00  3.1459E+00  3.1459E+00  3.8841E-03
  1.8346E+00  3.1126E+00  3.1126E+00  3.0435E-04
  1.8474E+00  3.0774E+00  3.0774E+00 -2.8986E-03
  1.8603E+00  3.0403E+00  3.0403E+00 -5.7218E-03
  1.8733E+00  3.0013E+00  3.0013E+00 -8.1657E-03
  1.8864E+00  2.9605E+00  2.9605E+00 -1.0234E-02
  1.8996E+00  2.9177E+00  2.9177E+00 -1.1934E-02
  1.9129E+00  2.8731E+00  2.8731E+00 -1.3276E-02
  1.9263E+00  2.8266E+00  2.8266E+00 -1.4273E-02
  1.9397E+00  2.7783E+00  2.7783E+00 -1.4942E-02
  1.9533E+00  2.7280E+00  2.7280E+00 -1.5303E-02
  1.9669E+00  2.6760E+00  2.6760E+00 -1.5379E-02
  1.9807E+00  2.6220E+00  2.6220E+00 -1.5194E-02
  1.9945E+00  2.5662E+00  2.5662E+00 -1.4775E-02
  2.0085E+00  2.5086E+00  2.5086E+00 -1.4153E-02
  2.0225E+00  2.4492E+00  2.4492E+00 -1.3358E-02
  2.0366E+00  2.3880E+00  2.3880E+00 -1.2421E-02
  2.0509E+00  2.3250E+00  2.3250E+00 -1.1375E-02
  2.0652E+00  2.2602E+00  2.2602E+00 -1.0253E-02
  2.0796E+00  2.1936E+00  2.1936E+00 -9.0877E-03
  2.0942E+00  2.1253E+00  2.1253E+00 -7.9092E-03
  2.1088E+00  2.0553E+00  2.0553E+00 -6.7473E-03
  2.1236E+00  1.9836E+00  1.9836E+00 -5.6292E-03
  2.1384E+00  1.9101E+00  1.9101E+00 -4.5790E-03
  2.1533E+00  1.8351E+00  1.8351E+00 -3.6174E-03
  2.1684E+00  1.7584E+00  1.7584E+00 -2.7610E-03
  2.1836E+00  1.6801E+00  1.6801E+00 -2.0216E-03
  2.1988E+00  1.6003E+00  1.6003E+00 -1.4059E-03
  2.2142E+00  1.5189E+00  1.5189E+00 -9.1547E-04
  2.2297E+00  1.4359E+00  1.4359E+00 -5.4599E-04
  2.2452E+00  1.3516E+00  1.3516E+00 -2.8776E-04
  2.2609E+00  1.2657E+00  1.2657E+00 -1.2576E-04
  2.2767E+00  1.1785E+00  1.1785E+00 -4.0248E-05
  2.2927E+00  1.0899E+00  1.0899E+00 -7.6625E-06
  2.3087E+00  1.0000E+00  1.0000E+00  0.0000E+00
  2.3248E+00  9.0881E-01  9.0881E-01  0.0000E+00
  2.3411E+00  8.1639E-01  8.1639E-01  0.0000E+00
  2.3574E+00  7.2279E-01  7.2279E-01  0.0000E+00
  2.3739E+00  6.2805E-01  6.2805E-01  0.0000E+00
  2.3905E+00  5.3223E-01  5.3223E-01  0.0000E+00
  2.4072E+00  4.3538E-01  4.3538E-01  0.0000E+00
  2.4240E+00  3.3755E-01  3.3755E-01  0.0000E+00
  2.4410E+00  2.3881E-01  2.3881E-01  0.0000E+00
  2.4580E+00  1.3921E-01  1.3921E-01  0.0000E+00
  2.4752E+00  3.8819E-02  3.8819E-02  0.0000E+00
  2.4925E+00 -6.2302E-02 -6.2302E-02  0.0000E+00
  2.5100E+00 -1.6408E-01 -1.6408E-01  0.0000E+00
  2.5275E+00 -2.6646E-01 -2.6646E-01  0.0000E+00
  2.5452E+00 -3.6936E-01 -3.6936E-01  0.0000E+00
  2.5630E+00 -4.7270E-01 -4.7270E-01  0.0000E+00
  2.5809E+00 -5.7642E-01 -5.7642E-01  0.0000E+00
  2.5989E+00 -6.8043E-01 -6.8043E-01  0.0000E+00
  2.6171E+00 -7.8465E-01 -7.8465E-01  0.0000E+00
  2.6354E+00 -8.8899E-01 -8.8899E-01  0.0000E+00
  2.6538E+00 -9.9338E-01 -9.9338E-01  0.0000E+00
  2.6723E+00 -1.0977E+00 -1.0977E+00  0.0000E+00
  2.6910E+00 -1.2019E+00 -1.2019E+00  0.0000E+00
  2.7098E+00 -1.3059E+00 -1.3059E+00  0.0000E+00
  2.7288E+00 -1.4096E+00 -1.4096E+00  0.0000E+00
  2.7478E+00 -1.5128E+00 -1.5128E+00  0.0000E+00
  2.7670E+00 -1.6155E+00 -1.6155E+00  0.0000E+00
  2.7864E+00 -1.7176E+00 -1.7176E+00  0.0000E+00
  2.8059E+00 -1.8189E+00 -1.8189E+00  0.0000E+00
  2.8255E+00 -1.9194E+00 -1.9194E+00  0.0000E+00
  2.8452E+00 -2.0190E+00 -2.0190E+00  0.0000E+00
  2.8651E+00 -2.1175E+00 -2.1175E+00  0.0000E+00
  2.8851E+00 -2.2148E+00 -2.2148E+00  0.0000E+00
  2.9053E+00 -2.3109E+00 -2.3109E+00  0.0000E+00
  2.9256E+00 -2.4055E+00 -2.4055E+00  0.0000E+00
  2.9461E+00 -2.4986E+00 -2.4986E+00  0.0000E+00
  2.9667E+00 -2.5901E+00 -2.5901E+00  0.0000E+00
  2.9874E+00 -2.6797E+00 -2.6797E+00  0.0000E+00
  3.0083E+00 -2.7675E+00 -2.7675E+00  0.0000E+00
  3.0293E+00 -2.8533E+00 -2.8533E+00  0.0000E+00
  3.0505E+00 -2.9369E+00 -2.9369E+00  0.0000E+00
  3.0718E+00 -3.0182E+00 -3.0182E+00  0.0000E+00
  3.0933E+00 -3.0971E+00 -3.0971E+00  0.0000E+00
  3.1149E+00 -3.1734E+00 -3.1734E+00  0.0000E+00
  3.1367E+00 -3.2471E+00 -3.2471E+00  0.0000E+00
  3.1586E+00 -3.3180E+00 -3.3180E+00  0.0000E+00
  3.1807E+00 -3.3859E+00 -3.3859E+00  0.0000E+00
  3.2029E+00 -3.4507E+00 -3.4507E+00  0.0000E+00
  3.2253E+00 -3.5123E+00 -3.5123E+00  0.0000E+00
  3.2478E+00 -3.5705E+00 -3.5705E+00  0.0000E+00
  3.2705E+00 -3.6253E+00 -3.6253E+00  0.0000E+00
