 # l=           3 basis function with energy   -0.262881995996842     
  0.0000E+00  0.0000E+00  0.0000E+00  0.0000E+00
  5.0190E-07 -8.1958E-20  3.0793E-26 -1.7602E-25
  1.0073E-06 -9.6212E-19  4.9961E-25 -2.8551E-24
  1.5162E-06 -4.0847E-18  2.5649E-24 -1.4639E-23
  2.0287E-06 -1.1436E-17  8.2204E-24 -4.6931E-23
  2.5448E-06 -2.5485E-17  2.0352E-23 -1.1620E-22
  3.0645E-06 -4.9161E-17  4.2799E-23 -2.4436E-22
  3.5878E-06 -8.5845E-17  8.0410E-23 -4.5911E-22
  4.1148E-06 -1.3937E-16  1.3912E-22 -7.9442E-22
  4.6455E-06 -2.1400E-16  2.2600E-22 -1.2904E-21
  5.1798E-06 -3.1450E-16  3.4934E-22 -1.9947E-21
  5.7179E-06 -4.4606E-16  5.1873E-22 -2.9620E-21
  6.2598E-06 -6.1437E-16  7.4512E-22 -4.2545E-21
  6.8055E-06 -8.2562E-16  1.0409E-21 -5.9434E-21
  7.3549E-06 -1.0865E-15  1.4200E-21 -8.1081E-21
  7.9082E-06 -1.4041E-15  1.8980E-21 -1.0838E-20
  8.4654E-06 -1.7864E-15  2.4922E-21 -1.4230E-20
  9.0265E-06 -2.2414E-15  3.2215E-21 -1.8394E-20
  9.5915E-06 -2.7782E-15  4.1070E-21 -2.3450E-20
  1.0160E-05 -3.4062E-15  5.1716E-21 -2.9530E-20
  1.0733E-05 -4.1354E-15  6.4405E-21 -3.6774E-20
  1.1310E-05 -4.9765E-15  7.9409E-21 -4.5342E-20
  1.1891E-05 -5.9410E-15  9.7026E-21 -5.5401E-20
  1.2476E-05 -7.0407E-15  1.1758E-20 -6.7134E-20
  1.3065E-05 -8.2886E-15  1.4140E-20 -8.0740E-20
  1.3659E-05 -9.6981E-15  1.6889E-20 -9.6433E-20
  1.4256E-05 -1.1283E-14  2.0043E-20 -1.1444E-19
  1.4857E-05 -1.3059E-14  2.3646E-20 -1.3502E-19
  1.5463E-05 -1.5042E-14  2.7745E-20 -1.5842E-19
  1.6073E-05 -1.7248E-14  3.2388E-20 -1.8493E-19
  1.6687E-05 -1.9694E-14  3.7631E-20 -2.1487E-19
  1.7306E-05 -2.2400E-14  4.3528E-20 -2.4854E-19
  1.7929E-05 -2.5384E-14  5.0141E-20 -2.8630E-19
  1.8556E-05 -2.8667E-14  5.7534E-20 -3.2851E-19
  1.9188E-05 -3.2270E-14  6.5776E-20 -3.7557E-19
  1.9824E-05 -3.6215E-14  7.4941E-20 -4.2790E-19
  2.0464E-05 -4.0527E-14  8.5105E-20 -4.8594E-19
  2.1109E-05 -4.5228E-14  9.6351E-20 -5.5016E-19
  2.1758E-05 -5.0346E-14  1.0877E-19 -6.2105E-19
  2.2412E-05 -5.5906E-14  1.2245E-19 -6.9915E-19
  2.3071E-05 -6.1937E-14  1.3748E-19 -7.8501E-19
  2.3734E-05 -6.8469E-14  1.5399E-19 -8.7924E-19
  2.4402E-05 -7.5531E-14  1.7206E-19 -9.8245E-19
  2.5074E-05 -8.3155E-14  1.9183E-19 -1.0953E-18
  2.5752E-05 -9.1376E-14  2.1340E-19 -1.2185E-18
  2.6433E-05 -1.0023E-13  2.3692E-19 -1.3528E-18
  2.7120E-05 -1.0975E-13  2.6251E-19 -1.4989E-18
  2.7812E-05 -1.1997E-13  2.9033E-19 -1.6577E-18
  2.8508E-05 -1.3094E-13  3.2051E-19 -1.8301E-18
  2.9209E-05 -1.4270E-13  3.5323E-19 -2.0169E-18
  2.9915E-05 -1.5528E-13  3.8864E-19 -2.2191E-18
  3.0626E-05 -1.6874E-13  4.2692E-19 -2.4377E-18
  3.1342E-05 -1.8311E-13  4.6827E-19 -2.6738E-18
  3.2063E-05 -1.9846E-13  5.1286E-19 -2.9284E-18
  3.2789E-05 -2.1482E-13  5.6092E-19 -3.2028E-18
  3.3520E-05 -2.3225E-13  6.1264E-19 -3.4981E-18
  3.4256E-05 -2.5081E-13  6.6826E-19 -3.8157E-18
  3.4998E-05 -2.7055E-13  7.2801E-19 -4.1569E-18
  3.5744E-05 -2.9154E-13  7.9214E-19 -4.5230E-18
  3.6496E-05 -3.1382E-13  8.6091E-19 -4.9157E-18
  3.7253E-05 -3.3747E-13  9.3459E-19 -5.3364E-18
  3.8015E-05 -3.6255E-13  1.0135E-18 -5.7868E-18
  3.8783E-05 -3.8913E-13  1.0978E-18 -6.2685E-18
  3.9556E-05 -4.1728E-13  1.1880E-18 -6.7834E-18
  4.0334E-05 -4.4707E-13  1.2843E-18 -7.3333E-18
  4.1118E-05 -4.7859E-13  1.3871E-18 -7.9202E-18
  4.1907E-05 -5.1190E-13  1.4967E-18 -8.5461E-18
  4.2702E-05 -5.4710E-13  1.6135E-18 -9.2131E-18
  4.3502E-05 -5.8427E-13  1.7380E-18 -9.9235E-18
  4.4308E-05 -6.2349E-13  1.8704E-18 -1.0680E-17
  4.5120E-05 -6.6487E-13  2.0112E-18 -1.1484E-17
  4.5937E-05 -7.0848E-13  2.1609E-18 -1.2339E-17
  4.6760E-05 -7.5444E-13  2.3200E-18 -1.3247E-17
  4.7589E-05 -8.0285E-13  2.4889E-18 -1.4211E-17
  4.8423E-05 -8.5381E-13  2.6681E-18 -1.5235E-17
  4.9264E-05 -9.0743E-13  2.8582E-18 -1.6320E-17
  5.0110E-05 -9.6383E-13  3.0597E-18 -1.7471E-17
  5.0962E-05 -1.0231E-12  3.2732E-18 -1.8690E-17
  5.1820E-05 -1.0854E-12  3.4993E-18 -1.9981E-17
  5.2684E-05 -1.1509E-12  3.7386E-18 -2.1347E-17
  5.3555E-05 -1.2196E-12  3.9918E-18 -2.2793E-17
  5.4431E-05 -1.2917E-12  4.2595E-18 -2.4321E-17
  5.5313E-05 -1.3674E-12  4.5425E-18 -2.5937E-17
  5.6202E-05 -1.4468E-12  4.8415E-18 -2.7644E-17
  5.7096E-05 -1.5300E-12  5.1573E-18 -2.9447E-17
  5.7997E-05 -1.6172E-12  5.4906E-18 -3.1350E-17
  5.8905E-05 -1.7086E-12  5.8423E-18 -3.3359E-17
  5.9818E-05 -1.8043E-12  6.2133E-18 -3.5477E-17
  6.0738E-05 -1.9045E-12  6.6044E-18 -3.7710E-17
  6.1665E-05 -2.0093E-12  7.0167E-18 -4.0064E-17
  6.2598E-05 -2.1191E-12  7.4510E-18 -4.2544E-17
  6.3537E-05 -2.2339E-12  7.9085E-18 -4.5156E-17
  6.4483E-05 -2.3539E-12  8.3901E-18 -4.7906E-17
  6.5436E-05 -2.4794E-12  8.8970E-18 -5.0801E-17
  6.6395E-05 -2.6105E-12  9.4303E-18 -5.3846E-17
  6.7361E-05 -2.7475E-12  9.9911E-18 -5.7048E-17
  6.8334E-05 -2.8907E-12  1.0581E-17 -6.0416E-17
  6.9313E-05 -3.0401E-12  1.1201E-17 -6.3955E-17
  7.0299E-05 -3.1962E-12  1.1852E-17 -6.7674E-17
  7.1293E-05 -3.3590E-12  1.2536E-17 -7.1580E-17
  7.2293E-05 -3.5289E-12  1.3255E-17 -7.5683E-17
  7.3300E-05 -3.7062E-12  1.4009E-17 -7.9989E-17
  7.4314E-05 -3.8911E-12  1.4800E-17 -8.4509E-17
  7.5336E-05 -4.0838E-12  1.5631E-17 -8.9251E-17
  7.6364E-05 -4.2848E-12  1.6502E-17 -9.4226E-17
  7.7400E-05 -4.4942E-12  1.7416E-17 -9.9442E-17
  7.8443E-05 -4.7124E-12  1.8374E-17 -1.0491E-16
  7.9493E-05 -4.9398E-12  1.9378E-17 -1.1064E-16
  8.0550E-05 -5.1766E-12  2.0429E-17 -1.1665E-16
  8.1615E-05 -5.4232E-12  2.1531E-17 -1.2294E-16
  8.2688E-05 -5.6799E-12  2.2685E-17 -1.2953E-16
  8.3768E-05 -5.9471E-12  2.3894E-17 -1.3643E-16
  8.4855E-05 -6.2252E-12  2.5159E-17 -1.4365E-16
  8.5950E-05 -6.5145E-12  2.6483E-17 -1.5121E-16
  8.7053E-05 -6.8155E-12  2.7868E-17 -1.5913E-16
  8.8163E-05 -7.1286E-12  2.9318E-17 -1.6740E-16
  8.9281E-05 -7.4542E-12  3.0833E-17 -1.7606E-16
  9.0407E-05 -7.7927E-12  3.2418E-17 -1.8511E-16
  9.1541E-05 -8.1446E-12  3.4076E-17 -1.9457E-16
  9.2683E-05 -8.5104E-12  3.5808E-17 -2.0446E-16
  9.3832E-05 -8.8905E-12  3.7618E-17 -2.1479E-16
  9.4990E-05 -9.2854E-12  3.9509E-17 -2.2559E-16
  9.6156E-05 -9.6957E-12  4.1485E-17 -2.3687E-16
  9.7330E-05 -1.0122E-11  4.3548E-17 -2.4865E-16
  9.8512E-05 -1.0564E-11  4.5703E-17 -2.6096E-16
  9.9702E-05 -1.1024E-11  4.7952E-17 -2.7380E-16
  1.0090E-04 -1.1501E-11  5.0300E-17 -2.8721E-16
  1.0211E-04 -1.1996E-11  5.2751E-17 -3.0120E-16
  1.0332E-04 -1.2510E-11  5.5308E-17 -3.1580E-16
  1.0455E-04 -1.3044E-11  5.7976E-17 -3.3104E-16
  1.0578E-04 -1.3597E-11  6.0759E-17 -3.4693E-16
  1.0702E-04 -1.4171E-11  6.3661E-17 -3.6350E-16
  1.0827E-04 -1.4767E-11  6.6688E-17 -3.8078E-16
  1.0953E-04 -1.5384E-11  6.9844E-17 -3.9880E-16
  1.1080E-04 -1.6025E-11  7.3133E-17 -4.1758E-16
  1.1207E-04 -1.6689E-11  7.6562E-17 -4.3716E-16
  1.1336E-04 -1.7378E-11  8.0134E-17 -4.5756E-16
  1.1465E-04 -1.8092E-11  8.3857E-17 -4.7881E-16
  1.1596E-04 -1.8831E-11  8.7735E-17 -5.0096E-16
  1.1727E-04 -1.9598E-11  9.1775E-17 -5.2403E-16
  1.1859E-04 -2.0393E-11  9.5983E-17 -5.4805E-16
  1.1992E-04 -2.1216E-11  1.0036E-16 -5.7307E-16
  1.2126E-04 -2.2069E-11  1.0493E-16 -5.9912E-16
  1.2261E-04 -2.2952E-11  1.0968E-16 -6.2623E-16
  1.2397E-04 -2.3867E-11  1.1462E-16 -6.5446E-16
  1.2534E-04 -2.4815E-11  1.1976E-16 -6.8384E-16
  1.2672E-04 -2.5796E-11  1.2512E-16 -7.1441E-16
  1.2810E-04 -2.6812E-11  1.3069E-16 -7.4622E-16
  1.2950E-04 -2.7864E-11  1.3649E-16 -7.7932E-16
  1.3091E-04 -2.8953E-11  1.4251E-16 -8.1374E-16
  1.3233E-04 -3.0080E-11  1.4879E-16 -8.4955E-16
  1.3375E-04 -3.1247E-11  1.5531E-16 -8.8679E-16
  1.3519E-04 -3.2454E-11  1.6209E-16 -9.2551E-16
  1.3664E-04 -3.3703E-11  1.6914E-16 -9.6577E-16
  1.3809E-04 -3.4996E-11  1.7647E-16 -1.0076E-15
  1.3956E-04 -3.6333E-11  1.8409E-16 -1.0511E-15
  1.4104E-04 -3.7716E-11  1.9201E-16 -1.0964E-15
  1.4253E-04 -3.9147E-11  2.0024E-16 -1.1433E-15
  1.4402E-04 -4.0626E-11  2.0879E-16 -1.1922E-15
  1.4553E-04 -4.2157E-11  2.1768E-16 -1.2429E-15
  1.4705E-04 -4.3739E-11  2.2691E-16 -1.2956E-15
  1.4858E-04 -4.5376E-11  2.3650E-16 -1.3504E-15
  1.5012E-04 -4.7067E-11  2.4646E-16 -1.4073E-15
  1.5167E-04 -4.8816E-11  2.5681E-16 -1.4663E-15
  1.5323E-04 -5.0624E-11  2.6755E-16 -1.5277E-15
  1.5481E-04 -5.2493E-11  2.7871E-16 -1.5914E-15
  1.5639E-04 -5.4424E-11  2.9029E-16 -1.6575E-15
  1.5799E-04 -5.6420E-11  3.0232E-16 -1.7262E-15
  1.5959E-04 -5.8483E-11  3.1480E-16 -1.7975E-15
  1.6121E-04 -6.0615E-11  3.2775E-16 -1.8714E-15
  1.6284E-04 -6.2817E-11  3.4120E-16 -1.9482E-15
  1.6448E-04 -6.5092E-11  3.5516E-16 -2.0279E-15
  1.6613E-04 -6.7442E-11  3.6964E-16 -2.1106E-15
  1.6779E-04 -6.9870E-11  3.8466E-16 -2.1964E-15
  1.6947E-04 -7.2378E-11  4.0025E-16 -2.2854E-15
  1.7115E-04 -7.4968E-11  4.1642E-16 -2.3777E-15
  1.7285E-04 -7.7643E-11  4.3320E-16 -2.4735E-15
  1.7456E-04 -8.0405E-11  4.5060E-16 -2.5728E-15
  1.7628E-04 -8.3258E-11  4.6864E-16 -2.6759E-15
  1.7802E-04 -8.6203E-11  4.8735E-16 -2.7827E-15
  1.7976E-04 -8.9243E-11  5.0676E-16 -2.8935E-15
  1.8152E-04 -9.2383E-11  5.2688E-16 -3.0084E-15
  1.8329E-04 -9.5623E-11  5.4774E-16 -3.1275E-15
  1.8508E-04 -9.8969E-11  5.6937E-16 -3.2510E-15
  1.8687E-04 -1.0242E-10  5.9178E-16 -3.3790E-15
  1.8868E-04 -1.0599E-10  6.1502E-16 -3.5117E-15
  1.9050E-04 -1.0966E-10  6.3911E-16 -3.6492E-15
  1.9233E-04 -1.1346E-10  6.6407E-16 -3.7917E-15
  1.9418E-04 -1.1738E-10  6.8993E-16 -3.9394E-15
  1.9604E-04 -1.2142E-10  7.1674E-16 -4.0925E-15
  1.9791E-04 -1.2559E-10  7.4451E-16 -4.2511E-15
  1.9980E-04 -1.2989E-10  7.7329E-16 -4.4154E-15
  2.0170E-04 -1.3433E-10  8.0310E-16 -4.5856E-15
  2.0361E-04 -1.3891E-10  8.3398E-16 -4.7619E-15
  2.0553E-04 -1.4363E-10  8.6597E-16 -4.9446E-15
  2.0747E-04 -1.4851E-10  8.9911E-16 -5.1338E-15
  2.0942E-04 -1.5353E-10  9.3343E-16 -5.3298E-15
  2.1139E-04 -1.5871E-10  9.6897E-16 -5.5327E-15
  2.1337E-04 -1.6406E-10  1.0058E-15 -5.7428E-15
  2.1536E-04 -1.6957E-10  1.0439E-15 -5.9605E-15
  2.1737E-04 -1.7526E-10  1.0833E-15 -6.1858E-15
  2.1939E-04 -1.8112E-10  1.1242E-15 -6.4191E-15
  2.2142E-04 -1.8716E-10  1.1665E-15 -6.6607E-15
  2.2347E-04 -1.9340E-10  1.2103E-15 -6.9107E-15
  2.2554E-04 -1.9982E-10  1.2556E-15 -7.1696E-15
  2.2762E-04 -2.0645E-10  1.3026E-15 -7.4375E-15
  2.2971E-04 -2.1327E-10  1.3511E-15 -7.7148E-15
  2.3182E-04 -2.2031E-10  1.4014E-15 -8.0019E-15
  2.3394E-04 -2.2757E-10  1.4534E-15 -8.2989E-15
  2.3608E-04 -2.3505E-10  1.5073E-15 -8.6064E-15
  2.3823E-04 -2.4276E-10  1.5630E-15 -8.9245E-15
  2.4039E-04 -2.5070E-10  1.6206E-15 -9.2537E-15
  2.4258E-04 -2.5889E-10  1.6803E-15 -9.5943E-15
  2.4477E-04 -2.6733E-10  1.7420E-15 -9.9467E-15
  2.4699E-04 -2.7603E-10  1.8059E-15 -1.0311E-14
  2.4922E-04 -2.8499E-10  1.8719E-15 -1.0688E-14
  2.5146E-04 -2.9422E-10  1.9402E-15 -1.1079E-14
  2.5372E-04 -3.0373E-10  2.0109E-15 -1.1482E-14
  2.5599E-04 -3.1354E-10  2.0840E-15 -1.1900E-14
  2.5829E-04 -3.2363E-10  2.1597E-15 -1.2331E-14
  2.6059E-04 -3.3404E-10  2.2379E-15 -1.2778E-14
  2.6292E-04 -3.4476E-10  2.3187E-15 -1.3240E-14
  2.6526E-04 -3.5580E-10  2.4024E-15 -1.3717E-14
  2.6761E-04 -3.6717E-10  2.4889E-15 -1.4211E-14
  2.6998E-04 -3.7889E-10  2.5783E-15 -1.4722E-14
  2.7237E-04 -3.9095E-10  2.6708E-15 -1.5250E-14
  2.7478E-04 -4.0338E-10  2.7664E-15 -1.5796E-14
  2.7720E-04 -4.1618E-10  2.8653E-15 -1.6360E-14
  2.7964E-04 -4.2937E-10  2.9675E-15 -1.6944E-14
  2.8210E-04 -4.4295E-10  3.0731E-15 -1.7547E-14
  2.8457E-04 -4.5693E-10  3.1823E-15 -1.8171E-14
  2.8706E-04 -4.7133E-10  3.2952E-15 -1.8815E-14
  2.8957E-04 -4.8616E-10  3.4119E-15 -1.9482E-14
  2.9210E-04 -5.0142E-10  3.5325E-15 -2.0170E-14
  2.9464E-04 -5.1714E-10  3.6572E-15 -2.0882E-14
  2.9720E-04 -5.3333E-10  3.7860E-15 -2.1618E-14
  2.9978E-04 -5.5000E-10  3.9192E-15 -2.2378E-14
  3.0238E-04 -5.6716E-10  4.0568E-15 -2.3164E-14
  3.0499E-04 -5.8482E-10  4.1989E-15 -2.3975E-14
  3.0763E-04 -6.0301E-10  4.3459E-15 -2.4814E-14
  3.1028E-04 -6.2173E-10  4.4977E-15 -2.5681E-14
  3.1295E-04 -6.4100E-10  4.6545E-15 -2.6577E-14
  3.1564E-04 -6.6084E-10  4.8166E-15 -2.7502E-14
  3.1835E-04 -6.8126E-10  4.9840E-15 -2.8458E-14
  3.2107E-04 -7.0228E-10  5.1570E-15 -2.9446E-14
  3.2382E-04 -7.2392E-10  5.3357E-15 -3.0466E-14
  3.2658E-04 -7.4618E-10  5.5203E-15 -3.1520E-14
  3.2937E-04 -7.6910E-10  5.7110E-15 -3.2609E-14
  3.3217E-04 -7.9269E-10  5.9080E-15 -3.3734E-14
  3.3500E-04 -8.1697E-10  6.1115E-15 -3.4896E-14
  3.3784E-04 -8.4195E-10  6.3216E-15 -3.6096E-14
  3.4070E-04 -8.6766E-10  6.5387E-15 -3.7335E-14
  3.4359E-04 -8.9411E-10  6.7628E-15 -3.8615E-14
  3.4649E-04 -9.2134E-10  6.9943E-15 -3.9937E-14
  3.4941E-04 -9.4935E-10  7.2334E-15 -4.1302E-14
  3.5236E-04 -9.7818E-10  7.4803E-15 -4.2712E-14
  3.5532E-04 -1.0078E-09  7.7353E-15 -4.4167E-14
  3.5831E-04 -1.0384E-09  7.9985E-15 -4.5671E-14
  3.6131E-04 -1.0698E-09  8.2704E-15 -4.7223E-14
  3.6434E-04 -1.1021E-09  8.5511E-15 -4.8826E-14
  3.6739E-04 -1.1353E-09  8.8409E-15 -5.0480E-14
  3.7046E-04 -1.1695E-09  9.1401E-15 -5.2189E-14
  3.7355E-04 -1.2047E-09  9.4490E-15 -5.3953E-14
  3.7666E-04 -1.2409E-09  9.7679E-15 -5.5774E-14
  3.7980E-04 -1.2781E-09  1.0097E-14 -5.7653E-14
  3.8296E-04 -1.3164E-09  1.0437E-14 -5.9594E-14
  3.8613E-04 -1.3558E-09  1.0788E-14 -6.1597E-14
  3.8933E-04 -1.3963E-09  1.1150E-14 -6.3665E-14
  3.9256E-04 -1.4380E-09  1.1524E-14 -6.5800E-14
  3.9580E-04 -1.4809E-09  1.1910E-14 -6.8003E-14
  3.9907E-04 -1.5250E-09  1.2308E-14 -7.0278E-14
  4.0236E-04 -1.5703E-09  1.2719E-14 -7.2625E-14
  4.0568E-04 -1.6170E-09  1.3143E-14 -7.5047E-14
  4.0901E-04 -1.6649E-09  1.3581E-14 -7.7548E-14
  4.1238E-04 -1.7143E-09  1.4033E-14 -8.0128E-14
  4.1576E-04 -1.7650E-09  1.4500E-14 -8.2791E-14
  4.1917E-04 -1.8172E-09  1.4981E-14 -8.5539E-14
  4.2260E-04 -1.8709E-09  1.5477E-14 -8.8375E-14
  4.2605E-04 -1.9261E-09  1.5990E-14 -9.1301E-14
  4.2953E-04 -1.9829E-09  1.6519E-14 -9.4320E-14
  4.3304E-04 -2.0412E-09  1.7064E-14 -9.7436E-14
  4.3657E-04 -2.1012E-09  1.7628E-14 -1.0065E-13
  4.4012E-04 -2.1630E-09  1.8208E-14 -1.0397E-13
  4.4370E-04 -2.2264E-09  1.8808E-14 -1.0739E-13
  4.4730E-04 -2.2917E-09  1.9426E-14 -1.1092E-13
  4.5093E-04 -2.3588E-09  2.0064E-14 -1.1456E-13
  4.5458E-04 -2.4278E-09  2.0723E-14 -1.1832E-13
  4.5826E-04 -2.4987E-09  2.1402E-14 -1.2220E-13
  4.6197E-04 -2.5716E-09  2.2102E-14 -1.2620E-13
  4.6570E-04 -2.6466E-09  2.2825E-14 -1.3033E-13
  4.6946E-04 -2.7237E-09  2.3570E-14 -1.3458E-13
  4.7324E-04 -2.8029E-09  2.4339E-14 -1.3897E-13
  4.7705E-04 -2.8844E-09  2.5133E-14 -1.4350E-13
  4.8089E-04 -2.9681E-09  2.5951E-14 -1.4818E-13
  4.8475E-04 -3.0542E-09  2.6795E-14 -1.5300E-13
  4.8864E-04 -3.1428E-09  2.7665E-14 -1.5797E-13
  4.9256E-04 -3.2338E-09  2.8563E-14 -1.6309E-13
  4.9650E-04 -3.3273E-09  2.9489E-14 -1.6838E-13
  5.0047E-04 -3.4235E-09  3.0444E-14 -1.7383E-13
  5.0447E-04 -3.5223E-09  3.1429E-14 -1.7946E-13
  5.0850E-04 -3.6239E-09  3.2445E-14 -1.8526E-13
  5.1256E-04 -3.7283E-09  3.3493E-14 -1.9124E-13
  5.1664E-04 -3.8357E-09  3.4573E-14 -1.9741E-13
  5.2075E-04 -3.9460E-09  3.5688E-14 -2.0377E-13
  5.2490E-04 -4.0594E-09  3.6836E-14 -2.1033E-13
  5.2907E-04 -4.1760E-09  3.8021E-14 -2.1710E-13
  5.3327E-04 -4.2958E-09  3.9243E-14 -2.2407E-13
  5.3750E-04 -4.4189E-09  4.0503E-14 -2.3127E-13
  5.4175E-04 -4.5455E-09  4.1802E-14 -2.3868E-13
  5.4604E-04 -4.6755E-09  4.3141E-14 -2.4633E-13
  5.5036E-04 -4.8092E-09  4.4522E-14 -2.5422E-13
  5.5471E-04 -4.9466E-09  4.5946E-14 -2.6235E-13
  5.5909E-04 -5.0878E-09  4.7414E-14 -2.7073E-13
  5.6350E-04 -5.2329E-09  4.8928E-14 -2.7937E-13
  5.6794E-04 -5.3820E-09  5.0489E-14 -2.8828E-13
  5.7241E-04 -5.5352E-09  5.2098E-14 -2.9747E-13
  5.7691E-04 -5.6927E-09  5.3756E-14 -3.0694E-13
  5.8145E-04 -5.8545E-09  5.5466E-14 -3.1671E-13
  5.8601E-04 -6.0208E-09  5.7229E-14 -3.2677E-13
  5.9061E-04 -6.1917E-09  5.9047E-14 -3.3715E-13
  5.9524E-04 -6.3673E-09  6.0920E-14 -3.4785E-13
  5.9990E-04 -6.5477E-09  6.2851E-14 -3.5887E-13
  6.0460E-04 -6.7331E-09  6.4842E-14 -3.7024E-13
  6.0933E-04 -6.9236E-09  6.6894E-14 -3.8196E-13
  6.1409E-04 -7.1194E-09  6.9009E-14 -3.9404E-13
  6.1888E-04 -7.3205E-09  7.1190E-14 -4.0648E-13
  6.2371E-04 -7.5272E-09  7.3437E-14 -4.1932E-13
  6.2857E-04 -7.7396E-09  7.5754E-14 -4.3254E-13
  6.3347E-04 -7.9577E-09  7.8141E-14 -4.4618E-13
  6.3840E-04 -8.1819E-09  8.0602E-14 -4.6023E-13
  6.4336E-04 -8.4122E-09  8.3138E-14 -4.7471E-13
  6.4836E-04 -8.6489E-09  8.5752E-14 -4.8964E-13
  6.5339E-04 -8.8920E-09  8.8447E-14 -5.0502E-13
  6.5846E-04 -9.1418E-09  9.1223E-14 -5.2087E-13
  6.6357E-04 -9.3984E-09  9.4085E-14 -5.3721E-13
  6.6871E-04 -9.6621E-09  9.7034E-14 -5.5405E-13
  6.7388E-04 -9.9329E-09  1.0007E-13 -5.7141E-13
  6.7909E-04 -1.0211E-08  1.0321E-13 -5.8929E-13
  6.8434E-04 -1.0497E-08  1.0643E-13 -6.0772E-13
  6.8963E-04 -1.0791E-08  1.0976E-13 -6.2671E-13
  6.9495E-04 -1.1093E-08  1.1319E-13 -6.4629E-13
  7.0031E-04 -1.1402E-08  1.1672E-13 -6.6645E-13
  7.0571E-04 -1.1721E-08  1.2036E-13 -6.8724E-13
  7.1114E-04 -1.2048E-08  1.2411E-13 -7.0865E-13
  7.1661E-04 -1.2384E-08  1.2797E-13 -7.3072E-13
  7.2212E-04 -1.2729E-08  1.3196E-13 -7.5345E-13
  7.2767E-04 -1.3084E-08  1.3606E-13 -7.7688E-13
  7.3326E-04 -1.3448E-08  1.4029E-13 -8.0102E-13
  7.3889E-04 -1.3822E-08  1.4464E-13 -8.2590E-13
  7.4455E-04 -1.4206E-08  1.4913E-13 -8.5152E-13
  7.5026E-04 -1.4601E-08  1.5376E-13 -8.7793E-13
  7.5601E-04 -1.5007E-08  1.5852E-13 -9.0513E-13
  7.6179E-04 -1.5423E-08  1.6343E-13 -9.3316E-13
  7.6762E-04 -1.5851E-08  1.6849E-13 -9.6204E-13
  7.7349E-04 -1.6291E-08  1.7370E-13 -9.9179E-13
  7.7939E-04 -1.6742E-08  1.7907E-13 -1.0224E-12
  7.8534E-04 -1.7206E-08  1.8460E-13 -1.0540E-12
  7.9133E-04 -1.7682E-08  1.9029E-13 -1.0866E-12
  7.9737E-04 -1.8171E-08  1.9616E-13 -1.1201E-12
  8.0344E-04 -1.8673E-08  2.0221E-13 -1.1546E-12
  8.0956E-04 -1.9189E-08  2.0844E-13 -1.1902E-12
  8.1572E-04 -1.9719E-08  2.1486E-13 -1.2268E-12
  8.2192E-04 -2.0264E-08  2.2147E-13 -1.2646E-12
  8.2817E-04 -2.0823E-08  2.2828E-13 -1.3034E-12
  8.3446E-04 -2.1397E-08  2.3529E-13 -1.3435E-12
  8.4080E-04 -2.1987E-08  2.4252E-13 -1.3848E-12
  8.4717E-04 -2.2592E-08  2.4996E-13 -1.4273E-12
  8.5360E-04 -2.3214E-08  2.5763E-13 -1.4710E-12
  8.6007E-04 -2.3853E-08  2.6553E-13 -1.5161E-12
  8.6658E-04 -2.4509E-08  2.7366E-13 -1.5626E-12
  8.7314E-04 -2.5183E-08  2.8204E-13 -1.6104E-12
  8.7974E-04 -2.5875E-08  2.9067E-13 -1.6597E-12
  8.8639E-04 -2.6586E-08  2.9957E-13 -1.7105E-12
  8.9309E-04 -2.7315E-08  3.0872E-13 -1.7628E-12
  8.9984E-04 -2.8065E-08  3.1815E-13 -1.8166E-12
  9.0663E-04 -2.8835E-08  3.2787E-13 -1.8721E-12
  9.1347E-04 -2.9625E-08  3.3787E-13 -1.9292E-12
  9.2035E-04 -3.0437E-08  3.4818E-13 -1.9881E-12
  9.2729E-04 -3.1270E-08  3.5879E-13 -2.0487E-12
  9.3427E-04 -3.2126E-08  3.6972E-13 -2.1111E-12
  9.4130E-04 -3.3005E-08  3.8098E-13 -2.1753E-12
  9.4838E-04 -3.3908E-08  3.9257E-13 -2.2415E-12
  9.5551E-04 -3.4835E-08  4.0451E-13 -2.3097E-12
  9.6269E-04 -3.5787E-08  4.1681E-13 -2.3799E-12
  9.6993E-04 -3.6765E-08  4.2948E-13 -2.4523E-12
  9.7721E-04 -3.7769E-08  4.4252E-13 -2.5267E-12
  9.8454E-04 -3.8799E-08  4.5595E-13 -2.6034E-12
  9.9192E-04 -3.9858E-08  4.6978E-13 -2.6824E-12
  9.9936E-04 -4.0945E-08  4.8403E-13 -2.7637E-12
  1.0068E-03 -4.2061E-08  4.9869E-13 -2.8475E-12
  1.0144E-03 -4.3207E-08  5.1380E-13 -2.9337E-12
  1.0220E-03 -4.4384E-08  5.2935E-13 -3.0226E-12
  1.0296E-03 -4.5592E-08  5.4537E-13 -3.1140E-12
  1.0373E-03 -4.6833E-08  5.6187E-13 -3.2082E-12
  1.0451E-03 -4.8107E-08  5.7885E-13 -3.3052E-12
  1.0529E-03 -4.9415E-08  5.9634E-13 -3.4051E-12
  1.0607E-03 -5.0759E-08  6.1435E-13 -3.5079E-12
  1.0687E-03 -5.2138E-08  6.3290E-13 -3.6138E-12
  1.0766E-03 -5.3554E-08  6.5200E-13 -3.7228E-12
  1.0847E-03 -5.5008E-08  6.7166E-13 -3.8351E-12
  1.0927E-03 -5.6502E-08  6.9191E-13 -3.9507E-12
  1.1009E-03 -5.8035E-08  7.1275E-13 -4.0697E-12
  1.1091E-03 -5.9609E-08  7.3422E-13 -4.1923E-12
  1.1173E-03 -6.1225E-08  7.5632E-13 -4.3185E-12
  1.1256E-03 -6.2884E-08  7.7908E-13 -4.4484E-12
  1.1340E-03 -6.4588E-08  8.0251E-13 -4.5822E-12
  1.1424E-03 -6.6338E-08  8.2663E-13 -4.7200E-12
  1.1509E-03 -6.8134E-08  8.5147E-13 -4.8618E-12
  1.1595E-03 -6.9978E-08  8.7704E-13 -5.0078E-12
  1.1681E-03 -7.1871E-08  9.0338E-13 -5.1582E-12
  1.1767E-03 -7.3815E-08  9.3048E-13 -5.3130E-12
  1.1855E-03 -7.5811E-08  9.5840E-13 -5.4723E-12
  1.1943E-03 -7.7861E-08  9.8713E-13 -5.6364E-12
  1.2031E-03 -7.9964E-08  1.0167E-12 -5.8053E-12
  1.2120E-03 -8.2125E-08  1.0472E-12 -5.9792E-12
  1.2210E-03 -8.4342E-08  1.0785E-12 -6.1583E-12
  1.2300E-03 -8.6619E-08  1.1108E-12 -6.3426E-12
  1.2391E-03 -8.8957E-08  1.1441E-12 -6.5324E-12
  1.2483E-03 -9.1357E-08  1.1783E-12 -6.7278E-12
  1.2575E-03 -9.3821E-08  1.2135E-12 -6.9289E-12
  1.2668E-03 -9.6351E-08  1.2498E-12 -7.1360E-12
  1.2762E-03 -9.8948E-08  1.2871E-12 -7.3491E-12
  1.2856E-03 -1.0161E-07  1.3255E-12 -7.5686E-12
  1.2951E-03 -1.0435E-07  1.3651E-12 -7.7945E-12
  1.3046E-03 -1.0716E-07  1.4058E-12 -8.0271E-12
  1.3142E-03 -1.1005E-07  1.4477E-12 -8.2665E-12
  1.3239E-03 -1.1301E-07  1.4909E-12 -8.5129E-12
  1.3337E-03 -1.1605E-07  1.5353E-12 -8.7666E-12
  1.3435E-03 -1.1917E-07  1.5811E-12 -9.0278E-12
  1.3534E-03 -1.2238E-07  1.6282E-12 -9.2966E-12
  1.3634E-03 -1.2567E-07  1.6766E-12 -9.5734E-12
  1.3734E-03 -1.2904E-07  1.7265E-12 -9.8583E-12
  1.3835E-03 -1.3251E-07  1.7779E-12 -1.0151E-11
  1.3937E-03 -1.3607E-07  1.8307E-12 -1.0453E-11
  1.4039E-03 -1.3973E-07  1.8852E-12 -1.0764E-11
  1.4142E-03 -1.4348E-07  1.9412E-12 -1.1084E-11
  1.4246E-03 -1.4733E-07  1.9988E-12 -1.1413E-11
  1.4351E-03 -1.5128E-07  2.0582E-12 -1.1752E-11
  1.4456E-03 -1.5534E-07  2.1193E-12 -1.2101E-11
  1.4562E-03 -1.5951E-07  2.1822E-12 -1.2460E-11
  1.4669E-03 -1.6379E-07  2.2469E-12 -1.2829E-11
  1.4777E-03 -1.6818E-07  2.3135E-12 -1.3210E-11
  1.4885E-03 -1.7269E-07  2.3821E-12 -1.3601E-11
  1.4994E-03 -1.7731E-07  2.4527E-12 -1.4004E-11
  1.5104E-03 -1.8206E-07  2.5253E-12 -1.4419E-11
  1.5214E-03 -1.8694E-07  2.6001E-12 -1.4846E-11
  1.5326E-03 -1.9195E-07  2.6771E-12 -1.5286E-11
  1.5438E-03 -1.9709E-07  2.7563E-12 -1.5738E-11
  1.5551E-03 -2.0236E-07  2.8378E-12 -1.6204E-11
  1.5664E-03 -2.0778E-07  2.9217E-12 -1.6683E-11
  1.5779E-03 -2.1333E-07  3.0081E-12 -1.7176E-11
  1.5894E-03 -2.1904E-07  3.0970E-12 -1.7684E-11
  1.6010E-03 -2.2490E-07  3.1885E-12 -1.8206E-11
  1.6127E-03 -2.3091E-07  3.2827E-12 -1.8744E-11
  1.6245E-03 -2.3708E-07  3.3796E-12 -1.9297E-11
  1.6364E-03 -2.4342E-07  3.4793E-12 -1.9867E-11
  1.6483E-03 -2.4992E-07  3.5820E-12 -2.0453E-11
  1.6603E-03 -2.5660E-07  3.6876E-12 -2.1056E-11
  1.6724E-03 -2.6345E-07  3.7964E-12 -2.1677E-11
  1.6846E-03 -2.7049E-07  3.9083E-12 -2.2316E-11
  1.6969E-03 -2.7771E-07  4.0235E-12 -2.2974E-11
  1.7093E-03 -2.8512E-07  4.1420E-12 -2.3650E-11
  1.7217E-03 -2.9273E-07  4.2640E-12 -2.4347E-11
  1.7342E-03 -3.0054E-07  4.3896E-12 -2.5064E-11
  1.7469E-03 -3.0856E-07  4.5188E-12 -2.5802E-11
  1.7596E-03 -3.1679E-07  4.6517E-12 -2.6561E-11
  1.7724E-03 -3.2523E-07  4.7886E-12 -2.7342E-11
  1.7853E-03 -3.3390E-07  4.9294E-12 -2.8146E-11
  1.7982E-03 -3.4280E-07  5.0744E-12 -2.8974E-11
  1.8113E-03 -3.5194E-07  5.2235E-12 -2.9826E-11
  1.8245E-03 -3.6132E-07  5.3770E-12 -3.0702E-11
  1.8377E-03 -3.7094E-07  5.5350E-12 -3.1604E-11
  1.8511E-03 -3.8082E-07  5.6975E-12 -3.2532E-11
  1.8645E-03 -3.9097E-07  5.8648E-12 -3.3487E-11
  1.8781E-03 -4.0138E-07  6.0369E-12 -3.4470E-11
  1.8917E-03 -4.1206E-07  6.2141E-12 -3.5482E-11
  1.9054E-03 -4.2303E-07  6.3964E-12 -3.6523E-11
  1.9192E-03 -4.3429E-07  6.5840E-12 -3.7594E-11
  1.9331E-03 -4.4584E-07  6.7771E-12 -3.8696E-11
  1.9472E-03 -4.5770E-07  6.9757E-12 -3.9831E-11
  1.9613E-03 -4.6988E-07  7.1801E-12 -4.0998E-11
  1.9755E-03 -4.8237E-07  7.3905E-12 -4.2199E-11
  1.9898E-03 -4.9520E-07  7.6070E-12 -4.3435E-11
  2.0042E-03 -5.0837E-07  7.8297E-12 -4.4707E-11
  2.0187E-03 -5.2188E-07  8.0590E-12 -4.6016E-11
  2.0333E-03 -5.3575E-07  8.2948E-12 -4.7363E-11
  2.0480E-03 -5.4998E-07  8.5376E-12 -4.8749E-11
  2.0629E-03 -5.6460E-07  8.7873E-12 -5.0175E-11
  2.0778E-03 -5.7960E-07  9.0443E-12 -5.1642E-11
  2.0928E-03 -5.9499E-07  9.3088E-12 -5.3152E-11
  2.1079E-03 -6.1079E-07  9.5809E-12 -5.4706E-11
  2.1232E-03 -6.2701E-07  9.8609E-12 -5.6305E-11
  2.1385E-03 -6.4365E-07  1.0149E-11 -5.7950E-11
  2.1540E-03 -6.6074E-07  1.0445E-11 -5.9643E-11
  2.1695E-03 -6.7828E-07  1.0751E-11 -6.1384E-11
  2.1852E-03 -6.9628E-07  1.1064E-11 -6.3177E-11
  2.2010E-03 -7.1475E-07  1.1387E-11 -6.5021E-11
  2.2168E-03 -7.3371E-07  1.1720E-11 -6.6919E-11
  2.2328E-03 -7.5317E-07  1.2062E-11 -6.8871E-11
  2.2489E-03 -7.7315E-07  1.2414E-11 -7.0880E-11
  2.2652E-03 -7.9365E-07  1.2776E-11 -7.2947E-11
  2.2815E-03 -8.1469E-07  1.3148E-11 -7.5074E-11
  2.2979E-03 -8.3629E-07  1.3531E-11 -7.7263E-11
  2.3145E-03 -8.5846E-07  1.3926E-11 -7.9515E-11
  2.3312E-03 -8.8121E-07  1.4332E-11 -8.1832E-11
  2.3480E-03 -9.0456E-07  1.4749E-11 -8.4216E-11
  2.3649E-03 -9.2853E-07  1.5179E-11 -8.6669E-11
  2.3819E-03 -9.5312E-07  1.5621E-11 -8.9192E-11
  2.3991E-03 -9.7837E-07  1.6075E-11 -9.1789E-11
  2.4164E-03 -1.0043E-06  1.6543E-11 -9.4461E-11
  2.4337E-03 -1.0309E-06  1.7025E-11 -9.7210E-11
  2.4513E-03 -1.0582E-06  1.7520E-11 -1.0004E-10
  2.4689E-03 -1.0862E-06  1.8030E-11 -1.0295E-10
  2.4866E-03 -1.1149E-06  1.8554E-11 -1.0594E-10
  2.5045E-03 -1.1445E-06  1.9094E-11 -1.0902E-10
  2.5225E-03 -1.1747E-06  1.9649E-11 -1.1219E-10
  2.5407E-03 -1.2058E-06  2.0220E-11 -1.1545E-10
  2.5589E-03 -1.2377E-06  2.0807E-11 -1.1881E-10
  2.5773E-03 -1.2705E-06  2.1412E-11 -1.2226E-10
  2.5958E-03 -1.3041E-06  2.2034E-11 -1.2581E-10
  2.6145E-03 -1.3386E-06  2.2674E-11 -1.2947E-10
  2.6333E-03 -1.3740E-06  2.3332E-11 -1.3322E-10
  2.6522E-03 -1.4103E-06  2.4010E-11 -1.3709E-10
  2.6712E-03 -1.4476E-06  2.4707E-11 -1.4107E-10
  2.6904E-03 -1.4858E-06  2.5424E-11 -1.4517E-10
  2.7097E-03 -1.5251E-06  2.6161E-11 -1.4938E-10
  2.7291E-03 -1.5654E-06  2.6920E-11 -1.5371E-10
  2.7487E-03 -1.6068E-06  2.7701E-11 -1.5817E-10
  2.7684E-03 -1.6492E-06  2.8504E-11 -1.6276E-10
  2.7883E-03 -1.6928E-06  2.9331E-11 -1.6747E-10
  2.8083E-03 -1.7375E-06  3.0181E-11 -1.7233E-10
  2.8284E-03 -1.7834E-06  3.1056E-11 -1.7732E-10
  2.8487E-03 -1.8305E-06  3.1955E-11 -1.8246E-10
  2.8691E-03 -1.8789E-06  3.2881E-11 -1.8775E-10
  2.8896E-03 -1.9285E-06  3.3834E-11 -1.9319E-10
  2.9103E-03 -1.9794E-06  3.4814E-11 -1.9878E-10
  2.9312E-03 -2.0316E-06  3.5822E-11 -2.0454E-10
  2.9522E-03 -2.0853E-06  3.6859E-11 -2.1046E-10
  2.9733E-03 -2.1403E-06  3.7926E-11 -2.1655E-10
  2.9946E-03 -2.1968E-06  3.9024E-11 -2.2282E-10
  3.0160E-03 -2.2547E-06  4.0153E-11 -2.2927E-10
  3.0376E-03 -2.3142E-06  4.1315E-11 -2.3590E-10
  3.0593E-03 -2.3753E-06  4.2510E-11 -2.4273E-10
  3.0812E-03 -2.4379E-06  4.3739E-11 -2.4975E-10
  3.1033E-03 -2.5022E-06  4.5004E-11 -2.5697E-10
  3.1254E-03 -2.5682E-06  4.6305E-11 -2.6440E-10
  3.1478E-03 -2.6359E-06  4.7644E-11 -2.7204E-10
  3.1703E-03 -2.7054E-06  4.9021E-11 -2.7991E-10
  3.1930E-03 -2.7768E-06  5.0438E-11 -2.8799E-10
  3.2158E-03 -2.8499E-06  5.1895E-11 -2.9632E-10
  3.2388E-03 -2.9251E-06  5.3394E-11 -3.0488E-10
  3.2619E-03 -3.0021E-06  5.4937E-11 -3.1368E-10
  3.2852E-03 -3.0813E-06  5.6523E-11 -3.2274E-10
  3.3087E-03 -3.1624E-06  5.8156E-11 -3.3206E-10
  3.3323E-03 -3.2457E-06  5.9835E-11 -3.4165E-10
  3.3561E-03 -3.3312E-06  6.1562E-11 -3.5151E-10
  3.3800E-03 -3.4190E-06  6.3339E-11 -3.6166E-10
  3.4042E-03 -3.5090E-06  6.5167E-11 -3.7210E-10
  3.4285E-03 -3.6014E-06  6.7047E-11 -3.8283E-10
  3.4529E-03 -3.6963E-06  6.8981E-11 -3.9388E-10
  3.4776E-03 -3.7936E-06  7.0971E-11 -4.0524E-10
  3.5024E-03 -3.8934E-06  7.3018E-11 -4.1693E-10
  3.5274E-03 -3.9959E-06  7.5124E-11 -4.2895E-10
  3.5525E-03 -4.1011E-06  7.7290E-11 -4.4132E-10
  3.5778E-03 -4.2090E-06  7.9518E-11 -4.5404E-10
  3.6034E-03 -4.3197E-06  8.1811E-11 -4.6713E-10
  3.6290E-03 -4.4334E-06  8.4169E-11 -4.8060E-10
  3.6549E-03 -4.5500E-06  8.6594E-11 -4.9444E-10
  3.6810E-03 -4.6697E-06  8.9089E-11 -5.0869E-10
  3.7072E-03 -4.7925E-06  9.1656E-11 -5.2335E-10
  3.7336E-03 -4.9185E-06  9.4296E-11 -5.3842E-10
  3.7602E-03 -5.0479E-06  9.7012E-11 -5.5393E-10
  3.7870E-03 -5.1806E-06  9.9806E-11 -5.6988E-10
  3.8140E-03 -5.3168E-06  1.0268E-10 -5.8629E-10
  3.8411E-03 -5.4565E-06  1.0564E-10 -6.0317E-10
  3.8685E-03 -5.6000E-06  1.0868E-10 -6.2053E-10
  3.8960E-03 -5.7471E-06  1.1180E-10 -6.3839E-10
  3.9237E-03 -5.8981E-06  1.1502E-10 -6.5677E-10
  3.9517E-03 -6.0531E-06  1.1833E-10 -6.7567E-10
  3.9798E-03 -6.2121E-06  1.2174E-10 -6.9511E-10
  4.0081E-03 -6.3753E-06  1.2524E-10 -7.1510E-10
  4.0366E-03 -6.5427E-06  1.2884E-10 -7.3567E-10
  4.0653E-03 -6.7145E-06  1.3255E-10 -7.5683E-10
  4.0943E-03 -6.8909E-06  1.3636E-10 -7.7859E-10
  4.1234E-03 -7.0718E-06  1.4028E-10 -8.0098E-10
  4.1527E-03 -7.2574E-06  1.4431E-10 -8.2401E-10
  4.1822E-03 -7.4479E-06  1.4846E-10 -8.4770E-10
  4.2120E-03 -7.6434E-06  1.5273E-10 -8.7206E-10
  4.2419E-03 -7.8440E-06  1.5712E-10 -8.9713E-10
  4.2721E-03 -8.0498E-06  1.6163E-10 -9.2290E-10
  4.3024E-03 -8.2610E-06  1.6628E-10 -9.4942E-10
  4.3330E-03 -8.4777E-06  1.7105E-10 -9.7670E-10
  4.3638E-03 -8.7001E-06  1.7597E-10 -1.0048E-09
  4.3948E-03 -8.9282E-06  1.8102E-10 -1.0336E-09
  4.4260E-03 -9.1624E-06  1.8622E-10 -1.0633E-09
  4.4574E-03 -9.4026E-06  1.9157E-10 -1.0938E-09
  4.4891E-03 -9.6491E-06  1.9707E-10 -1.1252E-09
  4.5210E-03 -9.9020E-06  2.0272E-10 -1.1575E-09
  4.5531E-03 -1.0162E-05  2.0854E-10 -1.1908E-09
  4.5854E-03 -1.0428E-05  2.1453E-10 -1.2250E-09
  4.6180E-03 -1.0701E-05  2.2069E-10 -1.2601E-09
  4.6507E-03 -1.0981E-05  2.2702E-10 -1.2963E-09
  4.6837E-03 -1.1269E-05  2.3353E-10 -1.3335E-09
  4.7170E-03 -1.1564E-05  2.4023E-10 -1.3717E-09
  4.7505E-03 -1.1867E-05  2.4713E-10 -1.4111E-09
  4.7842E-03 -1.2178E-05  2.5421E-10 -1.4515E-09
  4.8181E-03 -1.2497E-05  2.6151E-10 -1.4932E-09
  4.8523E-03 -1.2824E-05  2.6901E-10 -1.5360E-09
  4.8867E-03 -1.3160E-05  2.7672E-10 -1.5800E-09
  4.9214E-03 -1.3504E-05  2.8465E-10 -1.6254E-09
  4.9563E-03 -1.3857E-05  2.9281E-10 -1.6719E-09
  4.9914E-03 -1.4220E-05  3.0121E-10 -1.7199E-09
  5.0268E-03 -1.4592E-05  3.0984E-10 -1.7692E-09
  5.0624E-03 -1.4974E-05  3.1872E-10 -1.8199E-09
  5.0983E-03 -1.5365E-05  3.2786E-10 -1.8720E-09
  5.1344E-03 -1.5767E-05  3.3725E-10 -1.9257E-09
  5.1708E-03 -1.6179E-05  3.4691E-10 -1.9809E-09
  5.2075E-03 -1.6602E-05  3.5685E-10 -2.0376E-09
  5.2444E-03 -1.7036E-05  3.6707E-10 -2.0960E-09
  5.2815E-03 -1.7481E-05  3.7759E-10 -2.1560E-09
  5.3190E-03 -1.7938E-05  3.8840E-10 -2.2178E-09
  5.3566E-03 -1.8407E-05  3.9953E-10 -2.2813E-09
  5.3946E-03 -1.8888E-05  4.1097E-10 -2.3466E-09
  5.4328E-03 -1.9381E-05  4.2273E-10 -2.4138E-09
  5.4713E-03 -1.9887E-05  4.3484E-10 -2.4829E-09
  5.5100E-03 -2.0406E-05  4.4728E-10 -2.5540E-09
  5.5490E-03 -2.0939E-05  4.6009E-10 -2.6271E-09
  5.5883E-03 -2.1486E-05  4.7326E-10 -2.7023E-09
  5.6279E-03 -2.2046E-05  4.8680E-10 -2.7796E-09
  5.6677E-03 -2.2621E-05  5.0073E-10 -2.8591E-09
  5.7078E-03 -2.3212E-05  5.1506E-10 -2.9410E-09
  5.7482E-03 -2.3817E-05  5.2980E-10 -3.0251E-09
  5.7889E-03 -2.4438E-05  5.4495E-10 -3.1117E-09
  5.8299E-03 -2.5076E-05  5.6054E-10 -3.2007E-09
  5.8711E-03 -2.5729E-05  5.7658E-10 -3.2922E-09
  5.9126E-03 -2.6400E-05  5.9307E-10 -3.3864E-09
  5.9545E-03 -2.7088E-05  6.1003E-10 -3.4832E-09
  5.9966E-03 -2.7794E-05  6.2747E-10 -3.5828E-09
  6.0390E-03 -2.8518E-05  6.4541E-10 -3.6853E-09
  6.0817E-03 -2.9261E-05  6.6387E-10 -3.7907E-09
  6.1247E-03 -3.0023E-05  6.8285E-10 -3.8990E-09
  6.1680E-03 -3.0805E-05  7.0237E-10 -4.0105E-09
  6.2117E-03 -3.1607E-05  7.2245E-10 -4.1251E-09
  6.2556E-03 -3.2429E-05  7.4310E-10 -4.2431E-09
  6.2998E-03 -3.3273E-05  7.6433E-10 -4.3643E-09
  6.3443E-03 -3.4139E-05  7.8618E-10 -4.4890E-09
  6.3892E-03 -3.5027E-05  8.0864E-10 -4.6173E-09
  6.4343E-03 -3.5938E-05  8.3175E-10 -4.7493E-09
  6.4798E-03 -3.6873E-05  8.5551E-10 -4.8849E-09
  6.5256E-03 -3.7832E-05  8.7995E-10 -5.0245E-09
  6.5717E-03 -3.8815E-05  9.0509E-10 -5.1680E-09
  6.6182E-03 -3.9824E-05  9.3094E-10 -5.3157E-09
  6.6649E-03 -4.0859E-05  9.5753E-10 -5.4675E-09
  6.7120E-03 -4.1920E-05  9.8488E-10 -5.6236E-09
  6.7594E-03 -4.3009E-05  1.0130E-09 -5.7842E-09
  6.8072E-03 -4.4126E-05  1.0419E-09 -5.9494E-09
  6.8553E-03 -4.5272E-05  1.0717E-09 -6.1193E-09
  6.9037E-03 -4.6447E-05  1.1023E-09 -6.2940E-09
  6.9524E-03 -4.7652E-05  1.1338E-09 -6.4737E-09
  7.0015E-03 -4.8889E-05  1.1661E-09 -6.6585E-09
  7.0510E-03 -5.0157E-05  1.1994E-09 -6.8486E-09
  7.1008E-03 -5.1458E-05  1.2336E-09 -7.0441E-09
  7.1509E-03 -5.2792E-05  1.2688E-09 -7.2451E-09
  7.2014E-03 -5.4161E-05  1.3051E-09 -7.4519E-09
  7.2522E-03 -5.5565E-05  1.3423E-09 -7.6645E-09
  7.3034E-03 -5.7005E-05  1.3806E-09 -7.8832E-09
  7.3549E-03 -5.8482E-05  1.4200E-09 -8.1082E-09
  7.4069E-03 -5.9996E-05  1.4605E-09 -8.3395E-09
  7.4591E-03 -6.1550E-05  1.5022E-09 -8.5774E-09
  7.5118E-03 -6.3144E-05  1.5450E-09 -8.8221E-09
  7.5648E-03 -6.4778E-05  1.5891E-09 -9.0738E-09
  7.6181E-03 -6.6454E-05  1.6344E-09 -9.3326E-09
  7.6719E-03 -6.8174E-05  1.6810E-09 -9.5988E-09
  7.7260E-03 -6.9937E-05  1.7290E-09 -9.8725E-09
  7.7805E-03 -7.1745E-05  1.7783E-09 -1.0154E-08
  7.8354E-03 -7.3600E-05  1.8290E-09 -1.0444E-08
  7.8907E-03 -7.5502E-05  1.8812E-09 -1.0741E-08
  7.9463E-03 -7.7453E-05  1.9348E-09 -1.1048E-08
  8.0024E-03 -7.9454E-05  1.9900E-09 -1.1363E-08
  8.0588E-03 -8.1506E-05  2.0467E-09 -1.1687E-08
  8.1156E-03 -8.3610E-05  2.1050E-09 -1.2020E-08
  8.1729E-03 -8.5769E-05  2.1650E-09 -1.2362E-08
  8.2305E-03 -8.7982E-05  2.2267E-09 -1.2715E-08
  8.2885E-03 -9.0252E-05  2.2902E-09 -1.3077E-08
  8.3470E-03 -9.2580E-05  2.3555E-09 -1.3450E-08
  8.4058E-03 -9.4967E-05  2.4226E-09 -1.3833E-08
  8.4651E-03 -9.7415E-05  2.4916E-09 -1.4227E-08
  8.5247E-03 -9.9925E-05  2.5626E-09 -1.4633E-08
  8.5848E-03 -1.0250E-04  2.6356E-09 -1.5050E-08
  8.6453E-03 -1.0514E-04  2.7107E-09 -1.5478E-08
  8.7062E-03 -1.0785E-04  2.7880E-09 -1.5919E-08
  8.7676E-03 -1.1062E-04  2.8674E-09 -1.6373E-08
  8.8294E-03 -1.1347E-04  2.9491E-09 -1.6839E-08
  8.8916E-03 -1.1639E-04  3.0331E-09 -1.7319E-08
  8.9543E-03 -1.1938E-04  3.1195E-09 -1.7812E-08
  9.0173E-03 -1.2245E-04  3.2083E-09 -1.8320E-08
  9.0809E-03 -1.2560E-04  3.2997E-09 -1.8841E-08
  9.1448E-03 -1.2883E-04  3.3936E-09 -1.9378E-08
  9.2093E-03 -1.3214E-04  3.4903E-09 -1.9930E-08
  9.2741E-03 -1.3553E-04  3.5897E-09 -2.0497E-08
  9.3395E-03 -1.3901E-04  3.6919E-09 -2.1081E-08
  9.4052E-03 -1.4258E-04  3.7970E-09 -2.1681E-08
  9.4715E-03 -1.4624E-04  3.9051E-09 -2.2298E-08
  9.5382E-03 -1.4999E-04  4.0163E-09 -2.2933E-08
  9.6054E-03 -1.5383E-04  4.1306E-09 -2.3586E-08
  9.6730E-03 -1.5777E-04  4.2482E-09 -2.4257E-08
  9.7411E-03 -1.6182E-04  4.3691E-09 -2.4948E-08
  9.8097E-03 -1.6596E-04  4.4934E-09 -2.5658E-08
  9.8788E-03 -1.7021E-04  4.6213E-09 -2.6388E-08
  9.9483E-03 -1.7457E-04  4.7528E-09 -2.7139E-08
  1.0018E-02 -1.7904E-04  4.8881E-09 -2.7912E-08
  1.0089E-02 -1.8361E-04  5.0272E-09 -2.8706E-08
  1.0160E-02 -1.8831E-04  5.1702E-09 -2.9523E-08
  1.0231E-02 -1.9312E-04  5.3174E-09 -3.0363E-08
  1.0303E-02 -1.9806E-04  5.4686E-09 -3.1227E-08
  1.0376E-02 -2.0312E-04  5.6242E-09 -3.2115E-08
  1.0449E-02 -2.0830E-04  5.7842E-09 -3.3029E-08
  1.0523E-02 -2.1362E-04  5.9488E-09 -3.3968E-08
  1.0597E-02 -2.1907E-04  6.1180E-09 -3.4935E-08
  1.0671E-02 -2.2466E-04  6.2920E-09 -3.5928E-08
  1.0746E-02 -2.3039E-04  6.4710E-09 -3.6950E-08
  1.0822E-02 -2.3626E-04  6.6551E-09 -3.8001E-08
  1.0898E-02 -2.4228E-04  6.8443E-09 -3.9082E-08
  1.0975E-02 -2.4845E-04  7.0390E-09 -4.0194E-08
  1.1052E-02 -2.5477E-04  7.2392E-09 -4.1337E-08
  1.1130E-02 -2.6126E-04  7.4450E-09 -4.2512E-08
  1.1208E-02 -2.6790E-04  7.6567E-09 -4.3721E-08
  1.1287E-02 -2.7472E-04  7.8744E-09 -4.4964E-08
  1.1366E-02 -2.8170E-04  8.0983E-09 -4.6243E-08
  1.1446E-02 -2.8886E-04  8.3286E-09 -4.7558E-08
  1.1527E-02 -2.9619E-04  8.5654E-09 -4.8910E-08
  1.1608E-02 -3.0371E-04  8.8089E-09 -5.0300E-08
  1.1689E-02 -3.1142E-04  9.0593E-09 -5.1730E-08
  1.1771E-02 -3.1932E-04  9.3168E-09 -5.3201E-08
  1.1854E-02 -3.2741E-04  9.5817E-09 -5.4713E-08
  1.1938E-02 -3.3571E-04  9.8540E-09 -5.6268E-08
  1.2022E-02 -3.4422E-04  1.0134E-08 -5.7868E-08
  1.2106E-02 -3.5293E-04  1.0422E-08 -5.9512E-08
  1.2191E-02 -3.6187E-04  1.0718E-08 -6.1204E-08
  1.2277E-02 -3.7102E-04  1.1023E-08 -6.2943E-08
  1.2363E-02 -3.8040E-04  1.1336E-08 -6.4732E-08
  1.2450E-02 -3.9002E-04  1.1658E-08 -6.6572E-08
  1.2538E-02 -3.9987E-04  1.1990E-08 -6.8463E-08
  1.2626E-02 -4.0997E-04  1.2330E-08 -7.0409E-08
  1.2715E-02 -4.2032E-04  1.2681E-08 -7.2410E-08
  1.2804E-02 -4.3093E-04  1.3041E-08 -7.4467E-08
  1.2894E-02 -4.4179E-04  1.3411E-08 -7.6583E-08
  1.2985E-02 -4.5293E-04  1.3792E-08 -7.8758E-08
  1.3076E-02 -4.6434E-04  1.4184E-08 -8.0996E-08
  1.3168E-02 -4.7603E-04  1.4587E-08 -8.3297E-08
  1.3260E-02 -4.8802E-04  1.5002E-08 -8.5663E-08
  1.3353E-02 -5.0029E-04  1.5428E-08 -8.8097E-08
  1.3447E-02 -5.1287E-04  1.5866E-08 -9.0599E-08
  1.3542E-02 -5.2576E-04  1.6317E-08 -9.3173E-08
  1.3637E-02 -5.3897E-04  1.6780E-08 -9.5819E-08
  1.3733E-02 -5.5250E-04  1.7257E-08 -9.8540E-08
  1.3829E-02 -5.6637E-04  1.7747E-08 -1.0134E-07
  1.3926E-02 -5.8057E-04  1.8251E-08 -1.0422E-07
  1.4024E-02 -5.9513E-04  1.8769E-08 -1.0718E-07
  1.4123E-02 -6.1004E-04  1.9302E-08 -1.1022E-07
  1.4222E-02 -6.2532E-04  1.9850E-08 -1.1335E-07
  1.4322E-02 -6.4097E-04  2.0414E-08 -1.1657E-07
  1.4422E-02 -6.5700E-04  2.0993E-08 -1.1988E-07
  1.4524E-02 -6.7343E-04  2.1589E-08 -1.2328E-07
  1.4626E-02 -6.9026E-04  2.2202E-08 -1.2678E-07
  1.4729E-02 -7.0750E-04  2.2833E-08 -1.3038E-07
  1.4832E-02 -7.2516E-04  2.3481E-08 -1.3408E-07
  1.4936E-02 -7.4325E-04  2.4148E-08 -1.3789E-07
  1.5041E-02 -7.6178E-04  2.4833E-08 -1.4181E-07
  1.5147E-02 -7.8076E-04  2.5538E-08 -1.4583E-07
  1.5253E-02 -8.0021E-04  2.6263E-08 -1.4997E-07
  1.5360E-02 -8.2012E-04  2.7008E-08 -1.5423E-07
  1.5468E-02 -8.4052E-04  2.7775E-08 -1.5861E-07
  1.5577E-02 -8.6142E-04  2.8563E-08 -1.6311E-07
  1.5686E-02 -8.8282E-04  2.9374E-08 -1.6774E-07
  1.5796E-02 -9.0474E-04  3.0208E-08 -1.7250E-07
  1.5907E-02 -9.2719E-04  3.1065E-08 -1.7739E-07
  1.6019E-02 -9.5019E-04  3.1947E-08 -1.8243E-07
  1.6131E-02 -9.7374E-04  3.2853E-08 -1.8761E-07
  1.6244E-02 -9.9786E-04  3.3785E-08 -1.9293E-07
  1.6359E-02 -1.0226E-03  3.4744E-08 -1.9840E-07
  1.6473E-02 -1.0479E-03  3.5730E-08 -2.0404E-07
  1.6589E-02 -1.0738E-03  3.6744E-08 -2.0982E-07
  1.6705E-02 -1.1003E-03  3.7786E-08 -2.1578E-07
  1.6823E-02 -1.1275E-03  3.8859E-08 -2.2190E-07
  1.6941E-02 -1.1553E-03  3.9961E-08 -2.2820E-07
  1.7060E-02 -1.1838E-03  4.1095E-08 -2.3467E-07
  1.7179E-02 -1.2129E-03  4.2261E-08 -2.4133E-07
  1.7300E-02 -1.2428E-03  4.3459E-08 -2.4818E-07
  1.7421E-02 -1.2734E-03  4.4692E-08 -2.5522E-07
  1.7544E-02 -1.3047E-03  4.5960E-08 -2.6246E-07
  1.7667E-02 -1.3368E-03  4.7264E-08 -2.6990E-07
  1.7791E-02 -1.3696E-03  4.8605E-08 -2.7756E-07
  1.7916E-02 -1.4032E-03  4.9983E-08 -2.8543E-07
  1.8041E-02 -1.4376E-03  5.1401E-08 -2.9353E-07
  1.8168E-02 -1.4729E-03  5.2859E-08 -3.0186E-07
  1.8296E-02 -1.5089E-03  5.4358E-08 -3.1042E-07
  1.8424E-02 -1.5459E-03  5.5900E-08 -3.1922E-07
  1.8553E-02 -1.5837E-03  5.7485E-08 -3.2828E-07
  1.8683E-02 -1.6224E-03  5.9115E-08 -3.3759E-07
  1.8814E-02 -1.6620E-03  6.0792E-08 -3.4716E-07
  1.8946E-02 -1.7026E-03  6.2516E-08 -3.5701E-07
  1.9079E-02 -1.7441E-03  6.4289E-08 -3.6713E-07
  1.9213E-02 -1.7866E-03  6.6112E-08 -3.7754E-07
  1.9348E-02 -1.8301E-03  6.7986E-08 -3.8825E-07
  1.9484E-02 -1.8746E-03  6.9914E-08 -3.9926E-07
  1.9620E-02 -1.9201E-03  7.1896E-08 -4.1058E-07
  1.9758E-02 -1.9668E-03  7.3935E-08 -4.2222E-07
  1.9897E-02 -2.0145E-03  7.6031E-08 -4.3419E-07
  2.0036E-02 -2.0634E-03  7.8187E-08 -4.4650E-07
  2.0177E-02 -2.1134E-03  8.0403E-08 -4.5916E-07
  2.0318E-02 -2.1646E-03  8.2683E-08 -4.7218E-07
  2.0461E-02 -2.2169E-03  8.5027E-08 -4.8557E-07
  2.0604E-02 -2.2705E-03  8.7437E-08 -4.9934E-07
  2.0749E-02 -2.3253E-03  8.9916E-08 -5.1349E-07
  2.0894E-02 -2.3815E-03  9.2465E-08 -5.2805E-07
  2.1041E-02 -2.4389E-03  9.5086E-08 -5.4302E-07
  2.1189E-02 -2.4976E-03  9.7781E-08 -5.5841E-07
  2.1337E-02 -2.5578E-03  1.0055E-07 -5.7424E-07
  2.1487E-02 -2.6193E-03  1.0340E-07 -5.9052E-07
  2.1637E-02 -2.6822E-03  1.0633E-07 -6.0726E-07
  2.1789E-02 -2.7466E-03  1.0935E-07 -6.2447E-07
  2.1942E-02 -2.8125E-03  1.1245E-07 -6.4217E-07
  2.2096E-02 -2.8799E-03  1.1563E-07 -6.6038E-07
  2.2251E-02 -2.9489E-03  1.1891E-07 -6.7909E-07
  2.2407E-02 -3.0194E-03  1.2228E-07 -6.9834E-07
  2.2564E-02 -3.0916E-03  1.2575E-07 -7.1813E-07
  2.2722E-02 -3.1654E-03  1.2931E-07 -7.3849E-07
  2.2881E-02 -3.2410E-03  1.3297E-07 -7.5942E-07
  2.3042E-02 -3.3182E-03  1.3674E-07 -7.8094E-07
  2.3203E-02 -3.3972E-03  1.4062E-07 -8.0307E-07
  2.3366E-02 -3.4781E-03  1.4460E-07 -8.2583E-07
  2.3530E-02 -3.5607E-03  1.4870E-07 -8.4923E-07
  2.3695E-02 -3.6453E-03  1.5291E-07 -8.7329E-07
  2.3861E-02 -3.7318E-03  1.5724E-07 -8.9804E-07
  2.4028E-02 -3.8202E-03  1.6170E-07 -9.2349E-07
  2.4197E-02 -3.9107E-03  1.6628E-07 -9.4965E-07
  2.4366E-02 -4.0032E-03  1.7099E-07 -9.7656E-07
  2.4537E-02 -4.0978E-03  1.7584E-07 -1.0042E-06
  2.4709E-02 -4.1945E-03  1.8082E-07 -1.0327E-06
  2.4882E-02 -4.2934E-03  1.8594E-07 -1.0619E-06
  2.5057E-02 -4.3946E-03  1.9121E-07 -1.0920E-06
  2.5233E-02 -4.4980E-03  1.9662E-07 -1.1230E-06
  2.5409E-02 -4.6037E-03  2.0219E-07 -1.1548E-06
  2.5587E-02 -4.7118E-03  2.0792E-07 -1.1875E-06
  2.5767E-02 -4.8224E-03  2.1381E-07 -1.2211E-06
  2.5947E-02 -4.9354E-03  2.1987E-07 -1.2557E-06
  2.6129E-02 -5.0509E-03  2.2610E-07 -1.2913E-06
  2.6312E-02 -5.1690E-03  2.3250E-07 -1.3279E-06
  2.6497E-02 -5.2898E-03  2.3909E-07 -1.3655E-06
  2.6683E-02 -5.4132E-03  2.4586E-07 -1.4042E-06
  2.6870E-02 -5.5394E-03  2.5282E-07 -1.4440E-06
  2.7058E-02 -5.6683E-03  2.5998E-07 -1.4849E-06
  2.7247E-02 -5.8001E-03  2.6734E-07 -1.5269E-06
  2.7438E-02 -5.9349E-03  2.7492E-07 -1.5702E-06
  2.7631E-02 -6.0726E-03  2.8270E-07 -1.6147E-06
  2.7824E-02 -6.2133E-03  2.9071E-07 -1.6604E-06
  2.8019E-02 -6.3571E-03  2.9894E-07 -1.7074E-06
  2.8216E-02 -6.5041E-03  3.0740E-07 -1.7558E-06
  2.8413E-02 -6.6543E-03  3.1611E-07 -1.8055E-06
  2.8612E-02 -6.8078E-03  3.2506E-07 -1.8566E-06
  2.8813E-02 -6.9647E-03  3.3427E-07 -1.9092E-06
  2.9015E-02 -7.1249E-03  3.4373E-07 -1.9633E-06
  2.9218E-02 -7.2887E-03  3.5346E-07 -2.0189E-06
  2.9423E-02 -7.4560E-03  3.6347E-07 -2.0761E-06
  2.9629E-02 -7.6269E-03  3.7376E-07 -2.1348E-06
  2.9837E-02 -7.8015E-03  3.8435E-07 -2.1953E-06
  3.0046E-02 -7.9800E-03  3.9523E-07 -2.2575E-06
  3.0256E-02 -8.1622E-03  4.0642E-07 -2.3214E-06
  3.0468E-02 -8.3484E-03  4.1792E-07 -2.3871E-06
  3.0682E-02 -8.5386E-03  4.2975E-07 -2.4547E-06
  3.0897E-02 -8.7329E-03  4.4192E-07 -2.5242E-06
  3.1113E-02 -8.9313E-03  4.5443E-07 -2.5957E-06
  3.1331E-02 -9.1340E-03  4.6730E-07 -2.6692E-06
  3.1551E-02 -9.3409E-03  4.8053E-07 -2.7448E-06
  3.1772E-02 -9.5523E-03  4.9413E-07 -2.8225E-06
  3.1994E-02 -9.7682E-03  5.0812E-07 -2.9024E-06
  3.2218E-02 -9.9887E-03  5.2250E-07 -2.9846E-06
  3.2444E-02 -1.0214E-02  5.3729E-07 -3.0691E-06
  3.2671E-02 -1.0444E-02  5.5250E-07 -3.1560E-06
  3.2900E-02 -1.0678E-02  5.6814E-07 -3.2453E-06
  3.3131E-02 -1.0918E-02  5.8422E-07 -3.3372E-06
  3.3363E-02 -1.1163E-02  6.0075E-07 -3.4316E-06
  3.3596E-02 -1.1413E-02  6.1775E-07 -3.5288E-06
  3.3832E-02 -1.1668E-02  6.3524E-07 -3.6287E-06
  3.4069E-02 -1.1928E-02  6.5322E-07 -3.7314E-06
  3.4307E-02 -1.2194E-02  6.7170E-07 -3.8370E-06
  3.4548E-02 -1.2465E-02  6.9071E-07 -3.9457E-06
  3.4789E-02 -1.2742E-02  7.1026E-07 -4.0573E-06
  3.5033E-02 -1.3025E-02  7.3036E-07 -4.1722E-06
  3.5279E-02 -1.3314E-02  7.5103E-07 -4.2903E-06
  3.5526E-02 -1.3608E-02  7.7228E-07 -4.4117E-06
  3.5774E-02 -1.3909E-02  7.9414E-07 -4.5366E-06
  3.6025E-02 -1.4215E-02  8.1661E-07 -4.6650E-06
  3.6277E-02 -1.4528E-02  8.3972E-07 -4.7970E-06
  3.6531E-02 -1.4847E-02  8.6348E-07 -4.9328E-06
  3.6787E-02 -1.5173E-02  8.8791E-07 -5.0724E-06
  3.7045E-02 -1.5506E-02  9.1304E-07 -5.2160E-06
  3.7304E-02 -1.5845E-02  9.3887E-07 -5.3636E-06
  3.7565E-02 -1.6191E-02  9.6543E-07 -5.5154E-06
  3.7829E-02 -1.6544E-02  9.9275E-07 -5.6715E-06
  3.8093E-02 -1.6904E-02  1.0208E-06 -5.8320E-06
  3.8360E-02 -1.7272E-02  1.0497E-06 -5.9971E-06
  3.8629E-02 -1.7646E-02  1.0794E-06 -6.1668E-06
  3.8899E-02 -1.8029E-02  1.1100E-06 -6.3413E-06
  3.9172E-02 -1.8419E-02  1.1414E-06 -6.5207E-06
  3.9446E-02 -1.8816E-02  1.1736E-06 -6.7053E-06
  3.9722E-02 -1.9222E-02  1.2068E-06 -6.8950E-06
  4.0000E-02 -1.9635E-02  1.2410E-06 -7.0901E-06
  4.0280E-02 -2.0057E-02  1.2761E-06 -7.2907E-06
  4.0562E-02 -2.0487E-02  1.3122E-06 -7.4970E-06
  4.0847E-02 -2.0925E-02  1.3493E-06 -7.7092E-06
  4.1133E-02 -2.1372E-02  1.3875E-06 -7.9273E-06
  4.1421E-02 -2.1828E-02  1.4267E-06 -8.1516E-06
  4.1711E-02 -2.2292E-02  1.4671E-06 -8.3823E-06
  4.2003E-02 -2.2766E-02  1.5086E-06 -8.6194E-06
  4.2297E-02 -2.3249E-02  1.5512E-06 -8.8633E-06
  4.2593E-02 -2.3741E-02  1.5951E-06 -9.1141E-06
  4.2891E-02 -2.4242E-02  1.6402E-06 -9.3719E-06
  4.3191E-02 -2.4753E-02  1.6866E-06 -9.6371E-06
  4.3494E-02 -2.5274E-02  1.7343E-06 -9.9098E-06
  4.3798E-02 -2.5805E-02  1.7834E-06 -1.0190E-05
  4.4105E-02 -2.6346E-02  1.8338E-06 -1.0478E-05
  4.4414E-02 -2.6897E-02  1.8857E-06 -1.0775E-05
  4.4725E-02 -2.7459E-02  1.9390E-06 -1.1080E-05
  4.5038E-02 -2.8031E-02  1.9938E-06 -1.1393E-05
  4.5353E-02 -2.8614E-02  2.0502E-06 -1.1715E-05
  4.5670E-02 -2.9208E-02  2.1082E-06 -1.2047E-05
  4.5990E-02 -2.9813E-02  2.1678E-06 -1.2388E-05
  4.6312E-02 -3.0429E-02  2.2291E-06 -1.2738E-05
  4.6636E-02 -3.1057E-02  2.2921E-06 -1.3098E-05
  4.6963E-02 -3.1696E-02  2.3569E-06 -1.3469E-05
  4.7292E-02 -3.2347E-02  2.4236E-06 -1.3850E-05
  4.7623E-02 -3.3010E-02  2.4921E-06 -1.4242E-05
  4.7956E-02 -3.3685E-02  2.5626E-06 -1.4644E-05
  4.8292E-02 -3.4372E-02  2.6350E-06 -1.5059E-05
  4.8630E-02 -3.5072E-02  2.7095E-06 -1.5485E-05
  4.8970E-02 -3.5785E-02  2.7861E-06 -1.5923E-05
  4.9313E-02 -3.6510E-02  2.8649E-06 -1.6373E-05
  4.9658E-02 -3.7249E-02  2.9459E-06 -1.6836E-05
  5.0006E-02 -3.8001E-02  3.0291E-06 -1.7312E-05
  5.0356E-02 -3.8766E-02  3.1148E-06 -1.7802E-05
  5.0708E-02 -3.9545E-02  3.2028E-06 -1.8305E-05
  5.1063E-02 -4.0337E-02  3.2934E-06 -1.8823E-05
  5.1420E-02 -4.1144E-02  3.3865E-06 -1.9355E-05
  5.1780E-02 -4.1965E-02  3.4822E-06 -1.9903E-05
  5.2143E-02 -4.2800E-02  3.5806E-06 -2.0465E-05
  5.2508E-02 -4.3650E-02  3.6818E-06 -2.1044E-05
  5.2875E-02 -4.4514E-02  3.7859E-06 -2.1639E-05
  5.3245E-02 -4.5394E-02  3.8929E-06 -2.2251E-05
  5.3618E-02 -4.6288E-02  4.0029E-06 -2.2881E-05
  5.3993E-02 -4.7198E-02  4.1160E-06 -2.3528E-05
  5.4371E-02 -4.8124E-02  4.2324E-06 -2.4193E-05
  5.4752E-02 -4.9066E-02  4.3520E-06 -2.4877E-05
  5.5135E-02 -5.0023E-02  4.4750E-06 -2.5580E-05
  5.5521E-02 -5.0997E-02  4.6014E-06 -2.6304E-05
  5.5909E-02 -5.1987E-02  4.7315E-06 -2.7047E-05
  5.6301E-02 -5.2993E-02  4.8652E-06 -2.7812E-05
  5.6695E-02 -5.4017E-02  5.0027E-06 -2.8599E-05
  5.7091E-02 -5.5057E-02  5.1440E-06 -2.9407E-05
  5.7491E-02 -5.6115E-02  5.2894E-06 -3.0239E-05
  5.7893E-02 -5.7190E-02  5.4388E-06 -3.1094E-05
  5.8298E-02 -5.8282E-02  5.5925E-06 -3.1973E-05
  5.8706E-02 -5.9393E-02  5.7505E-06 -3.2877E-05
  5.9117E-02 -6.0521E-02  5.9130E-06 -3.3806E-05
  5.9531E-02 -6.1668E-02  6.0801E-06 -3.4762E-05
  5.9948E-02 -6.2833E-02  6.2518E-06 -3.5745E-05
  6.0367E-02 -6.4017E-02  6.4285E-06 -3.6755E-05
  6.0790E-02 -6.5219E-02  6.6101E-06 -3.7794E-05
  6.1215E-02 -6.6441E-02  6.7968E-06 -3.8862E-05
  6.1643E-02 -6.7682E-02  6.9888E-06 -3.9961E-05
  6.2075E-02 -6.8943E-02  7.1862E-06 -4.1091E-05
  6.2509E-02 -7.0223E-02  7.3892E-06 -4.2252E-05
  6.2946E-02 -7.1523E-02  7.5979E-06 -4.3447E-05
  6.3387E-02 -7.2843E-02  7.8126E-06 -4.4675E-05
  6.3830E-02 -7.4183E-02  8.0332E-06 -4.5938E-05
  6.4277E-02 -7.5544E-02  8.2601E-06 -4.7236E-05
  6.4727E-02 -7.6925E-02  8.4934E-06 -4.8571E-05
  6.5180E-02 -7.8327E-02  8.7333E-06 -4.9944E-05
  6.5636E-02 -7.9750E-02  8.9800E-06 -5.1356E-05
  6.6095E-02 -8.1195E-02  9.2336E-06 -5.2807E-05
  6.6558E-02 -8.2661E-02  9.4943E-06 -5.4300E-05
  6.7023E-02 -8.4149E-02  9.7625E-06 -5.5834E-05
  6.7492E-02 -8.5658E-02  1.0038E-05 -5.7412E-05
  6.7965E-02 -8.7189E-02  1.0322E-05 -5.9035E-05
  6.8440E-02 -8.8743E-02  1.0613E-05 -6.0703E-05
  6.8919E-02 -9.0319E-02  1.0913E-05 -6.2419E-05
  6.9401E-02 -9.1917E-02  1.1221E-05 -6.4183E-05
  6.9887E-02 -9.3538E-02  1.1538E-05 -6.5997E-05
  7.0376E-02 -9.5182E-02  1.1863E-05 -6.7862E-05
  7.0868E-02 -9.6849E-02  1.2198E-05 -6.9779E-05
  7.1364E-02 -9.8540E-02  1.2543E-05 -7.1751E-05
  7.1863E-02 -1.0025E-01  1.2897E-05 -7.3778E-05
  7.2366E-02 -1.0199E-01  1.3261E-05 -7.5863E-05
  7.2872E-02 -1.0375E-01  1.3635E-05 -7.8007E-05
  7.3382E-02 -1.0554E-01  1.4020E-05 -8.0211E-05
  7.3896E-02 -1.0734E-01  1.4416E-05 -8.2477E-05
  7.4413E-02 -1.0918E-01  1.4823E-05 -8.4808E-05
  7.4933E-02 -1.1103E-01  1.5241E-05 -8.7204E-05
  7.5458E-02 -1.1292E-01  1.5671E-05 -8.9668E-05
  7.5985E-02 -1.1482E-01  1.6114E-05 -9.2201E-05
  7.6517E-02 -1.1675E-01  1.6569E-05 -9.4806E-05
  7.7052E-02 -1.1871E-01  1.7036E-05 -9.7484E-05
  7.7591E-02 -1.2069E-01  1.7517E-05 -1.0024E-04
  7.8134E-02 -1.2269E-01  1.8011E-05 -1.0307E-04
  7.8681E-02 -1.2472E-01  1.8519E-05 -1.0598E-04
  7.9231E-02 -1.2678E-01  1.9042E-05 -1.0898E-04
  7.9786E-02 -1.2886E-01  1.9579E-05 -1.1205E-04
  8.0344E-02 -1.3096E-01  2.0132E-05 -1.1522E-04
  8.0906E-02 -1.3309E-01  2.0700E-05 -1.1847E-04
  8.1472E-02 -1.3525E-01  2.1284E-05 -1.2182E-04
  8.2042E-02 -1.3743E-01  2.1884E-05 -1.2526E-04
  8.2616E-02 -1.3964E-01  2.2502E-05 -1.2880E-04
  8.3194E-02 -1.4187E-01  2.3137E-05 -1.3244E-04
  8.3776E-02 -1.4413E-01  2.3789E-05 -1.3618E-04
  8.4362E-02 -1.4642E-01  2.4460E-05 -1.4002E-04
  8.4952E-02 -1.4873E-01  2.5150E-05 -1.4398E-04
  8.5546E-02 -1.5106E-01  2.5860E-05 -1.4804E-04
  8.6145E-02 -1.5342E-01  2.6589E-05 -1.5223E-04
  8.6747E-02 -1.5581E-01  2.7339E-05 -1.5652E-04
  8.7354E-02 -1.5822E-01  2.8110E-05 -1.6094E-04
  8.7965E-02 -1.6066E-01  2.8903E-05 -1.6549E-04
  8.8580E-02 -1.6312E-01  2.9718E-05 -1.7016E-04
  8.9200E-02 -1.6561E-01  3.0556E-05 -1.7497E-04
  8.9824E-02 -1.6813E-01  3.1417E-05 -1.7991E-04
  9.0452E-02 -1.7067E-01  3.2303E-05 -1.8499E-04
  9.1085E-02 -1.7323E-01  3.3214E-05 -1.9021E-04
  9.1722E-02 -1.7582E-01  3.4150E-05 -1.9558E-04
  9.2364E-02 -1.7844E-01  3.5113E-05 -2.0110E-04
  9.3010E-02 -1.8108E-01  3.6103E-05 -2.0678E-04
  9.3661E-02 -1.8375E-01  3.7121E-05 -2.1262E-04
  9.4316E-02 -1.8644E-01  3.8167E-05 -2.1862E-04
  9.4975E-02 -1.8915E-01  3.9243E-05 -2.2479E-04
  9.5640E-02 -1.9189E-01  4.0349E-05 -2.3114E-04
  9.6309E-02 -1.9465E-01  4.1486E-05 -2.3766E-04
  9.6982E-02 -1.9744E-01  4.2655E-05 -2.4437E-04
  9.7661E-02 -2.0025E-01  4.3857E-05 -2.5127E-04
  9.8344E-02 -2.0309E-01  4.5093E-05 -2.5836E-04
  9.9032E-02 -2.0594E-01  4.6364E-05 -2.6565E-04
  9.9725E-02 -2.0882E-01  4.7670E-05 -2.7315E-04
  1.0042E-01 -2.1173E-01  4.9013E-05 -2.8086E-04
  1.0112E-01 -2.1465E-01  5.0394E-05 -2.8879E-04
  1.0183E-01 -2.1760E-01  5.1814E-05 -2.9694E-04
  1.0254E-01 -2.2057E-01  5.3274E-05 -3.0532E-04
  1.0326E-01 -2.2357E-01  5.4774E-05 -3.1393E-04
  1.0398E-01 -2.2658E-01  5.6317E-05 -3.2279E-04
  1.0471E-01 -2.2961E-01  5.7904E-05 -3.3190E-04
  1.0544E-01 -2.3267E-01  5.9534E-05 -3.4127E-04
  1.0618E-01 -2.3574E-01  6.1211E-05 -3.5089E-04
  1.0692E-01 -2.3884E-01  6.2935E-05 -3.6079E-04
  1.0767E-01 -2.4195E-01  6.4707E-05 -3.7097E-04
  1.0842E-01 -2.4509E-01  6.6529E-05 -3.8144E-04
  1.0918E-01 -2.4824E-01  6.8402E-05 -3.9220E-04
  1.0995E-01 -2.5141E-01  7.0328E-05 -4.0326E-04
  1.1072E-01 -2.5460E-01  7.2308E-05 -4.1464E-04
  1.1149E-01 -2.5780E-01  7.4343E-05 -4.2634E-04
  1.1227E-01 -2.6102E-01  7.6436E-05 -4.3836E-04
  1.1305E-01 -2.6426E-01  7.8587E-05 -4.5073E-04
  1.1385E-01 -2.6751E-01  8.0799E-05 -4.6344E-04
  1.1464E-01 -2.7078E-01  8.3073E-05 -4.7651E-04
  1.1544E-01 -2.7406E-01  8.5411E-05 -4.8995E-04
  1.1625E-01 -2.7735E-01  8.7815E-05 -5.0376E-04
  1.1706E-01 -2.8066E-01  9.0285E-05 -5.1797E-04
  1.1788E-01 -2.8398E-01  9.2826E-05 -5.3257E-04
  1.1871E-01 -2.8731E-01  9.5437E-05 -5.4759E-04
  1.1954E-01 -2.9066E-01  9.8122E-05 -5.6303E-04
  1.2037E-01 -2.9401E-01  1.0088E-04 -5.7890E-04
  1.2122E-01 -2.9737E-01  1.0372E-04 -5.9522E-04
  1.2206E-01 -3.0074E-01  1.0664E-04 -6.1200E-04
  1.2292E-01 -3.0412E-01  1.0964E-04 -6.2926E-04
  1.2378E-01 -3.0751E-01  1.1272E-04 -6.4699E-04
  1.2464E-01 -3.1090E-01  1.1589E-04 -6.6523E-04
  1.2551E-01 -3.1429E-01  1.1915E-04 -6.8398E-04
  1.2639E-01 -3.1770E-01  1.2250E-04 -7.0326E-04
  1.2728E-01 -3.2110E-01  1.2594E-04 -7.2308E-04
  1.2817E-01 -3.2451E-01  1.2948E-04 -7.4345E-04
  1.2906E-01 -3.2792E-01  1.3312E-04 -7.6440E-04
  1.2996E-01 -3.3133E-01  1.3686E-04 -7.8594E-04
  1.3087E-01 -3.3474E-01  1.4071E-04 -8.0809E-04
  1.3179E-01 -3.3815E-01  1.4466E-04 -8.3085E-04
  1.3271E-01 -3.4156E-01  1.4872E-04 -8.5426E-04
  1.3364E-01 -3.4497E-01  1.5290E-04 -8.7833E-04
  1.3457E-01 -3.4837E-01  1.5720E-04 -9.0307E-04
  1.3551E-01 -3.5177E-01  1.6161E-04 -9.2850E-04
  1.3646E-01 -3.5515E-01  1.6615E-04 -9.5466E-04
  1.3742E-01 -3.5854E-01  1.7082E-04 -9.8154E-04
  1.3838E-01 -3.6191E-01  1.7562E-04 -1.0092E-03
  1.3934E-01 -3.6528E-01  1.8055E-04 -1.0376E-03
  1.4032E-01 -3.6863E-01  1.8562E-04 -1.0668E-03
  1.4130E-01 -3.7197E-01  1.9083E-04 -1.0969E-03
  1.4229E-01 -3.7530E-01  1.9618E-04 -1.1277E-03
  1.4328E-01 -3.7861E-01  2.0169E-04 -1.1595E-03
  1.4429E-01 -3.8191E-01  2.0735E-04 -1.1921E-03
  1.4529E-01 -3.8519E-01  2.1317E-04 -1.2257E-03
  1.4631E-01 -3.8846E-01  2.1915E-04 -1.2602E-03
  1.4733E-01 -3.9170E-01  2.2530E-04 -1.2956E-03
  1.4836E-01 -3.9492E-01  2.3162E-04 -1.3321E-03
  1.4940E-01 -3.9812E-01  2.3812E-04 -1.3696E-03
  1.5045E-01 -4.0130E-01  2.4480E-04 -1.4081E-03
  1.5150E-01 -4.0445E-01  2.5166E-04 -1.4477E-03
  1.5256E-01 -4.0758E-01  2.5872E-04 -1.4885E-03
  1.5362E-01 -4.1068E-01  2.6597E-04 -1.5303E-03
  1.5470E-01 -4.1374E-01  2.7343E-04 -1.5734E-03
  1.5578E-01 -4.1678E-01  2.8109E-04 -1.6176E-03
  1.5687E-01 -4.1979E-01  2.8897E-04 -1.6631E-03
  1.5797E-01 -4.2276E-01  2.9707E-04 -1.7099E-03
  1.5907E-01 -4.2570E-01  3.0539E-04 -1.7580E-03
  1.6018E-01 -4.2860E-01  3.1395E-04 -1.8074E-03
  1.6130E-01 -4.3146E-01  3.2274E-04 -1.8582E-03
  1.6243E-01 -4.3429E-01  3.3178E-04 -1.9104E-03
  1.6357E-01 -4.3707E-01  3.4107E-04 -1.9641E-03
  1.6471E-01 -4.3981E-01  3.5062E-04 -2.0193E-03
  1.6586E-01 -4.4251E-01  3.6044E-04 -2.0760E-03
  1.6702E-01 -4.4516E-01  3.7053E-04 -2.1344E-03
  1.6819E-01 -4.4776E-01  3.8090E-04 -2.1943E-03
  1.6937E-01 -4.5031E-01  3.9156E-04 -2.2560E-03
  1.7055E-01 -4.5282E-01  4.0252E-04 -2.3193E-03
  1.7174E-01 -4.5527E-01  4.1378E-04 -2.3845E-03
  1.7294E-01 -4.5766E-01  4.2536E-04 -2.4514E-03
  1.7415E-01 -4.6000E-01  4.3725E-04 -2.5202E-03
  1.7537E-01 -4.6229E-01  4.4948E-04 -2.5910E-03
  1.7660E-01 -4.6451E-01  4.6205E-04 -2.6637E-03
  1.7783E-01 -4.6668E-01  4.7497E-04 -2.7385E-03
  1.7908E-01 -4.6878E-01  4.8824E-04 -2.8153E-03
  1.8033E-01 -4.7082E-01  5.0189E-04 -2.8943E-03
  1.8159E-01 -4.7279E-01  5.1591E-04 -2.9755E-03
  1.8286E-01 -4.7470E-01  5.3033E-04 -3.0590E-03
  1.8414E-01 -4.7654E-01  5.4514E-04 -3.1448E-03
  1.8543E-01 -4.7831E-01  5.6037E-04 -3.2329E-03
  1.8672E-01 -4.8000E-01  5.7602E-04 -3.3236E-03
  1.8803E-01 -4.8162E-01  5.9210E-04 -3.4168E-03
  1.8934E-01 -4.8317E-01  6.0863E-04 -3.5125E-03
  1.9067E-01 -4.8463E-01  6.2561E-04 -3.6110E-03
  1.9200E-01 -4.8602E-01  6.4307E-04 -3.7121E-03
  1.9334E-01 -4.8733E-01  6.6101E-04 -3.8161E-03
  1.9469E-01 -4.8856E-01  6.7945E-04 -3.9230E-03
  1.9606E-01 -4.8970E-01  6.9840E-04 -4.0329E-03
  1.9743E-01 -4.9075E-01  7.1788E-04 -4.1458E-03
  1.9881E-01 -4.9172E-01  7.3789E-04 -4.2619E-03
  2.0020E-01 -4.9260E-01  7.5846E-04 -4.3812E-03
  2.0160E-01 -4.9339E-01  7.7960E-04 -4.5038E-03
  2.0301E-01 -4.9408E-01  8.0132E-04 -4.6298E-03
  2.0443E-01 -4.9468E-01  8.2364E-04 -4.7593E-03
  2.0585E-01 -4.9519E-01  8.4658E-04 -4.8925E-03
  2.0729E-01 -4.9560E-01  8.7015E-04 -5.0293E-03
  2.0874E-01 -4.9591E-01  8.9438E-04 -5.1699E-03
  2.1020E-01 -4.9611E-01  9.1927E-04 -5.3144E-03
  2.1167E-01 -4.9622E-01  9.4485E-04 -5.4629E-03
  2.1315E-01 -4.9622E-01  9.7114E-04 -5.6155E-03
  2.1464E-01 -4.9611E-01  9.9815E-04 -5.7724E-03
  2.1614E-01 -4.9590E-01  1.0259E-03 -5.9336E-03
  2.1765E-01 -4.9558E-01  1.0544E-03 -6.0993E-03
  2.1918E-01 -4.9515E-01  1.0837E-03 -6.2695E-03
  2.2071E-01 -4.9461E-01  1.1138E-03 -6.4445E-03
  2.2225E-01 -4.9396E-01  1.1448E-03 -6.6243E-03
  2.2381E-01 -4.9319E-01  1.1766E-03 -6.8091E-03
  2.2537E-01 -4.9230E-01  1.2093E-03 -6.9989E-03
  2.2695E-01 -4.9130E-01  1.2428E-03 -7.1940E-03
  2.2853E-01 -4.9017E-01  1.2773E-03 -7.3946E-03
  2.3013E-01 -4.8893E-01  1.3128E-03 -7.6006E-03
  2.3174E-01 -4.8757E-01  1.3492E-03 -7.8123E-03
  2.3336E-01 -4.8608E-01  1.3866E-03 -8.0298E-03
  2.3499E-01 -4.8447E-01  1.4250E-03 -8.2534E-03
  2.3664E-01 -4.8274E-01  1.4645E-03 -8.4831E-03
  2.3829E-01 -4.8088E-01  1.5051E-03 -8.7191E-03
  2.3996E-01 -4.7889E-01  1.5468E-03 -8.9616E-03
  2.4163E-01 -4.7677E-01  1.5896E-03 -9.2108E-03
  2.4332E-01 -4.7453E-01  1.6337E-03 -9.4668E-03
  2.4502E-01 -4.7215E-01  1.6789E-03 -9.7298E-03
  2.4674E-01 -4.6964E-01  1.7253E-03 -1.0000E-02
  2.4846E-01 -4.6700E-01  1.7731E-03 -1.0278E-02
  2.5020E-01 -4.6423E-01  1.8221E-03 -1.0563E-02
  2.5195E-01 -4.6132E-01  1.8724E-03 -1.0856E-02
  2.5371E-01 -4.5827E-01  1.9242E-03 -1.1157E-02
  2.5548E-01 -4.5509E-01  1.9773E-03 -1.1466E-02
  2.5727E-01 -4.5178E-01  2.0320E-03 -1.1784E-02
  2.5907E-01 -4.4832E-01  2.0881E-03 -1.2111E-02
  2.6088E-01 -4.4473E-01  2.1457E-03 -1.2446E-02
  2.6270E-01 -4.4100E-01  2.2049E-03 -1.2791E-02
  2.6454E-01 -4.3713E-01  2.2657E-03 -1.3144E-02
  2.6639E-01 -4.3312E-01  2.3282E-03 -1.3508E-02
  2.6825E-01 -4.2898E-01  2.3923E-03 -1.3881E-02
  2.7013E-01 -4.2469E-01  2.4582E-03 -1.4265E-02
  2.7202E-01 -4.2026E-01  2.5259E-03 -1.4659E-02
  2.7392E-01 -4.1568E-01  2.5955E-03 -1.5063E-02
  2.7583E-01 -4.1097E-01  2.6669E-03 -1.5479E-02
  2.7776E-01 -4.0612E-01  2.7403E-03 -1.5906E-02
  2.7970E-01 -4.0112E-01  2.8156E-03 -1.6344E-02
  2.8166E-01 -3.9598E-01  2.8930E-03 -1.6795E-02
  2.8363E-01 -3.9070E-01  2.9725E-03 -1.7257E-02
  2.8561E-01 -3.8528E-01  3.0541E-03 -1.7732E-02
  2.8761E-01 -3.7972E-01  3.1380E-03 -1.8219E-02
  2.8962E-01 -3.7401E-01  3.2241E-03 -1.8720E-02
  2.9164E-01 -3.6817E-01  3.3125E-03 -1.9234E-02
  2.9368E-01 -3.6218E-01  3.4034E-03 -1.9762E-02
  2.9574E-01 -3.5605E-01  3.4966E-03 -2.0305E-02
  2.9780E-01 -3.4978E-01  3.5924E-03 -2.0861E-02
  2.9989E-01 -3.4337E-01  3.6908E-03 -2.1433E-02
  3.0198E-01 -3.3682E-01  3.7918E-03 -2.2020E-02
  3.0409E-01 -3.3013E-01  3.8956E-03 -2.2622E-02
  3.0622E-01 -3.2331E-01  4.0021E-03 -2.3241E-02
  3.0836E-01 -3.1634E-01  4.1115E-03 -2.3876E-02
  3.1052E-01 -3.0924E-01  4.2238E-03 -2.4528E-02
  3.1269E-01 -3.0200E-01  4.3391E-03 -2.5197E-02
  3.1487E-01 -2.9463E-01  4.4576E-03 -2.5884E-02
  3.1708E-01 -2.8712E-01  4.5792E-03 -2.6589E-02
  3.1929E-01 -2.7948E-01  4.7040E-03 -2.7313E-02
  3.2152E-01 -2.7170E-01  4.8322E-03 -2.8056E-02
  3.2377E-01 -2.6380E-01  4.9638E-03 -2.8819E-02
  3.2604E-01 -2.5576E-01  5.0990E-03 -2.9601E-02
  3.2831E-01 -2.4759E-01  5.2377E-03 -3.0404E-02
  3.3061E-01 -2.3930E-01  5.3801E-03 -3.1228E-02
  3.3292E-01 -2.3088E-01  5.5263E-03 -3.2074E-02
  3.3525E-01 -2.2233E-01  5.6765E-03 -3.2942E-02
  3.3759E-01 -2.1366E-01  5.8306E-03 -3.3832E-02
  3.3995E-01 -2.0487E-01  5.9888E-03 -3.4746E-02
  3.4233E-01 -1.9596E-01  6.1511E-03 -3.5683E-02
  3.4472E-01 -1.8692E-01  6.3178E-03 -3.6644E-02
  3.4713E-01 -1.7777E-01  6.4889E-03 -3.7631E-02
  3.4956E-01 -1.6851E-01  6.6646E-03 -3.8643E-02
  3.5200E-01 -1.5913E-01  6.8448E-03 -3.9681E-02
  3.5446E-01 -1.4963E-01  7.0299E-03 -4.0745E-02
  3.5694E-01 -1.4003E-01  7.2198E-03 -4.1837E-02
  3.5944E-01 -1.3032E-01  7.4147E-03 -4.2957E-02
  3.6195E-01 -1.2050E-01  7.6147E-03 -4.4105E-02
  3.6448E-01 -1.1058E-01  7.8201E-03 -4.5283E-02
  3.6703E-01 -1.0056E-01  8.0307E-03 -4.6490E-02
  3.6959E-01 -9.0440E-02  8.2470E-03 -4.7728E-02
  3.7218E-01 -8.0220E-02  8.4689E-03 -4.8997E-02
  3.7478E-01 -6.9905E-02  8.6966E-03 -5.0299E-02
  3.7740E-01 -5.9498E-02  8.9302E-03 -5.1632E-02
  3.8004E-01 -4.9000E-02  9.1700E-03 -5.3000E-02
  3.8270E-01 -3.8415E-02  9.4160E-03 -5.4401E-02
  3.8537E-01 -2.7744E-02  9.6684E-03 -5.5837E-02
  3.8806E-01 -1.6991E-02  9.9274E-03 -5.7309E-02
  3.9078E-01 -6.1571E-03  1.0193E-02 -5.8817E-02
  3.9351E-01  4.7536E-03  1.0466E-02 -6.0363E-02
  3.9626E-01  1.5739E-02  1.0745E-02 -6.1946E-02
  3.9903E-01  2.6796E-02  1.1032E-02 -6.3568E-02
  4.0182E-01  3.7922E-02  1.1327E-02 -6.5230E-02
  4.0463E-01  4.9115E-02  1.1629E-02 -6.6931E-02
  4.0746E-01  6.0370E-02  1.1938E-02 -6.8674E-02
  4.1031E-01  7.1686E-02  1.2256E-02 -7.0459E-02
  4.1317E-01  8.3059E-02  1.2582E-02 -7.2287E-02
  4.1606E-01  9.4486E-02  1.2916E-02 -7.4159E-02
  4.1897E-01  1.0596E-01  1.3259E-02 -7.6075E-02
  4.2190E-01  1.1749E-01  1.3610E-02 -7.8036E-02
  4.2485E-01  1.2906E-01  1.3971E-02 -8.0044E-02
  4.2782E-01  1.4067E-01  1.4341E-02 -8.2098E-02
  4.3081E-01  1.5233E-01  1.4720E-02 -8.4201E-02
  4.3382E-01  1.6401E-01  1.5109E-02 -8.6352E-02
  4.3686E-01  1.7573E-01  1.5507E-02 -8.8553E-02
  4.3991E-01  1.8748E-01  1.5916E-02 -9.0805E-02
  4.4298E-01  1.9925E-01  1.6335E-02 -9.3108E-02
  4.4608E-01  2.1104E-01  1.6765E-02 -9.5463E-02
  4.4920E-01  2.2286E-01  1.7206E-02 -9.7871E-02
  4.5234E-01  2.3468E-01  1.7657E-02 -1.0033E-01
  4.5550E-01  2.4652E-01  1.8121E-02 -1.0285E-01
  4.5869E-01  2.5837E-01  1.8595E-02 -1.0542E-01
  4.6189E-01  2.7023E-01  1.9082E-02 -1.0805E-01
  4.6512E-01  2.8208E-01  1.9581E-02 -1.1074E-01
  4.6837E-01  2.9393E-01  2.0092E-02 -1.1348E-01
  4.7165E-01  3.0578E-01  2.0616E-02 -1.1629E-01
  4.7494E-01  3.1762E-01  2.1153E-02 -1.1915E-01
  4.7827E-01  3.2944E-01  2.1703E-02 -1.2208E-01
  4.8161E-01  3.4125E-01  2.2267E-02 -1.2506E-01
  4.8498E-01  3.5304E-01  2.2844E-02 -1.2811E-01
  4.8837E-01  3.6480E-01  2.3437E-02 -1.3122E-01
  4.9178E-01  3.7654E-01  2.4043E-02 -1.3439E-01
  4.9522E-01  3.8825E-01  2.4665E-02 -1.3763E-01
  4.9868E-01  3.9992E-01  2.5301E-02 -1.4093E-01
  5.0217E-01  4.1156E-01  2.5954E-02 -1.4430E-01
  5.0568E-01  4.2315E-01  2.6622E-02 -1.4774E-01
  5.0921E-01  4.3470E-01  2.7306E-02 -1.5124E-01
  5.1277E-01  4.4620E-01  2.8007E-02 -1.5480E-01
  5.1635E-01  4.5765E-01  2.8725E-02 -1.5844E-01
  5.1996E-01  4.6905E-01  2.9461E-02 -1.6214E-01
  5.2360E-01  4.8038E-01  3.0214E-02 -1.6591E-01
  5.2726E-01  4.9165E-01  3.0985E-02 -1.6975E-01
  5.3095E-01  5.0286E-01  3.1774E-02 -1.7365E-01
  5.3466E-01  5.1399E-01  3.2583E-02 -1.7763E-01
  5.3839E-01  5.2506E-01  3.3411E-02 -1.8167E-01
  5.4216E-01  5.3604E-01  3.4258E-02 -1.8578E-01
  5.4595E-01  5.4695E-01  3.5126E-02 -1.8996E-01
  5.4976E-01  5.5777E-01  3.6014E-02 -1.9421E-01
  5.5361E-01  5.6850E-01  3.6923E-02 -1.9852E-01
  5.5748E-01  5.7915E-01  3.7853E-02 -2.0290E-01
  5.6137E-01  5.8970E-01  3.8805E-02 -2.0735E-01
  5.6530E-01  6.0015E-01  3.9779E-02 -2.1187E-01
  5.6925E-01  6.1050E-01  4.0776E-02 -2.1645E-01
  5.7323E-01  6.2075E-01  4.1796E-02 -2.2109E-01
  5.7724E-01  6.3089E-01  4.2840E-02 -2.2580E-01
  5.8127E-01  6.4092E-01  4.3908E-02 -2.3057E-01
  5.8534E-01  6.5084E-01  4.5000E-02 -2.3540E-01
  5.8943E-01  6.6065E-01  4.6118E-02 -2.4029E-01
  5.9355E-01  6.7033E-01  4.7260E-02 -2.4524E-01
  5.9770E-01  6.7990E-01  4.8429E-02 -2.5025E-01
  6.0187E-01  6.8934E-01  4.9624E-02 -2.5530E-01
  6.0608E-01  6.9865E-01  5.0847E-02 -2.6041E-01
  6.1032E-01  7.0783E-01  5.2096E-02 -2.6557E-01
  6.1459E-01  7.1688E-01  5.3374E-02 -2.7078E-01
  6.1888E-01  7.2579E-01  5.4680E-02 -2.7603E-01
  6.2321E-01  7.3457E-01  5.6015E-02 -2.8132E-01
  6.2756E-01  7.4320E-01  5.7380E-02 -2.8665E-01
  6.3195E-01  7.5169E-01  5.8774E-02 -2.9202E-01
  6.3637E-01  7.6004E-01  6.0200E-02 -2.9741E-01
  6.4082E-01  7.6824E-01  6.1656E-02 -3.0283E-01
  6.4530E-01  7.7629E-01  6.3144E-02 -3.0827E-01
  6.4981E-01  7.8419E-01  6.4664E-02 -3.1373E-01
  6.5435E-01  7.9194E-01  6.6217E-02 -3.1920E-01
  6.5892E-01  7.9953E-01  6.7803E-02 -3.2468E-01
  6.6353E-01  8.0696E-01  6.9423E-02 -3.3016E-01
  6.6817E-01  8.1424E-01  7.1078E-02 -3.3564E-01
  6.7284E-01  8.2135E-01  7.2767E-02 -3.4110E-01
  6.7754E-01  8.2831E-01  7.4492E-02 -3.4654E-01
  6.8228E-01  8.3510E-01  7.6253E-02 -3.5197E-01
  6.8705E-01  8.4172E-01  7.8050E-02 -3.5735E-01
  6.9185E-01  8.4818E-01  7.9884E-02 -3.6270E-01
  6.9669E-01  8.5447E-01  8.1756E-02 -3.6800E-01
  7.0156E-01  8.6059E-01  8.3667E-02 -3.7324E-01
  7.0646E-01  8.6654E-01  8.5616E-02 -3.7842E-01
  7.1140E-01  8.7232E-01  8.7604E-02 -3.8351E-01
  7.1637E-01  8.7793E-01  8.9633E-02 -3.8852E-01
  7.2138E-01  8.8336E-01  9.1701E-02 -3.9344E-01
  7.2642E-01  8.8862E-01  9.3811E-02 -3.9824E-01
  7.3150E-01  8.9371E-01  9.5962E-02 -4.0292E-01
  7.3661E-01  8.9862E-01  9.8155E-02 -4.0747E-01
  7.4176E-01  9.0336E-01  1.0039E-01 -4.1188E-01
  7.4695E-01  9.0792E-01  1.0267E-01 -4.1612E-01
  7.5217E-01  9.1231E-01  1.0499E-01 -4.2019E-01
  7.5743E-01  9.1652E-01  1.0736E-01 -4.2408E-01
  7.6272E-01  9.2055E-01  1.0977E-01 -4.2776E-01
  7.6805E-01  9.2441E-01  1.1222E-01 -4.3122E-01
  7.7342E-01  9.2809E-01  1.1472E-01 -4.3444E-01
  7.7883E-01  9.3160E-01  1.1727E-01 -4.3741E-01
  7.8427E-01  9.3493E-01  1.1986E-01 -4.4011E-01
  7.8976E-01  9.3808E-01  1.2250E-01 -4.4253E-01
  7.9528E-01  9.4106E-01  1.2519E-01 -4.4463E-01
  8.0084E-01  9.4386E-01  1.2792E-01 -4.4641E-01
  8.0643E-01  9.4649E-01  1.3070E-01 -4.4783E-01
  8.1207E-01  9.4895E-01  1.3353E-01 -4.4889E-01
  8.1775E-01  9.5123E-01  1.3641E-01 -4.4956E-01
  8.2346E-01  9.5334E-01  1.3934E-01 -4.4981E-01
  8.2922E-01  9.5527E-01  1.4232E-01 -4.4963E-01
  8.3502E-01  9.5704E-01  1.4534E-01 -4.4899E-01
  8.4085E-01  9.5863E-01  1.4842E-01 -4.4786E-01
  8.4673E-01  9.6006E-01  1.5154E-01 -4.4622E-01
  8.5265E-01  9.6132E-01  1.5472E-01 -4.4404E-01
  8.5861E-01  9.6241E-01  1.5795E-01 -4.4130E-01
  8.6461E-01  9.6333E-01  1.6122E-01 -4.3798E-01
  8.7065E-01  9.6409E-01  1.6455E-01 -4.3403E-01
  8.7674E-01  9.6469E-01  1.6792E-01 -4.2944E-01
  8.8287E-01  9.6513E-01  1.7135E-01 -4.2417E-01
  8.8904E-01  9.6540E-01  1.7483E-01 -4.1820E-01
  8.9526E-01  9.6552E-01  1.7836E-01 -4.1150E-01
  9.0151E-01  9.6547E-01  1.8194E-01 -4.0403E-01
  9.0781E-01  9.6527E-01  1.8556E-01 -3.9577E-01
  9.1416E-01  9.6492E-01  1.8924E-01 -3.8668E-01
  9.2055E-01  9.6442E-01  1.9297E-01 -3.7673E-01
  9.2699E-01  9.6376E-01  1.9675E-01 -3.6590E-01
  9.3347E-01  9.6295E-01  2.0057E-01 -3.5414E-01
  9.3999E-01  9.6200E-01  2.0445E-01 -3.4142E-01
  9.4656E-01  9.6090E-01  2.0837E-01 -3.2772E-01
  9.5318E-01  9.5966E-01  2.1234E-01 -3.1300E-01
  9.5984E-01  9.5827E-01  2.1636E-01 -2.9722E-01
  9.6655E-01  9.5675E-01  2.2043E-01 -2.8036E-01
  9.7331E-01  9.5508E-01  2.2454E-01 -2.6239E-01
  9.8011E-01  9.5328E-01  2.2869E-01 -2.4326E-01
  9.8696E-01  9.5135E-01  2.3289E-01 -2.2295E-01
  9.9386E-01  9.4928E-01  2.3714E-01 -2.0143E-01
  1.0008E+00  9.4708E-01  2.4142E-01 -1.7866E-01
  1.0078E+00  9.4476E-01  2.4575E-01 -1.5462E-01
  1.0148E+00  9.4231E-01  2.5012E-01 -1.2928E-01
  1.0219E+00  9.3974E-01  2.5453E-01 -1.0260E-01
  1.0291E+00  9.3704E-01  2.5897E-01 -7.4561E-02
  1.0363E+00  9.3423E-01  2.6345E-01 -4.5137E-02
  1.0435E+00  9.3129E-01  2.6797E-01 -1.4301E-02
  1.0508E+00  9.2825E-01  2.7252E-01  1.7971E-02
  1.0582E+00  9.2509E-01  2.7711E-01  5.1700E-02
  1.0656E+00  9.2182E-01  2.8172E-01  8.6908E-02
  1.0730E+00  9.1844E-01  2.8637E-01  1.2361E-01
  1.0805E+00  9.1495E-01  2.9104E-01  1.6183E-01
  1.0881E+00  9.1136E-01  2.9573E-01  2.0158E-01
  1.0957E+00  9.0767E-01  3.0045E-01  2.4286E-01
  1.1033E+00  9.0388E-01  3.0519E-01  2.8570E-01
  1.1110E+00  8.9999E-01  3.0995E-01  3.3009E-01
  1.1188E+00  8.9601E-01  3.1472E-01  3.7604E-01
  1.1266E+00  8.9193E-01  3.1951E-01  4.2354E-01
  1.1345E+00  8.8777E-01  3.2431E-01  4.7261E-01
  1.1424E+00  8.8351E-01  3.2912E-01  5.2322E-01
  1.1504E+00  8.7917E-01  3.3394E-01  5.7538E-01
  1.1585E+00  8.7475E-01  3.3876E-01  6.2906E-01
  1.1666E+00  8.7024E-01  3.4358E-01  6.8425E-01
  1.1747E+00  8.6566E-01  3.4840E-01  7.4092E-01
  1.1829E+00  8.6099E-01  3.5321E-01  7.9905E-01
  1.1912E+00  8.5626E-01  3.5801E-01  8.5861E-01
  1.1995E+00  8.5144E-01  3.6281E-01  9.1955E-01
  1.2079E+00  8.4656E-01  3.6758E-01  9.8185E-01
  1.2163E+00  8.4161E-01  3.7234E-01  1.0454E+00
  1.2248E+00  8.3660E-01  3.7708E-01  1.1103E+00
  1.2334E+00  8.3152E-01  3.8179E-01  1.1763E+00
  1.2420E+00  8.2638E-01  3.8647E-01  1.2435E+00
  1.2507E+00  8.2117E-01  3.9111E-01  1.3117E+00
  1.2594E+00  8.1591E-01  3.9572E-01  1.3809E+00
  1.2683E+00  8.1060E-01  4.0029E-01  1.4510E+00
  1.2771E+00  8.0523E-01  4.0481E-01  1.5219E+00
  1.2860E+00  7.9981E-01  4.0928E-01  1.5935E+00
  1.2950E+00  7.9434E-01  4.1370E-01  1.6657E+00
  1.3041E+00  7.8882E-01  4.1806E-01  1.7384E+00
  1.3132E+00  7.8325E-01  4.2236E-01  1.8115E+00
  1.3224E+00  7.7765E-01  4.2659E-01  1.8849E+00
  1.3316E+00  7.7200E-01  4.3074E-01  1.9585E+00
  1.3409E+00  7.6631E-01  4.3482E-01  2.0320E+00
  1.3503E+00  7.6058E-01  4.3882E-01  2.1054E+00
  1.3597E+00  7.5482E-01  4.4274E-01  2.1786E+00
  1.3692E+00  7.4903E-01  4.4656E-01  2.2513E+00
  1.3788E+00  7.4320E-01  4.5029E-01  2.3234E+00
  1.3885E+00  7.3734E-01  4.5392E-01  2.3948E+00
  1.3982E+00  7.3145E-01  4.5744E-01  2.4653E+00
  1.4079E+00  7.2554E-01  4.6085E-01  2.5347E+00
  1.4178E+00  7.1960E-01  4.6415E-01  2.6028E+00
  1.4277E+00  7.1364E-01  4.6734E-01  2.6694E+00
  1.4377E+00  7.0766E-01  4.7039E-01  2.7344E+00
  1.4477E+00  7.0166E-01  4.7333E-01  2.7976E+00
  1.4578E+00  6.9564E-01  4.7612E-01  2.8588E+00
  1.4680E+00  6.8961E-01  4.7878E-01  2.9177E+00
  1.4783E+00  6.8356E-01  4.8130E-01  2.9742E+00
  1.4886E+00  6.7750E-01  4.8368E-01  3.0281E+00
  1.4990E+00  6.7143E-01  4.8590E-01  3.0791E+00
  1.5095E+00  6.6535E-01  4.8797E-01  3.1272E+00
  1.5201E+00  6.5926E-01  4.8988E-01  3.1720E+00
  1.5307E+00  6.5316E-01  4.9163E-01  3.2133E+00
  1.5414E+00  6.4706E-01  4.9322E-01  3.2511E+00
  1.5522E+00  6.4095E-01  4.9463E-01  3.2850E+00
  1.5630E+00  6.3485E-01  4.9587E-01  3.3150E+00
  1.5739E+00  6.2874E-01  4.9694E-01  3.3407E+00
  1.5849E+00  6.2263E-01  4.9782E-01  3.3621E+00
  1.5960E+00  6.1653E-01  4.9853E-01  3.3790E+00
  1.6072E+00  6.1043E-01  4.9905E-01  3.3912E+00
  1.6184E+00  6.0433E-01  4.9938E-01  3.3986E+00
  1.6297E+00  5.9824E-01  4.9953E-01  3.4009E+00
  1.6411E+00  5.9216E-01  4.9949E-01  3.3982E+00
  1.6526E+00  5.8609E-01  4.9925E-01  3.3903E+00
  1.6641E+00  5.8003E-01  4.9883E-01  3.3770E+00
  1.6758E+00  5.7398E-01  4.9821E-01  3.3584E+00
  1.6875E+00  5.6794E-01  4.9739E-01  3.3342E+00
  1.6993E+00  5.6192E-01  4.9639E-01  3.3046E+00
  1.7111E+00  5.5591E-01  4.9519E-01  3.2694E+00
  1.7231E+00  5.4991E-01  4.9379E-01  3.2287E+00
  1.7351E+00  5.4394E-01  4.9221E-01  3.1825E+00
  1.7473E+00  5.3798E-01  4.9043E-01  3.1307E+00
  1.7595E+00  5.3204E-01  4.8847E-01  3.0735E+00
  1.7718E+00  5.2612E-01  4.8632E-01  3.0110E+00
  1.7842E+00  5.2022E-01  4.8399E-01  2.9432E+00
  1.7966E+00  5.1435E-01  4.8148E-01  2.8703E+00
  1.8092E+00  5.0849E-01  4.7879E-01  2.7924E+00
  1.8218E+00  5.0266E-01  4.7593E-01  2.7098E+00
  1.8346E+00  4.9686E-01  4.7290E-01  2.6227E+00
  1.8474E+00  4.9108E-01  4.6970E-01  2.5313E+00
  1.8603E+00  4.8533E-01  4.6635E-01  2.4359E+00
  1.8733E+00  4.7961E-01  4.6284E-01  2.3368E+00
  1.8864E+00  4.7391E-01  4.5919E-01  2.2343E+00
  1.8996E+00  4.6825E-01  4.5540E-01  2.1288E+00
  1.9129E+00  4.6261E-01  4.5147E-01  2.0208E+00
  1.9263E+00  4.5700E-01  4.4742E-01  1.9105E+00
  1.9397E+00  4.5143E-01  4.4324E-01  1.7984E+00
  1.9533E+00  4.4589E-01  4.3896E-01  1.6851E+00
  1.9669E+00  4.4038E-01  4.3457E-01  1.5710E+00
  1.9807E+00  4.3490E-01  4.3008E-01  1.4566E+00
  1.9945E+00  4.2946E-01  4.2551E-01  1.3425E+00
  2.0085E+00  4.2405E-01  4.2086E-01  1.2292E+00
  2.0225E+00  4.1868E-01  4.1613E-01  1.1173E+00
  2.0366E+00  4.1334E-01  4.1135E-01  1.0073E+00
  2.0509E+00  4.0804E-01  4.0652E-01  8.9983E-01
  2.0652E+00  4.0277E-01  4.0164E-01  7.9552E-01
  2.0796E+00  3.9755E-01  3.9672E-01  6.9495E-01
  2.0942E+00  3.9236E-01  3.9178E-01  5.9871E-01
  2.1088E+00  3.8720E-01  3.8683E-01  5.0740E-01
  2.1236E+00  3.8209E-01  3.8186E-01  4.2160E-01
  2.1384E+00  3.7702E-01  3.7689E-01  3.4189E-01
  2.1533E+00  3.7198E-01  3.7193E-01  2.6880E-01
  2.1684E+00  3.6699E-01  3.6698E-01  2.0288E-01
  2.1836E+00  3.6203E-01  3.6205E-01  1.4463E-01
  2.1988E+00  3.5712E-01  3.5714E-01  9.4502E-02
  2.2142E+00  3.5224E-01  3.5227E-01  5.2928E-02
  2.2297E+00  3.4741E-01  3.4743E-01  2.0283E-02
  2.2452E+00  3.4262E-01  3.4263E-01 -3.1100E-03
  2.2609E+00  3.3787E-01  3.3788E-01 -1.6989E-02
  2.2767E+00  3.3316E-01  3.3316E-01 -2.1161E-02
  2.2927E+00  3.2849E-01  3.2849E-01 -1.5510E-02
  2.3087E+00  3.2387E-01  3.2387E-01  0.0000E+00
  2.3248E+00  3.1929E-01  3.1929E-01  0.0000E+00
  2.3411E+00  3.1475E-01  3.1475E-01  0.0000E+00
  2.3574E+00  3.1025E-01  3.1025E-01  0.0000E+00
  2.3739E+00  3.0580E-01  3.0580E-01  0.0000E+00
  2.3905E+00  3.0138E-01  3.0138E-01  0.0000E+00
  2.4072E+00  2.9702E-01  2.9702E-01  0.0000E+00
  2.4240E+00  2.9269E-01  2.9269E-01  0.0000E+00
  2.4410E+00  2.8841E-01  2.8841E-01  0.0000E+00
  2.4580E+00  2.8417E-01  2.8417E-01  0.0000E+00
  2.4752E+00  2.7997E-01  2.7997E-01  0.0000E+00
  2.4925E+00  2.7582E-01  2.7582E-01  0.0000E+00
  2.5100E+00  2.7171E-01  2.7171E-01  0.0000E+00
  2.5275E+00  2.6765E-01  2.6765E-01  0.0000E+00
  2.5452E+00  2.6363E-01  2.6363E-01  0.0000E+00
  2.5630E+00  2.5965E-01  2.5965E-01  0.0000E+00
  2.5809E+00  2.5571E-01  2.5571E-01  0.0000E+00
  2.5989E+00  2.5182E-01  2.5182E-01  0.0000E+00
  2.6171E+00  2.4797E-01  2.4797E-01  0.0000E+00
  2.6354E+00  2.4416E-01  2.4416E-01  0.0000E+00
  2.6538E+00  2.4040E-01  2.4040E-01  0.0000E+00
  2.6723E+00  2.3667E-01  2.3667E-01  0.0000E+00
  2.6910E+00  2.3300E-01  2.3300E-01  0.0000E+00
  2.7098E+00  2.2936E-01  2.2936E-01  0.0000E+00
  2.7288E+00  2.2577E-01  2.2577E-01  0.0000E+00
  2.7478E+00  2.2221E-01  2.2221E-01  0.0000E+00
  2.7670E+00  2.1870E-01  2.1870E-01  0.0000E+00
  2.7864E+00  2.1524E-01  2.1524E-01  0.0000E+00
  2.8059E+00  2.1181E-01  2.1181E-01  0.0000E+00
  2.8255E+00  2.0843E-01  2.0843E-01  0.0000E+00
  2.8452E+00  2.0508E-01  2.0508E-01  0.0000E+00
  2.8651E+00  2.0178E-01  2.0178E-01  0.0000E+00
  2.8851E+00  1.9852E-01  1.9852E-01  0.0000E+00
  2.9053E+00  1.9530E-01  1.9530E-01  0.0000E+00
  2.9256E+00  1.9212E-01  1.9212E-01  0.0000E+00
  2.9461E+00  1.8898E-01  1.8898E-01  0.0000E+00
  2.9667E+00  1.8588E-01  1.8588E-01  0.0000E+00
  2.9874E+00  1.8282E-01  1.8282E-01  0.0000E+00
  3.0083E+00  1.7980E-01  1.7980E-01  0.0000E+00
  3.0293E+00  1.7682E-01  1.7682E-01  0.0000E+00
  3.0505E+00  1.7388E-01  1.7388E-01  0.0000E+00
  3.0718E+00  1.7098E-01  1.7098E-01  0.0000E+00
  3.0933E+00  1.6811E-01  1.6811E-01  0.0000E+00
  3.1149E+00  1.6528E-01  1.6528E-01  0.0000E+00
  3.1367E+00  1.6249E-01  1.6249E-01  0.0000E+00
  3.1586E+00  1.5974E-01  1.5974E-01  0.0000E+00
  3.1807E+00  1.5703E-01  1.5703E-01  0.0000E+00
  3.2029E+00  1.5435E-01  1.5435E-01  0.0000E+00
  3.2253E+00  1.5171E-01  1.5171E-01  0.0000E+00
  3.2478E+00  1.4910E-01  1.4910E-01  0.0000E+00
  3.2705E+00  1.4653E-01  1.4653E-01  0.0000E+00
