  0.0000000E+00  0.0000000E+00  0.0000000E+00
  5.4071230E-07  2.4272757E-04  5.6169665E-14
  1.0851821E-06  7.0011055E-04  2.2624269E-13
  1.6334355E-06  1.3038020E-03  5.1259373E-13
  2.1854987E-06  2.0298644E-03  9.1763600E-13
  2.7413983E-06  2.8639876E-03  1.4438219E-12
  3.3011610E-06  3.7985653E-03  2.0936435E-12
  3.8648135E-06  4.8270885E-03  2.8696333E-12
  4.4323828E-06  5.9447979E-03  3.7743647E-12
  5.0038963E-06  7.1481087E-03  4.8104527E-12
  5.5793814E-06  8.4341889E-03  5.9805542E-12
  6.1588655E-06  9.8007701E-03  7.2873693E-12
  6.7423766E-06  1.1246007E-02  8.7336412E-12
  7.3299425E-06  1.2768393E-02  1.0322157E-11
  7.9215916E-06  1.4366692E-02  1.2055750E-11
  8.5173520E-06  1.6039886E-02  1.3937296E-11
  9.1172525E-06  1.7787140E-02  1.5969720E-11
  9.7213218E-06  1.9607775E-02  1.8155992E-11
  1.0329589E-05  2.1501238E-02  2.0499129E-11
  1.0942083E-05  2.3467094E-02  2.3002197E-11
  1.1558833E-05  2.5505002E-02  2.5668312E-11
  1.2179869E-05  2.7614710E-02  2.8500638E-11
  1.2805221E-05  2.9796039E-02  3.1502389E-11
  1.3434918E-05  3.2048881E-02  3.4676831E-11
  1.4068992E-05  3.4373186E-02  3.8027282E-11
  1.4707471E-05  3.6768961E-02  4.1557111E-11
  1.5350388E-05  3.9236261E-02  4.5269743E-11
  1.5997772E-05  4.1775186E-02  4.9168655E-11
  1.6649655E-05  4.4385881E-02  5.3257380E-11
  1.7306068E-05  4.7068526E-02  5.7539506E-11
  1.7967042E-05  4.9823338E-02  6.2018678E-11
  1.8632610E-05  5.2650566E-02  6.6698598E-11
  1.9302802E-05  5.5550491E-02  7.1583028E-11
  1.9977652E-05  5.8523423E-02  7.6675787E-11
  2.0657192E-05  6.1569699E-02  8.1980754E-11
  2.1341454E-05  6.4689680E-02  8.7501870E-11
  2.2030471E-05  6.7883755E-02  9.3243139E-11
  2.2724276E-05  7.1152332E-02  9.9208625E-11
  2.3422902E-05  7.4495843E-02  1.0540246E-10
  2.4126383E-05  7.7914742E-02  1.1182883E-10
  2.4834753E-05  8.1409502E-02  1.1849199E-10
  2.5548045E-05  8.4980615E-02  1.2539629E-10
  2.6266294E-05  8.8628593E-02  1.3254609E-10
  2.6989534E-05  9.2353966E-02  1.3994588E-10
  2.7717800E-05  9.6157279E-02  1.4760017E-10
  2.8451127E-05  1.0003910E-01  1.5551357E-10
  2.9189550E-05  1.0400000E-01  1.6369075E-10
  2.9933104E-05  1.0804059E-01  1.7213645E-10
  3.0681825E-05  1.1216146E-01  1.8085550E-10
  3.1435750E-05  1.1636326E-01  1.8985279E-10
  3.2194913E-05  1.2064663E-01  1.9913328E-10
  3.2959352E-05  1.2501221E-01  2.0870203E-10
  3.3729103E-05  1.2946068E-01  2.1856415E-10
  3.4504203E-05  1.3399273E-01  2.2872485E-10
  3.5284690E-05  1.3860906E-01  2.3918941E-10
  3.6070600E-05  1.4331038E-01  2.4996320E-10
  3.6861972E-05  1.4809741E-01  2.6105166E-10
  3.7658843E-05  1.5297090E-01  2.7246033E-10
  3.8461251E-05  1.5793161E-01  2.8419482E-10
  3.9269236E-05  1.6298029E-01  2.9626083E-10
  4.0082835E-05  1.6811772E-01  3.0866416E-10
  4.0902088E-05  1.7334471E-01  3.2141068E-10
  4.1727034E-05  1.7866206E-01  3.3450636E-10
  4.2557713E-05  1.8407058E-01  3.4795726E-10
  4.3394165E-05  1.8957111E-01  3.6176954E-10
  4.4236429E-05  1.9516448E-01  3.7594945E-10
  4.5084546E-05  2.0085157E-01  3.9050332E-10
  4.5938556E-05  2.0663323E-01  4.0543760E-10
  4.6798502E-05  2.1251035E-01  4.2075882E-10
  4.7664423E-05  2.1848382E-01  4.3647363E-10
  4.8536361E-05  2.2455455E-01  4.5258876E-10
  4.9414359E-05  2.3072346E-01  4.6911106E-10
  5.0298458E-05  2.3699148E-01  4.8604747E-10
  5.1188701E-05  2.4335956E-01  5.0340504E-10
  5.2085130E-05  2.4982865E-01  5.2119093E-10
  5.2987789E-05  2.5639972E-01  5.3941241E-10
  5.3896720E-05  2.6307375E-01  5.5807686E-10
  5.4811968E-05  2.6985174E-01  5.7719177E-10
  5.5733576E-05  2.7673470E-01  5.9676473E-10
  5.6661588E-05  2.8372364E-01  6.1680349E-10
  5.7596049E-05  2.9081959E-01  6.3731585E-10
  5.8537004E-05  2.9802362E-01  6.5830979E-10
  5.9484497E-05  3.0533676E-01  6.7979337E-10
  6.0438575E-05  3.1276009E-01  7.0177480E-10
  6.1399283E-05  3.2029470E-01  7.2426239E-10
  6.2366667E-05  3.2794168E-01  7.4726459E-10
  6.3340773E-05  3.3570213E-01  7.7078997E-10
  6.4321649E-05  3.4357720E-01  7.9484724E-10
  6.5309341E-05  3.5156800E-01  8.1944523E-10
  6.6303896E-05  3.5967568E-01  8.4459291E-10
  6.7305363E-05  3.6790142E-01  8.7029938E-10
  6.8313789E-05  3.7624638E-01  8.9657388E-10
  6.9329223E-05  3.8471175E-01  9.2342578E-10
  7.0351713E-05  3.9329874E-01  9.5086461E-10
  7.1381308E-05  4.0200856E-01  9.7890002E-10
  7.2418058E-05  4.1084243E-01  1.0075418E-09
  7.3462013E-05  4.1980161E-01  1.0368000E-09
  7.4513223E-05  4.2888734E-01  1.0666846E-09
  7.5571737E-05  4.3810091E-01  1.0972059E-09
  7.6637607E-05  4.4744358E-01  1.1283744E-09
  7.7710884E-05  4.5691666E-01  1.1602005E-09
  7.8791619E-05  4.6652147E-01  1.1926950E-09
  7.9879865E-05  4.7625932E-01  1.2258688E-09
  8.0975673E-05  4.8613156E-01  1.2597329E-09
  8.2079096E-05  4.9613955E-01  1.2942985E-09
  8.3190186E-05  5.0628464E-01  1.3295771E-09
  8.4308998E-05  5.1656824E-01  1.3655801E-09
  8.5435584E-05  5.2699173E-01  1.4023193E-09
  8.6570000E-05  5.3755653E-01  1.4398066E-09
  8.7712298E-05  5.4826407E-01  1.4780541E-09
  8.8862535E-05  5.5911579E-01  1.5170739E-09
  9.0020764E-05  5.7011315E-01  1.5568785E-09
  9.1187043E-05  5.8125762E-01  1.5974806E-09
  9.2361426E-05  5.9255070E-01  1.6388930E-09
  9.3543969E-05  6.0399388E-01  1.6811286E-09
  9.4734731E-05  6.1558870E-01  1.7242006E-09
  9.5933767E-05  6.2733667E-01  1.7681224E-09
  9.7141136E-05  6.3923936E-01  1.8129077E-09
  9.8356894E-05  6.5129833E-01  1.8585701E-09
  9.9581102E-05  6.6351516E-01  1.9051237E-09
  1.0081382E-04  6.7589146E-01  1.9525827E-09
  1.0205510E-04  6.8842884E-01  2.0009615E-09
  1.0330500E-04  7.0112894E-01  2.0502747E-09
  1.0456360E-04  7.1399339E-01  2.1005371E-09
  1.0583093E-04  7.2702387E-01  2.1517638E-09
  1.0710708E-04  7.4022207E-01  2.2039700E-09
  1.0839209E-04  7.5358967E-01  2.2571714E-09
  1.0968604E-04  7.6712839E-01  2.3113835E-09
  1.1098897E-04  7.8083998E-01  2.3666224E-09
  1.1230096E-04  7.9472617E-01  2.4229043E-09
  1.1362207E-04  8.0878874E-01  2.4802456E-09
  1.1495235E-04  8.2302947E-01  2.5386630E-09
  1.1629188E-04  8.3745017E-01  2.5981735E-09
  1.1764072E-04  8.5205265E-01  2.6587941E-09
  1.1899894E-04  8.6683876E-01  2.7205424E-09
  1.2036659E-04  8.8181036E-01  2.7834359E-09
  1.2174374E-04  8.9696931E-01  2.8474928E-09
  1.2313047E-04  9.1231752E-01  2.9127311E-09
  1.2452683E-04  9.2785689E-01  2.9791694E-09
  1.2593290E-04  9.4358937E-01  3.0468264E-09
  1.2734873E-04  9.5951689E-01  3.1157212E-09
  1.2877441E-04  9.7564142E-01  3.1858729E-09
  1.3020999E-04  9.9196496E-01  3.2573014E-09
  1.3165555E-04  1.0084895E+00  3.3300263E-09
  1.3311115E-04  1.0252171E+00  3.4040679E-09
  1.3457687E-04  1.0421498E+00  3.4794467E-09
  1.3605278E-04  1.0592896E+00  3.5561834E-09
  1.3753894E-04  1.0766387E+00  3.6342990E-09
  1.3903542E-04  1.0941991E+00  3.7138150E-09
  1.4054231E-04  1.1119730E+00  3.7947531E-09
  1.4205967E-04  1.1299625E+00  3.8771352E-09
  1.4358757E-04  1.1481698E+00  3.9609837E-09
  1.4512610E-04  1.1665971E+00  4.0463212E-09
  1.4667531E-04  1.1852466E+00  4.1331708E-09
  1.4823529E-04  1.2041204E+00  4.2215557E-09
  1.4980610E-04  1.2232210E+00  4.3114997E-09
  1.5138784E-04  1.2425505E+00  4.4030266E-09
  1.5298057E-04  1.2621112E+00  4.4961610E-09
  1.5458436E-04  1.2819054E+00  4.5909275E-09
  1.5619930E-04  1.3019356E+00  4.6873512E-09
  1.5782546E-04  1.3222040E+00  4.7854575E-09
  1.5946292E-04  1.3427130E+00  4.8852722E-09
  1.6111176E-04  1.3634651E+00  4.9868216E-09
  1.6277206E-04  1.3844626E+00  5.0901322E-09
  1.6444390E-04  1.4057081E+00  5.1952310E-09
  1.6612735E-04  1.4272039E+00  5.3021453E-09
  1.6782251E-04  1.4489526E+00  5.4109028E-09
  1.6952944E-04  1.4709567E+00  5.5215318E-09
  1.7124823E-04  1.4932187E+00  5.6340608E-09
  1.7297897E-04  1.5157413E+00  5.7485187E-09
  1.7472174E-04  1.5385269E+00  5.8649351E-09
  1.7647661E-04  1.5615783E+00  5.9833396E-09
  1.7824368E-04  1.5848980E+00  6.1037626E-09
  1.8002304E-04  1.6084887E+00  6.2262348E-09
  1.8181475E-04  1.6323531E+00  6.3507872E-09
  1.8361892E-04  1.6564939E+00  6.4774516E-09
  1.8543562E-04  1.6809139E+00  6.6062600E-09
  1.8726495E-04  1.7056157E+00  6.7372449E-09
  1.8910699E-04  1.7306023E+00  6.8704392E-09
  1.9096183E-04  1.7558763E+00  7.0058765E-09
  1.9282956E-04  1.7814407E+00  7.1435908E-09
  1.9471027E-04  1.8072983E+00  7.2836164E-09
  1.9660405E-04  1.8334520E+00  7.4259884E-09
  1.9851099E-04  1.8599047E+00  7.5707421E-09
  2.0043118E-04  1.8866594E+00  7.7179136E-09
  2.0236472E-04  1.9137190E+00  7.8675394E-09
  2.0431169E-04  1.9410864E+00  8.0196564E-09
  2.0627219E-04  1.9687649E+00  8.1743022E-09
  2.0824631E-04  1.9967573E+00  8.3315150E-09
  2.1023416E-04  2.0250667E+00  8.4913333E-09
  2.1223581E-04  2.0536963E+00  8.6537964E-09
  2.1425138E-04  2.0826493E+00  8.8189441E-09
  2.1628095E-04  2.1119286E+00  8.9868167E-09
  2.1832463E-04  2.1415376E+00  9.1574551E-09
  2.2038251E-04  2.1714795E+00  9.3309009E-09
  2.2245469E-04  2.2017575E+00  9.5071962E-09
  2.2454127E-04  2.2323748E+00  9.6863837E-09
  2.2664235E-04  2.2633349E+00  9.8685068E-09
  2.2875803E-04  2.2946409E+00  1.0053609E-08
  2.3088841E-04  2.3262963E+00  1.0241736E-08
  2.3303359E-04  2.3583045E+00  1.0432932E-08
  2.3519369E-04  2.3906688E+00  1.0627244E-08
  2.3736879E-04  2.4233927E+00  1.0824717E-08
  2.3955901E-04  2.4564798E+00  1.1025400E-08
  2.4176445E-04  2.4899335E+00  1.1229339E-08
  2.4398521E-04  2.5237573E+00  1.1436584E-08
  2.4622141E-04  2.5579548E+00  1.1647185E-08
  2.4847315E-04  2.5925297E+00  1.1861190E-08
  2.5074053E-04  2.6274856E+00  1.2078650E-08
  2.5302367E-04  2.6628260E+00  1.2299618E-08
  2.5532268E-04  2.6985548E+00  1.2524146E-08
  2.5763766E-04  2.7346756E+00  1.2752285E-08
  2.5996873E-04  2.7711922E+00  1.2984091E-08
  2.6231600E-04  2.8081084E+00  1.3219618E-08
  2.6467958E-04  2.8454280E+00  1.3458920E-08
  2.6705959E-04  2.8831549E+00  1.3702054E-08
  2.6945613E-04  2.9212930E+00  1.3949077E-08
  2.7186933E-04  2.9598461E+00  1.4200046E-08
  2.7429930E-04  2.9988183E+00  1.4455021E-08
  2.7674615E-04  3.0382135E+00  1.4714059E-08
  2.7921001E-04  3.0780358E+00  1.4977223E-08
  2.8169099E-04  3.1182891E+00  1.5244572E-08
  2.8418921E-04  3.1589776E+00  1.5516168E-08
  2.8670479E-04  3.2001055E+00  1.5792075E-08
  2.8923785E-04  3.2416768E+00  1.6072357E-08
  2.9178851E-04  3.2836957E+00  1.6357077E-08
  2.9435690E-04  3.3261666E+00  1.6646302E-08
  2.9694314E-04  3.3690936E+00  1.6940098E-08
  2.9954735E-04  3.4124810E+00  1.7238532E-08
  3.0216965E-04  3.4563332E+00  1.7541673E-08
  3.0481018E-04  3.5006545E+00  1.7849590E-08
  3.0746906E-04  3.5454494E+00  1.8162355E-08
  3.1014641E-04  3.5907223E+00  1.8480037E-08
  3.1284237E-04  3.6364776E+00  1.8802711E-08
  3.1555707E-04  3.6827199E+00  1.9130448E-08
  3.1829063E-04  3.7294537E+00  1.9463324E-08
  3.2104318E-04  3.7766836E+00  1.9801415E-08
  3.2381486E-04  3.8244142E+00  2.0144797E-08
  3.2660581E-04  3.8726502E+00  2.0493547E-08
  3.2941615E-04  3.9213962E+00  2.0847745E-08
  3.3224602E-04  3.9706571E+00  2.1207471E-08
  3.3509555E-04  4.0204375E+00  2.1572806E-08
  3.3796488E-04  4.0707423E+00  2.1943832E-08
  3.4085416E-04  4.1215764E+00  2.2320633E-08
  3.4376351E-04  4.1729445E+00  2.2703294E-08
  3.4669308E-04  4.2248517E+00  2.3091900E-08
  3.4964301E-04  4.2773029E+00  2.3486538E-08
  3.5261343E-04  4.3303030E+00  2.3887298E-08
  3.5560450E-04  4.3838572E+00  2.4294268E-08
  3.5861636E-04  4.4379705E+00  2.4707540E-08
  3.6164914E-04  4.4926480E+00  2.5127206E-08
  3.6470300E-04  4.5478949E+00  2.5553359E-08
  3.6777808E-04  4.6037163E+00  2.5986094E-08
  3.7087453E-04  4.6601176E+00  2.6425508E-08
  3.7399250E-04  4.7171040E+00  2.6871698E-08
  3.7713213E-04  4.7746807E+00  2.7324762E-08
  3.8029359E-04  4.8328532E+00  2.7784803E-08
  3.8347701E-04  4.8916269E+00  2.8251921E-08
  3.8668255E-04  4.9510071E+00  2.8726219E-08
  3.8991037E-04  5.0109994E+00  2.9207803E-08
  3.9316062E-04  5.0716093E+00  2.9696779E-08
  3.9643346E-04  5.1328423E+00  3.0193254E-08
  3.9972904E-04  5.1947041E+00  3.0697338E-08
  4.0304752E-04  5.2572002E+00  3.1209142E-08
  4.0638906E-04  5.3203364E+00  3.1728777E-08
  4.0975382E-04  5.3841184E+00  3.2256359E-08
  4.1314197E-04  5.4485519E+00  3.2792003E-08
  4.1655366E-04  5.5136428E+00  3.3335826E-08
  4.1998906E-04  5.5793969E+00  3.3887947E-08
  4.2344833E-04  5.6458201E+00  3.4448488E-08
  4.2693164E-04  5.7129184E+00  3.5017569E-08
  4.3043915E-04  5.7806976E+00  3.5595316E-08
  4.3397104E-04  5.8491639E+00  3.6181854E-08
  4.3752748E-04  5.9183232E+00  3.6777311E-08
  4.4110863E-04  5.9881818E+00  3.7381817E-08
  4.4471466E-04  6.0587457E+00  3.7995503E-08
  4.4834575E-04  6.1300211E+00  3.8618502E-08
  4.5200208E-04  6.2020143E+00  3.9250950E-08
  4.5568381E-04  6.2747315E+00  3.9892983E-08
  4.5939113E-04  6.3481791E+00  4.0544740E-08
  4.6312421E-04  6.4223634E+00  4.1206362E-08
  4.6688323E-04  6.4972908E+00  4.1877993E-08
  4.7066838E-04  6.5729678E+00  4.2559777E-08
  4.7447982E-04  6.6494009E+00  4.3251862E-08
  4.7831776E-04  6.7265965E+00  4.3954396E-08
  4.8218236E-04  6.8045613E+00  4.4667531E-08
  4.8607382E-04  6.8833020E+00  4.5391421E-08
  4.8999233E-04  6.9628251E+00  4.6126220E-08
  4.9393806E-04  7.0431373E+00  4.6872087E-08
  4.9791121E-04  7.1242455E+00  4.7629181E-08
  5.0191197E-04  7.2061565E+00  4.8397666E-08
  5.0594054E-04  7.2888770E+00  4.9177705E-08
  5.0999710E-04  7.3724139E+00  4.9969466E-08
  5.1408184E-04  7.4567743E+00  5.0773118E-08
  5.1819498E-04  7.5419650E+00  5.1588833E-08
  5.2233670E-04  7.6279930E+00  5.2416785E-08
  5.2650719E-04  7.7148655E+00  5.3257150E-08
  5.3070667E-04  7.8025896E+00  5.4110108E-08
  5.3493533E-04  7.8911723E+00  5.4975840E-08
  5.3919338E-04  7.9806209E+00  5.5854531E-08
  5.4348102E-04  8.0709426E+00  5.6746367E-08
  5.4779845E-04  8.1621447E+00  5.7651538E-08
  5.5214589E-04  8.2542346E+00  5.8570237E-08
  5.5652353E-04  8.3472195E+00  5.9502658E-08
  5.6093160E-04  8.4411069E+00  6.0448999E-08
  5.6537030E-04  8.5359042E+00  6.1409460E-08
  5.6983984E-04  8.6316190E+00  6.2384244E-08
  5.7434045E-04  8.7282588E+00  6.3373559E-08
  5.7887233E-04  8.8258312E+00  6.4377613E-08
  5.8343570E-04  8.9243437E+00  6.5396618E-08
  5.8803078E-04  9.0238041E+00  6.6430789E-08
  5.9265779E-04  9.1242201E+00  6.7480345E-08
  5.9731696E-04  9.2255994E+00  6.8545506E-08
  6.0200851E-04  9.3279499E+00  6.9626498E-08
  6.0673266E-04  9.4312793E+00  7.0723547E-08
  6.1148963E-04  9.5355955E+00  7.1836884E-08
  6.1627967E-04  9.6409066E+00  7.2966744E-08
  6.2110299E-04  9.7472204E+00  7.4113363E-08
  6.2595982E-04  9.8545449E+00  7.5276983E-08
  6.3085041E-04  9.9628883E+00  7.6457848E-08
  6.3577499E-04  1.0072259E+01  7.7656205E-08
  6.4073378E-04  1.0182664E+01  7.8872304E-08
  6.4572704E-04  1.0294112E+01  8.0106402E-08
  6.5075499E-04  1.0406612E+01  8.1358756E-08
  6.5581788E-04  1.0520172E+01  8.2629627E-08
  6.6091596E-04  1.0634799E+01  8.3919282E-08
  6.6604946E-04  1.0750503E+01  8.5227990E-08
  6.7121864E-04  1.0867291E+01  8.6556024E-08
  6.7642374E-04  1.0985173E+01  8.7903660E-08
  6.8166501E-04  1.1104156E+01  8.9271181E-08
  6.8694270E-04  1.1224249E+01  9.0658870E-08
  6.9225706E-04  1.1345460E+01  9.2067016E-08
  6.9760836E-04  1.1467799E+01  9.3495914E-08
  7.0299684E-04  1.1591274E+01  9.4945859E-08
  7.0842277E-04  1.1715892E+01  9.6417153E-08
  7.1388641E-04  1.1841664E+01  9.7910101E-08
  7.1938801E-04  1.1968598E+01  9.9425014E-08
  7.2492784E-04  1.2096702E+01  1.0096221E-07
  7.3050617E-04  1.2225985E+01  1.0252200E-07
  7.3612327E-04  1.2356456E+01  1.0410471E-07
  7.4177940E-04  1.2488125E+01  1.0571066E-07
  7.4747483E-04  1.2620999E+01  1.0734020E-07
  7.5320984E-04  1.2755088E+01  1.0899366E-07
  7.5898471E-04  1.2890400E+01  1.1067138E-07
  7.6479970E-04  1.3026945E+01  1.1237370E-07
  7.7065511E-04  1.3164732E+01  1.1410098E-07
  7.7655120E-04  1.3303770E+01  1.1585358E-07
  7.8248827E-04  1.3444067E+01  1.1763185E-07
  7.8846660E-04  1.3585634E+01  1.1943617E-07
  7.9448646E-04  1.3728478E+01  1.2126690E-07
  8.0054817E-04  1.3872610E+01  1.2312442E-07
  8.0665199E-04  1.4018038E+01  1.2500911E-07
  8.1279823E-04  1.4164772E+01  1.2692137E-07
  8.1898719E-04  1.4312821E+01  1.2886159E-07
  8.2521915E-04  1.4462193E+01  1.3083015E-07
  8.3149442E-04  1.4612900E+01  1.3282748E-07
  8.3781329E-04  1.4764949E+01  1.3485397E-07
  8.4417608E-04  1.4918350E+01  1.3691005E-07
  8.5058308E-04  1.5073112E+01  1.3899614E-07
  8.5703460E-04  1.5229246E+01  1.4111265E-07
  8.6353096E-04  1.5386760E+01  1.4326004E-07
  8.7007246E-04  1.5545663E+01  1.4543874E-07
  8.7665942E-04  1.5705966E+01  1.4764918E-07
  8.8329215E-04  1.5867677E+01  1.4989184E-07
  8.8997098E-04  1.6030807E+01  1.5216716E-07
  8.9669621E-04  1.6195364E+01  1.5447561E-07
  9.0346819E-04  1.6361358E+01  1.5681766E-07
  9.1028722E-04  1.6528799E+01  1.5919379E-07
  9.1715363E-04  1.6697696E+01  1.6160449E-07
  9.2406777E-04  1.6868059E+01  1.6405024E-07
  9.3102994E-04  1.7039898E+01  1.6653155E-07
  9.3804050E-04  1.7213221E+01  1.6904893E-07
  9.4509978E-04  1.7388038E+01  1.7160287E-07
  9.5220812E-04  1.7564360E+01  1.7419392E-07
  9.5936585E-04  1.7742196E+01  1.7682258E-07
  9.6657332E-04  1.7921554E+01  1.7948941E-07
  9.7383087E-04  1.8102446E+01  1.8219494E-07
  9.8113886E-04  1.8284880E+01  1.8493971E-07
  9.8849764E-04  1.8468867E+01  1.8772430E-07
  9.9590755E-04  1.8654415E+01  1.9054926E-07
  1.0033690E-03  1.8841534E+01  1.9341517E-07
  1.0108822E-03  1.9030235E+01  1.9632261E-07
  1.0184477E-03  1.9220526E+01  1.9927217E-07
  1.0260657E-03  1.9412417E+01  2.0226445E-07
  1.0337367E-03  1.9605918E+01  2.0530005E-07
  1.0414610E-03  1.9801038E+01  2.0837960E-07
  1.0492389E-03  1.9997787E+01  2.1150371E-07
  1.0570709E-03  2.0196175E+01  2.1467302E-07
  1.0649574E-03  2.0396211E+01  2.1788817E-07
  1.0728986E-03  2.0597904E+01  2.2114981E-07
  1.0808950E-03  2.0801265E+01  2.2445860E-07
  1.0889470E-03  2.1006302E+01  2.2781520E-07
  1.0970550E-03  2.1213025E+01  2.3122031E-07
  1.1052193E-03  2.1421444E+01  2.3467460E-07
  1.1134403E-03  2.1631568E+01  2.3817877E-07
  1.1217184E-03  2.1843406E+01  2.4173354E-07
  1.1300541E-03  2.2056968E+01  2.4533961E-07
  1.1384477E-03  2.2272263E+01  2.4899772E-07
  1.1468997E-03  2.2489300E+01  2.5270860E-07
  1.1554103E-03  2.2708089E+01  2.5647301E-07
  1.1639801E-03  2.2928639E+01  2.6029170E-07
  1.1726095E-03  2.3150960E+01  2.6416543E-07
  1.1812988E-03  2.3375059E+01  2.6809500E-07
  1.1900485E-03  2.3600948E+01  2.7208119E-07
  1.1988591E-03  2.3828633E+01  2.7612480E-07
  1.2077308E-03  2.4058126E+01  2.8022665E-07
  1.2166642E-03  2.4289434E+01  2.8438757E-07
  1.2256597E-03  2.4522567E+01  2.8860838E-07
  1.2347176E-03  2.4757533E+01  2.9288994E-07
  1.2438386E-03  2.4994342E+01  2.9723311E-07
  1.2530229E-03  2.5233002E+01  3.0163876E-07
  1.2622710E-03  2.5473522E+01  3.0610777E-07
  1.2715834E-03  2.5715910E+01  3.1064105E-07
  1.2809605E-03  2.5960175E+01  3.1523949E-07
  1.2904028E-03  2.6206327E+01  3.1990404E-07
  1.2999107E-03  2.6454372E+01  3.2463561E-07
  1.3094846E-03  2.6704320E+01  3.2943516E-07
  1.3191251E-03  2.6956178E+01  3.3430365E-07
  1.3288326E-03  2.7209956E+01  3.3924205E-07
  1.3386076E-03  2.7465661E+01  3.4425136E-07
  1.3484504E-03  2.7723301E+01  3.4933258E-07
  1.3583617E-03  2.7982885E+01  3.5448672E-07
  1.3683418E-03  2.8244420E+01  3.5971481E-07
  1.3783913E-03  2.8507914E+01  3.6501791E-07
  1.3885107E-03  2.8773374E+01  3.7039707E-07
  1.3987003E-03  2.9040809E+01  3.7585337E-07
  1.4089608E-03  2.9310226E+01  3.8138790E-07
  1.4192926E-03  2.9581632E+01  3.8700176E-07
  1.4296961E-03  2.9855035E+01  3.9269608E-07
  1.4401720E-03  3.0130442E+01  3.9847199E-07
  1.4507206E-03  3.0407859E+01  4.0433064E-07
  1.4613426E-03  3.0687295E+01  4.1027321E-07
  1.4720384E-03  3.0968755E+01  4.1630088E-07
  1.4828085E-03  3.1252246E+01  4.2241485E-07
  1.4936534E-03  3.1537776E+01  4.2861634E-07
  1.5045737E-03  3.1825350E+01  4.3490660E-07
  1.5155699E-03  3.2114974E+01  4.4128686E-07
  1.5266425E-03  3.2406656E+01  4.4775841E-07
  1.5377920E-03  3.2700401E+01  4.5432253E-07
  1.5490191E-03  3.2996215E+01  4.6098052E-07
  1.5603241E-03  3.3294103E+01  4.6773373E-07
  1.5717077E-03  3.3594072E+01  4.7458348E-07
  1.5831704E-03  3.3896127E+01  4.8153114E-07
  1.5947128E-03  3.4200273E+01  4.8857810E-07
  1.6063354E-03  3.4506515E+01  4.9572575E-07
  1.6180387E-03  3.4814858E+01  5.0297552E-07
  1.6298234E-03  3.5125308E+01  5.1032885E-07
  1.6416900E-03  3.5437868E+01  5.1778719E-07
  1.6536390E-03  3.5752543E+01  5.2535204E-07
  1.6656711E-03  3.6069337E+01  5.3302489E-07
  1.6777867E-03  3.6388255E+01  5.4080727E-07
  1.6899866E-03  3.6709299E+01  5.4870071E-07
  1.7022713E-03  3.7032475E+01  5.5670680E-07
  1.7146413E-03  3.7357786E+01  5.6482711E-07
  1.7270973E-03  3.7685234E+01  5.7306327E-07
  1.7396398E-03  3.8014822E+01  5.8141689E-07
  1.7522695E-03  3.8346555E+01  5.8988964E-07
  1.7649870E-03  3.8680433E+01  5.9848320E-07
  1.7777928E-03  3.9016460E+01  6.0719927E-07
  1.7906876E-03  3.9354639E+01  6.1603958E-07
  1.8036721E-03  3.9694969E+01  6.2500587E-07
  1.8167467E-03  4.0037455E+01  6.3409993E-07
  1.8299122E-03  4.0382096E+01  6.4332356E-07
  1.8431692E-03  4.0728895E+01  6.5267858E-07
  1.8565184E-03  4.1077852E+01  6.6216684E-07
  1.8699603E-03  4.1428968E+01  6.7179023E-07
  1.8834956E-03  4.1782243E+01  6.8155064E-07
  1.8971250E-03  4.2137678E+01  6.9145000E-07
  1.9108490E-03  4.2495272E+01  7.0149028E-07
  1.9246685E-03  4.2855026E+01  7.1167345E-07
  1.9385840E-03  4.3216938E+01  7.2200154E-07
  1.9525962E-03  4.3581008E+01  7.3247658E-07
  1.9667057E-03  4.3947234E+01  7.4310064E-07
  1.9809133E-03  4.4315615E+01  7.5387582E-07
  1.9952197E-03  4.4686150E+01  7.6480425E-07
  2.0096254E-03  4.5058835E+01  7.7588808E-07
  2.0241313E-03  4.5433670E+01  7.8712951E-07
  2.0387379E-03  4.5810650E+01  7.9853076E-07
  2.0534461E-03  4.6189773E+01  8.1009406E-07
  2.0682565E-03  4.6571035E+01  8.2182171E-07
  2.0831698E-03  4.6954433E+01  8.3371602E-07
  2.0981867E-03  4.7339963E+01  8.4577934E-07
  2.1133080E-03  4.7727621E+01  8.5801404E-07
  2.1285344E-03  4.8117401E+01  8.7042253E-07
  2.1438665E-03  4.8509298E+01  8.8300726E-07
  2.1593053E-03  4.8903308E+01  8.9577071E-07
  2.1748513E-03  4.9299424E+01  9.0871540E-07
  2.1905053E-03  4.9697640E+01  9.2184388E-07
  2.2062681E-03  5.0097949E+01  9.3515872E-07
  2.2221405E-03  5.0500345E+01  9.4866256E-07
  2.2381231E-03  5.0904820E+01  9.6235805E-07
  2.2542168E-03  5.1311367E+01  9.7624789E-07
  2.2704224E-03  5.1719977E+01  9.9033481E-07
  2.2867406E-03  5.2130641E+01  1.0046216E-06
  2.3031721E-03  5.2543352E+01  1.0191110E-06
  2.3197179E-03  5.2958099E+01  1.0338060E-06
  2.3363786E-03  5.3374872E+01  1.0487093E-06
  2.3531551E-03  5.3793663E+01  1.0638240E-06
  2.3700482E-03  5.4214458E+01  1.0791530E-06
  2.3870587E-03  5.4637249E+01  1.0946994E-06
  2.4041874E-03  5.5062023E+01  1.1104661E-06
  2.4214351E-03  5.5488768E+01  1.1264562E-06
  2.4388027E-03  5.5917472E+01  1.1426730E-06
  2.4562910E-03  5.6348121E+01  1.1591196E-06
  2.4739008E-03  5.6780703E+01  1.1757992E-06
  2.4916330E-03  5.7215204E+01  1.1927151E-06
  2.5094884E-03  5.7651609E+01  1.2098707E-06
  2.5274678E-03  5.8089903E+01  1.2272692E-06
  2.5455722E-03  5.8530072E+01  1.2449142E-06
  2.5638025E-03  5.8972098E+01  1.2628090E-06
  2.5821594E-03  5.9415967E+01  1.2809572E-06
  2.6006439E-03  5.9861661E+01  1.2993624E-06
  2.6192568E-03  6.0309163E+01  1.3180281E-06
  2.6379990E-03  6.0758454E+01  1.3369580E-06
  2.6568716E-03  6.1209518E+01  1.3561559E-06
  2.6758752E-03  6.1662333E+01  1.3756254E-06
  2.6950109E-03  6.2116882E+01  1.3953705E-06
  2.7142796E-03  6.2573145E+01  1.4153949E-06
  2.7336822E-03  6.3031099E+01  1.4357026E-06
  2.7532197E-03  6.3490726E+01  1.4562977E-06
  2.7728928E-03  6.3952002E+01  1.4771840E-06
  2.7927028E-03  6.4414905E+01  1.4983657E-06
  2.8126503E-03  6.4879414E+01  1.5198470E-06
  2.8327365E-03  6.5345504E+01  1.5416321E-06
  2.8529623E-03  6.5813151E+01  1.5637251E-06
  2.8733286E-03  6.6282331E+01  1.5861306E-06
  2.8938364E-03  6.6753019E+01  1.6088527E-06
  2.9144868E-03  6.7225189E+01  1.6318961E-06
  2.9352807E-03  6.7698815E+01  1.6552651E-06
  2.9562190E-03  6.8173869E+01  1.6789645E-06
  2.9773029E-03  6.8650325E+01  1.7029987E-06
  2.9985333E-03  6.9128153E+01  1.7273725E-06
  3.0199112E-03  6.9607326E+01  1.7520907E-06
  3.0414376E-03  7.0087814E+01  1.7771581E-06
  3.0631137E-03  7.0569586E+01  1.8025796E-06
  3.0849404E-03  7.1052612E+01  1.8283601E-06
  3.1069187E-03  7.1536861E+01  1.8545048E-06
  3.1290498E-03  7.2022300E+01  1.8810188E-06
  3.1513347E-03  7.2508898E+01  1.9079071E-06
  3.1737745E-03  7.2996621E+01  1.9351750E-06
  3.1963702E-03  7.3485434E+01  1.9628280E-06
  3.2191229E-03  7.3975304E+01  1.9908714E-06
  3.2420337E-03  7.4466195E+01  2.0193106E-06
  3.2651037E-03  7.4958071E+01  2.0481512E-06
  3.2883340E-03  7.5450896E+01  2.0773989E-06
  3.3117258E-03  7.5944632E+01  2.1070594E-06
  3.3352801E-03  7.6439242E+01  2.1371384E-06
  3.3589982E-03  7.6934687E+01  2.1676418E-06
  3.3828810E-03  7.7430927E+01  2.1985756E-06
  3.4069298E-03  7.7927923E+01  2.2299458E-06
  3.4311457E-03  7.8425634E+01  2.2617586E-06
  3.4555299E-03  7.8924018E+01  2.2940201E-06
  3.4800835E-03  7.9423034E+01  2.3267366E-06
  3.5048078E-03  7.9922639E+01  2.3599145E-06
  3.5297039E-03  8.0422790E+01  2.3935604E-06
  3.5547729E-03  8.0923443E+01  2.4276806E-06
  3.5800162E-03  8.1424552E+01  2.4622820E-06
  3.6054349E-03  8.1926072E+01  2.4973712E-06
  3.6310303E-03  8.2427957E+01  2.5329552E-06
  3.6568035E-03  8.2930160E+01  2.5690407E-06
  3.6827558E-03  8.3432635E+01  2.6056349E-06
  3.7088885E-03  8.3935331E+01  2.6427449E-06
  3.7352027E-03  8.4438201E+01  2.6803779E-06
  3.7616999E-03  8.4941195E+01  2.7185412E-06
  3.7883811E-03  8.5444262E+01  2.7572424E-06
  3.8152478E-03  8.5947351E+01  2.7964889E-06
  3.8423012E-03  8.6450411E+01  2.8362883E-06
  3.8695425E-03  8.6953390E+01  2.8766484E-06
  3.8969732E-03  8.7456233E+01  2.9175772E-06
  3.9245945E-03  8.7958888E+01  2.9590825E-06
  3.9524077E-03  8.8461300E+01  3.0011724E-06
  3.9804142E-03  8.8963414E+01  3.0438551E-06
  4.0086153E-03  8.9465173E+01  3.0871390E-06
  4.0370124E-03  8.9966522E+01  3.1310324E-06
  4.0656069E-03  9.0467403E+01  3.1755439E-06
  4.0944000E-03  9.0967759E+01  3.2206822E-06
  4.1233932E-03  9.1467530E+01  3.2664560E-06
  4.1525880E-03  9.1966658E+01  3.3128743E-06
  4.1819855E-03  9.2465084E+01  3.3599460E-06
  4.2115874E-03  9.2962745E+01  3.4076804E-06
  4.2413950E-03  9.3459582E+01  3.4560867E-06
  4.2714097E-03  9.3955533E+01  3.5051743E-06
  4.3016330E-03  9.4450535E+01  3.5549528E-06
  4.3320663E-03  9.4944525E+01  3.6054318E-06
  4.3627111E-03  9.5437440E+01  3.6566212E-06
  4.3935689E-03  9.5929216E+01  3.7085310E-06
  4.4246411E-03  9.6419788E+01  3.7611711E-06
  4.4559292E-03  9.6909090E+01  3.8145519E-06
  4.4874348E-03  9.7397057E+01  3.8686837E-06
  4.5191592E-03  9.7883621E+01  3.9235770E-06
  4.5511042E-03  9.8368717E+01  3.9792425E-06
  4.5832711E-03  9.8852276E+01  4.0356911E-06
  4.6156616E-03  9.9334230E+01  4.0929336E-06
  4.6482771E-03  9.9814511E+01  4.1509812E-06
  4.6811193E-03  1.0029305E+02  4.2098453E-06
  4.7141897E-03  1.0076978E+02  4.2695371E-06
  4.7474899E-03  1.0124462E+02  4.3300683E-06
  4.7810216E-03  1.0171751E+02  4.3914507E-06
  4.8147862E-03  1.0218837E+02  4.4536961E-06
  4.8487855E-03  1.0265715E+02  4.5168168E-06
  4.8830211E-03  1.0312375E+02  4.5808248E-06
  4.9174945E-03  1.0358811E+02  4.6457327E-06
  4.9522076E-03  1.0405016E+02  4.7115530E-06
  4.9871618E-03  1.0450982E+02  4.7782985E-06
  5.0223590E-03  1.0496703E+02  4.8459822E-06
  5.0578007E-03  1.0542170E+02  4.9146172E-06
  5.0934887E-03  1.0587376E+02  4.9842169E-06
  5.1294248E-03  1.0632314E+02  5.0547946E-06
  5.1656105E-03  1.0676977E+02  5.1263642E-06
  5.2020477E-03  1.0721356E+02  5.1989395E-06
  5.2387381E-03  1.0765444E+02  5.2725345E-06
  5.2756835E-03  1.0809234E+02  5.3471637E-06
  5.3128856E-03  1.0852719E+02  5.4228413E-06
  5.3503463E-03  1.0895890E+02  5.4995822E-06
  5.3880673E-03  1.0938739E+02  5.5774011E-06
  5.4260503E-03  1.0981261E+02  5.6563132E-06
  5.4642974E-03  1.1023445E+02  5.7363338E-06
  5.5028102E-03  1.1065286E+02  5.8174785E-06
  5.5415907E-03  1.1106775E+02  5.8997628E-06
  5.5806406E-03  1.1147905E+02  5.9832028E-06
  5.6199619E-03  1.1188668E+02  6.0678146E-06
  5.6595565E-03  1.1229057E+02  6.1536147E-06
  5.6994262E-03  1.1269063E+02  6.2406197E-06
  5.7395730E-03  1.1308679E+02  6.3288464E-06
  5.7799987E-03  1.1347898E+02  6.4183120E-06
  5.8207054E-03  1.1386712E+02  6.5090337E-06
  5.8616949E-03  1.1425113E+02  6.6010292E-06
  5.9029693E-03  1.1463094E+02  6.6943162E-06
  5.9445305E-03  1.1500647E+02  6.7889129E-06
  5.9863806E-03  1.1537764E+02  6.8848375E-06
  6.0285214E-03  1.1574439E+02  6.9821087E-06
  6.0709551E-03  1.1610663E+02  7.0807453E-06
  6.1136837E-03  1.1646430E+02  7.1807663E-06
  6.1567092E-03  1.1681731E+02  7.2821913E-06
  6.2000337E-03  1.1716560E+02  7.3850397E-06
  6.2436592E-03  1.1750909E+02  7.4893315E-06
  6.2875879E-03  1.1784771E+02  7.5950870E-06
  6.3318219E-03  1.1818138E+02  7.7023265E-06
  6.3763633E-03  1.1851004E+02  7.8110708E-06
  6.4212142E-03  1.1883362E+02  7.9213411E-06
  6.4663767E-03  1.1915204E+02  8.0331586E-06
  6.5118531E-03  1.1946523E+02  8.1465450E-06
  6.5576456E-03  1.1977313E+02  8.2615222E-06
  6.6037562E-03  1.2007567E+02  8.3781124E-06
  6.6501873E-03  1.2037278E+02  8.4963383E-06
  6.6969410E-03  1.2066439E+02  8.6162228E-06
  6.7440196E-03  1.2095044E+02  8.7377889E-06
  6.7914254E-03  1.2123087E+02  8.8610603E-06
  6.8391606E-03  1.2150561E+02  8.9860607E-06
  6.8872276E-03  1.2177460E+02  9.1128145E-06
  6.9356285E-03  1.2203778E+02  9.2413460E-06
  6.9843658E-03  1.2229508E+02  9.3716801E-06
  7.0334418E-03  1.2254645E+02  9.5038421E-06
  7.0828588E-03  1.2279183E+02  9.6378576E-06
  7.1326192E-03  1.2303117E+02  9.7737524E-06
  7.1827254E-03  1.2326440E+02  9.9115528E-06
  7.2331798E-03  1.2349148E+02  1.0051285E-05
  7.2839849E-03  1.2371235E+02  1.0192977E-05
  7.3351429E-03  1.2392697E+02  1.0336656E-05
  7.3866565E-03  1.2413527E+02  1.0482349E-05
  7.4385281E-03  1.2433722E+02  1.0630085E-05
  7.4907601E-03  1.2453276E+02  1.0779892E-05
  7.5433551E-03  1.2472186E+02  1.0931799E-05
  7.5963155E-03  1.2490446E+02  1.1085835E-05
  7.6496440E-03  1.2508053E+02  1.1242031E-05
  7.7033431E-03  1.2525004E+02  1.1400417E-05
  7.7574154E-03  1.2541293E+02  1.1561022E-05
  7.8118634E-03  1.2556918E+02  1.1723879E-05
  7.8666897E-03  1.2571875E+02  1.1889018E-05
  7.9218971E-03  1.2586160E+02  1.2056471E-05
  7.9774881E-03  1.2599772E+02  1.2226272E-05
  8.0334654E-03  1.2612707E+02  1.2398452E-05
  8.0898317E-03  1.2624963E+02  1.2573045E-05
  8.1465897E-03  1.2636537E+02  1.2750085E-05
  8.2037421E-03  1.2647427E+02  1.2929606E-05
  8.2612917E-03  1.2657632E+02  1.3111642E-05
  8.3192412E-03  1.2667150E+02  1.3296229E-05
  8.3775934E-03  1.2675979E+02  1.3483403E-05
  8.4363511E-03  1.2684118E+02  1.3673198E-05
  8.4955171E-03  1.2691566E+02  1.3865654E-05
  8.5550943E-03  1.2698323E+02  1.4060805E-05
  8.6150855E-03  1.2704389E+02  1.4258690E-05
  8.6754935E-03  1.2709763E+02  1.4459348E-05
  8.7363214E-03  1.2714445E+02  1.4662817E-05
  8.7975719E-03  1.2718436E+02  1.4869136E-05
  8.8592481E-03  1.2721737E+02  1.5078345E-05
  8.9213529E-03  1.2724348E+02  1.5290485E-05
  8.9838893E-03  1.2726272E+02  1.5505596E-05
  9.0468602E-03  1.2727509E+02  1.5723720E-05
  9.1102687E-03  1.2728061E+02  1.5944899E-05
  9.1741179E-03  1.2727931E+02  1.6169176E-05
  9.2384107E-03  1.2727122E+02  1.6396595E-05
  9.3031503E-03  1.2725635E+02  1.6627198E-05
  9.3683399E-03  1.2723475E+02  1.6861030E-05
  9.4339824E-03  1.2720645E+02  1.7098138E-05
  9.5000811E-03  1.2717148E+02  1.7338566E-05
  9.5666391E-03  1.2712989E+02  1.7582360E-05
  9.6336596E-03  1.2708172E+02  1.7829568E-05
  9.7011459E-03  1.2702703E+02  1.8080238E-05
  9.7691011E-03  1.2696585E+02  1.8334418E-05
  9.8375286E-03  1.2689826E+02  1.8592157E-05
  9.9064316E-03  1.2682430E+02  1.8853504E-05
  9.9758134E-03  1.2674404E+02  1.9118511E-05
  1.0045677E-02  1.2665755E+02  1.9387228E-05
  1.0116027E-02  1.2656489E+02  1.9659707E-05
  1.0186865E-02  1.2646614E+02  1.9936000E-05
  1.0258196E-02  1.2636137E+02  2.0216162E-05
  1.0330022E-02  1.2625067E+02  2.0500245E-05
  1.0402347E-02  1.2613412E+02  2.0788305E-05
  1.0475175E-02  1.2601181E+02  2.1080398E-05
  1.0548509E-02  1.2588383E+02  2.1376579E-05
  1.0622353E-02  1.2575027E+02  2.1676906E-05
  1.0696710E-02  1.2561125E+02  2.1981437E-05
  1.0771583E-02  1.2546685E+02  2.2290230E-05
  1.0846977E-02  1.2531718E+02  2.2603345E-05
  1.0922895E-02  1.2516237E+02  2.2920842E-05
  1.0999340E-02  1.2500252E+02  2.3242784E-05
  1.1076317E-02  1.2483775E+02  2.3569230E-05
  1.1153828E-02  1.2466818E+02  2.3900246E-05
  1.1231878E-02  1.2449395E+02  2.4235893E-05
  1.1310471E-02  1.2431518E+02  2.4576238E-05
  1.1389610E-02  1.2413200E+02  2.4921346E-05
  1.1469298E-02  1.2394457E+02  2.5271283E-05
  1.1549540E-02  1.2375300E+02  2.5626116E-05
  1.1630340E-02  1.2355747E+02  2.5985915E-05
  1.1711702E-02  1.2335810E+02  2.6350748E-05
  1.1793629E-02  1.2315507E+02  2.6720686E-05
  1.1876125E-02  1.2294852E+02  2.7095800E-05
  1.1959194E-02  1.2273862E+02  2.7476163E-05
  1.2042841E-02  1.2252553E+02  2.7861847E-05
  1.2127069E-02  1.2230942E+02  2.8252927E-05
  1.2211882E-02  1.2209047E+02  2.8649479E-05
  1.2297285E-02  1.2186885E+02  2.9051578E-05
  1.2383281E-02  1.2164475E+02  2.9459303E-05
  1.2469875E-02  1.2141834E+02  2.9872731E-05
  1.2557070E-02  1.2118981E+02  3.0291943E-05
  1.2644872E-02  1.2095936E+02  3.0717020E-05
  1.2733283E-02  1.2072718E+02  3.1148042E-05
  1.2822309E-02  1.2049346E+02  3.1585094E-05
  1.2911954E-02  1.2025842E+02  3.2028259E-05
  1.3002222E-02  1.2002224E+02  3.2477623E-05
  1.3093116E-02  1.1978515E+02  3.2933273E-05
  1.3184643E-02  1.1954736E+02  3.3395295E-05
  1.3276805E-02  1.1930907E+02  3.3863780E-05
  1.3369608E-02  1.1907050E+02  3.4338817E-05
  1.3463056E-02  1.1883188E+02  3.4820498E-05
  1.3557153E-02  1.1859343E+02  3.5308915E-05
  1.3651905E-02  1.1835537E+02  3.5804164E-05
  1.3747314E-02  1.1811793E+02  3.6306338E-05
  1.3843387E-02  1.1788135E+02  3.6815535E-05
  1.3940127E-02  1.1764586E+02  3.7331853E-05
  1.4037539E-02  1.1741169E+02  3.7855392E-05
  1.4135629E-02  1.1717908E+02  3.8386251E-05
  1.4234400E-02  1.1694828E+02  3.8924534E-05
  1.4333857E-02  1.1671952E+02  3.9470344E-05
  1.4434006E-02  1.1649305E+02  4.0023786E-05
  1.4534850E-02  1.1626912E+02  4.0584967E-05
  1.4636396E-02  1.1604798E+02  4.1153994E-05
  1.4738647E-02  1.1582987E+02  4.1730978E-05
  1.4841608E-02  1.1561505E+02  4.2316029E-05
  1.4945285E-02  1.1540377E+02  4.2909260E-05
  1.5049682E-02  1.1519628E+02  4.3510785E-05
  1.5154805E-02  1.1499284E+02  4.4120720E-05
  1.5260659E-02  1.1479371E+02  4.4739183E-05
  1.5367248E-02  1.1459913E+02  4.5366292E-05
  1.5474578E-02  1.1440937E+02  4.6002168E-05
  1.5582653E-02  1.1422469E+02  4.6646933E-05
  1.5691480E-02  1.1404533E+02  4.7300713E-05
  1.5801063E-02  1.1387156E+02  4.7963631E-05
  1.5911407E-02  1.1370364E+02  4.8635817E-05
  1.6022518E-02  1.1354182E+02  4.9317400E-05
  1.6134401E-02  1.1338636E+02  5.0008509E-05
  1.6247062E-02  1.1323752E+02  5.0709280E-05
  1.6360506E-02  1.1309554E+02  5.1419846E-05
  1.6474738E-02  1.1296069E+02  5.2140344E-05
  1.6589764E-02  1.1283321E+02  5.2870913E-05
  1.6705589E-02  1.1271336E+02  5.3611693E-05
  1.6822219E-02  1.1260139E+02  5.4362828E-05
  1.6939659E-02  1.1249753E+02  5.5124461E-05
  1.7057916E-02  1.1240205E+02  5.5896738E-05
  1.7176994E-02  1.1231518E+02  5.6679810E-05
  1.7296900E-02  1.1223715E+02  5.7473826E-05
  1.7417639E-02  1.1216822E+02  5.8278938E-05
  1.7539217E-02  1.1210861E+02  5.9095303E-05
  1.7661640E-02  1.1205855E+02  5.9923076E-05
  1.7784914E-02  1.1201828E+02  6.0762418E-05
  1.7909045E-02  1.1198801E+02  6.1613490E-05
  1.8034038E-02  1.1196797E+02  6.2476454E-05
  1.8159899E-02  1.1195838E+02  6.3351478E-05
  1.8286635E-02  1.1195944E+02  6.4238730E-05
  1.8414252E-02  1.1197136E+02  6.5138380E-05
  1.8542756E-02  1.1199434E+02  6.6050602E-05
  1.8672153E-02  1.1202859E+02  6.6975570E-05
  1.8802449E-02  1.1207429E+02  6.7913463E-05
  1.8933650E-02  1.1213163E+02  6.8864461E-05
  1.9065763E-02  1.1220080E+02  6.9828746E-05
  1.9198794E-02  1.1228195E+02  7.0806506E-05
  1.9332750E-02  1.1237527E+02  7.1797926E-05
  1.9467636E-02  1.1248092E+02  7.2803199E-05
  1.9603460E-02  1.1259905E+02  7.3822517E-05
  1.9740228E-02  1.1272980E+02  7.4856076E-05
  1.9877946E-02  1.1287332E+02  7.5904075E-05
  2.0016621E-02  1.1302974E+02  7.6966716E-05
  2.0156260E-02  1.1319919E+02  7.8044203E-05
  2.0296869E-02  1.1338179E+02  7.9136743E-05
  2.0438456E-02  1.1357764E+02  8.0244546E-05
  2.0581026E-02  1.1378684E+02  8.1367825E-05
  2.0724587E-02  1.1400948E+02  8.2506796E-05
  2.0869145E-02  1.1424566E+02  8.3661678E-05
  2.1014708E-02  1.1449544E+02  8.4832693E-05
  2.1161283E-02  1.1475889E+02  8.6020066E-05
  2.1308876E-02  1.1503605E+02  8.7224025E-05
  2.1457495E-02  1.1532699E+02  8.8444802E-05
  2.1607147E-02  1.1563173E+02  8.9682631E-05
  2.1757838E-02  1.1595030E+02  9.0937750E-05
  2.1909577E-02  1.1628271E+02  9.2210401E-05
  2.2062370E-02  1.1662897E+02  9.3500829E-05
  2.2216225E-02  1.1698907E+02  9.4809280E-05
  2.2371150E-02  1.1736299E+02  9.6136006E-05
  2.2527150E-02  1.1775071E+02  9.7481264E-05
  2.2684235E-02  1.1815218E+02  9.8845310E-05
  2.2842411E-02  1.1856735E+02  1.0022841E-04
  2.3001687E-02  1.1899616E+02  1.0163082E-04
  2.3162070E-02  1.1943854E+02  1.0305282E-04
  2.3323566E-02  1.1989439E+02  1.0449468E-04
  2.3486186E-02  1.2036362E+02  1.0595668E-04
  2.3649935E-02  1.2084612E+02  1.0743909E-04
  2.3814822E-02  1.2134176E+02  1.0894221E-04
  2.3980855E-02  1.2185040E+02  1.1046632E-04
  2.4148042E-02  1.2237191E+02  1.1201171E-04
  2.4316391E-02  1.2290612E+02  1.1357868E-04
  2.4485909E-02  1.2345285E+02  1.1516754E-04
  2.4656605E-02  1.2401192E+02  1.1677858E-04
  2.4828488E-02  1.2458312E+02  1.1841212E-04
  2.5001565E-02  1.2516626E+02  1.2006847E-04
  2.5175845E-02  1.2576109E+02  1.2174795E-04
  2.5351336E-02  1.2636740E+02  1.2345087E-04
  2.5528046E-02  1.2698491E+02  1.2517758E-04
  2.5705985E-02  1.2761338E+02  1.2692840E-04
  2.5885160E-02  1.2825252E+02  1.2870366E-04
  2.6065580E-02  1.2890204E+02  1.3050371E-04
  2.6247254E-02  1.2956165E+02  1.3232889E-04
  2.6430190E-02  1.3023102E+02  1.3417956E-04
  2.6614398E-02  1.3090984E+02  1.3605606E-04
  2.6799885E-02  1.3159776E+02  1.3795876E-04
  2.6986662E-02  1.3229443E+02  1.3988803E-04
  2.7174736E-02  1.3299948E+02  1.4184423E-04
  2.7364118E-02  1.3371253E+02  1.4382775E-04
  2.7554815E-02  1.3443321E+02  1.4583895E-04
  2.7746838E-02  1.3516110E+02  1.4787823E-04
  2.7940195E-02  1.3589580E+02  1.4994598E-04
  2.8134896E-02  1.3663688E+02  1.5204260E-04
  2.8330950E-02  1.3738390E+02  1.5416848E-04
  2.8528366E-02  1.3813642E+02  1.5632404E-04
  2.8727154E-02  1.3889398E+02  1.5850970E-04
  2.8927323E-02  1.3965611E+02  1.6072586E-04
  2.9128884E-02  1.4042234E+02  1.6297295E-04
  2.9331845E-02  1.4119218E+02  1.6525142E-04
  2.9536216E-02  1.4196512E+02  1.6756168E-04
  2.9742008E-02  1.4274067E+02  1.6990420E-04
  2.9949230E-02  1.4351829E+02  1.7227941E-04
  3.0157892E-02  1.4429748E+02  1.7468777E-04
  3.0368004E-02  1.4507769E+02  1.7712975E-04
  3.0579576E-02  1.4585839E+02  1.7960581E-04
  3.0792618E-02  1.4663902E+02  1.8211644E-04
  3.1007140E-02  1.4741903E+02  1.8466210E-04
  3.1223154E-02  1.4819786E+02  1.8724329E-04
  3.1440668E-02  1.4897494E+02  1.8986051E-04
  3.1659694E-02  1.4974969E+02  1.9251425E-04
  3.1880242E-02  1.5052153E+02  1.9520503E-04
  3.2102323E-02  1.5128988E+02  1.9793336E-04
  3.2325947E-02  1.5205415E+02  2.0069976E-04
  3.2551125E-02  1.5281376E+02  2.0350477E-04
  3.2777867E-02  1.5356809E+02  2.0634893E-04
  3.3006186E-02  1.5431656E+02  2.0923277E-04
  3.3236091E-02  1.5505857E+02  2.1215686E-04
  3.3467593E-02  1.5579351E+02  2.1512175E-04
  3.3700705E-02  1.5652078E+02  2.1812802E-04
  3.3935436E-02  1.5723978E+02  2.2117623E-04
  3.4171799E-02  1.5794991E+02  2.2426698E-04
  3.4409804E-02  1.5865058E+02  2.2740086E-04
  3.4649462E-02  1.5934117E+02  2.3057846E-04
  3.4890787E-02  1.6002109E+02  2.3380040E-04
  3.5133788E-02  1.6068976E+02  2.3706730E-04
  3.5378478E-02  1.6134659E+02  2.4037977E-04
  3.5624868E-02  1.6199098E+02  2.4373846E-04
  3.5872971E-02  1.6262236E+02  2.4714402E-04
  3.6122798E-02  1.6324015E+02  2.5059709E-04
  3.6374360E-02  1.6384380E+02  2.5409833E-04
  3.6627671E-02  1.6443274E+02  2.5764842E-04
  3.6882742E-02  1.6500642E+02  2.6124804E-04
  3.7139586E-02  1.6556429E+02  2.6489787E-04
  3.7398215E-02  1.6610584E+02  2.6859862E-04
  3.7658640E-02  1.6663053E+02  2.7235100E-04
  3.7920876E-02  1.6713785E+02  2.7615573E-04
  3.8184934E-02  1.6762731E+02  2.8001353E-04
  3.8450827E-02  1.6809841E+02  2.8392514E-04
  3.8718567E-02  1.6855070E+02  2.8789132E-04
  3.8988168E-02  1.6898370E+02  2.9191282E-04
  3.9259643E-02  1.6939698E+02  2.9599042E-04
  3.9533004E-02  1.6979010E+02  3.0012490E-04
  3.9808264E-02  1.7016265E+02  3.0431704E-04
  4.0085438E-02  1.7051425E+02  3.0856766E-04
  4.0364538E-02  1.7084451E+02  3.1287756E-04
  4.0645577E-02  1.7115307E+02  3.1724757E-04
  4.0928569E-02  1.7143959E+02  3.2167853E-04
  4.1213528E-02  1.7170377E+02  3.2617130E-04
  4.1500466E-02  1.7194528E+02  3.3072672E-04
  4.1789399E-02  1.7216387E+02  3.3534567E-04
  4.2080340E-02  1.7235927E+02  3.4002904E-04
  4.2373302E-02  1.7253126E+02  3.4477772E-04
  4.2668301E-02  1.7267961E+02  3.4959262E-04
  4.2965349E-02  1.7280414E+02  3.5447467E-04
  4.3264462E-02  1.7290470E+02  3.5942480E-04
  4.3565653E-02  1.7298114E+02  3.6444396E-04
  4.3868937E-02  1.7303336E+02  3.6953311E-04
  4.4174328E-02  1.7306126E+02  3.7469321E-04
  4.4481842E-02  1.7306479E+02  3.7992528E-04
  4.4791493E-02  1.7304391E+02  3.8523029E-04
  4.5103296E-02  1.7299863E+02  3.9060927E-04
  4.5417265E-02  1.7292895E+02  3.9606326E-04
  4.5733416E-02  1.7283494E+02  4.0159328E-04
  4.6051764E-02  1.7271667E+02  4.0720041E-04
  4.6372325E-02  1.7257425E+02  4.1288571E-04
  4.6695113E-02  1.7240781E+02  4.1865027E-04
  4.7020144E-02  1.7221752E+02  4.2449520E-04
  4.7347434E-02  1.7200358E+02  4.3042161E-04
  4.7676998E-02  1.7176621E+02  4.3643064E-04
  4.8008852E-02  1.7150566E+02  4.4252344E-04
  4.8343013E-02  1.7122223E+02  4.4870117E-04
  4.8679496E-02  1.7091622E+02  4.5496502E-04
  4.9018316E-02  1.7058797E+02  4.6131619E-04
  4.9359492E-02  1.7023787E+02  4.6775588E-04
  4.9703038E-02  1.6986631E+02  4.7428533E-04
  5.0048972E-02  1.6947373E+02  4.8090580E-04
  5.0397309E-02  1.6906060E+02  4.8761854E-04
  5.0748067E-02  1.6862739E+02  4.9442484E-04
  5.1101263E-02  1.6817465E+02  5.0132600E-04
  5.1456913E-02  1.6770291E+02  5.0832334E-04
  5.1815034E-02  1.6721275E+02  5.1541820E-04
  5.2175645E-02  1.6670479E+02  5.2261194E-04
  5.2538761E-02  1.6617965E+02  5.2990593E-04
  5.2904400E-02  1.6563799E+02  5.3730157E-04
  5.3272580E-02  1.6508051E+02  5.4480027E-04
  5.3643319E-02  1.6450792E+02  5.5240345E-04
  5.4016634E-02  1.6392095E+02  5.6011259E-04
  5.4392544E-02  1.6332038E+02  5.6792914E-04
  5.4771065E-02  1.6270697E+02  5.7585461E-04
  5.5152217E-02  1.6208156E+02  5.8389050E-04
  5.5536018E-02  1.6144497E+02  5.9203836E-04
  5.5922485E-02  1.6079805E+02  6.0029974E-04
  5.6311639E-02  1.6014168E+02  6.0867621E-04
  5.6703496E-02  1.5947675E+02  6.1716939E-04
  5.7098077E-02  1.5880418E+02  6.2578088E-04
  5.7495400E-02  1.5812489E+02  6.3451234E-04
  5.7895484E-02  1.5743983E+02  6.4336544E-04
  5.8298347E-02  1.5674996E+02  6.5234185E-04
  5.8704011E-02  1.5605626E+02  6.6144331E-04
  5.9112494E-02  1.5535971E+02  6.7067153E-04
  5.9523815E-02  1.5466131E+02  6.8002830E-04
  5.9937994E-02  1.5396207E+02  6.8951539E-04
  6.0355052E-02  1.5326300E+02  6.9913462E-04
  6.0775008E-02  1.5256513E+02  7.0888781E-04
  6.1197882E-02  1.5186949E+02  7.1877684E-04
  6.1623694E-02  1.5117711E+02  7.2880358E-04
  6.2052466E-02  1.5048903E+02  7.3896996E-04
  6.2484218E-02  1.4980629E+02  7.4927791E-04
  6.2918969E-02  1.4912991E+02  7.5972939E-04
  6.3356742E-02  1.4846095E+02  7.7032641E-04
  6.3797557E-02  1.4780042E+02  7.8107099E-04
  6.4241435E-02  1.4714935E+02  7.9196516E-04
  6.4688398E-02  1.4650877E+02  8.0301102E-04
  6.5138467E-02  1.4587967E+02  8.1421066E-04
  6.5591663E-02  1.4526306E+02  8.2556622E-04
  6.6048009E-02  1.4465993E+02  8.3707987E-04
  6.6507526E-02  1.4407124E+02  8.4875381E-04
  6.6970236E-02  1.4349796E+02  8.6059025E-04
  6.7436162E-02  1.4294103E+02  8.7259145E-04
  6.7905325E-02  1.4240135E+02  8.8475970E-04
  6.8377749E-02  1.4187984E+02  8.9709731E-04
  6.8853455E-02  1.4137737E+02  9.0960665E-04
  6.9332468E-02  1.4089478E+02  9.2229009E-04
  6.9814809E-02  1.4043292E+02  9.3515004E-04
  7.0300502E-02  1.3999256E+02  9.4818896E-04
  7.0789570E-02  1.3957449E+02  9.6140933E-04
  7.1282036E-02  1.3917943E+02  9.7481367E-04
  7.1777925E-02  1.3880810E+02  9.8840453E-04
  7.2277260E-02  1.3846116E+02  1.0021845E-03
  7.2780065E-02  1.3813924E+02  1.0161562E-03
  7.3286364E-02  1.3784294E+02  1.0303223E-03
  7.3796181E-02  1.3757282E+02  1.0446854E-03
  7.4309541E-02  1.3732939E+02  1.0592484E-03
  7.4826468E-02  1.3711312E+02  1.0740140E-03
  7.5346988E-02  1.3692445E+02  1.0889849E-03
  7.5871125E-02  1.3676376E+02  1.1041641E-03
  7.6398904E-02  1.3663139E+02  1.1195545E-03
  7.6930350E-02  1.3652764E+02  1.1351588E-03
  7.7465490E-02  1.3645274E+02  1.1509802E-03
  7.8004348E-02  1.3640689E+02  1.1670217E-03
  7.8546951E-02  1.3639024E+02  1.1832862E-03
  7.9093325E-02  1.3640287E+02  1.1997769E-03
  7.9643496E-02  1.3644484E+02  1.2164969E-03
  8.0197489E-02  1.3651612E+02  1.2334493E-03
  8.0755333E-02  1.3661665E+02  1.2506375E-03
  8.1317053E-02  1.3674632E+02  1.2680646E-03
  8.1882676E-02  1.3690494E+02  1.2857340E-03
  8.2452231E-02  1.3709229E+02  1.3036490E-03
  8.3025743E-02  1.3730808E+02  1.3218131E-03
  8.3603240E-02  1.3755198E+02  1.3402296E-03
  8.4184750E-02  1.3782359E+02  1.3589021E-03
  8.4770302E-02  1.3812245E+02  1.3778341E-03
  8.5359923E-02  1.3844805E+02  1.3970292E-03
  8.5953640E-02  1.3879985E+02  1.4164910E-03
  8.6551484E-02  1.3917721E+02  1.4362233E-03
  8.7153482E-02  1.3957947E+02  1.4562297E-03
  8.7759664E-02  1.4000589E+02  1.4765142E-03
  8.8370058E-02  1.4045571E+02  1.4970804E-03
  8.8984694E-02  1.4092808E+02  1.5179323E-03
  8.9603601E-02  1.4142213E+02  1.5390739E-03
  9.0226809E-02  1.4193691E+02  1.5605092E-03
  9.0854347E-02  1.4247145E+02  1.5822422E-03
  9.1486246E-02  1.4302470E+02  1.6042770E-03
  9.2122537E-02  1.4359560E+02  1.6266178E-03
  9.2763249E-02  1.4418300E+02  1.6492689E-03
  9.3408414E-02  1.4478575E+02  1.6722345E-03
  9.4058062E-02  1.4540263E+02  1.6955189E-03
  9.4712224E-02  1.4603238E+02  1.7191267E-03
  9.5370932E-02  1.4667372E+02  1.7430622E-03
  9.6034218E-02  1.4732531E+02  1.7673299E-03
  9.6702113E-02  1.4798579E+02  1.7919345E-03
  9.7374649E-02  1.4865376E+02  1.8168806E-03
  9.8051859E-02  1.4932780E+02  1.8421729E-03
  9.8733775E-02  1.5000644E+02  1.8678162E-03
  9.9420430E-02  1.5068821E+02  1.8938153E-03
  1.0011186E-01  1.5137161E+02  1.9201752E-03
  1.0080809E-01  1.5205511E+02  1.9469008E-03
  1.0150916E-01  1.5273716E+02  1.9739972E-03
  1.0221510E-01  1.5341622E+02  2.0014694E-03
  1.0292594E-01  1.5409071E+02  2.0293227E-03
  1.0364173E-01  1.5475906E+02  2.0575623E-03
  1.0436249E-01  1.5541968E+02  2.0861936E-03
  1.0508826E-01  1.5607098E+02  2.1152219E-03
  1.0581907E-01  1.5671138E+02  2.1446527E-03
  1.0655496E-01  1.5733930E+02  2.1744915E-03
  1.0729597E-01  1.5795315E+02  2.2047440E-03
  1.0804212E-01  1.5855137E+02  2.2354159E-03
  1.0879346E-01  1.5913241E+02  2.2665129E-03
  1.0955002E-01  1.5969472E+02  2.2980409E-03
  1.1031184E-01  1.6023678E+02  2.3300059E-03
  1.1107895E-01  1.6075710E+02  2.3624137E-03
  1.1185140E-01  1.6125420E+02  2.3952706E-03
  1.1262921E-01  1.6172664E+02  2.4285827E-03
  1.1341242E-01  1.6217302E+02  2.4623563E-03
  1.1420108E-01  1.6259195E+02  2.4965977E-03
  1.1499522E-01  1.6298209E+02  2.5313133E-03
  1.1579488E-01  1.6334216E+02  2.5665097E-03
  1.1660009E-01  1.6367089E+02  2.6021934E-03
  1.1741090E-01  1.6396710E+02  2.6383712E-03
  1.1822735E-01  1.6422962E+02  2.6750499E-03
  1.1904946E-01  1.6445735E+02  2.7122362E-03
  1.1987730E-01  1.6464925E+02  2.7499373E-03
  1.2071088E-01  1.6480435E+02  2.7881601E-03
  1.2155026E-01  1.6492170E+02  2.8269119E-03
  1.2239546E-01  1.6500047E+02  2.8661998E-03
  1.2324655E-01  1.6503985E+02  2.9060312E-03
  1.2410354E-01  1.6503913E+02  2.9464137E-03
  1.2496650E-01  1.6499764E+02  2.9873546E-03
  1.2583545E-01  1.6491482E+02  3.0288618E-03
  1.2671043E-01  1.6479016E+02  3.0709428E-03
  1.2759150E-01  1.6462323E+02  3.1136058E-03
  1.2847869E-01  1.6441368E+02  3.1568584E-03
  1.2937205E-01  1.6416125E+02  3.2007090E-03
  1.3027161E-01  1.6386574E+02  3.2451655E-03
  1.3117743E-01  1.6352706E+02  3.2902364E-03
  1.3208954E-01  1.6314518E+02  3.3359301E-03
  1.3300798E-01  1.6272016E+02  3.3822550E-03
  1.3393282E-01  1.6225215E+02  3.4292197E-03
  1.3486407E-01  1.6174138E+02  3.4768331E-03
  1.3580180E-01  1.6118817E+02  3.5251040E-03
  1.3674605E-01  1.6059293E+02  3.5740414E-03
  1.3769685E-01  1.5995613E+02  3.6236543E-03
  1.3865427E-01  1.5927836E+02  3.6739520E-03
  1.3961833E-01  1.5856028E+02  3.7249439E-03
  1.4058910E-01  1.5780261E+02  3.7766394E-03
  1.4156661E-01  1.5700620E+02  3.8290481E-03
  1.4255092E-01  1.5617195E+02  3.8821797E-03
  1.4354206E-01  1.5530084E+02  3.9360442E-03
  1.4454010E-01  1.5439395E+02  3.9906514E-03
  1.4554507E-01  1.5345241E+02  4.0460115E-03
  1.4655702E-01  1.5247744E+02  4.1021348E-03
  1.4757600E-01  1.5147035E+02  4.1590316E-03
  1.4860207E-01  1.5043250E+02  4.2167125E-03
  1.4963526E-01  1.4936531E+02  4.2751880E-03
  1.5067564E-01  1.4827029E+02  4.3344692E-03
  1.5172325E-01  1.4714900E+02  4.3945668E-03
  1.5277813E-01  1.4600306E+02  4.4554920E-03
  1.5384035E-01  1.4483417E+02  4.5172560E-03
  1.5490994E-01  1.4364404E+02  4.5798702E-03
  1.5598697E-01  1.4243447E+02  4.6433462E-03
  1.5707149E-01  1.4120729E+02  4.7076957E-03
  1.5816354E-01  1.3996438E+02  4.7729304E-03
  1.5926318E-01  1.3870764E+02  4.8390624E-03
  1.6037046E-01  1.3743904E+02  4.9061038E-03
  1.6148544E-01  1.3616055E+02  4.9740670E-03
  1.6260816E-01  1.3487418E+02  5.0429645E-03
  1.6373869E-01  1.3358197E+02  5.1128088E-03
  1.6487707E-01  1.3228595E+02  5.1836128E-03
  1.6602336E-01  1.3098821E+02  5.2553896E-03
  1.6717762E-01  1.2969080E+02  5.3281521E-03
  1.6833990E-01  1.2839580E+02  5.4019138E-03
  1.6951026E-01  1.2710530E+02  5.4766881E-03
  1.7068875E-01  1.2582136E+02  5.5524886E-03
  1.7187543E-01  1.2454605E+02  5.6293294E-03
  1.7307035E-01  1.2328142E+02  5.7072243E-03
  1.7427358E-01  1.2202949E+02  5.7861875E-03
  1.7548517E-01  1.2079228E+02  5.8662336E-03
  1.7670518E-01  1.1957175E+02  5.9473769E-03
  1.7793367E-01  1.1836986E+02  6.0296324E-03
  1.7917069E-01  1.1718850E+02  6.1130149E-03
  1.8041631E-01  1.1602955E+02  6.1975397E-03
  1.8167059E-01  1.1489483E+02  6.2832220E-03
  1.8293359E-01  1.1378609E+02  6.3700774E-03
  1.8420536E-01  1.1270506E+02  6.4581216E-03
  1.8548596E-01  1.1165338E+02  6.5473707E-03
  1.8677547E-01  1.1063264E+02  6.6378406E-03
  1.8807394E-01  1.0964436E+02  6.7295479E-03
  1.8938143E-01  1.0868999E+02  6.8225090E-03
  1.9069801E-01  1.0777091E+02  6.9167408E-03
  1.9202373E-01  1.0688841E+02  7.0122602E-03
  1.9335867E-01  1.0604371E+02  7.1090845E-03
  1.9470289E-01  1.0523793E+02  7.2072310E-03
  1.9605644E-01  1.0447212E+02  7.3067174E-03
  1.9741940E-01  1.0374723E+02  7.4075616E-03
  1.9879184E-01  1.0306410E+02  7.5097817E-03
  2.0017381E-01  1.0242352E+02  7.6133960E-03
  2.0156538E-01  1.0182614E+02  7.7184231E-03
  2.0296663E-01  1.0127252E+02  7.8248818E-03
  2.0437761E-01  1.0076313E+02  7.9327910E-03
  2.0579840E-01  1.0029832E+02  8.0421702E-03
  2.0722906E-01  9.9878371E+01  8.1530387E-03
  2.0866966E-01  9.9503417E+01  8.2654164E-03
  2.1012027E-01  9.9173510E+01  8.3793232E-03
  2.1158097E-01  9.8888592E+01  8.4947794E-03
  2.1305181E-01  9.8648500E+01  8.6118056E-03
  2.1453288E-01  9.8452963E+01  8.7304223E-03
  2.1602424E-01  9.8301606E+01  8.8506508E-03
  2.1752596E-01  9.8193951E+01  8.9725123E-03
  2.1903811E-01  9.8129415E+01  9.0960282E-03
  2.2056078E-01  9.8107311E+01  9.2212205E-03
  2.2209402E-01  9.8126853E+01  9.3481112E-03
  2.2363793E-01  9.8187156E+01  9.4767226E-03
  2.2519256E-01  9.8287237E+01  9.6070774E-03
  2.2675799E-01  9.8426018E+01  9.7391984E-03
  2.2833430E-01  9.8602331E+01  9.8731090E-03
  2.2992157E-01  9.8814915E+01  1.0008832E-02
  2.3151986E-01  9.9062425E+01  1.0146393E-02
  2.3312926E-01  9.9343434E+01  1.0285813E-02
  2.3474985E-01  9.9656432E+01  1.0427119E-02
  2.3638170E-01  9.9999837E+01  1.0570335E-02
  2.3802489E-01  1.0037199E+02  1.0715485E-02
  2.3967949E-01  1.0077118E+02  1.0862595E-02
  2.4134560E-01  1.0119560E+02  1.1011690E-02
  2.4302328E-01  1.0164342E+02  1.1162796E-02
  2.4471262E-01  1.0211274E+02  1.1315940E-02
  2.4641370E-01  1.0260161E+02  1.1471147E-02
  2.4812660E-01  1.0310804E+02  1.1628445E-02
  2.4985141E-01  1.0362998E+02  1.1787861E-02
  2.5158820E-01  1.0416538E+02  1.1949421E-02
  2.5333706E-01  1.0471214E+02  1.2113155E-02
  2.5509807E-01  1.0526813E+02  1.2279089E-02
  2.5687132E-01  1.0583122E+02  1.2447252E-02
  2.5865689E-01  1.0639924E+02  1.2617673E-02
  2.6045488E-01  1.0697004E+02  1.2790380E-02
  2.6226535E-01  1.0754145E+02  1.2965404E-02
  2.6408841E-01  1.0811130E+02  1.3142775E-02
  2.6592413E-01  1.0867743E+02  1.3322521E-02
  2.6777262E-01  1.0923770E+02  1.3504673E-02
  2.6963394E-01  1.0978997E+02  1.3689263E-02
  2.7150820E-01  1.1033214E+02  1.3876321E-02
  2.7339549E-01  1.1086213E+02  1.4065879E-02
  2.7529589E-01  1.1137789E+02  1.4257968E-02
  2.7720950E-01  1.1187741E+02  1.4452622E-02
  2.7913641E-01  1.1235872E+02  1.4649871E-02
  2.8107670E-01  1.1281991E+02  1.4849750E-02
  2.8303048E-01  1.1325910E+02  1.5052291E-02
  2.8499784E-01  1.1367448E+02  1.5257528E-02
  2.8697887E-01  1.1406429E+02  1.5465496E-02
  2.8897366E-01  1.1442685E+02  1.5676228E-02
  2.9098232E-01  1.1476053E+02  1.5889759E-02
  2.9300493E-01  1.1506378E+02  1.6106124E-02
  2.9504160E-01  1.1533511E+02  1.6325360E-02
  2.9709242E-01  1.1557315E+02  1.6547501E-02
  2.9915750E-01  1.1577656E+02  1.6772585E-02
  3.0123692E-01  1.1594411E+02  1.7000647E-02
  3.0333080E-01  1.1607466E+02  1.7231725E-02
  3.0543922E-01  1.1616715E+02  1.7465857E-02
  3.0756230E-01  1.1622061E+02  1.7703080E-02
  3.0970013E-01  1.1623416E+02  1.7943432E-02
  3.1185282E-01  1.1620703E+02  1.8186953E-02
  3.1402047E-01  1.1613853E+02  1.8433681E-02
  3.1620318E-01  1.1602806E+02  1.8683655E-02
  3.1840106E-01  1.1587515E+02  1.8936916E-02
  3.2061421E-01  1.1567939E+02  1.9193504E-02
  3.2284274E-01  1.1544049E+02  1.9453459E-02
  3.2508675E-01  1.1515825E+02  1.9716823E-02
  3.2734636E-01  1.1483257E+02  1.9983637E-02
  3.2962168E-01  1.1446345E+02  2.0253944E-02
  3.3191280E-01  1.1405098E+02  2.0527784E-02
  3.3421985E-01  1.1359534E+02  2.0805202E-02
  3.3654293E-01  1.1309683E+02  2.1086240E-02
  3.3888215E-01  1.1255582E+02  2.1370942E-02
  3.4123762E-01  1.1197277E+02  2.1659352E-02
  3.4360947E-01  1.1134823E+02  2.1951514E-02
  3.4599780E-01  1.1068286E+02  2.2247473E-02
  3.4840272E-01  1.0997737E+02  2.2547274E-02
  3.5082436E-01  1.0923257E+02  2.2850964E-02
  3.5326282E-01  1.0844936E+02  2.3158588E-02
  3.5571823E-01  1.0762869E+02  2.3470192E-02
  3.5819071E-01  1.0677159E+02  2.3785824E-02
  3.6068036E-01  1.0587919E+02  2.4105531E-02
  3.6318732E-01  1.0495264E+02  2.4429360E-02
  3.6571169E-01  1.0399318E+02  2.4757361E-02
  3.6825361E-01  1.0300212E+02  2.5089580E-02
  3.7081319E-01  1.0198079E+02  2.5426069E-02
  3.7339056E-01  1.0093060E+02  2.5766875E-02
  3.7598584E-01  9.9853007E+01  2.6112049E-02
  3.7859916E-01  9.8749493E+01  2.6461640E-02
  3.8123064E-01  9.7621595E+01  2.6815701E-02
  3.8388040E-01  9.6470882E+01  2.7174281E-02
  3.8654857E-01  9.5298954E+01  2.7537432E-02
  3.8923529E-01  9.4107436E+01  2.7905206E-02
  3.9194068E-01  9.2897978E+01  2.8277656E-02
  3.9466487E-01  9.1672249E+01  2.8654833E-02
  3.9740798E-01  9.0431931E+01  2.9036792E-02
  4.0017016E-01  8.9178717E+01  2.9423585E-02
  4.0295154E-01  8.7914306E+01  2.9815266E-02
  4.0575224E-01  8.6640398E+01  3.0211889E-02
  4.0857241E-01  8.5358693E+01  3.0613510E-02
  4.1141217E-01  8.4070882E+01  3.1020182E-02
  4.1427167E-01  8.2778648E+01  3.1431961E-02
  4.1715104E-01  8.1483659E+01  3.1848904E-02
  4.2005042E-01  8.0187565E+01  3.2271065E-02
  4.2296994E-01  7.8891995E+01  3.2698502E-02
  4.2590976E-01  7.7598553E+01  3.3131270E-02
  4.2887000E-01  7.6308815E+01  3.3569428E-02
  4.3185081E-01  7.5024325E+01  3.4013032E-02
  4.3485234E-01  7.3746590E+01  3.4462139E-02
  4.3787473E-01  7.2477082E+01  3.4916809E-02
  4.4091812E-01  7.1217231E+01  3.5377099E-02
  4.4398265E-01  6.9968422E+01  3.5843068E-02
  4.4706849E-01  6.8731995E+01  3.6314774E-02
  4.5017577E-01  6.7509241E+01  3.6792277E-02
  4.5330464E-01  6.6301401E+01  3.7275636E-02
  4.5645525E-01  6.5109661E+01  3.7764911E-02
  4.5962776E-01  6.3935153E+01  3.8260161E-02
  4.6282231E-01  6.2778953E+01  3.8761446E-02
  4.6603906E-01  6.1642077E+01  3.9268828E-02
  4.6927817E-01  6.0525483E+01  3.9782366E-02
  4.7253979E-01  5.9430066E+01  4.0302120E-02
  4.7582407E-01  5.8356661E+01  4.0828153E-02
  4.7913117E-01  5.7306040E+01  4.1360524E-02
  4.8246126E-01  5.6278910E+01  4.1899294E-02
  4.8581448E-01  5.5275915E+01  4.2444526E-02
  4.8919101E-01  5.4297634E+01  4.2996280E-02
  4.9259101E-01  5.3344583E+01  4.3554617E-02
  4.9601463E-01  5.2417212E+01  4.4119599E-02
  4.9946204E-01  5.1515907E+01  4.4691288E-02
  5.0293340E-01  5.0640990E+01  4.5269745E-02
  5.0642889E-01  4.9792720E+01  4.5855031E-02
  5.0994868E-01  4.8971292E+01  4.6447208E-02
  5.1349292E-01  4.8176840E+01  4.7046337E-02
  5.1706179E-01  4.7409437E+01  4.7652480E-02
  5.2065546E-01  4.6669095E+01  4.8265698E-02
  5.2427410E-01  4.5955768E+01  4.8886052E-02
  5.2791789E-01  4.5269352E+01  4.9513602E-02
  5.3158700E-01  4.4609687E+01  5.0148410E-02
  5.3528161E-01  4.3976559E+01  5.0790536E-02
  5.3900189E-01  4.3369700E+01  5.1440041E-02
  5.4274803E-01  4.2788792E+01  5.2096985E-02
  5.4652019E-01  4.2233468E+01  5.2761426E-02
  5.5031857E-01  4.1703313E+01  5.3433425E-02
  5.5414335E-01  4.1197867E+01  5.4113041E-02
  5.5799470E-01  4.0716628E+01  5.4800333E-02
  5.6187282E-01  4.0259052E+01  5.5495358E-02
  5.6577789E-01  3.9824556E+01  5.6198173E-02
  5.6971010E-01  3.9412521E+01  5.6908838E-02
  5.7366963E-01  3.9022296E+01  5.7627407E-02
  5.7765667E-01  3.8653196E+01  5.8353937E-02
  5.8167142E-01  3.8304508E+01  5.9088483E-02
  5.8571407E-01  3.7975493E+01  5.9831100E-02
  5.8978482E-01  3.7665386E+01  6.0581842E-02
  5.9388385E-01  3.7373401E+01  6.1340762E-02
  5.9801137E-01  3.7098735E+01  6.2107911E-02
  6.0216757E-01  3.6840565E+01  6.2883342E-02
  6.0635265E-01  3.6598057E+01  6.3667104E-02
  6.1056681E-01  3.6370364E+01  6.4459248E-02
  6.1481026E-01  3.6156628E+01  6.5259821E-02
  6.1908320E-01  3.5955988E+01  6.6068871E-02
  6.2338583E-01  3.5767576E+01  6.6886443E-02
  6.2771836E-01  3.5590522E+01  6.7712582E-02
  6.3208100E-01  3.5423957E+01  6.8547333E-02
  6.3647395E-01  3.5267014E+01  6.9390736E-02
  6.4089743E-01  3.5118832E+01  7.0242833E-02
  6.4535165E-01  3.4978555E+01  7.1103662E-02
  6.4983683E-01  3.4845336E+01  7.1973261E-02
  6.5435317E-01  3.4718340E+01  7.2851667E-02
  6.5890089E-01  3.4596742E+01  7.3738912E-02
  6.6348022E-01  3.4479735E+01  7.4635030E-02
  6.6809137E-01  3.4366523E+01  7.5540051E-02
  6.7273457E-01  3.4256333E+01  7.6454003E-02
  6.7741003E-01  3.4148408E+01  7.7376912E-02
  6.8211798E-01  3.4042011E+01  7.8308803E-02
  6.8685865E-01  3.3936429E+01  7.9249698E-02
  6.9163226E-01  3.3830970E+01  8.0199617E-02
  6.9643904E-01  3.3724969E+01  8.1158575E-02
  7.0127923E-01  3.3617784E+01  8.2126589E-02
  7.0615305E-01  3.3508798E+01  8.3103670E-02
  7.1106074E-01  3.3397425E+01  8.4089826E-02
  7.1600253E-01  3.3283104E+01  8.5085066E-02
  7.2097867E-01  3.3165302E+01  8.6089392E-02
  7.2598938E-01  3.3043517E+01  8.7102803E-02
  7.3103492E-01  3.2917276E+01  8.8125299E-02
  7.3611552E-01  3.2786135E+01  8.9156872E-02
  7.4123142E-01  3.2649680E+01  9.0197512E-02
  7.4638287E-01  3.2507530E+01  9.1247207E-02
  7.5157013E-01  3.2359330E+01  9.2305939E-02
  7.5679343E-01  3.2204760E+01  9.3373689E-02
  7.6205302E-01  3.2043527E+01  9.4450431E-02
  7.6734917E-01  3.1875371E+01  9.5536136E-02
  7.7268212E-01  3.1700060E+01  9.6630772E-02
  7.7805213E-01  3.1517393E+01  9.7734302E-02
  7.8345945E-01  3.1327198E+01  9.8846682E-02
  7.8890436E-01  3.1129332E+01  9.9967867E-02
  7.9438710E-01  3.0923681E+01  1.0109781E-01
  7.9990794E-01  3.0710158E+01  1.0223644E-01
  8.0546714E-01  3.0488704E+01  1.0338371E-01
  8.1106498E-01  3.0259287E+01  1.0453955E-01
  8.1670171E-01  3.0021899E+01  1.0570389E-01
  8.2237762E-01  2.9776561E+01  1.0687664E-01
  8.2809297E-01  2.9523313E+01  1.0805772E-01
  8.3384804E-01  2.9262224E+01  1.0924705E-01
  8.3964310E-01  2.8993381E+01  1.1044453E-01
  8.4547843E-01  2.8716896E+01  1.1165005E-01
  8.5135431E-01  2.8432899E+01  1.1286350E-01
  8.5727102E-01  2.8141542E+01  1.1408478E-01
  8.6322885E-01  2.7842993E+01  1.1531375E-01
  8.6922808E-01  2.7537441E+01  1.1655028E-01
  8.7526900E-01  2.7225089E+01  1.1779424E-01
  8.8135190E-01  2.6906157E+01  1.1904549E-01
  8.8747707E-01  2.6580878E+01  1.2030386E-01
  8.9364480E-01  2.6249501E+01  1.2156919E-01
  8.9985540E-01  2.5912285E+01  1.2284132E-01
  9.0610915E-01  2.5569501E+01  1.2412007E-01
  9.1240636E-01  2.5221431E+01  1.2540525E-01
  9.1874733E-01  2.4868366E+01  1.2669666E-01
  9.2513237E-01  2.4510604E+01  1.2799410E-01
  9.3156177E-01  2.4148453E+01  1.2929735E-01
  9.3803586E-01  2.3782223E+01  1.3060618E-01
  9.4455493E-01  2.3412234E+01  1.3192037E-01
  9.5111931E-01  2.3038806E+01  1.3323966E-01
  9.5772930E-01  2.2662265E+01  1.3456380E-01
  9.6438523E-01  2.2282939E+01  1.3589252E-01
  9.7108741E-01  2.1901156E+01  1.3722554E-01
  9.7783616E-01  2.1517246E+01  1.3856257E-01
  9.8463181E-01  2.1131539E+01  1.3990331E-01
  9.9147469E-01  2.0744364E+01  1.4124745E-01
  9.9836511E-01  2.0356046E+01  1.4259466E-01
  1.0053034E+00  1.9966910E+01  1.4394459E-01
  1.0122899E+00  1.9577277E+01  1.4529691E-01
  1.0193250E+00  1.9187463E+01  1.4665123E-01
  1.0264090E+00  1.8797783E+01  1.4800719E-01
  1.0335422E+00  1.8408542E+01  1.4936439E-01
  1.0407249E+00  1.8020044E+01  1.5072243E-01
  1.0479576E+00  1.7632582E+01  1.5208088E-01
  1.0552405E+00  1.7246446E+01  1.5343930E-01
  1.0625741E+00  1.6861917E+01  1.5479724E-01
  1.0699586E+00  1.6479270E+01  1.5615425E-01
  1.0773944E+00  1.6098770E+01  1.5750982E-01
  1.0848819E+00  1.5720676E+01  1.5886348E-01
  1.0924214E+00  1.5345235E+01  1.6021469E-01
  1.1000134E+00  1.4972689E+01  1.6156292E-01
  1.1076580E+00  1.4603267E+01  1.6290763E-01
  1.1153558E+00  1.4237192E+01  1.6424826E-01
  1.1231071E+00  1.3874676E+01  1.6558420E-01
  1.1309123E+00  1.3515919E+01  1.6691487E-01
  1.1387717E+00  1.3161116E+01  1.6823963E-01
  1.1466857E+00  1.2810448E+01  1.6955786E-01
  1.1546547E+00  1.2464088E+01  1.7086888E-01
  1.1626791E+00  1.2122197E+01  1.7217202E-01
  1.1707592E+00  1.1784928E+01  1.7346658E-01
  1.1788955E+00  1.1452424E+01  1.7475185E-01
  1.1870884E+00  1.1124816E+01  1.7602707E-01
  1.1953382E+00  1.0802227E+01  1.7729150E-01
  1.2036453E+00  1.0484768E+01  1.7854435E-01
  1.2120101E+00  1.0172544E+01  1.7978481E-01
  1.2204330E+00  9.8656455E+00  1.8101207E-01
  1.2289145E+00  9.5641576E+00  1.8222528E-01
  1.2374550E+00  9.2681541E+00  1.8342356E-01
  1.2460547E+00  8.9777000E+00  1.8460604E-01
  1.2547143E+00  8.6928514E+00  1.8577179E-01
  1.2634340E+00  8.4136557E+00  1.8691988E-01
  1.2722143E+00  8.1401518E+00  1.8804936E-01
  1.2810556E+00  7.8723703E+00  1.8915923E-01
  1.2899584E+00  7.6103337E+00  1.9024849E-01
  1.2989230E+00  7.3540568E+00  1.9131613E-01
  1.3079499E+00  7.1035468E+00  1.9236107E-01
  1.3170396E+00  6.8588037E+00  1.9338225E-01
  1.3261924E+00  6.6198205E+00  1.9437856E-01
  1.3354088E+00  6.3865835E+00  1.9534889E-01
  1.3446893E+00  6.1590726E+00  1.9629208E-01
  1.3540343E+00  5.9372614E+00  1.9720696E-01
  1.3634442E+00  5.7211180E+00  1.9809234E-01
  1.3729195E+00  5.5106047E+00  1.9894700E-01
  1.3824606E+00  5.3056785E+00  1.9976969E-01
  1.3920680E+00  5.1062915E+00  2.0055915E-01
  1.4017422E+00  4.9123910E+00  2.0131409E-01
  1.4114837E+00  4.7239201E+00  2.0203319E-01
  1.4212928E+00  4.5408175E+00  2.0271513E-01
  1.4311701E+00  4.3630182E+00  2.0335853E-01
  1.4411160E+00  4.1904535E+00  2.0396204E-01
  1.4511310E+00  4.0230514E+00  2.0452423E-01
  1.4612157E+00  3.8607367E+00  2.0504370E-01
  1.4713704E+00  3.7034316E+00  2.0551900E-01
  1.4815957E+00  3.5510556E+00  2.0594867E-01
  1.4918920E+00  3.4035256E+00  2.0633123E-01
  1.5022599E+00  3.2607568E+00  2.0666518E-01
  1.5126999E+00  3.1226622E+00  2.0694901E-01
  1.5232124E+00  2.9891532E+00  2.0718118E-01
  1.5337979E+00  2.8601398E+00  2.0736016E-01
  1.5444570E+00  2.7355306E+00  2.0748438E-01
  1.5551902E+00  2.6152332E+00  2.0755228E-01
  1.5659979E+00  2.4991542E+00  2.0756226E-01
  1.5768808E+00  2.3871997E+00  2.0751275E-01
  1.5878393E+00  2.2792750E+00  2.0740215E-01
  1.5988739E+00  2.1752851E+00  2.0722885E-01
  1.6099853E+00  2.0751350E+00  2.0699124E-01
  1.6211738E+00  1.9787292E+00  2.0668772E-01
  1.6324401E+00  1.8859727E+00  2.0631669E-01
  1.6437847E+00  1.7967703E+00  2.0587654E-01
  1.6552081E+00  1.7110276E+00  2.0536568E-01
  1.6667109E+00  1.6286501E+00  2.0478252E-01
  1.6782936E+00  1.5495444E+00  2.0412549E-01
  1.6899568E+00  1.4736174E+00  2.0339303E-01
  1.7017011E+00  1.4007770E+00  2.0258360E-01
  1.7135270E+00  1.3309319E+00  2.0169569E-01
  1.7254350E+00  1.2639918E+00  2.0072781E-01
  1.7374259E+00  1.1998673E+00  1.9967851E-01
  1.7495000E+00  1.1384704E+00  1.9854636E-01
  1.7616580E+00  1.0797141E+00  1.9732998E-01
  1.7739006E+00  1.0235127E+00  1.9602806E-01
  1.7862282E+00  9.6978192E-01  1.9463929E-01
  1.7986414E+00  9.1843880E-01  1.9316247E-01
  1.8111410E+00  8.6940184E-01  1.9159643E-01
  1.8237274E+00  8.2259101E-01  1.8994009E-01
  1.8364012E+00  7.7792783E-01  1.8819243E-01
  1.8491632E+00  7.3533537E-01  1.8635254E-01
  1.8620138E+00  6.9473831E-01  1.8441957E-01
  1.8749537E+00  6.5606294E-01  1.8239280E-01
  1.8879835E+00  6.1923723E-01  1.8027160E-01
  1.9011039E+00  5.8419077E-01  1.7805548E-01
  1.9143155E+00  5.5085489E-01  1.7574407E-01
  1.9276188E+00  5.1916258E-01  1.7333712E-01
  1.9410147E+00  4.8904855E-01  1.7083457E-01
  1.9545036E+00  4.6044922E-01  1.6823648E-01
  1.9680862E+00  4.3330274E-01  1.6554313E-01
  1.9817632E+00  4.0754894E-01  1.6275494E-01
  1.9955353E+00  3.8312939E-01  1.5987257E-01
  2.0094031E+00  3.5998735E-01  1.5689688E-01
  2.0233672E+00  3.3806779E-01  1.5382896E-01
  2.0374284E+00  3.1731734E-01  1.5067015E-01
  2.0515873E+00  2.9768432E-01  1.4742205E-01
  2.0658446E+00  2.7911869E-01  1.4408656E-01
  2.0802010E+00  2.6157205E-01  1.4066586E-01
  2.0946571E+00  2.4499763E-01  1.3716245E-01
  2.1092137E+00  2.2935022E-01  1.3357919E-01
  2.1238714E+00  2.1458622E-01  1.2991930E-01
  2.1386310E+00  2.0066356E-01  1.2618637E-01
  2.1534932E+00  1.8754168E-01  1.2238441E-01
  2.1684586E+00  1.7518153E-01  1.1851788E-01
  2.1835281E+00  1.6354552E-01  1.1459169E-01
  2.1987022E+00  1.5259749E-01  1.1061125E-01
  2.2139818E+00  1.4230269E-01  1.0658247E-01
  2.2293676E+00  1.3262774E-01  1.0251185E-01
  2.2448603E+00  1.2354062E-01  9.8406448E-02
  2.2604607E+00  1.1501059E-01  9.4273956E-02
  2.2761695E+00  1.0700821E-01  9.0122717E-02
  2.2919874E+00  9.9505280E-02  8.5961774E-02
  2.3079153E+00  9.2474810E-02  8.1800903E-02
  2.3239538E+00  8.5890984E-02  7.7650660E-02
  2.3401038E+00  7.9729133E-02  7.3522421E-02
  2.3563660E+00  7.3965694E-02  6.9428432E-02
  2.3727413E+00  6.8578183E-02  6.5381856E-02
  2.3892303E+00  6.3545155E-02  6.1396825E-02
  2.4058339E+00  5.8846173E-02  5.7488493E-02
  2.4225529E+00  5.4461776E-02  5.3673094E-02
  2.4393881E+00  5.0373444E-02  4.9967998E-02
  2.4563403E+00  4.6563564E-02  4.6391776E-02
  2.4734102E+00  4.3015400E-02  4.2964265E-02
  2.4905988E+00  3.9713059E-02  3.9706635E-02
  2.5079068E+00  3.6641461E-02  3.6641461E-02
  2.5253352E+00  3.3786307E-02  3.3786307E-02
  2.5428846E+00  3.1134047E-02  3.1134047E-02
  2.5605560E+00  2.8671854E-02  2.8671854E-02
  2.5783501E+00  2.6387589E-02  2.6387589E-02
  2.5962680E+00  2.4269777E-02  2.4269777E-02
  2.6143103E+00  2.2307577E-02  2.2307577E-02
  2.6324780E+00  2.0490754E-02  2.0490754E-02
  2.6507720E+00  1.8809652E-02  1.8809652E-02
  2.6691931E+00  1.7255170E-02  1.7255170E-02
  2.6877422E+00  1.5818734E-02  1.5818734E-02
  2.7064202E+00  1.4492276E-02  1.4492276E-02
  2.7252280E+00  1.3268205E-02  1.3268205E-02
  2.7441665E+00  1.2139389E-02  1.2139389E-02
  2.7632367E+00  1.1099127E-02  1.1099127E-02
  2.7824393E+00  1.0141135E-02  1.0141135E-02
  2.8017754E+00  9.2595157E-03  9.2595157E-03
  2.8212458E+00  8.4487471E-03  8.4487471E-03
  2.8408515E+00  7.7036574E-03  7.7036574E-03
  2.8605935E+00  7.0194082E-03  7.0194082E-03
  2.8804727E+00  6.3914769E-03  6.3914769E-03
  2.9004900E+00  5.8156382E-03  5.8156382E-03
  2.9206465E+00  5.2879489E-03  5.2879489E-03
  2.9409429E+00  4.8047309E-03  4.8047309E-03
  2.9613805E+00  4.3625567E-03  4.3625567E-03
  2.9819600E+00  3.9582346E-03  3.9582346E-03
  3.0026826E+00  3.5887947E-03  3.5887947E-03
  3.0235492E+00  3.2514760E-03  3.2514760E-03
  3.0445608E+00  2.9437134E-03  2.9437134E-03
  3.0657184E+00  2.6631261E-03  2.6631261E-03
  3.0870230E+00  2.4075057E-03  2.4075057E-03
  3.1084756E+00  2.1748057E-03  2.1748057E-03
  3.1300774E+00  1.9631310E-03  1.9631310E-03
  3.1518292E+00  1.7707281E-03  1.7707281E-03
  3.1737322E+00  1.5959761E-03  1.5959761E-03
  3.1957875E+00  1.4373775E-03  1.4373775E-03
  3.2179959E+00  1.2935504E-03  1.2935504E-03
  3.2403588E+00  1.1632202E-03  1.1632202E-03
  3.2628770E+00  1.0452125E-03  1.0452125E-03
  3.2855517E+00  9.3844614E-04  9.3844614E-04
  3.3083839E+00  8.4192644E-04  8.4192644E-04
  3.3313749E+00  7.5473925E-04  7.5473925E-04
  3.3545256E+00  6.7604504E-04  6.7604504E-04
  3.3778371E+00  6.0507349E-04  6.0507349E-04
  3.4013107E+00  5.4111837E-04  5.4111837E-04
  3.4249474E+00  4.8353279E-04  4.8353279E-04
  3.4487484E+00  4.3172468E-04  4.3172468E-04
  3.4727147E+00  3.8515267E-04  3.8515267E-04
  3.4968476E+00  3.4332211E-04  3.4332211E-04
  3.5211482E+00  3.0578149E-04  3.0578149E-04
  3.5456176E+00  2.7211899E-04  2.7211899E-04
  3.5702571E+00  2.4195934E-04  2.4195934E-04
  3.5950679E+00  2.1496091E-04  2.1496091E-04
  3.6200510E+00  1.9081289E-04  1.9081289E-04
  3.6452077E+00  1.6923284E-04  1.6923284E-04
  3.6705393E+00  1.4996428E-04  1.4996428E-04
  3.6960469E+00  1.3277454E-04  1.3277454E-04
  3.7217317E+00  1.1745270E-04  1.1745270E-04
  3.7475951E+00  1.0380779E-04  1.0380779E-04
  3.7736381E+00  9.1667003E-05  9.1667003E-05
  3.7998622E+00  8.0874139E-05  8.0874139E-05
  3.8262685E+00  7.1288132E-05  7.1288132E-05
  3.8528582E+00  6.2781700E-05  6.2781700E-05
  3.8796328E+00  5.5240106E-05  5.5240106E-05
  3.9065934E+00  4.8560016E-05  4.8560016E-05
  3.9337414E+00  4.2648454E-05  4.2648454E-05
  3.9610780E+00  3.7421842E-05  3.7421842E-05
  3.9886046E+00  3.2805119E-05  3.2805119E-05
  4.0163225E+00  2.8730942E-05  2.8730942E-05
  4.0442330E+00  2.5138945E-05  2.5138945E-05
  4.0723374E+00  2.1975071E-05  2.1975071E-05
  4.1006371E+00  1.9190960E-05  1.9190960E-05
  4.1291335E+00  1.6743389E-05  1.6743389E-05
  4.1578280E+00  1.4593763E-05  1.4593763E-05
  4.1867218E+00  1.2707658E-05  1.2707658E-05
  4.2158164E+00  1.1054397E-05  1.1054397E-05
  4.2451132E+00  9.6066695E-06  9.6066695E-06
  4.2746136E+00  8.3401876E-06  8.3401876E-06
  4.3043190E+00  7.2333733E-06  7.2333733E-06
  4.3342308E+00  6.2670753E-06  6.2670753E-06
  4.3643505E+00  5.4243132E-06  5.4243132E-06
  4.3946794E+00  4.6900474E-06  4.6900474E-06
  4.4252192E+00  4.0509711E-06  4.0509711E-06
  4.4559712E+00  3.4953225E-06  3.4953225E-06
  4.4869368E+00  3.0127167E-06  3.0127167E-06
  4.5181177E+00  2.5939940E-06  2.5939940E-06
  4.5495152E+00  2.2310842E-06  2.2310842E-06
  4.5811309E+00  1.9168845E-06  1.9168845E-06
  4.6129663E+00  1.6451501E-06  1.6451501E-06
  4.6450230E+00  1.4103969E-06  1.4103969E-06
  4.6773024E+00  1.2078136E-06  1.2078136E-06
  4.7098061E+00  1.0331844E-06  1.0331844E-06
  4.7425357E+00  8.8281898E-07  8.8281898E-07
  4.7754927E+00  7.5349062E-07  7.5349062E-07
  4.8086788E+00  6.4238132E-07  6.4238132E-07
  4.8420955E+00  5.4703271E-07  5.4703271E-07
  4.8757444E+00  4.6530257E-07  4.6530257E-07
  4.9096271E+00  3.9532640E-07  3.9532640E-07
  4.9437453E+00  3.3548321E-07  3.3548321E-07
  4.9781005E+00  2.8436541E-07  2.8436541E-07
  5.0126945E+00  2.4075211E-07  2.4075211E-07
  5.0475289E+00  2.0358566E-07  2.0358566E-07
  5.0826054E+00  1.7195085E-07  1.7195085E-07
  5.1179257E+00  1.4505673E-07  1.4505673E-07
  5.1534913E+00  1.2222054E-07  1.2222054E-07
  5.1893041E+00  1.0285361E-07  1.0285361E-07
  5.2253658E+00  8.6449043E-08  8.6449043E-08
  5.2616781E+00  7.2570897E-08  7.2570897E-08
  5.2982428E+00  6.0844693E-08  6.0844693E-08
  5.3350615E+00  5.0949168E-08  5.0949168E-08
  5.3721360E+00  4.2609059E-08  4.2609059E-08
  5.4094683E+00  3.5588811E-08  3.5588811E-08
  5.4470599E+00  2.9687114E-08  2.9687114E-08
  5.4849128E+00  2.4732138E-08  2.4732138E-08
  5.5230287E+00  2.0577413E-08  2.0577413E-08
  5.5614095E+00  1.7098245E-08  1.7098245E-08
  5.6000570E+00  1.4188620E-08  1.4188620E-08
  5.6389730E+00  1.1758526E-08  1.1758526E-08
  5.6781595E+00  9.7316354E-09  9.7316354E-09
  5.7176183E+00  8.0433182E-09  8.0433182E-09
  5.7573514E+00  6.6389179E-09  6.6389179E-09
  5.7973605E+00  5.4722777E-09  5.4722777E-09
  5.8376476E+00  4.5044721E-09  4.5044721E-09
  5.8782147E+00  3.7027188E-09  3.7027188E-09
  5.9190638E+00  3.0394483E-09  3.0394483E-09
  5.9601967E+00  2.4915067E-09  2.4915067E-09
  6.0016154E+00  2.0394766E-09  2.0394766E-09
  6.0433219E+00  1.6670968E-09  1.6670968E-09
  6.0853183E+00  1.3607689E-09  1.3607689E-09
  6.1276065E+00  1.1091375E-09  1.1091375E-09
  6.1701886E+00  9.0273420E-10  9.0273420E-10
  6.2130666E+00  7.3367517E-10  7.3367517E-10
  6.2562425E+00  5.9540586E-10  5.9540586E-10
  6.2997185E+00  4.8248484E-10  4.8248484E-10
  6.3434966E+00  3.9040142E-10  3.9040142E-10
  6.3875789E+00  3.1542208E-10  3.1542208E-10
  6.4319676E+00  2.5446122E-10  2.5446122E-10
  6.4766647E+00  2.0497255E-10  2.0497255E-10
  6.5216724E+00  1.6485804E-10  1.6485804E-10
  6.5669929E+00  1.3239165E-10  1.3239165E-10
  6.6126283E+00  1.0615555E-10  1.0615555E-10
  6.6585809E+00  8.4986939E-11  8.4986939E-11
  6.7048528E+00  6.7933587E-11  6.7933587E-11
  6.7514462E+00  5.4216983E-11  5.4216983E-11
  6.7983634E+00  4.3201626E-11  4.3201626E-11
  6.8456067E+00  3.4369580E-11  3.4369580E-11
  6.8931783E+00  2.7299404E-11  2.7299404E-11
  6.9410804E+00  2.1648722E-11  2.1648722E-11
  6.9893154E+00  1.7139843E-11  1.7139843E-11
  7.0378856E+00  1.3547906E-11  1.3547906E-11
  7.0867933E+00  1.0691127E-11  1.0691127E-11
  7.1360409E+00  8.4227889E-12  8.4227889E-12
  7.1856307E+00  6.6246755E-12  6.6246755E-12
  7.2355652E+00  5.2016920E-12  5.2016920E-12
  7.2858466E+00  4.0774722E-12  4.0774722E-12
  7.3364774E+00  3.1907935E-12  3.1907935E-12
  7.3874601E+00  2.4926577E-12  2.4926577E-12
  7.4387971E+00  1.9439168E-12  1.9439168E-12
  7.4904908E+00  1.5133474E-12  1.5133474E-12
  7.5425437E+00  1.1760893E-12  1.1760893E-12
  7.5949584E+00  9.1238332E-13  9.1238332E-13
  7.6477373E+00  7.0655252E-13  7.0655252E-13
  7.7008829E+00  5.4618056E-13  5.4618056E-13
  7.7543979E+00  4.2145117E-13  4.2145117E-13
  7.8082848E+00  3.2461758E-13  3.2461758E-13
  7.8625461E+00  2.4957726E-13  2.4957726E-13
  7.9171845E+00  1.9153168E-13  1.9153168E-13
  7.9722026E+00  1.4671455E-13  1.4671455E-13
  8.0276030E+00  1.1217526E-13  1.1217526E-13
  8.0833884E+00  8.5606452E-14  8.5606452E-14
  8.1395614E+00  6.5207222E-14  6.5207222E-14
  8.1961248E+00  4.9574557E-14  4.9574557E-14
  8.2530813E+00  3.7617511E-14  3.7617511E-14
  8.3104336E+00  2.8489408E-14  2.8489408E-14
  8.3681844E+00  2.1534409E-14  2.1534409E-14
  8.4263366E+00  1.6245484E-14  1.6245484E-14
  8.4848928E+00  1.2231408E-14  1.2231408E-14
  8.5438560E+00  9.1909054E-15  9.1909054E-15
  8.6032289E+00  6.8924241E-15  6.8924241E-15
  8.6630144E+00  5.1583567E-15  5.1583567E-15
  8.7232153E+00  3.8527446E-15  3.8527446E-15
  8.7838346E+00  2.8717211E-15  2.8717211E-15
  8.8448752E+00  2.1360981E-15  2.1360981E-15
  8.9063399E+00  1.5856257E-15  1.5856257E-15
  8.9682318E+00  1.1745576E-15  1.1745576E-15
  9.0305537E+00  8.6823183E-16  8.6823183E-16
  9.0933088E+00  6.4043986E-16  6.4043986E-16
  9.1564999E+00  4.7140674E-16  4.7140674E-16
  9.2201301E+00  3.4624336E-16  3.4624336E-16
  9.2842026E+00  2.5376327E-16  2.5376327E-16
  9.3487202E+00  1.8557998E-16  1.8557998E-16
  9.4136863E+00  1.3541971E-16  1.3541971E-16
  9.4791037E+00  9.8599415E-17  9.8599415E-17
  9.5449758E+00  7.1631124E-17  7.1631124E-17
  9.6113056E+00  5.1922716E-17  5.1922716E-17
  9.6780964E+00  3.7552118E-17  3.7552118E-17
  9.7453513E+00  2.7097301E-17  2.7097301E-17
  9.8130735E+00  1.9508564E-17  1.9508564E-17
  9.8812664E+00  1.4012814E-17  1.4012814E-17
  9.9499331E+00  1.0041976E-17  1.0041976E-17
  1.0019077E+01  7.1795935E-18  7.1795935E-18
  1.0088701E+01  5.1210650E-18  5.1210650E-18
  1.0158810E+01  3.6441263E-18  3.6441263E-18
  1.0229405E+01  2.5869744E-18  2.5869744E-18
  1.0300491E+01  1.8321004E-18  1.8321004E-18
  1.0372071E+01  1.2943676E-18  1.2943676E-18
  1.0444149E+01  9.1224184E-19  9.1224184E-19
  1.0516727E+01  6.4135583E-19  6.4135583E-19
  1.0589809E+01  4.4979797E-19  4.4979797E-19
  1.0663400E+01  3.1467189E-19  3.1467189E-19
  1.0737502E+01  2.1959022E-19  2.1959022E-19
  1.0812119E+01  1.5285343E-19  1.5285343E-19
  1.0887254E+01  1.0612973E-19  1.0612973E-19
  1.0962912E+01  7.3500615E-20  7.3500615E-20
  1.1039095E+01  5.0772601E-20  5.0772601E-20
  1.1115807E+01  3.4982005E-20  3.4982005E-20
  1.1193053E+01  2.4039706E-20  2.4039706E-20
  1.1270836E+01  1.6476883E-20  1.6476883E-20
  1.1349159E+01  1.1263531E-20  1.1263531E-20
  1.1428026E+01  7.6792696E-21  7.6792696E-21
  1.1507441E+01  5.2215948E-21  5.2215948E-21
  1.1587409E+01  3.5409224E-21  3.5409224E-21
  1.1667932E+01  2.3947029E-21  2.3947029E-21
  1.1749014E+01  1.6151052E-21  1.6151052E-21
  1.1830660E+01  1.0863152E-21  1.0863152E-21
  1.1912873E+01  7.2863256E-22  7.2863256E-22
  1.1995658E+01  4.8736104E-22  4.8736104E-22
  1.2079018E+01  3.2506805E-22  3.2506805E-22
  1.2162957E+01  2.1620747E-22  2.1620747E-22
  1.2247480E+01  1.4339423E-22  1.4339423E-22
  1.2332590E+01  9.4830662E-23  9.4830662E-23
  1.2418291E+01  6.2533613E-23  6.2533613E-23
  1.2504588E+01  4.1116554E-23  4.1116554E-23
  1.2591484E+01  2.6955685E-23  2.6955685E-23
  1.2678985E+01  1.7619998E-23  1.7619998E-23
  1.2767093E+01  1.1483504E-23  1.1483504E-23
  1.2855814E+01  7.4618631E-24  7.4618631E-24
  1.2945151E+01  4.8340998E-24  4.8340998E-24
  1.3035109E+01  3.1222703E-24  3.1222703E-24
  1.3125693E+01  2.0104949E-24  2.0104949E-24
  1.3216905E+01  1.2906367E-24  1.2906367E-24
  1.3308752E+01  8.2597046E-25  8.2597046E-25
  1.3401237E+01  5.2695718E-25  5.2695718E-25
  1.3494364E+01  3.3514073E-25  3.3514073E-25
  1.3588139E+01  2.1247650E-25  2.1247650E-25
  1.3682565E+01  1.3428176E-25  1.3428176E-25
  1.3777647E+01  8.4593340E-26  8.4593340E-26
  1.3873391E+01  5.3120095E-26  5.3120095E-26
  1.3969799E+01  3.3248763E-26  3.3248763E-26
  1.4066878E+01  2.0743235E-26  2.0743235E-26
  1.4164631E+01  1.2898884E-26  1.2898884E-26
  1.4263063E+01  7.9945258E-27  7.9945258E-27
  1.4362180E+01  4.9384235E-27  4.9384235E-27
  1.4461985E+01  3.0403887E-27  3.0403887E-27
  1.4562483E+01  1.8655423E-27  1.8655423E-27
  1.4663681E+01  1.1407913E-27  1.1407913E-27
  1.4765581E+01  6.9522017E-28  6.9522017E-28
  1.4868189E+01  4.2222443E-28  4.2222443E-28
  1.4971511E+01  2.5554002E-28  2.5554002E-28
  1.5075551E+01  1.5411991E-28  1.5411991E-28
  1.5180313E+01  9.2625889E-29  9.2625889E-29
  1.5285804E+01  5.5471433E-29  5.5471433E-29
  1.5392027E+01  3.3102376E-29  3.3102376E-29
  1.5498989E+01  1.9682991E-29  1.9682991E-29
  1.5606694E+01  1.1661501E-29  1.1661501E-29
  1.5715147E+01  6.8839625E-30  6.8839625E-30
  1.5824355E+01  4.0488557E-30  4.0488557E-30
  1.5934321E+01  2.3726022E-30  2.3726022E-30
  1.6045051E+01  1.3851774E-30  1.3851774E-30
  1.6156550E+01  8.0567993E-31  8.0567993E-31
  1.6268825E+01  4.6685846E-31  4.6685846E-31
  1.6381880E+01  2.6950212E-31  2.6950212E-31
  1.6495720E+01  1.5498228E-31  1.5498228E-31
  1.6610351E+01  8.8783737E-32  8.8783737E-32
  1.6725780E+01  5.0664618E-32  5.0664618E-32
  1.6842010E+01  2.8799471E-32  2.8799471E-32
  1.6959048E+01  1.6306509E-32  1.6306509E-32
  1.7076899E+01  9.1964968E-33  9.1964968E-33
  1.7195569E+01  5.1660307E-33  5.1660307E-33
  1.7315064E+01  2.8903653E-33  2.8903653E-33
  1.7435389E+01  1.6106371E-33  1.6106371E-33
  1.7556550E+01  8.9388103E-34  8.9388103E-34
  1.7678553E+01  4.9406793E-34  4.9406793E-34
  1.7801405E+01  2.7196076E-34  2.7196076E-34
  1.7925109E+01  1.4908230E-34  1.4908230E-34
  1.8049674E+01  8.1383014E-35  8.1383014E-35
  1.8175104E+01  4.4240167E-35  4.4240167E-35
  1.8301406E+01  2.3947620E-35  2.3947620E-35
  1.8428585E+01  1.2907940E-35  1.2907940E-35
  1.8556648E+01  6.9276927E-36  6.9276927E-36
  1.8685601E+01  3.7020688E-36  3.7020688E-36
  1.8815450E+01  1.9697520E-36  1.9697520E-36
  1.8946202E+01  1.0434622E-36  1.0434622E-36
  1.9077862E+01  5.5033461E-37  5.5033461E-37
  1.9210437E+01  2.8896723E-37  2.8896723E-37
  1.9343934E+01  1.5105275E-37  1.5105275E-37
  1.9478358E+01  7.8605608E-38  7.8605608E-38
  1.9613716E+01  4.0720180E-38  4.0720180E-38
  1.9750015E+01  2.0998267E-38  2.0998267E-38
  1.9887261E+01  1.0778568E-38  1.0778568E-38
  2.0025460E+01  5.5071731E-39  5.5071731E-39
  2.0164620E+01  2.8007377E-39  2.8007377E-39
  2.0304748E+01  1.4176798E-39  1.4176798E-39
  2.0445848E+01  7.1421958E-40  7.1421958E-40
  2.0587930E+01  3.5811207E-40  3.5811207E-40
  2.0730999E+01  1.7870036E-40  1.7870036E-40
  2.0875061E+01  8.8743537E-41  8.8743537E-41
  2.1020126E+01  4.3856937E-41  4.3856937E-41
  2.1166198E+01  2.1568277E-41  2.1568277E-41
  2.1313285E+01  1.0554884E-41  1.0554884E-41
  2.1461394E+01  5.1396962E-42  5.1396962E-42
  2.1610533E+01  2.4903044E-42  2.4903044E-42
  2.1760708E+01  1.2005586E-42  1.2005586E-42
  2.1911926E+01  5.7585749E-43  5.7585749E-43
  2.2064196E+01  2.7480974E-43  2.7480974E-43
  2.2217523E+01  1.3047259E-43  1.3047259E-43
  2.2371916E+01  6.1625573E-44  6.1625573E-44
  2.2527382E+01  2.8956201E-44  2.8956201E-44
  2.2683928E+01  1.3534598E-44  1.3534598E-44
  2.2841562E+01  6.2929822E-45  6.2929822E-45
  2.3000292E+01  2.9104425E-45  2.9104425E-45
  2.3160124E+01  1.3388652E-45  1.3388652E-45
  2.3321068E+01  6.1259556E-46  6.1259556E-46
  2.3483129E+01  2.7877489E-46  2.7877489E-46
  2.3646317E+01  1.2617110E-46  1.2617110E-46
  2.3810639E+01  5.6790546E-47  5.6790546E-47
  2.3976103E+01  2.5420579E-47  2.5420579E-47
  2.4142717E+01  1.1315437E-47  1.1315437E-47
  2.4310488E+01  5.0086052E-48  5.0086052E-48
  2.4479425E+01  2.2044735E-48  2.2044735E-48
  2.4649536E+01  9.6475819E-49  9.6475819E-49
  2.4820830E+01  4.1979786E-49  4.1979786E-49
  2.4993314E+01  1.8161492E-49  1.8161492E-49
  2.5166996E+01  7.8115305E-50  7.8115305E-50
  2.5341885E+01  3.3402303E-50  3.3402303E-50
  2.5517990E+01  1.4198898E-50  1.4198898E-50
  2.5695318E+01  6.0000231E-51  6.0000231E-51
  2.5873879E+01  2.5203060E-51  2.5203060E-51
  2.6053680E+01  1.0522952E-51  1.0522952E-51
  2.6234731E+01  4.3670439E-52  4.3670439E-52
  2.6417040E+01  1.8012950E-52  1.8012950E-52
  2.6600616E+01  7.3843271E-53  7.3843271E-53
  2.6785468E+01  3.0084801E-53  3.0084801E-53
  2.6971604E+01  1.2180770E-53  1.2180770E-53
  2.7159034E+01  4.9008877E-54  4.9008877E-54
  2.7347766E+01  1.9594229E-54  1.9594229E-54
  2.7537810E+01  7.7842327E-55  7.7842327E-55
  2.7729174E+01  3.0726871E-55  3.0726871E-55
  2.7921868E+01  1.2050811E-55  1.2050811E-55
  2.8115902E+01  4.6955888E-56  4.6955888E-56
  2.8311283E+01  1.8176904E-56  1.8176904E-56
  2.8508023E+01  6.9901419E-57  6.9901419E-57
  2.8706129E+01  2.6703503E-57  2.6703503E-57
  2.8905612E+01  1.0133197E-57  1.0133197E-57
  2.9106482E+01  3.8194469E-58  3.8194469E-58
  2.9308747E+01  1.4299132E-58  1.4299132E-58
  2.9512418E+01  5.3168392E-59  5.3168392E-59
  2.9717504E+01  1.9634112E-59  1.9634112E-59
  2.9924015E+01  7.2004886E-60  7.2004886E-60
  3.0131962E+01  2.6223134E-60  2.6223134E-60
  3.0341353E+01  9.4832666E-61  9.4832666E-61
  3.0552200E+01  3.4053415E-61  3.4053415E-61
  3.0764512E+01  1.2141469E-61  1.2141469E-61
  3.0978299E+01  4.2980156E-62  4.2980156E-62
  3.1193571E+01  1.5105291E-62  1.5105291E-62
  3.1410340E+01  5.2702666E-63  5.2702666E-63
  3.1628615E+01  1.8253923E-63  1.8253923E-63
  3.1848407E+01  6.2759011E-64  6.2759011E-64
  3.2069726E+01  2.1417626E-64  2.1417626E-64
  3.2292584E+01  7.2546969E-65  7.2546969E-65
  3.2516990E+01  2.4389176E-65  2.4389176E-65
  3.2742955E+01  8.1373303E-66  8.1373303E-66
  3.2970490E+01  2.6943286E-66  2.6943286E-66
  3.3199607E+01  8.8527800E-67  8.8527800E-67
  3.3430316E+01  2.8863289E-67  2.8863289E-67
  3.3662628E+01  9.3373865E-68  9.3373865E-68
  3.3896555E+01  2.9970529E-68  2.9970529E-68
  3.4132107E+01  9.5439693E-69  9.5439693E-69
  3.4369296E+01  3.0151229E-69  3.0151229E-69
  3.4608133E+01  9.4492652E-70  9.4492652E-70
  3.4848630E+01  2.9375378E-70  2.9375378E-70
  3.5090798E+01  9.0580888E-71  9.0580888E-71
  3.5334649E+01  2.7703368E-71  2.7703368E-71
  3.5580195E+01  8.4032331E-72  8.4032331E-72
  3.5827447E+01  2.5278587E-72  2.5278587E-72
  3.6076417E+01  7.5409536E-73  7.5409536E-73
  3.6327117E+01  2.2306999E-73  2.2306999E-73
  3.6579560E+01  6.5429195E-74  6.5429195E-74
  3.6833756E+01  1.9027929E-74  1.9027929E-74
  3.7089720E+01  5.4862394E-75  5.4862394E-75
  3.7347461E+01  1.5681761E-75  1.5681761E-75
  3.7606994E+01  4.4434992E-76  4.4434992E-76
  3.7868331E+01  1.2480695E-76  1.2480695E-76
  3.8131483E+01  3.4746315E-77  3.4746315E-77
  3.8396464E+01  9.5875544E-78  9.5875544E-78
  3.8663287E+01  2.6218544E-78  2.6218544E-78
  3.8931964E+01  7.1053138E-79  7.1053138E-79
  3.9202508E+01  1.9081129E-79  1.9081129E-79
  3.9474931E+01  5.0774177E-80  5.0774177E-80
  3.9749248E+01  1.3386635E-80  1.3386635E-80
  4.0025472E+01  3.4967224E-81  3.4967224E-81
  4.0303614E+01  9.0486403E-82  9.0486403E-82
  4.0583690E+01  2.3195780E-82  2.3195780E-82
  4.0865712E+01  5.8899135E-83  5.8899135E-83
  4.1149694E+01  1.4813365E-83  1.4813365E-83
  4.1435649E+01  3.6898929E-84  3.6898929E-84
  4.1723591E+01  9.1024675E-85  9.1024675E-85
  4.2013534E+01  2.2236157E-85  2.2236157E-85
  4.2305492E+01  5.3787975E-86  5.3787975E-86
  4.2599479E+01  1.2882642E-86  1.2882642E-86
  4.2895509E+01  3.0548374E-87  3.0548374E-87
  4.3193596E+01  7.1713948E-88  7.1713948E-88
  4.3493754E+01  1.6665570E-88  1.6665570E-88
  4.3795999E+01  3.8335944E-89  3.8335944E-89
  4.4100343E+01  8.7283019E-90  8.7283019E-90
  4.4406803E+01  1.9667940E-90  1.9667940E-90
  4.4715392E+01  4.3859243E-91  4.3859243E-91
  4.5026126E+01  9.6784083E-92  9.6784083E-92
  4.5339019E+01  2.1132672E-92  2.1132672E-92
  4.5654086E+01  4.5654060E-93  4.5654060E-93
  4.5971343E+01  9.7576556E-94  9.7576556E-94
  4.6290804E+01  2.0630938E-94  2.0630938E-94
  4.6612485E+01  4.3148517E-95  4.3148517E-95
  4.6936402E+01  8.9258985E-96  8.9258985E-96
  4.7262570E+01  1.8261760E-96  1.8261760E-96
  4.7591004E+01  3.6949037E-97  3.6949037E-97
  4.7921721E+01  7.3926183E-98  7.3926183E-98
  4.8254736E+01  1.4624893E-98  1.4624893E-98
  4.8590065E+01  2.8605572E-99  2.8605572E-99
  4.8927724E+01  5.5314131-100  5.5314131-100
  4.9267730E+01  1.0573353-100  1.0573353-100
  4.9610098E+01  1.9977628-101  1.9977628-101
  4.9954846E+01  3.7307203-102  3.7307203-102
  5.0301989E+01  6.8852827-103  6.8852827-103
  5.0651544E+01  1.2557222-103  1.2557222-103
  5.1003529E+01  2.2629251-104  2.2629251-104
  5.1357960E+01  4.0291490-105  4.0291490-105
  5.1714853E+01  7.0873587-106  7.0873587-106
  5.2074227E+01  1.2315286-106  1.2315286-106
  5.2436098E+01  2.1137536-107  2.1137536-107
  5.2800484E+01  3.5832268-108  3.5832268-108
  5.3167402E+01  5.9987999-109  5.9987999-109
  5.3536870E+01  9.9170894-110  9.9170894-110
  5.3908905E+01  1.6187999-110  1.6187999-110
  5.4283526E+01  2.6088560-111  2.6088560-111
  5.4660750E+01  4.1506260-112  4.1506260-112
  5.5040595E+01  6.5184123-113  6.5184123-113
  5.5423080E+01  1.0103982-113  1.0103982-113
  5.5808222E+01  1.5456929-114  1.5456929-114
  5.6196041E+01  2.3334084-115  2.3334084-115
  5.6586556E+01  3.4757763-116  3.4757763-116
  5.6979783E+01  5.1081375-117  5.1081375-117
  5.7375744E+01  7.4059164-118  7.4059164-118
  5.7774456E+01  1.0591461-118  1.0591461-118
  5.8175939E+01  1.4939935-119  1.4939935-119
  5.8580211E+01  2.0783171-120  2.0783171-120
  5.8987293E+01  2.8510133-121  2.8510133-121
  5.9397204E+01  3.8562452-122  3.8562452-122
  5.9809964E+01  5.1423444-123  5.1423444-123
  6.0225592E+01  6.7599193-124  6.7599193-124
  6.0644108E+01  8.7590691-125  8.7590691-125
  6.1065532E+01  1.1185676-125  1.1185676-125
  6.1489885E+01  1.4076857-126  1.4076857-126
  6.1917187E+01  1.7455775-127  1.7455775-127
  6.2347458E+01  2.1326170-128  2.1326170-128
  6.2780719E+01  2.5667094-129  2.5667094-129
  6.3216991E+01  3.0428460-130  3.0428460-130
  6.3656294E+01  3.5528058-131  3.5528058-131
  6.4098651E+01  4.0850695-132  4.0850695-132
  6.4544081E+01  4.6249994-133  4.6249994-133
  6.4992607E+01  5.1553167-134  5.1553167-134
  6.5444250E+01  5.6568819-135  5.6568819-135
  6.5899031E+01  6.1097449-136  6.1097449-136
  6.6356972E+01  6.4943961-137  6.4943961-137
  6.6818096E+01  6.7931181-138  6.7931181-138
  6.7282424E+01  6.9913112-139  6.9913112-139
  6.7749979E+01  7.0786584-140  7.0786584-140
  6.8220783E+01  7.0500035-141  7.0500035-141
  6.8694859E+01  6.9058371-142  6.9058371-142
  6.9172229E+01  6.6523321-143  6.6523321-143
  6.9652916E+01  6.3009122-144  6.3009122-144
  7.0136944E+01  5.8673979-145  5.8673979-145
  7.0624335E+01  5.3708166-146  5.3708166-146
  7.1115113E+01  4.8320024-147  4.8320024-147
  7.1609302E+01  4.2721327-148  4.2721327-148
  7.2106925E+01  3.7113433-149  3.7113433-149
  7.2608006E+01  3.1675515-150  3.1675515-150
  7.3112569E+01  2.6555780-151  2.6555780-151
  7.3620638E+01  2.1866194-152  2.1866194-152
  7.4132238E+01  1.7680776-153  1.7680776-153
  7.4647393E+01  1.4037117-154  1.4037117-154
  7.5166128E+01  1.0940490-155  1.0940490-155
  7.5688468E+01  0.0000000E+00  0.0000000E+00
  7.6214437E+01  0.0000000E+00  0.0000000E+00
  7.6744062E+01  0.0000000E+00  0.0000000E+00
  7.7277367E+01  0.0000000E+00  0.0000000E+00
  7.7814378E+01  0.0000000E+00  0.0000000E+00
  7.8355121E+01  0.0000000E+00  0.0000000E+00
  7.8899621E+01  0.0000000E+00  0.0000000E+00
  7.9447906E+01  0.0000000E+00  0.0000000E+00
  8.0000000E+01  0.0000000E+00  0.0000000E+00
