 # l=           2 basis function with energy     1.60000000000000     
  0.0000E+00  0.0000E+00  0.0000E+00  0.0000E+00
  5.4071E-07 -1.1510E-13 -2.9485E-19  3.0137E-19
  1.0852E-06 -6.8712E-13 -2.3835E-18  2.4340E-18
  1.6334E-06 -1.9614E-12 -8.1286E-18  8.3104E-18
  2.1855E-06 -4.1390E-12 -1.9470E-17  1.9902E-17
  2.7414E-06 -7.4017E-12 -3.8426E-17  3.9281E-17
  3.3012E-06 -1.1921E-11 -6.7098E-17  6.8591E-17
  3.8648E-06 -1.7862E-11 -1.0767E-16  1.1006E-16
  4.4324E-06 -2.5385E-11 -1.6241E-16  1.6602E-16
  5.0039E-06 -3.4648E-11 -2.3369E-16  2.3887E-16
  5.5794E-06 -4.5810E-11 -3.2394E-16  3.3115E-16
  6.1589E-06 -5.9026E-11 -4.3572E-16  4.4541E-16
  6.7424E-06 -7.4455E-11 -5.7167E-16  5.8437E-16
  7.3299E-06 -9.2254E-11 -7.3453E-16  7.5084E-16
  7.9216E-06 -1.1258E-10 -9.2714E-16  9.4772E-16
  8.5174E-06 -1.3560E-10 -1.1525E-15  1.1780E-15
  9.1173E-06 -1.6147E-10 -1.4135E-15  1.4449E-15
  9.7213E-06 -1.9036E-10 -1.7135E-15  1.7516E-15
  1.0330E-05 -2.2243E-10 -2.0557E-15  2.1014E-15
  1.0942E-05 -2.5786E-10 -2.4435E-15  2.4978E-15
  1.1559E-05 -2.9681E-10 -2.8804E-15  2.9444E-15
  1.2180E-05 -3.3946E-10 -3.3701E-15  3.4449E-15
  1.2805E-05 -3.8600E-10 -3.9163E-15  4.0032E-15
  1.3435E-05 -4.3659E-10 -4.5229E-15  4.6233E-15
  1.4069E-05 -4.9144E-10 -5.1940E-15  5.3093E-15
  1.4707E-05 -5.5071E-10 -5.9337E-15  6.0655E-15
  1.5350E-05 -6.1462E-10 -6.7463E-15  6.8961E-15
  1.5998E-05 -6.8334E-10 -7.6364E-15  7.8060E-15
  1.6650E-05 -7.5709E-10 -8.6085E-15  8.7997E-15
  1.7306E-05 -8.3607E-10 -9.6673E-15  9.8820E-15
  1.7967E-05 -9.2048E-10 -1.0818E-14  1.1058E-14
  1.8633E-05 -1.0105E-09 -1.2065E-14  1.2333E-14
  1.9303E-05 -1.1065E-09 -1.3414E-14  1.3712E-14
  1.9978E-05 -1.2085E-09 -1.4871E-14  1.5201E-14
  2.0657E-05 -1.3168E-09 -1.6441E-14  1.6806E-14
  2.1341E-05 -1.4317E-09 -1.8129E-14  1.8532E-14
  2.2030E-05 -1.5533E-09 -1.9943E-14  2.0385E-14
  2.2724E-05 -1.6820E-09 -2.1887E-14  2.2373E-14
  2.3423E-05 -1.8179E-09 -2.3968E-14  2.4500E-14
  2.4126E-05 -1.9614E-09 -2.6193E-14  2.6775E-14
  2.4835E-05 -2.1126E-09 -2.8569E-14  2.9203E-14
  2.5548E-05 -2.2719E-09 -3.1102E-14  3.1792E-14
  2.6266E-05 -2.4394E-09 -3.3799E-14  3.4550E-14
  2.6990E-05 -2.6156E-09 -3.6669E-14  3.7483E-14
  2.7718E-05 -2.8006E-09 -3.9718E-14  4.0600E-14
  2.8451E-05 -2.9947E-09 -4.2954E-14  4.3908E-14
  2.9190E-05 -3.1984E-09 -4.6387E-14  4.7417E-14
  2.9933E-05 -3.4117E-09 -5.0022E-14  5.1133E-14
  3.0682E-05 -3.6351E-09 -5.3871E-14  5.5067E-14
  3.1436E-05 -3.8688E-09 -5.7940E-14  5.9227E-14
  3.2195E-05 -4.1132E-09 -6.2240E-14  6.3623E-14
  3.2959E-05 -4.3687E-09 -6.6780E-14  6.8263E-14
  3.3729E-05 -4.6354E-09 -7.1569E-14  7.3158E-14
  3.4504E-05 -4.9139E-09 -7.6617E-14  7.8319E-14
  3.5285E-05 -5.2043E-09 -8.1935E-14  8.3754E-14
  3.6071E-05 -5.5072E-09 -8.7533E-14  8.9476E-14
  3.6862E-05 -5.8228E-09 -9.3421E-14  9.5496E-14
  3.7659E-05 -6.1515E-09 -9.9612E-14  1.0182E-13
  3.8461E-05 -6.4937E-09 -1.0612E-13  1.0847E-13
  3.9269E-05 -6.8497E-09 -1.1295E-13  1.1545E-13
  4.0083E-05 -7.2201E-09 -1.2011E-13  1.2278E-13
  4.0902E-05 -7.6051E-09 -1.2763E-13  1.3046E-13
  4.1727E-05 -8.0053E-09 -1.3551E-13  1.3852E-13
  4.2558E-05 -8.4210E-09 -1.4376E-13  1.4695E-13
  4.3394E-05 -8.8526E-09 -1.5241E-13  1.5579E-13
  4.4236E-05 -9.3006E-09 -1.6145E-13  1.6504E-13
  4.5085E-05 -9.7655E-09 -1.7092E-13  1.7472E-13
  4.5939E-05 -1.0248E-08 -1.8082E-13  1.8483E-13
  4.6799E-05 -1.0748E-08 -1.9116E-13  1.9541E-13
  4.7664E-05 -1.1266E-08 -2.0197E-13  2.0646E-13
  4.8536E-05 -1.1803E-08 -2.1326E-13  2.1800E-13
  4.9414E-05 -1.2359E-08 -2.2504E-13  2.3004E-13
  5.0298E-05 -1.2935E-08 -2.3734E-13  2.4261E-13
  5.1189E-05 -1.3531E-08 -2.5017E-13  2.5572E-13
  5.2085E-05 -1.4148E-08 -2.6354E-13  2.6940E-13
  5.2988E-05 -1.4787E-08 -2.7748E-13  2.8365E-13
  5.3897E-05 -1.5447E-08 -2.9201E-13  2.9849E-13
  5.4812E-05 -1.6130E-08 -3.0714E-13  3.1396E-13
  5.5734E-05 -1.6836E-08 -3.2289E-13  3.3007E-13
  5.6662E-05 -1.7566E-08 -3.3929E-13  3.4683E-13
  5.7596E-05 -1.8320E-08 -3.5636E-13  3.6427E-13
  5.8537E-05 -1.9098E-08 -3.7411E-13  3.8242E-13
  5.9484E-05 -1.9903E-08 -3.9257E-13  4.0129E-13
  6.0439E-05 -2.0733E-08 -4.1177E-13  4.2091E-13
  6.1399E-05 -2.1591E-08 -4.3172E-13  4.4130E-13
  6.2367E-05 -2.2476E-08 -4.5245E-13  4.6249E-13
  6.3341E-05 -2.3389E-08 -4.7398E-13  4.8451E-13
  6.4322E-05 -2.4331E-08 -4.9634E-13  5.0736E-13
  6.5309E-05 -2.5302E-08 -5.1956E-13  5.3110E-13
  6.6304E-05 -2.6305E-08 -5.4366E-13  5.5573E-13
  6.7305E-05 -2.7338E-08 -5.6867E-13  5.8130E-13
  6.8314E-05 -2.8403E-08 -5.9461E-13  6.0782E-13
  6.9329E-05 -2.9500E-08 -6.2153E-13  6.3533E-13
  7.0352E-05 -3.0632E-08 -6.4943E-13  6.6385E-13
  7.1381E-05 -3.1797E-08 -6.7836E-13  6.9343E-13
  7.2418E-05 -3.2998E-08 -7.0835E-13  7.2408E-13
  7.3462E-05 -3.4234E-08 -7.3943E-13  7.5585E-13
  7.4513E-05 -3.5508E-08 -7.7163E-13  7.8877E-13
  7.5572E-05 -3.6819E-08 -8.0499E-13  8.2286E-13
  7.6638E-05 -3.8168E-08 -8.3953E-13  8.5817E-13
  7.7711E-05 -3.9558E-08 -8.7530E-13  8.9474E-13
  7.8792E-05 -4.0987E-08 -9.1233E-13  9.3259E-13
  7.9880E-05 -4.2459E-08 -9.5065E-13  9.7176E-13
  8.0976E-05 -4.3972E-08 -9.9032E-13  1.0123E-12
  8.2079E-05 -4.5529E-08 -1.0314E-12  1.0543E-12
  8.3190E-05 -4.7131E-08 -1.0738E-12  1.0977E-12
  8.4309E-05 -4.8778E-08 -1.1177E-12  1.1425E-12
  8.5436E-05 -5.0471E-08 -1.1631E-12  1.1890E-12
  8.6570E-05 -5.2213E-08 -1.2101E-12  1.2369E-12
  8.7712E-05 -5.4002E-08 -1.2586E-12  1.2866E-12
  8.8863E-05 -5.5842E-08 -1.3088E-12  1.3378E-12
  9.0021E-05 -5.7733E-08 -1.3606E-12  1.3908E-12
  9.1187E-05 -5.9676E-08 -1.4142E-12  1.4456E-12
  9.2361E-05 -6.1673E-08 -1.4695E-12  1.5022E-12
  9.3544E-05 -6.3724E-08 -1.5267E-12  1.5606E-12
  9.4735E-05 -6.5831E-08 -1.5858E-12  1.6210E-12
  9.5934E-05 -6.7996E-08 -1.6467E-12  1.6833E-12
  9.7141E-05 -7.0219E-08 -1.7097E-12  1.7477E-12
  9.8357E-05 -7.2501E-08 -1.7747E-12  1.8141E-12
  9.9581E-05 -7.4845E-08 -1.8418E-12  1.8827E-12
  1.0081E-04 -7.7252E-08 -1.9110E-12  1.9535E-12
  1.0206E-04 -7.9722E-08 -1.9825E-12  2.0265E-12
  1.0331E-04 -8.2258E-08 -2.0562E-12  2.1019E-12
  1.0456E-04 -8.4861E-08 -2.1323E-12  2.1797E-12
  1.0583E-04 -8.7533E-08 -2.2108E-12  2.2599E-12
  1.0711E-04 -9.0274E-08 -2.2917E-12  2.3426E-12
  1.0839E-04 -9.3087E-08 -2.3752E-12  2.4280E-12
  1.0969E-04 -9.5973E-08 -2.4613E-12  2.5160E-12
  1.1099E-04 -9.8934E-08 -2.5501E-12  2.6067E-12
  1.1230E-04 -1.0197E-07 -2.6416E-12  2.7002E-12
  1.1362E-04 -1.0509E-07 -2.7359E-12  2.7966E-12
  1.1495E-04 -1.0828E-07 -2.8331E-12  2.8960E-12
  1.1629E-04 -1.1156E-07 -2.9333E-12  2.9985E-12
  1.1764E-04 -1.1492E-07 -3.0366E-12  3.1040E-12
  1.1900E-04 -1.1837E-07 -3.1430E-12  3.2128E-12
  1.2037E-04 -1.2190E-07 -3.2526E-12  3.3248E-12
  1.2174E-04 -1.2552E-07 -3.3655E-12  3.4402E-12
  1.2313E-04 -1.2923E-07 -3.4818E-12  3.5591E-12
  1.2453E-04 -1.3304E-07 -3.6016E-12  3.6816E-12
  1.2593E-04 -1.3694E-07 -3.7250E-12  3.8077E-12
  1.2735E-04 -1.4094E-07 -3.8521E-12  3.9376E-12
  1.2877E-04 -1.4504E-07 -3.9829E-12  4.0713E-12
  1.3021E-04 -1.4924E-07 -4.1176E-12  4.2090E-12
  1.3166E-04 -1.5354E-07 -4.2563E-12  4.3508E-12
  1.3311E-04 -1.5795E-07 -4.3990E-12  4.4967E-12
  1.3458E-04 -1.6246E-07 -4.5459E-12  4.6469E-12
  1.3605E-04 -1.6709E-07 -4.6971E-12  4.8014E-12
  1.3754E-04 -1.7183E-07 -4.8527E-12  4.9605E-12
  1.3904E-04 -1.7669E-07 -5.0129E-12  5.1242E-12
  1.4054E-04 -1.8166E-07 -5.1776E-12  5.2926E-12
  1.4206E-04 -1.8675E-07 -5.3471E-12  5.4659E-12
  1.4359E-04 -1.9197E-07 -5.5215E-12  5.6442E-12
  1.4513E-04 -1.9731E-07 -5.7009E-12  5.8275E-12
  1.4668E-04 -2.0278E-07 -5.8855E-12  6.0162E-12
  1.4824E-04 -2.0839E-07 -6.0753E-12  6.2102E-12
  1.4981E-04 -2.1412E-07 -6.2704E-12  6.4097E-12
  1.5139E-04 -2.1999E-07 -6.4712E-12  6.6149E-12
  1.5298E-04 -2.2600E-07 -6.6776E-12  6.8259E-12
  1.5458E-04 -2.3216E-07 -6.8898E-12  7.0428E-12
  1.5620E-04 -2.3846E-07 -7.1080E-12  7.2658E-12
  1.5783E-04 -2.4491E-07 -7.3323E-12  7.4951E-12
  1.5946E-04 -2.5151E-07 -7.5629E-12  7.7309E-12
  1.6111E-04 -2.5826E-07 -7.7999E-12  7.9732E-12
  1.6277E-04 -2.6517E-07 -8.0436E-12  8.2222E-12
  1.6444E-04 -2.7225E-07 -8.2940E-12  8.4782E-12
  1.6613E-04 -2.7949E-07 -8.5513E-12  8.7412E-12
  1.6782E-04 -2.8690E-07 -8.8158E-12  9.0116E-12
  1.6953E-04 -2.9448E-07 -9.0875E-12  9.2893E-12
  1.7125E-04 -3.0223E-07 -9.3667E-12  9.5747E-12
  1.7298E-04 -3.1017E-07 -9.6536E-12  9.8680E-12
  1.7472E-04 -3.1829E-07 -9.9483E-12  1.0169E-11
  1.7648E-04 -3.2659E-07 -1.0251E-11  1.0479E-11
  1.7824E-04 -3.3509E-07 -1.0562E-11  1.0797E-11
  1.8002E-04 -3.4378E-07 -1.0882E-11  1.1123E-11
  1.8181E-04 -3.5267E-07 -1.1210E-11  1.1459E-11
  1.8362E-04 -3.6176E-07 -1.1547E-11  1.1803E-11
  1.8544E-04 -3.7106E-07 -1.1893E-11  1.2157E-11
  1.8726E-04 -3.8057E-07 -1.2248E-11  1.2520E-11
  1.8911E-04 -3.9030E-07 -1.2613E-11  1.2894E-11
  1.9096E-04 -4.0025E-07 -1.2988E-11  1.3277E-11
  1.9283E-04 -4.1042E-07 -1.3373E-11  1.3670E-11
  1.9471E-04 -4.2082E-07 -1.3768E-11  1.4074E-11
  1.9660E-04 -4.3146E-07 -1.4174E-11  1.4489E-11
  1.9851E-04 -4.4234E-07 -1.4590E-11  1.4914E-11
  2.0043E-04 -4.5345E-07 -1.5018E-11  1.5351E-11
  2.0236E-04 -4.6482E-07 -1.5457E-11  1.5800E-11
  2.0431E-04 -4.7645E-07 -1.5907E-11  1.6260E-11
  2.0627E-04 -4.8833E-07 -1.6369E-11  1.6733E-11
  2.0825E-04 -5.0048E-07 -1.6844E-11  1.7218E-11
  2.1023E-04 -5.1289E-07 -1.7331E-11  1.7716E-11
  2.1224E-04 -5.2559E-07 -1.7831E-11  1.8227E-11
  2.1425E-04 -5.3856E-07 -1.8343E-11  1.8751E-11
  2.1628E-04 -5.5182E-07 -1.8870E-11  1.9289E-11
  2.1832E-04 -5.6538E-07 -1.9410E-11  1.9841E-11
  2.2038E-04 -5.7923E-07 -1.9964E-11  2.0407E-11
  2.2245E-04 -5.9339E-07 -2.0532E-11  2.0988E-11
  2.2454E-04 -6.0786E-07 -2.1115E-11  2.1584E-11
  2.2664E-04 -6.2265E-07 -2.1714E-11  2.2196E-11
  2.2876E-04 -6.3776E-07 -2.2327E-11  2.2823E-11
  2.3089E-04 -6.5320E-07 -2.2957E-11  2.3467E-11
  2.3303E-04 -6.6898E-07 -2.3603E-11  2.4127E-11
  2.3519E-04 -6.8511E-07 -2.4265E-11  2.4804E-11
  2.3737E-04 -7.0158E-07 -2.4945E-11  2.5499E-11
  2.3956E-04 -7.1842E-07 -2.5642E-11  2.6211E-11
  2.4176E-04 -7.3561E-07 -2.6356E-11  2.6942E-11
  2.4399E-04 -7.5319E-07 -2.7089E-11  2.7691E-11
  2.4622E-04 -7.7114E-07 -2.7841E-11  2.8459E-11
  2.4847E-04 -7.8948E-07 -2.8612E-11  2.9247E-11
  2.5074E-04 -8.0822E-07 -2.9402E-11  3.0055E-11
  2.5302E-04 -8.2736E-07 -3.0213E-11  3.0884E-11
  2.5532E-04 -8.4692E-07 -3.1044E-11  3.1733E-11
  2.5764E-04 -8.6689E-07 -3.1896E-11  3.2604E-11
  2.5997E-04 -8.8729E-07 -3.2770E-11  3.3497E-11
  2.6232E-04 -9.0814E-07 -3.3665E-11  3.4413E-11
  2.6468E-04 -9.2942E-07 -3.4584E-11  3.5352E-11
  2.6706E-04 -9.5117E-07 -3.5525E-11  3.6314E-11
  2.6946E-04 -9.7337E-07 -3.6490E-11  3.7300E-11
  2.7187E-04 -9.9606E-07 -3.7479E-11  3.8312E-11
  2.7430E-04 -1.0192E-06 -3.8493E-11  3.9348E-11
  2.7675E-04 -1.0429E-06 -3.9533E-11  4.0410E-11
  2.7921E-04 -1.0670E-06 -4.0598E-11  4.1499E-11
  2.8169E-04 -1.0917E-06 -4.1690E-11  4.2616E-11
  2.8419E-04 -1.1169E-06 -4.2809E-11  4.3759E-11
  2.8670E-04 -1.1426E-06 -4.3956E-11  4.4932E-11
  2.8924E-04 -1.1689E-06 -4.5131E-11  4.6133E-11
  2.9179E-04 -1.1957E-06 -4.6336E-11  4.7365E-11
  2.9436E-04 -1.2231E-06 -4.7570E-11  4.8626E-11
  2.9694E-04 -1.2511E-06 -4.8835E-11  4.9919E-11
  2.9955E-04 -1.2797E-06 -5.0131E-11  5.1244E-11
  3.0217E-04 -1.3088E-06 -5.1459E-11  5.2602E-11
  3.0481E-04 -1.3386E-06 -5.2820E-11  5.3993E-11
  3.0747E-04 -1.3690E-06 -5.4214E-11  5.5418E-11
  3.1015E-04 -1.4001E-06 -5.5643E-11  5.6879E-11
  3.1284E-04 -1.4318E-06 -5.7107E-11  5.8375E-11
  3.1556E-04 -1.4641E-06 -5.8606E-11  5.9908E-11
  3.1829E-04 -1.4971E-06 -6.0142E-11  6.1478E-11
  3.2104E-04 -1.5308E-06 -6.1716E-11  6.3087E-11
  3.2381E-04 -1.5653E-06 -6.3329E-11  6.4735E-11
  3.2661E-04 -1.6004E-06 -6.4980E-11  6.6423E-11
  3.2942E-04 -1.6363E-06 -6.6672E-11  6.8153E-11
  3.3225E-04 -1.6729E-06 -6.8405E-11  6.9924E-11
  3.3510E-04 -1.7103E-06 -7.0180E-11  7.1739E-11
  3.3796E-04 -1.7484E-06 -7.1999E-11  7.3598E-11
  3.4085E-04 -1.7874E-06 -7.3861E-11  7.5501E-11
  3.4376E-04 -1.8271E-06 -7.5769E-11  7.7451E-11
  3.4669E-04 -1.8677E-06 -7.7722E-11  7.9448E-11
  3.4964E-04 -1.9091E-06 -7.9723E-11  8.1494E-11
  3.5261E-04 -1.9513E-06 -8.1772E-11  8.3588E-11
  3.5560E-04 -1.9945E-06 -8.3871E-11  8.5734E-11
  3.5862E-04 -2.0385E-06 -8.6020E-11  8.7930E-11
  3.6165E-04 -2.0834E-06 -8.8221E-11  9.0180E-11
  3.6470E-04 -2.1293E-06 -9.0475E-11  9.2484E-11
  3.6778E-04 -2.1761E-06 -9.2783E-11  9.4843E-11
  3.7087E-04 -2.2238E-06 -9.5146E-11  9.7259E-11
  3.7399E-04 -2.2726E-06 -9.7566E-11  9.9733E-11
  3.7713E-04 -2.3223E-06 -1.0004E-10  1.0227E-10
  3.8029E-04 -2.3731E-06 -1.0258E-10  1.0486E-10
  3.8348E-04 -2.4248E-06 -1.0518E-10  1.0751E-10
  3.8668E-04 -2.4777E-06 -1.0784E-10  1.1023E-10
  3.8991E-04 -2.5316E-06 -1.1056E-10  1.1302E-10
  3.9316E-04 -2.5867E-06 -1.1335E-10  1.1587E-10
  3.9643E-04 -2.6428E-06 -1.1620E-10  1.1878E-10
  3.9973E-04 -2.7001E-06 -1.1913E-10  1.2177E-10
  4.0305E-04 -2.7586E-06 -1.2212E-10  1.2483E-10
  4.0639E-04 -2.8182E-06 -1.2518E-10  1.2796E-10
  4.0975E-04 -2.8791E-06 -1.2832E-10  1.3117E-10
  4.1314E-04 -2.9412E-06 -1.3152E-10  1.3445E-10
  4.1655E-04 -3.0046E-06 -1.3481E-10  1.3780E-10
  4.1999E-04 -3.0692E-06 -1.3817E-10  1.4124E-10
  4.2345E-04 -3.1352E-06 -1.4162E-10  1.4476E-10
  4.2693E-04 -3.2025E-06 -1.4514E-10  1.4836E-10
  4.3044E-04 -3.2711E-06 -1.4875E-10  1.5205E-10
  4.3397E-04 -3.3412E-06 -1.5244E-10  1.5582E-10
  4.3753E-04 -3.4126E-06 -1.5622E-10  1.5969E-10
  4.4111E-04 -3.4855E-06 -1.6008E-10  1.6364E-10
  4.4471E-04 -3.5599E-06 -1.6404E-10  1.6768E-10
  4.4835E-04 -3.6358E-06 -1.6809E-10  1.7183E-10
  4.5200E-04 -3.7132E-06 -1.7224E-10  1.7606E-10
  4.5568E-04 -3.7922E-06 -1.7648E-10  1.8040E-10
  4.5939E-04 -3.8727E-06 -1.8082E-10  1.8484E-10
  4.6312E-04 -3.9549E-06 -1.8527E-10  1.8938E-10
  4.6688E-04 -4.0387E-06 -1.8982E-10  1.9403E-10
  4.7067E-04 -4.1242E-06 -1.9447E-10  1.9879E-10
  4.7448E-04 -4.2114E-06 -1.9923E-10  2.0366E-10
  4.7832E-04 -4.3004E-06 -2.0411E-10  2.0864E-10
  4.8218E-04 -4.3911E-06 -2.0909E-10  2.1374E-10
  4.8607E-04 -4.4837E-06 -2.1420E-10  2.1896E-10
  4.8999E-04 -4.5781E-06 -2.1942E-10  2.2429E-10
  4.9394E-04 -4.6745E-06 -2.2476E-10  2.2976E-10
  4.9791E-04 -4.7727E-06 -2.3023E-10  2.3534E-10
  5.0191E-04 -4.8729E-06 -2.3583E-10  2.4106E-10
  5.0594E-04 -4.9751E-06 -2.4155E-10  2.4692E-10
  5.1000E-04 -5.0793E-06 -2.4741E-10  2.5290E-10
  5.1408E-04 -5.1857E-06 -2.5340E-10  2.5903E-10
  5.1819E-04 -5.2941E-06 -2.5953E-10  2.6529E-10
  5.2234E-04 -5.4047E-06 -2.6580E-10  2.7171E-10
  5.2651E-04 -5.5175E-06 -2.7222E-10  2.7827E-10
  5.3071E-04 -5.6326E-06 -2.7879E-10  2.8498E-10
  5.3494E-04 -5.7499E-06 -2.8550E-10  2.9185E-10
  5.3919E-04 -5.8696E-06 -2.9238E-10  2.9887E-10
  5.4348E-04 -5.9916E-06 -2.9941E-10  3.0606E-10
  5.4780E-04 -6.1161E-06 -3.0660E-10  3.1341E-10
  5.5215E-04 -6.2430E-06 -3.1396E-10  3.2093E-10
  5.5652E-04 -6.3725E-06 -3.2148E-10  3.2862E-10
  5.6093E-04 -6.5045E-06 -3.2918E-10  3.3650E-10
  5.6537E-04 -6.6391E-06 -3.3706E-10  3.4455E-10
  5.6984E-04 -6.7764E-06 -3.4512E-10  3.5278E-10
  5.7434E-04 -6.9164E-06 -3.5336E-10  3.6121E-10
  5.7887E-04 -7.0592E-06 -3.6179E-10  3.6983E-10
  5.8344E-04 -7.2048E-06 -3.7041E-10  3.7864E-10
  5.8803E-04 -7.3533E-06 -3.7924E-10  3.8766E-10
  5.9266E-04 -7.5047E-06 -3.8826E-10  3.9688E-10
  5.9732E-04 -7.6592E-06 -3.9749E-10  4.0632E-10
  6.0201E-04 -7.8166E-06 -4.0693E-10  4.1597E-10
  6.0673E-04 -7.9772E-06 -4.1658E-10  4.2584E-10
  6.1149E-04 -8.1409E-06 -4.2646E-10  4.3593E-10
  6.1628E-04 -8.3079E-06 -4.3656E-10  4.4625E-10
  6.2110E-04 -8.4781E-06 -4.4689E-10  4.5681E-10
  6.2596E-04 -8.6517E-06 -4.5746E-10  4.6762E-10
  6.3085E-04 -8.8287E-06 -4.6826E-10  4.7866E-10
  6.3577E-04 -9.0092E-06 -4.7931E-10  4.8996E-10
  6.4073E-04 -9.1932E-06 -4.9062E-10  5.0151E-10
  6.4573E-04 -9.3809E-06 -5.0218E-10  5.1333E-10
  6.5075E-04 -9.5722E-06 -5.1400E-10  5.2541E-10
  6.5582E-04 -9.7673E-06 -5.2609E-10  5.3777E-10
  6.6092E-04 -9.9662E-06 -5.3845E-10  5.5041E-10
  6.6605E-04 -1.0169E-05 -5.5110E-10  5.6334E-10
  6.7122E-04 -1.0376E-05 -5.6403E-10  5.7656E-10
  6.7642E-04 -1.0587E-05 -5.7725E-10  5.9007E-10
  6.8167E-04 -1.0802E-05 -5.9078E-10  6.0390E-10
  6.8694E-04 -1.1021E-05 -6.0460E-10  6.1803E-10
  6.9226E-04 -1.1244E-05 -6.1874E-10  6.3249E-10
  6.9761E-04 -1.1472E-05 -6.3321E-10  6.4727E-10
  7.0300E-04 -1.1705E-05 -6.4799E-10  6.6238E-10
  7.0842E-04 -1.1941E-05 -6.6311E-10  6.7784E-10
  7.1389E-04 -1.2183E-05 -6.7857E-10  6.9364E-10
  7.1939E-04 -1.2429E-05 -6.9438E-10  7.0980E-10
  7.2493E-04 -1.2680E-05 -7.1055E-10  7.2633E-10
  7.3051E-04 -1.2936E-05 -7.2708E-10  7.4323E-10
  7.3612E-04 -1.3197E-05 -7.4398E-10  7.6050E-10
  7.4178E-04 -1.3463E-05 -7.6126E-10  7.7817E-10
  7.4747E-04 -1.3734E-05 -7.7893E-10  7.9623E-10
  7.5321E-04 -1.4011E-05 -7.9700E-10  8.1470E-10
  7.5898E-04 -1.4293E-05 -8.1547E-10  8.3358E-10
  7.6480E-04 -1.4580E-05 -8.3436E-10  8.5289E-10
  7.7066E-04 -1.4873E-05 -8.5367E-10  8.7263E-10
  7.7655E-04 -1.5171E-05 -8.7341E-10  8.9281E-10
  7.8249E-04 -1.5476E-05 -8.9360E-10  9.1345E-10
  7.8847E-04 -1.5786E-05 -9.1424E-10  9.3454E-10
  7.9449E-04 -1.6103E-05 -9.3534E-10  9.5611E-10
  8.0055E-04 -1.6425E-05 -9.5691E-10  9.7816E-10
  8.0665E-04 -1.6754E-05 -9.7897E-10  1.0007E-09
  8.1280E-04 -1.7089E-05 -1.0015E-09  1.0238E-09
  8.1899E-04 -1.7431E-05 -1.0246E-09  1.0473E-09
  8.2522E-04 -1.7779E-05 -1.0481E-09  1.0714E-09
  8.3149E-04 -1.8135E-05 -1.0722E-09  1.0960E-09
  8.3781E-04 -1.8497E-05 -1.0969E-09  1.1212E-09
  8.4418E-04 -1.8866E-05 -1.1220E-09  1.1470E-09
  8.5058E-04 -1.9242E-05 -1.1478E-09  1.1733E-09
  8.5703E-04 -1.9625E-05 -1.1741E-09  1.2002E-09
  8.6353E-04 -2.0016E-05 -1.2010E-09  1.2277E-09
  8.7007E-04 -2.0415E-05 -1.2285E-09  1.2558E-09
  8.7666E-04 -2.0821E-05 -1.2566E-09  1.2845E-09
  8.8329E-04 -2.1235E-05 -1.2854E-09  1.3139E-09
  8.8997E-04 -2.1657E-05 -1.3147E-09  1.3439E-09
  8.9670E-04 -2.2087E-05 -1.3448E-09  1.3746E-09
  9.0347E-04 -2.2526E-05 -1.3755E-09  1.4060E-09
  9.1029E-04 -2.2973E-05 -1.4068E-09  1.4381E-09
  9.1715E-04 -2.3429E-05 -1.4389E-09  1.4709E-09
  9.2407E-04 -2.3893E-05 -1.4717E-09  1.5044E-09
  9.3103E-04 -2.4367E-05 -1.5052E-09  1.5387E-09
  9.3804E-04 -2.4849E-05 -1.5395E-09  1.5737E-09
  9.4510E-04 -2.5341E-05 -1.5745E-09  1.6095E-09
  9.5221E-04 -2.5843E-05 -1.6103E-09  1.6461E-09
  9.5937E-04 -2.6354E-05 -1.6469E-09  1.6835E-09
  9.6657E-04 -2.6875E-05 -1.6843E-09  1.7217E-09
  9.7383E-04 -2.7406E-05 -1.7225E-09  1.7608E-09
  9.8114E-04 -2.7947E-05 -1.7616E-09  1.8007E-09
  9.8850E-04 -2.8499E-05 -1.8015E-09  1.8415E-09
  9.9591E-04 -2.9061E-05 -1.8423E-09  1.8832E-09
  1.0034E-03 -2.9635E-05 -1.8840E-09  1.9259E-09
  1.0109E-03 -3.0219E-05 -1.9267E-09  1.9695E-09
  1.0184E-03 -3.0814E-05 -1.9703E-09  2.0140E-09
  1.0261E-03 -3.1421E-05 -2.0148E-09  2.0596E-09
  1.0337E-03 -3.2040E-05 -2.0603E-09  2.1061E-09
  1.0415E-03 -3.2670E-05 -2.1069E-09  2.1537E-09
  1.0492E-03 -3.3313E-05 -2.1544E-09  2.2023E-09
  1.0571E-03 -3.3968E-05 -2.2030E-09  2.2520E-09
  1.0650E-03 -3.4636E-05 -2.2527E-09  2.3027E-09
  1.0729E-03 -3.5316E-05 -2.3035E-09  2.3546E-09
  1.0809E-03 -3.6010E-05 -2.3554E-09  2.4077E-09
  1.0889E-03 -3.6717E-05 -2.4084E-09  2.4619E-09
  1.0971E-03 -3.7437E-05 -2.4626E-09  2.5173E-09
  1.1052E-03 -3.8172E-05 -2.5180E-09  2.5739E-09
  1.1134E-03 -3.8920E-05 -2.5746E-09  2.6318E-09
  1.1217E-03 -3.9683E-05 -2.6325E-09  2.6909E-09
  1.1301E-03 -4.0460E-05 -2.6916E-09  2.7514E-09
  1.1384E-03 -4.1253E-05 -2.7520E-09  2.8131E-09
  1.1469E-03 -4.2060E-05 -2.8137E-09  2.8762E-09
  1.1554E-03 -4.2884E-05 -2.8769E-09  2.9408E-09
  1.1640E-03 -4.3722E-05 -2.9413E-09  3.0067E-09
  1.1726E-03 -4.4577E-05 -3.0072E-09  3.0740E-09
  1.1813E-03 -4.5449E-05 -3.0746E-09  3.1429E-09
  1.1900E-03 -4.6337E-05 -3.1434E-09  3.2132E-09
  1.1989E-03 -4.7242E-05 -3.2138E-09  3.2851E-09
  1.2077E-03 -4.8164E-05 -3.2856E-09  3.3586E-09
  1.2167E-03 -4.9105E-05 -3.3591E-09  3.4337E-09
  1.2257E-03 -5.0063E-05 -3.4341E-09  3.5104E-09
  1.2347E-03 -5.1039E-05 -3.5108E-09  3.5888E-09
  1.2438E-03 -5.2034E-05 -3.5892E-09  3.6690E-09
  1.2530E-03 -5.3049E-05 -3.6693E-09  3.7508E-09
  1.2623E-03 -5.4082E-05 -3.7512E-09  3.8345E-09
  1.2716E-03 -5.5136E-05 -3.8348E-09  3.9200E-09
  1.2810E-03 -5.6209E-05 -3.9203E-09  4.0074E-09
  1.2904E-03 -5.7304E-05 -4.0076E-09  4.0966E-09
  1.2999E-03 -5.8419E-05 -4.0968E-09  4.1879E-09
  1.3095E-03 -5.9555E-05 -4.1880E-09  4.2811E-09
  1.3191E-03 -6.0713E-05 -4.2812E-09  4.3763E-09
  1.3288E-03 -6.1894E-05 -4.3764E-09  4.4736E-09
  1.3386E-03 -6.3096E-05 -4.4737E-09  4.5731E-09
  1.3485E-03 -6.4322E-05 -4.5731E-09  4.6747E-09
  1.3584E-03 -6.5572E-05 -4.6747E-09  4.7786E-09
  1.3683E-03 -6.6845E-05 -4.7785E-09  4.8847E-09
  1.3784E-03 -6.8142E-05 -4.8846E-09  4.9931E-09
  1.3885E-03 -6.9464E-05 -4.9929E-09  5.1039E-09
  1.3987E-03 -7.0812E-05 -5.1037E-09  5.2170E-09
  1.4090E-03 -7.2185E-05 -5.2168E-09  5.3327E-09
  1.4193E-03 -7.3584E-05 -5.3324E-09  5.4509E-09
  1.4297E-03 -7.5011E-05 -5.4505E-09  5.5716E-09
  1.4402E-03 -7.6464E-05 -5.5712E-09  5.6950E-09
  1.4507E-03 -7.7945E-05 -5.6945E-09  5.8211E-09
  1.4613E-03 -7.9454E-05 -5.8206E-09  5.9499E-09
  1.4720E-03 -8.0992E-05 -5.9493E-09  6.0815E-09
  1.4828E-03 -8.2560E-05 -6.0808E-09  6.2159E-09
  1.4937E-03 -8.4157E-05 -6.2152E-09  6.3533E-09
  1.5046E-03 -8.5785E-05 -6.3526E-09  6.4937E-09
  1.5156E-03 -8.7444E-05 -6.4929E-09  6.6371E-09
  1.5266E-03 -8.9134E-05 -6.6362E-09  6.7836E-09
  1.5378E-03 -9.0857E-05 -6.7827E-09  6.9334E-09
  1.5490E-03 -9.2612E-05 -6.9323E-09  7.0863E-09
  1.5603E-03 -9.4401E-05 -7.0852E-09  7.2426E-09
  1.5717E-03 -9.6224E-05 -7.2414E-09  7.4023E-09
  1.5832E-03 -9.8082E-05 -7.4010E-09  7.5654E-09
  1.5947E-03 -9.9975E-05 -7.5641E-09  7.7321E-09
  1.6063E-03 -1.0190E-04 -7.7307E-09  7.9024E-09
  1.6180E-03 -1.0387E-04 -7.9009E-09  8.0764E-09
  1.6298E-03 -1.0587E-04 -8.0748E-09  8.2542E-09
  1.6417E-03 -1.0791E-04 -8.2524E-09  8.4358E-09
  1.6536E-03 -1.0999E-04 -8.4339E-09  8.6213E-09
  1.6657E-03 -1.1211E-04 -8.6194E-09  8.8109E-09
  1.6778E-03 -1.1427E-04 -8.8088E-09  9.0046E-09
  1.6900E-03 -1.1648E-04 -9.0024E-09  9.2024E-09
  1.7023E-03 -1.1872E-04 -9.2001E-09  9.4046E-09
  1.7146E-03 -1.2100E-04 -9.4022E-09  9.6111E-09
  1.7271E-03 -1.2333E-04 -9.6085E-09  9.8221E-09
  1.7396E-03 -1.2571E-04 -9.8194E-09  1.0038E-08
  1.7523E-03 -1.2812E-04 -1.0035E-08  1.0258E-08
  1.7650E-03 -1.3059E-04 -1.0255E-08  1.0483E-08
  1.7778E-03 -1.3310E-04 -1.0480E-08  1.0713E-08
  1.7907E-03 -1.3566E-04 -1.0709E-08  1.0947E-08
  1.8037E-03 -1.3827E-04 -1.0944E-08  1.1187E-08
  1.8167E-03 -1.4092E-04 -1.1184E-08  1.1432E-08
  1.8299E-03 -1.4363E-04 -1.1429E-08  1.1683E-08
  1.8432E-03 -1.4639E-04 -1.1679E-08  1.1938E-08
  1.8565E-03 -1.4920E-04 -1.1935E-08  1.2200E-08
  1.8700E-03 -1.5207E-04 -1.2196E-08  1.2467E-08
  1.8835E-03 -1.5498E-04 -1.2462E-08  1.2739E-08
  1.8971E-03 -1.5796E-04 -1.2735E-08  1.3018E-08
  1.9108E-03 -1.6099E-04 -1.3013E-08  1.3302E-08
  1.9247E-03 -1.6408E-04 -1.3298E-08  1.3593E-08
  1.9386E-03 -1.6722E-04 -1.3588E-08  1.3890E-08
  1.9526E-03 -1.7043E-04 -1.3885E-08  1.4194E-08
  1.9667E-03 -1.7370E-04 -1.4188E-08  1.4503E-08
  1.9809E-03 -1.7703E-04 -1.4498E-08  1.4820E-08
  1.9952E-03 -1.8042E-04 -1.4814E-08  1.5143E-08
  2.0096E-03 -1.8388E-04 -1.5137E-08  1.5474E-08
  2.0241E-03 -1.8740E-04 -1.5468E-08  1.5811E-08
  2.0387E-03 -1.9099E-04 -1.5805E-08  1.6156E-08
  2.0534E-03 -1.9464E-04 -1.6149E-08  1.6508E-08
  2.0683E-03 -1.9837E-04 -1.6501E-08  1.6868E-08
  2.0832E-03 -2.0216E-04 -1.6861E-08  1.7236E-08
  2.0982E-03 -2.0603E-04 -1.7228E-08  1.7611E-08
  2.1133E-03 -2.0997E-04 -1.7603E-08  1.7995E-08
  2.1285E-03 -2.1399E-04 -1.7987E-08  1.8386E-08
  2.1439E-03 -2.1808E-04 -1.8378E-08  1.8787E-08
  2.1593E-03 -2.2225E-04 -1.8778E-08  1.9195E-08
  2.1749E-03 -2.2650E-04 -1.9186E-08  1.9613E-08
  2.1905E-03 -2.3083E-04 -1.9604E-08  2.0039E-08
  2.2063E-03 -2.3524E-04 -2.0030E-08  2.0475E-08
  2.2221E-03 -2.3973E-04 -2.0465E-08  2.0920E-08
  2.2381E-03 -2.4431E-04 -2.0910E-08  2.1375E-08
  2.2542E-03 -2.4898E-04 -2.1364E-08  2.1839E-08
  2.2704E-03 -2.5373E-04 -2.1829E-08  2.2314E-08
  2.2867E-03 -2.5858E-04 -2.2303E-08  2.2798E-08
  2.3032E-03 -2.6351E-04 -2.2787E-08  2.3293E-08
  2.3197E-03 -2.6854E-04 -2.3281E-08  2.3799E-08
  2.3364E-03 -2.7366E-04 -2.3787E-08  2.4316E-08
  2.3532E-03 -2.7888E-04 -2.4303E-08  2.4843E-08
  2.3700E-03 -2.8420E-04 -2.4830E-08  2.5382E-08
  2.3871E-03 -2.8962E-04 -2.5368E-08  2.5932E-08
  2.4042E-03 -2.9514E-04 -2.5919E-08  2.6495E-08
  2.4214E-03 -3.0077E-04 -2.6480E-08  2.7069E-08
  2.4388E-03 -3.0650E-04 -2.7054E-08  2.7656E-08
  2.4563E-03 -3.1234E-04 -2.7640E-08  2.8255E-08
  2.4739E-03 -3.1829E-04 -2.8239E-08  2.8867E-08
  2.4916E-03 -3.2435E-04 -2.8851E-08  2.9492E-08
  2.5095E-03 -3.3053E-04 -2.9475E-08  3.0131E-08
  2.5275E-03 -3.3682E-04 -3.0114E-08  3.0783E-08
  2.5456E-03 -3.4323E-04 -3.0765E-08  3.1449E-08
  2.5638E-03 -3.4976E-04 -3.1431E-08  3.2130E-08
  2.5822E-03 -3.5642E-04 -3.2111E-08  3.2825E-08
  2.6006E-03 -3.6320E-04 -3.2806E-08  3.3535E-08
  2.6193E-03 -3.7011E-04 -3.3515E-08  3.4260E-08
  2.6380E-03 -3.7715E-04 -3.4240E-08  3.5001E-08
  2.6569E-03 -3.8432E-04 -3.4980E-08  3.5758E-08
  2.6759E-03 -3.9163E-04 -3.5736E-08  3.6530E-08
  2.6950E-03 -3.9907E-04 -3.6508E-08  3.7320E-08
  2.7143E-03 -4.0665E-04 -3.7296E-08  3.8126E-08
  2.7337E-03 -4.1438E-04 -3.8102E-08  3.8949E-08
  2.7532E-03 -4.2225E-04 -3.8925E-08  3.9791E-08
  2.7729E-03 -4.3027E-04 -3.9765E-08  4.0650E-08
  2.7927E-03 -4.3844E-04 -4.0624E-08  4.1527E-08
  2.8127E-03 -4.4677E-04 -4.1500E-08  4.2423E-08
  2.8327E-03 -4.5525E-04 -4.2396E-08  4.3339E-08
  2.8530E-03 -4.6389E-04 -4.3310E-08  4.4274E-08
  2.8733E-03 -4.7269E-04 -4.4244E-08  4.5229E-08
  2.8938E-03 -4.8166E-04 -4.5199E-08  4.6204E-08
  2.9145E-03 -4.9080E-04 -4.6173E-08  4.7200E-08
  2.9353E-03 -5.0011E-04 -4.7168E-08  4.8218E-08
  2.9562E-03 -5.0959E-04 -4.8185E-08  4.9257E-08
  2.9773E-03 -5.1925E-04 -4.9223E-08  5.0318E-08
  2.9985E-03 -5.2909E-04 -5.0284E-08  5.1403E-08
  3.0199E-03 -5.3912E-04 -5.1367E-08  5.2510E-08
  3.0414E-03 -5.4934E-04 -5.2473E-08  5.3641E-08
  3.0631E-03 -5.5974E-04 -5.3603E-08  5.4796E-08
  3.0849E-03 -5.7035E-04 -5.4757E-08  5.5976E-08
  3.1069E-03 -5.8115E-04 -5.5936E-08  5.7181E-08
  3.1290E-03 -5.9215E-04 -5.7140E-08  5.8411E-08
  3.1513E-03 -6.0336E-04 -5.8369E-08  5.9668E-08
  3.1738E-03 -6.1478E-04 -5.9625E-08  6.0952E-08
  3.1964E-03 -6.2642E-04 -6.0908E-08  6.2263E-08
  3.2191E-03 -6.3827E-04 -6.2218E-08  6.3602E-08
  3.2420E-03 -6.5034E-04 -6.3556E-08  6.4970E-08
  3.2651E-03 -6.6264E-04 -6.4922E-08  6.6367E-08
  3.2883E-03 -6.7517E-04 -6.6318E-08  6.7793E-08
  3.3117E-03 -6.8794E-04 -6.7743E-08  6.9251E-08
  3.3353E-03 -7.0094E-04 -6.9199E-08  7.0739E-08
  3.3590E-03 -7.1419E-04 -7.0685E-08  7.2259E-08
  3.3829E-03 -7.2768E-04 -7.2204E-08  7.3811E-08
  3.4069E-03 -7.4143E-04 -7.3755E-08  7.5396E-08
  3.4311E-03 -7.5543E-04 -7.5339E-08  7.7016E-08
  3.4555E-03 -7.6970E-04 -7.6956E-08  7.8669E-08
  3.4801E-03 -7.8423E-04 -7.8608E-08  8.0358E-08
  3.5048E-03 -7.9903E-04 -8.0296E-08  8.2083E-08
  3.5297E-03 -8.1411E-04 -8.2019E-08  8.3845E-08
  3.5548E-03 -8.2948E-04 -8.3779E-08  8.5644E-08
  3.5800E-03 -8.4512E-04 -8.5576E-08  8.7482E-08
  3.6054E-03 -8.6106E-04 -8.7412E-08  8.9358E-08
  3.6310E-03 -8.7730E-04 -8.9287E-08  9.1275E-08
  3.6568E-03 -8.9384E-04 -9.1202E-08  9.3233E-08
  3.6828E-03 -9.1069E-04 -9.3157E-08  9.5232E-08
  3.7089E-03 -9.2786E-04 -9.5155E-08  9.7274E-08
  3.7352E-03 -9.4534E-04 -9.7194E-08  9.9359E-08
  3.7617E-03 -9.6315E-04 -9.9277E-08  1.0149E-07
  3.7884E-03 -9.8129E-04 -1.0140E-07  1.0366E-07
  3.8152E-03 -9.9977E-04 -1.0358E-07  1.0588E-07
  3.8423E-03 -1.0186E-03 -1.0580E-07  1.0815E-07
  3.8695E-03 -1.0378E-03 -1.0806E-07  1.1047E-07
  3.8970E-03 -1.0573E-03 -1.1038E-07  1.1284E-07
  3.9246E-03 -1.0772E-03 -1.1274E-07  1.1525E-07
  3.9524E-03 -1.0974E-03 -1.1515E-07  1.1772E-07
  3.9804E-03 -1.1181E-03 -1.1762E-07  1.2024E-07
  4.0086E-03 -1.1391E-03 -1.2014E-07  1.2281E-07
  4.0370E-03 -1.1605E-03 -1.2271E-07  1.2544E-07
  4.0656E-03 -1.1823E-03 -1.2534E-07  1.2813E-07
  4.0944E-03 -1.2046E-03 -1.2802E-07  1.3087E-07
  4.1234E-03 -1.2272E-03 -1.3076E-07  1.3367E-07
  4.1526E-03 -1.2502E-03 -1.3355E-07  1.3653E-07
  4.1820E-03 -1.2737E-03 -1.3641E-07  1.3945E-07
  4.2116E-03 -1.2976E-03 -1.3933E-07  1.4243E-07
  4.2414E-03 -1.3220E-03 -1.4231E-07  1.4548E-07
  4.2714E-03 -1.3468E-03 -1.4535E-07  1.4859E-07
  4.3016E-03 -1.3720E-03 -1.4846E-07  1.5176E-07
  4.3321E-03 -1.3978E-03 -1.5163E-07  1.5501E-07
  4.3627E-03 -1.4240E-03 -1.5487E-07  1.5832E-07
  4.3936E-03 -1.4507E-03 -1.5818E-07  1.6170E-07
  4.4246E-03 -1.4779E-03 -1.6156E-07  1.6516E-07
  4.4559E-03 -1.5056E-03 -1.6501E-07  1.6869E-07
  4.4874E-03 -1.5338E-03 -1.6853E-07  1.7229E-07
  4.5192E-03 -1.5625E-03 -1.7213E-07  1.7597E-07
  4.5511E-03 -1.5918E-03 -1.7581E-07  1.7973E-07
  4.5833E-03 -1.6215E-03 -1.7956E-07  1.8357E-07
  4.6157E-03 -1.6519E-03 -1.8340E-07  1.8749E-07
  4.6483E-03 -1.6828E-03 -1.8731E-07  1.9149E-07
  4.6811E-03 -1.7143E-03 -1.9131E-07  1.9558E-07
  4.7142E-03 -1.7463E-03 -1.9539E-07  1.9975E-07
  4.7475E-03 -1.7790E-03 -1.9956E-07  2.0402E-07
  4.7810E-03 -1.8122E-03 -2.0382E-07  2.0837E-07
  4.8148E-03 -1.8461E-03 -2.0817E-07  2.1282E-07
  4.8488E-03 -1.8806E-03 -2.1261E-07  2.1736E-07
  4.8830E-03 -1.9157E-03 -2.1715E-07  2.2199E-07
  4.9175E-03 -1.9515E-03 -2.2178E-07  2.2673E-07
  4.9522E-03 -1.9879E-03 -2.2651E-07  2.3156E-07
  4.9872E-03 -2.0250E-03 -2.3134E-07  2.3650E-07
  5.0224E-03 -2.0628E-03 -2.3627E-07  2.4155E-07
  5.0578E-03 -2.1013E-03 -2.4131E-07  2.4670E-07
  5.0935E-03 -2.1404E-03 -2.4645E-07  2.5195E-07
  5.1294E-03 -2.1803E-03 -2.5171E-07  2.5733E-07
  5.1656E-03 -2.2210E-03 -2.5707E-07  2.6281E-07
  5.2020E-03 -2.2623E-03 -2.6255E-07  2.6841E-07
  5.2387E-03 -2.3045E-03 -2.6814E-07  2.7413E-07
  5.2757E-03 -2.3474E-03 -2.7386E-07  2.7997E-07
  5.3129E-03 -2.3911E-03 -2.7969E-07  2.8594E-07
  5.3503E-03 -2.4356E-03 -2.8565E-07  2.9203E-07
  5.3881E-03 -2.4809E-03 -2.9173E-07  2.9825E-07
  5.4261E-03 -2.5270E-03 -2.9795E-07  3.0460E-07
  5.4643E-03 -2.5740E-03 -3.0429E-07  3.1109E-07
  5.5028E-03 -2.6218E-03 -3.1077E-07  3.1771E-07
  5.5416E-03 -2.6705E-03 -3.1739E-07  3.2448E-07
  5.5806E-03 -2.7201E-03 -3.2414E-07  3.3139E-07
  5.6200E-03 -2.7706E-03 -3.3104E-07  3.3844E-07
  5.6596E-03 -2.8221E-03 -3.3809E-07  3.4564E-07
  5.6994E-03 -2.8744E-03 -3.4528E-07  3.5300E-07
  5.7396E-03 -2.9278E-03 -3.5263E-07  3.6051E-07
  5.7800E-03 -2.9820E-03 -3.6014E-07  3.6819E-07
  5.8207E-03 -3.0373E-03 -3.6780E-07  3.7602E-07
  5.8617E-03 -3.0936E-03 -3.7562E-07  3.8402E-07
  5.9030E-03 -3.1509E-03 -3.8361E-07  3.9219E-07
  5.9445E-03 -3.2093E-03 -3.9177E-07  4.0053E-07
  5.9864E-03 -3.2687E-03 -4.0010E-07  4.0905E-07
  6.0285E-03 -3.3292E-03 -4.0861E-07  4.1775E-07
  6.0710E-03 -3.3908E-03 -4.1730E-07  4.2664E-07
  6.1137E-03 -3.4535E-03 -4.2618E-07  4.3571E-07
  6.1567E-03 -3.5173E-03 -4.3524E-07  4.4497E-07
  6.2000E-03 -3.5823E-03 -4.4449E-07  4.5443E-07
  6.2437E-03 -3.6485E-03 -4.5394E-07  4.6410E-07
  6.2876E-03 -3.7159E-03 -4.6359E-07  4.7396E-07
  6.3318E-03 -3.7845E-03 -4.7344E-07  4.8404E-07
  6.3764E-03 -3.8543E-03 -4.8350E-07  4.9432E-07
  6.4212E-03 -3.9254E-03 -4.9377E-07  5.0483E-07
  6.4664E-03 -3.9978E-03 -5.0427E-07  5.1556E-07
  6.5119E-03 -4.0715E-03 -5.1498E-07  5.2651E-07
  6.5576E-03 -4.1465E-03 -5.2592E-07  5.3770E-07
  6.6038E-03 -4.2229E-03 -5.3709E-07  5.4912E-07
  6.6502E-03 -4.3006E-03 -5.4850E-07  5.6079E-07
  6.6969E-03 -4.3797E-03 -5.6015E-07  5.7270E-07
  6.7440E-03 -4.4603E-03 -5.7204E-07  5.8486E-07
  6.7914E-03 -4.5423E-03 -5.8419E-07  5.9728E-07
  6.8392E-03 -4.6258E-03 -5.9660E-07  6.0997E-07
  6.8872E-03 -4.7108E-03 -6.0926E-07  6.2292E-07
  6.9356E-03 -4.7973E-03 -6.2220E-07  6.3615E-07
  6.9844E-03 -4.8854E-03 -6.3541E-07  6.4965E-07
  7.0334E-03 -4.9751E-03 -6.4889E-07  6.6344E-07
  7.0829E-03 -5.0663E-03 -6.6267E-07  6.7753E-07
  7.1326E-03 -5.1592E-03 -6.7673E-07  6.9191E-07
  7.1827E-03 -5.2538E-03 -6.9109E-07  7.0660E-07
  7.2332E-03 -5.3500E-03 -7.0576E-07  7.2159E-07
  7.2840E-03 -5.4480E-03 -7.2073E-07  7.3690E-07
  7.3351E-03 -5.5477E-03 -7.3602E-07  7.5254E-07
  7.3867E-03 -5.6492E-03 -7.5164E-07  7.6851E-07
  7.4385E-03 -5.7525E-03 -7.6758E-07  7.8482E-07
  7.4908E-03 -5.8576E-03 -7.8387E-07  8.0147E-07
  7.5434E-03 -5.9647E-03 -8.0049E-07  8.1847E-07
  7.5963E-03 -6.0736E-03 -8.1747E-07  8.3583E-07
  7.6496E-03 -6.1844E-03 -8.3481E-07  8.5356E-07
  7.7033E-03 -6.2973E-03 -8.5251E-07  8.7166E-07
  7.7574E-03 -6.4121E-03 -8.7059E-07  8.9015E-07
  7.8119E-03 -6.5290E-03 -8.8905E-07  9.0903E-07
  7.8667E-03 -6.6479E-03 -9.0790E-07  9.2830E-07
  7.9219E-03 -6.7690E-03 -9.2714E-07  9.4799E-07
  7.9775E-03 -6.8922E-03 -9.4680E-07  9.6809E-07
  8.0335E-03 -7.0175E-03 -9.6687E-07  9.8861E-07
  8.0898E-03 -7.1451E-03 -9.8736E-07  1.0096E-06
  8.1466E-03 -7.2750E-03 -1.0083E-06  1.0310E-06
  8.2037E-03 -7.4071E-03 -1.0297E-06  1.0528E-06
  8.2613E-03 -7.5415E-03 -1.0515E-06  1.0751E-06
  8.3192E-03 -7.6784E-03 -1.0738E-06  1.0979E-06
  8.3776E-03 -7.8176E-03 -1.0965E-06  1.1212E-06
  8.4364E-03 -7.9593E-03 -1.1197E-06  1.1450E-06
  8.4955E-03 -8.1035E-03 -1.1435E-06  1.1692E-06
  8.5551E-03 -8.2502E-03 -1.1677E-06  1.1940E-06
  8.6151E-03 -8.3995E-03 -1.1924E-06  1.2193E-06
  8.6755E-03 -8.5514E-03 -1.2177E-06  1.2451E-06
  8.7363E-03 -8.7059E-03 -1.2435E-06  1.2715E-06
  8.7976E-03 -8.8632E-03 -1.2698E-06  1.2984E-06
  8.8592E-03 -9.0232E-03 -1.2967E-06  1.3259E-06
  8.9214E-03 -9.1860E-03 -1.3242E-06  1.3540E-06
  8.9839E-03 -9.3517E-03 -1.3522E-06  1.3827E-06
  9.0469E-03 -9.5202E-03 -1.3808E-06  1.4120E-06
  9.1103E-03 -9.6917E-03 -1.4101E-06  1.4419E-06
  9.1741E-03 -9.8662E-03 -1.4399E-06  1.4724E-06
  9.2384E-03 -1.0044E-02 -1.4704E-06  1.5036E-06
  9.3032E-03 -1.0224E-02 -1.5015E-06  1.5354E-06
  9.3683E-03 -1.0408E-02 -1.5333E-06  1.5679E-06
  9.4340E-03 -1.0595E-02 -1.5658E-06  1.6011E-06
  9.5001E-03 -1.0785E-02 -1.5989E-06  1.6350E-06
  9.5666E-03 -1.0978E-02 -1.6327E-06  1.6696E-06
  9.6337E-03 -1.1175E-02 -1.6673E-06  1.7050E-06
  9.7011E-03 -1.1375E-02 -1.7026E-06  1.7411E-06
  9.7691E-03 -1.1579E-02 -1.7386E-06  1.7779E-06
  9.8375E-03 -1.1786E-02 -1.7754E-06  1.8155E-06
  9.9064E-03 -1.1997E-02 -1.8129E-06  1.8540E-06
  9.9758E-03 -1.2211E-02 -1.8513E-06  1.8932E-06
  1.0046E-02 -1.2429E-02 -1.8905E-06  1.9333E-06
  1.0116E-02 -1.2651E-02 -1.9304E-06  1.9742E-06
  1.0187E-02 -1.2876E-02 -1.9713E-06  2.0159E-06
  1.0258E-02 -1.3106E-02 -2.0130E-06  2.0586E-06
  1.0330E-02 -1.3339E-02 -2.0555E-06  2.1022E-06
  1.0402E-02 -1.3577E-02 -2.0990E-06  2.1466E-06
  1.0475E-02 -1.3818E-02 -2.1434E-06  2.1920E-06
  1.0549E-02 -1.4063E-02 -2.1887E-06  2.2384E-06
  1.0622E-02 -1.4313E-02 -2.2350E-06  2.2858E-06
  1.0697E-02 -1.4567E-02 -2.2823E-06  2.3341E-06
  1.0772E-02 -1.4825E-02 -2.3305E-06  2.3835E-06
  1.0847E-02 -1.5088E-02 -2.3798E-06  2.4339E-06
  1.0923E-02 -1.5355E-02 -2.4301E-06  2.4853E-06
  1.0999E-02 -1.5627E-02 -2.4815E-06  2.5379E-06
  1.1076E-02 -1.5903E-02 -2.5339E-06  2.5916E-06
  1.1154E-02 -1.6184E-02 -2.5875E-06  2.6464E-06
  1.1232E-02 -1.6469E-02 -2.6422E-06  2.7023E-06
  1.1310E-02 -1.6760E-02 -2.6980E-06  2.7595E-06
  1.1390E-02 -1.7055E-02 -2.7551E-06  2.8178E-06
  1.1469E-02 -1.7355E-02 -2.8133E-06  2.8774E-06
  1.1550E-02 -1.7660E-02 -2.8727E-06  2.9382E-06
  1.1630E-02 -1.7971E-02 -2.9334E-06  3.0003E-06
  1.1712E-02 -1.8286E-02 -2.9954E-06  3.0637E-06
  1.1794E-02 -1.8607E-02 -3.0587E-06  3.1285E-06
  1.1876E-02 -1.8934E-02 -3.1233E-06  3.1946E-06
  1.1959E-02 -1.9265E-02 -3.1893E-06  3.2622E-06
  1.2043E-02 -1.9603E-02 -3.2567E-06  3.3311E-06
  1.2127E-02 -1.9945E-02 -3.3255E-06  3.4015E-06
  1.2212E-02 -2.0294E-02 -3.3958E-06  3.4734E-06
  1.2297E-02 -2.0648E-02 -3.4675E-06  3.5468E-06
  1.2383E-02 -2.1008E-02 -3.5407E-06  3.6217E-06
  1.2470E-02 -2.1374E-02 -3.6155E-06  3.6983E-06
  1.2557E-02 -2.1747E-02 -3.6919E-06  3.7764E-06
  1.2645E-02 -2.2125E-02 -3.7699E-06  3.8562E-06
  1.2733E-02 -2.2509E-02 -3.8495E-06  3.9377E-06
  1.2822E-02 -2.2900E-02 -3.9308E-06  4.0209E-06
  1.2912E-02 -2.3298E-02 -4.0138E-06  4.1058E-06
  1.3002E-02 -2.3701E-02 -4.0985E-06  4.1925E-06
  1.3093E-02 -2.4112E-02 -4.1851E-06  4.2811E-06
  1.3185E-02 -2.4529E-02 -4.2734E-06  4.3716E-06
  1.3277E-02 -2.4953E-02 -4.3636E-06  4.4639E-06
  1.3370E-02 -2.5384E-02 -4.4558E-06  4.5582E-06
  1.3463E-02 -2.5821E-02 -4.5498E-06  4.6545E-06
  1.3557E-02 -2.6266E-02 -4.6459E-06  4.7528E-06
  1.3652E-02 -2.6719E-02 -4.7439E-06  4.8531E-06
  1.3747E-02 -2.7178E-02 -4.8441E-06  4.9556E-06
  1.3843E-02 -2.7645E-02 -4.9463E-06  5.0603E-06
  1.3940E-02 -2.8119E-02 -5.0507E-06  5.1672E-06
  1.4038E-02 -2.8601E-02 -5.1573E-06  5.2763E-06
  1.4136E-02 -2.9091E-02 -5.2662E-06  5.3877E-06
  1.4234E-02 -2.9589E-02 -5.3773E-06  5.5015E-06
  1.4334E-02 -3.0095E-02 -5.4908E-06  5.6176E-06
  1.4434E-02 -3.0608E-02 -5.6066E-06  5.7362E-06
  1.4535E-02 -3.1130E-02 -5.7249E-06  5.8574E-06
  1.4636E-02 -3.1661E-02 -5.8457E-06  5.9810E-06
  1.4739E-02 -3.2199E-02 -5.9691E-06  6.1073E-06
  1.4842E-02 -3.2747E-02 -6.0950E-06  6.2362E-06
  1.4945E-02 -3.3303E-02 -6.2236E-06  6.3679E-06
  1.5050E-02 -3.3867E-02 -6.3549E-06  6.5023E-06
  1.5155E-02 -3.4441E-02 -6.4890E-06  6.6396E-06
  1.5261E-02 -3.5024E-02 -6.6259E-06  6.7797E-06
  1.5367E-02 -3.5616E-02 -6.7656E-06  6.9228E-06
  1.5475E-02 -3.6217E-02 -6.9083E-06  7.0690E-06
  1.5583E-02 -3.6828E-02 -7.0541E-06  7.2182E-06
  1.5691E-02 -3.7448E-02 -7.2028E-06  7.3705E-06
  1.5801E-02 -3.8078E-02 -7.3547E-06  7.5261E-06
  1.5911E-02 -3.8717E-02 -7.5099E-06  7.6849E-06
  1.6023E-02 -3.9367E-02 -7.6682E-06  7.8471E-06
  1.6134E-02 -4.0027E-02 -7.8299E-06  8.0127E-06
  1.6247E-02 -4.0697E-02 -7.9951E-06  8.1818E-06
  1.6361E-02 -4.1377E-02 -8.1637E-06  8.3545E-06
  1.6475E-02 -4.2068E-02 -8.3358E-06  8.5308E-06
  1.6590E-02 -4.2769E-02 -8.5116E-06  8.7108E-06
  1.6706E-02 -4.3481E-02 -8.6910E-06  8.8946E-06
  1.6822E-02 -4.4204E-02 -8.8743E-06  9.0823E-06
  1.6940E-02 -4.4938E-02 -9.0614E-06  9.2739E-06
  1.7058E-02 -4.5684E-02 -9.2524E-06  9.4696E-06
  1.7177E-02 -4.6440E-02 -9.4474E-06  9.6694E-06
  1.7297E-02 -4.7209E-02 -9.6466E-06  9.8734E-06
  1.7418E-02 -4.7988E-02 -9.8499E-06  1.0082E-05
  1.7539E-02 -4.8780E-02 -1.0058E-05  1.0294E-05
  1.7662E-02 -4.9584E-02 -1.0270E-05  1.0512E-05
  1.7785E-02 -5.0399E-02 -1.0486E-05  1.0733E-05
  1.7909E-02 -5.1227E-02 -1.0707E-05  1.0960E-05
  1.8034E-02 -5.2067E-02 -1.0933E-05  1.1191E-05
  1.8160E-02 -5.2920E-02 -1.1163E-05  1.1427E-05
  1.8287E-02 -5.3786E-02 -1.1398E-05  1.1668E-05
  1.8414E-02 -5.4664E-02 -1.1639E-05  1.1914E-05
  1.8543E-02 -5.5555E-02 -1.1884E-05  1.2166E-05
  1.8672E-02 -5.6460E-02 -1.2134E-05  1.2422E-05
  1.8802E-02 -5.7378E-02 -1.2390E-05  1.2684E-05
  1.8934E-02 -5.8309E-02 -1.2651E-05  1.2952E-05
  1.9066E-02 -5.9254E-02 -1.2918E-05  1.3225E-05
  1.9199E-02 -6.0213E-02 -1.3190E-05  1.3504E-05
  1.9333E-02 -6.1186E-02 -1.3468E-05  1.3789E-05
  1.9468E-02 -6.2173E-02 -1.3751E-05  1.4079E-05
  1.9603E-02 -6.3174E-02 -1.4041E-05  1.4376E-05
  1.9740E-02 -6.4190E-02 -1.4337E-05  1.4680E-05
  1.9878E-02 -6.5221E-02 -1.4639E-05  1.4989E-05
  2.0017E-02 -6.6266E-02 -1.4947E-05  1.5305E-05
  2.0156E-02 -6.7326E-02 -1.5262E-05  1.5628E-05
  2.0297E-02 -6.8402E-02 -1.5584E-05  1.5958E-05
  2.0438E-02 -6.9493E-02 -1.5912E-05  1.6294E-05
  2.0581E-02 -7.0599E-02 -1.6247E-05  1.6638E-05
  2.0725E-02 -7.1721E-02 -1.6589E-05  1.6989E-05
  2.0869E-02 -7.2859E-02 -1.6938E-05  1.7347E-05
  2.1015E-02 -7.4012E-02 -1.7295E-05  1.7713E-05
  2.1161E-02 -7.5183E-02 -1.7659E-05  1.8086E-05
  2.1309E-02 -7.6369E-02 -1.8031E-05  1.8467E-05
  2.1457E-02 -7.7572E-02 -1.8411E-05  1.8857E-05
  2.1607E-02 -7.8792E-02 -1.8799E-05  1.9254E-05
  2.1758E-02 -8.0028E-02 -1.9194E-05  1.9660E-05
  2.1910E-02 -8.1282E-02 -1.9599E-05  2.0075E-05
  2.2062E-02 -8.2553E-02 -2.0011E-05  2.0498E-05
  2.2216E-02 -8.3841E-02 -2.0433E-05  2.0930E-05
  2.2371E-02 -8.5147E-02 -2.0863E-05  2.1372E-05
  2.2527E-02 -8.6471E-02 -2.1302E-05  2.1822E-05
  2.2684E-02 -8.7812E-02 -2.1750E-05  2.2282E-05
  2.2842E-02 -8.9172E-02 -2.2208E-05  2.2752E-05
  2.3002E-02 -9.0550E-02 -2.2676E-05  2.3232E-05
  2.3162E-02 -9.1947E-02 -2.3153E-05  2.3721E-05
  2.3324E-02 -9.3362E-02 -2.3641E-05  2.4222E-05
  2.3486E-02 -9.4796E-02 -2.4138E-05  2.4732E-05
  2.3650E-02 -9.6249E-02 -2.4646E-05  2.5254E-05
  2.3815E-02 -9.7722E-02 -2.5165E-05  2.5786E-05
  2.3981E-02 -9.9214E-02 -2.5695E-05  2.6330E-05
  2.4148E-02 -1.0072E-01 -2.6235E-05  2.6885E-05
  2.4316E-02 -1.0226E-01 -2.6787E-05  2.7451E-05
  2.4486E-02 -1.0381E-01 -2.7351E-05  2.8030E-05
  2.4657E-02 -1.0538E-01 -2.7927E-05  2.8621E-05
  2.4828E-02 -1.0697E-01 -2.8514E-05  2.9224E-05
  2.5002E-02 -1.0858E-01 -2.9114E-05  2.9840E-05
  2.5176E-02 -1.1021E-01 -2.9727E-05  3.0469E-05
  2.5351E-02 -1.1187E-01 -3.0353E-05  3.1112E-05
  2.5528E-02 -1.1354E-01 -3.0991E-05  3.1767E-05
  2.5706E-02 -1.1523E-01 -3.1643E-05  3.2437E-05
  2.5885E-02 -1.1695E-01 -3.2309E-05  3.3121E-05
  2.6066E-02 -1.1869E-01 -3.2989E-05  3.3819E-05
  2.6247E-02 -1.2045E-01 -3.3683E-05  3.4532E-05
  2.6430E-02 -1.2223E-01 -3.4391E-05  3.5260E-05
  2.6614E-02 -1.2403E-01 -3.5115E-05  3.6003E-05
  2.6800E-02 -1.2586E-01 -3.5853E-05  3.6762E-05
  2.6987E-02 -1.2771E-01 -3.6608E-05  3.7537E-05
  2.7175E-02 -1.2957E-01 -3.7378E-05  3.8328E-05
  2.7364E-02 -1.3147E-01 -3.8164E-05  3.9136E-05
  2.7555E-02 -1.3338E-01 -3.8967E-05  3.9961E-05
  2.7747E-02 -1.3532E-01 -3.9786E-05  4.0803E-05
  2.7940E-02 -1.3728E-01 -4.0623E-05  4.1663E-05
  2.8135E-02 -1.3926E-01 -4.1477E-05  4.2541E-05
  2.8331E-02 -1.4127E-01 -4.2349E-05  4.3438E-05
  2.8528E-02 -1.4330E-01 -4.3240E-05  4.4354E-05
  2.8727E-02 -1.4536E-01 -4.4149E-05  4.5289E-05
  2.8927E-02 -1.4743E-01 -4.5078E-05  4.6243E-05
  2.9129E-02 -1.4954E-01 -4.6026E-05  4.7218E-05
  2.9332E-02 -1.5166E-01 -4.6993E-05  4.8213E-05
  2.9536E-02 -1.5381E-01 -4.7981E-05  4.9229E-05
  2.9742E-02 -1.5599E-01 -4.8990E-05  5.0267E-05
  2.9949E-02 -1.5818E-01 -5.0020E-05  5.1327E-05
  3.0158E-02 -1.6041E-01 -5.1072E-05  5.2409E-05
  3.0368E-02 -1.6265E-01 -5.2145E-05  5.3513E-05
  3.0580E-02 -1.6493E-01 -5.3242E-05  5.4641E-05
  3.0793E-02 -1.6722E-01 -5.4361E-05  5.5793E-05
  3.1007E-02 -1.6954E-01 -5.5504E-05  5.6969E-05
  3.1223E-02 -1.7189E-01 -5.6670E-05  5.8170E-05
  3.1441E-02 -1.7426E-01 -5.7862E-05  5.9396E-05
  3.1660E-02 -1.7666E-01 -5.9078E-05  6.0648E-05
  3.1880E-02 -1.7908E-01 -6.0319E-05  6.1926E-05
  3.2102E-02 -1.8153E-01 -6.1587E-05  6.3232E-05
  3.2326E-02 -1.8400E-01 -6.2881E-05  6.4565E-05
  3.2551E-02 -1.8650E-01 -6.4203E-05  6.5926E-05
  3.2778E-02 -1.8902E-01 -6.5552E-05  6.7315E-05
  3.3006E-02 -1.9157E-01 -6.6930E-05  6.8734E-05
  3.3236E-02 -1.9414E-01 -6.8336E-05  7.0183E-05
  3.3468E-02 -1.9674E-01 -6.9772E-05  7.1663E-05
  3.3701E-02 -1.9936E-01 -7.1238E-05  7.3173E-05
  3.3935E-02 -2.0201E-01 -7.2735E-05  7.4716E-05
  3.4172E-02 -2.0469E-01 -7.4263E-05  7.6291E-05
  3.4410E-02 -2.0739E-01 -7.5823E-05  7.7899E-05
  3.4649E-02 -2.1012E-01 -7.7416E-05  7.9541E-05
  3.4891E-02 -2.1287E-01 -7.9043E-05  8.1218E-05
  3.5134E-02 -2.1565E-01 -8.0703E-05  8.2930E-05
  3.5378E-02 -2.1845E-01 -8.2399E-05  8.4679E-05
  3.5625E-02 -2.2128E-01 -8.4130E-05  8.6464E-05
  3.5873E-02 -2.2414E-01 -8.5897E-05  8.8287E-05
  3.6123E-02 -2.2702E-01 -8.7701E-05  9.0148E-05
  3.6374E-02 -2.2993E-01 -8.9543E-05  9.2049E-05
  3.6628E-02 -2.3286E-01 -9.1424E-05  9.3989E-05
  3.6883E-02 -2.3581E-01 -9.3344E-05  9.5971E-05
  3.7140E-02 -2.3879E-01 -9.5304E-05  9.7994E-05
  3.7398E-02 -2.4180E-01 -9.7305E-05  1.0006E-04
  3.7659E-02 -2.4483E-01 -9.9349E-05  1.0217E-04
  3.7921E-02 -2.4789E-01 -1.0144E-04  1.0432E-04
  3.8185E-02 -2.5097E-01 -1.0356E-04  1.0652E-04
  3.8451E-02 -2.5408E-01 -1.0574E-04  1.0877E-04
  3.8719E-02 -2.5721E-01 -1.0796E-04  1.1106E-04
  3.8988E-02 -2.6036E-01 -1.1023E-04  1.1341E-04
  3.9260E-02 -2.6354E-01 -1.1254E-04  1.1580E-04
  3.9533E-02 -2.6674E-01 -1.1490E-04  1.1824E-04
  3.9808E-02 -2.6997E-01 -1.1732E-04  1.2073E-04
  4.0085E-02 -2.7322E-01 -1.1978E-04  1.2328E-04
  4.0365E-02 -2.7649E-01 -1.2229E-04  1.2588E-04
  4.0646E-02 -2.7979E-01 -1.2486E-04  1.2853E-04
  4.0929E-02 -2.8311E-01 -1.2748E-04  1.3124E-04
  4.1214E-02 -2.8645E-01 -1.3016E-04  1.3401E-04
  4.1500E-02 -2.8981E-01 -1.3289E-04  1.3684E-04
  4.1789E-02 -2.9320E-01 -1.3568E-04  1.3972E-04
  4.2080E-02 -2.9661E-01 -1.3852E-04  1.4267E-04
  4.2373E-02 -3.0004E-01 -1.4143E-04  1.4568E-04
  4.2668E-02 -3.0349E-01 -1.4440E-04  1.4875E-04
  4.2965E-02 -3.0696E-01 -1.4743E-04  1.5189E-04
  4.3264E-02 -3.1045E-01 -1.5052E-04  1.5510E-04
  4.3566E-02 -3.1396E-01 -1.5368E-04  1.5837E-04
  4.3869E-02 -3.1749E-01 -1.5690E-04  1.6171E-04
  4.4174E-02 -3.2104E-01 -1.6020E-04  1.6512E-04
  4.4482E-02 -3.2461E-01 -1.6356E-04  1.6860E-04
  4.4791E-02 -3.2820E-01 -1.6699E-04  1.7216E-04
  4.5103E-02 -3.3181E-01 -1.7049E-04  1.7579E-04
  4.5417E-02 -3.3543E-01 -1.7407E-04  1.7950E-04
  4.5733E-02 -3.3907E-01 -1.7772E-04  1.8329E-04
  4.6052E-02 -3.4273E-01 -1.8144E-04  1.8716E-04
  4.6372E-02 -3.4640E-01 -1.8525E-04  1.9110E-04
  4.6695E-02 -3.5009E-01 -1.8913E-04  1.9514E-04
  4.7020E-02 -3.5380E-01 -1.9310E-04  1.9926E-04
  4.7347E-02 -3.5752E-01 -1.9715E-04  2.0346E-04
  4.7677E-02 -3.6125E-01 -2.0128E-04  2.0775E-04
  4.8009E-02 -3.6499E-01 -2.0550E-04  2.1214E-04
  4.8343E-02 -3.6875E-01 -2.0981E-04  2.1662E-04
  4.8679E-02 -3.7252E-01 -2.1421E-04  2.2119E-04
  4.9018E-02 -3.7630E-01 -2.1870E-04  2.2586E-04
  4.9359E-02 -3.8010E-01 -2.2329E-04  2.3062E-04
  4.9703E-02 -3.8390E-01 -2.2797E-04  2.3549E-04
  5.0049E-02 -3.8771E-01 -2.3274E-04  2.4046E-04
  5.0397E-02 -3.9153E-01 -2.3762E-04  2.4554E-04
  5.0748E-02 -3.9536E-01 -2.4260E-04  2.5072E-04
  5.1101E-02 -3.9919E-01 -2.4769E-04  2.5602E-04
  5.1457E-02 -4.0303E-01 -2.5288E-04  2.6142E-04
  5.1815E-02 -4.0688E-01 -2.5818E-04  2.6694E-04
  5.2176E-02 -4.1073E-01 -2.6359E-04  2.7258E-04
  5.2539E-02 -4.1458E-01 -2.6911E-04  2.7834E-04
  5.2904E-02 -4.1844E-01 -2.7475E-04  2.8422E-04
  5.3273E-02 -4.2230E-01 -2.8050E-04  2.9022E-04
  5.3643E-02 -4.2615E-01 -2.8638E-04  2.9635E-04
  5.4017E-02 -4.3001E-01 -2.9238E-04  3.0261E-04
  5.4393E-02 -4.3387E-01 -2.9850E-04  3.0900E-04
  5.4771E-02 -4.3773E-01 -3.0475E-04  3.1553E-04
  5.5152E-02 -4.4158E-01 -3.1114E-04  3.2219E-04
  5.5536E-02 -4.4543E-01 -3.1765E-04  3.2900E-04
  5.5922E-02 -4.4927E-01 -3.2430E-04  3.3595E-04
  5.6312E-02 -4.5311E-01 -3.3109E-04  3.4305E-04
  5.6703E-02 -4.5694E-01 -3.3803E-04  3.5030E-04
  5.7098E-02 -4.6076E-01 -3.4510E-04  3.5770E-04
  5.7495E-02 -4.6457E-01 -3.5233E-04  3.6526E-04
  5.7895E-02 -4.6838E-01 -3.5970E-04  3.7298E-04
  5.8298E-02 -4.7216E-01 -3.6723E-04  3.8086E-04
  5.8704E-02 -4.7594E-01 -3.7492E-04  3.8891E-04
  5.9112E-02 -4.7970E-01 -3.8277E-04  3.9713E-04
  5.9524E-02 -4.8345E-01 -3.9078E-04  4.0553E-04
  5.9938E-02 -4.8717E-01 -3.9895E-04  4.1410E-04
  6.0355E-02 -4.9088E-01 -4.0730E-04  4.2286E-04
  6.0775E-02 -4.9457E-01 -4.1583E-04  4.3180E-04
  6.1198E-02 -4.9824E-01 -4.2452E-04  4.4093E-04
  6.1624E-02 -5.0189E-01 -4.3341E-04  4.5025E-04
  6.2052E-02 -5.0551E-01 -4.4247E-04  4.5978E-04
  6.2484E-02 -5.0911E-01 -4.5173E-04  4.6950E-04
  6.2919E-02 -5.1268E-01 -4.6118E-04  4.7943E-04
  6.3357E-02 -5.1622E-01 -4.7082E-04  4.8958E-04
  6.3798E-02 -5.1973E-01 -4.8067E-04  4.9993E-04
  6.4241E-02 -5.2321E-01 -4.9072E-04  5.1051E-04
  6.4688E-02 -5.2666E-01 -5.0098E-04  5.2131E-04
  6.5138E-02 -5.3008E-01 -5.1145E-04  5.3234E-04
  6.5592E-02 -5.3345E-01 -5.2214E-04  5.4361E-04
  6.6048E-02 -5.3679E-01 -5.3306E-04  5.5512E-04
  6.6508E-02 -5.4009E-01 -5.4420E-04  5.6687E-04
  6.6970E-02 -5.4335E-01 -5.5558E-04  5.7887E-04
  6.7436E-02 -5.4657E-01 -5.6719E-04  5.9112E-04
  6.7905E-02 -5.4974E-01 -5.7904E-04  6.0364E-04
  6.8378E-02 -5.5287E-01 -5.9114E-04  6.1642E-04
  6.8853E-02 -5.5595E-01 -6.0349E-04  6.2947E-04
  6.9332E-02 -5.5898E-01 -6.1609E-04  6.4280E-04
  6.9815E-02 -5.6195E-01 -6.2896E-04  6.5642E-04
  7.0301E-02 -5.6488E-01 -6.4210E-04  6.7032E-04
  7.0790E-02 -5.6775E-01 -6.5551E-04  6.8453E-04
  7.1282E-02 -5.7056E-01 -6.6920E-04  6.9903E-04
  7.1778E-02 -5.7331E-01 -6.8317E-04  7.1384E-04
  7.2277E-02 -5.7601E-01 -6.9744E-04  7.2897E-04
  7.2780E-02 -5.7864E-01 -7.1200E-04  7.4442E-04
  7.3286E-02 -5.8120E-01 -7.2686E-04  7.6020E-04
  7.3796E-02 -5.8370E-01 -7.4203E-04  7.7631E-04
  7.4310E-02 -5.8613E-01 -7.5752E-04  7.9277E-04
  7.4826E-02 -5.8849E-01 -7.7333E-04  8.0958E-04
  7.5347E-02 -5.9078E-01 -7.8946E-04  8.2675E-04
  7.5871E-02 -5.9300E-01 -8.0594E-04  8.4428E-04
  7.6399E-02 -5.9513E-01 -8.2275E-04  8.6219E-04
  7.6930E-02 -5.9719E-01 -8.3991E-04  8.8048E-04
  7.7465E-02 -5.9917E-01 -8.5743E-04  8.9916E-04
  7.8004E-02 -6.0107E-01 -8.7531E-04  9.1824E-04
  7.8547E-02 -6.0288E-01 -8.9356E-04  9.3773E-04
  7.9093E-02 -6.0461E-01 -9.1219E-04  9.5763E-04
  7.9643E-02 -6.0624E-01 -9.3121E-04  9.7796E-04
  8.0197E-02 -6.0779E-01 -9.5062E-04  9.9873E-04
  8.0755E-02 -6.0925E-01 -9.7044E-04  1.0199E-03
  8.1317E-02 -6.1060E-01 -9.9066E-04  1.0416E-03
  8.1883E-02 -6.1187E-01 -1.0113E-03  1.0637E-03
  8.2452E-02 -6.1303E-01 -1.0324E-03  1.0863E-03
  8.3026E-02 -6.1409E-01 -1.0539E-03  1.1094E-03
  8.3603E-02 -6.1505E-01 -1.0758E-03  1.1330E-03
  8.4185E-02 -6.1590E-01 -1.0982E-03  1.1570E-03
  8.4770E-02 -6.1664E-01 -1.1211E-03  1.1816E-03
  8.5360E-02 -6.1728E-01 -1.1445E-03  1.2068E-03
  8.5954E-02 -6.1780E-01 -1.1683E-03  1.2324E-03
  8.6551E-02 -6.1821E-01 -1.1926E-03  1.2586E-03
  8.7153E-02 -6.1850E-01 -1.2174E-03  1.2854E-03
  8.7760E-02 -6.1868E-01 -1.2428E-03  1.3127E-03
  8.8370E-02 -6.1873E-01 -1.2686E-03  1.3407E-03
  8.8985E-02 -6.1866E-01 -1.2950E-03  1.3692E-03
  8.9604E-02 -6.1847E-01 -1.3219E-03  1.3983E-03
  9.0227E-02 -6.1815E-01 -1.3494E-03  1.4281E-03
  9.0854E-02 -6.1770E-01 -1.3775E-03  1.4585E-03
  9.1486E-02 -6.1712E-01 -1.4061E-03  1.4895E-03
  9.2123E-02 -6.1641E-01 -1.4354E-03  1.5213E-03
  9.2763E-02 -6.1556E-01 -1.4652E-03  1.5537E-03
  9.3408E-02 -6.1457E-01 -1.4956E-03  1.5868E-03
  9.4058E-02 -6.1345E-01 -1.5267E-03  1.6206E-03
  9.4712E-02 -6.1218E-01 -1.5584E-03  1.6551E-03
  9.5371E-02 -6.1077E-01 -1.5908E-03  1.6904E-03
  9.6034E-02 -6.0922E-01 -1.6239E-03  1.7264E-03
  9.6702E-02 -6.0752E-01 -1.6576E-03  1.7633E-03
  9.7375E-02 -6.0567E-01 -1.6920E-03  1.8009E-03
  9.8052E-02 -6.0367E-01 -1.7271E-03  1.8393E-03
  9.8734E-02 -6.0152E-01 -1.7630E-03  1.8785E-03
  9.9420E-02 -5.9921E-01 -1.7995E-03  1.9186E-03
  1.0011E-01 -5.9674E-01 -1.8369E-03  1.9596E-03
  1.0081E-01 -5.9412E-01 -1.8750E-03  2.0014E-03
  1.0151E-01 -5.9134E-01 -1.9139E-03  2.0442E-03
  1.0222E-01 -5.8840E-01 -1.9535E-03  2.0878E-03
  1.0293E-01 -5.8529E-01 -1.9940E-03  2.1324E-03
  1.0364E-01 -5.8202E-01 -2.0354E-03  2.1780E-03
  1.0436E-01 -5.7858E-01 -2.0775E-03  2.2246E-03
  1.0509E-01 -5.7498E-01 -2.1206E-03  2.2721E-03
  1.0582E-01 -5.7121E-01 -2.1645E-03  2.3207E-03
  1.0655E-01 -5.6726E-01 -2.2093E-03  2.3704E-03
  1.0730E-01 -5.6315E-01 -2.2551E-03  2.4211E-03
  1.0804E-01 -5.5886E-01 -2.3018E-03  2.4729E-03
  1.0879E-01 -5.5439E-01 -2.3494E-03  2.5258E-03
  1.0955E-01 -5.4975E-01 -2.3980E-03  2.5799E-03
  1.1031E-01 -5.4493E-01 -2.4476E-03  2.6352E-03
  1.1108E-01 -5.3994E-01 -2.4983E-03  2.6916E-03
  1.1185E-01 -5.3476E-01 -2.5499E-03  2.7493E-03
  1.1263E-01 -5.2941E-01 -2.6026E-03  2.8082E-03
  1.1341E-01 -5.2387E-01 -2.6564E-03  2.8684E-03
  1.1420E-01 -5.1815E-01 -2.7113E-03  2.9300E-03
  1.1500E-01 -5.1225E-01 -2.7674E-03  2.9928E-03
  1.1579E-01 -5.0617E-01 -2.8245E-03  3.0570E-03
  1.1660E-01 -4.9990E-01 -2.8828E-03  3.1227E-03
  1.1741E-01 -4.9344E-01 -2.9424E-03  3.1897E-03
  1.1823E-01 -4.8681E-01 -3.0031E-03  3.2582E-03
  1.1905E-01 -4.7998E-01 -3.0650E-03  3.3282E-03
  1.1988E-01 -4.7297E-01 -3.1283E-03  3.3997E-03
  1.2071E-01 -4.6578E-01 -3.1928E-03  3.4728E-03
  1.2155E-01 -4.5839E-01 -3.2586E-03  3.5475E-03
  1.2240E-01 -4.5083E-01 -3.3258E-03  3.6238E-03
  1.2325E-01 -4.4307E-01 -3.3943E-03  3.7018E-03
  1.2410E-01 -4.3513E-01 -3.4642E-03  3.7815E-03
  1.2497E-01 -4.2700E-01 -3.5356E-03  3.8629E-03
  1.2584E-01 -4.1869E-01 -3.6084E-03  3.9461E-03
  1.2671E-01 -4.1019E-01 -3.6827E-03  4.0311E-03
  1.2759E-01 -4.0151E-01 -3.7584E-03  4.1180E-03
  1.2848E-01 -3.9264E-01 -3.8357E-03  4.2068E-03
  1.2937E-01 -3.8358E-01 -3.9146E-03  4.2975E-03
  1.3027E-01 -3.7435E-01 -3.9951E-03  4.3902E-03
  1.3118E-01 -3.6493E-01 -4.0772E-03  4.4850E-03
  1.3209E-01 -3.5533E-01 -4.1610E-03  4.5818E-03
  1.3301E-01 -3.4555E-01 -4.2464E-03  4.6808E-03
  1.3393E-01 -3.3560E-01 -4.3336E-03  4.7819E-03
  1.3486E-01 -3.2546E-01 -4.4226E-03  4.8853E-03
  1.3580E-01 -3.1515E-01 -4.5133E-03  4.9909E-03
  1.3675E-01 -3.0466E-01 -4.6059E-03  5.0989E-03
  1.3770E-01 -2.9400E-01 -4.7004E-03  5.2092E-03
  1.3865E-01 -2.8317E-01 -4.7967E-03  5.3220E-03
  1.3962E-01 -2.7217E-01 -4.8950E-03  5.4373E-03
  1.4059E-01 -2.6100E-01 -4.9952E-03  5.5551E-03
  1.4157E-01 -2.4966E-01 -5.0975E-03  5.6755E-03
  1.4255E-01 -2.3817E-01 -5.2019E-03  5.7986E-03
  1.4354E-01 -2.2651E-01 -5.3083E-03  5.9244E-03
  1.4454E-01 -2.1469E-01 -5.4169E-03  6.0530E-03
  1.4555E-01 -2.0272E-01 -5.5276E-03  6.1844E-03
  1.4656E-01 -1.9059E-01 -5.6406E-03  6.3187E-03
  1.4758E-01 -1.7831E-01 -5.7558E-03  6.4561E-03
  1.4860E-01 -1.6589E-01 -5.8733E-03  6.5965E-03
  1.4964E-01 -1.5332E-01 -5.9932E-03  6.7400E-03
  1.5068E-01 -1.4061E-01 -6.1155E-03  6.8866E-03
  1.5172E-01 -1.2776E-01 -6.2402E-03  7.0366E-03
  1.5278E-01 -1.1477E-01 -6.3674E-03  7.1899E-03
  1.5384E-01 -1.0166E-01 -6.4972E-03  7.3466E-03
  1.5491E-01 -8.8418E-02 -6.6295E-03  7.5068E-03
  1.5599E-01 -7.5052E-02 -6.7645E-03  7.6706E-03
  1.5707E-01 -6.1566E-02 -6.9022E-03  7.8380E-03
  1.5816E-01 -4.7965E-02 -7.0426E-03  8.0092E-03
  1.5926E-01 -3.4252E-02 -7.1857E-03  8.1842E-03
  1.6037E-01 -2.0432E-02 -7.3318E-03  8.3631E-03
  1.6149E-01 -6.5095E-03 -7.4807E-03  8.5461E-03
  1.6261E-01  7.5112E-03 -7.6326E-03  8.7331E-03
  1.6374E-01  2.1625E-02 -7.7874E-03  8.9243E-03
  1.6488E-01  3.5828E-02 -7.9454E-03  9.1199E-03
  1.6602E-01  5.0115E-02 -8.1064E-03  9.3198E-03
  1.6718E-01  6.4481E-02 -8.2707E-03  9.5242E-03
  1.6834E-01  7.8919E-02 -8.4382E-03  9.7333E-03
  1.6951E-01  9.3427E-02 -8.6090E-03  9.9470E-03
  1.7069E-01  1.0800E-01 -8.7831E-03  1.0166E-02
  1.7188E-01  1.2262E-01 -8.9607E-03  1.0389E-02
  1.7307E-01  1.3730E-01 -9.1417E-03  1.0618E-02
  1.7427E-01  1.5203E-01 -9.3264E-03  1.0851E-02
  1.7549E-01  1.6679E-01 -9.5146E-03  1.1090E-02
  1.7671E-01  1.8159E-01 -9.7065E-03  1.1335E-02
  1.7793E-01  1.9642E-01 -9.9022E-03  1.1585E-02
  1.7917E-01  2.1127E-01 -1.0102E-02  1.1840E-02
  1.8042E-01  2.2613E-01 -1.0305E-02  1.2102E-02
  1.8167E-01  2.4100E-01 -1.0512E-02  1.2369E-02
  1.8293E-01  2.5588E-01 -1.0724E-02  1.2643E-02
  1.8421E-01  2.7075E-01 -1.0939E-02  1.2923E-02
  1.8549E-01  2.8561E-01 -1.1159E-02  1.3209E-02
  1.8678E-01  3.0046E-01 -1.1383E-02  1.3502E-02
  1.8807E-01  3.1528E-01 -1.1611E-02  1.3801E-02
  1.8938E-01  3.3006E-01 -1.1844E-02  1.4107E-02
  1.9070E-01  3.4481E-01 -1.2081E-02  1.4420E-02
  1.9202E-01  3.5952E-01 -1.2323E-02  1.4741E-02
  1.9336E-01  3.7417E-01 -1.2570E-02  1.5069E-02
  1.9470E-01  3.8876E-01 -1.2821E-02  1.5404E-02
  1.9606E-01  4.0328E-01 -1.3077E-02  1.5747E-02
  1.9742E-01  4.1773E-01 -1.3338E-02  1.6098E-02
  1.9879E-01  4.3209E-01 -1.3604E-02  1.6457E-02
  2.0017E-01  4.4637E-01 -1.3875E-02  1.6824E-02
  2.0157E-01  4.6055E-01 -1.4151E-02  1.7200E-02
  2.0297E-01  4.7462E-01 -1.4433E-02  1.7585E-02
  2.0438E-01  4.8858E-01 -1.4720E-02  1.7978E-02
  2.0580E-01  5.0242E-01 -1.5012E-02  1.8381E-02
  2.0723E-01  5.1613E-01 -1.5310E-02  1.8793E-02
  2.0867E-01  5.2971E-01 -1.5614E-02  1.9215E-02
  2.1012E-01  5.4314E-01 -1.5923E-02  1.9646E-02
  2.1158E-01  5.5642E-01 -1.6239E-02  2.0087E-02
  2.1305E-01  5.6954E-01 -1.6560E-02  2.0539E-02
  2.1453E-01  5.8249E-01 -1.6887E-02  2.1001E-02
  2.1602E-01  5.9526E-01 -1.7221E-02  2.1475E-02
  2.1753E-01  6.0785E-01 -1.7560E-02  2.1959E-02
  2.1904E-01  6.2025E-01 -1.7906E-02  2.2454E-02
  2.2056E-01  6.3245E-01 -1.8259E-02  2.2962E-02
  2.2209E-01  6.4444E-01 -1.8618E-02  2.3481E-02
  2.2364E-01  6.5621E-01 -1.8984E-02  2.4012E-02
  2.2519E-01  6.6776E-01 -1.9357E-02  2.4556E-02
  2.2676E-01  6.7908E-01 -1.9736E-02  2.5113E-02
  2.2833E-01  6.9016E-01 -2.0123E-02  2.5683E-02
  2.2992E-01  7.0099E-01 -2.0517E-02  2.6266E-02
  2.3152E-01  7.1157E-01 -2.0918E-02  2.6864E-02
  2.3313E-01  7.2188E-01 -2.1326E-02  2.7475E-02
  2.3475E-01  7.3192E-01 -2.1742E-02  2.8101E-02
  2.3638E-01  7.4168E-01 -2.2166E-02  2.8742E-02
  2.3802E-01  7.5115E-01 -2.2598E-02  2.9399E-02
  2.3968E-01  7.6033E-01 -2.3037E-02  3.0071E-02
  2.4135E-01  7.6921E-01 -2.3484E-02  3.0759E-02
  2.4302E-01  7.7778E-01 -2.3940E-02  3.1463E-02
  2.4471E-01  7.8603E-01 -2.4404E-02  3.2184E-02
  2.4641E-01  7.9396E-01 -2.4876E-02  3.2923E-02
  2.4813E-01  8.0155E-01 -2.5356E-02  3.3680E-02
  2.4985E-01  8.0881E-01 -2.5846E-02  3.4454E-02
  2.5159E-01  8.1572E-01 -2.6344E-02  3.5248E-02
  2.5334E-01  8.2228E-01 -2.6851E-02  3.6061E-02
  2.5510E-01  8.2848E-01 -2.7367E-02  3.6893E-02
  2.5687E-01  8.3431E-01 -2.7893E-02  3.7745E-02
  2.5866E-01  8.3978E-01 -2.8428E-02  3.8618E-02
  2.6045E-01  8.4486E-01 -2.8972E-02  3.9513E-02
  2.6227E-01  8.4956E-01 -2.9526E-02  4.0429E-02
  2.6409E-01  8.5386E-01 -3.0089E-02  4.1368E-02
  2.6592E-01  8.5777E-01 -3.0663E-02  4.2329E-02
  2.6777E-01  8.6128E-01 -3.1247E-02  4.3314E-02
  2.6963E-01  8.6438E-01 -3.1840E-02  4.4323E-02
  2.7151E-01  8.6706E-01 -3.2445E-02  4.5357E-02
  2.7340E-01  8.6933E-01 -3.3059E-02  4.6416E-02
  2.7530E-01  8.7117E-01 -3.3684E-02  4.7502E-02
  2.7721E-01  8.7258E-01 -3.4321E-02  4.8614E-02
  2.7914E-01  8.7356E-01 -3.4968E-02  4.9753E-02
  2.8108E-01  8.7411E-01 -3.5626E-02  5.0921E-02
  2.8303E-01  8.7421E-01 -3.6295E-02  5.2118E-02
  2.8500E-01  8.7386E-01 -3.6976E-02  5.3344E-02
  2.8698E-01  8.7306E-01 -3.7668E-02  5.4601E-02
  2.8897E-01  8.7181E-01 -3.8372E-02  5.5890E-02
  2.9098E-01  8.7010E-01 -3.9088E-02  5.7210E-02
  2.9300E-01  8.6793E-01 -3.9816E-02  5.8563E-02
  2.9504E-01  8.6530E-01 -4.0556E-02  5.9950E-02
  2.9709E-01  8.6220E-01 -4.1308E-02  6.1372E-02
  2.9916E-01  8.5864E-01 -4.2072E-02  6.2830E-02
  3.0124E-01  8.5460E-01 -4.2850E-02  6.4324E-02
  3.0333E-01  8.5009E-01 -4.3640E-02  6.5856E-02
  3.0544E-01  8.4510E-01 -4.4442E-02  6.7427E-02
  3.0756E-01  8.3964E-01 -4.5258E-02  6.9037E-02
  3.0970E-01  8.3371E-01 -4.6087E-02  7.0688E-02
  3.1185E-01  8.2729E-01 -4.6930E-02  7.2381E-02
  3.1402E-01  8.2040E-01 -4.7786E-02  7.4117E-02
  3.1620E-01  8.1302E-01 -4.8655E-02  7.5897E-02
  3.1840E-01  8.0517E-01 -4.9538E-02  7.7722E-02
  3.2061E-01  7.9684E-01 -5.0436E-02  7.9594E-02
  3.2284E-01  7.8803E-01 -5.1347E-02  8.1513E-02
  3.2509E-01  7.7874E-01 -5.2272E-02  8.3482E-02
  3.2735E-01  7.6898E-01 -5.3212E-02  8.5501E-02
  3.2962E-01  7.5874E-01 -5.4166E-02  8.7572E-02
  3.3191E-01  7.4802E-01 -5.5135E-02  8.9697E-02
  3.3422E-01  7.3684E-01 -5.6118E-02  9.1876E-02
  3.3654E-01  7.2518E-01 -5.7117E-02  9.4111E-02
  3.3888E-01  7.1306E-01 -5.8130E-02  9.6404E-02
  3.4124E-01  7.0047E-01 -5.9158E-02  9.8756E-02
  3.4361E-01  6.8742E-01 -6.0202E-02  1.0117E-01
  3.4600E-01  6.7391E-01 -6.1260E-02  1.0365E-01
  3.4840E-01  6.5994E-01 -6.2335E-02  1.0619E-01
  3.5082E-01  6.4553E-01 -6.3424E-02  1.0879E-01
  3.5326E-01  6.3067E-01 -6.4530E-02  1.1147E-01
  3.5572E-01  6.1536E-01 -6.5651E-02  1.1421E-01
  3.5819E-01  5.9962E-01 -6.6788E-02  1.1703E-01
  3.6068E-01  5.8345E-01 -6.7940E-02  1.1992E-01
  3.6319E-01  5.6684E-01 -6.9109E-02  1.2288E-01
  3.6571E-01  5.4982E-01 -7.0294E-02  1.2592E-01
  3.6825E-01  5.3238E-01 -7.1494E-02  1.2905E-01
  3.7081E-01  5.1454E-01 -7.2711E-02  1.3225E-01
  3.7339E-01  4.9629E-01 -7.3945E-02  1.3554E-01
  3.7599E-01  4.7764E-01 -7.5194E-02  1.3892E-01
  3.7860E-01  4.5861E-01 -7.6460E-02  1.4238E-01
  3.8123E-01  4.3919E-01 -7.7742E-02  1.4594E-01
  3.8388E-01  4.1940E-01 -7.9040E-02  1.4959E-01
  3.8655E-01  3.9925E-01 -8.0354E-02  1.5334E-01
  3.8924E-01  3.7874E-01 -8.1685E-02  1.5719E-01
  3.9194E-01  3.5787E-01 -8.3032E-02  1.6114E-01
  3.9466E-01  3.3667E-01 -8.4396E-02  1.6520E-01
  3.9741E-01  3.1514E-01 -8.5776E-02  1.6936E-01
  4.0017E-01  2.9329E-01 -8.7172E-02  1.7364E-01
  4.0295E-01  2.7112E-01 -8.8584E-02  1.7803E-01
  4.0575E-01  2.4865E-01 -9.0012E-02  1.8253E-01
  4.0857E-01  2.2589E-01 -9.1456E-02  1.8716E-01
  4.1141E-01  2.0285E-01 -9.2916E-02  1.9191E-01
  4.1427E-01  1.7954E-01 -9.4392E-02  1.9679E-01
  4.1715E-01  1.5597E-01 -9.5883E-02  2.0180E-01
  4.2005E-01  1.3215E-01 -9.7390E-02  2.0695E-01
  4.2297E-01  1.0809E-01 -9.8912E-02  2.1223E-01
  4.2591E-01  8.3800E-02 -1.0045E-01  2.1765E-01
  4.2887E-01  5.9299E-02 -1.0200E-01  2.2322E-01
  4.3185E-01  3.4596E-02 -1.0357E-01  2.2894E-01
  4.3485E-01  9.7022E-03 -1.0515E-01  2.3482E-01
  4.3787E-01 -1.5369E-02 -1.0675E-01  2.4085E-01
  4.4092E-01 -4.0606E-02 -1.0836E-01  2.4705E-01
  4.4398E-01 -6.5996E-02 -1.0998E-01  2.5341E-01
  4.4707E-01 -9.1524E-02 -1.1162E-01  2.5995E-01
  4.5018E-01 -1.1718E-01 -1.1326E-01  2.6666E-01
  4.5330E-01 -1.4295E-01 -1.1493E-01  2.7355E-01
  4.5646E-01 -1.6882E-01 -1.1660E-01  2.8063E-01
  4.5963E-01 -1.9477E-01 -1.1829E-01  2.8790E-01
  4.6282E-01 -2.2080E-01 -1.1999E-01  2.9537E-01
  4.6604E-01 -2.4688E-01 -1.2169E-01  3.0304E-01
  4.6928E-01 -2.7301E-01 -1.2341E-01  3.1092E-01
  4.7254E-01 -2.9916E-01 -1.2514E-01  3.1901E-01
  4.7582E-01 -3.2534E-01 -1.2688E-01  3.2732E-01
  4.7913E-01 -3.5151E-01 -1.2862E-01  3.3585E-01
  4.8246E-01 -3.7767E-01 -1.3038E-01  3.4461E-01
  4.8581E-01 -4.0380E-01 -1.3214E-01  3.5361E-01
  4.8919E-01 -4.2989E-01 -1.3391E-01  3.6286E-01
  4.9259E-01 -4.5592E-01 -1.3568E-01  3.7235E-01
  4.9601E-01 -4.8188E-01 -1.3746E-01  3.8210E-01
  4.9946E-01 -5.0775E-01 -1.3925E-01  3.9211E-01
  5.0293E-01 -5.3352E-01 -1.4103E-01  4.0239E-01
  5.0643E-01 -5.5916E-01 -1.4282E-01  4.1295E-01
  5.0995E-01 -5.8468E-01 -1.4461E-01  4.2379E-01
  5.1349E-01 -6.1005E-01 -1.4640E-01  4.3492E-01
  5.1706E-01 -6.3525E-01 -1.4819E-01  4.4635E-01
  5.2066E-01 -6.6028E-01 -1.4998E-01  4.5808E-01
  5.2427E-01 -6.8511E-01 -1.5177E-01  4.7013E-01
  5.2792E-01 -7.0973E-01 -1.5355E-01  4.8251E-01
  5.3159E-01 -7.3413E-01 -1.5533E-01  4.9521E-01
  5.3528E-01 -7.5828E-01 -1.5710E-01  5.0825E-01
  5.3900E-01 -7.8219E-01 -1.5886E-01  5.2163E-01
  5.4275E-01 -8.0582E-01 -1.6062E-01  5.3537E-01
  5.4652E-01 -8.2917E-01 -1.6236E-01  5.4948E-01
  5.5032E-01 -8.5222E-01 -1.6409E-01  5.6395E-01
  5.5414E-01 -8.7495E-01 -1.6581E-01  5.7881E-01
  5.5799E-01 -8.9736E-01 -1.6751E-01  5.9406E-01
  5.6187E-01 -9.1942E-01 -1.6919E-01  6.0970E-01
  5.6578E-01 -9.4112E-01 -1.7086E-01  6.2576E-01
  5.6971E-01 -9.6245E-01 -1.7250E-01  6.4223E-01
  5.7367E-01 -9.8339E-01 -1.7413E-01  6.5914E-01
  5.7766E-01 -1.0039E+00 -1.7572E-01  6.7647E-01
  5.8167E-01 -1.0240E+00 -1.7729E-01  6.9426E-01
  5.8571E-01 -1.0437E+00 -1.7883E-01  7.1250E-01
  5.8978E-01 -1.0630E+00 -1.8035E-01  7.3121E-01
  5.9388E-01 -1.0818E+00 -1.8182E-01  7.5040E-01
  5.9801E-01 -1.1001E+00 -1.8326E-01  7.7007E-01
  6.0217E-01 -1.1179E+00 -1.8467E-01  7.9025E-01
  6.0635E-01 -1.1352E+00 -1.8603E-01  8.1093E-01
  6.1057E-01 -1.1520E+00 -1.8735E-01  8.3212E-01
  6.1481E-01 -1.1683E+00 -1.8862E-01  8.5385E-01
  6.1908E-01 -1.1840E+00 -1.8985E-01  8.7611E-01
  6.2339E-01 -1.1992E+00 -1.9102E-01  8.9893E-01
  6.2772E-01 -1.2139E+00 -1.9214E-01  9.2230E-01
  6.3208E-01 -1.2279E+00 -1.9320E-01  9.4624E-01
  6.3647E-01 -1.2414E+00 -1.9419E-01  9.7077E-01
  6.4090E-01 -1.2543E+00 -1.9513E-01  9.9588E-01
  6.4535E-01 -1.2665E+00 -1.9600E-01  1.0216E+00
  6.4984E-01 -1.2781E+00 -1.9679E-01  1.0479E+00
  6.5435E-01 -1.2891E+00 -1.9751E-01  1.0749E+00
  6.5890E-01 -1.2995E+00 -1.9816E-01  1.1024E+00
  6.6348E-01 -1.3092E+00 -1.9872E-01  1.1306E+00
  6.6809E-01 -1.3182E+00 -1.9919E-01  1.1595E+00
  6.7273E-01 -1.3266E+00 -1.9958E-01  1.1890E+00
  6.7741E-01 -1.3343E+00 -1.9987E-01  1.2192E+00
  6.8212E-01 -1.3413E+00 -2.0006E-01  1.2501E+00
  6.8686E-01 -1.3476E+00 -2.0015E-01  1.2816E+00
  6.9163E-01 -1.3531E+00 -2.0014E-01  1.3138E+00
  6.9644E-01 -1.3580E+00 -2.0001E-01  1.3468E+00
  7.0128E-01 -1.3621E+00 -1.9977E-01  1.3804E+00
  7.0615E-01 -1.3656E+00 -1.9940E-01  1.4148E+00
  7.1106E-01 -1.3682E+00 -1.9891E-01  1.4498E+00
  7.1600E-01 -1.3702E+00 -1.9829E-01  1.4856E+00
  7.2098E-01 -1.3713E+00 -1.9754E-01  1.5221E+00
  7.2599E-01 -1.3718E+00 -1.9664E-01  1.5594E+00
  7.3103E-01 -1.3714E+00 -1.9560E-01  1.5974E+00
  7.3612E-01 -1.3703E+00 -1.9440E-01  1.6361E+00
  7.4123E-01 -1.3685E+00 -1.9305E-01  1.6755E+00
  7.4638E-01 -1.3658E+00 -1.9153E-01  1.7157E+00
  7.5157E-01 -1.3624E+00 -1.8985E-01  1.7567E+00
  7.5679E-01 -1.3582E+00 -1.8799E-01  1.7983E+00
  7.6205E-01 -1.3532E+00 -1.8595E-01  1.8408E+00
  7.6735E-01 -1.3474E+00 -1.8372E-01  1.8839E+00
  7.7268E-01 -1.3409E+00 -1.8130E-01  1.9278E+00
  7.7805E-01 -1.3335E+00 -1.7869E-01  1.9724E+00
  7.8346E-01 -1.3254E+00 -1.7586E-01  2.0177E+00
  7.8890E-01 -1.3165E+00 -1.7282E-01  2.0637E+00
  7.9439E-01 -1.3068E+00 -1.6957E-01  2.1104E+00
  7.9991E-01 -1.2963E+00 -1.6608E-01  2.1578E+00
  8.0547E-01 -1.2850E+00 -1.6237E-01  2.2059E+00
  8.1106E-01 -1.2729E+00 -1.5841E-01  2.2546E+00
  8.1670E-01 -1.2600E+00 -1.5421E-01  2.3039E+00
  8.2238E-01 -1.2464E+00 -1.4976E-01  2.3539E+00
  8.2809E-01 -1.2320E+00 -1.4504E-01  2.4045E+00
  8.3385E-01 -1.2168E+00 -1.4006E-01  2.4557E+00
  8.3964E-01 -1.2008E+00 -1.3480E-01  2.5074E+00
  8.4548E-01 -1.1841E+00 -1.2926E-01  2.5596E+00
  8.5135E-01 -1.1665E+00 -1.2342E-01  2.6123E+00
  8.5727E-01 -1.1483E+00 -1.1729E-01  2.6655E+00
  8.6323E-01 -1.1293E+00 -1.1086E-01  2.7191E+00
  8.6923E-01 -1.1095E+00 -1.0411E-01  2.7731E+00
  8.7527E-01 -1.0890E+00 -9.7036E-02  2.8275E+00
  8.8135E-01 -1.0677E+00 -8.9638E-02  2.8822E+00
  8.8748E-01 -1.0457E+00 -8.1903E-02  2.9371E+00
  8.9364E-01 -1.0230E+00 -7.3825E-02  2.9923E+00
  8.9986E-01 -9.9961E-01 -6.5396E-02  3.0476E+00
  9.0611E-01 -9.7549E-01 -5.6608E-02  3.1030E+00
  9.1241E-01 -9.5068E-01 -4.7453E-02  3.1585E+00
  9.1875E-01 -9.2517E-01 -3.7924E-02  3.2140E+00
  9.2513E-01 -8.9899E-01 -2.8014E-02  3.2694E+00
  9.3156E-01 -8.7214E-01 -1.7714E-02  3.3247E+00
  9.3804E-01 -8.4463E-01 -7.0185E-03  3.3797E+00
  9.4455E-01 -8.1648E-01  4.0810E-03  3.4345E+00
  9.5112E-01 -7.8769E-01  1.5591E-02  3.4890E+00
  9.5773E-01 -7.5828E-01  2.7519E-02  3.5430E+00
  9.6439E-01 -7.2826E-01  3.9872E-02  3.5965E+00
  9.7109E-01 -6.9763E-01  5.2657E-02  3.6493E+00
  9.7784E-01 -6.6642E-01  6.5879E-02  3.7015E+00
  9.8463E-01 -6.3464E-01  7.9546E-02  3.7529E+00
  9.9147E-01 -6.0230E-01  9.3664E-02  3.8035E+00
  9.9837E-01 -5.6941E-01  1.0824E-01  3.8530E+00
  1.0053E+00 -5.3598E-01  1.2328E-01  3.9015E+00
  1.0123E+00 -5.0204E-01  1.3878E-01  3.9487E+00
  1.0193E+00 -4.6760E-01  1.5476E-01  3.9947E+00
  1.0264E+00 -4.3267E-01  1.7121E-01  4.0393E+00
  1.0335E+00 -3.9727E-01  1.8815E-01  4.0823E+00
  1.0407E+00 -3.6141E-01  2.0557E-01  4.1237E+00
  1.0480E+00 -3.2510E-01  2.2349E-01  4.1633E+00
  1.0552E+00 -2.8838E-01  2.4189E-01  4.2011E+00
  1.0626E+00 -2.5125E-01  2.6080E-01  4.2368E+00
  1.0700E+00 -2.1372E-01  2.8020E-01  4.2704E+00
  1.0774E+00 -1.7583E-01  3.0011E-01  4.3018E+00
  1.0849E+00 -1.3757E-01  3.2051E-01  4.3308E+00
  1.0924E+00 -9.8982E-02  3.4142E-01  4.3572E+00
  1.1000E+00 -6.0071E-02  3.6284E-01  4.3811E+00
  1.1077E+00 -2.0858E-02  3.8475E-01  4.4021E+00
  1.1154E+00  1.8638E-02  4.0717E-01  4.4202E+00
  1.1231E+00  5.8399E-02  4.3010E-01  4.4354E+00
  1.1309E+00  9.8405E-02  4.5352E-01  4.4473E+00
  1.1388E+00  1.3864E-01  4.7744E-01  4.4560E+00
  1.1467E+00  1.7908E-01  5.0185E-01  4.4612E+00
  1.1547E+00  2.1970E-01  5.2675E-01  4.4629E+00
  1.1627E+00  2.6050E-01  5.5213E-01  4.4610E+00
  1.1708E+00  3.0144E-01  5.7799E-01  4.4553E+00
  1.1789E+00  3.4251E-01  6.0432E-01  4.4457E+00
  1.1871E+00  3.8369E-01  6.3112E-01  4.4321E+00
  1.1953E+00  4.2495E-01  6.5837E-01  4.4145E+00
  1.2036E+00  4.6628E-01  6.8606E-01  4.3926E+00
  1.2120E+00  5.0765E-01  7.1420E-01  4.3665E+00
  1.2204E+00  5.4904E-01  7.4275E-01  4.3360E+00
  1.2289E+00  5.9044E-01  7.7172E-01  4.3011E+00
  1.2375E+00  6.3182E-01  8.0108E-01  4.2617E+00
  1.2461E+00  6.7315E-01  8.3083E-01  4.2177E+00
  1.2547E+00  7.1443E-01  8.6095E-01  4.1691E+00
  1.2634E+00  7.5562E-01  8.9141E-01  4.1159E+00
  1.2722E+00  7.9670E-01  9.2222E-01  4.0580E+00
  1.2811E+00  8.3766E-01  9.5333E-01  3.9955E+00
  1.2900E+00  8.7846E-01  9.8475E-01  3.9283E+00
  1.2989E+00  9.1909E-01  1.0164E+00  3.8564E+00
  1.3079E+00  9.5953E-01  1.0484E+00  3.7799E+00
  1.3170E+00  9.9975E-01  1.0805E+00  3.6988E+00
  1.3262E+00  1.0397E+00  1.1129E+00  3.6131E+00
  1.3354E+00  1.0794E+00  1.1455E+00  3.5230E+00
  1.3447E+00  1.1189E+00  1.1782E+00  3.4286E+00
  1.3540E+00  1.1580E+00  1.2110E+00  3.3299E+00
  1.3634E+00  1.1968E+00  1.2439E+00  3.2270E+00
  1.3729E+00  1.2352E+00  1.2769E+00  3.1202E+00
  1.3825E+00  1.2733E+00  1.3099E+00  3.0095E+00
  1.3921E+00  1.3109E+00  1.3429E+00  2.8952E+00
  1.4017E+00  1.3482E+00  1.3759E+00  2.7775E+00
  1.4115E+00  1.3850E+00  1.4088E+00  2.6566E+00
  1.4213E+00  1.4213E+00  1.4416E+00  2.5326E+00
  1.4312E+00  1.4571E+00  1.4743E+00  2.4059E+00
  1.4411E+00  1.4924E+00  1.5068E+00  2.2768E+00
  1.4511E+00  1.5272E+00  1.5390E+00  2.1456E+00
  1.4612E+00  1.5614E+00  1.5710E+00  2.0124E+00
  1.4714E+00  1.5950E+00  1.6028E+00  1.8778E+00
  1.4816E+00  1.6281E+00  1.6341E+00  1.7420E+00
  1.4919E+00  1.6605E+00  1.6651E+00  1.6054E+00
  1.5023E+00  1.6922E+00  1.6957E+00  1.4684E+00
  1.5127E+00  1.7232E+00  1.7258E+00  1.3314E+00
  1.5232E+00  1.7536E+00  1.7554E+00  1.1948E+00
  1.5338E+00  1.7832E+00  1.7844E+00  1.0590E+00
  1.5445E+00  1.8121E+00  1.8129E+00  9.2448E-01
  1.5552E+00  1.8403E+00  1.8407E+00  7.9164E-01
  1.5660E+00  1.8676E+00  1.8678E+00  6.6096E-01
  1.5769E+00  1.8941E+00  1.8942E+00  5.3289E-01
  1.5878E+00  1.9198E+00  1.9199E+00  4.0792E-01
  1.5989E+00  1.9447E+00  1.9447E+00  2.8650E-01
  1.6100E+00  1.9686E+00  1.9686E+00  1.7705E-01
  1.6212E+00  1.9917E+00  1.9917E+00  1.2416E-01
  1.6324E+00  2.0139E+00  2.0139E+00  8.1267E-02
  1.6438E+00  2.0351E+00  2.0351E+00  3.7662E-02
  1.6552E+00  2.0553E+00  2.0553E+00 -5.4812E-03
  1.6667E+00  2.0746E+00  2.0746E+00 -4.7981E-02
  1.6783E+00  2.0929E+00  2.0929E+00 -8.9659E-02
  1.6900E+00  2.1101E+00  2.1101E+00 -1.3034E-01
  1.7017E+00  2.1263E+00  2.1263E+00 -1.6986E-01
  1.7135E+00  2.1415E+00  2.1415E+00 -2.0804E-01
  1.7254E+00  2.1555E+00  2.1555E+00 -2.4474E-01
  1.7374E+00  2.1685E+00  2.1685E+00 -2.7980E-01
  1.7495E+00  2.1804E+00  2.1804E+00 -3.1309E-01
  1.7617E+00  2.1911E+00  2.1911E+00 -3.4446E-01
  1.7739E+00  2.2007E+00  2.2007E+00 -3.7380E-01
  1.7862E+00  2.2091E+00  2.2091E+00 -4.0099E-01
  1.7986E+00  2.2163E+00  2.2163E+00 -4.2594E-01
  1.8111E+00  2.2224E+00  2.2224E+00 -4.4855E-01
  1.8237E+00  2.2272E+00  2.2272E+00 -4.6875E-01
  1.8364E+00  2.2308E+00  2.2308E+00 -4.8646E-01
  1.8492E+00  2.2331E+00  2.2331E+00 -5.0165E-01
  1.8620E+00  2.2342E+00  2.2342E+00 -5.1426E-01
  1.8750E+00  2.2340E+00  2.2340E+00 -5.2429E-01
  1.8880E+00  2.2325E+00  2.2325E+00 -5.3172E-01
  1.9011E+00  2.2297E+00  2.2297E+00 -5.3655E-01
  1.9143E+00  2.2257E+00  2.2257E+00 -5.3881E-01
  1.9276E+00  2.2202E+00  2.2202E+00 -5.3853E-01
  1.9410E+00  2.2135E+00  2.2135E+00 -5.3577E-01
  1.9545E+00  2.2054E+00  2.2054E+00 -5.3059E-01
  1.9681E+00  2.1960E+00  2.1960E+00 -5.2307E-01
  1.9818E+00  2.1852E+00  2.1852E+00 -5.1332E-01
  1.9955E+00  2.1730E+00  2.1730E+00 -5.0143E-01
  2.0094E+00  2.1595E+00  2.1595E+00 -4.8754E-01
  2.0234E+00  2.1446E+00  2.1446E+00 -4.7179E-01
  2.0374E+00  2.1283E+00  2.1283E+00 -4.5432E-01
  2.0516E+00  2.1106E+00  2.1106E+00 -4.3531E-01
  2.0658E+00  2.0915E+00  2.0915E+00 -4.1493E-01
  2.0802E+00  2.0710E+00  2.0710E+00 -3.9335E-01
  2.0947E+00  2.0491E+00  2.0491E+00 -3.7079E-01
  2.1092E+00  2.0257E+00  2.0257E+00 -3.4744E-01
  2.1239E+00  2.0010E+00  2.0010E+00 -3.2351E-01
  2.1386E+00  1.9749E+00  1.9749E+00 -2.9921E-01
  2.1535E+00  1.9474E+00  1.9474E+00 -2.7476E-01
  2.1685E+00  1.9184E+00  1.9184E+00 -2.5038E-01
  2.1835E+00  1.8881E+00  1.8881E+00 -2.2627E-01
  2.1987E+00  1.8564E+00  1.8564E+00 -2.0264E-01
  2.2140E+00  1.8232E+00  1.8232E+00 -1.7971E-01
  2.2294E+00  1.7887E+00  1.7887E+00 -1.5766E-01
  2.2449E+00  1.7528E+00  1.7528E+00 -1.3666E-01
  2.2605E+00  1.7155E+00  1.7155E+00 -1.1689E-01
  2.2762E+00  1.6769E+00  1.6769E+00 -9.8494E-02
  2.2920E+00  1.6369E+00  1.6369E+00 -8.1588E-02
  2.3079E+00  1.5955E+00  1.5955E+00 -6.6275E-02
  2.3240E+00  1.5529E+00  1.5529E+00 -5.2627E-02
  2.3401E+00  1.5089E+00  1.5089E+00 -4.0686E-02
  2.3564E+00  1.4636E+00  1.4636E+00 -3.0461E-02
  2.3727E+00  1.4170E+00  1.4170E+00 -2.1929E-02
  2.3892E+00  1.3691E+00  1.3691E+00 -1.5028E-02
  2.4058E+00  1.3200E+00  1.3200E+00 -9.6641E-03
  2.4226E+00  1.2696E+00  1.2696E+00 -5.7036E-03
  2.4394E+00  1.2180E+00  1.2180E+00 -2.9793E-03
  2.4563E+00  1.1653E+00  1.1653E+00 -1.2907E-03
  2.4734E+00  1.1113E+00  1.1113E+00 -4.0791E-04
  2.4906E+00  1.0562E+00  1.0562E+00 -7.6816E-05
  2.5079E+00  1.0000E+00  1.0000E+00  0.0000E+00
  2.5253E+00  9.4269E-01  9.4269E-01  0.0000E+00
  2.5429E+00  8.8431E-01  8.8431E-01  0.0000E+00
  2.5606E+00  8.2489E-01  8.2489E-01  0.0000E+00
  2.5784E+00  7.6447E-01  7.6447E-01  0.0000E+00
  2.5963E+00  7.0307E-01  7.0307E-01  0.0000E+00
  2.6143E+00  6.4073E-01  6.4073E-01  0.0000E+00
  2.6325E+00  5.7749E-01  5.7749E-01  0.0000E+00
  2.6508E+00  5.1339E-01  5.1339E-01  0.0000E+00
  2.6692E+00  4.4845E-01  4.4845E-01  0.0000E+00
  2.6877E+00  3.8273E-01  3.8273E-01  0.0000E+00
  2.7064E+00  3.1626E-01  3.1626E-01  0.0000E+00
  2.7252E+00  2.4908E-01  2.4908E-01  0.0000E+00
  2.7442E+00  1.8125E-01  1.8125E-01  0.0000E+00
  2.7632E+00  1.1281E-01  1.1281E-01  0.0000E+00
  2.7824E+00  4.3804E-02  4.3804E-02  0.0000E+00
  2.8018E+00 -2.5716E-02 -2.5716E-02  0.0000E+00
  2.8212E+00 -9.5699E-02 -9.5699E-02  0.0000E+00
  2.8409E+00 -1.6609E-01 -1.6609E-01  0.0000E+00
  2.8606E+00 -2.3684E-01 -2.3684E-01  0.0000E+00
  2.8805E+00 -3.0789E-01 -3.0789E-01  0.0000E+00
  2.9005E+00 -3.7917E-01 -3.7917E-01  0.0000E+00
  2.9206E+00 -4.5064E-01 -4.5064E-01  0.0000E+00
  2.9409E+00 -5.2223E-01 -5.2223E-01  0.0000E+00
  2.9614E+00 -5.9387E-01 -5.9387E-01  0.0000E+00
  2.9820E+00 -6.6551E-01 -6.6551E-01  0.0000E+00
  3.0027E+00 -7.3707E-01 -7.3707E-01  0.0000E+00
  3.0235E+00 -8.0850E-01 -8.0850E-01  0.0000E+00
  3.0446E+00 -8.7971E-01 -8.7971E-01  0.0000E+00
  3.0657E+00 -9.5064E-01 -9.5064E-01  0.0000E+00
  3.0870E+00 -1.0212E+00 -1.0212E+00  0.0000E+00
  3.1085E+00 -1.0914E+00 -1.0914E+00  0.0000E+00
  3.1301E+00 -1.1610E+00 -1.1610E+00  0.0000E+00
  3.1518E+00 -1.2301E+00 -1.2301E+00  0.0000E+00
  3.1737E+00 -1.2984E+00 -1.2984E+00  0.0000E+00
  3.1958E+00 -1.3661E+00 -1.3661E+00  0.0000E+00
  3.2180E+00 -1.4329E+00 -1.4329E+00  0.0000E+00
  3.2404E+00 -1.4989E+00 -1.4989E+00  0.0000E+00
  3.2629E+00 -1.5638E+00 -1.5638E+00  0.0000E+00
  3.2856E+00 -1.6277E+00 -1.6277E+00  0.0000E+00
  3.3084E+00 -1.6903E+00 -1.6903E+00  0.0000E+00
  3.3314E+00 -1.7518E+00 -1.7518E+00  0.0000E+00
  3.3545E+00 -1.8119E+00 -1.8119E+00  0.0000E+00
  3.3778E+00 -1.8706E+00 -1.8706E+00  0.0000E+00
  3.4013E+00 -1.9277E+00 -1.9277E+00  0.0000E+00
  3.4249E+00 -1.9833E+00 -1.9833E+00  0.0000E+00
  3.4487E+00 -2.0371E+00 -2.0371E+00  0.0000E+00
  3.4727E+00 -2.0891E+00 -2.0891E+00  0.0000E+00
  3.4968E+00 -2.1393E+00 -2.1393E+00  0.0000E+00
  3.5211E+00 -2.1874E+00 -2.1874E+00  0.0000E+00
  3.5456E+00 -2.2335E+00 -2.2335E+00  0.0000E+00
