 # l=           0 basis function with energy    -4.41487602972457     
  0.0000E+00  0.0000E+00  0.0000E+00  0.0000E+00
  4.8884E-07 -5.6454E-04  9.3099E-07  1.2802E-06
  9.8109E-07 -9.0892E-04  1.8685E-06  2.5694E-06
  1.4768E-06 -1.2021E-03  2.8126E-06  3.8676E-06
  1.9760E-06 -1.4668E-03  3.7633E-06  5.1749E-06
  2.4787E-06 -1.7122E-03  4.7206E-06  6.4913E-06
  2.9848E-06 -1.9439E-03  5.6847E-06  7.8170E-06
  3.4946E-06 -2.1650E-03  6.6555E-06  9.1519E-06
  4.0079E-06 -2.3776E-03  7.6331E-06  1.0496E-05
  4.5248E-06 -2.5830E-03  8.6175E-06  1.1850E-05
  5.0453E-06 -2.7824E-03  9.6089E-06  1.3213E-05
  5.5695E-06 -2.9768E-03  1.0607E-05  1.4586E-05
  6.0973E-06 -3.1667E-03  1.1612E-05  1.5968E-05
  6.6289E-06 -3.3527E-03  1.2625E-05  1.7360E-05
  7.1642E-06 -3.5352E-03  1.3644E-05  1.8762E-05
  7.7032E-06 -3.7147E-03  1.4671E-05  2.0174E-05
  8.2460E-06 -3.8915E-03  1.5704E-05  2.1595E-05
  8.7925E-06 -4.0657E-03  1.6745E-05  2.3027E-05
  9.3430E-06 -4.2378E-03  1.7794E-05  2.4468E-05
  9.8972E-06 -4.4078E-03  1.8849E-05  2.5920E-05
  1.0455E-05 -4.5759E-03  1.9912E-05  2.7382E-05
  1.1017E-05 -4.7423E-03  2.0983E-05  2.8853E-05
  1.1583E-05 -4.9072E-03  2.2061E-05  3.0336E-05
  1.2153E-05 -5.0707E-03  2.3146E-05  3.1828E-05
  1.2727E-05 -5.2328E-03  2.4239E-05  3.3332E-05
  1.3305E-05 -5.3937E-03  2.5340E-05  3.4845E-05
  1.3887E-05 -5.5535E-03  2.6449E-05  3.6370E-05
  1.4473E-05 -5.7122E-03  2.7565E-05  3.7904E-05
  1.5064E-05 -5.8700E-03  2.8689E-05  3.9450E-05
  1.5658E-05 -6.0269E-03  2.9821E-05  4.1007E-05
  1.6257E-05 -6.1830E-03  3.0961E-05  4.2574E-05
  1.6859E-05 -6.3383E-03  3.2108E-05  4.4152E-05
  1.7466E-05 -6.4930E-03  3.3264E-05  4.5742E-05
  1.8077E-05 -6.6469E-03  3.4428E-05  4.7342E-05
  1.8693E-05 -6.8003E-03  3.5600E-05  4.8954E-05
  1.9312E-05 -6.9530E-03  3.6781E-05  5.0577E-05
  1.9937E-05 -7.1053E-03  3.7969E-05  5.2212E-05
  2.0565E-05 -7.2571E-03  3.9166E-05  5.3858E-05
  2.1198E-05 -7.4084E-03  4.0372E-05  5.5515E-05
  2.1835E-05 -7.5593E-03  4.1585E-05  5.7184E-05
  2.2477E-05 -7.7099E-03  4.2808E-05  5.8865E-05
  2.3123E-05 -7.8601E-03  4.4038E-05  6.0557E-05
  2.3774E-05 -8.0100E-03  4.5278E-05  6.2262E-05
  2.4429E-05 -8.1596E-03  4.6526E-05  6.3978E-05
  2.5089E-05 -8.3089E-03  4.7783E-05  6.5706E-05
  2.5754E-05 -8.4581E-03  4.9048E-05  6.7447E-05
  2.6423E-05 -8.6069E-03  5.0323E-05  6.9199E-05
  2.7097E-05 -8.7556E-03  5.1606E-05  7.0964E-05
  2.7776E-05 -8.9042E-03  5.2899E-05  7.2741E-05
  2.8459E-05 -9.0526E-03  5.4200E-05  7.4531E-05
  2.9147E-05 -9.2008E-03  5.5511E-05  7.6333E-05
  2.9840E-05 -9.3490E-03  5.6831E-05  7.8148E-05
  3.0538E-05 -9.4970E-03  5.8160E-05  7.9976E-05
  3.1241E-05 -9.6450E-03  5.9498E-05  8.1816E-05
  3.1948E-05 -9.7929E-03  6.0846E-05  8.3669E-05
  3.2661E-05 -9.9408E-03  6.2203E-05  8.5535E-05
  3.3379E-05 -1.0089E-02  6.3569E-05  8.7415E-05
  3.4101E-05 -1.0237E-02  6.4946E-05  8.9307E-05
  3.4829E-05 -1.0384E-02  6.6332E-05  9.1213E-05
  3.5562E-05 -1.0532E-02  6.7727E-05  9.3132E-05
  3.6299E-05 -1.0680E-02  6.9132E-05  9.5064E-05
  3.7043E-05 -1.0828E-02  7.0548E-05  9.7010E-05
  3.7791E-05 -1.0976E-02  7.1973E-05  9.8970E-05
  3.8544E-05 -1.1124E-02  7.3408E-05  1.0094E-04
  3.9303E-05 -1.1272E-02  7.4853E-05  1.0293E-04
  4.0067E-05 -1.1420E-02  7.6308E-05  1.0493E-04
  4.0837E-05 -1.1569E-02  7.7774E-05  1.0695E-04
  4.1612E-05 -1.1717E-02  7.9249E-05  1.0898E-04
  4.2392E-05 -1.1866E-02  8.0735E-05  1.1102E-04
  4.3178E-05 -1.2014E-02  8.2232E-05  1.1308E-04
  4.3969E-05 -1.2163E-02  8.3739E-05  1.1515E-04
  4.4766E-05 -1.2312E-02  8.5256E-05  1.1724E-04
  4.5568E-05 -1.2461E-02  8.6784E-05  1.1934E-04
  4.6376E-05 -1.2611E-02  8.8323E-05  1.2145E-04
  4.7190E-05 -1.2760E-02  8.9873E-05  1.2358E-04
  4.8009E-05 -1.2910E-02  9.1433E-05  1.2573E-04
  4.8834E-05 -1.3060E-02  9.3005E-05  1.2789E-04
  4.9665E-05 -1.3210E-02  9.4587E-05  1.3007E-04
  5.0502E-05 -1.3360E-02  9.6180E-05  1.3226E-04
  5.1344E-05 -1.3510E-02  9.7785E-05  1.3446E-04
  5.2193E-05 -1.3661E-02  9.9401E-05  1.3669E-04
  5.3047E-05 -1.3812E-02  1.0103E-04  1.3892E-04
  5.3907E-05 -1.3963E-02  1.0267E-04  1.4118E-04
  5.4774E-05 -1.4115E-02  1.0432E-04  1.4345E-04
  5.5646E-05 -1.4266E-02  1.0598E-04  1.4573E-04
  5.6525E-05 -1.4418E-02  1.0765E-04  1.4803E-04
  5.7410E-05 -1.4570E-02  1.0934E-04  1.5035E-04
  5.8300E-05 -1.4723E-02  1.1103E-04  1.5268E-04
  5.9198E-05 -1.4876E-02  1.1274E-04  1.5503E-04
  6.0101E-05 -1.5029E-02  1.1446E-04  1.5740E-04
  6.1011E-05 -1.5182E-02  1.1620E-04  1.5978E-04
  6.1927E-05 -1.5336E-02  1.1794E-04  1.6218E-04
  6.2850E-05 -1.5490E-02  1.1970E-04  1.6460E-04
  6.3779E-05 -1.5644E-02  1.2147E-04  1.6703E-04
  6.4714E-05 -1.5798E-02  1.2325E-04  1.6948E-04
  6.5656E-05 -1.5953E-02  1.2504E-04  1.7195E-04
  6.6605E-05 -1.6109E-02  1.2685E-04  1.7443E-04
  6.7560E-05 -1.6264E-02  1.2867E-04  1.7693E-04
  6.8522E-05 -1.6420E-02  1.3050E-04  1.7945E-04
  6.9491E-05 -1.6576E-02  1.3235E-04  1.8199E-04
  7.0467E-05 -1.6733E-02  1.3420E-04  1.8454E-04
  7.1449E-05 -1.6890E-02  1.3607E-04  1.8712E-04
  7.2438E-05 -1.7047E-02  1.3796E-04  1.8971E-04
  7.3434E-05 -1.7205E-02  1.3986E-04  1.9232E-04
  7.4438E-05 -1.7363E-02  1.4177E-04  1.9494E-04
  7.5448E-05 -1.7521E-02  1.4369E-04  1.9759E-04
  7.6465E-05 -1.7680E-02  1.4563E-04  2.0025E-04
  7.7489E-05 -1.7839E-02  1.4758E-04  2.0294E-04
  7.8521E-05 -1.7999E-02  1.4954E-04  2.0564E-04
  7.9560E-05 -1.8159E-02  1.5152E-04  2.0836E-04
  8.0606E-05 -1.8319E-02  1.5351E-04  2.1110E-04
  8.1659E-05 -1.8480E-02  1.5552E-04  2.1386E-04
  8.2720E-05 -1.8641E-02  1.5754E-04  2.1663E-04
  8.3788E-05 -1.8802E-02  1.5957E-04  2.1943E-04
  8.4864E-05 -1.8964E-02  1.6162E-04  2.2225E-04
  8.5947E-05 -1.9127E-02  1.6369E-04  2.2509E-04
  8.7038E-05 -1.9290E-02  1.6576E-04  2.2794E-04
  8.8136E-05 -1.9453E-02  1.6786E-04  2.3082E-04
  8.9242E-05 -1.9617E-02  1.6996E-04  2.3372E-04
  9.0356E-05 -1.9781E-02  1.7208E-04  2.3663E-04
  9.1478E-05 -1.9945E-02  1.7422E-04  2.3957E-04
  9.2607E-05 -2.0110E-02  1.7637E-04  2.4253E-04
  9.3745E-05 -2.0276E-02  1.7854E-04  2.4551E-04
  9.4890E-05 -2.0442E-02  1.8072E-04  2.4851E-04
  9.6044E-05 -2.0608E-02  1.8292E-04  2.5153E-04
  9.7205E-05 -2.0775E-02  1.8513E-04  2.5457E-04
  9.8375E-05 -2.0942E-02  1.8736E-04  2.5763E-04
  9.9553E-05 -2.1110E-02  1.8960E-04  2.6072E-04
  1.0074E-04 -2.1278E-02  1.9186E-04  2.6382E-04
  1.0193E-04 -2.1447E-02  1.9413E-04  2.6695E-04
  1.0314E-04 -2.1616E-02  1.9642E-04  2.7010E-04
  1.0435E-04 -2.1786E-02  1.9873E-04  2.7327E-04
  1.0557E-04 -2.1956E-02  2.0105E-04  2.7647E-04
  1.0680E-04 -2.2127E-02  2.0339E-04  2.7968E-04
  1.0803E-04 -2.2298E-02  2.0575E-04  2.8292E-04
  1.0928E-04 -2.2470E-02  2.0812E-04  2.8619E-04
  1.1053E-04 -2.2642E-02  2.1051E-04  2.8947E-04
  1.1179E-04 -2.2815E-02  2.1291E-04  2.9278E-04
  1.1307E-04 -2.2988E-02  2.1534E-04  2.9611E-04
  1.1435E-04 -2.3162E-02  2.1777E-04  2.9946E-04
  1.1564E-04 -2.3336E-02  2.2023E-04  3.0284E-04
  1.1694E-04 -2.3511E-02  2.2270E-04  3.0624E-04
  1.1824E-04 -2.3686E-02  2.2520E-04  3.0967E-04
  1.1956E-04 -2.3862E-02  2.2770E-04  3.1312E-04
  1.2089E-04 -2.4039E-02  2.3023E-04  3.1659E-04
  1.2222E-04 -2.4215E-02  2.3277E-04  3.2009E-04
  1.2357E-04 -2.4393E-02  2.3533E-04  3.2361E-04
  1.2492E-04 -2.4571E-02  2.3791E-04  3.2716E-04
  1.2629E-04 -2.4750E-02  2.4051E-04  3.3073E-04
  1.2766E-04 -2.4929E-02  2.4313E-04  3.3432E-04
  1.2904E-04 -2.5108E-02  2.4576E-04  3.3795E-04
  1.3043E-04 -2.5289E-02  2.4841E-04  3.4159E-04
  1.3184E-04 -2.5469E-02  2.5108E-04  3.4527E-04
  1.3325E-04 -2.5651E-02  2.5377E-04  3.4896E-04
  1.3467E-04 -2.5833E-02  2.5648E-04  3.5269E-04
  1.3610E-04 -2.6015E-02  2.5921E-04  3.5644E-04
  1.3754E-04 -2.6198E-02  2.6195E-04  3.6021E-04
  1.3900E-04 -2.6382E-02  2.6472E-04  3.6402E-04
  1.4046E-04 -2.6566E-02  2.6751E-04  3.6785E-04
  1.4193E-04 -2.6751E-02  2.7031E-04  3.7170E-04
  1.4341E-04 -2.6937E-02  2.7313E-04  3.7559E-04
  1.4491E-04 -2.7123E-02  2.7598E-04  3.7950E-04
  1.4641E-04 -2.7309E-02  2.7884E-04  3.8344E-04
  1.4793E-04 -2.7497E-02  2.8173E-04  3.8740E-04
  1.4945E-04 -2.7684E-02  2.8463E-04  3.9140E-04
  1.5099E-04 -2.7873E-02  2.8755E-04  3.9542E-04
  1.5253E-04 -2.8062E-02  2.9050E-04  3.9947E-04
  1.5409E-04 -2.8252E-02  2.9347E-04  4.0355E-04
  1.5566E-04 -2.8442E-02  2.9645E-04  4.0765E-04
  1.5724E-04 -2.8633E-02  2.9946E-04  4.1179E-04
  1.5883E-04 -2.8824E-02  3.0249E-04  4.1595E-04
  1.6043E-04 -2.9017E-02  3.0554E-04  4.2015E-04
  1.6204E-04 -2.9209E-02  3.0861E-04  4.2437E-04
  1.6366E-04 -2.9403E-02  3.1170E-04  4.2862E-04
  1.6530E-04 -2.9597E-02  3.1481E-04  4.3290E-04
  1.6695E-04 -2.9792E-02  3.1795E-04  4.3721E-04
  1.6860E-04 -2.9987E-02  3.2111E-04  4.4156E-04
  1.7027E-04 -3.0183E-02  3.2429E-04  4.4593E-04
  1.7196E-04 -3.0379E-02  3.2749E-04  4.5033E-04
  1.7365E-04 -3.0577E-02  3.3072E-04  4.5477E-04
  1.7535E-04 -3.0775E-02  3.3396E-04  4.5923E-04
  1.7707E-04 -3.0973E-02  3.3723E-04  4.6373E-04
  1.7880E-04 -3.1173E-02  3.4053E-04  4.6826E-04
  1.8054E-04 -3.1372E-02  3.4384E-04  4.7282E-04
  1.8229E-04 -3.1573E-02  3.4718E-04  4.7741E-04
  1.8406E-04 -3.1774E-02  3.5054E-04  4.8203E-04
  1.8584E-04 -3.1976E-02  3.5393E-04  4.8669E-04
  1.8763E-04 -3.2179E-02  3.5734E-04  4.9138E-04
  1.8943E-04 -3.2382E-02  3.6077E-04  4.9610E-04
  1.9125E-04 -3.2586E-02  3.6423E-04  5.0086E-04
  1.9308E-04 -3.2791E-02  3.6771E-04  5.0564E-04
  1.9492E-04 -3.2996E-02  3.7122E-04  5.1047E-04
  1.9677E-04 -3.3202E-02  3.7475E-04  5.1532E-04
  1.9864E-04 -3.3409E-02  3.7831E-04  5.2021E-04
  2.0052E-04 -3.3616E-02  3.8189E-04  5.2513E-04
  2.0241E-04 -3.3824E-02  3.8549E-04  5.3009E-04
  2.0432E-04 -3.4033E-02  3.8912E-04  5.3508E-04
  2.0624E-04 -3.4243E-02  3.9278E-04  5.4011E-04
  2.0817E-04 -3.4453E-02  3.9646E-04  5.4518E-04
  2.1012E-04 -3.4664E-02  4.0017E-04  5.5027E-04
  2.1208E-04 -3.4876E-02  4.0390E-04  5.5541E-04
  2.1405E-04 -3.5088E-02  4.0766E-04  5.6058E-04
  2.1604E-04 -3.5301E-02  4.1145E-04  5.6579E-04
  2.1804E-04 -3.5515E-02  4.1526E-04  5.7103E-04
  2.2006E-04 -3.5729E-02  4.1910E-04  5.7631E-04
  2.2209E-04 -3.5945E-02  4.2297E-04  5.8162E-04
  2.2413E-04 -3.6161E-02  4.2686E-04  5.8698E-04
  2.2619E-04 -3.6377E-02  4.3078E-04  5.9237E-04
  2.2826E-04 -3.6595E-02  4.3473E-04  5.9780E-04
  2.3035E-04 -3.6813E-02  4.3871E-04  6.0327E-04
  2.3245E-04 -3.7032E-02  4.4271E-04  6.0877E-04
  2.3457E-04 -3.7252E-02  4.4674E-04  6.1432E-04
  2.3670E-04 -3.7472E-02  4.5080E-04  6.1990E-04
  2.3885E-04 -3.7693E-02  4.5489E-04  6.2552E-04
  2.4101E-04 -3.7915E-02  4.5901E-04  6.3118E-04
  2.4319E-04 -3.8138E-02  4.6315E-04  6.3688E-04
  2.4538E-04 -3.8361E-02  4.6733E-04  6.4262E-04
  2.4759E-04 -3.8586E-02  4.7153E-04  6.4840E-04
  2.4981E-04 -3.8811E-02  4.7576E-04  6.5423E-04
  2.5205E-04 -3.9036E-02  4.8003E-04  6.6009E-04
  2.5430E-04 -3.9263E-02  4.8432E-04  6.6599E-04
  2.5657E-04 -3.9490E-02  4.8864E-04  6.7194E-04
  2.5886E-04 -3.9718E-02  4.9300E-04  6.7792E-04
  2.6116E-04 -3.9947E-02  4.9738E-04  6.8395E-04
  2.6348E-04 -4.0177E-02  5.0180E-04  6.9002E-04
  2.6581E-04 -4.0407E-02  5.0624E-04  6.9613E-04
  2.6816E-04 -4.0638E-02  5.1072E-04  7.0229E-04
  2.7053E-04 -4.0870E-02  5.1523E-04  7.0849E-04
  2.7291E-04 -4.1103E-02  5.1977E-04  7.1473E-04
  2.7531E-04 -4.1336E-02  5.2434E-04  7.2102E-04
  2.7773E-04 -4.1571E-02  5.2894E-04  7.2735E-04
  2.8017E-04 -4.1806E-02  5.3358E-04  7.3372E-04
  2.8262E-04 -4.2042E-02  5.3824E-04  7.4014E-04
  2.8508E-04 -4.2279E-02  5.4294E-04  7.4661E-04
  2.8757E-04 -4.2516E-02  5.4768E-04  7.5311E-04
  2.9007E-04 -4.2754E-02  5.5245E-04  7.5967E-04
  2.9259E-04 -4.2993E-02  5.5725E-04  7.6627E-04
  2.9513E-04 -4.3233E-02  5.6208E-04  7.7292E-04
  2.9769E-04 -4.3474E-02  5.6695E-04  7.7961E-04
  3.0026E-04 -4.3716E-02  5.7185E-04  7.8635E-04
  3.0285E-04 -4.3958E-02  5.7678E-04  7.9314E-04
  3.0546E-04 -4.4201E-02  5.8176E-04  7.9997E-04
  3.0809E-04 -4.4445E-02  5.8676E-04  8.0686E-04
  3.1074E-04 -4.4690E-02  5.9180E-04  8.1379E-04
  3.1340E-04 -4.4936E-02  5.9688E-04  8.2077E-04
  3.1609E-04 -4.5182E-02  6.0199E-04  8.2780E-04
  3.1879E-04 -4.5430E-02  6.0714E-04  8.3488E-04
  3.2151E-04 -4.5678E-02  6.1232E-04  8.4200E-04
  3.2425E-04 -4.5927E-02  6.1754E-04  8.4918E-04
  3.2701E-04 -4.6177E-02  6.2280E-04  8.5641E-04
  3.2979E-04 -4.6427E-02  6.2809E-04  8.6369E-04
  3.3259E-04 -4.6679E-02  6.3342E-04  8.7102E-04
  3.3541E-04 -4.6931E-02  6.3879E-04  8.7840E-04
  3.3825E-04 -4.7184E-02  6.4419E-04  8.8583E-04
  3.4110E-04 -4.7438E-02  6.4963E-04  8.9331E-04
  3.4398E-04 -4.7693E-02  6.5511E-04  9.0085E-04
  3.4688E-04 -4.7949E-02  6.6063E-04  9.0844E-04
  3.4980E-04 -4.8205E-02  6.6619E-04  9.1608E-04
  3.5274E-04 -4.8463E-02  6.7179E-04  9.2378E-04
  3.5570E-04 -4.8721E-02  6.7743E-04  9.3153E-04
  3.5868E-04 -4.8980E-02  6.8310E-04  9.3933E-04
  3.6168E-04 -4.9240E-02  6.8882E-04  9.4719E-04
  3.6470E-04 -4.9501E-02  6.9457E-04  9.5511E-04
  3.6774E-04 -4.9763E-02  7.0037E-04  9.6308E-04
  3.7081E-04 -5.0025E-02  7.0620E-04  9.7110E-04
  3.7389E-04 -5.0289E-02  7.1208E-04  9.7918E-04
  3.7700E-04 -5.0553E-02  7.1800E-04  9.8732E-04
  3.8013E-04 -5.0818E-02  7.2396E-04  9.9552E-04
  3.8328E-04 -5.1084E-02  7.2996E-04  1.0038E-03
  3.8645E-04 -5.1351E-02  7.3600E-04  1.0121E-03
  3.8965E-04 -5.1619E-02  7.4209E-04  1.0205E-03
  3.9287E-04 -5.1888E-02  7.4822E-04  1.0289E-03
  3.9611E-04 -5.2157E-02  7.5439E-04  1.0374E-03
  3.9937E-04 -5.2428E-02  7.6060E-04  1.0459E-03
  4.0266E-04 -5.2699E-02  7.6686E-04  1.0545E-03
  4.0597E-04 -5.2971E-02  7.7316E-04  1.0632E-03
  4.0930E-04 -5.3244E-02  7.7951E-04  1.0719E-03
  4.1265E-04 -5.3518E-02  7.8590E-04  1.0807E-03
  4.1603E-04 -5.3793E-02  7.9234E-04  1.0895E-03
  4.1944E-04 -5.4069E-02  7.9882E-04  1.0985E-03
  4.2286E-04 -5.4345E-02  8.0534E-04  1.1074E-03
  4.2631E-04 -5.4623E-02  8.1191E-04  1.1165E-03
  4.2979E-04 -5.4901E-02  8.1853E-04  1.1256E-03
  4.3329E-04 -5.5180E-02  8.2520E-04  1.1347E-03
  4.3681E-04 -5.5460E-02  8.3191E-04  1.1440E-03
  4.4036E-04 -5.5741E-02  8.3866E-04  1.1533E-03
  4.4393E-04 -5.6023E-02  8.4547E-04  1.1626E-03
  4.4753E-04 -5.6306E-02  8.5232E-04  1.1720E-03
  4.5115E-04 -5.6590E-02  8.5922E-04  1.1815E-03
  4.5480E-04 -5.6874E-02  8.6617E-04  1.1911E-03
  4.5848E-04 -5.7160E-02  8.7317E-04  1.2007E-03
  4.6218E-04 -5.7446E-02  8.8021E-04  1.2104E-03
  4.6590E-04 -5.7734E-02  8.8731E-04  1.2201E-03
  4.6965E-04 -5.8022E-02  8.9446E-04  1.2300E-03
  4.7343E-04 -5.8311E-02  9.0165E-04  1.2399E-03
  4.7724E-04 -5.8601E-02  9.0890E-04  1.2498E-03
  4.8107E-04 -5.8892E-02  9.1619E-04  1.2599E-03
  4.8493E-04 -5.9184E-02  9.2354E-04  1.2700E-03
  4.8881E-04 -5.9476E-02  9.3094E-04  1.2801E-03
  4.9272E-04 -5.9770E-02  9.3839E-04  1.2904E-03
  4.9666E-04 -6.0064E-02  9.4590E-04  1.3007E-03
  5.0063E-04 -6.0360E-02  9.5345E-04  1.3111E-03
  5.0463E-04 -6.0656E-02  9.6106E-04  1.3216E-03
  5.0865E-04 -6.0953E-02  9.6872E-04  1.3321E-03
  5.1270E-04 -6.1251E-02  9.7644E-04  1.3427E-03
  5.1678E-04 -6.1550E-02  9.8421E-04  1.3534E-03
  5.2089E-04 -6.1850E-02  9.9203E-04  1.3641E-03
  5.2503E-04 -6.2151E-02  9.9991E-04  1.3750E-03
  5.2919E-04 -6.2452E-02  1.0078E-03  1.3859E-03
  5.3339E-04 -6.2755E-02  1.0158E-03  1.3969E-03
  5.3761E-04 -6.3058E-02  1.0239E-03  1.4079E-03
  5.4187E-04 -6.3363E-02  1.0320E-03  1.4191E-03
  5.4615E-04 -6.3668E-02  1.0401E-03  1.4303E-03
  5.5046E-04 -6.3974E-02  1.0484E-03  1.4416E-03
  5.5481E-04 -6.4281E-02  1.0566E-03  1.4530E-03
  5.5918E-04 -6.4589E-02  1.0650E-03  1.4644E-03
  5.6359E-04 -6.4898E-02  1.0734E-03  1.4760E-03
  5.6802E-04 -6.5208E-02  1.0818E-03  1.4876E-03
  5.7249E-04 -6.5519E-02  1.0903E-03  1.4993E-03
  5.7699E-04 -6.5830E-02  1.0989E-03  1.5111E-03
  5.8152E-04 -6.6143E-02  1.1075E-03  1.5229E-03
  5.8608E-04 -6.6456E-02  1.1162E-03  1.5349E-03
  5.9068E-04 -6.6770E-02  1.1249E-03  1.5469E-03
  5.9530E-04 -6.7085E-02  1.1338E-03  1.5590E-03
  5.9996E-04 -6.7401E-02  1.1426E-03  1.5712E-03
  6.0465E-04 -6.7718E-02  1.1516E-03  1.5835E-03
  6.0937E-04 -6.8036E-02  1.1606E-03  1.5959E-03
  6.1413E-04 -6.8355E-02  1.1696E-03  1.6083E-03
  6.1892E-04 -6.8674E-02  1.1787E-03  1.6209E-03
  6.2374E-04 -6.8995E-02  1.1879E-03  1.6335E-03
  6.2860E-04 -6.9316E-02  1.1972E-03  1.6462E-03
  6.3349E-04 -6.9638E-02  1.2065E-03  1.6590E-03
  6.3842E-04 -6.9961E-02  1.2159E-03  1.6719E-03
  6.4338E-04 -7.0285E-02  1.2253E-03  1.6849E-03
  6.4837E-04 -7.0610E-02  1.2348E-03  1.6980E-03
  6.5340E-04 -7.0936E-02  1.2444E-03  1.7112E-03
  6.5847E-04 -7.1263E-02  1.2541E-03  1.7245E-03
  6.6357E-04 -7.1590E-02  1.2638E-03  1.7378E-03
  6.6871E-04 -7.1918E-02  1.2736E-03  1.7513E-03
  6.7388E-04 -7.2248E-02  1.2834E-03  1.7648E-03
  6.7909E-04 -7.2578E-02  1.2933E-03  1.7785E-03
  6.8433E-04 -7.2909E-02  1.3033E-03  1.7922E-03
  6.8961E-04 -7.3240E-02  1.3134E-03  1.8060E-03
  6.9493E-04 -7.3573E-02  1.3235E-03  1.8200E-03
  7.0029E-04 -7.3907E-02  1.3337E-03  1.8340E-03
  7.0568E-04 -7.4241E-02  1.3440E-03  1.8481E-03
  7.1111E-04 -7.4576E-02  1.3543E-03  1.8623E-03
  7.1658E-04 -7.4912E-02  1.3647E-03  1.8767E-03
  7.2209E-04 -7.5249E-02  1.3752E-03  1.8911E-03
  7.2764E-04 -7.5587E-02  1.3858E-03  1.9056E-03
  7.3322E-04 -7.5925E-02  1.3964E-03  1.9202E-03
  7.3885E-04 -7.6265E-02  1.4071E-03  1.9350E-03
  7.4451E-04 -7.6605E-02  1.4179E-03  1.9498E-03
  7.5021E-04 -7.6946E-02  1.4288E-03  1.9647E-03
  7.5596E-04 -7.7288E-02  1.4397E-03  1.9798E-03
  7.6174E-04 -7.7631E-02  1.4507E-03  1.9949E-03
  7.6757E-04 -7.7974E-02  1.4618E-03  2.0102E-03
  7.7343E-04 -7.8318E-02  1.4730E-03  2.0255E-03
  7.7934E-04 -7.8664E-02  1.4842E-03  2.0410E-03
  7.8528E-04 -7.9010E-02  1.4956E-03  2.0566E-03
  7.9127E-04 -7.9356E-02  1.5070E-03  2.0723E-03
  7.9730E-04 -7.9704E-02  1.5185E-03  2.0880E-03
  8.0338E-04 -8.0052E-02  1.5300E-03  2.1040E-03
  8.0949E-04 -8.0401E-02  1.5417E-03  2.1200E-03
  8.1565E-04 -8.0751E-02  1.5534E-03  2.1361E-03
  8.2185E-04 -8.1102E-02  1.5652E-03  2.1523E-03
  8.2810E-04 -8.1453E-02  1.5771E-03  2.1687E-03
  8.3438E-04 -8.1805E-02  1.5891E-03  2.1852E-03
  8.4072E-04 -8.2158E-02  1.6011E-03  2.2017E-03
  8.4709E-04 -8.2512E-02  1.6133E-03  2.2184E-03
  8.5352E-04 -8.2867E-02  1.6255E-03  2.2353E-03
  8.5998E-04 -8.3222E-02  1.6378E-03  2.2522E-03
  8.6650E-04 -8.3578E-02  1.6502E-03  2.2693E-03
  8.7305E-04 -8.3934E-02  1.6627E-03  2.2864E-03
  8.7966E-04 -8.4292E-02  1.6753E-03  2.3037E-03
  8.8631E-04 -8.4650E-02  1.6880E-03  2.3211E-03
  8.9300E-04 -8.5009E-02  1.7007E-03  2.3387E-03
  8.9975E-04 -8.5368E-02  1.7136E-03  2.3563E-03
  9.0654E-04 -8.5729E-02  1.7265E-03  2.3741E-03
  9.1338E-04 -8.6090E-02  1.7395E-03  2.3920E-03
  9.2026E-04 -8.6451E-02  1.7526E-03  2.4101E-03
  9.2720E-04 -8.6814E-02  1.7658E-03  2.4282E-03
  9.3418E-04 -8.7177E-02  1.7791E-03  2.4465E-03
  9.4121E-04 -8.7540E-02  1.7925E-03  2.4649E-03
  9.4829E-04 -8.7905E-02  1.8060E-03  2.4835E-03
  9.5542E-04 -8.8270E-02  1.8196E-03  2.5021E-03
  9.6260E-04 -8.8635E-02  1.8333E-03  2.5209E-03
  9.6983E-04 -8.9001E-02  1.8470E-03  2.5399E-03
  9.7711E-04 -8.9368E-02  1.8609E-03  2.5590E-03
  9.8445E-04 -8.9736E-02  1.8749E-03  2.5782E-03
  9.9183E-04 -9.0104E-02  1.8889E-03  2.5975E-03
  9.9927E-04 -9.0473E-02  1.9031E-03  2.6170E-03
  1.0068E-03 -9.0842E-02  1.9174E-03  2.6366E-03
  1.0143E-03 -9.1212E-02  1.9317E-03  2.6563E-03
  1.0219E-03 -9.1583E-02  1.9462E-03  2.6762E-03
  1.0295E-03 -9.1954E-02  1.9607E-03  2.6962E-03
  1.0372E-03 -9.2326E-02  1.9754E-03  2.7164E-03
  1.0450E-03 -9.2698E-02  1.9902E-03  2.7367E-03
  1.0528E-03 -9.3071E-02  2.0050E-03  2.7571E-03
  1.0607E-03 -9.3444E-02  2.0200E-03  2.7777E-03
  1.0686E-03 -9.3818E-02  2.0351E-03  2.7985E-03
  1.0765E-03 -9.4192E-02  2.0503E-03  2.8194E-03
  1.0846E-03 -9.4567E-02  2.0656E-03  2.8404E-03
  1.0927E-03 -9.4942E-02  2.0810E-03  2.8616E-03
  1.1008E-03 -9.5318E-02  2.0965E-03  2.8829E-03
  1.1090E-03 -9.5695E-02  2.1121E-03  2.9043E-03
  1.1173E-03 -9.6071E-02  2.1278E-03  2.9260E-03
  1.1256E-03 -9.6449E-02  2.1437E-03  2.9477E-03
  1.1339E-03 -9.6826E-02  2.1596E-03  2.9697E-03
  1.1424E-03 -9.7204E-02  2.1757E-03  2.9918E-03
  1.1509E-03 -9.7583E-02  2.1918E-03  3.0140E-03
  1.1594E-03 -9.7962E-02  2.2081E-03  3.0364E-03
  1.1680E-03 -9.8341E-02  2.2245E-03  3.0589E-03
  1.1767E-03 -9.8721E-02  2.2410E-03  3.0816E-03
  1.1854E-03 -9.9101E-02  2.2576E-03  3.1045E-03
  1.1942E-03 -9.9482E-02  2.2744E-03  3.1275E-03
  1.2031E-03 -9.9863E-02  2.2912E-03  3.1507E-03
  1.2120E-03 -1.0024E-01  2.3082E-03  3.1740E-03
  1.2210E-03 -1.0063E-01  2.3253E-03  3.1976E-03
  1.2300E-03 -1.0101E-01  2.3425E-03  3.2212E-03
  1.2391E-03 -1.0139E-01  2.3599E-03  3.2451E-03
  1.2483E-03 -1.0177E-01  2.3773E-03  3.2691E-03
  1.2575E-03 -1.0215E-01  2.3949E-03  3.2933E-03
  1.2668E-03 -1.0254E-01  2.4126E-03  3.3176E-03
  1.2762E-03 -1.0292E-01  2.4304E-03  3.3421E-03
  1.2856E-03 -1.0330E-01  2.4484E-03  3.3668E-03
  1.2951E-03 -1.0369E-01  2.4665E-03  3.3917E-03
  1.3046E-03 -1.0407E-01  2.4847E-03  3.4167E-03
  1.3143E-03 -1.0445E-01  2.5030E-03  3.4419E-03
  1.3240E-03 -1.0484E-01  2.5215E-03  3.4673E-03
  1.3337E-03 -1.0522E-01  2.5401E-03  3.4929E-03
  1.3436E-03 -1.0561E-01  2.5588E-03  3.5186E-03
  1.3534E-03 -1.0599E-01  2.5776E-03  3.5445E-03
  1.3634E-03 -1.0638E-01  2.5966E-03  3.5706E-03
  1.3735E-03 -1.0676E-01  2.6157E-03  3.5969E-03
  1.3836E-03 -1.0715E-01  2.6350E-03  3.6234E-03
  1.3937E-03 -1.0753E-01  2.6544E-03  3.6501E-03
  1.4040E-03 -1.0792E-01  2.6739E-03  3.6769E-03
  1.4143E-03 -1.0830E-01  2.6936E-03  3.7039E-03
  1.4247E-03 -1.0869E-01  2.7134E-03  3.7312E-03
  1.4352E-03 -1.0907E-01  2.7333E-03  3.7586E-03
  1.4457E-03 -1.0945E-01  2.7534E-03  3.7862E-03
  1.4563E-03 -1.0984E-01  2.7736E-03  3.8140E-03
  1.4670E-03 -1.1022E-01  2.7939E-03  3.8420E-03
  1.4778E-03 -1.1061E-01  2.8144E-03  3.8702E-03
  1.4886E-03 -1.1099E-01  2.8351E-03  3.8985E-03
  1.4995E-03 -1.1138E-01  2.8559E-03  3.9271E-03
  1.5105E-03 -1.1176E-01  2.8768E-03  3.9559E-03
  1.5216E-03 -1.1215E-01  2.8979E-03  3.9849E-03
  1.5327E-03 -1.1253E-01  2.9191E-03  4.0141E-03
  1.5440E-03 -1.1291E-01  2.9405E-03  4.0435E-03
  1.5553E-03 -1.1330E-01  2.9620E-03  4.0731E-03
  1.5667E-03 -1.1368E-01  2.9837E-03  4.1029E-03
  1.5781E-03 -1.1406E-01  3.0055E-03  4.1329E-03
  1.5897E-03 -1.1444E-01  3.0275E-03  4.1631E-03
  1.6013E-03 -1.1483E-01  3.0496E-03  4.1936E-03
  1.6130E-03 -1.1521E-01  3.0719E-03  4.2242E-03
  1.6248E-03 -1.1559E-01  3.0944E-03  4.2551E-03
  1.6366E-03 -1.1597E-01  3.1170E-03  4.2862E-03
  1.6486E-03 -1.1635E-01  3.1397E-03  4.3175E-03
  1.6606E-03 -1.1673E-01  3.1627E-03  4.3490E-03
  1.6727E-03 -1.1711E-01  3.1857E-03  4.3807E-03
  1.6850E-03 -1.1749E-01  3.2090E-03  4.4127E-03
  1.6972E-03 -1.1787E-01  3.2324E-03  4.4449E-03
  1.7096E-03 -1.1825E-01  3.2560E-03  4.4773E-03
  1.7221E-03 -1.1863E-01  3.2797E-03  4.5099E-03
  1.7346E-03 -1.1900E-01  3.3036E-03  4.5428E-03
  1.7473E-03 -1.1938E-01  3.3277E-03  4.5759E-03
  1.7600E-03 -1.1975E-01  3.3519E-03  4.6092E-03
  1.7728E-03 -1.2013E-01  3.3763E-03  4.6428E-03
  1.7857E-03 -1.2050E-01  3.4009E-03  4.6766E-03
  1.7987E-03 -1.2088E-01  3.4256E-03  4.7106E-03
  1.8118E-03 -1.2125E-01  3.4506E-03  4.7449E-03
  1.8250E-03 -1.2162E-01  3.4757E-03  4.7794E-03
  1.8382E-03 -1.2199E-01  3.5009E-03  4.8142E-03
  1.8516E-03 -1.2237E-01  3.5264E-03  4.8492E-03
  1.8651E-03 -1.2273E-01  3.5520E-03  4.8844E-03
  1.8786E-03 -1.2310E-01  3.5778E-03  4.9199E-03
  1.8923E-03 -1.2347E-01  3.6038E-03  4.9556E-03
  1.9060E-03 -1.2384E-01  3.6300E-03  4.9916E-03
  1.9198E-03 -1.2420E-01  3.6563E-03  5.0279E-03
  1.9338E-03 -1.2457E-01  3.6829E-03  5.0644E-03
  1.9478E-03 -1.2493E-01  3.7096E-03  5.1011E-03
  1.9619E-03 -1.2530E-01  3.7365E-03  5.1381E-03
  1.9762E-03 -1.2566E-01  3.7636E-03  5.1754E-03
  1.9905E-03 -1.2602E-01  3.7909E-03  5.2129E-03
  2.0049E-03 -1.2638E-01  3.8184E-03  5.2507E-03
  2.0195E-03 -1.2674E-01  3.8461E-03  5.2888E-03
  2.0341E-03 -1.2709E-01  3.8739E-03  5.3271E-03
  2.0488E-03 -1.2745E-01  3.9020E-03  5.3657E-03
  2.0637E-03 -1.2780E-01  3.9303E-03  5.4045E-03
  2.0786E-03 -1.2816E-01  3.9587E-03  5.4437E-03
  2.0937E-03 -1.2851E-01  3.9874E-03  5.4831E-03
  2.1088E-03 -1.2886E-01  4.0162E-03  5.5227E-03
  2.1241E-03 -1.2921E-01  4.0453E-03  5.5627E-03
  2.1394E-03 -1.2955E-01  4.0746E-03  5.6029E-03
  2.1549E-03 -1.2990E-01  4.1040E-03  5.6435E-03
  2.1705E-03 -1.3024E-01  4.1337E-03  5.6843E-03
  2.1862E-03 -1.3059E-01  4.1636E-03  5.7254E-03
  2.2020E-03 -1.3093E-01  4.1937E-03  5.7667E-03
  2.2179E-03 -1.3127E-01  4.2240E-03  5.8084E-03
  2.2339E-03 -1.3160E-01  4.2545E-03  5.8504E-03
  2.2501E-03 -1.3194E-01  4.2852E-03  5.8926E-03
  2.2663E-03 -1.3227E-01  4.3162E-03  5.9352E-03
  2.2827E-03 -1.3261E-01  4.3473E-03  5.9780E-03
  2.2991E-03 -1.3294E-01  4.3787E-03  6.0212E-03
  2.3157E-03 -1.3327E-01  4.4103E-03  6.0646E-03
  2.3324E-03 -1.3359E-01  4.4421E-03  6.1084E-03
  2.3493E-03 -1.3392E-01  4.4742E-03  6.1525E-03
  2.3662E-03 -1.3424E-01  4.5064E-03  6.1968E-03
  2.3833E-03 -1.3456E-01  4.5389E-03  6.2415E-03
  2.4005E-03 -1.3488E-01  4.5717E-03  6.2865E-03
  2.4178E-03 -1.3519E-01  4.6046E-03  6.3318E-03
  2.4352E-03 -1.3551E-01  4.6378E-03  6.3774E-03
  2.4527E-03 -1.3582E-01  4.6712E-03  6.4234E-03
  2.4704E-03 -1.3613E-01  4.7048E-03  6.4697E-03
  2.4882E-03 -1.3644E-01  4.7387E-03  6.5162E-03
  2.5061E-03 -1.3674E-01  4.7728E-03  6.5632E-03
  2.5241E-03 -1.3704E-01  4.8072E-03  6.6104E-03
  2.5423E-03 -1.3734E-01  4.8418E-03  6.6580E-03
  2.5606E-03 -1.3764E-01  4.8767E-03  6.7059E-03
  2.5790E-03 -1.3794E-01  4.9117E-03  6.7542E-03
  2.5976E-03 -1.3823E-01  4.9471E-03  6.8027E-03
  2.6163E-03 -1.3852E-01  4.9826E-03  6.8517E-03
  2.6351E-03 -1.3880E-01  5.0185E-03  6.9009E-03
  2.6540E-03 -1.3909E-01  5.0546E-03  6.9505E-03
  2.6731E-03 -1.3937E-01  5.0909E-03  7.0005E-03
  2.6923E-03 -1.3965E-01  5.1275E-03  7.0508E-03
  2.7116E-03 -1.3992E-01  5.1643E-03  7.1015E-03
  2.7311E-03 -1.4020E-01  5.2014E-03  7.1525E-03
  2.7507E-03 -1.4047E-01  5.2388E-03  7.2039E-03
  2.7705E-03 -1.4073E-01  5.2764E-03  7.2556E-03
  2.7904E-03 -1.4100E-01  5.3143E-03  7.3077E-03
  2.8104E-03 -1.4126E-01  5.3524E-03  7.3602E-03
  2.8306E-03 -1.4151E-01  5.3909E-03  7.4130E-03
  2.8509E-03 -1.4177E-01  5.4295E-03  7.4662E-03
  2.8714E-03 -1.4202E-01  5.4685E-03  7.5198E-03
  2.8920E-03 -1.4226E-01  5.5077E-03  7.5737E-03
  2.9127E-03 -1.4251E-01  5.5472E-03  7.6280E-03
  2.9336E-03 -1.4275E-01  5.5870E-03  7.6827E-03
  2.9546E-03 -1.4298E-01  5.6271E-03  7.7378E-03
  2.9758E-03 -1.4322E-01  5.6674E-03  7.7933E-03
  2.9971E-03 -1.4345E-01  5.7081E-03  7.8492E-03
  3.0186E-03 -1.4367E-01  5.7490E-03  7.9054E-03
  3.0403E-03 -1.4389E-01  5.7902E-03  7.9621E-03
  3.0620E-03 -1.4411E-01  5.8316E-03  8.0191E-03
  3.0840E-03 -1.4432E-01  5.8734E-03  8.0766E-03
  3.1061E-03 -1.4453E-01  5.9155E-03  8.1344E-03
  3.1283E-03 -1.4474E-01  5.9578E-03  8.1927E-03
  3.1507E-03 -1.4494E-01  6.0005E-03  8.2513E-03
  3.1733E-03 -1.4514E-01  6.0435E-03  8.3104E-03
  3.1960E-03 -1.4533E-01  6.0867E-03  8.3699E-03
  3.2189E-03 -1.4552E-01  6.1303E-03  8.4298E-03
  3.2419E-03 -1.4571E-01  6.1741E-03  8.4901E-03
  3.2651E-03 -1.4589E-01  6.2183E-03  8.5509E-03
  3.2884E-03 -1.4607E-01  6.2628E-03  8.6120E-03
  3.3120E-03 -1.4624E-01  6.3076E-03  8.6736E-03
  3.3356E-03 -1.4640E-01  6.3527E-03  8.7356E-03
  3.3595E-03 -1.4657E-01  6.3981E-03  8.7981E-03
  3.3835E-03 -1.4672E-01  6.4439E-03  8.8610E-03
  3.4077E-03 -1.4688E-01  6.4899E-03  8.9243E-03
  3.4321E-03 -1.4703E-01  6.5363E-03  8.9881E-03
  3.4566E-03 -1.4717E-01  6.5830E-03  9.0524E-03
  3.4813E-03 -1.4731E-01  6.6301E-03  9.1170E-03
  3.5062E-03 -1.4744E-01  6.6774E-03  9.1822E-03
  3.5312E-03 -1.4757E-01  6.7251E-03  9.2478E-03
  3.5564E-03 -1.4769E-01  6.7732E-03  9.3138E-03
  3.5818E-03 -1.4781E-01  6.8215E-03  9.3803E-03
  3.6074E-03 -1.4792E-01  6.8702E-03  9.4473E-03
  3.6331E-03 -1.4803E-01  6.9193E-03  9.5148E-03
  3.6591E-03 -1.4813E-01  6.9687E-03  9.5827E-03
  3.6852E-03 -1.4823E-01  7.0184E-03  9.6511E-03
  3.7115E-03 -1.4832E-01  7.0685E-03  9.7200E-03
  3.7380E-03 -1.4840E-01  7.1189E-03  9.7893E-03
  3.7647E-03 -1.4848E-01  7.1697E-03  9.8591E-03
  3.7915E-03 -1.4855E-01  7.2209E-03  9.9295E-03
  3.8186E-03 -1.4862E-01  7.2724E-03  1.0000E-02
  3.8458E-03 -1.4868E-01  7.3243E-03  1.0072E-02
  3.8732E-03 -1.4874E-01  7.3765E-03  1.0143E-02
  3.9008E-03 -1.4879E-01  7.4291E-03  1.0216E-02
  3.9286E-03 -1.4883E-01  7.4820E-03  1.0289E-02
  3.9566E-03 -1.4887E-01  7.5354E-03  1.0362E-02
  3.9848E-03 -1.4890E-01  7.5891E-03  1.0436E-02
  4.0132E-03 -1.4892E-01  7.6432E-03  1.0510E-02
  4.0418E-03 -1.4894E-01  7.6976E-03  1.0585E-02
  4.0706E-03 -1.4895E-01  7.7525E-03  1.0660E-02
  4.0996E-03 -1.4895E-01  7.8077E-03  1.0736E-02
  4.1288E-03 -1.4895E-01  7.8633E-03  1.0813E-02
  4.1582E-03 -1.4894E-01  7.9193E-03  1.0890E-02
  4.1879E-03 -1.4893E-01  7.9757E-03  1.0967E-02
  4.2177E-03 -1.4890E-01  8.0325E-03  1.1046E-02
  4.2477E-03 -1.4887E-01  8.0897E-03  1.1124E-02
  4.2779E-03 -1.4883E-01  8.1473E-03  1.1203E-02
  4.3084E-03 -1.4879E-01  8.2053E-03  1.1283E-02
  4.3391E-03 -1.4874E-01  8.2637E-03  1.1363E-02
  4.3699E-03 -1.4868E-01  8.3225E-03  1.1444E-02
  4.4010E-03 -1.4861E-01  8.3817E-03  1.1526E-02
  4.4323E-03 -1.4854E-01  8.4413E-03  1.1608E-02
  4.4639E-03 -1.4846E-01  8.5014E-03  1.1690E-02
  4.4956E-03 -1.4837E-01  8.5619E-03  1.1773E-02
  4.5276E-03 -1.4827E-01  8.6228E-03  1.1857E-02
  4.5598E-03 -1.4816E-01  8.6841E-03  1.1942E-02
  4.5922E-03 -1.4805E-01  8.7458E-03  1.2026E-02
  4.6249E-03 -1.4793E-01  8.8080E-03  1.2112E-02
  4.6578E-03 -1.4780E-01  8.8706E-03  1.2198E-02
  4.6909E-03 -1.4766E-01  8.9337E-03  1.2285E-02
  4.7242E-03 -1.4752E-01  8.9972E-03  1.2372E-02
  4.7578E-03 -1.4736E-01  9.0611E-03  1.2460E-02
  4.7916E-03 -1.4720E-01  9.1255E-03  1.2549E-02
  4.8257E-03 -1.4703E-01  9.1904E-03  1.2638E-02
  4.8599E-03 -1.4685E-01  9.2557E-03  1.2728E-02
  4.8945E-03 -1.4666E-01  9.3214E-03  1.2818E-02
  4.9292E-03 -1.4646E-01  9.3876E-03  1.2909E-02
  4.9643E-03 -1.4626E-01  9.4543E-03  1.3001E-02
  4.9995E-03 -1.4604E-01  9.5215E-03  1.3093E-02
  5.0350E-03 -1.4582E-01  9.5891E-03  1.3186E-02
  5.0708E-03 -1.4558E-01  9.6572E-03  1.3280E-02
  5.1068E-03 -1.4534E-01  9.7257E-03  1.3374E-02
  5.1430E-03 -1.4509E-01  9.7948E-03  1.3469E-02
  5.1795E-03 -1.4483E-01  9.8643E-03  1.3564E-02
  5.2163E-03 -1.4455E-01  9.9343E-03  1.3661E-02
  5.2533E-03 -1.4427E-01  1.0005E-02  1.3758E-02
  5.2906E-03 -1.4398E-01  1.0076E-02  1.3855E-02
  5.3282E-03 -1.4368E-01  1.0147E-02  1.3954E-02
  5.3660E-03 -1.4337E-01  1.0219E-02  1.4053E-02
  5.4040E-03 -1.4305E-01  1.0292E-02  1.4152E-02
  5.4424E-03 -1.4272E-01  1.0365E-02  1.4253E-02
  5.4810E-03 -1.4238E-01  1.0438E-02  1.4354E-02
  5.5199E-03 -1.4203E-01  1.0512E-02  1.4456E-02
  5.5590E-03 -1.4167E-01  1.0587E-02  1.4558E-02
  5.5984E-03 -1.4130E-01  1.0662E-02  1.4661E-02
  5.6381E-03 -1.4092E-01  1.0738E-02  1.4765E-02
  5.6781E-03 -1.4053E-01  1.0814E-02  1.4870E-02
  5.7184E-03 -1.4012E-01  1.0890E-02  1.4976E-02
  5.7589E-03 -1.3971E-01  1.0968E-02  1.5082E-02
  5.7997E-03 -1.3928E-01  1.1045E-02  1.5189E-02
  5.8408E-03 -1.3885E-01  1.1124E-02  1.5296E-02
  5.8822E-03 -1.3840E-01  1.1203E-02  1.5405E-02
  5.9239E-03 -1.3795E-01  1.1282E-02  1.5514E-02
  5.9659E-03 -1.3748E-01  1.1362E-02  1.5624E-02
  6.0082E-03 -1.3700E-01  1.1442E-02  1.5735E-02
  6.0507E-03 -1.3650E-01  1.1523E-02  1.5846E-02
  6.0936E-03 -1.3600E-01  1.1605E-02  1.5958E-02
  6.1368E-03 -1.3549E-01  1.1687E-02  1.6071E-02
  6.1802E-03 -1.3496E-01  1.1770E-02  1.6185E-02
  6.2240E-03 -1.3442E-01  1.1853E-02  1.6300E-02
  6.2681E-03 -1.3387E-01  1.1937E-02  1.6415E-02
  6.3125E-03 -1.3331E-01  1.2022E-02  1.6531E-02
  6.3572E-03 -1.3274E-01  1.2107E-02  1.6649E-02
  6.4022E-03 -1.3215E-01  1.2193E-02  1.6766E-02
  6.4475E-03 -1.3155E-01  1.2279E-02  1.6885E-02
  6.4932E-03 -1.3094E-01  1.2366E-02  1.7005E-02
  6.5392E-03 -1.3032E-01  1.2454E-02  1.7125E-02
  6.5854E-03 -1.2969E-01  1.2542E-02  1.7246E-02
  6.6321E-03 -1.2904E-01  1.2630E-02  1.7368E-02
  6.6790E-03 -1.2838E-01  1.2720E-02  1.7491E-02
  6.7263E-03 -1.2771E-01  1.2810E-02  1.7615E-02
  6.7739E-03 -1.2702E-01  1.2901E-02  1.7740E-02
  6.8218E-03 -1.2632E-01  1.2992E-02  1.7865E-02
  6.8701E-03 -1.2561E-01  1.3084E-02  1.7992E-02
  6.9187E-03 -1.2489E-01  1.3176E-02  1.8119E-02
  6.9676E-03 -1.2415E-01  1.3270E-02  1.8247E-02
  7.0169E-03 -1.2340E-01  1.3363E-02  1.8376E-02
  7.0665E-03 -1.2264E-01  1.3458E-02  1.8506E-02
  7.1165E-03 -1.2186E-01  1.3553E-02  1.8637E-02
  7.1669E-03 -1.2107E-01  1.3649E-02  1.8769E-02
  7.2175E-03 -1.2027E-01  1.3745E-02  1.8902E-02
  7.2686E-03 -1.1945E-01  1.3843E-02  1.9035E-02
  7.3200E-03 -1.1862E-01  1.3941E-02  1.9170E-02
  7.3717E-03 -1.1778E-01  1.4039E-02  1.9305E-02
  7.4238E-03 -1.1692E-01  1.4138E-02  1.9442E-02
  7.4763E-03 -1.1605E-01  1.4238E-02  1.9579E-02
  7.5292E-03 -1.1516E-01  1.4339E-02  1.9718E-02
  7.5824E-03 -1.1426E-01  1.4440E-02  1.9857E-02
  7.6360E-03 -1.1335E-01  1.4542E-02  1.9997E-02
  7.6900E-03 -1.1242E-01  1.4645E-02  2.0139E-02
  7.7443E-03 -1.1148E-01  1.4749E-02  2.0281E-02
  7.7991E-03 -1.1052E-01  1.4853E-02  2.0424E-02
  7.8542E-03 -1.0955E-01  1.4958E-02  2.0569E-02
  7.9097E-03 -1.0857E-01  1.5063E-02  2.0714E-02
  7.9655E-03 -1.0757E-01  1.5170E-02  2.0860E-02
  8.0218E-03 -1.0656E-01  1.5277E-02  2.1008E-02
  8.0785E-03 -1.0553E-01  1.5385E-02  2.1156E-02
  8.1356E-03 -1.0449E-01  1.5494E-02  2.1306E-02
  8.1930E-03 -1.0343E-01  1.5603E-02  2.1456E-02
  8.2509E-03 -1.0236E-01  1.5713E-02  2.1608E-02
  8.3092E-03 -1.0127E-01  1.5824E-02  2.1760E-02
  8.3679E-03 -1.0017E-01  1.5936E-02  2.1914E-02
  8.4270E-03 -9.9058E-02  1.6049E-02  2.2069E-02
  8.4865E-03 -9.7928E-02  1.6162E-02  2.2224E-02
  8.5464E-03 -9.6782E-02  1.6276E-02  2.2381E-02
  8.6068E-03 -9.5622E-02  1.6391E-02  2.2539E-02
  8.6675E-03 -9.4447E-02  1.6507E-02  2.2699E-02
  8.7287E-03 -9.3257E-02  1.6623E-02  2.2859E-02
  8.7903E-03 -9.2052E-02  1.6741E-02  2.3020E-02
  8.8524E-03 -9.0832E-02  1.6859E-02  2.3183E-02
  8.9149E-03 -8.9597E-02  1.6978E-02  2.3346E-02
  8.9778E-03 -8.8347E-02  1.7098E-02  2.3511E-02
  9.0412E-03 -8.7081E-02  1.7218E-02  2.3677E-02
  9.1050E-03 -8.5801E-02  1.7340E-02  2.3844E-02
  9.1693E-03 -8.4505E-02  1.7462E-02  2.4012E-02
  9.2340E-03 -8.3194E-02  1.7585E-02  2.4182E-02
  9.2991E-03 -8.1868E-02  1.7709E-02  2.4352E-02
  9.3647E-03 -8.0527E-02  1.7834E-02  2.4524E-02
  9.4308E-03 -7.9170E-02  1.7960E-02  2.4697E-02
  9.4974E-03 -7.7798E-02  1.8087E-02  2.4872E-02
  9.5644E-03 -7.6411E-02  1.8215E-02  2.5047E-02
  9.6319E-03 -7.5009E-02  1.8343E-02  2.5224E-02
  9.6998E-03 -7.3592E-02  1.8472E-02  2.5402E-02
  9.7682E-03 -7.2159E-02  1.8603E-02  2.5581E-02
  9.8371E-03 -7.0711E-02  1.8734E-02  2.5761E-02
  9.9065E-03 -6.9248E-02  1.8866E-02  2.5943E-02
  9.9764E-03 -6.7769E-02  1.8999E-02  2.6126E-02
  1.0047E-02 -6.6276E-02  1.9133E-02  2.6310E-02
  1.0118E-02 -6.4767E-02  1.9268E-02  2.6496E-02
  1.0189E-02 -6.3243E-02  1.9404E-02  2.6683E-02
  1.0261E-02 -6.1704E-02  1.9541E-02  2.6871E-02
  1.0333E-02 -6.0150E-02  1.9678E-02  2.7060E-02
  1.0406E-02 -5.8580E-02  1.9817E-02  2.7251E-02
  1.0479E-02 -5.6996E-02  1.9957E-02  2.7443E-02
  1.0553E-02 -5.5397E-02  2.0098E-02  2.7637E-02
  1.0628E-02 -5.3782E-02  2.0239E-02  2.7831E-02
  1.0703E-02 -5.2153E-02  2.0382E-02  2.8028E-02
  1.0778E-02 -5.0509E-02  2.0526E-02  2.8225E-02
  1.0854E-02 -4.8850E-02  2.0670E-02  2.8424E-02
  1.0931E-02 -4.7176E-02  2.0816E-02  2.8624E-02
  1.1008E-02 -4.5488E-02  2.0963E-02  2.8826E-02
  1.1085E-02 -4.3785E-02  2.1110E-02  2.9029E-02
  1.1163E-02 -4.2067E-02  2.1259E-02  2.9234E-02
  1.1242E-02 -4.0335E-02  2.1409E-02  2.9440E-02
  1.1321E-02 -3.8589E-02  2.1560E-02  2.9647E-02
  1.1401E-02 -3.6828E-02  2.1712E-02  2.9856E-02
  1.1481E-02 -3.5052E-02  2.1865E-02  3.0067E-02
  1.1562E-02 -3.3263E-02  2.2019E-02  3.0278E-02
  1.1644E-02 -3.1460E-02  2.2174E-02  3.0492E-02
  1.1726E-02 -2.9642E-02  2.2330E-02  3.0707E-02
  1.1808E-02 -2.7811E-02  2.2487E-02  3.0923E-02
  1.1892E-02 -2.5966E-02  2.2646E-02  3.1141E-02
  1.1975E-02 -2.4107E-02  2.2805E-02  3.1360E-02
  1.2060E-02 -2.2234E-02  2.2966E-02  3.1581E-02
  1.2145E-02 -2.0349E-02  2.3128E-02  3.1803E-02
  1.2230E-02 -1.8450E-02  2.3291E-02  3.2027E-02
  1.2316E-02 -1.6537E-02  2.3455E-02  3.2253E-02
  1.2403E-02 -1.4612E-02  2.3620E-02  3.2480E-02
  1.2490E-02 -1.2674E-02  2.3786E-02  3.2709E-02
  1.2578E-02 -1.0723E-02  2.3954E-02  3.2939E-02
  1.2667E-02 -8.7592E-03  2.4122E-02  3.3171E-02
  1.2756E-02 -6.7832E-03  2.4292E-02  3.3405E-02
  1.2846E-02 -4.7948E-03  2.4463E-02  3.3640E-02
  1.2937E-02 -2.7944E-03  2.4635E-02  3.3877E-02
  1.3028E-02 -7.8196E-04  2.4809E-02  3.4115E-02
  1.3119E-02  1.2422E-03  2.4984E-02  3.4356E-02
  1.3212E-02  3.2780E-03  2.5159E-02  3.4597E-02
  1.3305E-02  5.3252E-03  2.5337E-02  3.4841E-02
  1.3398E-02  7.3836E-03  2.5515E-02  3.5086E-02
  1.3493E-02  9.4530E-03  2.5695E-02  3.5333E-02
  1.3588E-02  1.1533E-02  2.5875E-02  3.5582E-02
  1.3683E-02  1.3624E-02  2.6057E-02  3.5832E-02
  1.3780E-02  1.5725E-02  2.6241E-02  3.6085E-02
  1.3877E-02  1.7836E-02  2.6426E-02  3.6339E-02
  1.3974E-02  1.9958E-02  2.6612E-02  3.6594E-02
  1.4073E-02  2.2089E-02  2.6799E-02  3.6852E-02
  1.4172E-02  2.4229E-02  2.6987E-02  3.7111E-02
  1.4272E-02  2.6379E-02  2.7177E-02  3.7372E-02
  1.4372E-02  2.8537E-02  2.7369E-02  3.7635E-02
  1.4473E-02  3.0704E-02  2.7561E-02  3.7900E-02
  1.4575E-02  3.2880E-02  2.7755E-02  3.8167E-02
  1.4678E-02  3.5064E-02  2.7950E-02  3.8435E-02
  1.4781E-02  3.7255E-02  2.8147E-02  3.8706E-02
  1.4885E-02  3.9454E-02  2.8345E-02  3.8978E-02
  1.4990E-02  4.1661E-02  2.8544E-02  3.9252E-02
  1.5095E-02  4.3874E-02  2.8745E-02  3.9528E-02
  1.5201E-02  4.6094E-02  2.8947E-02  3.9807E-02
  1.5308E-02  4.8321E-02  2.9151E-02  4.0087E-02
  1.5416E-02  5.0553E-02  2.9356E-02  4.0369E-02
  1.5524E-02  5.2792E-02  2.9563E-02  4.0653E-02
  1.5634E-02  5.5035E-02  2.9771E-02  4.0938E-02
  1.5744E-02  5.7284E-02  2.9980E-02  4.1226E-02
  1.5854E-02  5.9537E-02  3.0191E-02  4.1516E-02
  1.5966E-02  6.1795E-02  3.0403E-02  4.1808E-02
  1.6078E-02  6.4056E-02  3.0617E-02  4.2102E-02
  1.6191E-02  6.6322E-02  3.0832E-02  4.2399E-02
  1.6305E-02  6.8590E-02  3.1049E-02  4.2697E-02
  1.6420E-02  7.0861E-02  3.1267E-02  4.2997E-02
  1.6535E-02  7.3135E-02  3.1487E-02  4.3299E-02
  1.6652E-02  7.5411E-02  3.1709E-02  4.3604E-02
  1.6769E-02  7.7688E-02  3.1932E-02  4.3910E-02
  1.6887E-02  7.9967E-02  3.2156E-02  4.4219E-02
  1.7006E-02  8.2246E-02  3.2382E-02  4.4530E-02
  1.7125E-02  8.4526E-02  3.2610E-02  4.4843E-02
  1.7246E-02  8.6806E-02  3.2839E-02  4.5158E-02
  1.7367E-02  8.9085E-02  3.3070E-02  4.5476E-02
  1.7489E-02  9.1364E-02  3.3302E-02  4.5796E-02
  1.7612E-02  9.3641E-02  3.3537E-02  4.6118E-02
  1.7736E-02  9.5916E-02  3.3772E-02  4.6442E-02
  1.7860E-02  9.8188E-02  3.4010E-02  4.6768E-02
  1.7986E-02  1.0046E-01  3.4249E-02  4.7097E-02
  1.8113E-02  1.0272E-01  3.4489E-02  4.7428E-02
  1.8240E-02  1.0499E-01  3.4732E-02  4.7761E-02
  1.8368E-02  1.0725E-01  3.4976E-02  4.8097E-02
  1.8497E-02  1.0950E-01  3.5222E-02  4.8435E-02
  1.8627E-02  1.1175E-01  3.5469E-02  4.8775E-02
  1.8758E-02  1.1399E-01  3.5719E-02  4.9118E-02
  1.8890E-02  1.1623E-01  3.5970E-02  4.9463E-02
  1.9023E-02  1.1846E-01  3.6222E-02  4.9811E-02
  1.9157E-02  1.2068E-01  3.6477E-02  5.0161E-02
  1.9291E-02  1.2289E-01  3.6733E-02  5.0514E-02
  1.9427E-02  1.2510E-01  3.6991E-02  5.0869E-02
  1.9563E-02  1.2729E-01  3.7251E-02  5.1226E-02
  1.9701E-02  1.2948E-01  3.7513E-02  5.1586E-02
  1.9839E-02  1.3166E-01  3.7776E-02  5.1948E-02
  1.9979E-02  1.3382E-01  3.8042E-02  5.2313E-02
  2.0119E-02  1.3597E-01  3.8309E-02  5.2681E-02
  2.0261E-02  1.3812E-01  3.8578E-02  5.3051E-02
  2.0403E-02  1.4024E-01  3.8849E-02  5.3424E-02
  2.0546E-02  1.4236E-01  3.9122E-02  5.3799E-02
  2.0691E-02  1.4446E-01  3.9397E-02  5.4177E-02
  2.0836E-02  1.4655E-01  3.9674E-02  5.4558E-02
  2.0983E-02  1.4862E-01  3.9952E-02  5.4941E-02
  2.1130E-02  1.5067E-01  4.0233E-02  5.5327E-02
  2.1279E-02  1.5271E-01  4.0516E-02  5.5715E-02
  2.1428E-02  1.5474E-01  4.0800E-02  5.6107E-02
  2.1579E-02  1.5674E-01  4.1087E-02  5.6501E-02
  2.1730E-02  1.5873E-01  4.1375E-02  5.6898E-02
  2.1883E-02  1.6069E-01  4.1666E-02  5.7297E-02
  2.2037E-02  1.6264E-01  4.1958E-02  5.7700E-02
  2.2192E-02  1.6457E-01  4.2253E-02  5.8105E-02
  2.2348E-02  1.6647E-01  4.2550E-02  5.8513E-02
  2.2505E-02  1.6835E-01  4.2849E-02  5.8924E-02
  2.2663E-02  1.7021E-01  4.3149E-02  5.9338E-02
  2.2822E-02  1.7205E-01  4.3452E-02  5.9754E-02
  2.2982E-02  1.7386E-01  4.3758E-02  6.0174E-02
  2.3144E-02  1.7565E-01  4.4065E-02  6.0597E-02
  2.3306E-02  1.7741E-01  4.4374E-02  6.1022E-02
  2.3470E-02  1.7915E-01  4.4686E-02  6.1451E-02
  2.3635E-02  1.8086E-01  4.4999E-02  6.1882E-02
  2.3801E-02  1.8254E-01  4.5315E-02  6.2317E-02
  2.3968E-02  1.8420E-01  4.5633E-02  6.2754E-02
  2.4136E-02  1.8582E-01  4.5954E-02  6.3195E-02
  2.4306E-02  1.8741E-01  4.6276E-02  6.3638E-02
  2.4477E-02  1.8898E-01  4.6601E-02  6.4085E-02
  2.4649E-02  1.9051E-01  4.6928E-02  6.4535E-02
  2.4822E-02  1.9201E-01  4.7258E-02  6.4988E-02
  2.4996E-02  1.9347E-01  4.7589E-02  6.5444E-02
  2.5172E-02  1.9491E-01  4.7923E-02  6.5904E-02
  2.5348E-02  1.9631E-01  4.8260E-02  6.6366E-02
  2.5526E-02  1.9767E-01  4.8598E-02  6.6832E-02
  2.5706E-02  1.9900E-01  4.8940E-02  6.7301E-02
  2.5886E-02  2.0029E-01  4.9283E-02  6.7773E-02
  2.6068E-02  2.0154E-01  4.9629E-02  6.8249E-02
  2.6251E-02  2.0275E-01  4.9977E-02  6.8728E-02
  2.6435E-02  2.0393E-01  5.0328E-02  6.9211E-02
  2.6621E-02  2.0506E-01  5.0681E-02  6.9696E-02
  2.6808E-02  2.0616E-01  5.1037E-02  7.0185E-02
  2.6996E-02  2.0721E-01  5.1395E-02  7.0678E-02
  2.7186E-02  2.0822E-01  5.1755E-02  7.1174E-02
  2.7377E-02  2.0919E-01  5.2119E-02  7.1673E-02
  2.7569E-02  2.1011E-01  5.2484E-02  7.2176E-02
  2.7763E-02  2.1099E-01  5.2852E-02  7.2683E-02
  2.7957E-02  2.1183E-01  5.3223E-02  7.3193E-02
  2.8154E-02  2.1261E-01  5.3597E-02  7.3706E-02
  2.8351E-02  2.1335E-01  5.3973E-02  7.4223E-02
  2.8550E-02  2.1405E-01  5.4351E-02  7.4744E-02
  2.8751E-02  2.1469E-01  5.4733E-02  7.5269E-02
  2.8953E-02  2.1529E-01  5.5116E-02  7.5797E-02
  2.9156E-02  2.1583E-01  5.5503E-02  7.6328E-02
  2.9361E-02  2.1633E-01  5.5892E-02  7.6864E-02
  2.9567E-02  2.1677E-01  5.6284E-02  7.7403E-02
  2.9774E-02  2.1716E-01  5.6679E-02  7.7946E-02
  2.9983E-02  2.1750E-01  5.7077E-02  7.8493E-02
  3.0194E-02  2.1779E-01  5.7477E-02  7.9044E-02
  3.0406E-02  2.1802E-01  5.7880E-02  7.9598E-02
  3.0619E-02  2.1819E-01  5.8286E-02  8.0156E-02
  3.0834E-02  2.1831E-01  5.8695E-02  8.0719E-02
  3.1051E-02  2.1837E-01  5.9106E-02  8.1285E-02
  3.1269E-02  2.1838E-01  5.9521E-02  8.1855E-02
  3.1488E-02  2.1833E-01  5.9938E-02  8.2429E-02
  3.1709E-02  2.1822E-01  6.0359E-02  8.3007E-02
  3.1932E-02  2.1805E-01  6.0782E-02  8.3589E-02
  3.2156E-02  2.1782E-01  6.1208E-02  8.4175E-02
  3.2382E-02  2.1753E-01  6.1637E-02  8.4766E-02
  3.2609E-02  2.1718E-01  6.2069E-02  8.5360E-02
  3.2838E-02  2.1677E-01  6.2504E-02  8.5959E-02
  3.3068E-02  2.1629E-01  6.2943E-02  8.6561E-02
  3.3300E-02  2.1575E-01  6.3384E-02  8.7168E-02
  3.3534E-02  2.1515E-01  6.3828E-02  8.7780E-02
  3.3769E-02  2.1449E-01  6.4276E-02  8.8395E-02
  3.4007E-02  2.1375E-01  6.4726E-02  8.9015E-02
  3.4245E-02  2.1296E-01  6.5180E-02  8.9639E-02
  3.4486E-02  2.1210E-01  6.5637E-02  9.0267E-02
  3.4728E-02  2.1117E-01  6.6097E-02  9.0900E-02
  3.4971E-02  2.1018E-01  6.6560E-02  9.1537E-02
  3.5217E-02  2.0912E-01  6.7027E-02  9.2179E-02
  3.5464E-02  2.0799E-01  6.7496E-02  9.2825E-02
  3.5713E-02  2.0679E-01  6.7969E-02  9.3476E-02
  3.5963E-02  2.0552E-01  6.8446E-02  9.4131E-02
  3.6216E-02  2.0419E-01  6.8925E-02  9.4791E-02
  3.6470E-02  2.0279E-01  6.9408E-02  9.5456E-02
  3.6726E-02  2.0131E-01  6.9895E-02  9.6125E-02
  3.6983E-02  1.9977E-01  7.0385E-02  9.6798E-02
  3.7243E-02  1.9816E-01  7.0878E-02  9.7477E-02
  3.7504E-02  1.9647E-01  7.1374E-02  9.8160E-02
  3.7767E-02  1.9472E-01  7.1874E-02  9.8848E-02
  3.8032E-02  1.9289E-01  7.2378E-02  9.9541E-02
  3.8299E-02  1.9100E-01  7.2885E-02  1.0024E-01
  3.8568E-02  1.8903E-01  7.3396E-02  1.0094E-01
  3.8839E-02  1.8699E-01  7.3910E-02  1.0165E-01
  3.9111E-02  1.8487E-01  7.4428E-02  1.0236E-01
  3.9386E-02  1.8269E-01  7.4949E-02  1.0308E-01
  3.9662E-02  1.8043E-01  7.5474E-02  1.0380E-01
  3.9940E-02  1.7811E-01  7.6003E-02  1.0453E-01
  4.0220E-02  1.7571E-01  7.6535E-02  1.0526E-01
  4.0503E-02  1.7323E-01  7.7071E-02  1.0600E-01
  4.0787E-02  1.7069E-01  7.7611E-02  1.0674E-01
  4.1073E-02  1.6807E-01  7.8154E-02  1.0749E-01
  4.1361E-02  1.6538E-01  7.8702E-02  1.0824E-01
  4.1651E-02  1.6262E-01  7.9253E-02  1.0900E-01
  4.1944E-02  1.5979E-01  7.9808E-02  1.0976E-01
  4.2238E-02  1.5689E-01  8.0367E-02  1.1053E-01
  4.2534E-02  1.5391E-01  8.0930E-02  1.1130E-01
  4.2832E-02  1.5086E-01  8.1496E-02  1.1208E-01
  4.3133E-02  1.4775E-01  8.2067E-02  1.1287E-01
  4.3436E-02  1.4456E-01  8.2641E-02  1.1366E-01
  4.3740E-02  1.4130E-01  8.3220E-02  1.1446E-01
  4.4047E-02  1.3797E-01  8.3803E-02  1.1526E-01
  4.4356E-02  1.3458E-01  8.4389E-02  1.1606E-01
  4.4667E-02  1.3111E-01  8.4980E-02  1.1688E-01
  4.4981E-02  1.2758E-01  8.5575E-02  1.1770E-01
  4.5296E-02  1.2398E-01  8.6174E-02  1.1852E-01
  4.5614E-02  1.2031E-01  8.6777E-02  1.1935E-01
  4.5934E-02  1.1657E-01  8.7384E-02  1.2019E-01
  4.6256E-02  1.1277E-01  8.7996E-02  1.2103E-01
  4.6580E-02  1.0890E-01  8.8612E-02  1.2187E-01
  4.6907E-02  1.0497E-01  8.9232E-02  1.2273E-01
  4.7236E-02  1.0097E-01  8.9856E-02  1.2359E-01
  4.7568E-02  9.6915E-02  9.0485E-02  1.2445E-01
  4.7901E-02  9.2795E-02  9.1118E-02  1.2532E-01
  4.8237E-02  8.8613E-02  9.1756E-02  1.2620E-01
  4.8576E-02  8.4371E-02  9.2398E-02  1.2708E-01
  4.8916E-02  8.0069E-02  9.3044E-02  1.2797E-01
  4.9259E-02  7.5710E-02  9.3695E-02  1.2887E-01
  4.9605E-02  7.1293E-02  9.4351E-02  1.2977E-01
  4.9953E-02  6.6820E-02  9.5011E-02  1.3068E-01
  5.0303E-02  6.2292E-02  9.5675E-02  1.3159E-01
  5.0656E-02  5.7711E-02  9.6345E-02  1.3251E-01
  5.1011E-02  5.3077E-02  9.7018E-02  1.3344E-01
  5.1369E-02  4.8392E-02  9.7697E-02  1.3438E-01
  5.1729E-02  4.3657E-02  9.8380E-02  1.3532E-01
  5.2092E-02  3.8873E-02  9.9068E-02  1.3626E-01
  5.2457E-02  3.4043E-02  9.9761E-02  1.3722E-01
  5.2825E-02  2.9167E-02  1.0046E-01  1.3818E-01
  5.3196E-02  2.4248E-02  1.0116E-01  1.3914E-01
  5.3569E-02  1.9285E-02  1.0187E-01  1.4012E-01
  5.3944E-02  1.4282E-02  1.0258E-01  1.4110E-01
  5.4323E-02  9.2401E-03  1.0330E-01  1.4208E-01
  5.4704E-02  4.1604E-03  1.0402E-01  1.4308E-01
  5.5087E-02 -9.5489E-04  1.0475E-01  1.4408E-01
  5.5474E-02 -6.1041E-03  1.0548E-01  1.4509E-01
  5.5863E-02 -1.1285E-02  1.0622E-01  1.4610E-01
  5.6254E-02 -1.6497E-02  1.0696E-01  1.4712E-01
  5.6649E-02 -2.1737E-02  1.0771E-01  1.4815E-01
  5.7046E-02 -2.7002E-02  1.0846E-01  1.4919E-01
  5.7446E-02 -3.2293E-02  1.0922E-01  1.5023E-01
  5.7849E-02 -3.7605E-02  1.0998E-01  1.5128E-01
  5.8255E-02 -4.2937E-02  1.1075E-01  1.5234E-01
  5.8663E-02 -4.8288E-02  1.1152E-01  1.5340E-01
  5.9075E-02 -5.3654E-02  1.1230E-01  1.5448E-01
  5.9489E-02 -5.9033E-02  1.1309E-01  1.5556E-01
  5.9906E-02 -6.4424E-02  1.1388E-01  1.5664E-01
  6.0326E-02 -6.9823E-02  1.1467E-01  1.5774E-01
  6.0749E-02 -7.5229E-02  1.1547E-01  1.5884E-01
  6.1175E-02 -8.0639E-02  1.1628E-01  1.5995E-01
  6.1604E-02 -8.6051E-02  1.1709E-01  1.6107E-01
  6.2036E-02 -9.1461E-02  1.1791E-01  1.6219E-01
  6.2471E-02 -9.6869E-02  1.1873E-01  1.6333E-01
  6.2909E-02 -1.0227E-01  1.1956E-01  1.6447E-01
  6.3350E-02 -1.0766E-01  1.2040E-01  1.6562E-01
  6.3794E-02 -1.1304E-01  1.2124E-01  1.6677E-01
  6.4241E-02 -1.1841E-01  1.2208E-01  1.6794E-01
  6.4692E-02 -1.2376E-01  1.2294E-01  1.6911E-01
  6.5145E-02 -1.2910E-01  1.2379E-01  1.7029E-01
  6.5602E-02 -1.3441E-01  1.2466E-01  1.7148E-01
  6.6062E-02 -1.3969E-01  1.2553E-01  1.7268E-01
  6.6525E-02 -1.4495E-01  1.2640E-01  1.7389E-01
  6.6992E-02 -1.5017E-01  1.2729E-01  1.7510E-01
  6.7461E-02 -1.5537E-01  1.2817E-01  1.7632E-01
  6.7934E-02 -1.6052E-01  1.2907E-01  1.7756E-01
  6.8411E-02 -1.6564E-01  1.2997E-01  1.7880E-01
  6.8890E-02 -1.7072E-01  1.3088E-01  1.8004E-01
  6.9373E-02 -1.7574E-01  1.3179E-01  1.8130E-01
  6.9860E-02 -1.8073E-01  1.3271E-01  1.8257E-01
  7.0350E-02 -1.8565E-01  1.3363E-01  1.8384E-01
  7.0843E-02 -1.9053E-01  1.3457E-01  1.8512E-01
  7.1339E-02 -1.9535E-01  1.3550E-01  1.8642E-01
  7.1840E-02 -2.0010E-01  1.3645E-01  1.8772E-01
  7.2343E-02 -2.0480E-01  1.3740E-01  1.8903E-01
  7.2850E-02 -2.0942E-01  1.3836E-01  1.9035E-01
  7.3361E-02 -2.1398E-01  1.3932E-01  1.9167E-01
  7.3875E-02 -2.1846E-01  1.4029E-01  1.9301E-01
  7.4393E-02 -2.2287E-01  1.4127E-01  1.9436E-01
  7.4915E-02 -2.2720E-01  1.4226E-01  1.9571E-01
  7.5440E-02 -2.3144E-01  1.4325E-01  1.9708E-01
  7.5969E-02 -2.3560E-01  1.4425E-01  1.9845E-01
  7.6501E-02 -2.3967E-01  1.4525E-01  1.9984E-01
  7.7038E-02 -2.4365E-01  1.4626E-01  2.0123E-01
  7.7578E-02 -2.4753E-01  1.4728E-01  2.0263E-01
  7.8122E-02 -2.5132E-01  1.4831E-01  2.0405E-01
  7.8669E-02 -2.5500E-01  1.4934E-01  2.0547E-01
  7.9221E-02 -2.5858E-01  1.5038E-01  2.0690E-01
  7.9776E-02 -2.6205E-01  1.5143E-01  2.0834E-01
  8.0335E-02 -2.6541E-01  1.5248E-01  2.0980E-01
  8.0898E-02 -2.6866E-01  1.5354E-01  2.1126E-01
  8.1466E-02 -2.7179E-01  1.5461E-01  2.1273E-01
  8.2037E-02 -2.7480E-01  1.5569E-01  2.1421E-01
  8.2612E-02 -2.7769E-01  1.5677E-01  2.1571E-01
  8.3191E-02 -2.8045E-01  1.5786E-01  2.1721E-01
  8.3774E-02 -2.8308E-01  1.5896E-01  2.1872E-01
  8.4361E-02 -2.8558E-01  1.6007E-01  2.2025E-01
  8.4953E-02 -2.8795E-01  1.6118E-01  2.2178E-01
  8.5548E-02 -2.9018E-01  1.6230E-01  2.2332E-01
  8.6148E-02 -2.9227E-01  1.6343E-01  2.2488E-01
  8.6752E-02 -2.9422E-01  1.6457E-01  2.2645E-01
  8.7360E-02 -2.9602E-01  1.6571E-01  2.2802E-01
  8.7972E-02 -2.9767E-01  1.6686E-01  2.2961E-01
  8.8589E-02 -2.9917E-01  1.6802E-01  2.3121E-01
  8.9210E-02 -3.0052E-01  1.6919E-01  2.3282E-01
  8.9835E-02 -3.0172E-01  1.7037E-01  2.3444E-01
  9.0465E-02 -3.0275E-01  1.7155E-01  2.3607E-01
  9.1099E-02 -3.0363E-01  1.7274E-01  2.3771E-01
  9.1737E-02 -3.0434E-01  1.7394E-01  2.3936E-01
  9.2380E-02 -3.0489E-01  1.7515E-01  2.4103E-01
  9.3028E-02 -3.0527E-01  1.7637E-01  2.4271E-01
  9.3680E-02 -3.0548E-01  1.7759E-01  2.4439E-01
  9.4336E-02 -3.0553E-01  1.7883E-01  2.4609E-01
  9.4998E-02 -3.0539E-01  1.8007E-01  2.4780E-01
  9.5663E-02 -3.0509E-01  1.8132E-01  2.4953E-01
  9.6334E-02 -3.0461E-01  1.8258E-01  2.5126E-01
  9.7009E-02 -3.0395E-01  1.8384E-01  2.5301E-01
  9.7689E-02 -3.0311E-01  1.8512E-01  2.5477E-01
  9.8374E-02 -3.0208E-01  1.8640E-01  2.5654E-01
  9.9063E-02 -3.0088E-01  1.8770E-01  2.5832E-01
  9.9758E-02 -2.9949E-01  1.8900E-01  2.6011E-01
  1.0046E-01 -2.9792E-01  1.9031E-01  2.6192E-01
  1.0116E-01 -2.9617E-01  1.9163E-01  2.6374E-01
  1.0187E-01 -2.9422E-01  1.9296E-01  2.6557E-01
  1.0258E-01 -2.9209E-01  1.9430E-01  2.6741E-01
  1.0330E-01 -2.8977E-01  1.9564E-01  2.6927E-01
  1.0403E-01 -2.8726E-01  1.9700E-01  2.7114E-01
  1.0476E-01 -2.8457E-01  1.9836E-01  2.7302E-01
  1.0549E-01 -2.8168E-01  1.9974E-01  2.7491E-01
  1.0623E-01 -2.7860E-01  2.0112E-01  2.7682E-01
  1.0697E-01 -2.7534E-01  2.0251E-01  2.7874E-01
  1.0772E-01 -2.7188E-01  2.0392E-01  2.8067E-01
  1.0848E-01 -2.6823E-01  2.0533E-01  2.8262E-01
  1.0924E-01 -2.6440E-01  2.0675E-01  2.8458E-01
  1.1000E-01 -2.6038E-01  2.0818E-01  2.8655E-01
  1.1078E-01 -2.5616E-01  2.0962E-01  2.8854E-01
  1.1155E-01 -2.5176E-01  2.1107E-01  2.9054E-01
  1.1233E-01 -2.4718E-01  2.1253E-01  2.9255E-01
  1.1312E-01 -2.4241E-01  2.1400E-01  2.9458E-01
  1.1391E-01 -2.3745E-01  2.1548E-01  2.9662E-01
  1.1471E-01 -2.3231E-01  2.1697E-01  2.9867E-01
  1.1552E-01 -2.2699E-01  2.1847E-01  3.0074E-01
  1.1633E-01 -2.2149E-01  2.1998E-01  3.0282E-01
  1.1714E-01 -2.1581E-01  2.2149E-01  3.0492E-01
  1.1796E-01 -2.0995E-01  2.2302E-01  3.0703E-01
  1.1879E-01 -2.0392E-01  2.2456E-01  3.0915E-01
  1.1962E-01 -1.9772E-01  2.2611E-01  3.1129E-01
  1.2046E-01 -1.9134E-01  2.2768E-01  3.1344E-01
  1.2130E-01 -1.8480E-01  2.2925E-01  3.1561E-01
  1.2215E-01 -1.7809E-01  2.3083E-01  3.1779E-01
  1.2301E-01 -1.7123E-01  2.3242E-01  3.1999E-01
  1.2387E-01 -1.6420E-01  2.3402E-01  3.2220E-01
  1.2474E-01 -1.5702E-01  2.3564E-01  3.2442E-01
  1.2561E-01 -1.4968E-01  2.3726E-01  3.2666E-01
  1.2649E-01 -1.4219E-01  2.3889E-01  3.2892E-01
  1.2738E-01 -1.3456E-01  2.4054E-01  3.3119E-01
  1.2827E-01 -1.2679E-01  2.4220E-01  3.3348E-01
  1.2917E-01 -1.1888E-01  2.4386E-01  3.3578E-01
  1.3008E-01 -1.1083E-01  2.4554E-01  3.3809E-01
  1.3099E-01 -1.0266E-01  2.4723E-01  3.4043E-01
  1.3191E-01 -9.4359E-02  2.4893E-01  3.4277E-01
  1.3283E-01 -8.5938E-02  2.5065E-01  3.4514E-01
  1.3376E-01 -7.7400E-02  2.5237E-01  3.4752E-01
  1.3470E-01 -6.8751E-02  2.5410E-01  3.4991E-01
  1.3564E-01 -5.9996E-02  2.5585E-01  3.5232E-01
  1.3659E-01 -5.1139E-02  2.5761E-01  3.5475E-01
  1.3755E-01 -4.2186E-02  2.5938E-01  3.5719E-01
  1.3851E-01 -3.3142E-02  2.6116E-01  3.5965E-01
  1.3948E-01 -2.4012E-02  2.6295E-01  3.6212E-01
  1.4046E-01 -1.4803E-02  2.6476E-01  3.6461E-01
  1.4145E-01 -5.5207E-03  2.6657E-01  3.6712E-01
  1.4244E-01  3.8300E-03  2.6840E-01  3.6964E-01
  1.4344E-01  1.3243E-02  2.7024E-01  3.7219E-01
  1.4444E-01  2.2711E-02  2.7209E-01  3.7474E-01
  1.4545E-01  3.2228E-02  2.7396E-01  3.7732E-01
  1.4647E-01  4.1789E-02  2.7584E-01  3.7991E-01
  1.4750E-01  5.1386E-02  2.7772E-01  3.8252E-01
  1.4853E-01  6.1013E-02  2.7963E-01  3.8514E-01
  1.4957E-01  7.0663E-02  2.8154E-01  3.8778E-01
  1.5062E-01  8.0329E-02  2.8346E-01  3.9044E-01
  1.5168E-01  9.0005E-02  2.8540E-01  3.9312E-01
  1.5274E-01  9.9682E-02  2.8735E-01  3.9581E-01
  1.5381E-01  1.0935E-01  2.8932E-01  3.9852E-01
  1.5489E-01  1.1902E-01  2.9129E-01  4.0125E-01
  1.5597E-01  1.2866E-01  2.9328E-01  4.0400E-01
  1.5707E-01  1.3827E-01  2.9529E-01  4.0677E-01
  1.5817E-01  1.4785E-01  2.9730E-01  4.0955E-01
  1.5927E-01  1.5739E-01  2.9933E-01  4.1235E-01
  1.6039E-01  1.6688E-01  3.0137E-01  4.1517E-01
  1.6151E-01  1.7631E-01  3.0342E-01  4.1800E-01
  1.6265E-01  1.8568E-01  3.0549E-01  4.2086E-01
  1.6379E-01  1.9497E-01  3.0757E-01  4.2373E-01
  1.6493E-01  2.0419E-01  3.0967E-01  4.2663E-01
  1.6609E-01  2.1332E-01  3.1177E-01  4.2954E-01
  1.6725E-01  2.2235E-01  3.1389E-01  4.3247E-01
  1.6842E-01  2.3127E-01  3.1603E-01  4.3541E-01
  1.6960E-01  2.4009E-01  3.1817E-01  4.3838E-01
  1.7079E-01  2.4879E-01  3.2034E-01  4.4137E-01
  1.7199E-01  2.5736E-01  3.2251E-01  4.4437E-01
  1.7319E-01  2.6580E-01  3.2470E-01  4.4739E-01
  1.7441E-01  2.7409E-01  3.2690E-01  4.5044E-01
  1.7563E-01  2.8223E-01  3.2912E-01  4.5350E-01
  1.7686E-01  2.9022E-01  3.3135E-01  4.5658E-01
  1.7810E-01  2.9804E-01  3.3359E-01  4.5968E-01
  1.7935E-01  3.0568E-01  3.3585E-01  4.6280E-01
  1.8060E-01  3.1315E-01  3.3813E-01  4.6594E-01
  1.8187E-01  3.2043E-01  3.4041E-01  4.6910E-01
  1.8314E-01  3.2751E-01  3.4271E-01  4.7228E-01
  1.8443E-01  3.3438E-01  3.4503E-01  4.7548E-01
  1.8572E-01  3.4105E-01  3.4736E-01  4.7870E-01
  1.8702E-01  3.4750E-01  3.4970E-01  4.8194E-01
  1.8833E-01  3.5372E-01  3.5206E-01  4.8520E-01
  1.8965E-01  3.5971E-01  3.5444E-01  4.8847E-01
  1.9098E-01  3.6546E-01  3.5683E-01  4.9177E-01
  1.9232E-01  3.7097E-01  3.5923E-01  4.9509E-01
  1.9367E-01  3.7622E-01  3.6165E-01  4.9843E-01
  1.9502E-01  3.8122E-01  3.6408E-01  5.0180E-01
  1.9639E-01  3.8595E-01  3.6653E-01  5.0518E-01
  1.9776E-01  3.9041E-01  3.6899E-01  5.0858E-01
  1.9915E-01  3.9458E-01  3.7147E-01  5.1200E-01
  2.0055E-01  3.9848E-01  3.7396E-01  5.1544E-01
  2.0195E-01  4.0209E-01  3.7647E-01  5.1891E-01
  2.0337E-01  4.0540E-01  3.7899E-01  5.2239E-01
  2.0479E-01  4.0841E-01  3.8153E-01  5.2590E-01
  2.0623E-01  4.1111E-01  3.8409E-01  5.2943E-01
  2.0767E-01  4.1351E-01  3.8666E-01  5.3297E-01
  2.0913E-01  4.1559E-01  3.8924E-01  5.3654E-01
  2.1059E-01  4.1735E-01  3.9184E-01  5.4013E-01
  2.1207E-01  4.1878E-01  3.9446E-01  5.4375E-01
  2.1355E-01  4.1989E-01  3.9709E-01  5.4738E-01
  2.1505E-01  4.2067E-01  3.9974E-01  5.5103E-01
  2.1655E-01  4.2111E-01  4.0240E-01  5.5471E-01
  2.1807E-01  4.2121E-01  4.0508E-01  5.5841E-01
  2.1960E-01  4.2097E-01  4.0777E-01  5.6213E-01
  2.2114E-01  4.2038E-01  4.1048E-01  5.6587E-01
  2.2269E-01  4.1945E-01  4.1321E-01  5.6963E-01
  2.2425E-01  4.1816E-01  4.1595E-01  5.7341E-01
  2.2582E-01  4.1653E-01  4.1871E-01  5.7722E-01
  2.2740E-01  4.1454E-01  4.2149E-01  5.8105E-01
  2.2899E-01  4.1220E-01  4.2428E-01  5.8490E-01
  2.3060E-01  4.0950E-01  4.2708E-01  5.8877E-01
  2.3221E-01  4.0644E-01  4.2991E-01  5.9266E-01
  2.3384E-01  4.0303E-01  4.3275E-01  5.9658E-01
  2.3548E-01  3.9926E-01  4.3560E-01  6.0051E-01
  2.3713E-01  3.9513E-01  4.3847E-01  6.0447E-01
  2.3879E-01  3.9065E-01  4.4136E-01  6.0845E-01
  2.4046E-01  3.8581E-01  4.4427E-01  6.1246E-01
  2.4215E-01  3.8061E-01  4.4719E-01  6.1648E-01
  2.4384E-01  3.7506E-01  4.5013E-01  6.2053E-01
  2.4555E-01  3.6916E-01  4.5308E-01  6.2460E-01
  2.4727E-01  3.6291E-01  4.5605E-01  6.2869E-01
  2.4901E-01  3.5631E-01  4.5904E-01  6.3280E-01
  2.5075E-01  3.4937E-01  4.6204E-01  6.3693E-01
  2.5251E-01  3.4208E-01  4.6506E-01  6.4109E-01
  2.5428E-01  3.3446E-01  4.6810E-01  6.4527E-01
  2.5606E-01  3.2650E-01  4.7115E-01  6.4947E-01
  2.5785E-01  3.1821E-01  4.7423E-01  6.5369E-01
  2.5966E-01  3.0959E-01  4.7731E-01  6.5794E-01
  2.6148E-01  3.0065E-01  4.8042E-01  6.6220E-01
  2.6331E-01  2.9140E-01  4.8354E-01  6.6649E-01
  2.6515E-01  2.8183E-01  4.8668E-01  6.7080E-01
  2.6701E-01  2.7196E-01  4.8983E-01  6.7513E-01
  2.6888E-01  2.6179E-01  4.9300E-01  6.7949E-01
  2.7076E-01  2.5132E-01  4.9619E-01  6.8386E-01
  2.7266E-01  2.4057E-01  4.9940E-01  6.8826E-01
  2.7457E-01  2.2953E-01  5.0262E-01  6.9268E-01
  2.7650E-01  2.1823E-01  5.0586E-01  6.9712E-01
  2.7843E-01  2.0665E-01  5.0911E-01  7.0158E-01
  2.8038E-01  1.9483E-01  5.1238E-01  7.0606E-01
  2.8235E-01  1.8275E-01  5.1567E-01  7.1056E-01
  2.8433E-01  1.7043E-01  5.1898E-01  7.1509E-01
  2.8632E-01  1.5788E-01  5.2230E-01  7.1963E-01
  2.8832E-01  1.4510E-01  5.2564E-01  7.2420E-01
  2.9034E-01  1.3212E-01  5.2900E-01  7.2879E-01
  2.9238E-01  1.1892E-01  5.3237E-01  7.3339E-01
  2.9442E-01  1.0554E-01  5.3576E-01  7.3802E-01
  2.9649E-01  9.1967E-02  5.3917E-01  7.4267E-01
  2.9856E-01  7.8223E-02  5.4259E-01  7.4734E-01
  3.0066E-01  6.4315E-02  5.4603E-01  7.5202E-01
  3.0276E-01  5.0255E-02  5.4949E-01  7.5673E-01
  3.0488E-01  3.6053E-02  5.5297E-01  7.6146E-01
  3.0702E-01  2.1722E-02  5.5646E-01  7.6621E-01
  3.0917E-01  7.2711E-03  5.5996E-01  7.7097E-01
  3.1134E-01 -7.2864E-03  5.6349E-01  7.7576E-01
  3.1352E-01 -2.1939E-02  5.6703E-01  7.8056E-01
  3.1571E-01 -3.6675E-02  5.7058E-01  7.8539E-01
  3.1793E-01 -5.1482E-02  5.7416E-01  7.9023E-01
  3.2015E-01 -6.6347E-02  5.7775E-01  7.9509E-01
  3.2240E-01 -8.1258E-02  5.8135E-01  7.9996E-01
  3.2465E-01 -9.6203E-02  5.8497E-01  8.0486E-01
  3.2693E-01 -1.1117E-01  5.8861E-01  8.0977E-01
  3.2922E-01 -1.2614E-01  5.9226E-01  8.1470E-01
  3.3152E-01 -1.4111E-01  5.9593E-01  8.1964E-01
  3.3385E-01 -1.5606E-01  5.9962E-01  8.2460E-01
  3.3619E-01 -1.7097E-01  6.0332E-01  8.2958E-01
  3.3854E-01 -1.8585E-01  6.0704E-01  8.3457E-01
  3.4091E-01 -2.0066E-01  6.1077E-01  8.3958E-01
  3.4330E-01 -2.1540E-01  6.1452E-01  8.4461E-01
  3.4571E-01 -2.3006E-01  6.1828E-01  8.4964E-01
  3.4813E-01 -2.4462E-01  6.2206E-01  8.5470E-01
  3.5057E-01 -2.5906E-01  6.2586E-01  8.5976E-01
  3.5302E-01 -2.7338E-01  6.2967E-01  8.6484E-01
  3.5549E-01 -2.8757E-01  6.3349E-01  8.6993E-01
  3.5799E-01 -3.0160E-01  6.3733E-01  8.7504E-01
  3.6049E-01 -3.1546E-01  6.4119E-01  8.8015E-01
  3.6302E-01 -3.2915E-01  6.4506E-01  8.8528E-01
  3.6556E-01 -3.4264E-01  6.4894E-01  8.9042E-01
  3.6812E-01 -3.5593E-01  6.5284E-01  8.9556E-01
  3.7070E-01 -3.6900E-01  6.5675E-01  9.0072E-01
  3.7330E-01 -3.8183E-01  6.6068E-01  9.0589E-01
  3.7591E-01 -3.9443E-01  6.6462E-01  9.1107E-01
  3.7855E-01 -4.0677E-01  6.6857E-01  9.1625E-01
  3.8120E-01 -4.1884E-01  6.7254E-01  9.2144E-01
  3.8387E-01 -4.3062E-01  6.7652E-01  9.2664E-01
  3.8656E-01 -4.4212E-01  6.8051E-01  9.3184E-01
  3.8927E-01 -4.5330E-01  6.8452E-01  9.3705E-01
  3.9199E-01 -4.6417E-01  6.8854E-01  9.4226E-01
  3.9474E-01 -4.7471E-01  6.9257E-01  9.4748E-01
  3.9750E-01 -4.8491E-01  6.9661E-01  9.5270E-01
  4.0029E-01 -4.9476E-01  7.0067E-01  9.5792E-01
  4.0309E-01 -5.0425E-01  7.0474E-01  9.6314E-01
  4.0592E-01 -5.1336E-01  7.0882E-01  9.6837E-01
  4.0876E-01 -5.2209E-01  7.1291E-01  9.7359E-01
  4.1162E-01 -5.3043E-01  7.1701E-01  9.7882E-01
  4.1451E-01 -5.3836E-01  7.2112E-01  9.8404E-01
  4.1741E-01 -5.4588E-01  7.2525E-01  9.8925E-01
  4.2033E-01 -5.5298E-01  7.2938E-01  9.9447E-01
  4.2328E-01 -5.5965E-01  7.3353E-01  9.9968E-01
  4.2624E-01 -5.6588E-01  7.3768E-01  1.0049E+00
  4.2923E-01 -5.7166E-01  7.4184E-01  1.0101E+00
  4.3224E-01 -5.7699E-01  7.4602E-01  1.0153E+00
  4.3526E-01 -5.8186E-01  7.5020E-01  1.0204E+00
  4.3831E-01 -5.8625E-01  7.5439E-01  1.0256E+00
  4.4138E-01 -5.9018E-01  7.5858E-01  1.0308E+00
  4.4447E-01 -5.9361E-01  7.6279E-01  1.0359E+00
  4.4759E-01 -5.9656E-01  7.6700E-01  1.0410E+00
  4.5072E-01 -5.9902E-01  7.7122E-01  1.0461E+00
  4.5388E-01 -6.0098E-01  7.7545E-01  1.0512E+00
  4.5706E-01 -6.0243E-01  7.7969E-01  1.0563E+00
  4.6026E-01 -6.0338E-01  7.8393E-01  1.0614E+00
  4.6349E-01 -6.0382E-01  7.8817E-01  1.0664E+00
  4.6673E-01 -6.0374E-01  7.9242E-01  1.0714E+00
  4.7000E-01 -6.0314E-01  7.9668E-01  1.0764E+00
  4.7329E-01 -6.0203E-01  8.0094E-01  1.0814E+00
  4.7661E-01 -6.0039E-01  8.0520E-01  1.0863E+00
  4.7995E-01 -5.9823E-01  8.0947E-01  1.0912E+00
  4.8331E-01 -5.9554E-01  8.1374E-01  1.0961E+00
  4.8670E-01 -5.9233E-01  8.1801E-01  1.1010E+00
  4.9011E-01 -5.8859E-01  8.2228E-01  1.1058E+00
  4.9354E-01 -5.8432E-01  8.2656E-01  1.1106E+00
  4.9700E-01 -5.7953E-01  8.3084E-01  1.1153E+00
  5.0048E-01 -5.7422E-01  8.3511E-01  1.1200E+00
  5.0398E-01 -5.6838E-01  8.3939E-01  1.1247E+00
  5.0751E-01 -5.6202E-01  8.4367E-01  1.1293E+00
  5.1107E-01 -5.5514E-01  8.4794E-01  1.1339E+00
  5.1465E-01 -5.4775E-01  8.5222E-01  1.1384E+00
  5.1825E-01 -5.3984E-01  8.5649E-01  1.1429E+00
  5.2188E-01 -5.3143E-01  8.6076E-01  1.1473E+00
  5.2554E-01 -5.2252E-01  8.6502E-01  1.1517E+00
  5.2922E-01 -5.1310E-01  8.6928E-01  1.1560E+00
  5.3293E-01 -5.0319E-01  8.7354E-01  1.1602E+00
  5.3666E-01 -4.9279E-01  8.7779E-01  1.1644E+00
  5.4042E-01 -4.8191E-01  8.8203E-01  1.1686E+00
  5.4421E-01 -4.7055E-01  8.8627E-01  1.1727E+00
  5.4802E-01 -4.5873E-01  8.9050E-01  1.1767E+00
  5.5186E-01 -4.4644E-01  8.9472E-01  1.1806E+00
  5.5572E-01 -4.3370E-01  8.9894E-01  1.1845E+00
  5.5961E-01 -4.2051E-01  9.0314E-01  1.1882E+00
  5.6353E-01 -4.0689E-01  9.0734E-01  1.1920E+00
  5.6748E-01 -3.9284E-01  9.1152E-01  1.1956E+00
  5.7146E-01 -3.7837E-01  9.1569E-01  1.1991E+00
  5.7546E-01 -3.6349E-01  9.1985E-01  1.2026E+00
  5.7949E-01 -3.4821E-01  9.2399E-01  1.2060E+00
  5.8355E-01 -3.3254E-01  9.2812E-01  1.2092E+00
  5.8764E-01 -3.1650E-01  9.3223E-01  1.2124E+00
  5.9175E-01 -3.0009E-01  9.3633E-01  1.2155E+00
  5.9590E-01 -2.8332E-01  9.4041E-01  1.2185E+00
  6.0007E-01 -2.6621E-01  9.4448E-01  1.2214E+00
  6.0428E-01 -2.4877E-01  9.4852E-01  1.2242E+00
  6.0851E-01 -2.3100E-01  9.5255E-01  1.2268E+00
  6.1277E-01 -2.1293E-01  9.5655E-01  1.2294E+00
  6.1706E-01 -1.9457E-01  9.6054E-01  1.2318E+00
  6.2139E-01 -1.7592E-01  9.6450E-01  1.2342E+00
  6.2574E-01 -1.5701E-01  9.6843E-01  1.2364E+00
  6.3012E-01 -1.3784E-01  9.7235E-01  1.2384E+00
  6.3454E-01 -1.1843E-01  9.7624E-01  1.2404E+00
  6.3898E-01 -9.8793E-02  9.8010E-01  1.2422E+00
  6.4346E-01 -7.8941E-02  9.8393E-01  1.2438E+00
  6.4796E-01 -5.8890E-02  9.8773E-01  1.2454E+00
  6.5250E-01 -3.8654E-02  9.9151E-01  1.2468E+00
  6.5707E-01 -1.8246E-02  9.9525E-01  1.2480E+00
  6.6168E-01  2.3176E-03  9.9896E-01  1.2491E+00
  6.6631E-01  2.3024E-02  1.0026E+00  1.2500E+00
  6.7098E-01  4.3857E-02  1.0063E+00  1.2508E+00
  6.7568E-01  6.4804E-02  1.0099E+00  1.2514E+00
  6.8041E-01  8.5849E-02  1.0135E+00  1.2519E+00
  6.8518E-01  1.0698E-01  1.0170E+00  1.2522E+00
  6.8998E-01  1.2817E-01  1.0205E+00  1.2523E+00
  6.9481E-01  1.4943E-01  1.0240E+00  1.2522E+00
  6.9968E-01  1.7072E-01  1.0274E+00  1.2519E+00
  7.0458E-01  1.9203E-01  1.0307E+00  1.2515E+00
  7.0951E-01  2.1336E-01  1.0341E+00  1.2509E+00
  7.1448E-01  2.3468E-01  1.0373E+00  1.2501E+00
  7.1949E-01  2.5598E-01  1.0406E+00  1.2491E+00
  7.2453E-01  2.7725E-01  1.0438E+00  1.2479E+00
  7.2960E-01  2.9847E-01  1.0469E+00  1.2464E+00
  7.3471E-01  3.1963E-01  1.0500E+00  1.2448E+00
  7.3986E-01  3.4071E-01  1.0530E+00  1.2430E+00
  7.4504E-01  3.6171E-01  1.0560E+00  1.2410E+00
  7.5026E-01  3.8260E-01  1.0589E+00  1.2387E+00
  7.5551E-01  4.0337E-01  1.0618E+00  1.2362E+00
  7.6081E-01  4.2401E-01  1.0646E+00  1.2335E+00
  7.6614E-01  4.4451E-01  1.0674E+00  1.2306E+00
  7.7150E-01  4.6485E-01  1.0700E+00  1.2274E+00
  7.7691E-01  4.8503E-01  1.0727E+00  1.2240E+00
  7.8235E-01  5.0502E-01  1.0752E+00  1.2204E+00
  7.8783E-01  5.2481E-01  1.0777E+00  1.2165E+00
  7.9335E-01  5.4441E-01  1.0802E+00  1.2124E+00
  7.9890E-01  5.6378E-01  1.0825E+00  1.2080E+00
  8.0450E-01  5.8292E-01  1.0848E+00  1.2033E+00
  8.1013E-01  6.0182E-01  1.0870E+00  1.1985E+00
  8.1581E-01  6.2047E-01  1.0892E+00  1.1933E+00
  8.2152E-01  6.3886E-01  1.0912E+00  1.1879E+00
  8.2728E-01  6.5697E-01  1.0932E+00  1.1823E+00
  8.3307E-01  6.7480E-01  1.0951E+00  1.1763E+00
  8.3891E-01  6.9234E-01  1.0970E+00  1.1702E+00
  8.4478E-01  7.0957E-01  1.0987E+00  1.1637E+00
  8.5070E-01  7.2649E-01  1.1004E+00  1.1570E+00
  8.5666E-01  7.4309E-01  1.1020E+00  1.1499E+00
  8.6266E-01  7.5937E-01  1.1035E+00  1.1427E+00
  8.6870E-01  7.7530E-01  1.1049E+00  1.1351E+00
  8.7479E-01  7.9089E-01  1.1062E+00  1.1273E+00
  8.8091E-01  8.0612E-01  1.1074E+00  1.1192E+00
  8.8708E-01  8.2100E-01  1.1086E+00  1.1108E+00
  8.9330E-01  8.3551E-01  1.1096E+00  1.1021E+00
  8.9955E-01  8.4965E-01  1.1105E+00  1.0931E+00
  9.0586E-01  8.6340E-01  1.1114E+00  1.0839E+00
  9.1220E-01  8.7678E-01  1.1121E+00  1.0744E+00
  9.1859E-01  8.8976E-01  1.1128E+00  1.0646E+00
  9.2502E-01  9.0234E-01  1.1133E+00  1.0545E+00
  9.3150E-01  9.1453E-01  1.1137E+00  1.0442E+00
  9.3803E-01  9.2631E-01  1.1141E+00  1.0335E+00
  9.4460E-01  9.3768E-01  1.1143E+00  1.0226E+00
  9.5122E-01  9.4864E-01  1.1144E+00  1.0114E+00
  9.5788E-01  9.5919E-01  1.1144E+00  9.9996E-01
  9.6459E-01  9.6931E-01  1.1142E+00  9.8822E-01
  9.7134E-01  9.7902E-01  1.1140E+00  9.7622E-01
  9.7815E-01  9.8830E-01  1.1136E+00  9.6396E-01
  9.8500E-01  9.9716E-01  1.1132E+00  9.5143E-01
  9.9190E-01  1.0056E+00  1.1126E+00  9.3864E-01
  9.9885E-01  1.0136E+00  1.1119E+00  9.2559E-01
  1.0058E+00  1.0212E+00  1.1110E+00  9.1230E-01
  1.0129E+00  1.0283E+00  1.1100E+00  8.9876E-01
  1.0200E+00  1.0350E+00  1.1089E+00  8.8498E-01
  1.0271E+00  1.0413E+00  1.1077E+00  8.7096E-01
  1.0343E+00  1.0472E+00  1.1064E+00  8.5672E-01
  1.0416E+00  1.0526E+00  1.1049E+00  8.4225E-01
  1.0489E+00  1.0576E+00  1.1033E+00  8.2756E-01
  1.0562E+00  1.0622E+00  1.1015E+00  8.1267E-01
  1.0636E+00  1.0664E+00  1.0996E+00  7.9757E-01
  1.0711E+00  1.0701E+00  1.0976E+00  7.8228E-01
  1.0786E+00  1.0734E+00  1.0954E+00  7.6680E-01
  1.0861E+00  1.0763E+00  1.0931E+00  7.5114E-01
  1.0937E+00  1.0788E+00  1.0907E+00  7.3532E-01
  1.1014E+00  1.0809E+00  1.0881E+00  7.1933E-01
  1.1091E+00  1.0825E+00  1.0853E+00  7.0320E-01
  1.1169E+00  1.0838E+00  1.0825E+00  6.8693E-01
  1.1247E+00  1.0847E+00  1.0794E+00  6.7053E-01
  1.1326E+00  1.0851E+00  1.0763E+00  6.5401E-01
  1.1405E+00  1.0852E+00  1.0729E+00  6.3738E-01
  1.1485E+00  1.0849E+00  1.0695E+00  6.2066E-01
  1.1565E+00  1.0842E+00  1.0658E+00  6.0386E-01
  1.1646E+00  1.0831E+00  1.0621E+00  5.8699E-01
  1.1728E+00  1.0817E+00  1.0582E+00  5.7006E-01
  1.1810E+00  1.0799E+00  1.0541E+00  5.5309E-01
  1.1893E+00  1.0777E+00  1.0499E+00  5.3608E-01
  1.1976E+00  1.0752E+00  1.0455E+00  5.1906E-01
  1.2060E+00  1.0723E+00  1.0409E+00  5.0204E-01
  1.2144E+00  1.0691E+00  1.0363E+00  4.8503E-01
  1.2229E+00  1.0655E+00  1.0314E+00  4.6805E-01
  1.2315E+00  1.0617E+00  1.0264E+00  4.5110E-01
  1.2401E+00  1.0575E+00  1.0213E+00  4.3421E-01
  1.2488E+00  1.0529E+00  1.0160E+00  4.1740E-01
  1.2576E+00  1.0481E+00  1.0105E+00  4.0067E-01
  1.2664E+00  1.0430E+00  1.0049E+00  3.8404E-01
  1.2752E+00  1.0375E+00  9.9912E-01  3.6753E-01
  1.2842E+00  1.0318E+00  9.9320E-01  3.5115E-01
  1.2932E+00  1.0258E+00  9.8712E-01  3.3493E-01
  1.3022E+00  1.0195E+00  9.8089E-01  3.1886E-01
  1.3114E+00  1.0130E+00  9.7451E-01  3.0298E-01
  1.3205E+00  1.0062E+00  9.6798E-01  2.8730E-01
  1.3298E+00  9.9913E-01  9.6130E-01  2.7182E-01
  1.3391E+00  9.9183E-01  9.5447E-01  2.5658E-01
  1.3485E+00  9.8430E-01  9.4749E-01  2.4158E-01
  1.3579E+00  9.7654E-01  9.4036E-01  2.2683E-01
  1.3674E+00  9.6855E-01  9.3308E-01  2.1236E-01
  1.3770E+00  9.6036E-01  9.2567E-01  1.9818E-01
  1.3867E+00  9.5196E-01  9.1810E-01  1.8430E-01
  1.3964E+00  9.4336E-01  9.1040E-01  1.7074E-01
  1.4062E+00  9.3458E-01  9.0256E-01  1.5751E-01
  1.4160E+00  9.2561E-01  8.9458E-01  1.4462E-01
  1.4259E+00  9.1647E-01  8.8647E-01  1.3209E-01
  1.4359E+00  9.0716E-01  8.7822E-01  1.1993E-01
  1.4460E+00  8.9770E-01  8.6984E-01  1.0815E-01
  1.4561E+00  8.8809E-01  8.6134E-01  9.6757E-02
  1.4663E+00  8.7833E-01  8.5271E-01  8.5770E-02
  1.4766E+00  8.6844E-01  8.4396E-01  7.5197E-02
  1.4869E+00  8.5843E-01  8.3509E-01  6.5045E-02
  1.4973E+00  8.4829E-01  8.2610E-01  5.5324E-02
  1.5078E+00  8.3805E-01  8.1700E-01  4.6040E-02
  1.5184E+00  8.2770E-01  8.0779E-01  3.7201E-02
  1.5290E+00  8.1725E-01  7.9847E-01  2.8813E-02
  1.5397E+00  8.0672E-01  7.8905E-01  2.0880E-02
  1.5505E+00  7.9610E-01  7.7953E-01  1.3406E-02
  1.5614E+00  7.8541E-01  7.6992E-01  6.3947E-03
  1.5723E+00  7.7465E-01  7.6022E-01 -1.5242E-04
  1.5833E+00  7.6384E-01  7.5043E-01 -6.2344E-03
  1.5944E+00  7.5297E-01  7.4056E-01 -1.1852E-02
  1.6056E+00  7.4205E-01  7.3061E-01 -1.7005E-02
  1.6168E+00  7.3110E-01  7.2059E-01 -2.1698E-02
  1.6281E+00  7.2011E-01  7.1050E-01 -2.5933E-02
  1.6395E+00  7.0909E-01  7.0035E-01 -2.9717E-02
  1.6510E+00  6.9806E-01  6.9014E-01 -3.3054E-02
  1.6626E+00  6.8701E-01  6.7988E-01 -3.5952E-02
  1.6742E+00  6.7596E-01  6.6957E-01 -3.8420E-02
  1.6860E+00  6.6491E-01  6.5922E-01 -4.0468E-02
  1.6978E+00  6.5386E-01  6.4884E-01 -4.2107E-02
  1.7097E+00  6.4282E-01  6.3842E-01 -4.3349E-02
  1.7216E+00  6.3180E-01  6.2798E-01 -4.4208E-02
  1.7337E+00  6.2080E-01  6.1751E-01 -4.4699E-02
  1.7458E+00  6.0983E-01  6.0704E-01 -4.4837E-02
  1.7581E+00  5.9889E-01  5.9655E-01 -4.4641E-02
  1.7704E+00  5.8799E-01  5.8606E-01 -4.4128E-02
  1.7828E+00  5.7714E-01  5.7558E-01 -4.3317E-02
  1.7953E+00  5.6633E-01  5.6511E-01 -4.2230E-02
  1.8078E+00  5.5558E-01  5.5465E-01 -4.0888E-02
  1.8205E+00  5.4488E-01  5.4422E-01 -3.9314E-02
  1.8333E+00  5.3425E-01  5.3381E-01 -3.7529E-02
  1.8461E+00  5.2368E-01  5.2344E-01 -3.5560E-02
  1.8590E+00  5.1318E-01  5.1311E-01 -3.3430E-02
  1.8720E+00  5.0276E-01  5.0282E-01 -3.1165E-02
  1.8852E+00  4.9242E-01  4.9259E-01 -2.8792E-02
  1.8984E+00  4.8216E-01  4.8242E-01 -2.6335E-02
  1.9117E+00  4.7198E-01  4.7231E-01 -2.3822E-02
  1.9250E+00  4.6190E-01  4.6226E-01 -2.1280E-02
  1.9385E+00  4.5191E-01  4.5230E-01 -1.8735E-02
  1.9521E+00  4.4201E-01  4.4241E-01 -1.6213E-02
  1.9658E+00  4.3222E-01  4.3261E-01 -1.3743E-02
  1.9795E+00  4.2252E-01  4.2291E-01 -1.1348E-02
  1.9934E+00  4.1294E-01  4.1329E-01 -9.0544E-03
  2.0074E+00  4.0345E-01  4.0378E-01 -6.8870E-03
  2.0214E+00  3.9408E-01  3.9438E-01 -4.8691E-03
  2.0356E+00  3.8482E-01  3.8508E-01 -3.0230E-03
  2.0499E+00  3.7568E-01  3.7589E-01 -1.3698E-03
  2.0642E+00  3.6665E-01  3.6683E-01  7.0883E-05
  2.0787E+00  3.5774E-01  3.5788E-01  1.2813E-03
  2.0932E+00  3.4895E-01  3.4906E-01  2.2456E-03
  2.1079E+00  3.4028E-01  3.4036E-01  2.9500E-03
  2.1227E+00  3.3174E-01  3.3179E-01  3.3831E-03
  2.1375E+00  3.2332E-01  3.2335E-01  3.5361E-03
  2.1525E+00  3.1502E-01  3.1504E-01  3.4029E-03
  2.1676E+00  3.0686E-01  3.0686E-01  2.9806E-03
  2.1827E+00  2.9882E-01  2.9882E-01  2.2694E-03
  2.1980E+00  2.9091E-01  2.9091E-01  1.2728E-03
  2.2134E+00  2.8313E-01  2.8313E-01  0.0000E+00
  2.2289E+00  2.7548E-01  2.7548E-01  0.0000E+00
  2.2445E+00  2.6796E-01  2.6796E-01  0.0000E+00
  2.2603E+00  2.6057E-01  2.6057E-01  0.0000E+00
  2.2761E+00  2.5331E-01  2.5331E-01  0.0000E+00
  2.2920E+00  2.4619E-01  2.4619E-01  0.0000E+00
  2.3081E+00  2.3920E-01  2.3920E-01  0.0000E+00
  2.3243E+00  2.3234E-01  2.3234E-01  0.0000E+00
  2.3405E+00  2.2561E-01  2.2561E-01  0.0000E+00
  2.3569E+00  2.1901E-01  2.1901E-01  0.0000E+00
  2.3734E+00  2.1254E-01  2.1254E-01  0.0000E+00
  2.3901E+00  2.0621E-01  2.0621E-01  0.0000E+00
  2.4068E+00  2.0000E-01  2.0000E-01  0.0000E+00
  2.4237E+00  1.9393E-01  1.9393E-01  0.0000E+00
  2.4406E+00  1.8798E-01  1.8798E-01  0.0000E+00
  2.4577E+00  1.8217E-01  1.8217E-01  0.0000E+00
  2.4749E+00  1.7648E-01  1.7648E-01  0.0000E+00
  2.4923E+00  1.7092E-01  1.7092E-01  0.0000E+00
  2.5097E+00  1.6548E-01  1.6548E-01  0.0000E+00
  2.5273E+00  1.6017E-01  1.6017E-01  0.0000E+00
  2.5450E+00  1.5498E-01  1.5498E-01  0.0000E+00
  2.5628E+00  1.4992E-01  1.4992E-01  0.0000E+00
  2.5808E+00  1.4497E-01  1.4497E-01  0.0000E+00
  2.5989E+00  1.4015E-01  1.4015E-01  0.0000E+00
  2.6171E+00  1.3545E-01  1.3545E-01  0.0000E+00
  2.6354E+00  1.3086E-01  1.3086E-01  0.0000E+00
  2.6539E+00  1.2639E-01  1.2639E-01  0.0000E+00
  2.6724E+00  1.2204E-01  1.2204E-01  0.0000E+00
  2.6912E+00  1.1780E-01  1.1780E-01  0.0000E+00
  2.7100E+00  1.1367E-01  1.1367E-01  0.0000E+00
  2.7290E+00  1.0965E-01  1.0965E-01  0.0000E+00
  2.7481E+00  1.0574E-01  1.0574E-01  0.0000E+00
  2.7674E+00  1.0194E-01  1.0194E-01  0.0000E+00
  2.7867E+00  9.8246E-02  9.8246E-02  0.0000E+00
  2.8063E+00  9.4653E-02  9.4653E-02  0.0000E+00
  2.8259E+00  9.1163E-02  9.1163E-02  0.0000E+00
  2.8457E+00  8.7774E-02  8.7774E-02  0.0000E+00
  2.8656E+00  8.4483E-02  8.4483E-02  0.0000E+00
  2.8857E+00  8.1290E-02  8.1290E-02  0.0000E+00
  2.9059E+00  7.8191E-02  7.8191E-02  0.0000E+00
  2.9263E+00  7.5187E-02  7.5187E-02  0.0000E+00
  2.9468E+00  7.2274E-02  7.2274E-02  0.0000E+00
  2.9674E+00  6.9451E-02  6.9451E-02  0.0000E+00
  2.9882E+00  6.6717E-02  6.6717E-02  0.0000E+00
  3.0091E+00  6.4068E-02  6.4068E-02  0.0000E+00
  3.0302E+00  6.1505E-02  6.1505E-02  0.0000E+00
  3.0514E+00  5.9024E-02  5.9024E-02  0.0000E+00
  3.0728E+00  5.6624E-02  5.6624E-02  0.0000E+00
  3.0943E+00  5.4303E-02  5.4303E-02  0.0000E+00
  3.1160E+00  5.2060E-02  5.2060E-02  0.0000E+00
  3.1378E+00  4.9892E-02  4.9892E-02  0.0000E+00
