 # l=           2 basis function with energy     2.30000000000000     
  0.0000E+00  0.0000E+00  0.0000E+00  0.0000E+00
  4.8884E-07 -8.2121E-13 -1.3333E-18 -8.7046E-19
  9.8109E-07 -4.8293E-12 -1.0779E-17 -7.0387E-18
  1.4768E-06 -1.3664E-11 -3.6762E-17 -2.4003E-17
  1.9760E-06 -2.8655E-11 -8.8059E-17 -5.7499E-17
  2.4787E-06 -5.0996E-11 -1.7381E-16 -1.1349E-16
  2.9848E-06 -8.1807E-11 -3.0353E-16 -1.9820E-16
  3.4946E-06 -1.2216E-10 -4.8710E-16 -3.1807E-16
  4.0079E-06 -1.7311E-10 -7.3482E-16 -4.7983E-16
  4.5248E-06 -2.3568E-10 -1.0574E-15 -6.9045E-16
  5.0453E-06 -3.1088E-10 -1.4659E-15 -9.5721E-16
  5.5695E-06 -3.9974E-10 -1.9719E-15 -1.2876E-15
  6.0973E-06 -5.0327E-10 -2.5873E-15 -1.6895E-15
  6.6289E-06 -6.2248E-10 -3.3247E-15 -2.1710E-15
  7.1642E-06 -7.5842E-10 -4.1968E-15 -2.7405E-15
  7.7032E-06 -9.1210E-10 -5.2172E-15 -3.4068E-15
  8.2460E-06 -1.0846E-09 -6.3996E-15 -4.1788E-15
  8.7925E-06 -1.2769E-09 -7.7584E-15 -5.0662E-15
  9.3430E-06 -1.4902E-09 -9.3085E-15 -6.0784E-15
  9.8972E-06 -1.7255E-09 -1.1065E-14 -7.2256E-15
  1.0455E-05 -1.9839E-09 -1.3045E-14 -8.5183E-15
  1.1017E-05 -2.2665E-09 -1.5264E-14 -9.9673E-15
  1.1583E-05 -2.5746E-09 -1.7740E-14 -1.1584E-14
  1.2153E-05 -2.9092E-09 -2.0489E-14 -1.3379E-14
  1.2727E-05 -3.2716E-09 -2.3531E-14 -1.5366E-14
  1.3305E-05 -3.6629E-09 -2.6885E-14 -1.7556E-14
  1.3887E-05 -4.0843E-09 -3.0570E-14 -1.9962E-14
  1.4473E-05 -4.5373E-09 -3.4606E-14 -2.2597E-14
  1.5064E-05 -5.0229E-09 -3.9014E-14 -2.5476E-14
  1.5658E-05 -5.5425E-09 -4.3817E-14 -2.8612E-14
  1.6257E-05 -6.0975E-09 -4.9036E-14 -3.2020E-14
  1.6859E-05 -6.6892E-09 -5.4694E-14 -3.5715E-14
  1.7466E-05 -7.3190E-09 -6.0816E-14 -3.9712E-14
  1.8077E-05 -7.9883E-09 -6.7426E-14 -4.4029E-14
  1.8693E-05 -8.6986E-09 -7.4550E-14 -4.8680E-14
  1.9312E-05 -9.4512E-09 -8.2214E-14 -5.3685E-14
  1.9937E-05 -1.0248E-08 -9.0444E-14 -5.9059E-14
  2.0565E-05 -1.1090E-08 -9.9270E-14 -6.4822E-14
  2.1198E-05 -1.1979E-08 -1.0872E-13 -7.0993E-14
  2.1835E-05 -1.2917E-08 -1.1882E-13 -7.7590E-14
  2.2477E-05 -1.3905E-08 -1.2961E-13 -8.4635E-14
  2.3123E-05 -1.4945E-08 -1.4112E-13 -9.2147E-14
  2.3774E-05 -1.6038E-08 -1.5337E-13 -1.0015E-13
  2.4429E-05 -1.7188E-08 -1.6641E-13 -1.0866E-13
  2.5089E-05 -1.8394E-08 -1.8026E-13 -1.1771E-13
  2.5754E-05 -1.9659E-08 -1.9497E-13 -1.2731E-13
  2.6423E-05 -2.0985E-08 -2.1056E-13 -1.3749E-13
  2.7097E-05 -2.2374E-08 -2.2709E-13 -1.4829E-13
  2.7776E-05 -2.3828E-08 -2.4458E-13 -1.5971E-13
  2.8459E-05 -2.5348E-08 -2.6308E-13 -1.7179E-13
  2.9147E-05 -2.6937E-08 -2.8263E-13 -1.8455E-13
  2.9840E-05 -2.8597E-08 -3.0327E-13 -1.9803E-13
  3.0538E-05 -3.0330E-08 -3.2505E-13 -2.1225E-13
  3.1241E-05 -3.2138E-08 -3.4801E-13 -2.2725E-13
  3.1948E-05 -3.4023E-08 -3.7220E-13 -2.4304E-13
  3.2661E-05 -3.5988E-08 -3.9766E-13 -2.5967E-13
  3.3379E-05 -3.8035E-08 -4.2445E-13 -2.7716E-13
  3.4101E-05 -4.0166E-08 -4.5262E-13 -2.9556E-13
  3.4829E-05 -4.2383E-08 -4.8222E-13 -3.1488E-13
  3.5562E-05 -4.4690E-08 -5.1330E-13 -3.3518E-13
  3.6299E-05 -4.7088E-08 -5.4592E-13 -3.5648E-13
  3.7043E-05 -4.9581E-08 -5.8014E-13 -3.7882E-13
  3.7791E-05 -5.2170E-08 -6.1601E-13 -4.0225E-13
  3.8544E-05 -5.4859E-08 -6.5360E-13 -4.2679E-13
  3.9303E-05 -5.7650E-08 -6.9296E-13 -4.5250E-13
  4.0067E-05 -6.0546E-08 -7.3417E-13 -4.7941E-13
  4.0837E-05 -6.3550E-08 -7.7729E-13 -5.0756E-13
  4.1612E-05 -6.6665E-08 -8.2238E-13 -5.3700E-13
  4.2392E-05 -6.9893E-08 -8.6951E-13 -5.6778E-13
  4.3178E-05 -7.3239E-08 -9.1876E-13 -5.9994E-13
  4.3969E-05 -7.6704E-08 -9.7021E-13 -6.3353E-13
  4.4766E-05 -8.0293E-08 -1.0239E-12 -6.6860E-13
  4.5568E-05 -8.4007E-08 -1.0800E-12 -7.0520E-13
  4.6376E-05 -8.7852E-08 -1.1384E-12 -7.4339E-13
  4.7190E-05 -9.1829E-08 -1.1994E-12 -7.8320E-13
  4.8009E-05 -9.5944E-08 -1.2630E-12 -8.2471E-13
  4.8834E-05 -1.0020E-07 -1.3292E-12 -8.6797E-13
  4.9665E-05 -1.0460E-07 -1.3982E-12 -9.1303E-13
  5.0502E-05 -1.0914E-07 -1.4701E-12 -9.5995E-13
  5.1344E-05 -1.1384E-07 -1.5449E-12 -1.0088E-12
  5.2193E-05 -1.1869E-07 -1.6228E-12 -1.0596E-12
  5.3047E-05 -1.2370E-07 -1.7038E-12 -1.1125E-12
  5.3907E-05 -1.2887E-07 -1.7880E-12 -1.1676E-12
  5.4774E-05 -1.3421E-07 -1.8756E-12 -1.2248E-12
  5.5646E-05 -1.3972E-07 -1.9667E-12 -1.2842E-12
  5.6525E-05 -1.4541E-07 -2.0613E-12 -1.3460E-12
  5.7410E-05 -1.5127E-07 -2.1596E-12 -1.4102E-12
  5.8300E-05 -1.5732E-07 -2.2617E-12 -1.4769E-12
  5.9198E-05 -1.6356E-07 -2.3678E-12 -1.5461E-12
  6.0101E-05 -1.7000E-07 -2.4779E-12 -1.6180E-12
  6.1011E-05 -1.7663E-07 -2.5921E-12 -1.6926E-12
  6.1927E-05 -1.8346E-07 -2.7106E-12 -1.7700E-12
  6.2850E-05 -1.9050E-07 -2.8336E-12 -1.8503E-12
  6.3779E-05 -1.9776E-07 -2.9611E-12 -1.9336E-12
  6.4714E-05 -2.0523E-07 -3.0933E-12 -2.0199E-12
  6.5656E-05 -2.1292E-07 -3.2304E-12 -2.1094E-12
  6.6605E-05 -2.2085E-07 -3.3725E-12 -2.2022E-12
  6.7560E-05 -2.2901E-07 -3.5197E-12 -2.2983E-12
  6.8522E-05 -2.3741E-07 -3.6722E-12 -2.3979E-12
  6.9491E-05 -2.4605E-07 -3.8301E-12 -2.5010E-12
  7.0467E-05 -2.5494E-07 -3.9937E-12 -2.6079E-12
  7.1449E-05 -2.6410E-07 -4.1631E-12 -2.7185E-12
  7.2438E-05 -2.7351E-07 -4.3384E-12 -2.8329E-12
  7.3434E-05 -2.8319E-07 -4.5199E-12 -2.9514E-12
  7.4438E-05 -2.9315E-07 -4.7076E-12 -3.0740E-12
  7.5448E-05 -3.0340E-07 -4.9019E-12 -3.2009E-12
  7.6465E-05 -3.1393E-07 -5.1029E-12 -3.3321E-12
  7.7489E-05 -3.2475E-07 -5.3107E-12 -3.4679E-12
  7.8521E-05 -3.3588E-07 -5.5257E-12 -3.6082E-12
  7.9560E-05 -3.4732E-07 -5.7479E-12 -3.7533E-12
  8.0606E-05 -3.5907E-07 -5.9776E-12 -3.9033E-12
  8.1659E-05 -3.7115E-07 -6.2150E-12 -4.0583E-12
  8.2720E-05 -3.8356E-07 -6.4604E-12 -4.2186E-12
  8.3788E-05 -3.9631E-07 -6.7139E-12 -4.3841E-12
  8.4864E-05 -4.0940E-07 -6.9758E-12 -4.5551E-12
  8.5947E-05 -4.2285E-07 -7.2464E-12 -4.7318E-12
  8.7038E-05 -4.3666E-07 -7.5258E-12 -4.9143E-12
  8.8136E-05 -4.5084E-07 -7.8143E-12 -5.1027E-12
  8.9242E-05 -4.6540E-07 -8.1123E-12 -5.2972E-12
  9.0356E-05 -4.8035E-07 -8.4198E-12 -5.4981E-12
  9.1478E-05 -4.9569E-07 -8.7373E-12 -5.7054E-12
  9.2607E-05 -5.1144E-07 -9.0650E-12 -5.9193E-12
  9.3745E-05 -5.2760E-07 -9.4031E-12 -6.1401E-12
  9.4890E-05 -5.4419E-07 -9.7520E-12 -6.3680E-12
  9.6044E-05 -5.6121E-07 -1.0112E-11 -6.6030E-12
  9.7205E-05 -5.7867E-07 -1.0483E-11 -6.8455E-12
  9.8375E-05 -5.9658E-07 -1.0866E-11 -7.0956E-12
  9.9553E-05 -6.1496E-07 -1.1261E-11 -7.3535E-12
  1.0074E-04 -6.3381E-07 -1.1669E-11 -7.6195E-12
  1.0193E-04 -6.5314E-07 -1.2089E-11 -7.8937E-12
  1.0314E-04 -6.7297E-07 -1.2522E-11 -8.1765E-12
  1.0435E-04 -6.9330E-07 -1.2968E-11 -8.4679E-12
  1.0557E-04 -7.1415E-07 -1.3428E-11 -8.7684E-12
  1.0680E-04 -7.3552E-07 -1.3902E-11 -9.0780E-12
  1.0803E-04 -7.5743E-07 -1.4391E-11 -9.3970E-12
  1.0928E-04 -7.7989E-07 -1.4894E-11 -9.7258E-12
  1.1053E-04 -8.0292E-07 -1.5413E-11 -1.0065E-11
  1.1179E-04 -8.2652E-07 -1.5947E-11 -1.0414E-11
  1.1307E-04 -8.5071E-07 -1.6498E-11 -1.0773E-11
  1.1435E-04 -8.7549E-07 -1.7065E-11 -1.1143E-11
  1.1564E-04 -9.0089E-07 -1.7649E-11 -1.1525E-11
  1.1694E-04 -9.2692E-07 -1.8250E-11 -1.1917E-11
  1.1824E-04 -9.5358E-07 -1.8869E-11 -1.2322E-11
  1.1956E-04 -9.8090E-07 -1.9507E-11 -1.2738E-11
  1.2089E-04 -1.0089E-06 -2.0163E-11 -1.3166E-11
  1.2222E-04 -1.0376E-06 -2.0839E-11 -1.3608E-11
  1.2357E-04 -1.0669E-06 -2.1535E-11 -1.4062E-11
  1.2492E-04 -1.0970E-06 -2.2250E-11 -1.4529E-11
  1.2629E-04 -1.1278E-06 -2.2987E-11 -1.5010E-11
  1.2766E-04 -1.1594E-06 -2.3745E-11 -1.5505E-11
  1.2904E-04 -1.1917E-06 -2.4525E-11 -1.6015E-11
  1.3043E-04 -1.2247E-06 -2.5328E-11 -1.6539E-11
  1.3184E-04 -1.2586E-06 -2.6154E-11 -1.7078E-11
  1.3325E-04 -1.2933E-06 -2.7003E-11 -1.7633E-11
  1.3467E-04 -1.3288E-06 -2.7877E-11 -1.8203E-11
  1.3610E-04 -1.3651E-06 -2.8776E-11 -1.8790E-11
  1.3754E-04 -1.4023E-06 -2.9700E-11 -1.9394E-11
  1.3900E-04 -1.4404E-06 -3.0651E-11 -2.0015E-11
  1.4046E-04 -1.4794E-06 -3.1629E-11 -2.0653E-11
  1.4193E-04 -1.5193E-06 -3.2634E-11 -2.1310E-11
  1.4341E-04 -1.5601E-06 -3.3668E-11 -2.1985E-11
  1.4491E-04 -1.6019E-06 -3.4730E-11 -2.2678E-11
  1.4641E-04 -1.6447E-06 -3.5823E-11 -2.3392E-11
  1.4793E-04 -1.6884E-06 -3.6946E-11 -2.4125E-11
  1.4945E-04 -1.7332E-06 -3.8100E-11 -2.4879E-11
  1.5099E-04 -1.7790E-06 -3.9287E-11 -2.5654E-11
  1.5253E-04 -1.8258E-06 -4.0506E-11 -2.6450E-11
  1.5409E-04 -1.8738E-06 -4.1759E-11 -2.7268E-11
  1.5566E-04 -1.9228E-06 -4.3047E-11 -2.8109E-11
  1.5724E-04 -1.9730E-06 -4.4371E-11 -2.8974E-11
  1.5883E-04 -2.0243E-06 -4.5730E-11 -2.9861E-11
  1.6043E-04 -2.0768E-06 -4.7127E-11 -3.0774E-11
  1.6204E-04 -2.1305E-06 -4.8563E-11 -3.1711E-11
  1.6366E-04 -2.1855E-06 -5.0037E-11 -3.2674E-11
  1.6530E-04 -2.2416E-06 -5.1552E-11 -3.3663E-11
  1.6695E-04 -2.2991E-06 -5.3108E-11 -3.4679E-11
  1.6860E-04 -2.3578E-06 -5.4706E-11 -3.5723E-11
  1.7027E-04 -2.4179E-06 -5.6348E-11 -3.6794E-11
  1.7196E-04 -2.4793E-06 -5.8034E-11 -3.7895E-11
  1.7365E-04 -2.5421E-06 -5.9765E-11 -3.9026E-11
  1.7535E-04 -2.6063E-06 -6.1543E-11 -4.0187E-11
  1.7707E-04 -2.6720E-06 -6.3368E-11 -4.1379E-11
  1.7880E-04 -2.7391E-06 -6.5243E-11 -4.2603E-11
  1.8054E-04 -2.8077E-06 -6.7167E-11 -4.3860E-11
  1.8229E-04 -2.8779E-06 -6.9143E-11 -4.5150E-11
  1.8406E-04 -2.9496E-06 -7.1172E-11 -4.6474E-11
  1.8584E-04 -3.0229E-06 -7.3254E-11 -4.7834E-11
  1.8763E-04 -3.0978E-06 -7.5392E-11 -4.9230E-11
  1.8943E-04 -3.1744E-06 -7.7586E-11 -5.0663E-11
  1.9125E-04 -3.2527E-06 -7.9839E-11 -5.2134E-11
  1.9308E-04 -3.3327E-06 -8.2150E-11 -5.3643E-11
  1.9492E-04 -3.4145E-06 -8.4523E-11 -5.5193E-11
  1.9677E-04 -3.4980E-06 -8.6958E-11 -5.6783E-11
  1.9864E-04 -3.5834E-06 -8.9457E-11 -5.8414E-11
  2.0052E-04 -3.6707E-06 -9.2021E-11 -6.0089E-11
  2.0241E-04 -3.7599E-06 -9.4652E-11 -6.1807E-11
  2.0432E-04 -3.8510E-06 -9.7352E-11 -6.3570E-11
  2.0624E-04 -3.9442E-06 -1.0012E-10 -6.5379E-11
  2.0817E-04 -4.0393E-06 -1.0296E-10 -6.7235E-11
  2.1012E-04 -4.1365E-06 -1.0588E-10 -6.9139E-11
  2.1208E-04 -4.2358E-06 -1.0887E-10 -7.1092E-11
  2.1405E-04 -4.3373E-06 -1.1194E-10 -7.3096E-11
  2.1604E-04 -4.4410E-06 -1.1509E-10 -7.5151E-11
  2.1804E-04 -4.5469E-06 -1.1832E-10 -7.7260E-11
  2.2006E-04 -4.6551E-06 -1.2163E-10 -7.9423E-11
  2.2209E-04 -4.7657E-06 -1.2503E-10 -8.1641E-11
  2.2413E-04 -4.8786E-06 -1.2851E-10 -8.3917E-11
  2.2619E-04 -4.9939E-06 -1.3209E-10 -8.6250E-11
  2.2826E-04 -5.1117E-06 -1.3575E-10 -8.8644E-11
  2.3035E-04 -5.2321E-06 -1.3951E-10 -9.1098E-11
  2.3245E-04 -5.3550E-06 -1.4336E-10 -9.3615E-11
  2.3457E-04 -5.4805E-06 -1.4732E-10 -9.6196E-11
  2.3670E-04 -5.6087E-06 -1.5137E-10 -9.8842E-11
  2.3885E-04 -5.7397E-06 -1.5552E-10 -1.0156E-10
  2.4101E-04 -5.8734E-06 -1.5979E-10 -1.0434E-10
  2.4319E-04 -6.0100E-06 -1.6415E-10 -1.0719E-10
  2.4538E-04 -6.1495E-06 -1.6863E-10 -1.1012E-10
  2.4759E-04 -6.2919E-06 -1.7323E-10 -1.1311E-10
  2.4981E-04 -6.4374E-06 -1.7793E-10 -1.1619E-10
  2.5205E-04 -6.5859E-06 -1.8276E-10 -1.1934E-10
  2.5430E-04 -6.7375E-06 -1.8771E-10 -1.2257E-10
  2.5657E-04 -6.8924E-06 -1.9278E-10 -1.2588E-10
  2.5886E-04 -7.0505E-06 -1.9798E-10 -1.2928E-10
  2.6116E-04 -7.2120E-06 -2.0331E-10 -1.3276E-10
  2.6348E-04 -7.3768E-06 -2.0877E-10 -1.3632E-10
  2.6581E-04 -7.5451E-06 -2.1437E-10 -1.3998E-10
  2.6816E-04 -7.7170E-06 -2.2010E-10 -1.4373E-10
  2.7053E-04 -7.8924E-06 -2.2598E-10 -1.4756E-10
  2.7291E-04 -8.0715E-06 -2.3201E-10 -1.5150E-10
  2.7531E-04 -8.2543E-06 -2.3818E-10 -1.5553E-10
  2.7773E-04 -8.4410E-06 -2.4451E-10 -1.5966E-10
  2.8017E-04 -8.6316E-06 -2.5100E-10 -1.6390E-10
  2.8262E-04 -8.8261E-06 -2.5764E-10 -1.6824E-10
  2.8508E-04 -9.0246E-06 -2.6445E-10 -1.7269E-10
  2.8757E-04 -9.2273E-06 -2.7143E-10 -1.7724E-10
  2.9007E-04 -9.4342E-06 -2.7858E-10 -1.8191E-10
  2.9259E-04 -9.6454E-06 -2.8591E-10 -1.8669E-10
  2.9513E-04 -9.8610E-06 -2.9341E-10 -1.9159E-10
  2.9769E-04 -1.0081E-05 -3.0110E-10 -1.9662E-10
  3.0026E-04 -1.0306E-05 -3.0898E-10 -2.0176E-10
  3.0285E-04 -1.0535E-05 -3.1705E-10 -2.0703E-10
  3.0546E-04 -1.0769E-05 -3.2532E-10 -2.1243E-10
  3.0809E-04 -1.1007E-05 -3.3379E-10 -2.1796E-10
  3.1074E-04 -1.1251E-05 -3.4246E-10 -2.2362E-10
  3.1340E-04 -1.1500E-05 -3.5135E-10 -2.2943E-10
  3.1609E-04 -1.1754E-05 -3.6045E-10 -2.3537E-10
  3.1879E-04 -1.2013E-05 -3.6978E-10 -2.4146E-10
  3.2151E-04 -1.2277E-05 -3.7933E-10 -2.4770E-10
  3.2425E-04 -1.2547E-05 -3.8911E-10 -2.5409E-10
  3.2701E-04 -1.2822E-05 -3.9914E-10 -2.6063E-10
  3.2979E-04 -1.3103E-05 -4.0940E-10 -2.6733E-10
  3.3259E-04 -1.3389E-05 -4.1991E-10 -2.7420E-10
  3.3541E-04 -1.3682E-05 -4.3067E-10 -2.8123E-10
  3.3825E-04 -1.3980E-05 -4.4170E-10 -2.8843E-10
  3.4110E-04 -1.4285E-05 -4.5299E-10 -2.9580E-10
  3.4398E-04 -1.4596E-05 -4.6455E-10 -3.0335E-10
  3.4688E-04 -1.4913E-05 -4.7639E-10 -3.1108E-10
  3.4980E-04 -1.5236E-05 -4.8852E-10 -3.1900E-10
  3.5274E-04 -1.5566E-05 -5.0094E-10 -3.2711E-10
  3.5570E-04 -1.5903E-05 -5.1365E-10 -3.3541E-10
  3.5868E-04 -1.6247E-05 -5.2667E-10 -3.4391E-10
  3.6168E-04 -1.6597E-05 -5.4000E-10 -3.5261E-10
  3.6470E-04 -1.6955E-05 -5.5365E-10 -3.6153E-10
  3.6774E-04 -1.7320E-05 -5.6762E-10 -3.7065E-10
  3.7081E-04 -1.7692E-05 -5.8193E-10 -3.8000E-10
  3.7389E-04 -1.8072E-05 -5.9658E-10 -3.8956E-10
  3.7700E-04 -1.8459E-05 -6.1158E-10 -3.9936E-10
  3.8013E-04 -1.8854E-05 -6.2694E-10 -4.0938E-10
  3.8328E-04 -1.9258E-05 -6.4266E-10 -4.1965E-10
  3.8645E-04 -1.9669E-05 -6.5875E-10 -4.3016E-10
  3.8965E-04 -2.0088E-05 -6.7523E-10 -4.4092E-10
  3.9287E-04 -2.0516E-05 -6.9210E-10 -4.5193E-10
  3.9611E-04 -2.0953E-05 -7.0937E-10 -4.6321E-10
  3.9937E-04 -2.1398E-05 -7.2704E-10 -4.7475E-10
  4.0266E-04 -2.1853E-05 -7.4514E-10 -4.8657E-10
  4.0597E-04 -2.2316E-05 -7.6366E-10 -4.9866E-10
  4.0930E-04 -2.2789E-05 -7.8262E-10 -5.1104E-10
  4.1265E-04 -2.3271E-05 -8.0202E-10 -5.2371E-10
  4.1603E-04 -2.3763E-05 -8.2189E-10 -5.3668E-10
  4.1944E-04 -2.4265E-05 -8.4222E-10 -5.4996E-10
  4.2286E-04 -2.4776E-05 -8.6303E-10 -5.6355E-10
  4.2631E-04 -2.5298E-05 -8.8433E-10 -5.7746E-10
  4.2979E-04 -2.5830E-05 -9.0613E-10 -5.9169E-10
  4.3329E-04 -2.6373E-05 -9.2844E-10 -6.0626E-10
  4.3681E-04 -2.6927E-05 -9.5128E-10 -6.2117E-10
  4.4036E-04 -2.7492E-05 -9.7465E-10 -6.3643E-10
  4.4393E-04 -2.8067E-05 -9.9856E-10 -6.5205E-10
  4.4753E-04 -2.8655E-05 -1.0230E-09 -6.6804E-10
  4.5115E-04 -2.9254E-05 -1.0481E-09 -6.8439E-10
  4.5480E-04 -2.9865E-05 -1.0737E-09 -7.0113E-10
  4.5848E-04 -3.0488E-05 -1.1000E-09 -7.1826E-10
  4.6218E-04 -3.1123E-05 -1.1268E-09 -7.3579E-10
  4.6590E-04 -3.1771E-05 -1.1543E-09 -7.5373E-10
  4.6965E-04 -3.2432E-05 -1.1824E-09 -7.7209E-10
  4.7343E-04 -3.3106E-05 -1.2112E-09 -7.9087E-10
  4.7724E-04 -3.3793E-05 -1.2406E-09 -8.1009E-10
  4.8107E-04 -3.4494E-05 -1.2707E-09 -8.2976E-10
  4.8493E-04 -3.5209E-05 -1.3015E-09 -8.4989E-10
  4.8881E-04 -3.5938E-05 -1.3331E-09 -8.7048E-10
  4.9272E-04 -3.6681E-05 -1.3653E-09 -8.9155E-10
  4.9666E-04 -3.7439E-05 -1.3983E-09 -9.1311E-10
  5.0063E-04 -3.8212E-05 -1.4321E-09 -9.3516E-10
  5.0463E-04 -3.9000E-05 -1.4667E-09 -9.5773E-10
  5.0865E-04 -3.9803E-05 -1.5020E-09 -9.8082E-10
  5.1270E-04 -4.0622E-05 -1.5382E-09 -1.0044E-09
  5.1678E-04 -4.1458E-05 -1.5752E-09 -1.0286E-09
  5.2089E-04 -4.2310E-05 -1.6131E-09 -1.0533E-09
  5.2503E-04 -4.3178E-05 -1.6518E-09 -1.0786E-09
  5.2919E-04 -4.4064E-05 -1.6915E-09 -1.1045E-09
  5.3339E-04 -4.4967E-05 -1.7320E-09 -1.1310E-09
  5.3761E-04 -4.5888E-05 -1.7735E-09 -1.1581E-09
  5.4187E-04 -4.6827E-05 -1.8159E-09 -1.1858E-09
  5.4615E-04 -4.7784E-05 -1.8594E-09 -1.2141E-09
  5.5046E-04 -4.8760E-05 -1.9038E-09 -1.2431E-09
  5.5481E-04 -4.9755E-05 -1.9492E-09 -1.2728E-09
  5.5918E-04 -5.0770E-05 -1.9957E-09 -1.3032E-09
  5.6359E-04 -5.1804E-05 -2.0432E-09 -1.3342E-09
  5.6802E-04 -5.2859E-05 -2.0918E-09 -1.3659E-09
  5.7249E-04 -5.3934E-05 -2.1416E-09 -1.3984E-09
  5.7699E-04 -5.5030E-05 -2.1925E-09 -1.4317E-09
  5.8152E-04 -5.6148E-05 -2.2445E-09 -1.4656E-09
  5.8608E-04 -5.7287E-05 -2.2977E-09 -1.5004E-09
  5.9068E-04 -5.8449E-05 -2.3522E-09 -1.5360E-09
  5.9530E-04 -5.9633E-05 -2.4079E-09 -1.5723E-09
  5.9996E-04 -6.0841E-05 -2.4649E-09 -1.6095E-09
  6.0465E-04 -6.2072E-05 -2.5231E-09 -1.6476E-09
  6.0937E-04 -6.3327E-05 -2.5827E-09 -1.6865E-09
  6.1413E-04 -6.4606E-05 -2.6437E-09 -1.7263E-09
  6.1892E-04 -6.5910E-05 -2.7060E-09 -1.7670E-09
  6.2374E-04 -6.7240E-05 -2.7698E-09 -1.8087E-09
  6.2860E-04 -6.8595E-05 -2.8350E-09 -1.8512E-09
  6.3349E-04 -6.9977E-05 -2.9017E-09 -1.8948E-09
  6.3842E-04 -7.1386E-05 -2.9699E-09 -1.9393E-09
  6.4338E-04 -7.2822E-05 -3.0397E-09 -1.9849E-09
  6.4837E-04 -7.4285E-05 -3.1110E-09 -2.0315E-09
  6.5340E-04 -7.5778E-05 -3.1840E-09 -2.0791E-09
  6.5847E-04 -7.7299E-05 -3.2586E-09 -2.1279E-09
  6.6357E-04 -7.8849E-05 -3.3349E-09 -2.1777E-09
  6.6871E-04 -8.0430E-05 -3.4130E-09 -2.2286E-09
  6.7388E-04 -8.2041E-05 -3.4928E-09 -2.2808E-09
  6.7909E-04 -8.3684E-05 -3.5744E-09 -2.3341E-09
  6.8433E-04 -8.5358E-05 -3.6579E-09 -2.3886E-09
  6.8961E-04 -8.7065E-05 -3.7432E-09 -2.4443E-09
  6.9493E-04 -8.8804E-05 -3.8305E-09 -2.5013E-09
  7.0029E-04 -9.0577E-05 -3.9198E-09 -2.5596E-09
  7.0568E-04 -9.2385E-05 -4.0110E-09 -2.6192E-09
  7.1111E-04 -9.4227E-05 -4.1044E-09 -2.6801E-09
  7.1658E-04 -9.6105E-05 -4.1998E-09 -2.7424E-09
  7.2209E-04 -9.8020E-05 -4.2974E-09 -2.8062E-09
  7.2764E-04 -9.9971E-05 -4.3972E-09 -2.8713E-09
  7.3322E-04 -1.0196E-04 -4.4992E-09 -2.9379E-09
  7.3885E-04 -1.0399E-04 -4.6035E-09 -3.0061E-09
  7.4451E-04 -1.0605E-04 -4.7102E-09 -3.0757E-09
  7.5021E-04 -1.0816E-04 -4.8193E-09 -3.1470E-09
  7.5596E-04 -1.1031E-04 -4.9308E-09 -3.2198E-09
  7.6174E-04 -1.1249E-04 -5.0449E-09 -3.2942E-09
  7.6757E-04 -1.1472E-04 -5.1615E-09 -3.3704E-09
  7.7343E-04 -1.1700E-04 -5.2807E-09 -3.4482E-09
  7.7934E-04 -1.1931E-04 -5.4026E-09 -3.5278E-09
  7.8528E-04 -1.2168E-04 -5.5272E-09 -3.6092E-09
  7.9127E-04 -1.2408E-04 -5.6546E-09 -3.6924E-09
  7.9730E-04 -1.2653E-04 -5.7849E-09 -3.7775E-09
  8.0338E-04 -1.2903E-04 -5.9181E-09 -3.8645E-09
  8.0949E-04 -1.3158E-04 -6.0543E-09 -3.9534E-09
  8.1565E-04 -1.3418E-04 -6.1935E-09 -4.0443E-09
  8.2185E-04 -1.3683E-04 -6.3359E-09 -4.1373E-09
  8.2810E-04 -1.3952E-04 -6.4814E-09 -4.2323E-09
  8.3438E-04 -1.4227E-04 -6.6302E-09 -4.3295E-09
  8.4072E-04 -1.4508E-04 -6.7823E-09 -4.4288E-09
  8.4709E-04 -1.4793E-04 -6.9378E-09 -4.5303E-09
  8.5352E-04 -1.5084E-04 -7.0968E-09 -4.6341E-09
  8.5998E-04 -1.5381E-04 -7.2594E-09 -4.7403E-09
  8.6650E-04 -1.5683E-04 -7.4255E-09 -4.8488E-09
  8.7305E-04 -1.5991E-04 -7.5954E-09 -4.9597E-09
  8.7966E-04 -1.6305E-04 -7.7690E-09 -5.0731E-09
  8.8631E-04 -1.6625E-04 -7.9466E-09 -5.1890E-09
  8.9300E-04 -1.6952E-04 -8.1281E-09 -5.3075E-09
  8.9975E-04 -1.7284E-04 -8.3136E-09 -5.4287E-09
  9.0654E-04 -1.7623E-04 -8.5032E-09 -5.5525E-09
  9.1338E-04 -1.7968E-04 -8.6971E-09 -5.6791E-09
  9.2026E-04 -1.8320E-04 -8.8953E-09 -5.8085E-09
  9.2720E-04 -1.8678E-04 -9.0979E-09 -5.9408E-09
  9.3418E-04 -1.9044E-04 -9.3050E-09 -6.0761E-09
  9.4121E-04 -1.9416E-04 -9.5167E-09 -6.2143E-09
  9.4829E-04 -1.9795E-04 -9.7331E-09 -6.3556E-09
  9.5542E-04 -2.0182E-04 -9.9543E-09 -6.5001E-09
  9.6260E-04 -2.0576E-04 -1.0180E-08 -6.6477E-09
  9.6983E-04 -2.0978E-04 -1.0412E-08 -6.7987E-09
  9.7711E-04 -2.1387E-04 -1.0648E-08 -6.9530E-09
  9.8445E-04 -2.1804E-04 -1.0889E-08 -7.1107E-09
  9.9183E-04 -2.2229E-04 -1.1136E-08 -7.2719E-09
  9.9927E-04 -2.2663E-04 -1.1389E-08 -7.4366E-09
  1.0068E-03 -2.3104E-04 -1.1647E-08 -7.6051E-09
  1.0143E-03 -2.3554E-04 -1.1910E-08 -7.7772E-09
  1.0219E-03 -2.4012E-04 -1.2180E-08 -7.9532E-09
  1.0295E-03 -2.4479E-04 -1.2455E-08 -8.1331E-09
  1.0372E-03 -2.4955E-04 -1.2737E-08 -8.3169E-09
  1.0450E-03 -2.5440E-04 -1.3024E-08 -8.5048E-09
  1.0528E-03 -2.5935E-04 -1.3319E-08 -8.6969E-09
  1.0607E-03 -2.6438E-04 -1.3619E-08 -8.8932E-09
  1.0686E-03 -2.6952E-04 -1.3926E-08 -9.0938E-09
  1.0765E-03 -2.7475E-04 -1.4241E-08 -9.2989E-09
  1.0846E-03 -2.8008E-04 -1.4562E-08 -9.5085E-09
  1.0927E-03 -2.8551E-04 -1.4890E-08 -9.7227E-09
  1.1008E-03 -2.9104E-04 -1.5225E-08 -9.9417E-09
  1.1090E-03 -2.9668E-04 -1.5568E-08 -1.0166E-08
  1.1173E-03 -3.0243E-04 -1.5918E-08 -1.0394E-08
  1.1256E-03 -3.0829E-04 -1.6276E-08 -1.0628E-08
  1.1339E-03 -3.1425E-04 -1.6642E-08 -1.0867E-08
  1.1424E-03 -3.2033E-04 -1.7016E-08 -1.1111E-08
  1.1509E-03 -3.2653E-04 -1.7398E-08 -1.1361E-08
  1.1594E-03 -3.3284E-04 -1.7789E-08 -1.1616E-08
  1.1680E-03 -3.3928E-04 -1.8188E-08 -1.1876E-08
  1.1767E-03 -3.4583E-04 -1.8596E-08 -1.2143E-08
  1.1854E-03 -3.5251E-04 -1.9013E-08 -1.2415E-08
  1.1942E-03 -3.5932E-04 -1.9439E-08 -1.2693E-08
  1.2031E-03 -3.6625E-04 -1.9874E-08 -1.2978E-08
  1.2120E-03 -3.7332E-04 -2.0320E-08 -1.3268E-08
  1.2210E-03 -3.8052E-04 -2.0774E-08 -1.3566E-08
  1.2300E-03 -3.8786E-04 -2.1239E-08 -1.3869E-08
  1.2391E-03 -3.9534E-04 -2.1714E-08 -1.4179E-08
  1.2483E-03 -4.0295E-04 -2.2200E-08 -1.4496E-08
  1.2575E-03 -4.1072E-04 -2.2696E-08 -1.4820E-08
  1.2668E-03 -4.1863E-04 -2.3203E-08 -1.5151E-08
  1.2762E-03 -4.2668E-04 -2.3721E-08 -1.5490E-08
  1.2856E-03 -4.3490E-04 -2.4251E-08 -1.5836E-08
  1.2951E-03 -4.4326E-04 -2.4792E-08 -1.6189E-08
  1.3046E-03 -4.5179E-04 -2.5345E-08 -1.6550E-08
  1.3143E-03 -4.6048E-04 -2.5910E-08 -1.6919E-08
  1.3240E-03 -4.6933E-04 -2.6488E-08 -1.7296E-08
  1.3337E-03 -4.7834E-04 -2.7078E-08 -1.7682E-08
  1.3436E-03 -4.8753E-04 -2.7681E-08 -1.8076E-08
  1.3534E-03 -4.9690E-04 -2.8298E-08 -1.8478E-08
  1.3634E-03 -5.0644E-04 -2.8928E-08 -1.8889E-08
  1.3735E-03 -5.1616E-04 -2.9571E-08 -1.9310E-08
  1.3836E-03 -5.2606E-04 -3.0229E-08 -1.9739E-08
  1.3937E-03 -5.3615E-04 -3.0901E-08 -2.0178E-08
  1.4040E-03 -5.4643E-04 -3.1588E-08 -2.0627E-08
  1.4143E-03 -5.5691E-04 -3.2290E-08 -2.1085E-08
  1.4247E-03 -5.6758E-04 -3.3007E-08 -2.1553E-08
  1.4352E-03 -5.7845E-04 -3.3740E-08 -2.2032E-08
  1.4457E-03 -5.8953E-04 -3.4489E-08 -2.2521E-08
  1.4563E-03 -6.0082E-04 -3.5254E-08 -2.3020E-08
  1.4670E-03 -6.1232E-04 -3.6036E-08 -2.3531E-08
  1.4778E-03 -6.2404E-04 -3.6835E-08 -2.4053E-08
  1.4886E-03 -6.3598E-04 -3.7651E-08 -2.4586E-08
  1.4995E-03 -6.4815E-04 -3.8486E-08 -2.5131E-08
  1.5105E-03 -6.6054E-04 -3.9338E-08 -2.5687E-08
  1.5216E-03 -6.7317E-04 -4.0209E-08 -2.6256E-08
  1.5327E-03 -6.8604E-04 -4.1100E-08 -2.6838E-08
  1.5440E-03 -6.9915E-04 -4.2009E-08 -2.7431E-08
  1.5553E-03 -7.1250E-04 -4.2938E-08 -2.8038E-08
  1.5667E-03 -7.2611E-04 -4.3888E-08 -2.8658E-08
  1.5781E-03 -7.3997E-04 -4.4858E-08 -2.9292E-08
  1.5897E-03 -7.5410E-04 -4.5850E-08 -2.9939E-08
  1.6013E-03 -7.6849E-04 -4.6863E-08 -3.0601E-08
  1.6130E-03 -7.8315E-04 -4.7898E-08 -3.1277E-08
  1.6248E-03 -7.9809E-04 -4.8956E-08 -3.1967E-08
  1.6366E-03 -8.1331E-04 -5.0036E-08 -3.2673E-08
  1.6486E-03 -8.2881E-04 -5.1140E-08 -3.3394E-08
  1.6606E-03 -8.4461E-04 -5.2269E-08 -3.4131E-08
  1.6727E-03 -8.6070E-04 -5.3421E-08 -3.4884E-08
  1.6850E-03 -8.7710E-04 -5.4599E-08 -3.5653E-08
  1.6972E-03 -8.9381E-04 -5.5803E-08 -3.6439E-08
  1.7096E-03 -9.1083E-04 -5.7032E-08 -3.7241E-08
  1.7221E-03 -9.2817E-04 -5.8289E-08 -3.8062E-08
  1.7346E-03 -9.4583E-04 -5.9572E-08 -3.8900E-08
  1.7473E-03 -9.6383E-04 -6.0884E-08 -3.9757E-08
  1.7600E-03 -9.8216E-04 -6.2224E-08 -4.0632E-08
  1.7728E-03 -1.0008E-03 -6.3593E-08 -4.1526E-08
  1.7857E-03 -1.0199E-03 -6.4992E-08 -4.2439E-08
  1.7987E-03 -1.0393E-03 -6.6422E-08 -4.3373E-08
  1.8118E-03 -1.0590E-03 -6.7882E-08 -4.4326E-08
  1.8250E-03 -1.0791E-03 -6.9374E-08 -4.5300E-08
  1.8382E-03 -1.0996E-03 -7.0898E-08 -4.6296E-08
  1.8516E-03 -1.1205E-03 -7.2456E-08 -4.7313E-08
  1.8651E-03 -1.1418E-03 -7.4047E-08 -4.8352E-08
  1.8786E-03 -1.1635E-03 -7.5673E-08 -4.9414E-08
  1.8923E-03 -1.1856E-03 -7.7334E-08 -5.0498E-08
  1.9060E-03 -1.2081E-03 -7.9031E-08 -5.1606E-08
  1.9198E-03 -1.2310E-03 -8.0765E-08 -5.2739E-08
  1.9338E-03 -1.2543E-03 -8.2537E-08 -5.3895E-08
  1.9478E-03 -1.2781E-03 -8.4347E-08 -5.5077E-08
  1.9619E-03 -1.3024E-03 -8.6196E-08 -5.6285E-08
  1.9762E-03 -1.3271E-03 -8.8085E-08 -5.7518E-08
  1.9905E-03 -1.3522E-03 -9.0015E-08 -5.8779E-08
  2.0049E-03 -1.3778E-03 -9.1987E-08 -6.0066E-08
  2.0195E-03 -1.4039E-03 -9.4001E-08 -6.1382E-08
  2.0341E-03 -1.4305E-03 -9.6060E-08 -6.2726E-08
  2.0488E-03 -1.4576E-03 -9.8162E-08 -6.4099E-08
  2.0637E-03 -1.4852E-03 -1.0031E-07 -6.5502E-08
  2.0786E-03 -1.5133E-03 -1.0251E-07 -6.6935E-08
  2.0937E-03 -1.5420E-03 -1.0475E-07 -6.8399E-08
  2.1088E-03 -1.5711E-03 -1.0704E-07 -6.9895E-08
  2.1241E-03 -1.6009E-03 -1.0938E-07 -7.1423E-08
  2.1394E-03 -1.6311E-03 -1.1177E-07 -7.2984E-08
  2.1549E-03 -1.6620E-03 -1.1421E-07 -7.4579E-08
  2.1705E-03 -1.6934E-03 -1.1671E-07 -7.6209E-08
  2.1862E-03 -1.7254E-03 -1.1926E-07 -7.7874E-08
  2.2020E-03 -1.7580E-03 -1.2186E-07 -7.9574E-08
  2.2179E-03 -1.7912E-03 -1.2452E-07 -8.1312E-08
  2.2339E-03 -1.8251E-03 -1.2724E-07 -8.3087E-08
  2.2501E-03 -1.8596E-03 -1.3002E-07 -8.4900E-08
  2.2663E-03 -1.8947E-03 -1.3285E-07 -8.6753E-08
  2.2827E-03 -1.9304E-03 -1.3575E-07 -8.8645E-08
  2.2991E-03 -1.9669E-03 -1.3871E-07 -9.0579E-08
  2.3157E-03 -2.0040E-03 -1.4174E-07 -9.2554E-08
  2.3324E-03 -2.0418E-03 -1.4483E-07 -9.4572E-08
  2.3493E-03 -2.0803E-03 -1.4799E-07 -9.6633E-08
  2.3662E-03 -2.1196E-03 -1.5121E-07 -9.8739E-08
  2.3833E-03 -2.1595E-03 -1.5451E-07 -1.0089E-07
  2.4005E-03 -2.2003E-03 -1.5787E-07 -1.0309E-07
  2.4178E-03 -2.2417E-03 -1.6131E-07 -1.0533E-07
  2.4352E-03 -2.2840E-03 -1.6482E-07 -1.0763E-07
  2.4527E-03 -2.3270E-03 -1.6841E-07 -1.0997E-07
  2.4704E-03 -2.3709E-03 -1.7207E-07 -1.1236E-07
  2.4882E-03 -2.4155E-03 -1.7582E-07 -1.1481E-07
  2.5061E-03 -2.4610E-03 -1.7964E-07 -1.1731E-07
  2.5241E-03 -2.5073E-03 -1.8355E-07 -1.1986E-07
  2.5423E-03 -2.5545E-03 -1.8754E-07 -1.2246E-07
  2.5606E-03 -2.6026E-03 -1.9162E-07 -1.2513E-07
  2.5790E-03 -2.6516E-03 -1.9579E-07 -1.2785E-07
  2.5976E-03 -2.7015E-03 -2.0004E-07 -1.3063E-07
  2.6163E-03 -2.7523E-03 -2.0439E-07 -1.3346E-07
  2.6351E-03 -2.8041E-03 -2.0883E-07 -1.3636E-07
  2.6540E-03 -2.8568E-03 -2.1337E-07 -1.3933E-07
  2.6731E-03 -2.9105E-03 -2.1800E-07 -1.4235E-07
  2.6923E-03 -2.9652E-03 -2.2274E-07 -1.4544E-07
  2.7116E-03 -3.0209E-03 -2.2757E-07 -1.4860E-07
  2.7311E-03 -3.0777E-03 -2.3251E-07 -1.5183E-07
  2.7507E-03 -3.1355E-03 -2.3756E-07 -1.5512E-07
  2.7705E-03 -3.1944E-03 -2.4271E-07 -1.5849E-07
  2.7904E-03 -3.2543E-03 -2.4798E-07 -1.6193E-07
  2.8104E-03 -3.3154E-03 -2.5336E-07 -1.6544E-07
  2.8306E-03 -3.3777E-03 -2.5885E-07 -1.6903E-07
  2.8509E-03 -3.4411E-03 -2.6447E-07 -1.7269E-07
  2.8714E-03 -3.5056E-03 -2.7020E-07 -1.7644E-07
  2.8920E-03 -3.5714E-03 -2.7606E-07 -1.8026E-07
  2.9127E-03 -3.6384E-03 -2.8204E-07 -1.8417E-07
  2.9336E-03 -3.7066E-03 -2.8815E-07 -1.8816E-07
  2.9546E-03 -3.7761E-03 -2.9440E-07 -1.9224E-07
  2.9758E-03 -3.8469E-03 -3.0077E-07 -1.9640E-07
  2.9971E-03 -3.9189E-03 -3.0729E-07 -2.0065E-07
  3.0186E-03 -3.9924E-03 -3.1394E-07 -2.0500E-07
  3.0403E-03 -4.0672E-03 -3.2074E-07 -2.0944E-07
  3.0620E-03 -4.1433E-03 -3.2768E-07 -2.1397E-07
  3.0840E-03 -4.2209E-03 -3.3477E-07 -2.1860E-07
  3.1061E-03 -4.2999E-03 -3.4202E-07 -2.2333E-07
  3.1283E-03 -4.3804E-03 -3.4942E-07 -2.2817E-07
  3.1507E-03 -4.4624E-03 -3.5698E-07 -2.3310E-07
  3.1733E-03 -4.5459E-03 -3.6470E-07 -2.3815E-07
  3.1960E-03 -4.6309E-03 -3.7259E-07 -2.4330E-07
  3.2189E-03 -4.7175E-03 -3.8065E-07 -2.4856E-07
  3.2419E-03 -4.8057E-03 -3.8888E-07 -2.5393E-07
  3.2651E-03 -4.8956E-03 -3.9728E-07 -2.5942E-07
  3.2884E-03 -4.9871E-03 -4.0587E-07 -2.6503E-07
  3.3120E-03 -5.0803E-03 -4.1464E-07 -2.7075E-07
  3.3356E-03 -5.1752E-03 -4.2360E-07 -2.7661E-07
  3.3595E-03 -5.2718E-03 -4.3275E-07 -2.8258E-07
  3.3835E-03 -5.3703E-03 -4.4210E-07 -2.8869E-07
  3.4077E-03 -5.4706E-03 -4.5165E-07 -2.9492E-07
  3.4321E-03 -5.5727E-03 -4.6140E-07 -3.0129E-07
  3.4566E-03 -5.6767E-03 -4.7136E-07 -3.0779E-07
  3.4813E-03 -5.7826E-03 -4.8154E-07 -3.1444E-07
  3.5062E-03 -5.8905E-03 -4.9194E-07 -3.2123E-07
  3.5312E-03 -6.0003E-03 -5.0255E-07 -3.2816E-07
  3.5564E-03 -6.1122E-03 -5.1340E-07 -3.3524E-07
  3.5818E-03 -6.2262E-03 -5.2448E-07 -3.4248E-07
  3.6074E-03 -6.3422E-03 -5.3579E-07 -3.4986E-07
  3.6331E-03 -6.4604E-03 -5.4735E-07 -3.5741E-07
  3.6591E-03 -6.5807E-03 -5.5915E-07 -3.6512E-07
  3.6852E-03 -6.7033E-03 -5.7121E-07 -3.7299E-07
  3.7115E-03 -6.8281E-03 -5.8353E-07 -3.8104E-07
  3.7380E-03 -6.9553E-03 -5.9611E-07 -3.8925E-07
  3.7647E-03 -7.0847E-03 -6.0896E-07 -3.9764E-07
  3.7915E-03 -7.2165E-03 -6.2208E-07 -4.0621E-07
  3.8186E-03 -7.3508E-03 -6.3549E-07 -4.1497E-07
  3.8458E-03 -7.4875E-03 -6.4918E-07 -4.2391E-07
  3.8732E-03 -7.6267E-03 -6.6317E-07 -4.3304E-07
  3.9008E-03 -7.7685E-03 -6.7746E-07 -4.4237E-07
  3.9286E-03 -7.9129E-03 -6.9205E-07 -4.5190E-07
  3.9566E-03 -8.0600E-03 -7.0696E-07 -4.6163E-07
  3.9848E-03 -8.2097E-03 -7.2218E-07 -4.7157E-07
  4.0132E-03 -8.3622E-03 -7.3773E-07 -4.8173E-07
  4.0418E-03 -8.5174E-03 -7.5361E-07 -4.9210E-07
  4.0706E-03 -8.6755E-03 -7.6983E-07 -5.0269E-07
  4.0996E-03 -8.8365E-03 -7.8640E-07 -5.1351E-07
  4.1288E-03 -9.0005E-03 -8.0333E-07 -5.2456E-07
  4.1582E-03 -9.1675E-03 -8.2062E-07 -5.3585E-07
  4.1879E-03 -9.3375E-03 -8.3827E-07 -5.4738E-07
  4.2177E-03 -9.5106E-03 -8.5631E-07 -5.5916E-07
  4.2477E-03 -9.6869E-03 -8.7473E-07 -5.7118E-07
  4.2779E-03 -9.8663E-03 -8.9354E-07 -5.8347E-07
  4.3084E-03 -1.0049E-02 -9.1276E-07 -5.9602E-07
  4.3391E-03 -1.0235E-02 -9.3239E-07 -6.0883E-07
  4.3699E-03 -1.0425E-02 -9.5243E-07 -6.2192E-07
  4.4010E-03 -1.0618E-02 -9.7291E-07 -6.3529E-07
  4.4323E-03 -1.0814E-02 -9.9382E-07 -6.4895E-07
  4.4639E-03 -1.1014E-02 -1.0152E-06 -6.6290E-07
  4.4956E-03 -1.1218E-02 -1.0370E-06 -6.7715E-07
  4.5276E-03 -1.1425E-02 -1.0593E-06 -6.9170E-07
  4.5598E-03 -1.1637E-02 -1.0820E-06 -7.0656E-07
  4.5922E-03 -1.1852E-02 -1.1053E-06 -7.2174E-07
  4.6249E-03 -1.2071E-02 -1.1290E-06 -7.3724E-07
  4.6578E-03 -1.2293E-02 -1.1533E-06 -7.5308E-07
  4.6909E-03 -1.2520E-02 -1.1781E-06 -7.6925E-07
  4.7242E-03 -1.2752E-02 -1.2034E-06 -7.8577E-07
  4.7578E-03 -1.2987E-02 -1.2292E-06 -8.0265E-07
  4.7916E-03 -1.3226E-02 -1.2556E-06 -8.1988E-07
  4.8257E-03 -1.3470E-02 -1.2825E-06 -8.3748E-07
  4.8599E-03 -1.3719E-02 -1.3101E-06 -8.5546E-07
  4.8945E-03 -1.3972E-02 -1.3382E-06 -8.7382E-07
  4.9292E-03 -1.4229E-02 -1.3669E-06 -8.9258E-07
  4.9643E-03 -1.4491E-02 -1.3963E-06 -9.1173E-07
  4.9995E-03 -1.4758E-02 -1.4262E-06 -9.3130E-07
  5.0350E-03 -1.5029E-02 -1.4568E-06 -9.5128E-07
  5.0708E-03 -1.5306E-02 -1.4881E-06 -9.7169E-07
  5.1068E-03 -1.5588E-02 -1.5200E-06 -9.9253E-07
  5.1430E-03 -1.5874E-02 -1.5526E-06 -1.0138E-06
  5.1795E-03 -1.6166E-02 -1.5859E-06 -1.0356E-06
  5.2163E-03 -1.6463E-02 -1.6199E-06 -1.0578E-06
  5.2533E-03 -1.6766E-02 -1.6546E-06 -1.0805E-06
  5.2906E-03 -1.7073E-02 -1.6901E-06 -1.1036E-06
  5.3282E-03 -1.7387E-02 -1.7264E-06 -1.1273E-06
  5.3660E-03 -1.7706E-02 -1.7634E-06 -1.1514E-06
  5.4040E-03 -1.8031E-02 -1.8012E-06 -1.1761E-06
  5.4424E-03 -1.8362E-02 -1.8398E-06 -1.2013E-06
  5.4810E-03 -1.8698E-02 -1.8792E-06 -1.2271E-06
  5.5199E-03 -1.9041E-02 -1.9195E-06 -1.2534E-06
  5.5590E-03 -1.9390E-02 -1.9606E-06 -1.2802E-06
  5.5984E-03 -1.9745E-02 -2.0026E-06 -1.3077E-06
  5.6381E-03 -2.0106E-02 -2.0455E-06 -1.3357E-06
  5.6781E-03 -2.0474E-02 -2.0893E-06 -1.3643E-06
  5.7184E-03 -2.0849E-02 -2.1341E-06 -1.3935E-06
  5.7589E-03 -2.1230E-02 -2.1798E-06 -1.4234E-06
  5.7997E-03 -2.1618E-02 -2.2265E-06 -1.4538E-06
  5.8408E-03 -2.2013E-02 -2.2741E-06 -1.4850E-06
  5.8822E-03 -2.2415E-02 -2.3228E-06 -1.5168E-06
  5.9239E-03 -2.2824E-02 -2.3726E-06 -1.5492E-06
  5.9659E-03 -2.3241E-02 -2.4234E-06 -1.5824E-06
  6.0082E-03 -2.3665E-02 -2.4752E-06 -1.6163E-06
  6.0507E-03 -2.4097E-02 -2.5282E-06 -1.6509E-06
  6.0936E-03 -2.4536E-02 -2.5823E-06 -1.6862E-06
  6.1368E-03 -2.4983E-02 -2.6376E-06 -1.7223E-06
  6.1802E-03 -2.5438E-02 -2.6941E-06 -1.7592E-06
  6.2240E-03 -2.5901E-02 -2.7517E-06 -1.7968E-06
  6.2681E-03 -2.6372E-02 -2.8106E-06 -1.8353E-06
  6.3125E-03 -2.6852E-02 -2.8707E-06 -1.8745E-06
  6.3572E-03 -2.7340E-02 -2.9321E-06 -1.9146E-06
  6.4022E-03 -2.7837E-02 -2.9949E-06 -1.9556E-06
  6.4475E-03 -2.8343E-02 -3.0589E-06 -1.9974E-06
  6.4932E-03 -2.8858E-02 -3.1243E-06 -2.0401E-06
  6.5392E-03 -2.9382E-02 -3.1912E-06 -2.0838E-06
  6.5854E-03 -2.9915E-02 -3.2594E-06 -2.1283E-06
  6.6321E-03 -3.0457E-02 -3.3291E-06 -2.1738E-06
  6.6790E-03 -3.1009E-02 -3.4003E-06 -2.2203E-06
  6.7263E-03 -3.1571E-02 -3.4730E-06 -2.2678E-06
  6.7739E-03 -3.2143E-02 -3.5472E-06 -2.3163E-06
  6.8218E-03 -3.2725E-02 -3.6231E-06 -2.3658E-06
  6.8701E-03 -3.3317E-02 -3.7005E-06 -2.4163E-06
  6.9187E-03 -3.3919E-02 -3.7796E-06 -2.4680E-06
  6.9676E-03 -3.4533E-02 -3.8604E-06 -2.5207E-06
  7.0169E-03 -3.5156E-02 -3.9429E-06 -2.5746E-06
  7.0665E-03 -3.5791E-02 -4.0271E-06 -2.6296E-06
  7.1165E-03 -3.6437E-02 -4.1132E-06 -2.6858E-06
  7.1669E-03 -3.7095E-02 -4.2011E-06 -2.7432E-06
  7.2175E-03 -3.7764E-02 -4.2908E-06 -2.8018E-06
  7.2686E-03 -3.8444E-02 -4.3825E-06 -2.8617E-06
  7.3200E-03 -3.9137E-02 -4.4761E-06 -2.9228E-06
  7.3717E-03 -3.9841E-02 -4.5717E-06 -2.9852E-06
  7.4238E-03 -4.0558E-02 -4.6694E-06 -3.0490E-06
  7.4763E-03 -4.1287E-02 -4.7691E-06 -3.1141E-06
  7.5292E-03 -4.2030E-02 -4.8709E-06 -3.1806E-06
  7.5824E-03 -4.2785E-02 -4.9750E-06 -3.2485E-06
  7.6360E-03 -4.3553E-02 -5.0812E-06 -3.3179E-06
  7.6900E-03 -4.4334E-02 -5.1897E-06 -3.3887E-06
  7.7443E-03 -4.5130E-02 -5.3005E-06 -3.4611E-06
  7.7991E-03 -4.5939E-02 -5.4137E-06 -3.5350E-06
  7.8542E-03 -4.6762E-02 -5.5292E-06 -3.6104E-06
  7.9097E-03 -4.7599E-02 -5.6472E-06 -3.6875E-06
  7.9655E-03 -4.8451E-02 -5.7678E-06 -3.7662E-06
  8.0218E-03 -4.9317E-02 -5.8909E-06 -3.8466E-06
  8.0785E-03 -5.0199E-02 -6.0166E-06 -3.9287E-06
  8.1356E-03 -5.1095E-02 -6.1450E-06 -4.0125E-06
  8.1930E-03 -5.2007E-02 -6.2762E-06 -4.0982E-06
  8.2509E-03 -5.2935E-02 -6.4101E-06 -4.1856E-06
  8.3092E-03 -5.3879E-02 -6.5469E-06 -4.2749E-06
  8.3679E-03 -5.4839E-02 -6.6865E-06 -4.3661E-06
  8.4270E-03 -5.5816E-02 -6.8292E-06 -4.4593E-06
  8.4865E-03 -5.6809E-02 -6.9749E-06 -4.5544E-06
  8.5464E-03 -5.7820E-02 -7.1237E-06 -4.6515E-06
  8.6068E-03 -5.8847E-02 -7.2756E-06 -4.7508E-06
  8.6675E-03 -5.9893E-02 -7.4308E-06 -4.8521E-06
  8.7287E-03 -6.0956E-02 -7.5893E-06 -4.9556E-06
  8.7903E-03 -6.2037E-02 -7.7511E-06 -5.0613E-06
  8.8524E-03 -6.3137E-02 -7.9164E-06 -5.1692E-06
  8.9149E-03 -6.4256E-02 -8.0853E-06 -5.2794E-06
  8.9778E-03 -6.5393E-02 -8.2577E-06 -5.3920E-06
  9.0412E-03 -6.6550E-02 -8.4337E-06 -5.5070E-06
  9.1050E-03 -6.7727E-02 -8.6135E-06 -5.6244E-06
  9.1693E-03 -6.8923E-02 -8.7972E-06 -5.7443E-06
  9.2340E-03 -7.0140E-02 -8.9847E-06 -5.8667E-06
  9.2991E-03 -7.1378E-02 -9.1762E-06 -5.9918E-06
  9.3647E-03 -7.2636E-02 -9.3719E-06 -6.1195E-06
  9.4308E-03 -7.3916E-02 -9.5716E-06 -6.2499E-06
  9.4974E-03 -7.5217E-02 -9.7756E-06 -6.3831E-06
  9.5644E-03 -7.6540E-02 -9.9840E-06 -6.5192E-06
  9.6319E-03 -7.7886E-02 -1.0197E-05 -6.6581E-06
  9.6998E-03 -7.9254E-02 -1.0414E-05 -6.8000E-06
  9.7682E-03 -8.0645E-02 -1.0636E-05 -6.9449E-06
  9.8371E-03 -8.2059E-02 -1.0863E-05 -7.0929E-06
  9.9065E-03 -8.3498E-02 -1.1094E-05 -7.2440E-06
  9.9764E-03 -8.4960E-02 -1.1330E-05 -7.3983E-06
  1.0047E-02 -8.6446E-02 -1.1572E-05 -7.5559E-06
  1.0118E-02 -8.7958E-02 -1.1818E-05 -7.7169E-06
  1.0189E-02 -8.9494E-02 -1.2070E-05 -7.8813E-06
  1.0261E-02 -9.1057E-02 -1.2327E-05 -8.0492E-06
  1.0333E-02 -9.2645E-02 -1.2590E-05 -8.2206E-06
  1.0406E-02 -9.4259E-02 -1.2858E-05 -8.3957E-06
  1.0479E-02 -9.5901E-02 -1.3132E-05 -8.5745E-06
  1.0553E-02 -9.7569E-02 -1.3411E-05 -8.7571E-06
  1.0628E-02 -9.9265E-02 -1.3697E-05 -8.9436E-06
  1.0703E-02 -1.0099E-01 -1.3989E-05 -9.1341E-06
  1.0778E-02 -1.0274E-01 -1.4287E-05 -9.3286E-06
  1.0854E-02 -1.0452E-01 -1.4591E-05 -9.5272E-06
  1.0931E-02 -1.0633E-01 -1.4901E-05 -9.7300E-06
  1.1008E-02 -1.0817E-01 -1.5219E-05 -9.9372E-06
  1.1085E-02 -1.1005E-01 -1.5543E-05 -1.0149E-05
  1.1163E-02 -1.1195E-01 -1.5874E-05 -1.0365E-05
  1.1242E-02 -1.1388E-01 -1.6212E-05 -1.0585E-05
  1.1321E-02 -1.1584E-01 -1.6557E-05 -1.0811E-05
  1.1401E-02 -1.1784E-01 -1.6909E-05 -1.1041E-05
  1.1481E-02 -1.1987E-01 -1.7269E-05 -1.1276E-05
  1.1562E-02 -1.2193E-01 -1.7637E-05 -1.1516E-05
  1.1644E-02 -1.2402E-01 -1.8012E-05 -1.1761E-05
  1.1726E-02 -1.2615E-01 -1.8395E-05 -1.2011E-05
  1.1808E-02 -1.2831E-01 -1.8787E-05 -1.2267E-05
  1.1892E-02 -1.3051E-01 -1.9187E-05 -1.2528E-05
  1.1975E-02 -1.3275E-01 -1.9595E-05 -1.2794E-05
  1.2060E-02 -1.3502E-01 -2.0012E-05 -1.3067E-05
  1.2145E-02 -1.3732E-01 -2.0438E-05 -1.3345E-05
  1.2230E-02 -1.3966E-01 -2.0872E-05 -1.3629E-05
  1.2316E-02 -1.4204E-01 -2.1316E-05 -1.3919E-05
  1.2403E-02 -1.4446E-01 -2.1770E-05 -1.4215E-05
  1.2490E-02 -1.4692E-01 -2.2233E-05 -1.4517E-05
  1.2578E-02 -1.4942E-01 -2.2706E-05 -1.4826E-05
  1.2667E-02 -1.5195E-01 -2.3189E-05 -1.5141E-05
  1.2756E-02 -1.5453E-01 -2.3682E-05 -1.5463E-05
  1.2846E-02 -1.5715E-01 -2.4186E-05 -1.5792E-05
  1.2937E-02 -1.5980E-01 -2.4700E-05 -1.6128E-05
  1.3028E-02 -1.6250E-01 -2.5226E-05 -1.6471E-05
  1.3119E-02 -1.6525E-01 -2.5762E-05 -1.6821E-05
  1.3212E-02 -1.6803E-01 -2.6310E-05 -1.7179E-05
  1.3305E-02 -1.7086E-01 -2.6870E-05 -1.7544E-05
  1.3398E-02 -1.7374E-01 -2.7441E-05 -1.7917E-05
  1.3493E-02 -1.7666E-01 -2.8025E-05 -1.8298E-05
  1.3588E-02 -1.7962E-01 -2.8620E-05 -1.8687E-05
  1.3683E-02 -1.8263E-01 -2.9229E-05 -1.9085E-05
  1.3780E-02 -1.8569E-01 -2.9850E-05 -1.9490E-05
  1.3877E-02 -1.8879E-01 -3.0485E-05 -1.9905E-05
  1.3974E-02 -1.9195E-01 -3.1133E-05 -2.0328E-05
  1.4073E-02 -1.9515E-01 -3.1795E-05 -2.0760E-05
  1.4172E-02 -1.9840E-01 -3.2471E-05 -2.1201E-05
  1.4272E-02 -2.0170E-01 -3.3161E-05 -2.1652E-05
  1.4372E-02 -2.0505E-01 -3.3866E-05 -2.2112E-05
  1.4473E-02 -2.0846E-01 -3.4586E-05 -2.2582E-05
  1.4575E-02 -2.1191E-01 -3.5321E-05 -2.3062E-05
  1.4678E-02 -2.1542E-01 -3.6072E-05 -2.3552E-05
  1.4781E-02 -2.1898E-01 -3.6838E-05 -2.4053E-05
  1.4885E-02 -2.2260E-01 -3.7621E-05 -2.4564E-05
  1.4990E-02 -2.2627E-01 -3.8421E-05 -2.5086E-05
  1.5095E-02 -2.2999E-01 -3.9237E-05 -2.5619E-05
  1.5201E-02 -2.3378E-01 -4.0071E-05 -2.6163E-05
  1.5308E-02 -2.3762E-01 -4.0922E-05 -2.6719E-05
  1.5416E-02 -2.4151E-01 -4.1792E-05 -2.7287E-05
  1.5524E-02 -2.4547E-01 -4.2680E-05 -2.7867E-05
  1.5634E-02 -2.4948E-01 -4.3587E-05 -2.8459E-05
  1.5744E-02 -2.5355E-01 -4.4513E-05 -2.9063E-05
  1.5854E-02 -2.5769E-01 -4.5458E-05 -2.9681E-05
  1.5966E-02 -2.6188E-01 -4.6424E-05 -3.0311E-05
  1.6078E-02 -2.6614E-01 -4.7410E-05 -3.0955E-05
  1.6191E-02 -2.7046E-01 -4.8417E-05 -3.1613E-05
  1.6305E-02 -2.7485E-01 -4.9446E-05 -3.2284E-05
  1.6420E-02 -2.7930E-01 -5.0496E-05 -3.2970E-05
  1.6535E-02 -2.8381E-01 -5.1569E-05 -3.3670E-05
  1.6652E-02 -2.8839E-01 -5.2664E-05 -3.4385E-05
  1.6769E-02 -2.9303E-01 -5.3783E-05 -3.5115E-05
  1.6887E-02 -2.9775E-01 -5.4925E-05 -3.5861E-05
  1.7006E-02 -3.0253E-01 -5.6091E-05 -3.6623E-05
  1.7125E-02 -3.0738E-01 -5.7282E-05 -3.7400E-05
  1.7246E-02 -3.1230E-01 -5.8499E-05 -3.8195E-05
  1.7367E-02 -3.1729E-01 -5.9741E-05 -3.9006E-05
  1.7489E-02 -3.2235E-01 -6.1010E-05 -3.9834E-05
  1.7612E-02 -3.2749E-01 -6.2305E-05 -4.0680E-05
  1.7736E-02 -3.3270E-01 -6.3628E-05 -4.1543E-05
  1.7860E-02 -3.3798E-01 -6.4979E-05 -4.2425E-05
  1.7986E-02 -3.4334E-01 -6.6359E-05 -4.3326E-05
  1.8113E-02 -3.4877E-01 -6.7767E-05 -4.4246E-05
  1.8240E-02 -3.5428E-01 -6.9206E-05 -4.5185E-05
  1.8368E-02 -3.5986E-01 -7.0675E-05 -4.6144E-05
  1.8497E-02 -3.6552E-01 -7.2176E-05 -4.7123E-05
  1.8627E-02 -3.7127E-01 -7.3708E-05 -4.8124E-05
  1.8758E-02 -3.7709E-01 -7.5272E-05 -4.9145E-05
  1.8890E-02 -3.8299E-01 -7.6870E-05 -5.0188E-05
  1.9023E-02 -3.8897E-01 -7.8502E-05 -5.1253E-05
  1.9157E-02 -3.9504E-01 -8.0168E-05 -5.2341E-05
  1.9291E-02 -4.0119E-01 -8.1869E-05 -5.3452E-05
  1.9427E-02 -4.0742E-01 -8.3607E-05 -5.4586E-05
  1.9563E-02 -4.1374E-01 -8.5381E-05 -5.5745E-05
  1.9701E-02 -4.2014E-01 -8.7193E-05 -5.6927E-05
  1.9839E-02 -4.2663E-01 -8.9044E-05 -5.8135E-05
  1.9979E-02 -4.3320E-01 -9.0933E-05 -5.9369E-05
  2.0119E-02 -4.3987E-01 -9.2863E-05 -6.0629E-05
  2.0261E-02 -4.4662E-01 -9.4833E-05 -6.1915E-05
  2.0403E-02 -4.5346E-01 -9.6845E-05 -6.3228E-05
  2.0546E-02 -4.6039E-01 -9.8900E-05 -6.4570E-05
  2.0691E-02 -4.6742E-01 -1.0100E-04 -6.5940E-05
  2.0836E-02 -4.7454E-01 -1.0314E-04 -6.7339E-05
  2.0983E-02 -4.8174E-01 -1.0533E-04 -6.8767E-05
  2.1130E-02 -4.8905E-01 -1.0756E-04 -7.0226E-05
  2.1279E-02 -4.9645E-01 -1.0985E-04 -7.1715E-05
  2.1428E-02 -5.0394E-01 -1.1218E-04 -7.3236E-05
  2.1579E-02 -5.1153E-01 -1.1456E-04 -7.4790E-05
  2.1730E-02 -5.1921E-01 -1.1699E-04 -7.6376E-05
  2.1883E-02 -5.2700E-01 -1.1947E-04 -7.7996E-05
  2.2037E-02 -5.3488E-01 -1.2200E-04 -7.9650E-05
  2.2192E-02 -5.4286E-01 -1.2459E-04 -8.1339E-05
  2.2348E-02 -5.5095E-01 -1.2723E-04 -8.3064E-05
  2.2505E-02 -5.5913E-01 -1.2993E-04 -8.4825E-05
  2.2663E-02 -5.6742E-01 -1.3268E-04 -8.6624E-05
  2.2822E-02 -5.7580E-01 -1.3550E-04 -8.8461E-05
  2.2982E-02 -5.8430E-01 -1.3837E-04 -9.0336E-05
  2.3144E-02 -5.9289E-01 -1.4131E-04 -9.2252E-05
  2.3306E-02 -6.0159E-01 -1.4430E-04 -9.4208E-05
  2.3470E-02 -6.1040E-01 -1.4736E-04 -9.6205E-05
  2.3635E-02 -6.1931E-01 -1.5049E-04 -9.8245E-05
  2.3801E-02 -6.2833E-01 -1.5368E-04 -1.0033E-04
  2.3968E-02 -6.3746E-01 -1.5694E-04 -1.0245E-04
  2.4136E-02 -6.4669E-01 -1.6026E-04 -1.0463E-04
  2.4306E-02 -6.5604E-01 -1.6366E-04 -1.0684E-04
  2.4477E-02 -6.6549E-01 -1.6713E-04 -1.0911E-04
  2.4649E-02 -6.7506E-01 -1.7067E-04 -1.1142E-04
  2.4822E-02 -6.8473E-01 -1.7429E-04 -1.1378E-04
  2.4996E-02 -6.9452E-01 -1.7799E-04 -1.1619E-04
  2.5172E-02 -7.0442E-01 -1.8176E-04 -1.1866E-04
  2.5348E-02 -7.1443E-01 -1.8561E-04 -1.2117E-04
  2.5526E-02 -7.2455E-01 -1.8955E-04 -1.2374E-04
  2.5706E-02 -7.3479E-01 -1.9356E-04 -1.2636E-04
  2.5886E-02 -7.4515E-01 -1.9767E-04 -1.2904E-04
  2.6068E-02 -7.5562E-01 -2.0186E-04 -1.3177E-04
  2.6251E-02 -7.6620E-01 -2.0613E-04 -1.3457E-04
  2.6435E-02 -7.7690E-01 -2.1050E-04 -1.3742E-04
  2.6621E-02 -7.8772E-01 -2.1496E-04 -1.4033E-04
  2.6808E-02 -7.9865E-01 -2.1952E-04 -1.4330E-04
  2.6996E-02 -8.0970E-01 -2.2417E-04 -1.4634E-04
  2.7186E-02 -8.2087E-01 -2.2892E-04 -1.4944E-04
  2.7377E-02 -8.3216E-01 -2.3377E-04 -1.5260E-04
  2.7569E-02 -8.4357E-01 -2.3872E-04 -1.5584E-04
  2.7763E-02 -8.5509E-01 -2.4378E-04 -1.5914E-04
  2.7957E-02 -8.6673E-01 -2.4894E-04 -1.6251E-04
  2.8154E-02 -8.7850E-01 -2.5422E-04 -1.6595E-04
  2.8351E-02 -8.9038E-01 -2.5960E-04 -1.6946E-04
  2.8550E-02 -9.0238E-01 -2.6510E-04 -1.7305E-04
  2.8751E-02 -9.1450E-01 -2.7072E-04 -1.7672E-04
  2.8953E-02 -9.2674E-01 -2.7645E-04 -1.8046E-04
  2.9156E-02 -9.3911E-01 -2.8231E-04 -1.8428E-04
  2.9361E-02 -9.5159E-01 -2.8829E-04 -1.8818E-04
  2.9567E-02 -9.6419E-01 -2.9439E-04 -1.9217E-04
  2.9774E-02 -9.7691E-01 -3.0063E-04 -1.9624E-04
  2.9983E-02 -9.8976E-01 -3.0700E-04 -2.0039E-04
  3.0194E-02 -1.0027E+00 -3.1350E-04 -2.0464E-04
  3.0406E-02 -1.0158E+00 -3.2014E-04 -2.0897E-04
  3.0619E-02 -1.0290E+00 -3.2692E-04 -2.1339E-04
  3.0834E-02 -1.0423E+00 -3.3384E-04 -2.1791E-04
  3.1051E-02 -1.0558E+00 -3.4091E-04 -2.2252E-04
  3.1269E-02 -1.0693E+00 -3.4813E-04 -2.2723E-04
  3.1488E-02 -1.0830E+00 -3.5550E-04 -2.3204E-04
  3.1709E-02 -1.0968E+00 -3.6302E-04 -2.3695E-04
  3.1932E-02 -1.1107E+00 -3.7071E-04 -2.4197E-04
  3.2156E-02 -1.1248E+00 -3.7856E-04 -2.4709E-04
  3.2382E-02 -1.1389E+00 -3.8657E-04 -2.5232E-04
  3.2609E-02 -1.1532E+00 -3.9475E-04 -2.5766E-04
  3.2838E-02 -1.1676E+00 -4.0311E-04 -2.6311E-04
  3.3068E-02 -1.1821E+00 -4.1164E-04 -2.6868E-04
  3.3300E-02 -1.1967E+00 -4.2036E-04 -2.7437E-04
  3.3534E-02 -1.2114E+00 -4.2925E-04 -2.8017E-04
  3.3769E-02 -1.2263E+00 -4.3834E-04 -2.8610E-04
  3.4007E-02 -1.2413E+00 -4.4761E-04 -2.9215E-04
  3.4245E-02 -1.2563E+00 -4.5709E-04 -2.9833E-04
  3.4486E-02 -1.2715E+00 -4.6676E-04 -3.0464E-04
  3.4728E-02 -1.2868E+00 -4.7664E-04 -3.1109E-04
  3.4971E-02 -1.3022E+00 -4.8672E-04 -3.1767E-04
  3.5217E-02 -1.3177E+00 -4.9702E-04 -3.2439E-04
  3.5464E-02 -1.3333E+00 -5.0754E-04 -3.3125E-04
  3.5713E-02 -1.3490E+00 -5.1828E-04 -3.3826E-04
  3.5963E-02 -1.3649E+00 -5.2924E-04 -3.4541E-04
  3.6216E-02 -1.3808E+00 -5.4044E-04 -3.5271E-04
  3.6470E-02 -1.3968E+00 -5.5187E-04 -3.6017E-04
  3.6726E-02 -1.4129E+00 -5.6354E-04 -3.6779E-04
  3.6983E-02 -1.4292E+00 -5.7546E-04 -3.7557E-04
  3.7243E-02 -1.4455E+00 -5.8764E-04 -3.8351E-04
  3.7504E-02 -1.4619E+00 -6.0007E-04 -3.9162E-04
  3.7767E-02 -1.4784E+00 -6.1276E-04 -3.9989E-04
  3.8032E-02 -1.4950E+00 -6.2572E-04 -4.0835E-04
  3.8299E-02 -1.5117E+00 -6.3895E-04 -4.1698E-04
  3.8568E-02 -1.5285E+00 -6.5246E-04 -4.2580E-04
  3.8839E-02 -1.5453E+00 -6.6626E-04 -4.3480E-04
  3.9111E-02 -1.5623E+00 -6.8035E-04 -4.4399E-04
  3.9386E-02 -1.5793E+00 -6.9473E-04 -4.5337E-04
  3.9662E-02 -1.5964E+00 -7.0942E-04 -4.6295E-04
  3.9940E-02 -1.6136E+00 -7.2442E-04 -4.7274E-04
  4.0220E-02 -1.6308E+00 -7.3973E-04 -4.8272E-04
  4.0503E-02 -1.6482E+00 -7.5537E-04 -4.9293E-04
  4.0787E-02 -1.6655E+00 -7.7134E-04 -5.0334E-04
  4.1073E-02 -1.6830E+00 -7.8764E-04 -5.1398E-04
  4.1361E-02 -1.7005E+00 -8.0429E-04 -5.2483E-04
  4.1651E-02 -1.7181E+00 -8.2129E-04 -5.3592E-04
  4.1944E-02 -1.7357E+00 -8.3865E-04 -5.4724E-04
  4.2238E-02 -1.7534E+00 -8.5637E-04 -5.5880E-04
  4.2534E-02 -1.7711E+00 -8.7447E-04 -5.7061E-04
  4.2832E-02 -1.7889E+00 -8.9295E-04 -5.8266E-04
  4.3133E-02 -1.8067E+00 -9.1182E-04 -5.9496E-04
  4.3436E-02 -1.8246E+00 -9.3108E-04 -6.0753E-04
  4.3740E-02 -1.8425E+00 -9.5075E-04 -6.2036E-04
  4.4047E-02 -1.8604E+00 -9.7084E-04 -6.3346E-04
  4.4356E-02 -1.8783E+00 -9.9135E-04 -6.4683E-04
  4.4667E-02 -1.8963E+00 -1.0123E-03 -6.6049E-04
  4.4981E-02 -1.9143E+00 -1.0337E-03 -6.7443E-04
  4.5296E-02 -1.9323E+00 -1.0555E-03 -6.8867E-04
  4.5614E-02 -1.9504E+00 -1.0778E-03 -7.0321E-04
  4.5934E-02 -1.9684E+00 -1.1006E-03 -7.1805E-04
  4.6256E-02 -1.9864E+00 -1.1238E-03 -7.3320E-04
  4.6580E-02 -2.0045E+00 -1.1475E-03 -7.4868E-04
  4.6907E-02 -2.0225E+00 -1.1718E-03 -7.6448E-04
  4.7236E-02 -2.0405E+00 -1.1965E-03 -7.8061E-04
  4.7568E-02 -2.0585E+00 -1.2218E-03 -7.9708E-04
  4.7901E-02 -2.0765E+00 -1.2476E-03 -8.1390E-04
  4.8237E-02 -2.0944E+00 -1.2739E-03 -8.3107E-04
  4.8576E-02 -2.1124E+00 -1.3008E-03 -8.4860E-04
  4.8916E-02 -2.1302E+00 -1.3283E-03 -8.6650E-04
  4.9259E-02 -2.1481E+00 -1.3563E-03 -8.8478E-04
  4.9605E-02 -2.1659E+00 -1.3849E-03 -9.0344E-04
  4.9953E-02 -2.1836E+00 -1.4141E-03 -9.2249E-04
  5.0303E-02 -2.2013E+00 -1.4440E-03 -9.4195E-04
  5.0656E-02 -2.2189E+00 -1.4744E-03 -9.6181E-04
  5.1011E-02 -2.2364E+00 -1.5056E-03 -9.8209E-04
  5.1369E-02 -2.2539E+00 -1.5373E-03 -1.0028E-03
  5.1729E-02 -2.2713E+00 -1.5698E-03 -1.0239E-03
  5.2092E-02 -2.2886E+00 -1.6029E-03 -1.0455E-03
  5.2457E-02 -2.3058E+00 -1.6367E-03 -1.0676E-03
  5.2825E-02 -2.3229E+00 -1.6712E-03 -1.0901E-03
  5.3196E-02 -2.3399E+00 -1.7064E-03 -1.1130E-03
  5.3569E-02 -2.3567E+00 -1.7424E-03 -1.1365E-03
  5.3944E-02 -2.3735E+00 -1.7792E-03 -1.1604E-03
  5.4323E-02 -2.3901E+00 -1.8167E-03 -1.1849E-03
  5.4704E-02 -2.4066E+00 -1.8550E-03 -1.2098E-03
  5.5087E-02 -2.4229E+00 -1.8941E-03 -1.2353E-03
  5.5474E-02 -2.4391E+00 -1.9340E-03 -1.2613E-03
  5.5863E-02 -2.4551E+00 -1.9748E-03 -1.2879E-03
  5.6254E-02 -2.4709E+00 -2.0164E-03 -1.3150E-03
  5.6649E-02 -2.4866E+00 -2.0589E-03 -1.3427E-03
  5.7046E-02 -2.5021E+00 -2.1023E-03 -1.3710E-03
  5.7446E-02 -2.5174E+00 -2.1466E-03 -1.3999E-03
  5.7849E-02 -2.5325E+00 -2.1918E-03 -1.4293E-03
  5.8255E-02 -2.5474E+00 -2.2380E-03 -1.4594E-03
  5.8663E-02 -2.5621E+00 -2.2852E-03 -1.4901E-03
  5.9075E-02 -2.5765E+00 -2.3333E-03 -1.5215E-03
  5.9489E-02 -2.5907E+00 -2.3825E-03 -1.5535E-03
  5.9906E-02 -2.6047E+00 -2.4326E-03 -1.5862E-03
  6.0326E-02 -2.6184E+00 -2.4839E-03 -1.6196E-03
  6.0749E-02 -2.6319E+00 -2.5362E-03 -1.6536E-03
  6.1175E-02 -2.6451E+00 -2.5896E-03 -1.6884E-03
  6.1604E-02 -2.6581E+00 -2.6441E-03 -1.7239E-03
  6.2036E-02 -2.6707E+00 -2.6997E-03 -1.7602E-03
  6.2471E-02 -2.6830E+00 -2.7566E-03 -1.7972E-03
  6.2909E-02 -2.6951E+00 -2.8146E-03 -1.8350E-03
  6.3350E-02 -2.7068E+00 -2.8738E-03 -1.8736E-03
  6.3794E-02 -2.7182E+00 -2.9343E-03 -1.9129E-03
  6.4241E-02 -2.7293E+00 -2.9960E-03 -1.9532E-03
  6.4692E-02 -2.7401E+00 -3.0591E-03 -1.9942E-03
  6.5145E-02 -2.7505E+00 -3.1234E-03 -2.0361E-03
  6.5602E-02 -2.7605E+00 -3.1891E-03 -2.0789E-03
  6.6062E-02 -2.7701E+00 -3.2562E-03 -2.1226E-03
  6.6525E-02 -2.7794E+00 -3.3247E-03 -2.1671E-03
  6.6992E-02 -2.7883E+00 -3.3946E-03 -2.2127E-03
  6.7461E-02 -2.7968E+00 -3.4660E-03 -2.2591E-03
  6.7934E-02 -2.8049E+00 -3.5388E-03 -2.3066E-03
  6.8411E-02 -2.8125E+00 -3.6132E-03 -2.3550E-03
  6.8890E-02 -2.8198E+00 -3.6892E-03 -2.4044E-03
  6.9373E-02 -2.8266E+00 -3.7667E-03 -2.4549E-03
  6.9860E-02 -2.8329E+00 -3.8458E-03 -2.5064E-03
  7.0350E-02 -2.8388E+00 -3.9266E-03 -2.5590E-03
  7.0843E-02 -2.8442E+00 -4.0091E-03 -2.6127E-03
  7.1339E-02 -2.8491E+00 -4.0934E-03 -2.6675E-03
  7.1840E-02 -2.8536E+00 -4.1793E-03 -2.7234E-03
  7.2343E-02 -2.8575E+00 -4.2671E-03 -2.7805E-03
  7.2850E-02 -2.8609E+00 -4.3567E-03 -2.8388E-03
  7.3361E-02 -2.8638E+00 -4.4482E-03 -2.8984E-03
  7.3875E-02 -2.8662E+00 -4.5415E-03 -2.9591E-03
  7.4393E-02 -2.8680E+00 -4.6369E-03 -3.0211E-03
  7.4915E-02 -2.8693E+00 -4.7342E-03 -3.0844E-03
  7.5440E-02 -2.8700E+00 -4.8335E-03 -3.1491E-03
  7.5969E-02 -2.8701E+00 -4.9349E-03 -3.2150E-03
  7.6501E-02 -2.8697E+00 -5.0385E-03 -3.2824E-03
  7.7038E-02 -2.8687E+00 -5.1441E-03 -3.3511E-03
  7.7578E-02 -2.8670E+00 -5.2520E-03 -3.4213E-03
  7.8122E-02 -2.8648E+00 -5.3622E-03 -3.4929E-03
  7.8669E-02 -2.8619E+00 -5.4746E-03 -3.5660E-03
  7.9221E-02 -2.8584E+00 -5.5893E-03 -3.6406E-03
  7.9776E-02 -2.8542E+00 -5.7065E-03 -3.7168E-03
  8.0335E-02 -2.8494E+00 -5.8261E-03 -3.7946E-03
  8.0898E-02 -2.8439E+00 -5.9481E-03 -3.8739E-03
  8.1466E-02 -2.8378E+00 -6.0728E-03 -3.9549E-03
  8.2037E-02 -2.8309E+00 -6.2000E-03 -4.0376E-03
  8.2612E-02 -2.8234E+00 -6.3298E-03 -4.1220E-03
  8.3191E-02 -2.8152E+00 -6.4624E-03 -4.2082E-03
  8.3774E-02 -2.8062E+00 -6.5976E-03 -4.2961E-03
  8.4361E-02 -2.7966E+00 -6.7358E-03 -4.3859E-03
  8.4953E-02 -2.7862E+00 -6.8767E-03 -4.4775E-03
  8.5548E-02 -2.7750E+00 -7.0206E-03 -4.5710E-03
  8.6148E-02 -2.7632E+00 -7.1675E-03 -4.6665E-03
  8.6752E-02 -2.7505E+00 -7.3174E-03 -4.7639E-03
  8.7360E-02 -2.7372E+00 -7.4705E-03 -4.8633E-03
  8.7972E-02 -2.7230E+00 -7.6267E-03 -4.9648E-03
  8.8589E-02 -2.7080E+00 -7.7861E-03 -5.0684E-03
  8.9210E-02 -2.6923E+00 -7.9489E-03 -5.1741E-03
  8.9835E-02 -2.6758E+00 -8.1150E-03 -5.2820E-03
  9.0465E-02 -2.6585E+00 -8.2846E-03 -5.3921E-03
  9.1099E-02 -2.6403E+00 -8.4576E-03 -5.5045E-03
  9.1737E-02 -2.6214E+00 -8.6343E-03 -5.6192E-03
  9.2380E-02 -2.6016E+00 -8.8146E-03 -5.7363E-03
  9.3028E-02 -2.5810E+00 -8.9986E-03 -5.8557E-03
  9.3680E-02 -2.5596E+00 -9.1865E-03 -5.9777E-03
  9.4336E-02 -2.5373E+00 -9.3782E-03 -6.1021E-03
  9.4998E-02 -2.5141E+00 -9.5738E-03 -6.2292E-03
  9.5663E-02 -2.4902E+00 -9.7736E-03 -6.3588E-03
  9.6334E-02 -2.4653E+00 -9.9774E-03 -6.4911E-03
  9.7009E-02 -2.4396E+00 -1.0185E-02 -6.6261E-03
  9.7689E-02 -2.4131E+00 -1.0398E-02 -6.7638E-03
  9.8374E-02 -2.3856E+00 -1.0614E-02 -6.9044E-03
  9.9063E-02 -2.3573E+00 -1.0836E-02 -7.0479E-03
  9.9758E-02 -2.3282E+00 -1.1061E-02 -7.1944E-03
  1.0046E-01 -2.2981E+00 -1.1292E-02 -7.3438E-03
  1.0116E-01 -2.2672E+00 -1.1527E-02 -7.4963E-03
  1.0187E-01 -2.2353E+00 -1.1767E-02 -7.6519E-03
  1.0258E-01 -2.2026E+00 -1.2012E-02 -7.8107E-03
  1.0330E-01 -2.1690E+00 -1.2262E-02 -7.9727E-03
  1.0403E-01 -2.1345E+00 -1.2517E-02 -8.1381E-03
  1.0476E-01 -2.0991E+00 -1.2777E-02 -8.3068E-03
  1.0549E-01 -2.0629E+00 -1.3043E-02 -8.4790E-03
  1.0623E-01 -2.0257E+00 -1.3314E-02 -8.6547E-03
  1.0697E-01 -1.9877E+00 -1.3590E-02 -8.8340E-03
  1.0772E-01 -1.9487E+00 -1.3873E-02 -9.0169E-03
  1.0848E-01 -1.9089E+00 -1.4161E-02 -9.2036E-03
  1.0924E-01 -1.8682E+00 -1.4455E-02 -9.3941E-03
  1.1000E-01 -1.8266E+00 -1.4755E-02 -9.5884E-03
  1.1078E-01 -1.7842E+00 -1.5061E-02 -9.7867E-03
  1.1155E-01 -1.7409E+00 -1.5373E-02 -9.9890E-03
  1.1233E-01 -1.6967E+00 -1.5692E-02 -1.0195E-02
  1.1312E-01 -1.6516E+00 -1.6017E-02 -1.0406E-02
  1.1391E-01 -1.6057E+00 -1.6349E-02 -1.0621E-02
  1.1471E-01 -1.5589E+00 -1.6688E-02 -1.0840E-02
  1.1552E-01 -1.5113E+00 -1.7034E-02 -1.1064E-02
  1.1633E-01 -1.4628E+00 -1.7387E-02 -1.1292E-02
  1.1714E-01 -1.4135E+00 -1.7746E-02 -1.1525E-02
  1.1796E-01 -1.3634E+00 -1.8114E-02 -1.1763E-02
  1.1879E-01 -1.3124E+00 -1.8488E-02 -1.2005E-02
  1.1962E-01 -1.2607E+00 -1.8871E-02 -1.2252E-02
  1.2046E-01 -1.2081E+00 -1.9261E-02 -1.2505E-02
  1.2130E-01 -1.1548E+00 -1.9659E-02 -1.2762E-02
  1.2215E-01 -1.1006E+00 -2.0065E-02 -1.3025E-02
  1.2301E-01 -1.0458E+00 -2.0479E-02 -1.3292E-02
  1.2387E-01 -9.9011E-01 -2.0902E-02 -1.3566E-02
  1.2474E-01 -9.3372E-01 -2.1333E-02 -1.3844E-02
  1.2561E-01 -8.7661E-01 -2.1773E-02 -1.4129E-02
  1.2649E-01 -8.1878E-01 -2.2222E-02 -1.4419E-02
  1.2738E-01 -7.6025E-01 -2.2680E-02 -1.4715E-02
  1.2827E-01 -7.0104E-01 -2.3147E-02 -1.5016E-02
  1.2917E-01 -6.4115E-01 -2.3624E-02 -1.5324E-02
  1.3008E-01 -5.8061E-01 -2.4110E-02 -1.5638E-02
  1.3099E-01 -5.1944E-01 -2.4606E-02 -1.5959E-02
  1.3191E-01 -4.5764E-01 -2.5112E-02 -1.6285E-02
  1.3283E-01 -3.9525E-01 -2.5629E-02 -1.6619E-02
  1.3376E-01 -3.3227E-01 -2.6156E-02 -1.6959E-02
  1.3470E-01 -2.6873E-01 -2.6693E-02 -1.7305E-02
  1.3564E-01 -2.0464E-01 -2.7241E-02 -1.7659E-02
  1.3659E-01 -1.4004E-01 -2.7800E-02 -1.8019E-02
  1.3755E-01 -7.4931E-02 -2.8370E-02 -1.8387E-02
  1.3851E-01 -9.3467E-03 -2.8952E-02 -1.8762E-02
  1.3948E-01  5.6694E-02 -2.9545E-02 -1.9145E-02
  1.4046E-01  1.2317E-01 -3.0151E-02 -1.9535E-02
  1.4145E-01  1.9005E-01 -3.0768E-02 -1.9933E-02
  1.4244E-01  2.5732E-01 -3.1398E-02 -2.0338E-02
  1.4344E-01  3.2494E-01 -3.2040E-02 -2.0752E-02
  1.4444E-01  3.9290E-01 -3.2695E-02 -2.1174E-02
  1.4545E-01  4.6117E-01 -3.3363E-02 -2.1604E-02
  1.4647E-01  5.2972E-01 -3.4045E-02 -2.2043E-02
  1.4750E-01  5.9852E-01 -3.4740E-02 -2.2490E-02
  1.4853E-01  6.6754E-01 -3.5449E-02 -2.2946E-02
  1.4957E-01  7.3676E-01 -3.6172E-02 -2.3412E-02
  1.5062E-01  8.0615E-01 -3.6909E-02 -2.3886E-02
  1.5168E-01  8.7567E-01 -3.7661E-02 -2.4369E-02
  1.5274E-01  9.4531E-01 -3.8427E-02 -2.4862E-02
  1.5381E-01  1.0150E+00 -3.9209E-02 -2.5365E-02
  1.5489E-01  1.0848E+00 -4.0007E-02 -2.5877E-02
  1.5597E-01  1.1545E+00 -4.0820E-02 -2.6400E-02
  1.5707E-01  1.2243E+00 -4.1649E-02 -2.6933E-02
  1.5817E-01  1.2940E+00 -4.2494E-02 -2.7475E-02
  1.5927E-01  1.3636E+00 -4.3356E-02 -2.8029E-02
  1.6039E-01  1.4331E+00 -4.4235E-02 -2.8593E-02
  1.6151E-01  1.5024E+00 -4.5131E-02 -2.9169E-02
  1.6265E-01  1.5715E+00 -4.6045E-02 -2.9755E-02
  1.6379E-01  1.6405E+00 -4.6977E-02 -3.0353E-02
  1.6493E-01  1.7091E+00 -4.7927E-02 -3.0962E-02
  1.6609E-01  1.7775E+00 -4.8895E-02 -3.1583E-02
  1.6725E-01  1.8455E+00 -4.9882E-02 -3.2216E-02
  1.6842E-01  1.9132E+00 -5.0889E-02 -3.2861E-02
  1.6960E-01  1.9804E+00 -5.1915E-02 -3.3518E-02
  1.7079E-01  2.0472E+00 -5.2961E-02 -3.4188E-02
  1.7199E-01  2.1136E+00 -5.4028E-02 -3.4871E-02
  1.7319E-01  2.1794E+00 -5.5115E-02 -3.5567E-02
  1.7441E-01  2.2446E+00 -5.6223E-02 -3.6276E-02
  1.7563E-01  2.3093E+00 -5.7352E-02 -3.6999E-02
  1.7686E-01  2.3733E+00 -5.8504E-02 -3.7735E-02
  1.7810E-01  2.4367E+00 -5.9677E-02 -3.8486E-02
  1.7935E-01  2.4993E+00 -6.0873E-02 -3.9250E-02
  1.8060E-01  2.5612E+00 -6.2092E-02 -4.0029E-02
  1.8187E-01  2.6223E+00 -6.3335E-02 -4.0823E-02
  1.8314E-01  2.6826E+00 -6.4601E-02 -4.1632E-02
  1.8443E-01  2.7420E+00 -6.5891E-02 -4.2456E-02
  1.8572E-01  2.8005E+00 -6.7206E-02 -4.3295E-02
  1.8702E-01  2.8580E+00 -6.8547E-02 -4.4151E-02
  1.8833E-01  2.9146E+00 -6.9912E-02 -4.5022E-02
  1.8965E-01  2.9701E+00 -7.1304E-02 -4.5909E-02
  1.9098E-01  3.0245E+00 -7.2722E-02 -4.6813E-02
  1.9232E-01  3.0779E+00 -7.4167E-02 -4.7734E-02
  1.9367E-01  3.1301E+00 -7.5639E-02 -4.8672E-02
  1.9502E-01  3.1811E+00 -7.7139E-02 -4.9627E-02
  1.9639E-01  3.2309E+00 -7.8667E-02 -5.0600E-02
  1.9776E-01  3.2794E+00 -8.0224E-02 -5.1590E-02
  1.9915E-01  3.3266E+00 -8.1810E-02 -5.2599E-02
  2.0055E-01  3.3725E+00 -8.3426E-02 -5.3627E-02
  2.0195E-01  3.4170E+00 -8.5072E-02 -5.4673E-02
  2.0337E-01  3.4601E+00 -8.6749E-02 -5.5739E-02
  2.0479E-01  3.5017E+00 -8.8457E-02 -5.6824E-02
  2.0623E-01  3.5418E+00 -9.0197E-02 -5.7928E-02
  2.0767E-01  3.5805E+00 -9.1969E-02 -5.9053E-02
  2.0913E-01  3.6175E+00 -9.3773E-02 -6.0198E-02
  2.1059E-01  3.6529E+00 -9.5611E-02 -6.1363E-02
  2.1207E-01  3.6867E+00 -9.7483E-02 -6.2550E-02
  2.1355E-01  3.7189E+00 -9.9389E-02 -6.3758E-02
  2.1505E-01  3.7493E+00 -1.0133E-01 -6.4988E-02
  2.1655E-01  3.7780E+00 -1.0331E-01 -6.6239E-02
  2.1807E-01  3.8049E+00 -1.0532E-01 -6.7513E-02
  2.1960E-01  3.8300E+00 -1.0737E-01 -6.8809E-02
  2.2114E-01  3.8532E+00 -1.0946E-01 -7.0128E-02
  2.2269E-01  3.8746E+00 -1.1158E-01 -7.1471E-02
  2.2425E-01  3.8941E+00 -1.1374E-01 -7.2837E-02
  2.2582E-01  3.9117E+00 -1.1594E-01 -7.4227E-02
  2.2740E-01  3.9274E+00 -1.1819E-01 -7.5642E-02
  2.2899E-01  3.9410E+00 -1.2047E-01 -7.7081E-02
  2.3060E-01  3.9526E+00 -1.2279E-01 -7.8545E-02
  2.3221E-01  3.9622E+00 -1.2515E-01 -8.0034E-02
  2.3384E-01  3.9698E+00 -1.2756E-01 -8.1550E-02
  2.3548E-01  3.9752E+00 -1.3000E-01 -8.3091E-02
  2.3713E-01  3.9786E+00 -1.3250E-01 -8.4658E-02
  2.3879E-01  3.9798E+00 -1.3503E-01 -8.6253E-02
  2.4046E-01  3.9788E+00 -1.3761E-01 -8.7874E-02
  2.4215E-01  3.9757E+00 -1.4023E-01 -8.9523E-02
  2.4384E-01  3.9705E+00 -1.4290E-01 -9.1200E-02
  2.4555E-01  3.9630E+00 -1.4562E-01 -9.2904E-02
  2.4727E-01  3.9533E+00 -1.4838E-01 -9.4638E-02
  2.4901E-01  3.9413E+00 -1.5119E-01 -9.6400E-02
  2.5075E-01  3.9271E+00 -1.5405E-01 -9.8192E-02
  2.5251E-01  3.9107E+00 -1.5696E-01 -1.0001E-01
  2.5428E-01  3.8919E+00 -1.5992E-01 -1.0186E-01
  2.5606E-01  3.8709E+00 -1.6293E-01 -1.0375E-01
  2.5785E-01  3.8476E+00 -1.6599E-01 -1.0566E-01
  2.5966E-01  3.8220E+00 -1.6910E-01 -1.0760E-01
  2.6148E-01  3.7941E+00 -1.7226E-01 -1.0958E-01
  2.6331E-01  3.7638E+00 -1.7548E-01 -1.1158E-01
  2.6515E-01  3.7313E+00 -1.7875E-01 -1.1362E-01
  2.6701E-01  3.6965E+00 -1.8207E-01 -1.1569E-01
  2.6888E-01  3.6593E+00 -1.8545E-01 -1.1779E-01
  2.7076E-01  3.6198E+00 -1.8888E-01 -1.1993E-01
  2.7266E-01  3.5780E+00 -1.9237E-01 -1.2210E-01
  2.7457E-01  3.5339E+00 -1.9592E-01 -1.2431E-01
  2.7650E-01  3.4875E+00 -1.9952E-01 -1.2654E-01
  2.7843E-01  3.4388E+00 -2.0318E-01 -1.2882E-01
  2.8038E-01  3.3878E+00 -2.0690E-01 -1.3112E-01
  2.8235E-01  3.3345E+00 -2.1068E-01 -1.3347E-01
  2.8433E-01  3.2790E+00 -2.1452E-01 -1.3584E-01
  2.8632E-01  3.2212E+00 -2.1842E-01 -1.3826E-01
  2.8832E-01  3.1612E+00 -2.2238E-01 -1.4071E-01
  2.9034E-01  3.0990E+00 -2.2640E-01 -1.4319E-01
  2.9238E-01  3.0345E+00 -2.3049E-01 -1.4571E-01
  2.9442E-01  2.9679E+00 -2.3463E-01 -1.4827E-01
  2.9649E-01  2.8991E+00 -2.3884E-01 -1.5087E-01
  2.9856E-01  2.8281E+00 -2.4312E-01 -1.5350E-01
  3.0066E-01  2.7551E+00 -2.4746E-01 -1.5617E-01
  3.0276E-01  2.6799E+00 -2.5186E-01 -1.5888E-01
  3.0488E-01  2.6027E+00 -2.5633E-01 -1.6163E-01
  3.0702E-01  2.5235E+00 -2.6087E-01 -1.6441E-01
  3.0917E-01  2.4422E+00 -2.6547E-01 -1.6723E-01
  3.1134E-01  2.3590E+00 -2.7014E-01 -1.7010E-01
  3.1352E-01  2.2738E+00 -2.7487E-01 -1.7300E-01
  3.1571E-01  2.1867E+00 -2.7968E-01 -1.7594E-01
  3.1793E-01  2.0977E+00 -2.8455E-01 -1.7891E-01
  3.2015E-01  2.0069E+00 -2.8949E-01 -1.8193E-01
  3.2240E-01  1.9143E+00 -2.9450E-01 -1.8499E-01
  3.2465E-01  1.8200E+00 -2.9958E-01 -1.8808E-01
  3.2693E-01  1.7239E+00 -3.0473E-01 -1.9122E-01
  3.2922E-01  1.6262E+00 -3.0995E-01 -1.9439E-01
  3.3152E-01  1.5269E+00 -3.1523E-01 -1.9761E-01
  3.3385E-01  1.4259E+00 -3.2059E-01 -2.0086E-01
  3.3619E-01  1.3235E+00 -3.2602E-01 -2.0415E-01
  3.3854E-01  1.2195E+00 -3.3152E-01 -2.0748E-01
  3.4091E-01  1.1142E+00 -3.3709E-01 -2.1086E-01
  3.4330E-01  1.0074E+00 -3.4273E-01 -2.1427E-01
  3.4571E-01  8.9934E-01 -3.4844E-01 -2.1772E-01
  3.4813E-01  7.8999E-01 -3.5422E-01 -2.2120E-01
  3.5057E-01  6.7942E-01 -3.6007E-01 -2.2473E-01
  3.5302E-01  5.6770E-01 -3.6600E-01 -2.2830E-01
  3.5549E-01  4.5487E-01 -3.7199E-01 -2.3190E-01
  3.5799E-01  3.4099E-01 -3.7805E-01 -2.3554E-01
  3.6049E-01  2.2614E-01 -3.8419E-01 -2.3922E-01
  3.6302E-01  1.1036E-01 -3.9039E-01 -2.4294E-01
  3.6556E-01 -6.2860E-03 -3.9666E-01 -2.4669E-01
  3.6812E-01 -1.2373E-01 -4.0300E-01 -2.5048E-01
  3.7070E-01 -2.4190E-01 -4.0941E-01 -2.5431E-01
  3.7330E-01 -3.6074E-01 -4.1588E-01 -2.5817E-01
  3.7591E-01 -4.8019E-01 -4.2242E-01 -2.6207E-01
  3.7855E-01 -6.0017E-01 -4.2903E-01 -2.6600E-01
  3.8120E-01 -7.2062E-01 -4.3571E-01 -2.6996E-01
  3.8387E-01 -8.4148E-01 -4.4245E-01 -2.7396E-01
  3.8656E-01 -9.6267E-01 -4.4925E-01 -2.7799E-01
  3.8927E-01 -1.0841E+00 -4.5611E-01 -2.8205E-01
  3.9199E-01 -1.2058E+00 -4.6304E-01 -2.8615E-01
  3.9474E-01 -1.3275E+00 -4.7002E-01 -2.9027E-01
  3.9750E-01 -1.4494E+00 -4.7707E-01 -2.9442E-01
  4.0029E-01 -1.5712E+00 -4.8417E-01 -2.9860E-01
  4.0309E-01 -1.6929E+00 -4.9133E-01 -3.0281E-01
  4.0592E-01 -1.8144E+00 -4.9854E-01 -3.0704E-01
  4.0876E-01 -1.9357E+00 -5.0581E-01 -3.1129E-01
  4.1162E-01 -2.0567E+00 -5.1312E-01 -3.1557E-01
  4.1451E-01 -2.1774E+00 -5.2049E-01 -3.1987E-01
  4.1741E-01 -2.2975E+00 -5.2790E-01 -3.2420E-01
  4.2033E-01 -2.4172E+00 -5.3536E-01 -3.2854E-01
  4.2328E-01 -2.5362E+00 -5.4286E-01 -3.3290E-01
  4.2624E-01 -2.6546E+00 -5.5040E-01 -3.3727E-01
  4.2923E-01 -2.7722E+00 -5.5797E-01 -3.4166E-01
  4.3224E-01 -2.8890E+00 -5.6559E-01 -3.4606E-01
  4.3526E-01 -3.0049E+00 -5.7323E-01 -3.5048E-01
  4.3831E-01 -3.1199E+00 -5.8090E-01 -3.5490E-01
  4.4138E-01 -3.2338E+00 -5.8860E-01 -3.5933E-01
  4.4447E-01 -3.3466E+00 -5.9632E-01 -3.6376E-01
  4.4759E-01 -3.4582E+00 -6.0406E-01 -3.6820E-01
  4.5072E-01 -3.5686E+00 -6.1181E-01 -3.7264E-01
  4.5388E-01 -3.6777E+00 -6.1958E-01 -3.7707E-01
  4.5706E-01 -3.7853E+00 -6.2735E-01 -3.8150E-01
  4.6026E-01 -3.8915E+00 -6.3513E-01 -3.8593E-01
  4.6349E-01 -3.9962E+00 -6.4290E-01 -3.9035E-01
  4.6673E-01 -4.0993E+00 -6.5067E-01 -3.9475E-01
  4.7000E-01 -4.2007E+00 -6.5843E-01 -3.9914E-01
  4.7329E-01 -4.3004E+00 -6.6618E-01 -4.0351E-01
  4.7661E-01 -4.3983E+00 -6.7390E-01 -4.0786E-01
  4.7995E-01 -4.4943E+00 -6.8160E-01 -4.1219E-01
  4.8331E-01 -4.5884E+00 -6.8927E-01 -4.1649E-01
  4.8670E-01 -4.6805E+00 -6.9689E-01 -4.2076E-01
  4.9011E-01 -4.7706E+00 -7.0448E-01 -4.2500E-01
  4.9354E-01 -4.8585E+00 -7.1202E-01 -4.2920E-01
  4.9700E-01 -4.9443E+00 -7.1950E-01 -4.3336E-01
  5.0048E-01 -5.0278E+00 -7.2692E-01 -4.3747E-01
  5.0398E-01 -5.1090E+00 -7.3426E-01 -4.4154E-01
  5.0751E-01 -5.1879E+00 -7.4154E-01 -4.4555E-01
  5.1107E-01 -5.2644E+00 -7.4872E-01 -4.4951E-01
  5.1465E-01 -5.3385E+00 -7.5582E-01 -4.5341E-01
  5.1825E-01 -5.4100E+00 -7.6281E-01 -4.5724E-01
  5.2188E-01 -5.4790E+00 -7.6970E-01 -4.6100E-01
  5.2554E-01 -5.5454E+00 -7.7646E-01 -4.6469E-01
  5.2922E-01 -5.6091E+00 -7.8310E-01 -4.6830E-01
  5.3293E-01 -5.6701E+00 -7.8961E-01 -4.7182E-01
  5.3666E-01 -5.7284E+00 -7.9597E-01 -4.7526E-01
  5.4042E-01 -5.7839E+00 -8.0218E-01 -4.7860E-01
  5.4421E-01 -5.8365E+00 -8.0822E-01 -4.8185E-01
  5.4802E-01 -5.8863E+00 -8.1408E-01 -4.8499E-01
  5.5186E-01 -5.9333E+00 -8.1976E-01 -4.8802E-01
  5.5572E-01 -5.9772E+00 -8.2525E-01 -4.9094E-01
  5.5961E-01 -6.0182E+00 -8.3052E-01 -4.9374E-01
  5.6353E-01 -6.0562E+00 -8.3557E-01 -4.9641E-01
  5.6748E-01 -6.0912E+00 -8.4039E-01 -4.9895E-01
  5.7146E-01 -6.1231E+00 -8.4497E-01 -5.0135E-01
  5.7546E-01 -6.1520E+00 -8.4929E-01 -5.0360E-01
  5.7949E-01 -6.1777E+00 -8.5334E-01 -5.0571E-01
  5.8355E-01 -6.2003E+00 -8.5710E-01 -5.0765E-01
  5.8764E-01 -6.2198E+00 -8.6057E-01 -5.0944E-01
  5.9175E-01 -6.2361E+00 -8.6372E-01 -5.1105E-01
  5.9590E-01 -6.2493E+00 -8.6655E-01 -5.1249E-01
  6.0007E-01 -6.2593E+00 -8.6903E-01 -5.1375E-01
  6.0428E-01 -6.2660E+00 -8.7116E-01 -5.1482E-01
  6.0851E-01 -6.2696E+00 -8.7292E-01 -5.1568E-01
  6.1277E-01 -6.2700E+00 -8.7429E-01 -5.1635E-01
  6.1706E-01 -6.2671E+00 -8.7525E-01 -5.1680E-01
  6.2139E-01 -6.2611E+00 -8.7579E-01 -5.1704E-01
  6.2574E-01 -6.2518E+00 -8.7590E-01 -5.1705E-01
  6.3012E-01 -6.2393E+00 -8.7555E-01 -5.1683E-01
  6.3454E-01 -6.2236E+00 -8.7472E-01 -5.1637E-01
  6.3898E-01 -6.2047E+00 -8.7341E-01 -5.1566E-01
  6.4346E-01 -6.1826E+00 -8.7159E-01 -5.1470E-01
  6.4796E-01 -6.1574E+00 -8.6923E-01 -5.1347E-01
  6.5250E-01 -6.1289E+00 -8.6633E-01 -5.1198E-01
  6.5707E-01 -6.0974E+00 -8.6287E-01 -5.1021E-01
  6.6168E-01 -6.0626E+00 -8.5881E-01 -5.0815E-01
  6.6631E-01 -6.0248E+00 -8.5415E-01 -5.0581E-01
  6.7098E-01 -5.9839E+00 -8.4887E-01 -5.0316E-01
  6.7568E-01 -5.9399E+00 -8.4293E-01 -5.0021E-01
  6.8041E-01 -5.8929E+00 -8.3633E-01 -4.9695E-01
  6.8518E-01 -5.8428E+00 -8.2904E-01 -4.9336E-01
  6.8998E-01 -5.7898E+00 -8.2103E-01 -4.8945E-01
  6.9481E-01 -5.7338E+00 -8.1230E-01 -4.8520E-01
  6.9968E-01 -5.6749E+00 -8.0281E-01 -4.8061E-01
  7.0458E-01 -5.6131E+00 -7.9254E-01 -4.7567E-01
  7.0951E-01 -5.5484E+00 -7.8147E-01 -4.7038E-01
  7.1448E-01 -5.4809E+00 -7.6958E-01 -4.6473E-01
  7.1949E-01 -5.4107E+00 -7.5685E-01 -4.5870E-01
  7.2453E-01 -5.3377E+00 -7.4325E-01 -4.5231E-01
  7.2960E-01 -5.2620E+00 -7.2876E-01 -4.4553E-01
  7.3471E-01 -5.1837E+00 -7.1336E-01 -4.3837E-01
  7.3986E-01 -5.1027E+00 -6.9702E-01 -4.3081E-01
  7.4504E-01 -5.0192E+00 -6.7972E-01 -4.2286E-01
  7.5026E-01 -4.9332E+00 -6.6144E-01 -4.1451E-01
  7.5551E-01 -4.8448E+00 -6.4216E-01 -4.0576E-01
  7.6081E-01 -4.7539E+00 -6.2185E-01 -3.9659E-01
  7.6614E-01 -4.6607E+00 -6.0048E-01 -3.8702E-01
  7.7150E-01 -4.5652E+00 -5.7804E-01 -3.7702E-01
  7.7691E-01 -4.4675E+00 -5.5451E-01 -3.6661E-01
  7.8235E-01 -4.3675E+00 -5.2986E-01 -3.5578E-01
  7.8783E-01 -4.2655E+00 -5.0406E-01 -3.4452E-01
  7.9335E-01 -4.1613E+00 -4.7711E-01 -3.3284E-01
  7.9890E-01 -4.0552E+00 -4.4896E-01 -3.2074E-01
  8.0450E-01 -3.9471E+00 -4.1962E-01 -3.0821E-01
  8.1013E-01 -3.8371E+00 -3.8904E-01 -2.9525E-01
  8.1581E-01 -3.7253E+00 -3.5722E-01 -2.8187E-01
  8.2152E-01 -3.6118E+00 -3.2414E-01 -2.6807E-01
  8.2728E-01 -3.4965E+00 -2.8976E-01 -2.5386E-01
  8.3307E-01 -3.3796E+00 -2.5409E-01 -2.3923E-01
  8.3891E-01 -3.2611E+00 -2.1709E-01 -2.2418E-01
  8.4478E-01 -3.1412E+00 -1.7875E-01 -2.0873E-01
  8.5070E-01 -3.0198E+00 -1.3906E-01 -1.9289E-01
  8.5666E-01 -2.8970E+00 -9.7998E-02 -1.7665E-01
  8.6266E-01 -2.7729E+00 -5.5550E-02 -1.6002E-01
  8.6870E-01 -2.6476E+00 -1.1705E-02 -1.4302E-01
  8.7479E-01 -2.5212E+00  3.3552E-02 -1.2565E-01
  8.8091E-01 -2.3936E+00  8.0229E-02 -1.0793E-01
  8.8708E-01 -2.2650E+00  1.2834E-01 -8.9865E-02
  8.9330E-01 -2.1355E+00  1.7789E-01 -7.1471E-02
  8.9955E-01 -2.0051E+00  2.2889E-01 -5.2762E-02
  9.0586E-01 -1.8739E+00  2.8134E-01 -3.3754E-02
  9.1220E-01 -1.7419E+00  3.3525E-01 -1.4463E-02
  9.1859E-01 -1.6092E+00  3.9062E-01  5.0914E-03
  9.2502E-01 -1.4760E+00  4.4745E-01  2.4890E-02
  9.3150E-01 -1.3422E+00  5.0574E-01  4.4913E-02
  9.3803E-01 -1.2080E+00  5.6549E-01  6.5137E-02
  9.4460E-01 -1.0733E+00  6.2669E-01  8.5538E-02
  9.5122E-01 -9.3837E-01  6.8934E-01  1.0609E-01
  9.5788E-01 -8.0316E-01  7.5343E-01  1.2677E-01
  9.6459E-01 -6.6778E-01  8.1895E-01  1.4755E-01
  9.7134E-01 -5.3229E-01  8.8588E-01  1.6839E-01
  9.7815E-01 -3.9676E-01  9.5422E-01  1.8927E-01
  9.8500E-01 -2.6126E-01  1.0239E+00  2.1015E-01
  9.9190E-01 -1.2586E-01  1.0950E+00  2.3101E-01
  9.9885E-01  9.3675E-03  1.1674E+00  2.5180E-01
  1.0058E+00  1.4436E-01  1.2412E+00  2.7248E-01
  1.0129E+00  2.7903E-01  1.3162E+00  2.9302E-01
  1.0200E+00  4.1334E-01  1.3925E+00  3.1338E-01
  1.0271E+00  5.4719E-01  1.4700E+00  3.3352E-01
  1.0343E+00  6.8054E-01  1.5486E+00  3.5338E-01
  1.0416E+00  8.1330E-01  1.6285E+00  3.7294E-01
  1.0489E+00  9.4542E-01  1.7094E+00  3.9213E-01
  1.0562E+00  1.0768E+00  1.7914E+00  4.1092E-01
  1.0636E+00  1.2074E+00  1.8744E+00  4.2926E-01
  1.0711E+00  1.3372E+00  1.9584E+00  4.4709E-01
  1.0786E+00  1.4661E+00  2.0433E+00  4.6436E-01
  1.0861E+00  1.5940E+00  2.1290E+00  4.8102E-01
  1.0937E+00  1.7208E+00  2.2155E+00  4.9702E-01
  1.1014E+00  1.8466E+00  2.3027E+00  5.1230E-01
  1.1091E+00  1.9712E+00  2.3906E+00  5.2682E-01
  1.1169E+00  2.0945E+00  2.4791E+00  5.4050E-01
  1.1247E+00  2.2166E+00  2.5681E+00  5.5330E-01
  1.1326E+00  2.3373E+00  2.6575E+00  5.6517E-01
  1.1405E+00  2.4566E+00  2.7473E+00  5.7603E-01
  1.1485E+00  2.5745E+00  2.8373E+00  5.8585E-01
  1.1565E+00  2.6908E+00  2.9276E+00  5.9455E-01
  1.1646E+00  2.8055E+00  3.0179E+00  6.0209E-01
  1.1728E+00  2.9186E+00  3.1082E+00  6.0840E-01
  1.1810E+00  3.0300E+00  3.1985E+00  6.1344E-01
  1.1893E+00  3.1396E+00  3.2885E+00  6.1715E-01
  1.1976E+00  3.2474E+00  3.3783E+00  6.1948E-01
  1.2060E+00  3.3533E+00  3.4677E+00  6.2038E-01
  1.2144E+00  3.4574E+00  3.5566E+00  6.1979E-01
  1.2229E+00  3.5594E+00  3.6448E+00  6.1768E-01
  1.2315E+00  3.6594E+00  3.7324E+00  6.1399E-01
  1.2401E+00  3.7573E+00  3.8192E+00  6.0870E-01
  1.2488E+00  3.8531E+00  3.9050E+00  6.0175E-01
  1.2576E+00  3.9467E+00  3.9897E+00  5.9312E-01
  1.2664E+00  4.0381E+00  4.0733E+00  5.8277E-01
  1.2752E+00  4.1272E+00  4.1557E+00  5.7068E-01
  1.2842E+00  4.2139E+00  4.2366E+00  5.5682E-01
  1.2932E+00  4.2983E+00  4.3160E+00  5.4119E-01
  1.3022E+00  4.3803E+00  4.3938E+00  5.2377E-01
  1.3114E+00  4.4598E+00  4.4698E+00  5.0456E-01
  1.3205E+00  4.5367E+00  4.5440E+00  4.8355E-01
  1.3298E+00  4.6111E+00  4.6162E+00  4.6076E-01
  1.3391E+00  4.6830E+00  4.6863E+00  4.3621E-01
  1.3485E+00  4.7521E+00  4.7542E+00  4.0991E-01
  1.3579E+00  4.8186E+00  4.8198E+00  3.8189E-01
  1.3674E+00  4.8823E+00  4.8829E+00  3.5221E-01
  1.3770E+00  4.9433E+00  4.9436E+00  3.2090E-01
  1.3867E+00  5.0015E+00  5.0016E+00  2.8802E-01
  1.3964E+00  5.0568E+00  5.0568E+00  2.5365E-01
  1.4062E+00  5.1093E+00  5.1093E+00  2.2147E-01
  1.4160E+00  5.1588E+00  5.1588E+00  2.1317E-01
  1.4259E+00  5.2054E+00  5.2054E+00  2.0884E-01
  1.4359E+00  5.2490E+00  5.2490E+00  2.0356E-01
  1.4460E+00  5.2895E+00  5.2895E+00  1.9781E-01
  1.4561E+00  5.3271E+00  5.3271E+00  1.9163E-01
  1.4663E+00  5.3615E+00  5.3615E+00  1.8506E-01
  1.4766E+00  5.3928E+00  5.3928E+00  1.7813E-01
  1.4869E+00  5.4209E+00  5.4209E+00  1.7089E-01
  1.4973E+00  5.4459E+00  5.4459E+00  1.6337E-01
  1.5078E+00  5.4677E+00  5.4677E+00  1.5561E-01
  1.5184E+00  5.4863E+00  5.4863E+00  1.4766E-01
  1.5290E+00  5.5015E+00  5.5015E+00  1.3955E-01
  1.5397E+00  5.5136E+00  5.5136E+00  1.3132E-01
  1.5505E+00  5.5223E+00  5.5223E+00  1.2302E-01
  1.5614E+00  5.5276E+00  5.5276E+00  1.1469E-01
  1.5723E+00  5.5297E+00  5.5297E+00  1.0636E-01
  1.5833E+00  5.5283E+00  5.5283E+00  9.8068E-02
  1.5944E+00  5.5236E+00  5.5236E+00  8.9862E-02
  1.6056E+00  5.5154E+00  5.5154E+00  8.1775E-02
  1.6168E+00  5.5039E+00  5.5039E+00  7.3843E-02
  1.6281E+00  5.4889E+00  5.4889E+00  6.6100E-02
  1.6395E+00  5.4704E+00  5.4704E+00  5.8580E-02
  1.6510E+00  5.4485E+00  5.4485E+00  5.1314E-02
  1.6626E+00  5.4231E+00  5.4231E+00  4.4330E-02
  1.6742E+00  5.3942E+00  5.3942E+00  3.7656E-02
  1.6860E+00  5.3618E+00  5.3618E+00  3.1316E-02
  1.6978E+00  5.3259E+00  5.3259E+00  2.5332E-02
  1.7097E+00  5.2865E+00  5.2865E+00  1.9725E-02
  1.7216E+00  5.2436E+00  5.2436E+00  1.4510E-02
  1.7337E+00  5.1972E+00  5.1972E+00  9.7010E-03
  1.7458E+00  5.1472E+00  5.1472E+00  5.3083E-03
  1.7581E+00  5.0937E+00  5.0937E+00  1.3391E-03
  1.7704E+00  5.0367E+00  5.0367E+00 -2.2029E-03
  1.7828E+00  4.9762E+00  4.9762E+00 -5.3174E-03
  1.7953E+00  4.9121E+00  4.9121E+00 -8.0074E-03
  1.8078E+00  4.8446E+00  4.8446E+00 -1.0280E-02
  1.8205E+00  4.7735E+00  4.7735E+00 -1.2144E-02
  1.8333E+00  4.6990E+00  4.6990E+00 -1.3615E-02
  1.8461E+00  4.6210E+00  4.6210E+00 -1.4708E-02
  1.8590E+00  4.5395E+00  4.5395E+00 -1.5443E-02
  1.8720E+00  4.4546E+00  4.4546E+00 -1.5845E-02
  1.8852E+00  4.3662E+00  4.3662E+00 -1.5938E-02
  1.8984E+00  4.2745E+00  4.2745E+00 -1.5752E-02
  1.9117E+00  4.1793E+00  4.1793E+00 -1.5316E-02
  1.9250E+00  4.0808E+00  4.0808E+00 -1.4663E-02
  1.9385E+00  3.9790E+00  3.9790E+00 -1.3827E-02
  1.9521E+00  3.8738E+00  3.8738E+00 -1.2843E-02
  1.9658E+00  3.7654E+00  3.7654E+00 -1.1746E-02
  1.9795E+00  3.6537E+00  3.6537E+00 -1.0571E-02
  1.9934E+00  3.5388E+00  3.5388E+00 -9.3528E-03
  2.0074E+00  3.4208E+00  3.4208E+00 -8.1238E-03
  2.0214E+00  3.2996E+00  3.2996E+00 -6.9153E-03
  2.0356E+00  3.1754E+00  3.1754E+00 -5.7555E-03
  2.0499E+00  3.0481E+00  3.0481E+00 -4.6696E-03
  2.0642E+00  2.9178E+00  2.9178E+00 -3.6786E-03
  2.0787E+00  2.7846E+00  2.7846E+00 -2.7991E-03
  2.0932E+00  2.6485E+00  2.6485E+00 -2.0429E-03
  2.1079E+00  2.5095E+00  2.5095E+00 -1.4159E-03
  2.1227E+00  2.3678E+00  2.3678E+00 -9.1886E-04
  2.1375E+00  2.2235E+00  2.2235E+00 -5.4642E-04
  2.1525E+00  2.0765E+00  2.0765E+00 -2.8765E-04
  2.1676E+00  1.9269E+00  1.9269E+00 -1.2637E-04
  2.1827E+00  1.7748E+00  1.7748E+00 -4.1801E-05
  2.1980E+00  1.6204E+00  1.6204E+00 -9.6891E-06
  2.2134E+00  1.4636E+00  1.4636E+00  0.0000E+00
  2.2289E+00  1.3045E+00  1.3045E+00  0.0000E+00
  2.2445E+00  1.1433E+00  1.1433E+00  0.0000E+00
  2.2603E+00  9.8008E-01  9.8008E-01  0.0000E+00
  2.2761E+00  8.1486E-01  8.1486E-01  0.0000E+00
  2.2920E+00  6.4776E-01  6.4776E-01  0.0000E+00
  2.3081E+00  4.7890E-01  4.7890E-01  0.0000E+00
  2.3243E+00  3.0838E-01  3.0838E-01  0.0000E+00
  2.3405E+00  1.3631E-01  1.3631E-01  0.0000E+00
  2.3569E+00 -3.7190E-02 -3.7190E-02  0.0000E+00
  2.3734E+00 -2.1201E-01 -2.1201E-01  0.0000E+00
  2.3901E+00 -3.8802E-01 -3.8802E-01  0.0000E+00
  2.4068E+00 -5.6510E-01 -5.6510E-01  0.0000E+00
  2.4237E+00 -7.4311E-01 -7.4311E-01  0.0000E+00
  2.4406E+00 -9.2193E-01 -9.2193E-01  0.0000E+00
  2.4577E+00 -1.1014E+00 -1.1014E+00  0.0000E+00
  2.4749E+00 -1.2814E+00 -1.2814E+00  0.0000E+00
  2.4923E+00 -1.4617E+00 -1.4617E+00  0.0000E+00
  2.5097E+00 -1.6423E+00 -1.6423E+00  0.0000E+00
  2.5273E+00 -1.8230E+00 -1.8230E+00  0.0000E+00
  2.5450E+00 -2.0035E+00 -2.0035E+00  0.0000E+00
  2.5628E+00 -2.1837E+00 -2.1837E+00  0.0000E+00
  2.5808E+00 -2.3636E+00 -2.3636E+00  0.0000E+00
  2.5989E+00 -2.5428E+00 -2.5428E+00  0.0000E+00
  2.6171E+00 -2.7212E+00 -2.7212E+00  0.0000E+00
  2.6354E+00 -2.8986E+00 -2.8986E+00  0.0000E+00
  2.6539E+00 -3.0749E+00 -3.0749E+00  0.0000E+00
  2.6724E+00 -3.2499E+00 -3.2499E+00  0.0000E+00
  2.6912E+00 -3.4233E+00 -3.4233E+00  0.0000E+00
  2.7100E+00 -3.5949E+00 -3.5949E+00  0.0000E+00
  2.7290E+00 -3.7646E+00 -3.7646E+00  0.0000E+00
  2.7481E+00 -3.9322E+00 -3.9322E+00  0.0000E+00
  2.7674E+00 -4.0974E+00 -4.0974E+00  0.0000E+00
  2.7867E+00 -4.2600E+00 -4.2600E+00  0.0000E+00
  2.8063E+00 -4.4198E+00 -4.4198E+00  0.0000E+00
  2.8259E+00 -4.5766E+00 -4.5766E+00  0.0000E+00
  2.8457E+00 -4.7301E+00 -4.7301E+00  0.0000E+00
  2.8656E+00 -4.8802E+00 -4.8802E+00  0.0000E+00
  2.8857E+00 -5.0266E+00 -5.0266E+00  0.0000E+00
  2.9059E+00 -5.1691E+00 -5.1691E+00  0.0000E+00
  2.9263E+00 -5.3074E+00 -5.3074E+00  0.0000E+00
  2.9468E+00 -5.4414E+00 -5.4414E+00  0.0000E+00
  2.9674E+00 -5.5707E+00 -5.5707E+00  0.0000E+00
  2.9882E+00 -5.6951E+00 -5.6951E+00  0.0000E+00
  3.0091E+00 -5.8144E+00 -5.8144E+00  0.0000E+00
  3.0302E+00 -5.9283E+00 -5.9283E+00  0.0000E+00
  3.0514E+00 -6.0367E+00 -6.0367E+00  0.0000E+00
  3.0728E+00 -6.1392E+00 -6.1392E+00  0.0000E+00
  3.0943E+00 -6.2356E+00 -6.2356E+00  0.0000E+00
  3.1160E+00 -6.3257E+00 -6.3257E+00  0.0000E+00
  3.1378E+00 -6.4093E+00 -6.4093E+00  0.0000E+00
