   0.0000000E+00  -1.4354240E+07   0.0000000E+00
   5.1573539E-07   1.1123709E+08   1.0892668E-27
   1.0350679E-06   1.0278775E+08   1.7672661E-26
   1.5580227E-06   7.2289678E+07   9.0723895E-26
   2.0846250E-06   6.4661940E+07   2.9076245E-25
   2.6149003E-06   5.7750681E+07   7.1985838E-25
   3.1488741E-06   5.2126445E+07   1.5137276E-24
   3.6865723E-06   4.7892301E+07   2.8439212E-24
   4.2280208E-06   4.4483114E+07   4.9201122E-24
   4.7732458E-06   4.1659927E+07   7.9924837E-24
   5.3222737E-06   3.9277280E+07   1.2354221E-23
   5.8751310E-06   3.7232452E+07   1.8344114E-23
   6.4318443E-06   3.5453304E+07   2.6349273E-23
   6.9924406E-06   3.3886840E+07   3.6807954E-23
   7.5569469E-06   3.2494080E+07   5.0212521E-23
   8.1253906E-06   3.1245270E+07   6.7112517E-23
   8.6977990E-06   3.0117293E+07   8.8117876E-23
   9.2741999E-06   2.9091896E+07   1.1390226E-22
   9.8546211E-06   2.8154452E+07   1.4520657E-22
   1.0439091E-05   2.7293088E+07   1.8284253E-22
   1.1027637E-05   2.6498051E+07   2.2769649E-22
   1.1620288E-05   2.5761251E+07   2.8073339E-22
   1.2217072E-05   2.5075909E+07   3.4300081E-22
   1.2818020E-05   2.4436301E+07   4.1563324E-22
   1.3423158E-05   2.3837554E+07   4.9985655E-22
   1.4032518E-05   2.3275490E+07   5.9699258E-22
   1.4646127E-05   2.2746504E+07   7.0846395E-22
   1.5264017E-05   2.2247470E+07   8.3579903E-22
   1.5886216E-05   2.1775657E+07   9.8063718E-22
   1.6512754E-05   2.1328671E+07   1.1447341E-21
   1.7143663E-05   2.0904402E+07   1.3299675E-21
   1.7778972E-05   2.0500983E+07   1.5383429E-21
   1.8418713E-05   2.0116755E+07   1.7719997E-21
   1.9062915E-05   1.9750237E+07   2.0332173E-21
   1.9711611E-05   1.9400104E+07   2.3244221E-21
   2.0364831E-05   1.9065164E+07   2.6481939E-21
   2.1022607E-05   1.8744346E+07   3.0072729E-21
   2.1684971E-05   1.8436679E+07   3.4045675E-21
   2.2351955E-05   1.8141284E+07   3.8431614E-21
   2.3023591E-05   1.7857361E+07   4.3263217E-21
   2.3699912E-05   1.7584184E+07   4.8575074E-21
   2.4380950E-05   1.7321087E+07   5.4403773E-21
   2.5066738E-05   1.7067462E+07   6.0787993E-21
   2.5757309E-05   1.6822749E+07   6.7768595E-21
   2.6452697E-05   1.6586437E+07   7.5388715E-21
   2.7152934E-05   1.6358051E+07   8.3693866E-21
   2.7858056E-05   1.6137157E+07   9.2732037E-21
   2.8568097E-05   1.5923349E+07   1.0255380E-20
   2.9283089E-05   1.5716256E+07   1.1321243E-20
   3.0003068E-05   1.5515529E+07   1.2476398E-20
   3.0728070E-05   1.5320849E+07   1.3726748E-20
   3.1458127E-05   1.5131914E+07   1.5078496E-20
   3.2193277E-05   1.4948445E+07   1.6538165E-20
   3.2933555E-05   1.4770183E+07   1.8112608E-20
   3.3678995E-05   1.4596884E+07   1.9809023E-20
   3.4429636E-05   1.4428321E+07   2.1634967E-20
   3.5185511E-05   1.4264279E+07   2.3598370E-20
   3.5946659E-05   1.4104560E+07   2.5707549E-20
   3.6713115E-05   1.3948975E+07   2.7971226E-20
   3.7484918E-05   1.3797347E+07   3.0398545E-20
   3.8262103E-05   1.3649511E+07   3.2999086E-20
   3.9044710E-05   1.3505311E+07   3.5782884E-20
   3.9832775E-05   1.3364598E+07   3.8760448E-20
   4.0626336E-05   1.3227234E+07   4.1942777E-20
   4.1425433E-05   1.3093087E+07   4.5341382E-20
   4.2230103E-05   1.2962033E+07   4.8968307E-20
   4.3040385E-05   1.2833953E+07   5.2836146E-20
   4.3856319E-05   1.2708737E+07   5.6958068E-20
   4.4677944E-05   1.2586279E+07   6.1347837E-20
   4.5505300E-05   1.2466479E+07   6.6019838E-20
   4.6338426E-05   1.2349240E+07   7.0989096E-20
   4.7177363E-05   1.2234474E+07   7.6271308E-20
   4.8022152E-05   1.2122093E+07   8.1882860E-20
   4.8872832E-05   1.2012017E+07   8.7840860E-20
   4.9729447E-05   1.1904166E+07   9.4163166E-20
   5.0592035E-05   1.1798468E+07   1.0086841E-19
   5.1460641E-05   1.1694850E+07   1.0797602E-19
   5.2335304E-05   1.1593246E+07   1.1550627E-19
   5.3216069E-05   1.1493590E+07   1.2348031E-19
   5.4102976E-05   1.1395822E+07   1.3192016E-19
   5.4996070E-05   1.1299883E+07   1.4084880E-19
   5.5895392E-05   1.1205715E+07   1.5029017E-19
   5.6800987E-05   1.1113266E+07   1.6026921E-19
   5.7712899E-05   1.1022483E+07   1.7081189E-19
   5.8631171E-05   1.0933318E+07   1.8194529E-19
   5.9555848E-05   1.0845722E+07   1.9369758E-19
   6.0486974E-05   1.0759650E+07   2.0609810E-19
   6.1424595E-05   1.0675059E+07   2.1917738E-19
   6.2368755E-05   1.0591907E+07   2.3296723E-19
   6.3319501E-05   1.0510153E+07   2.4750072E-19
   6.4276878E-05   1.0429760E+07   2.6281227E-19
   6.5240932E-05   1.0350689E+07   2.7893767E-19
   6.6211711E-05   1.0272906E+07   2.9591418E-19
   6.7189260E-05   1.0196375E+07   3.1378053E-19
   6.8173628E-05   1.0121065E+07   3.3257697E-19
   6.9164862E-05   1.0046942E+07   3.5234539E-19
   7.0163009E-05   9.9739762E+06   3.7312931E-19
   7.1168118E-05   9.9021385E+06   3.9497397E-19
   7.2180238E-05   9.8313999E+06   4.1792637E-19
   7.3199417E-05   9.7617332E+06   4.4203538E-19
   7.4225704E-05   9.6931118E+06   4.6735173E-19
   7.5259150E-05   9.6255100E+06   4.9392815E-19
   7.6299804E-05   9.5589033E+06   5.2181941E-19
   7.7347716E-05   9.4932677E+06   5.5108237E-19
   7.8402937E-05   9.4285802E+06   5.8177610E-19
   7.9465518E-05   9.3648186E+06   6.1396190E-19
   8.0535510E-05   9.3019613E+06   6.4770345E-19
   8.1612966E-05   9.2399875E+06   6.8306682E-19
   8.2697936E-05   9.1788770E+06   7.2012060E-19
   8.3790474E-05   9.1186104E+06   7.5893598E-19
   8.4890632E-05   9.0591687E+06   7.9958681E-19
   8.5998464E-05   9.0005338E+06   8.4214975E-19
   8.7114022E-05   8.9426878E+06   8.8670430E-19
   8.8237362E-05   8.8856137E+06   9.3333296E-19
   8.9368536E-05   8.8292949E+06   9.8212128E-19
   9.0507600E-05   8.7737152E+06   1.0331580E-18
   9.1654609E-05   8.7188590E+06   1.0865352E-18
   9.2809618E-05   8.6647112E+06   1.1423482E-18
   9.3972683E-05   8.6112570E+06   1.2006960E-18
   9.5143860E-05   8.5584822E+06   1.2616812E-18
   9.6323206E-05   8.5063730E+06   1.3254101E-18
   9.7510778E-05   8.4549159E+06   1.3919929E-18
   9.8706632E-05   8.4040978E+06   1.4615440E-18
   9.9910828E-05   8.3539060E+06   1.5341816E-18
   1.0112342E-04   8.3043283E+06   1.6100286E-18
   1.0234447E-04   8.2553526E+06   1.6892120E-18
   1.0357404E-04   8.2069674E+06   1.7718635E-18
   1.0481219E-04   8.1591612E+06   1.8581198E-18
   1.0605897E-04   8.1119231E+06   1.9481220E-18
   1.0731445E-04   8.0652423E+06   2.0420167E-18
   1.0857868E-04   8.0191085E+06   2.1399556E-18
   1.0985173E-04   7.9735115E+06   2.2420958E-18
   1.1113366E-04   7.9284413E+06   2.3485999E-18
   1.1242453E-04   7.8838885E+06   2.4596364E-18
   1.1372441E-04   7.8398436E+06   2.5753798E-18
   1.1503335E-04   7.7962976E+06   2.6960107E-18
   1.1635142E-04   7.7532414E+06   2.8217161E-18
   1.1767869E-04   7.7106666E+06   2.9526895E-18
   1.1901521E-04   7.6685646E+06   3.0891314E-18
   1.2036105E-04   7.6269273E+06   3.2312491E-18
   1.2171628E-04   7.5857465E+06   3.3792574E-18
   1.2308097E-04   7.5450146E+06   3.5333783E-18
   1.2445517E-04   7.5047238E+06   3.6938418E-18
   1.2583895E-04   7.4648668E+06   3.8608858E-18
   1.2723239E-04   7.4254362E+06   4.0347565E-18
   1.2863555E-04   7.3864251E+06   4.2157087E-18
   1.3004849E-04   7.3478265E+06   4.4040057E-18
   1.3147129E-04   7.3096336E+06   4.5999202E-18
   1.3290402E-04   7.2718399E+06   4.8037343E-18
   1.3434673E-04   7.2344389E+06   5.0157396E-18
   1.3579951E-04   7.1974245E+06   5.2362380E-18
   1.3726242E-04   7.1607903E+06   5.4655414E-18
   1.3873554E-04   7.1245305E+06   5.7039727E-18
   1.4021893E-04   7.0886392E+06   5.9518655E-18
   1.4171266E-04   7.0531107E+06   6.2095652E-18
   1.4321682E-04   7.0179393E+06   6.4774285E-18
   1.4473146E-04   6.9831197E+06   6.7558246E-18
   1.4625667E-04   6.9486464E+06   7.0451349E-18
   1.4779252E-04   6.9145144E+06   7.3457541E-18
   1.4933908E-04   6.8807183E+06   7.6580899E-18
   1.5089643E-04   6.8472533E+06   7.9825639E-18
   1.5246464E-04   6.8141145E+06   8.3196119E-18
   1.5404379E-04   6.7812971E+06   8.6696845E-18
   1.5563395E-04   6.7487964E+06   9.0332471E-18
   1.5723520E-04   6.7166079E+06   9.4107811E-18
   1.5884762E-04   6.6847270E+06   9.8027838E-18
   1.6047129E-04   6.6531493E+06   1.0209769E-17
   1.6210628E-04   6.6218707E+06   1.0632269E-17
   1.6375268E-04   6.5908868E+06   1.1070831E-17
   1.6541056E-04   6.5601937E+06   1.1526022E-17
   1.6708000E-04   6.5297871E+06   1.1998430E-17
   1.6876109E-04   6.4996632E+06   1.2488659E-17
   1.7045390E-04   6.4698182E+06   1.2997335E-17
   1.7215852E-04   6.4402482E+06   1.3525104E-17
   1.7387503E-04   6.4109495E+06   1.4072634E-17
   1.7560351E-04   6.3819186E+06   1.4640615E-17
   1.7734405E-04   6.3531517E+06   1.5229758E-17
   1.7909672E-04   6.3246455E+06   1.5840800E-17
   1.8086162E-04   6.2963966E+06   1.6474500E-17
   1.8263883E-04   6.2684014E+06   1.7131645E-17
   1.8442844E-04   6.2406569E+06   1.7813044E-17
   1.8623053E-04   6.2131597E+06   1.8519535E-17
   1.8804519E-04   6.1859067E+06   1.9251983E-17
   1.8987250E-04   6.1588948E+06   2.0011280E-17
   1.9171256E-04   6.1321209E+06   2.0798349E-17
   1.9356546E-04   6.1055821E+06   2.1614142E-17
   1.9543128E-04   6.0792754E+06   2.2459642E-17
   1.9731011E-04   6.0531980E+06   2.3335865E-17
   1.9920204E-04   6.0273470E+06   2.4243858E-17
   2.0110718E-04   6.0017197E+06   2.5184703E-17
   2.0302560E-04   5.9763133E+06   2.6159518E-17
   2.0495740E-04   5.9511253E+06   2.7169456E-17
   2.0690267E-04   5.9261529E+06   2.8215708E-17
   2.0886151E-04   5.9013937E+06   2.9299503E-17
   2.1083402E-04   5.8768450E+06   3.0422109E-17
   2.1282028E-04   5.8525045E+06   3.1584836E-17
   2.1482040E-04   5.8283697E+06   3.2789035E-17
   2.1683447E-04   5.8044381E+06   3.4036103E-17
   2.1886258E-04   5.7807076E+06   3.5327478E-17
   2.2090484E-04   5.7571757E+06   3.6664647E-17
   2.2296135E-04   5.7338402E+06   3.8049143E-17
   2.2503220E-04   5.7106989E+06   3.9482550E-17
   2.2711749E-04   5.6877497E+06   4.0966501E-17
   2.2921733E-04   5.6649902E+06   4.2502681E-17
   2.3133181E-04   5.6424186E+06   4.4092830E-17
   2.3346104E-04   5.6200326E+06   4.5738743E-17
   2.3560512E-04   5.5978303E+06   4.7442272E-17
   2.3776416E-04   5.5758096E+06   4.9205327E-17
   2.3993825E-04   5.5539686E+06   5.1029880E-17
   2.4212751E-04   5.5323054E+06   5.2917965E-17
   2.4433204E-04   5.5108181E+06   5.4871682E-17
   2.4655195E-04   5.4895047E+06   5.6893195E-17
   2.4878734E-04   5.4683635E+06   5.8984738E-17
   2.5103832E-04   5.4473927E+06   6.1148616E-17
   2.5330500E-04   5.4265904E+06   6.3387205E-17
   2.5558749E-04   5.4059550E+06   6.5702959E-17
   2.5788590E-04   5.3854847E+06   6.8098406E-17
   2.6020034E-04   5.3651778E+06   7.0576156E-17
   2.6253092E-04   5.3450327E+06   7.3138901E-17
   2.6487776E-04   5.3250478E+06   7.5789416E-17
   2.6724097E-04   5.3052214E+06   7.8530566E-17
   2.6962066E-04   5.2855519E+06   8.1365303E-17
   2.7201695E-04   5.2660378E+06   8.4296673E-17
   2.7442995E-04   5.2466776E+06   8.7327818E-17
   2.7685978E-04   5.2274698E+06   9.0461977E-17
   2.7930656E-04   5.2084128E+06   9.3702493E-17
   2.8177041E-04   5.1895053E+06   9.7052810E-17
   2.8425144E-04   5.1707457E+06   1.0051648E-16
   2.8674978E-04   5.1521327E+06   1.0409717E-16
   2.8926554E-04   5.1336649E+06   1.0779866E-16
   2.9179884E-04   5.1153409E+06   1.1162484E-16
   2.9434982E-04   5.0971593E+06   1.1557974E-16
   2.9691859E-04   5.0791189E+06   1.1966748E-16
   2.9950528E-04   5.0612183E+06   1.2389236E-16
   3.0211001E-04   5.0434563E+06   1.2825876E-16
   3.0473290E-04   5.0258315E+06   1.3277123E-16
   3.0737409E-04   5.0083427E+06   1.3743446E-16
   3.1003370E-04   4.9909887E+06   1.4225326E-16
   3.1271187E-04   4.9737683E+06   1.4723262E-16
   3.1540871E-04   4.9566803E+06   1.5237766E-16
   3.1812436E-04   4.9397235E+06   1.5769368E-16
   3.2085895E-04   4.9228968E+06   1.6318613E-16
   3.2361262E-04   4.9061989E+06   1.6886062E-16
   3.2638549E-04   4.8896288E+06   1.7472296E-16
   3.2917770E-04   4.8731854E+06   1.8077911E-16
   3.3198939E-04   4.8568676E+06   1.8703523E-16
   3.3482069E-04   4.8406743E+06   1.9349767E-16
   3.3767174E-04   4.8246045E+06   2.0017298E-16
   3.4054267E-04   4.8086570E+06   2.0706788E-16
   3.4343363E-04   4.7928309E+06   2.1418934E-16
   3.4634475E-04   4.7771252E+06   2.2154452E-16
   3.4927617E-04   4.7615388E+06   2.2914080E-16
   3.5222804E-04   4.7460708E+06   2.3698580E-16
   3.5520050E-04   4.7307202E+06   2.4508734E-16
   3.5819369E-04   4.7154860E+06   2.5345353E-16
   3.6120776E-04   4.7003673E+06   2.6209269E-16
   3.6424285E-04   4.6853631E+06   2.7101340E-16
   3.6729911E-04   4.6704726E+06   2.8022452E-16
   3.7037669E-04   4.6556948E+06   2.8973516E-16
   3.7347573E-04   4.6410289E+06   2.9955472E-16
   3.7659639E-04   4.6264738E+06   3.0969289E-16
   3.7973882E-04   4.6120289E+06   3.2015964E-16
   3.8290316E-04   4.5976932E+06   3.3096526E-16
   3.8608957E-04   4.5834658E+06   3.4212035E-16
   3.8929821E-04   4.5693460E+06   3.5363581E-16
   3.9252923E-04   4.5553329E+06   3.6552292E-16
   3.9578278E-04   4.5414257E+06   3.7779325E-16
   3.9905903E-04   4.5276236E+06   3.9045876E-16
   4.0235812E-04   4.5139257E+06   4.0353175E-16
   4.0568023E-04   4.5003314E+06   4.1702491E-16
   4.0902551E-04   4.4868399E+06   4.3095130E-16
   4.1239412E-04   4.4734503E+06   4.4532439E-16
   4.1578623E-04   4.4601619E+06   4.6015804E-16
   4.1920199E-04   4.4469740E+06   4.7546656E-16
   4.2264158E-04   4.4338859E+06   4.9126466E-16
   4.2610516E-04   4.4208968E+06   5.0756751E-16
   4.2959290E-04   4.4080060E+06   5.2439074E-16
   4.3310497E-04   4.3952129E+06   5.4175046E-16
   4.3664153E-04   4.3825166E+06   5.5966324E-16
   4.4020276E-04   4.3699166E+06   5.7814618E-16
   4.4378882E-04   4.3574121E+06   5.9721688E-16
   4.4739990E-04   4.3450025E+06   6.1689347E-16
   4.5103617E-04   4.3326871E+06   6.3719463E-16
   4.5469779E-04   4.3204652E+06   6.5813961E-16
   4.5838496E-04   4.3083363E+06   6.7974823E-16
   4.6209785E-04   4.2962996E+06   7.0204090E-16
   4.6583663E-04   4.2843546E+06   7.2503867E-16
   4.6960148E-04   4.2725006E+06   7.4876320E-16
   4.7339260E-04   4.2607370E+06   7.7323680E-16
   4.7721016E-04   4.2490632E+06   7.9848246E-16
   4.8105435E-04   4.2374786E+06   8.2452386E-16
   4.8492535E-04   4.2259826E+06   8.5138539E-16
   4.8882334E-04   4.2145746E+06   8.7909216E-16
   4.9274853E-04   4.2032541E+06   9.0767005E-16
   4.9670109E-04   4.1920204E+06   9.3714572E-16
   5.0068123E-04   4.1808730E+06   9.6754659E-16
   5.0468912E-04   4.1698113E+06   9.9890095E-16
   5.0872497E-04   4.1588348E+06   1.0312379E-15
   5.1278896E-04   4.1479430E+06   1.0645874E-15
   5.1688130E-04   4.1371352E+06   1.0989804E-15
   5.2100219E-04   4.1264110E+06   1.1344487E-15
   5.2515182E-04   4.1157698E+06   1.1710250E-15
   5.2933039E-04   4.1052112E+06   1.2087430E-15
   5.3353810E-04   4.0947345E+06   1.2476375E-15
   5.3777516E-04   4.0843393E+06   1.2877443E-15
   5.4204178E-04   4.0740250E+06   1.3291002E-15
   5.4633815E-04   4.0637913E+06   1.3717432E-15
   5.5066450E-04   4.0536375E+06   1.4157123E-15
   5.5502101E-04   4.0435632E+06   1.4610477E-15
   5.5940791E-04   4.0335679E+06   1.5077909E-15
   5.6382542E-04   4.0236511E+06   1.5559846E-15
   5.6827373E-04   4.0138124E+06   1.6056726E-15
   5.7275306E-04   4.0040513E+06   1.6569003E-15
   5.7726364E-04   3.9943672E+06   1.7097142E-15
   5.8180568E-04   3.9847599E+06   1.7641623E-15
   5.8637941E-04   3.9752287E+06   1.8202940E-15
   5.9098503E-04   3.9657733E+06   1.8781601E-15
   5.9562277E-04   3.9563932E+06   1.9378131E-15
   6.0029286E-04   3.9470880E+06   1.9993067E-15
   6.0499553E-04   3.9378572E+06   2.0626967E-15
   6.0973099E-04   3.9287005E+06   2.1280401E-15
   6.1449949E-04   3.9196173E+06   2.1953958E-15
   6.1930124E-04   3.9106072E+06   2.2648243E-15
   6.2413649E-04   3.9016699E+06   2.3363882E-15
   6.2900546E-04   3.8928049E+06   2.4101517E-15
   6.3390839E-04   3.8840118E+06   2.4861809E-15
   6.3884551E-04   3.8752902E+06   2.5645438E-15
   6.4381707E-04   3.8666397E+06   2.6453108E-15
   6.4882331E-04   3.8580600E+06   2.7285538E-15
   6.5386447E-04   3.8495505E+06   2.8143473E-15
   6.5894079E-04   3.8411109E+06   2.9027678E-15
   6.6405251E-04   3.8327409E+06   2.9938941E-15
   6.6919989E-04   3.8244400E+06   3.0878073E-15
   6.7438316E-04   3.8162079E+06   3.1845908E-15
   6.7960259E-04   3.8080441E+06   3.2843306E-15
   6.8485843E-04   3.7999484E+06   3.3871153E-15
   6.9015092E-04   3.7919203E+06   3.4930360E-15
   6.9548033E-04   3.7839595E+06   3.6021864E-15
   7.0084691E-04   3.7760656E+06   3.7146631E-15
   7.0625092E-04   3.7682383E+06   3.8305655E-15
   7.1169262E-04   3.7604771E+06   3.9499959E-15
   7.1717228E-04   3.7527818E+06   4.0730596E-15
   7.2269016E-04   3.7451519E+06   4.1998652E-15
   7.2824652E-04   3.7375872E+06   4.3305242E-15
   7.3384164E-04   3.7300873E+06   4.4651515E-15
   7.3947578E-04   3.7226519E+06   4.6038654E-15
   7.4514922E-04   3.7152805E+06   4.7467877E-15
   7.5086223E-04   3.7079729E+06   4.8940438E-15
   7.5661509E-04   3.7007288E+06   5.0457625E-15
   7.6240807E-04   3.6935478E+06   5.2020768E-15
   7.6824146E-04   3.6864295E+06   5.3631234E-15
   7.7411554E-04   3.6793737E+06   5.5290429E-15
   7.8003058E-04   3.6723800E+06   5.6999802E-15
   7.8598688E-04   3.6654481E+06   5.8760844E-15
   7.9198473E-04   3.6585777E+06   6.0575090E-15
   7.9802441E-04   3.6517685E+06   6.2444119E-15
   8.0410621E-04   3.6450201E+06   6.4369557E-15
   8.1023044E-04   3.6383322E+06   6.6353078E-15
   8.1639738E-04   3.6317046E+06   6.8396403E-15
   8.2260733E-04   3.6251369E+06   7.0501307E-15
   8.2886060E-04   3.6186288E+06   7.2669613E-15
   8.3515748E-04   3.6121800E+06   7.4903200E-15
   8.4149828E-04   3.6057902E+06   7.7204002E-15
   8.4788331E-04   3.5994591E+06   7.9574007E-15
   8.5431287E-04   3.5931865E+06   8.2015263E-15
   8.6078728E-04   3.5869719E+06   8.4529879E-15
   8.6730684E-04   3.5808151E+06   8.7120024E-15
   8.7387188E-04   3.5747159E+06   8.9787930E-15
   8.8048271E-04   3.5686739E+06   9.2535895E-15
   8.8713964E-04   3.5626888E+06   9.5366284E-15
   8.9384301E-04   3.5567604E+06   9.8281531E-15
   9.0059313E-04   3.5508884E+06   1.0128414E-14
   9.0739034E-04   3.5450724E+06   1.0437669E-14
   9.1423495E-04   3.5393122E+06   1.0756184E-14
   9.2112730E-04   3.5336076E+06   1.1084231E-14
   9.2806772E-04   3.5279582E+06   1.1422091E-14
   9.3505656E-04   3.5223637E+06   1.1770054E-14
   9.4209414E-04   3.5168239E+06   1.2128418E-14
   9.4918080E-04   3.5113385E+06   1.2497488E-14
   9.5631689E-04   3.5059073E+06   1.2877581E-14
   9.6350276E-04   3.5005298E+06   1.3269019E-14
   9.7073874E-04   3.4952060E+06   1.3672138E-14
   9.7802520E-04   3.4899355E+06   1.4087281E-14
   9.8536248E-04   3.4847180E+06   1.4514801E-14
   9.9275093E-04   3.4795533E+06   1.4955062E-14
   1.0001909E-03   3.4744410E+06   1.5408439E-14
   1.0076828E-03   3.4693811E+06   1.5875316E-14
   1.0152269E-03   3.4643730E+06   1.6356092E-14
   1.0228237E-03   3.4594167E+06   1.6851173E-14
   1.0304734E-03   3.4545118E+06   1.7360979E-14
   1.0381765E-03   3.4496581E+06   1.7885943E-14
   1.0459333E-03   3.4448552E+06   1.8426509E-14
   1.0537443E-03   3.4401031E+06   1.8983135E-14
   1.0616097E-03   3.4354013E+06   1.9556292E-14
   1.0695299E-03   3.4307496E+06   2.0146464E-14
   1.0775054E-03   3.4261478E+06   2.0754150E-14
   1.0855366E-03   3.4215955E+06   2.1379863E-14
   1.0936237E-03   3.4170926E+06   2.2024130E-14
   1.1017673E-03   3.4126388E+06   2.2687496E-14
   1.1099676E-03   3.4082339E+06   2.3370519E-14
   1.1182252E-03   3.4038774E+06   2.4073774E-14
   1.1265403E-03   3.3995693E+06   2.4797853E-14
   1.1349135E-03   3.3953092E+06   2.5543366E-14
   1.1433450E-03   3.3910969E+06   2.6310938E-14
   1.1518353E-03   3.3869322E+06   2.7101216E-14
   1.1603849E-03   3.3828147E+06   2.7914861E-14
   1.1689941E-03   3.3787443E+06   2.8752558E-14
   1.1776634E-03   3.3747206E+06   2.9615008E-14
   1.1863931E-03   3.3707434E+06   3.0502935E-14
   1.1951837E-03   3.3668124E+06   3.1417081E-14
   1.2040356E-03   3.3629275E+06   3.2358214E-14
   1.2129493E-03   3.3590882E+06   3.3327119E-14
   1.2219251E-03   3.3552945E+06   3.4324606E-14
   1.2309635E-03   3.3515460E+06   3.5351511E-14
   1.2400650E-03   3.3478424E+06   3.6408690E-14
   1.2492299E-03   3.3441836E+06   3.7497026E-14
   1.2584588E-03   3.3405692E+06   3.8617427E-14
   1.2677521E-03   3.3369989E+06   3.9770827E-14
   1.2771101E-03   3.3334727E+06   4.0958187E-14
   1.2865335E-03   3.3299901E+06   4.2180497E-14
   1.2960225E-03   3.3265509E+06   4.3438774E-14
   1.3055778E-03   3.3231549E+06   4.4734064E-14
   1.3151997E-03   3.3198017E+06   4.6067447E-14
   1.3248887E-03   3.3164912E+06   4.7440028E-14
   1.3346453E-03   3.3132231E+06   4.8852950E-14
   1.3444699E-03   3.3099971E+06   5.0307385E-14
   1.3543631E-03   3.3068129E+06   5.1804539E-14
   1.3643252E-03   3.3036704E+06   5.3345656E-14
   1.3743569E-03   3.3005691E+06   5.4932013E-14
   1.3844585E-03   3.2975089E+06   5.6564924E-14
   1.3946306E-03   3.2944896E+06   5.8245741E-14
   1.4048736E-03   3.2915107E+06   5.9975857E-14
   1.4151881E-03   3.2885721E+06   6.1756702E-14
   1.4255745E-03   3.2856735E+06   6.3589750E-14
   1.4360333E-03   3.2828146E+06   6.5476516E-14
   1.4465651E-03   3.2799952E+06   6.7418558E-14
   1.4571704E-03   3.2772150E+06   6.9417481E-14
   1.4678496E-03   3.2744736E+06   7.1474935E-14
   1.4786033E-03   3.2717710E+06   7.3592616E-14
   1.4894320E-03   3.2691066E+06   7.5772272E-14
   1.5003363E-03   3.2664804E+06   7.8015700E-14
   1.5113166E-03   3.2638920E+06   8.0324747E-14
   1.5223734E-03   3.2613411E+06   8.2701315E-14
   1.5335074E-03   3.2588275E+06   8.5147360E-14
   1.5447191E-03   3.2563508E+06   8.7664896E-14
   1.5560090E-03   3.2539108E+06   9.0255993E-14
   1.5673776E-03   3.2515073E+06   9.2922780E-14
   1.5788255E-03   3.2491398E+06   9.5667449E-14
   1.5903532E-03   3.2468082E+06   9.8492255E-14
   1.6019614E-03   3.2445121E+06   1.0139952E-13
   1.6136505E-03   3.2422513E+06   1.0439162E-13
   1.6254211E-03   3.2400254E+06   1.0747102E-13
   1.6372739E-03   3.2378342E+06   1.1064024E-13
   1.6492093E-03   3.2356774E+06   1.1390188E-13
   1.6612279E-03   3.2335547E+06   1.1725861E-13
   1.6733304E-03   3.2314657E+06   1.2071317E-13
   1.6855173E-03   3.2294102E+06   1.2426841E-13
   1.6977892E-03   3.2273878E+06   1.2792722E-13
   1.7101467E-03   3.2253984E+06   1.3169260E-13
   1.7225904E-03   3.2234414E+06   1.3556763E-13
   1.7351209E-03   3.2215168E+06   1.3955548E-13
   1.7477388E-03   3.2196240E+06   1.4365939E-13
   1.7604446E-03   3.2177629E+06   1.4788274E-13
   1.7732391E-03   3.2159331E+06   1.5222895E-13
   1.7861229E-03   3.2141342E+06   1.5670158E-13
   1.7990965E-03   3.2123660E+06   1.6130428E-13
   1.8121606E-03   3.2106282E+06   1.6604079E-13
   1.8253158E-03   3.2089203E+06   1.7091499E-13
   1.8385628E-03   3.2072422E+06   1.7593084E-13
   1.8519021E-03   3.2055934E+06   1.8109242E-13
   1.8653345E-03   3.2039736E+06   1.8640394E-13
   1.8788606E-03   3.2023825E+06   1.9186973E-13
   1.8924811E-03   3.2008198E+06   1.9749422E-13
   1.9061965E-03   3.1992850E+06   2.0328199E-13
   1.9200076E-03   3.1977780E+06   2.0923775E-13
   1.9339150E-03   3.1962982E+06   2.1536634E-13
   1.9479195E-03   3.1948454E+06   2.2167274E-13
   1.9620216E-03   3.1934192E+06   2.2816206E-13
   1.9762220E-03   3.1920192E+06   2.3483959E-13
   1.9905215E-03   3.1906452E+06   2.4171072E-13
   2.0049208E-03   3.1892967E+06   2.4878105E-13
   2.0194205E-03   3.1879733E+06   2.5605629E-13
   2.0340213E-03   3.1866747E+06   2.6354236E-13
   2.0487239E-03   3.1854006E+06   2.7124532E-13
   2.0635291E-03   3.1841506E+06   2.7917141E-13
   2.0784376E-03   3.1829242E+06   2.8732705E-13
   2.0934500E-03   3.1817211E+06   2.9571883E-13
   2.1085672E-03   3.1805409E+06   3.0435357E-13
   2.1237898E-03   3.1793832E+06   3.1323823E-13
   2.1391186E-03   3.1782477E+06   3.2238000E-13
   2.1545542E-03   3.1771339E+06   3.3178629E-13
   2.1700976E-03   3.1760415E+06   3.4146468E-13
   2.1857493E-03   3.1749700E+06   3.5142301E-13
   2.2015103E-03   3.1739191E+06   3.6166931E-13
   2.2173811E-03   3.1728882E+06   3.7221187E-13
   2.2333627E-03   3.1718771E+06   3.8305918E-13
   2.2494557E-03   3.1708853E+06   3.9422002E-13
   2.2656610E-03   3.1699123E+06   4.0570337E-13
   2.2819792E-03   3.1689579E+06   4.1751851E-13
   2.2984114E-03   3.1680214E+06   4.2967496E-13
   2.3149581E-03   3.1671025E+06   4.4218252E-13
   2.3316202E-03   3.1662008E+06   4.5505126E-13
   2.3483986E-03   3.1653159E+06   4.6829157E-13
   2.3652939E-03   3.1644472E+06   4.8191409E-13
   2.3823071E-03   3.1635943E+06   4.9592980E-13
   2.3994390E-03   3.1627568E+06   5.1034998E-13
   2.4166904E-03   3.1619342E+06   5.2518623E-13
   2.4340621E-03   3.1611261E+06   5.4045049E-13
   2.4515550E-03   3.1603320E+06   5.5615504E-13
   2.4691698E-03   3.1595515E+06   5.7231249E-13
   2.4869076E-03   3.1587839E+06   5.8893585E-13
   2.5047690E-03   3.1580290E+06   6.0603846E-13
   2.5227550E-03   3.1572862E+06   6.2363407E-13
   2.5408665E-03   3.1565550E+06   6.4173680E-13
   2.5591043E-03   3.1558349E+06   6.6036119E-13
   2.5774693E-03   3.1551254E+06   6.7952220E-13
   2.5959624E-03   3.1544261E+06   6.9923520E-13
   2.6145845E-03   3.1537364E+06   7.1951599E-13
   2.6333365E-03   3.1530558E+06   7.4038086E-13
   2.6522192E-03   3.1523839E+06   7.6184653E-13
   2.6712337E-03   3.1517200E+06   7.8393021E-13
   2.6903808E-03   3.1510637E+06   8.0664959E-13
   2.7096614E-03   3.1504144E+06   8.3002289E-13
   2.7290765E-03   3.1497716E+06   8.5406882E-13
   2.7486270E-03   3.1491348E+06   8.7880664E-13
   2.7683139E-03   3.1485035E+06   9.0425616E-13
   2.7881381E-03   3.1478770E+06   9.3043774E-13
   2.8081006E-03   3.1472549E+06   9.5737235E-13
   2.8282023E-03   3.1466365E+06   9.8508152E-13
   2.8484442E-03   3.1460214E+06   1.0135874E-12
   2.8688273E-03   3.1454089E+06   1.0429129E-12
   2.8893526E-03   3.1447985E+06   1.0730813E-12
   2.9100210E-03   3.1441897E+06   1.1041168E-12
   2.9308336E-03   3.1435817E+06   1.1360441E-12
   2.9517914E-03   3.1429741E+06   1.1688889E-12
   2.9728953E-03   3.1423663E+06   1.2026773E-12
   2.9941464E-03   3.1417576E+06   1.2374363E-12
   3.0155457E-03   3.1411474E+06   1.2731937E-12
   3.0370943E-03   3.1405353E+06   1.3099779E-12
   3.0587932E-03   3.1399204E+06   1.3478184E-12
   3.0806435E-03   3.1393023E+06   1.3867454E-12
   3.1026461E-03   3.1386803E+06   1.4267898E-12
   3.1248022E-03   3.1380538E+06   1.4679837E-12
   3.1471129E-03   3.1374222E+06   1.5103599E-12
   3.1695791E-03   3.1367847E+06   1.5539521E-12
   3.1922021E-03   3.1361409E+06   1.5987951E-12
   3.2149828E-03   3.1354900E+06   1.6449246E-12
   3.2379225E-03   3.1348313E+06   1.6923774E-12
   3.2610221E-03   3.1341643E+06   1.7411912E-12
   3.2842828E-03   3.1334882E+06   1.7914050E-12
   3.3077058E-03   3.1328025E+06   1.8430587E-12
   3.3312922E-03   3.1321063E+06   1.8961934E-12
   3.3550431E-03   3.1313992E+06   1.9508514E-12
   3.3789596E-03   3.1306803E+06   2.0070762E-12
   3.4030429E-03   3.1299489E+06   2.0649125E-12
   3.4272943E-03   3.1292045E+06   2.1244064E-12
   3.4517147E-03   3.1284463E+06   2.1856050E-12
   3.4763055E-03   3.1276735E+06   2.2485571E-12
   3.5010678E-03   3.1268856E+06   2.3133128E-12
   3.5260029E-03   3.1260817E+06   2.3799234E-12
   3.5511118E-03   3.1252612E+06   2.4484419E-12
   3.5763959E-03   3.1244233E+06   2.5189227E-12
   3.6018563E-03   3.1235673E+06   2.5914218E-12
   3.6274943E-03   3.1226925E+06   2.6659968E-12
   3.6533111E-03   3.1217982E+06   2.7427069E-12
   3.6793080E-03   3.1208836E+06   2.8216129E-12
   3.7054862E-03   3.1199479E+06   2.9027776E-12
   3.7318470E-03   3.1189904E+06   2.9862652E-12
   3.7583917E-03   3.1180104E+06   3.0721420E-12
   3.7851215E-03   3.1170071E+06   3.1604762E-12
   3.8120377E-03   3.1159798E+06   3.2513378E-12
   3.8391417E-03   3.1149276E+06   3.3447988E-12
   3.8664348E-03   3.1138498E+06   3.4409333E-12
   3.8939181E-03   3.1127456E+06   3.5398176E-12
   3.9215932E-03   3.1116142E+06   3.6415300E-12
   3.9494613E-03   3.1104549E+06   3.7461510E-12
   3.9775238E-03   3.1092669E+06   3.8537636E-12
   4.0057820E-03   3.1080493E+06   3.9644531E-12
   4.0342373E-03   3.1068014E+06   4.0783070E-12
   4.0628911E-03   3.1055223E+06   4.1954155E-12
   4.0917448E-03   3.1042113E+06   4.3158713E-12
   4.1207996E-03   3.1028676E+06   4.4397698E-12
   4.1500572E-03   3.1014902E+06   4.5672091E-12
   4.1795188E-03   3.1000786E+06   4.6982899E-12
   4.2091859E-03   3.0986317E+06   4.8331160E-12
   4.2390599E-03   3.0971487E+06   4.9717940E-12
   4.2691423E-03   3.0956289E+06   5.1144337E-12
   4.2994345E-03   3.0940715E+06   5.2611477E-12
   4.3299379E-03   3.0924755E+06   5.4120521E-12
   4.3606542E-03   3.0908401E+06   5.5672663E-12
   4.3915847E-03   3.0891646E+06   5.7269128E-12
   4.4227309E-03   3.0874480E+06   5.8911179E-12
   4.4540943E-03   3.0856895E+06   6.0600112E-12
   4.4856765E-03   3.0838883E+06   6.2337263E-12
   4.5174790E-03   3.0820435E+06   6.4124003E-12
   4.5495033E-03   3.0801542E+06   6.5961744E-12
   4.5817510E-03   3.0782197E+06   6.7851937E-12
   4.6142236E-03   3.0762390E+06   6.9796074E-12
   4.6469226E-03   3.0742113E+06   7.1795691E-12
   4.6798498E-03   3.0721357E+06   7.3852364E-12
   4.7130066E-03   3.0700113E+06   7.5967718E-12
   4.7463947E-03   3.0678374E+06   7.8143423E-12
   4.7800156E-03   3.0656130E+06   8.0381193E-12
   4.8138710E-03   3.0633372E+06   8.2682796E-12
   4.8479626E-03   3.0610093E+06   8.5050045E-12
   4.8822920E-03   3.0586282E+06   8.7484809E-12
   4.9168608E-03   3.0561932E+06   8.9989007E-12
   4.9516707E-03   3.0537034E+06   9.2564613E-12
   4.9867234E-03   3.0511579E+06   9.5213659E-12
   5.0220206E-03   3.0485558E+06   9.7938231E-12
   5.0575640E-03   3.0458963E+06   1.0074048E-11
   5.0933553E-03   3.0431785E+06   1.0362261E-11
   5.1293962E-03   3.0404016E+06   1.0658689E-11
   5.1656885E-03   3.0375645E+06   1.0963566E-11
   5.2022339E-03   3.0346666E+06   1.1277132E-11
   5.2390343E-03   3.0317069E+06   1.1599634E-11
   5.2760913E-03   3.0286845E+06   1.1931326E-11
   5.3134068E-03   3.0255986E+06   1.2272470E-11
   5.3509825E-03   3.0224484E+06   1.2623332E-11
   5.3888203E-03   3.0192329E+06   1.2984191E-11
   5.4269221E-03   3.0159513E+06   1.3355330E-11
   5.4652896E-03   3.0126027E+06   1.3737041E-11
   5.5039247E-03   3.0091863E+06   1.4129624E-11
   5.5428293E-03   3.0057013E+06   1.4533388E-11
   5.5820052E-03   3.0021467E+06   1.4948651E-11
   5.6214544E-03   2.9985218E+06   1.5375740E-11
   5.6611787E-03   2.9948257E+06   1.5814990E-11
   5.7011801E-03   2.9910575E+06   1.6266747E-11
   5.7414605E-03   2.9872165E+06   1.6731367E-11
   5.7820218E-03   2.9833018E+06   1.7209214E-11
   5.8228660E-03   2.9793125E+06   1.7700663E-11
   5.8639952E-03   2.9752479E+06   1.8206103E-11
   5.9054112E-03   2.9711071E+06   1.8725929E-11
   5.9471160E-03   2.9668894E+06   1.9260550E-11
   5.9891118E-03   2.9625939E+06   1.9810386E-11
   6.0314004E-03   2.9582198E+06   2.0375870E-11
   6.0739841E-03   2.9537664E+06   2.0957445E-11
   6.1168647E-03   2.9492328E+06   2.1555568E-11
   6.1600444E-03   2.9446183E+06   2.2170710E-11
   6.2035253E-03   2.9399221E+06   2.2803353E-11
   6.2473094E-03   2.9351434E+06   2.3453994E-11
   6.2913990E-03   2.9302815E+06   2.4123144E-11
   6.3357960E-03   2.9253357E+06   2.4811328E-11
   6.3805028E-03   2.9203052E+06   2.5519086E-11
   6.4255213E-03   2.9151893E+06   2.6246975E-11
   6.4708538E-03   2.9099873E+06   2.6995565E-11
   6.5165026E-03   2.9046984E+06   2.7765444E-11
   6.5624697E-03   2.8993220E+06   2.8557215E-11
   6.6087574E-03   2.8938573E+06   2.9371501E-11
   6.6553680E-03   2.8883037E+06   3.0208939E-11
   6.7023036E-03   2.8826606E+06   3.1070188E-11
   6.7495667E-03   2.8769273E+06   3.1955922E-11
   6.7971594E-03   2.8711030E+06   3.2866835E-11
   6.8450840E-03   2.8651873E+06   3.3803644E-11
   6.8933429E-03   2.8591795E+06   3.4767081E-11
   6.9419384E-03   2.8530789E+06   3.5757902E-11
   6.9908729E-03   2.8468850E+06   3.6776885E-11
   7.0401486E-03   2.8405973E+06   3.7824828E-11
   7.0897681E-03   2.8342151E+06   3.8902552E-11
   7.1397336E-03   2.8277378E+06   4.0010901E-11
   7.1900476E-03   2.8211651E+06   4.1150746E-11
   7.2407126E-03   2.8144962E+06   4.2322978E-11
   7.2917309E-03   2.8077308E+06   4.3528517E-11
   7.3431051E-03   2.8008684E+06   4.4768306E-11
   7.3948376E-03   2.7939084E+06   4.6043317E-11
   7.4469310E-03   2.7868505E+06   4.7354549E-11
   7.4993877E-03   2.7796941E+06   4.8703029E-11
   7.5522102E-03   2.7724389E+06   5.0089812E-11
   7.6054012E-03   2.7650845E+06   5.1515986E-11
   7.6589632E-03   2.7576304E+06   5.2982666E-11
   7.7128987E-03   2.7500764E+06   5.4491001E-11
   7.7672105E-03   2.7424220E+06   5.6042172E-11
   7.8219010E-03   2.7346670E+06   5.7637393E-11
   7.8769731E-03   2.7268110E+06   5.9277913E-11
   7.9324292E-03   2.7188537E+06   6.0965015E-11
   7.9882721E-03   2.7107950E+06   6.2700022E-11
   8.0445046E-03   2.7026345E+06   6.4484289E-11
   8.1011292E-03   2.6943720E+06   6.6319213E-11
   8.1581488E-03   2.6860073E+06   6.8206231E-11
   8.2155661E-03   2.6775403E+06   7.0146817E-11
   8.2733838E-03   2.6689707E+06   7.2142492E-11
   8.3316049E-03   2.6602985E+06   7.4194815E-11
   8.3902320E-03   2.6515236E+06   7.6305392E-11
   8.4492680E-03   2.6426458E+06   7.8475873E-11
   8.5087158E-03   2.6336651E+06   8.0707957E-11
   8.5685782E-03   2.6245815E+06   8.3003388E-11
   8.6288582E-03   2.6153949E+06   8.5363962E-11
   8.6895586E-03   2.6061054E+06   8.7791525E-11
   8.7506823E-03   2.5967130E+06   9.0287973E-11
   8.8122324E-03   2.5872178E+06   9.2855260E-11
   8.8742118E-03   2.5776199E+06   9.5495391E-11
   8.9366235E-03   2.5679193E+06   9.8210430E-11
   8.9994705E-03   2.5581163E+06   1.0100250E-10
   9.0627559E-03   2.5482111E+06   1.0387378E-10
   9.1264826E-03   2.5382037E+06   1.0682652E-10
   9.1906538E-03   2.5280945E+06   1.0986302E-10
   9.2552726E-03   2.5178837E+06   1.1298566E-10
   9.3203422E-03   2.5075716E+06   1.1619688E-10
   9.3858655E-03   2.4971585E+06   1.1949918E-10
   9.4518459E-03   2.4866448E+06   1.2289514E-10
   9.5182865E-03   2.4760309E+06   1.2638742E-10
   9.5851905E-03   2.4653171E+06   1.2997875E-10
   9.6525611E-03   2.4545039E+06   1.3367193E-10
   9.7204016E-03   2.4435918E+06   1.3746984E-10
   9.7887154E-03   2.4325812E+06   1.4137545E-10
   9.8575055E-03   2.4214727E+06   1.4539181E-10
   9.9267755E-03   2.4102670E+06   1.4952206E-10
   9.9965286E-03   2.3989644E+06   1.5376942E-10
   1.0066768E-02   2.3875658E+06   1.5813721E-10
   1.0137498E-02   2.3760717E+06   1.6262883E-10
   1.0208721E-02   2.3644829E+06   1.6724780E-10
   1.0280440E-02   2.3528000E+06   1.7199771E-10
   1.0352660E-02   2.3410238E+06   1.7688228E-10
   1.0425384E-02   2.3291552E+06   1.8190532E-10
   1.0498615E-02   2.3171949E+06   1.8707075E-10
   1.0572356E-02   2.3051439E+06   1.9238260E-10
   1.0646612E-02   2.2930029E+06   1.9784501E-10
   1.0721386E-02   2.2807730E+06   2.0346225E-10
   1.0796681E-02   2.2684550E+06   2.0923870E-10
   1.0872502E-02   2.2560500E+06   2.1517886E-10
   1.0948851E-02   2.2435591E+06   2.2128738E-10
   1.1025733E-02   2.2309832E+06   2.2756901E-10
   1.1103151E-02   2.2183234E+06   2.3402866E-10
   1.1181109E-02   2.2055810E+06   2.4067136E-10
   1.1259611E-02   2.1927570E+06   2.4750229E-10
   1.1338661E-02   2.1798527E+06   2.5452679E-10
   1.1418262E-02   2.1668693E+06   2.6175034E-10
   1.1498417E-02   2.1538081E+06   2.6917855E-10
   1.1579133E-02   2.1406703E+06   2.7681723E-10
   1.1660411E-02   2.1274573E+06   2.8467234E-10
   1.1742255E-02   2.1141706E+06   2.9274999E-10
   1.1824671E-02   2.1008114E+06   3.0105649E-10
   1.1907662E-02   2.0873812E+06   3.0959831E-10
   1.1991231E-02   2.0738815E+06   3.1838211E-10
   1.2075384E-02   2.0603138E+06   3.2741474E-10
   1.2160123E-02   2.0466797E+06   3.3670324E-10
   1.2245453E-02   2.0329807E+06   3.4625484E-10
   1.2331379E-02   2.0192184E+06   3.5607700E-10
   1.2417903E-02   2.0053944E+06   3.6617737E-10
   1.2505032E-02   1.9915105E+06   3.7656382E-10
   1.2592768E-02   1.9775684E+06   3.8724444E-10
   1.2681115E-02   1.9635697E+06   3.9822756E-10
   1.2770080E-02   1.9495163E+06   4.0952173E-10
   1.2859664E-02   1.9354099E+06   4.2113577E-10
   1.2949874E-02   1.9212524E+06   4.3307870E-10
   1.3040712E-02   1.9070456E+06   4.4535985E-10
   1.3132185E-02   1.8927915E+06   4.5798877E-10
   1.3224295E-02   1.8784920E+06   4.7097531E-10
   1.3317048E-02   1.8641489E+06   4.8432958E-10
   1.3410447E-02   1.8497644E+06   4.9806198E-10
   1.3504498E-02   1.8353403E+06   5.1218322E-10
   1.3599205E-02   1.8208789E+06   5.2670428E-10
   1.3694573E-02   1.8063820E+06   5.4163649E-10
   1.3790606E-02   1.7918519E+06   5.5699147E-10
   1.3887308E-02   1.7772906E+06   5.7278117E-10
   1.3984685E-02   1.7627002E+06   5.8901790E-10
   1.4082742E-02   1.7480830E+06   6.0571430E-10
   1.4181482E-02   1.7334412E+06   6.2288336E-10
   1.4280911E-02   1.7187770E+06   6.4053846E-10
   1.4381033E-02   1.7040925E+06   6.5869335E-10
   1.4481854E-02   1.6893902E+06   6.7736216E-10
   1.4583378E-02   1.6746722E+06   6.9655942E-10
   1.4685610E-02   1.6599410E+06   7.1630008E-10
   1.4788555E-02   1.6451987E+06   7.3659951E-10
   1.4892218E-02   1.6304479E+06   7.5747351E-10
   1.4996604E-02   1.6156907E+06   7.7893833E-10
   1.5101719E-02   1.6009297E+06   8.0101068E-10
   1.5207566E-02   1.5861673E+06   8.2370774E-10
   1.5314152E-02   1.5714058E+06   8.4704717E-10
   1.5421481E-02   1.5566478E+06   8.7104713E-10
   1.5529558E-02   1.5418955E+06   8.9572632E-10
   1.5638390E-02   1.5271517E+06   9.2110393E-10
   1.5747980E-02   1.5124186E+06   9.4719972E-10
   1.5858335E-02   1.4976988E+06   9.7403399E-10
   1.5969460E-02   1.4829948E+06   1.0016276E-09
   1.6081360E-02   1.4683091E+06   1.0300021E-09
   1.6194040E-02   1.4536442E+06   1.0591795E-09
   1.6307506E-02   1.4390027E+06   1.0891825E-09
   1.6421763E-02   1.4243871E+06   1.1200344E-09
   1.6536818E-02   1.4097999E+06   1.1517593E-09
   1.6652675E-02   1.3952437E+06   1.1843819E-09
   1.6769340E-02   1.3807210E+06   1.2179275E-09
   1.6886819E-02   1.3662343E+06   1.2524222E-09
   1.7005117E-02   1.3517863E+06   1.2878929E-09
   1.7124240E-02   1.3373794E+06   1.3243671E-09
   1.7244194E-02   1.3230162E+06   1.3618733E-09
   1.7364985E-02   1.3086992E+06   1.4004405E-09
   1.7486618E-02   1.2944310E+06   1.4400988E-09
   1.7609100E-02   1.2802141E+06   1.4808791E-09
   1.7732435E-02   1.2660511E+06   1.5228131E-09
   1.7856632E-02   1.2519444E+06   1.5659333E-09
   1.7981694E-02   1.2378965E+06   1.6102733E-09
   1.8107629E-02   1.2239100E+06   1.6558677E-09
   1.8234442E-02   1.2099873E+06   1.7027517E-09
   1.8362139E-02   1.1961310E+06   1.7509620E-09
   1.8490727E-02   1.1823434E+06   1.8005360E-09
   1.8620212E-02   1.1686269E+06   1.8515123E-09
   1.8750601E-02   1.1549841E+06   1.9039305E-09
   1.8881898E-02   1.1414173E+06   1.9578313E-09
   1.9014112E-02   1.1279289E+06   2.0132567E-09
   1.9147247E-02   1.1145213E+06   2.0702497E-09
   1.9281311E-02   1.1011967E+06   2.1288547E-09
   1.9416311E-02   1.0879576E+06   2.1891173E-09
   1.9552252E-02   1.0748061E+06   2.2510843E-09
   1.9689141E-02   1.0617446E+06   2.3148038E-09
   1.9826984E-02   1.0487753E+06   2.3803254E-09
   1.9965790E-02   1.0359003E+06   2.4477001E-09
   2.0105563E-02   1.0231219E+06   2.5169803E-09
   2.0246311E-02   1.0104422E+06   2.5882197E-09
   2.0388041E-02   9.9786333E+05   2.6614738E-09
   2.0530760E-02   9.8538729E+05   2.7367995E-09
   2.0674473E-02   9.7301614E+05   2.8142554E-09
   2.0819190E-02   9.6075188E+05   2.8939016E-09
   2.0964915E-02   9.4859647E+05   2.9758001E-09
   2.1111658E-02   9.3655182E+05   3.0600146E-09
   2.1259423E-02   9.2461980E+05   3.1466105E-09
   2.1408219E-02   9.1280226E+05   3.2356551E-09
   2.1558053E-02   9.0110097E+05   3.3272176E-09
   2.1708932E-02   8.8951768E+05   3.4213692E-09
   2.1860864E-02   8.7805408E+05   3.5181831E-09
   2.2013855E-02   8.6671183E+05   3.6177345E-09
   2.2167913E-02   8.5549252E+05   3.7201008E-09
   2.2323046E-02   8.4439771E+05   3.8253615E-09
   2.2479261E-02   8.3342888E+05   3.9335985E-09
   2.2636565E-02   8.2258750E+05   4.0448958E-09
   2.2794967E-02   8.1187496E+05   4.1593400E-09
   2.2954473E-02   8.0129258E+05   4.2770200E-09
   2.3115092E-02   7.9084167E+05   4.3980272E-09
   2.3276831E-02   7.8052344E+05   4.5224558E-09
   2.3439698E-02   7.7033908E+05   4.6504022E-09
   2.3603701E-02   7.6028968E+05   4.7819662E-09
   2.3768849E-02   7.5037632E+05   4.9172497E-09
   2.3935147E-02   7.4059997E+05   5.0563580E-09
   2.4102606E-02   7.3096158E+05   5.1993992E-09
   2.4271233E-02   7.2146201E+05   5.3464843E-09
   2.4441036E-02   7.1210209E+05   5.4977278E-09
   2.4612024E-02   7.0288254E+05   5.6532471E-09
   2.4784204E-02   6.9380406E+05   5.8131631E-09
   2.4957584E-02   6.8486726E+05   5.9776000E-09
   2.5132175E-02   6.7607270E+05   6.1466855E-09
   2.5307983E-02   6.6742086E+05   6.3205512E-09
   2.5485017E-02   6.5891216E+05   6.4993320E-09
   2.5663286E-02   6.5054696E+05   6.6831669E-09
   2.5842798E-02   6.4232554E+05   6.8721987E-09
   2.6023562E-02   6.3424813E+05   7.0665742E-09
   2.6205588E-02   6.2631487E+05   7.2664446E-09
   2.6388882E-02   6.1852584E+05   7.4719651E-09
   2.6573456E-02   6.1088106E+05   7.6832953E-09
   2.6759316E-02   6.0338047E+05   7.9005995E-09
   2.6946473E-02   5.9602394E+05   8.1240465E-09
   2.7134935E-02   5.8881129E+05   8.3538099E-09
   2.7324712E-02   5.8174225E+05   8.5900683E-09
   2.7515813E-02   5.7481648E+05   8.8330051E-09
   2.7708246E-02   5.6803358E+05   9.0828092E-09
   2.7902021E-02   5.6139307E+05   9.3396745E-09
   2.8097149E-02   5.5489442E+05   9.6038007E-09
   2.8293637E-02   5.4853702E+05   9.8753930E-09
   2.8491495E-02   5.4232018E+05   1.0154662E-08
   2.8690734E-02   5.3624316E+05   1.0441826E-08
   2.8891362E-02   5.3030513E+05   1.0737106E-08
   2.9093389E-02   5.2450521E+05   1.1040734E-08
   2.9296826E-02   5.1884246E+05   1.1352943E-08
   2.9501682E-02   5.1331584E+05   1.1673978E-08
   2.9707966E-02   5.0792427E+05   1.2004087E-08
   2.9915689E-02   5.0266660E+05   1.2343527E-08
   3.0124861E-02   4.9754161E+05   1.2692562E-08
   3.0335492E-02   4.9254803E+05   1.3051462E-08
   3.0547592E-02   4.8768449E+05   1.3420507E-08
   3.0761172E-02   4.8294959E+05   1.3799984E-08
   3.0976241E-02   4.7834187E+05   1.4190186E-08
   3.1192810E-02   4.7385979E+05   1.4591419E-08
   3.1410890E-02   4.6950175E+05   1.5003992E-08
   3.1630491E-02   4.6526611E+05   1.5428227E-08
   3.1851623E-02   4.6115115E+05   1.5864453E-08
   3.2074298E-02   4.5715511E+05   1.6313009E-08
   3.2298526E-02   4.5327617E+05   1.6774244E-08
   3.2524318E-02   4.4951245E+05   1.7248516E-08
   3.2751684E-02   4.4586202E+05   1.7736193E-08
   3.2980637E-02   4.4232290E+05   1.8237655E-08
   3.3211186E-02   4.3889306E+05   1.8753291E-08
   3.3443344E-02   4.3557043E+05   1.9283502E-08
   3.3677121E-02   4.3235287E+05   1.9828700E-08
   3.3912528E-02   4.2923821E+05   2.0389308E-08
   3.4149577E-02   4.2622423E+05   2.0965762E-08
   3.4388280E-02   4.2330869E+05   2.1558510E-08
   3.4628647E-02   4.2048927E+05   2.2168012E-08
   3.4870691E-02   4.1776365E+05   2.2794742E-08
   3.5114423E-02   4.1512944E+05   2.3439188E-08
   3.5359856E-02   4.1258424E+05   2.4101849E-08
   3.5607000E-02   4.1012561E+05   2.4783241E-08
   3.5855868E-02   4.0775107E+05   2.5483893E-08
   3.6106471E-02   4.0545812E+05   2.6204350E-08
   3.6358823E-02   4.0324422E+05   2.6945172E-08
   3.6612934E-02   4.0110683E+05   2.7706935E-08
   3.6868819E-02   3.9904337E+05   2.8490229E-08
   3.7126487E-02   3.9705123E+05   2.9295665E-08
   3.7385953E-02   3.9512780E+05   3.0123868E-08
   3.7647229E-02   3.9327043E+05   3.0975482E-08
   3.7910327E-02   3.9147649E+05   3.1851168E-08
   3.8175260E-02   3.8974331E+05   3.2751608E-08
   3.8442041E-02   3.8806822E+05   3.3677500E-08
   3.8710683E-02   3.8644854E+05   3.4629566E-08
   3.8981198E-02   3.8488157E+05   3.5608544E-08
   3.9253601E-02   3.8336465E+05   3.6615197E-08
   3.9527903E-02   3.8189507E+05   3.7650305E-08
   3.9804118E-02   3.8047014E+05   3.8714674E-08
   4.0082260E-02   3.7908719E+05   3.9809132E-08
   4.0362342E-02   3.7774353E+05   4.0934529E-08
   4.0644378E-02   3.7643650E+05   4.2091739E-08
   4.0928380E-02   3.7516343E+05   4.3281664E-08
   4.1214364E-02   3.7392168E+05   4.4505227E-08
   4.1502342E-02   3.7270862E+05   4.5763380E-08
   4.1792329E-02   3.7152164E+05   4.7057101E-08
   4.2084338E-02   3.7035814E+05   4.8387396E-08
   4.2378384E-02   3.6921555E+05   4.9755300E-08
   4.2674481E-02   3.6809133E+05   5.1161875E-08
   4.2972643E-02   3.6698296E+05   5.2608217E-08
   4.3272885E-02   3.6588794E+05   5.4095449E-08
   4.3575221E-02   3.6480383E+05   5.5624728E-08
   4.3879666E-02   3.6372819E+05   5.7197243E-08
   4.4186234E-02   3.6265865E+05   5.8814218E-08
   4.4494940E-02   3.6159283E+05   6.0476910E-08
   4.4805800E-02   3.6052845E+05   6.2186611E-08
   4.5118828E-02   3.5946323E+05   6.3944652E-08
   4.5434039E-02   3.5839494E+05   6.5752401E-08
   4.5751448E-02   3.5732141E+05   6.7611263E-08
   4.6071072E-02   3.5624051E+05   6.9522685E-08
   4.6392924E-02   3.5515016E+05   7.1488152E-08
   4.6717022E-02   3.5404833E+05   7.3509195E-08
   4.7043380E-02   3.5293306E+05   7.5587386E-08
   4.7372015E-02   3.5180242E+05   7.7724342E-08
   4.7702941E-02   3.5065456E+05   7.9921724E-08
   4.8036176E-02   3.4948768E+05   8.2181244E-08
   4.8371735E-02   3.4830004E+05   8.4504659E-08
   4.8709635E-02   3.4708996E+05   8.6893778E-08
   4.9049891E-02   3.4585583E+05   8.9350459E-08
   4.9392520E-02   3.4459610E+05   9.1876614E-08
   4.9737540E-02   3.4330930E+05   9.4474210E-08
   5.0084965E-02   3.4199400E+05   9.7145268E-08
   5.0434814E-02   3.4064887E+05   9.9891868E-08
   5.0787103E-02   3.3927264E+05   1.0271615E-07
   5.1141849E-02   3.3786409E+05   1.0562030E-07
   5.1499070E-02   3.3642211E+05   1.0860660E-07
   5.1858782E-02   3.3494564E+05   1.1167736E-07
   5.2221003E-02   3.3343369E+05   1.1483497E-07
   5.2585750E-02   3.3188536E+05   1.1808190E-07
   5.2953042E-02   3.3029981E+05   1.2142067E-07
   5.3322895E-02   3.2867629E+05   1.2485388E-07
   5.3695328E-02   3.2701413E+05   1.2838421E-07
   5.4070358E-02   3.2531271E+05   1.3201440E-07
   5.4448005E-02   3.2357151E+05   1.3574729E-07
   5.4828285E-02   3.2179009E+05   1.3958578E-07
   5.5211218E-02   3.1996807E+05   1.4353285E-07
   5.5596821E-02   3.1810516E+05   1.4759159E-07
   5.5985114E-02   3.1620114E+05   1.5176516E-07
   5.6376116E-02   3.1425588E+05   1.5605681E-07
   5.6769844E-02   3.1226931E+05   1.6046989E-07
   5.7166319E-02   3.1024144E+05   1.6500782E-07
   5.7565559E-02   3.0817237E+05   1.6967416E-07
   5.7967584E-02   3.0606225E+05   1.7447253E-07
   5.8372412E-02   3.0391134E+05   1.7940668E-07
   5.8780065E-02   3.0171994E+05   1.8448045E-07
   5.9190560E-02   2.9948844E+05   1.8969780E-07
   5.9603919E-02   2.9721730E+05   1.9506279E-07
   6.0020161E-02   2.9490705E+05   2.0057962E-07
   6.0439306E-02   2.9255828E+05   2.0625257E-07
   6.0861374E-02   2.9017167E+05   2.1208608E-07
   6.1286387E-02   2.8774794E+05   2.1808470E-07
   6.1714364E-02   2.8528791E+05   2.2425310E-07
   6.2145325E-02   2.8279243E+05   2.3059609E-07
   6.2579293E-02   2.8026243E+05   2.3711863E-07
   6.3016288E-02   2.7769890E+05   2.4382580E-07
   6.3456330E-02   2.7510289E+05   2.5072283E-07
   6.3899442E-02   2.7247550E+05   2.5781511E-07
   6.4345644E-02   2.6981790E+05   2.6510818E-07
   6.4794959E-02   2.6713128E+05   2.7260772E-07
   6.5247407E-02   2.6441692E+05   2.8031959E-07
   6.5703011E-02   2.6167613E+05   2.8824981E-07
   6.6161793E-02   2.5891027E+05   2.9640457E-07
   6.6623775E-02   2.5612075E+05   3.0479024E-07
   6.7088979E-02   2.5330899E+05   3.1341337E-07
   6.7557427E-02   2.5047650E+05   3.2228068E-07
   6.8029143E-02   2.4762480E+05   3.3139912E-07
   6.8504150E-02   2.4475543E+05   3.4077579E-07
   6.8982469E-02   2.4186998E+05   3.5041803E-07
   6.9464124E-02   2.3897008E+05   3.6033338E-07
   6.9949139E-02   2.3605736E+05   3.7052957E-07
   7.0437537E-02   2.3313349E+05   3.8101457E-07
   7.0929341E-02   2.3020016E+05   3.9179659E-07
   7.1424576E-02   2.2725907E+05   4.0288405E-07
   7.1923265E-02   2.2431194E+05   4.1428562E-07
   7.2425432E-02   2.2136050E+05   4.2601022E-07
   7.2931101E-02   2.1840650E+05   4.3806700E-07
   7.3440297E-02   2.1545167E+05   4.5046541E-07
   7.3953045E-02   2.1249778E+05   4.6321515E-07
   7.4469370E-02   2.0954657E+05   4.7632617E-07
   7.4989295E-02   2.0659980E+05   4.8980876E-07
   7.5512847E-02   2.0365921E+05   5.0367345E-07
   7.6040051E-02   2.0072653E+05   5.1793109E-07
   7.6570932E-02   1.9780350E+05   5.3259285E-07
   7.7105515E-02   1.9489182E+05   5.4767021E-07
   7.7643827E-02   1.9199320E+05   5.6317497E-07
   7.8185894E-02   1.8910930E+05   5.7911927E-07
   7.8731742E-02   1.8624179E+05   5.9551560E-07
   7.9281396E-02   1.8339230E+05   6.1237681E-07
   7.9834885E-02   1.8056244E+05   6.2971610E-07
   8.0392234E-02   1.7775378E+05   6.4754706E-07
   8.0953470E-02   1.7496786E+05   6.6588367E-07
   8.1518621E-02   1.7220619E+05   6.8474030E-07
   8.2087714E-02   1.6947025E+05   7.0413174E-07
   8.2660776E-02   1.6676148E+05   7.2407317E-07
   8.3237835E-02   1.6408126E+05   7.4458026E-07
   8.3818919E-02   1.6143095E+05   7.6566908E-07
   8.4404056E-02   1.5881185E+05   7.8735617E-07
   8.4993274E-02   1.5622522E+05   8.0965856E-07
   8.5586602E-02   1.5367227E+05   8.3259374E-07
   8.6184068E-02   1.5115415E+05   8.5617971E-07
   8.6785702E-02   1.4867198E+05   8.8043500E-07
   8.7391531E-02   1.4622680E+05   9.0537865E-07
   8.8001587E-02   1.4381961E+05   9.3103025E-07
   8.8615897E-02   1.4145136E+05   9.5740995E-07
   8.9234492E-02   1.3912291E+05   9.8453847E-07
   8.9857401E-02   1.3683509E+05   1.0124371E-06
   9.0484655E-02   1.3458866E+05   1.0411279E-06
   9.1116284E-02   1.3238433E+05   1.0706332E-06
   9.1752319E-02   1.3022272E+05   1.1009764E-06
   9.2392790E-02   1.2810441E+05   1.1321813E-06
   9.3037728E-02   1.2602992E+05   1.1642724E-06
   9.3687164E-02   1.2399968E+05   1.1972750E-06
   9.4341130E-02   1.2201408E+05   1.2312150E-06
   9.4999658E-02   1.2007344E+05   1.2661192E-06
   9.5662778E-02   1.1817800E+05   1.3020151E-06
   9.6330524E-02   1.1632796E+05   1.3389309E-06
   9.7002927E-02   1.1452344E+05   1.3768957E-06
   9.7680020E-02   1.1276448E+05   1.4159394E-06
   9.8361835E-02   1.1105110E+05   1.4560927E-06
   9.9048406E-02   1.0938320E+05   1.4973874E-06
   9.9739766E-02   1.0776067E+05   1.5398559E-06
   1.0043595E-01   1.0618331E+05   1.5835319E-06
   1.0113699E-01   1.0465085E+05   1.6284496E-06
   1.0184291E-01   1.0316297E+05   1.6746446E-06
   1.0255376E-01   1.0171931E+05   1.7221534E-06
   1.0326957E-01   1.0031943E+05   1.7710133E-06
   1.0399037E-01   9.8962818E+04   1.8212630E-06
   1.0471620E-01   9.7648943E+04   1.8729423E-06
   1.0544709E-01   9.6377195E+04   1.9260918E-06
   1.0618308E-01   9.5146920E+04   1.9807537E-06
   1.0692421E-01   9.3957412E+04   2.0369710E-06
   1.0767050E-01   9.2807914E+04   2.0947884E-06
   1.0842200E-01   9.1697625E+04   2.1542514E-06
   1.0917873E-01   9.0625697E+04   2.2154072E-06
   1.0994075E-01   8.9591239E+04   2.2783041E-06
   1.1070808E-01   8.8593321E+04   2.3429919E-06
   1.1148077E-01   8.7630973E+04   2.4095218E-06
   1.1225884E-01   8.6703187E+04   2.4779466E-06
   1.1304234E-01   8.5808925E+04   2.5483204E-06
   1.1383130E-01   8.4947113E+04   2.6206991E-06
   1.1462577E-01   8.4116652E+04   2.6951399E-06
   1.1542578E-01   8.3316413E+04   2.7717019E-06
   1.1623137E-01   8.2545245E+04   2.8504460E-06
   1.1704258E-01   8.1801973E+04   2.9314344E-06
   1.1785944E-01   8.1085407E+04   3.0147316E-06
   1.1868201E-01   8.0394338E+04   3.1004036E-06
   1.1951031E-01   7.9727542E+04   3.1885186E-06
   1.2034438E-01   7.9083787E+04   3.2791465E-06
   1.2118428E-01   7.8461831E+04   3.3723594E-06
   1.2203003E-01   7.7860426E+04   3.4682313E-06
   1.2288168E-01   7.7278322E+04   3.5668386E-06
   1.2373928E-01   7.6714267E+04   3.6682597E-06
   1.2460285E-01   7.6167012E+04   3.7725753E-06
   1.2547245E-01   7.5635312E+04   3.8798686E-06
   1.2634811E-01   7.5117930E+04   3.9902248E-06
   1.2722988E-01   7.4613639E+04   4.1037321E-06
   1.2811780E-01   7.4121222E+04   4.2204808E-06
   1.2901191E-01   7.3639479E+04   4.3405641E-06
   1.2991226E-01   7.3167226E+04   4.4640778E-06
   1.3081889E-01   7.2703297E+04   4.5911204E-06
   1.3173185E-01   7.2246549E+04   4.7217934E-06
   1.3265117E-01   7.1795863E+04   4.8562012E-06
   1.3357690E-01   7.1350143E+04   4.9944511E-06
   1.3450909E-01   7.0908323E+04   5.1366536E-06
   1.3544778E-01   7.0469367E+04   5.2829226E-06
   1.3639302E-01   7.0032268E+04   5.4333749E-06
   1.3734485E-01   6.9596054E+04   5.5881310E-06
   1.3830332E-01   6.9159787E+04   5.7473149E-06
   1.3926847E-01   6.8722566E+04   5.9110540E-06
   1.4024036E-01   6.8283527E+04   6.0794796E-06
   1.4121903E-01   6.7841847E+04   6.2527267E-06
   1.4220452E-01   6.7396741E+04   6.4309342E-06
   1.4319689E-01   6.6947467E+04   6.6142453E-06
   1.4419617E-01   6.6493324E+04   6.8028070E-06
   1.4520243E-01   6.6033657E+04   6.9967708E-06
   1.4621570E-01   6.5567853E+04   7.1962927E-06
   1.4723605E-01   6.5095345E+04   7.4015329E-06
   1.4826351E-01   6.4615611E+04   7.6126567E-06
   1.4929813E-01   6.4128175E+04   7.8298339E-06
   1.5033997E-01   6.3632607E+04   8.0532394E-06
   1.5138908E-01   6.3128523E+04   8.2830532E-06
   1.5244551E-01   6.2615588E+04   8.5194604E-06
   1.5350930E-01   6.2093510E+04   8.7626518E-06
   1.5458052E-01   6.1562045E+04   9.0128235E-06
   1.5565920E-01   6.1020996E+04   9.2701776E-06
   1.5674541E-01   6.0470210E+04   9.5349218E-06
   1.5783920E-01   5.9909580E+04   9.8072700E-06
   1.5894061E-01   5.9339043E+04   1.0087443E-05
   1.6004971E-01   5.8758582E+04   1.0375666E-05
   1.6116654E-01   5.8168219E+04   1.0672174E-05
   1.6229116E-01   5.7568023E+04   1.0977206E-05
   1.6342363E-01   5.6958100E+04   1.1291010E-05
   1.6456399E-01   5.6338600E+04   1.1613839E-05
   1.6571231E-01   5.5709709E+04   1.1945957E-05
   1.6686864E-01   5.5071652E+04   1.2287632E-05
   1.6803303E-01   5.4424689E+04   1.2639142E-05
   1.6920555E-01   5.3769118E+04   1.3000773E-05
   1.7038624E-01   5.3105266E+04   1.3372818E-05
   1.7157517E-01   5.2433496E+04   1.3755581E-05
   1.7277239E-01   5.1754198E+04   1.4149372E-05
   1.7397796E-01   5.1067793E+04   1.4554514E-05
   1.7519194E-01   5.0374726E+04   1.4971336E-05
   1.7641439E-01   4.9675471E+04   1.5400178E-05
   1.7764536E-01   4.8970521E+04   1.5841390E-05
   1.7888492E-01   4.8260393E+04   1.6295332E-05
   1.8013312E-01   4.7545622E+04   1.6762376E-05
   1.8139003E-01   4.6826760E+04   1.7242903E-05
   1.8265571E-01   4.6104377E+04   1.7737307E-05
   1.8393021E-01   4.5379054E+04   1.8245992E-05
   1.8521361E-01   4.4651384E+04   1.8769376E-05
   1.8650595E-01   4.3921970E+04   1.9307887E-05
   1.8780731E-01   4.3191422E+04   1.9861968E-05
   1.8911775E-01   4.2460356E+04   2.0432072E-05
   1.9043733E-01   4.1729391E+04   2.1018670E-05
   1.9176611E-01   4.0999148E+04   2.1622243E-05
   1.9310415E-01   4.0270247E+04   2.2243287E-05
   1.9445153E-01   3.9543306E+04   2.2882314E-05
   1.9580831E-01   3.8818939E+04   2.3539852E-05
   1.9717456E-01   3.8097754E+04   2.4216441E-05
   1.9855033E-01   3.7380352E+04   2.4912640E-05
   1.9993569E-01   3.6667323E+04   2.5629025E-05
   2.0133072E-01   3.5959246E+04   2.6366187E-05
   2.0273548E-01   3.5256690E+04   2.7124737E-05
   2.0415004E-01   3.4560207E+04   2.7905301E-05
   2.0557446E-01   3.3870335E+04   2.8708527E-05
   2.0700882E-01   3.3187593E+04   2.9535081E-05
   2.0845319E-01   3.2512484E+04   3.0385648E-05
   2.0990762E-01   3.1845492E+04   3.1260934E-05
   2.1137221E-01   3.1187078E+04   3.2161667E-05
   2.1284700E-01   3.0537685E+04   3.3088597E-05
   2.1433209E-01   2.9897730E+04   3.4042494E-05
   2.1582753E-01   2.9267611E+04   3.5024153E-05
   2.1733340E-01   2.8647699E+04   3.6034393E-05
   2.1884977E-01   2.8038344E+04   3.7074057E-05
   2.2037673E-01   2.7439866E+04   3.8144013E-05
   2.2191433E-01   2.6852566E+04   3.9245154E-05
   2.2346265E-01   2.6276714E+04   4.0378403E-05
   2.2502178E-01   2.5712557E+04   4.1544708E-05
   2.2659178E-01   2.5160316E+04   4.2745047E-05
   2.2817273E-01   2.4620183E+04   4.3980425E-05
   2.2976471E-01   2.4092325E+04   4.5251881E-05
   2.3136779E-01   2.3576885E+04   4.6560482E-05
   2.3298205E-01   2.3073976E+04   4.7907329E-05
   2.3460757E-01   2.2583685E+04   4.9293556E-05
   2.3624443E-01   2.2106076E+04   5.0720329E-05
   2.3789271E-01   2.1641185E+04   5.2188853E-05
   2.3955248E-01   2.1189022E+04   5.3700366E-05
   2.4122383E-01   2.0749573E+04   5.5256145E-05
   2.4290684E-01   2.0322799E+04   5.6857507E-05
   2.4460158E-01   1.9908638E+04   5.8505805E-05
   2.4630815E-01   1.9507004E+04   6.0202437E-05
   2.4802662E-01   1.9117787E+04   6.1948840E-05
   2.4975707E-01   1.8740858E+04   6.3746497E-05
   2.5149960E-01   1.8376064E+04   6.5596935E-05
   2.5325427E-01   1.8023234E+04   6.7501727E-05
   2.5502119E-01   1.7682175E+04   6.9462495E-05
   2.5680043E-01   1.7352677E+04   7.1480909E-05
   2.5859208E-01   1.7034512E+04   7.3558690E-05
   2.6039623E-01   1.6727438E+04   7.5697612E-05
   2.6221296E-01   1.6431193E+04   7.7899502E-05
   2.6404236E-01   1.6145504E+04   8.0166243E-05
   2.6588452E-01   1.5870084E+04   8.2499777E-05
   2.6773953E-01   1.5604633E+04   8.4902102E-05
   2.6960748E-01   1.5348840E+04   8.7375280E-05
   2.7148846E-01   1.5102385E+04   8.9921434E-05
   2.7338255E-01   1.4864939E+04   9.2542752E-05
   2.7528986E-01   1.4636164E+04   9.5241491E-05
   2.7721047E-01   1.4415717E+04   9.8019974E-05
   2.7914448E-01   1.4203249E+04   1.0088060E-04
   2.8109198E-01   1.3998408E+04   1.0382583E-04
   2.8305305E-01   1.3800836E+04   1.0685821E-04
   2.8502781E-01   1.3610177E+04   1.0998037E-04
   2.8701634E-01   1.3426070E+04   1.1319501E-04
   2.8901874E-01   1.3248158E+04   1.1650492E-04
   2.9103511E-01   1.3076081E+04   1.1991295E-04
   2.9306554E-01   1.2909486E+04   1.2342209E-04
   2.9511013E-01   1.2748018E+04   1.2703536E-04
   2.9716899E-01   1.2591330E+04   1.3075593E-04
   2.9924220E-01   1.2439079E+04   1.3458703E-04
   3.0132987E-01   1.2290926E+04   1.3853200E-04
   3.0343211E-01   1.2146541E+04   1.4259428E-04
   3.0554901E-01   1.2005601E+04   1.4677743E-04
   3.0768067E-01   1.1867789E+04   1.5108510E-04
   3.0982720E-01   1.1732799E+04   1.5552107E-04
   3.1198870E-01   1.1600335E+04   1.6008922E-04
   3.1416528E-01   1.1470107E+04   1.6479356E-04
   3.1635704E-01   1.1341841E+04   1.6963823E-04
   3.1856409E-01   1.1215270E+04   1.7462748E-04
   3.2078653E-01   1.1090140E+04   1.7976571E-04
   3.2302447E-01   1.0966208E+04   1.8505744E-04
   3.2527802E-01   1.0843244E+04   1.9050734E-04
   3.2754729E-01   1.0721030E+04   1.9612023E-04
   3.2983238E-01   1.0599362E+04   2.0190106E-04
   3.3213342E-01   1.0478045E+04   2.0785495E-04
   3.3445050E-01   1.0356902E+04   2.1398717E-04
   3.3678375E-01   1.0235766E+04   2.2030317E-04
   3.3913326E-01   1.0114483E+04   2.2680854E-04
   3.4149917E-01   9.9929128E+03   2.3350906E-04
   3.4388158E-01   9.8709290E+03   2.4041070E-04
   3.4628060E-01   9.7484170E+03   2.4751960E-04
   3.4869636E-01   9.6252756E+03   2.5484210E-04
   3.5112897E-01   9.5014161E+03   2.6238471E-04
   3.5357854E-01   9.3767624E+03   2.7015419E-04
   3.5604520E-01   9.2512504E+03   2.7815748E-04
   3.5852907E-01   9.1248282E+03   2.8640173E-04
   3.6103026E-01   8.9974555E+03   2.9489433E-04
   3.6354889E-01   8.8691035E+03   3.0364289E-04
   3.6608509E-01   8.7397541E+03   3.1265526E-04
   3.6863898E-01   8.6094000E+03   3.2193954E-04
   3.7121068E-01   8.4780442E+03   3.3150407E-04
   3.7380032E-01   8.3456993E+03   3.4135746E-04
   3.7640803E-01   8.2123874E+03   3.5150858E-04
   3.7903392E-01   8.0781394E+03   3.6196658E-04
   3.8167812E-01   7.9429948E+03   3.7274091E-04
   3.8434077E-01   7.8070008E+03   3.8384128E-04
   3.8702199E-01   7.6702124E+03   3.9527774E-04
   3.8972191E-01   7.5326912E+03   4.0706063E-04
   3.9244067E-01   7.3945055E+03   4.1920062E-04
   3.9517838E-01   7.2557295E+03   4.3170870E-04
   3.9793519E-01   7.1164427E+03   4.4459623E-04
   4.0071123E-01   6.9767298E+03   4.5787489E-04
   4.0350663E-01   6.8366795E+03   4.7155676E-04
   4.0632153E-01   6.6963848E+03   4.8565427E-04
   4.0915606E-01   6.5559418E+03   5.0018024E-04
   4.1201036E-01   6.4154497E+03   5.1514790E-04
   4.1488457E-01   6.2750099E+03   5.3057088E-04
   4.1777883E-01   6.1347260E+03   5.4646326E-04
   4.2069328E-01   5.9947028E+03   5.6283952E-04
   4.2362805E-01   5.8550461E+03   5.7971462E-04
   4.2658329E-01   5.7158624E+03   5.9710397E-04
   4.2955914E-01   5.5772584E+03   6.1502347E-04
   4.3255575E-01   5.4393401E+03   6.3348951E-04
   4.3557326E-01   5.3022132E+03   6.5251898E-04
   4.3861182E-01   5.1659821E+03   6.7212932E-04
   4.4167157E-01   5.0307500E+03   6.9233849E-04
   4.4475266E-01   4.8966179E+03   7.1316501E-04
   4.4785525E-01   4.7636852E+03   7.3462797E-04
   4.5097947E-01   4.6320484E+03   7.5674708E-04
   4.5412548E-01   4.5018016E+03   7.7954262E-04
   4.5729343E-01   4.3730359E+03   8.0303554E-04
   4.6048349E-01   4.2458390E+03   8.2724740E-04
   4.6369579E-01   4.1202954E+03   8.5220045E-04
   4.6693049E-01   3.9964857E+03   8.7791762E-04
   4.7018776E-01   3.8744868E+03   9.0442256E-04
   4.7346775E-01   3.7543716E+03   9.3173963E-04
   4.7677061E-01   3.6362087E+03   9.5989395E-04
   4.8009651E-01   3.5200627E+03   9.8891142E-04
   4.8344561E-01   3.4059936E+03   1.0188187E-03
   4.8681807E-01   3.2940567E+03   1.0496434E-03
   4.9021405E-01   3.1843032E+03   1.0814137E-03
   4.9363372E-01   3.0767793E+03   1.1141590E-03
   4.9707723E-01   2.9715268E+03   1.1479093E-03
   5.0054477E-01   2.8685825E+03   1.1826958E-03
   5.0403649E-01   2.7679787E+03   1.2185503E-03
   5.0755257E-01   2.6697430E+03   1.2555058E-03
   5.1109317E-01   2.5738984E+03   1.2935964E-03
   5.1465846E-01   2.4804631E+03   1.3328570E-03
   5.1824862E-01   2.3894508E+03   1.3733236E-03
   5.2186382E-01   2.3008708E+03   1.4150335E-03
   5.2550424E-01   2.2147279E+03   1.4580249E-03
   5.2917005E-01   2.1310226E+03   1.5023372E-03
   5.3286143E-01   2.0497513E+03   1.5480112E-03
   5.3657855E-01   1.9709062E+03   1.5950885E-03
   5.4032160E-01   1.8944756E+03   1.6436124E-03
   5.4409076E-01   1.8204441E+03   1.6936273E-03
   5.4788620E-01   1.7487928E+03   1.7451787E-03
   5.5170812E-01   1.6794991E+03   1.7983140E-03
   5.5555670E-01   1.6125372E+03   1.8530814E-03
   5.5943212E-01   1.5478784E+03   1.9095310E-03
   5.6333457E-01   1.4854909E+03   1.9677141E-03
   5.6726424E-01   1.4253404E+03   2.0276838E-03
   5.7122131E-01   1.3673897E+03   2.0894944E-03
   5.7520599E-01   1.3115998E+03   2.1532020E-03
   5.7921846E-01   1.2579290E+03   2.2188643E-03
   5.8325891E-01   1.2063342E+03   2.2865408E-03
   5.8732755E-01   1.1567700E+03   2.3562926E-03
   5.9142457E-01   1.1091899E+03   2.4281826E-03
   5.9555016E-01   1.0635456E+03   2.5022755E-03
   5.9970452E-01   1.0197878E+03   2.5786378E-03
   6.0388786E-01   9.7786615E+02   2.6573381E-03
   6.0810038E-01   9.3772923E+02   2.7384468E-03
   6.1234228E-01   8.9932503E+02   2.8220363E-03
   6.1661377E-01   8.6260095E+02   2.9081812E-03
   6.2091505E-01   8.2750394E+02   2.9969579E-03
   6.2524633E-01   7.9398069E+02   3.0884453E-03
   6.2960783E-01   7.6197775E+02   3.1827243E-03
   6.3399974E-01   7.3144167E+02   3.2798781E-03
   6.3842228E-01   7.0231915E+02   3.3799921E-03
   6.4287567E-01   6.7455712E+02   3.4831542E-03
   6.4736013E-01   6.4810289E+02   3.5894547E-03
   6.5187586E-01   6.2290427E+02   3.6989861E-03
   6.5642308E-01   5.9890964E+02   3.8118437E-03
   6.6100203E-01   5.7606809E+02   3.9281253E-03
   6.6561291E-01   5.5432948E+02   4.0479311E-03
   6.7025595E-01   5.3364454E+02   4.1713642E-03
   6.7493137E-01   5.1396496E+02   4.2985304E-03
   6.7963941E-01   4.9524345E+02   4.4295379E-03
   6.8438028E-01   4.7743382E+02   4.5644983E-03
   6.8915422E-01   4.6049100E+02   4.7035255E-03
   6.9396145E-01   4.4437116E+02   4.8467367E-03
   6.9880222E-01   4.2903171E+02   4.9942519E-03
   7.0367675E-01   4.1443135E+02   5.1461940E-03
   7.0858528E-01   4.0053013E+02   5.3026891E-03
   7.1352804E-01   3.8728944E+02   5.4638664E-03
   7.1850528E-01   3.7467207E+02   5.6298582E-03
   7.2351724E-01   3.6264219E+02   5.8007999E-03
   7.2856415E-01   3.5116542E+02   5.9768302E-03
   7.3364626E-01   3.4020876E+02   6.1580911E-03
   7.3876382E-01   3.2974068E+02   6.3447278E-03
   7.4391708E-01   3.1973103E+02   6.5368889E-03
   7.4910627E-01   3.1015110E+02   6.7347262E-03
   7.5433167E-01   3.0097358E+02   6.9383950E-03
   7.5959350E-01   2.9217256E+02   7.1480540E-03
   7.6489204E-01   2.8372346E+02   7.3638654E-03
   7.7022753E-01   2.7560310E+02   7.5859945E-03
   7.7560024E-01   2.6778958E+02   7.8146104E-03
   7.8101042E-01   2.6026232E+02   8.0498855E-03
   7.8645834E-01   2.5300198E+02   8.2919957E-03
   7.9194425E-01   2.4599046E+02   8.5411201E-03
   7.9746843E-01   2.3921086E+02   8.7974416E-03
   8.0303114E-01   2.3264740E+02   9.0611462E-03
   8.0863265E-01   2.2628545E+02   9.3324234E-03
   8.1427322E-01   2.2011144E+02   9.6114660E-03
   8.1995314E-01   2.1411282E+02   9.8984702E-03
   8.2567267E-01   2.0827804E+02   1.0193635E-02
   8.3143210E-01   2.0259648E+02   1.0497164E-02
   8.3723170E-01   1.9705844E+02   1.0809261E-02
   8.4307175E-01   1.9165505E+02   1.1130137E-02
   8.4895253E-01   1.8637828E+02   1.1460001E-02
   8.5487433E-01   1.8122083E+02   1.1799070E-02
   8.6083743E-01   1.7617614E+02   1.2147559E-02
   8.6684213E-01   1.7123834E+02   1.2505689E-02
   8.7288870E-01   1.6640216E+02   1.2873682E-02
   8.7897745E-01   1.6166295E+02   1.3251762E-02
   8.8510867E-01   1.5701661E+02   1.3640155E-02
   8.9128265E-01   1.5245952E+02   1.4039090E-02
   8.9749970E-01   1.4798855E+02   1.4448796E-02
   9.0376010E-01   1.4360101E+02   1.4869506E-02
   9.1006418E-01   1.3929458E+02   1.5301451E-02
   9.1641222E-01   1.3506731E+02   1.5744865E-02
   9.2280454E-01   1.3091758E+02   1.6199983E-02
   9.2924144E-01   1.2684404E+02   1.6667037E-02
   9.3572324E-01   1.2284562E+02   1.7146262E-02
   9.4225025E-01   1.1892146E+02   1.7637893E-02
   9.4882278E-01   1.1507091E+02   1.8142161E-02
   9.5544116E-01   1.1129349E+02   1.8659297E-02
   9.6210570E-01   1.0758887E+02   1.9189533E-02
   9.6881672E-01   1.0395684E+02   1.9733094E-02
   9.7557455E-01   1.0039729E+02   2.0290205E-02
   9.8237951E-01   9.6910203E+01   2.0861087E-02
   9.8923194E-01   9.3495602E+01   2.1445958E-02
   9.9613216E-01   9.0153569E+01   2.2045029E-02
   1.0030805E+00   8.6884210E+01   2.2658507E-02
   1.0100773E+00   8.3687643E+01   2.3286595E-02
   1.0171229E+00   8.0563985E+01   2.3929484E-02
   1.0242177E+00   7.7513341E+01   2.4587363E-02
   1.0313619E+00   7.4535792E+01   2.5260409E-02
   1.0385560E+00   7.1631385E+01   2.5948791E-02
   1.0458003E+00   6.8800125E+01   2.6652667E-02
   1.0530950E+00   6.6041972E+01   2.7372183E-02
   1.0604407E+00   6.3356826E+01   2.8107474E-02
   1.0678376E+00   6.0744530E+01   2.8858661E-02
   1.0752861E+00   5.8204863E+01   2.9625850E-02
   1.0827865E+00   5.5737536E+01   3.0409131E-02
   1.0903392E+00   5.3342190E+01   3.1208577E-02
   1.0979447E+00   5.1018396E+01   3.2024243E-02
   1.1056031E+00   4.8765652E+01   3.2856162E-02
   1.1133150E+00   4.6583384E+01   3.3704348E-02
   1.1210807E+00   4.4470947E+01   3.4568790E-02
   1.1289006E+00   4.2427626E+01   3.5449453E-02
   1.1367749E+00   4.0452634E+01   3.6346278E-02
   1.1447042E+00   3.8545120E+01   3.7259174E-02
   1.1526889E+00   3.6704168E+01   3.8188022E-02
   1.1607292E+00   3.4928799E+01   3.9132673E-02
   1.1688255E+00   3.3217976E+01   4.0092942E-02
   1.1769784E+00   3.1570606E+01   4.1068609E-02
   1.1851881E+00   2.9985546E+01   4.2059417E-02
   1.1934551E+00   2.8461603E+01   4.3065070E-02
   1.2017797E+00   2.6997541E+01   4.4085227E-02
   1.2101624E+00   2.5592083E+01   4.5119505E-02
   1.2186036E+00   2.4243917E+01   4.6167475E-02
   1.2271037E+00   2.2951700E+01   4.7228658E-02
   1.2356630E+00   2.1714057E+01   4.8302524E-02
   1.2442820E+00   2.0529595E+01   4.9388489E-02
   1.2529612E+00   1.9396896E+01   5.0485912E-02
   1.2617008E+00   1.8314529E+01   5.1594095E-02
   1.2705015E+00   1.7281051E+01   5.2712277E-02
   1.2793635E+00   1.6295011E+01   5.3839635E-02
   1.2882873E+00   1.5354951E+01   5.4975276E-02
   1.2972734E+00   1.4459414E+01   5.6118240E-02
   1.3063222E+00   1.3606947E+01   5.7267496E-02
   1.3154340E+00   1.2796098E+01   5.8421936E-02
   1.3246095E+00   1.2025427E+01   5.9580377E-02
   1.3338489E+00   1.1293505E+01   6.0741555E-02
   1.3431527E+00   1.0598915E+01   6.1904125E-02
   1.3525215E+00   9.9402589E+00   6.3066657E-02
   1.3619556E+00   9.3161554E+00   6.4227633E-02
   1.3714555E+00   8.7252454E+00   6.5385447E-02
   1.3810217E+00   8.1661922E+00   6.6538404E-02
   1.3906545E+00   7.6376840E+00   6.7684711E-02
   1.4003546E+00   7.1384351E+00   6.8822483E-02
   1.4101223E+00   6.6671875E+00   6.9949740E-02
   1.4199582E+00   6.2227124E+00   7.1064402E-02
   1.4298626E+00   5.8038108E+00   7.2164290E-02
   1.4398362E+00   5.4093149E+00   7.3247127E-02
   1.4498793E+00   5.0380888E+00   7.4310535E-02
   1.4599924E+00   4.6890290E+00   7.5352037E-02
   1.4701761E+00   4.3610649E+00   7.6369056E-02
   1.4804308E+00   4.0531596E+00   7.7358916E-02
   1.4907571E+00   3.7643096E+00   7.8318845E-02
   1.5011553E+00   3.4935454E+00   7.9245973E-02
   1.5116261E+00   3.2399313E+00   8.0137340E-02
   1.5221700E+00   3.0025654E+00   8.0989896E-02
   1.5327873E+00   2.7805795E+00   8.1800503E-02
   1.5434787E+00   2.5731386E+00   8.2565946E-02
   1.5542447E+00   2.3794409E+00   8.3282932E-02
   1.5650858E+00   2.1987174E+00   8.3948101E-02
   1.5760025E+00   2.0302309E+00   8.4558029E-02
   1.5869953E+00   1.8732761E+00   8.5109244E-02
   1.5980649E+00   1.7271787E+00   8.5598226E-02
   1.6092116E+00   1.5912949E+00   8.6021428E-02
   1.6204360E+00   1.4650103E+00   8.6375279E-02
   1.6317388E+00   1.3477398E+00   8.6656204E-02
   1.6431204E+00   1.2389263E+00   8.6860637E-02
   1.6545813E+00   1.1380404E+00   8.6985037E-02
   1.6661222E+00   1.0445789E+00   8.7025905E-02
   1.6777437E+00   9.5806481E-01   8.6979807E-02
   1.6894461E+00   8.7804587E-01   8.6843392E-02
   1.7012302E+00   8.0409396E-01   8.6613418E-02
   1.7130965E+00   7.3580421E-01   8.6286774E-02
   1.7250455E+00   6.7279407E-01   8.5860510E-02
   1.7370779E+00   6.1470256E-01   8.5331865E-02
   1.7491942E+00   5.6118929E-01   8.4698294E-02
   1.7613950E+00   5.1193371E-01   8.3957506E-02
   1.7736809E+00   4.6663418E-01   8.3107496E-02
   1.7860525E+00   4.2500722E-01   8.2146580E-02
   1.7985104E+00   3.8678661E-01   8.1073436E-02
   1.8110552E+00   3.5172265E-01   7.9887142E-02
   1.8236875E+00   3.1958136E-01   7.8587215E-02
   1.8364079E+00   2.9014366E-01   7.7173660E-02
   1.8492170E+00   2.6320471E-01   7.5647006E-02
   1.8621155E+00   2.3857309E-01   7.4008356E-02
   1.8751039E+00   2.1607017E-01   7.2259431E-02
   1.8881829E+00   1.9552938E-01   7.0402610E-02
   1.9013531E+00   1.7679555E-01   6.8440983E-02
   1.9146152E+00   1.5972430E-01   6.6378385E-02
   1.9279698E+00   1.4418140E-01   6.4219444E-02
   1.9414176E+00   1.3004219E-01   6.1969616E-02
   1.9549591E+00   1.1719100E-01   5.9635218E-02
   1.9685951E+00   1.0552063E-01   5.7223463E-02
   1.9823262E+00   9.4931812E-02   5.4742476E-02
   1.9961531E+00   8.5332712E-02   5.2201315E-02
   2.0100764E+00   7.6638466E-02   4.9609970E-02
   2.0240968E+00   6.8770727E-02   4.6979364E-02
   2.0382150E+00   6.1657235E-02   4.4321324E-02
   2.0524317E+00   5.5231408E-02   4.1648547E-02
   2.0667475E+00   4.9431962E-02   3.8974542E-02
   2.0811632E+00   4.4202541E-02   3.6313544E-02
   2.0956794E+00   3.9491374E-02   3.3680410E-02
   2.1102969E+00   3.5250950E-02   3.1090472E-02
   2.1250164E+00   3.1437711E-02   2.8559361E-02
   2.1398385E+00   2.8011762E-02   2.6102783E-02
   2.1547640E+00   2.4936599E-02   2.3736248E-02
   2.1697936E+00   2.2178859E-02   2.1474744E-02
   2.1849280E+00   1.9708075E-02   1.9332339E-02
   2.2001679E+00   1.7496454E-02   1.7321717E-02
   2.2155142E+00   1.5518671E-02   1.5453626E-02
   2.2309675E+00   1.3751671E-02   1.3736230E-02
   2.2465286E+00   1.2174485E-02   1.2174352E-02
   2.2621982E+00   1.0768065E-02   1.0768596E-02
   2.2779772E+00   9.5151238E-03   9.5143316E-03
   2.2938661E+00   8.3999864E-03   8.4005116E-03
   2.3098659E+00   7.4084573E-03   7.4084573E-03
   2.3259773E+00   6.5276927E-03   6.5276927E-03
   2.3422011E+00   5.7460842E-03   5.7460842E-03
   2.3585380E+00   5.0531507E-03   5.0531507E-03
   2.3749889E+00   4.4394391E-03   4.4394391E-03
   2.3915545E+00   3.8964321E-03   3.8964321E-03
   2.4082357E+00   3.4164638E-03   3.4164638E-03
   2.4250332E+00   2.9926422E-03   2.9926422E-03
   2.4419479E+00   2.6187770E-03   2.6187770E-03
   2.4589805E+00   2.2893146E-03   2.2893146E-03
   2.4761319E+00   1.9992778E-03   1.9992778E-03
   2.4934030E+00   1.7442107E-03   1.7442107E-03
   2.5107945E+00   1.5201286E-03   1.5201286E-03
   2.5283074E+00   1.3234717E-03   1.3234717E-03
   2.5459424E+00   1.1510636E-03   1.1510636E-03
   2.5637003E+00   1.0000729E-03   1.0000729E-03
   2.5815822E+00   8.6797858E-04   8.6797858E-04
   2.5995888E+00   7.5253835E-04   7.5253835E-04
   2.6177209E+00   6.5176019E-04   6.5176019E-04
   2.6359795E+00   5.6387629E-04   5.6387629E-04
   2.6543655E+00   4.8731958E-04   4.8731958E-04
   2.6728797E+00   4.2070253E-04   4.2070253E-04
   2.6915231E+00   3.6279792E-04   3.6279792E-04
   2.7102965E+00   3.1252156E-04   3.1252156E-04
   2.7292008E+00   2.6891675E-04   2.6891675E-04
   2.7482370E+00   2.3114020E-04   2.3114020E-04
   2.7674059E+00   1.9844947E-04   1.9844947E-04
   2.7867086E+00   1.7019166E-04   1.7019166E-04
   2.8061458E+00   1.4579328E-04   1.4579328E-04
   2.8257187E+00   1.2475117E-04   1.2475117E-04
   2.8454281E+00   1.0662440E-04   1.0662440E-04
   2.8652749E+00   9.1027034E-05   9.1027034E-05
   2.8852602E+00   7.7621661E-05   7.7621661E-05
   2.9053848E+00   6.6113646E-05   6.6113646E-05
   2.9256499E+00   5.6246022E-05   5.6246022E-05
   2.9460562E+00   4.7794937E-05   4.7794937E-05
   2.9666049E+00   4.0565627E-05   4.0565627E-05
   2.9872970E+00   3.4388840E-05   3.4388840E-05
   3.0081333E+00   2.9117674E-05   2.9117674E-05
   3.0291150E+00   2.4624784E-05   2.4624784E-05
   3.0502430E+00   2.0799913E-05   2.0799913E-05
   3.0715184E+00   1.7547719E-05   1.7547719E-05
   3.0929422E+00   1.4785861E-05   1.4785861E-05
   3.1145154E+00   1.2443313E-05   1.2443313E-05
   3.1362391E+00   1.0458888E-05   1.0458888E-05
   3.1581143E+00   8.7799449E-06   8.7799449E-06
   3.1801420E+00   7.3612474E-06   7.3612474E-06
   3.2023234E+00   6.1639768E-06   6.1639768E-06
   3.2246595E+00   5.1548625E-06   5.1548625E-06
   3.2471515E+00   4.3054268E-06   4.3054268E-06
   3.2698002E+00   3.5913265E-06   3.5913265E-06
   3.2926070E+00   2.9917795E-06   2.9917795E-06
   3.3155728E+00   2.4890679E-06   2.4890679E-06
   3.3386988E+00   2.0681059E-06   2.0681059E-06
   3.3619862E+00   1.7160662E-06   1.7160662E-06
   3.3854359E+00   1.4220566E-06   1.4220566E-06
   3.4090492E+00   1.1768406E-06   1.1768406E-06
   3.4328272E+00   9.7259617E-07   9.7259617E-07
   3.4567710E+00   8.0270848E-07   8.0270848E-07
   3.4808819E+00   6.6159120E-07   6.6159120E-07
   3.5051609E+00   5.4453314E-07   5.4453314E-07
   3.5296092E+00   4.4756668E-07   4.4756668E-07
   3.5542281E+00   3.6735510E-07   3.6735510E-07
   3.5790187E+00   3.0109624E-07   3.0109624E-07
   3.6039822E+00   2.4644017E-07   2.4644017E-07
   3.6291198E+00   2.0141903E-07   2.0141903E-07
   3.6544327E+00   1.6438729E-07   1.6438729E-07
   3.6799222E+00   1.3397093E-07   1.3397093E-07
   3.7055895E+00   1.0902431E-07   1.0902431E-07
   3.7314358E+00   8.8593580E-08   8.8593580E-08
   3.7574624E+00   7.1885792E-08   7.1885792E-08
   3.7836705E+00   5.8242693E-08   5.8242693E-08
   3.8100614E+00   4.7118673E-08   4.7118673E-08
   3.8366364E+00   3.8062163E-08   3.8062163E-08
   3.8633967E+00   3.0699990E-08   3.0699990E-08
   3.8903437E+00   2.4724236E-08   2.4724236E-08
   3.9174786E+00   1.9881212E-08   1.9881212E-08
   3.9448028E+00   1.5962232E-08   1.5962232E-08
   3.9723176E+00   1.2795891E-08   1.2795891E-08
   4.0000243E+00   1.0241626E-08   1.0241626E-08
   4.0279242E+00   8.1843483E-09   8.1843483E-09
   4.0560187E+00   6.5299724E-09   6.5299724E-09
   4.0843092E+00   5.2017067E-09   5.2017067E-09
   4.1127970E+00   4.1369742E-09   4.1369742E-09
   4.1414835E+00   3.2848636E-09   3.2848636E-09
   4.1703701E+00   2.6040214E-09   2.6040214E-09
   4.1994582E+00   2.0609120E-09   2.0609120E-09
   4.2287491E+00   1.6283850E-09   1.6283850E-09
   4.2582443E+00   1.2844950E-09   1.2844950E-09
   4.2879453E+00   1.0115337E-09   1.0115337E-09
   4.3178534E+00   7.9523551E-10   7.9523551E-10
   4.3479702E+00   6.2412778E-10   6.2412778E-10
   4.3782970E+00   4.8899946E-10   4.8899946E-10
   4.4088353E+00   3.8246801E-10   3.8246801E-10
   4.4395866E+00   2.9862657E-10   2.9862657E-10
   4.4705524E+00   2.3275715E-10   2.3275715E-10
   4.5017341E+00   1.8109793E-10   1.8109793E-10
   4.5331334E+00   1.4065475E-10   1.4065475E-10
   4.5647517E+00   1.0904866E-10   1.0904866E-10
   4.5965905E+00   8.4392879E-11   8.4392879E-11
   4.6286513E+00   6.5193639E-11   6.5193639E-11
   4.6609358E+00   5.0270482E-11   5.0270482E-11
   4.6934455E+00   3.8692220E-11   3.8692220E-11
   4.7261819E+00   2.9725651E-11   2.9725651E-11
   4.7591467E+00   2.2794524E-11   2.2794524E-11
   4.7923413E+00   1.7446783E-11   1.7446783E-11
   4.8257675E+00   1.3328465E-11   1.3328465E-11
   4.8594269E+00   1.0162932E-11   1.0162932E-11
   4.8933210E+00   7.7343922E-12   7.7343922E-12
   4.9274515E+00   5.8748361E-12   5.8748361E-12
   4.9618200E+00   4.4537086E-12   4.4537086E-12
   4.9964283E+00   3.3697555E-12   3.3697555E-12
   5.0312780E+00   2.5446001E-12   2.5446001E-12
   5.0663707E+00   1.9176937E-12   1.9176937E-12
   5.1017082E+00   1.4423526E-12   1.4423526E-12
   5.1372922E+00   1.0826550E-12   1.0826550E-12
   5.1731243E+00   8.1101533E-13   8.1101533E-13
   5.2092064E+00   6.0629254E-13   6.0629254E-13
   5.2455401E+00   4.5231751E-13   4.5231751E-13
   5.2821273E+00   3.3674908E-13   3.3674908E-13
   5.3189697E+00   2.5018716E-13   2.5018716E-13
   5.3560690E+00   1.8548678E-13   1.8548678E-13
   5.3934271E+00   1.3722838E-13   1.3722838E-13
   5.4310457E+00   1.0130985E-13   1.0130985E-13
   5.4689268E+00   7.4632804E-14   7.4632804E-14
   5.5070720E+00   5.4862025E-14   5.4862025E-14
   5.5454833E+00   4.0241253E-14   4.0241253E-14
   5.5841626E+00   2.9452507E-14   2.9452507E-14
   5.6231116E+00   2.1508874E-14   2.1508874E-14
   5.6623322E+00   1.5672967E-14   1.5672967E-14
   5.7018264E+00   1.1395052E-14   1.1395052E-14
   5.7415961E+00   8.2662088E-15   8.2662088E-15
   5.7816432E+00   5.9829419E-15   5.9829419E-15
   5.8219696E+00   4.3205086E-15   4.3205086E-15
   5.8625772E+00   3.1128624E-15   3.1128624E-15
   5.9034681E+00   2.2376039E-15   2.2376039E-15
   5.9446442E+00   1.6047150E-15   1.6047150E-15
   5.9861075E+00   1.1481463E-15   1.1481463E-15
   6.0278600E+00   8.1954772E-16   8.1954772E-16
   6.0699037E+00   5.8360912E-16   5.8360912E-16
   6.1122406E+00   4.1460422E-16   4.1460422E-16
   6.1548729E+00   2.9383409E-16   2.9383409E-16
   6.1978025E+00   2.0774012E-16   2.0774012E-16
   6.2410315E+00   1.4651470E-16   1.4651470E-16
   6.2845620E+00   1.0308073E-16   1.0308073E-16
   6.3283962E+00   7.2343916E-17   7.2343916E-17
   6.3725361E+00   5.0646273E-17   5.0646273E-17
   6.4169838E+00   3.5367683E-17   3.5367683E-17
   6.4617416E+00   2.4636100E-17   2.4636100E-17
   6.5068115E+00   1.7117334E-17   1.7117334E-17
   6.5521958E+00   1.1862919E-17   1.1862919E-17
   6.5978967E+00   8.2003194E-18   8.2003194E-18
   6.6439163E+00   5.6538734E-18   5.6538734E-18
   6.6902569E+00   3.8880321E-18   3.8880321E-18
   6.7369207E+00   2.6667008E-18   2.6667008E-18
   6.7839099E+00   1.8241965E-18   1.8241965E-18
   6.8312269E+00   1.2445547E-18   1.2445547E-18
   6.8788740E+00   8.4682450E-19   8.4682450E-19
   6.9268533E+00   5.7464805E-19   5.7464805E-19
   6.9751673E+00   3.8889421E-19   3.8889421E-19
   7.0238183E+00   2.6246651E-19   2.6246651E-19
   7.0728087E+00   1.7665300E-19   1.7665300E-19
   7.1221407E+00   1.1856719E-19   1.1856719E-19
   7.1718168E+00   7.9358994E-20   7.9358994E-20
   7.2218394E+00   5.2967251E-20   5.2967251E-20
   7.2722109E+00   3.5252502E-20   3.5252502E-20
   7.3229337E+00   2.3395647E-20   2.3395647E-20
   7.3740103E+00   1.5482251E-20   1.5482251E-20
   7.4254431E+00   1.0215984E-20   1.0215984E-20
   7.4772347E+00   6.7214472E-21   6.7214472E-21
   7.5293875E+00   4.4093120E-21   4.4093120E-21
   7.5819041E+00   2.8840188E-21   2.8840188E-21
   7.6347870E+00   1.8807680E-21   1.8807680E-21
   7.6880387E+00   1.2228501E-21   1.2228501E-21
   7.7416618E+00   7.9268921E-22   7.9268921E-22
   7.7956590E+00   5.1228924E-22   5.1228924E-22
   7.8500327E+00   3.3006603E-22   3.3006603E-22
   7.9047858E+00   2.1200711E-22   2.1200711E-22
   7.9599207E+00   1.3575461E-22   1.3575461E-22
   8.0154401E+00   8.6657048E-23   8.6657048E-23
   8.0713468E+00   5.5142796E-23   5.5142796E-23
   8.1276435E+00   3.4978378E-23   3.4978378E-23
   8.1843328E+00   2.2117032E-23   2.2117032E-23
   8.2414175E+00   1.3939931E-23   1.3939931E-23
   8.2989003E+00   8.7577214E-24   8.7577214E-24
   8.3567841E+00   5.4841396E-24   5.4841396E-24
   8.4150716E+00   3.4229676E-24   3.4229676E-24
   8.4737657E+00   2.1294330E-24   2.1294330E-24
   8.5328691E+00   1.3203283E-24   1.3203283E-24
   8.5923848E+00   8.1591808E-25   8.1591808E-25
   8.6523155E+00   5.0251332E-25   5.0251332E-25
   8.7126643E+00   3.0844284E-25   3.0844284E-25
   8.7734340E+00   1.8867639E-25   1.8867639E-25
   8.8346276E+00   1.1501797E-25   1.1501797E-25
   8.8962480E+00   6.9872880E-26   6.9872880E-26
   8.9582982E+00   4.2299555E-26   4.2299555E-26
   9.0207811E+00   2.5517405E-26   2.5517405E-26
   9.0836999E+00   1.5339107E-26   1.5339107E-26
   9.1470575E+00   9.1878887E-27   9.1878887E-27
   9.2108570E+00   5.4836859E-27   5.4836859E-27
   9.2751015E+00   3.2610669E-27   3.2610669E-27
   9.3397941E+00   1.9322625E-27   1.9322625E-27
   9.4049379E+00   1.1407245E-27   1.1407245E-27
   9.4705361E+00   6.7095364E-28   6.7095364E-28
   9.5365918E+00   3.9317882E-28   3.9317882E-28
   9.6031083E+00   2.2954208E-28   2.2954208E-28
   9.6700887E+00   1.3350507E-28   1.3350507E-28
   9.7375362E+00   7.7354397E-29   7.7354397E-29
   9.8054542E+00   4.4649085E-29   4.4649085E-29
   9.8738459E+00   2.5672541E-29   2.5672541E-29
   9.9427147E+00   1.4704228E-29   1.4704228E-29
   1.0012064E+01   8.3892076E-30   8.3892076E-30
   1.0081897E+01   4.7675276E-30   4.7675276E-30
   1.0152216E+01   2.6986537E-30   2.6986537E-30
   1.0223027E+01   1.5214960E-30   1.5214960E-30
   1.0294331E+01   8.5438211E-31   8.5438211E-31
   1.0366132E+01   4.7783620E-31   4.7783620E-31
   1.0438435E+01   2.6615787E-31   2.6615787E-31
   1.0511241E+01   1.4764565E-31   1.4764565E-31
   1.0584556E+01   8.1566300E-32   8.1566300E-32
   1.0658382E+01   4.4874245E-32   4.4874245E-32
   1.0732722E+01   2.4584836E-32   2.4584836E-32
   1.0807582E+01   1.3412466E-32   1.3412466E-32
   1.0882963E+01   7.2863219E-33   7.2863219E-33
   1.0958870E+01   3.9414436E-33   3.9414436E-33
   1.1035307E+01   2.1229268E-33   2.1229268E-33
   1.1112276E+01   1.1384971E-33   1.1384971E-33
   1.1189783E+01   6.0790552E-34   6.0790552E-34
   1.1267830E+01   3.2317215E-34   3.2317215E-34
   1.1346422E+01   1.7104573E-34   1.7104573E-34
   1.1425561E+01   9.0127580E-35   9.0127580E-35
   1.1505253E+01   4.7277765E-35   4.7277765E-35
   1.1585500E+01   2.4688599E-35   2.4688599E-35
   1.1666308E+01   1.2834017E-35   1.2834017E-35
   1.1747678E+01   6.6411274E-36   6.6411274E-36
   1.1829617E+01   3.4207414E-36   3.4207414E-36
   1.1912127E+01   1.7538160E-36   1.7538160E-36
   1.1995212E+01   8.9499217E-37   8.9499217E-37
   1.2078877E+01   4.5458152E-37   4.5458152E-37
   1.2163125E+01   2.2979867E-37   2.2979867E-37
   1.2247961E+01   1.1561446E-37   1.1561446E-37
   1.2333389E+01   5.7888378E-38   5.7888378E-38
   1.2419413E+01   2.8845011E-38   2.8845011E-38
   1.2506036E+01   1.4303278E-38   1.4303278E-38
   1.2593264E+01   7.0578327E-39   7.0578327E-39
   1.2681100E+01   3.4654788E-39   3.4654788E-39
   1.2769549E+01   1.6931537E-39   1.6931537E-39
   1.2858615E+01   8.2310605E-40   8.2310605E-40
   1.2948301E+01   3.9813137E-40   3.9813137E-40
   1.3038614E+01   1.9159890E-40   1.9159890E-40
   1.3129556E+01   9.1736114E-41   9.1736114E-41
   1.3221133E+01   4.3697136E-41   4.3697136E-41
   1.3313348E+01   2.0706915E-41   2.0706915E-41
   1.3406207E+01   9.7613973E-42   9.7613973E-42
   1.3499713E+01   4.5774860E-42   4.5774860E-42
   1.3593872E+01   2.1352299E-42   2.1352299E-42
   1.3688687E+01   9.9071535E-43   9.9071535E-43
   1.3784164E+01   4.5721840E-43   4.5721840E-43
   1.3880306E+01   2.0987121E-43   2.0987121E-43
   1.3977119E+01   9.5812044E-44   9.5812044E-44
   1.4074607E+01   4.3501976E-44   4.3501976E-44
   1.4172776E+01   1.9642781E-44   1.9642781E-44
   1.4271629E+01   8.8203415E-45   8.8203415E-45
   1.4371171E+01   3.9385785E-45   3.9385785E-45
   1.4471408E+01   1.7488332E-45   1.7488332E-45
   1.4572344E+01   7.7213814E-46   7.7213814E-46
   1.4673983E+01   3.3897074E-46   3.3897074E-46
   1.4776332E+01   1.4795652E-46   1.4795652E-46
   1.4879395E+01   6.4208400E-47   6.4208400E-47
   1.4983176E+01   2.7702255E-47   2.7702255E-47
   1.5087682E+01   1.1882004E-47   1.1882004E-47
   1.5192916E+01   5.0663736E-48   5.0663736E-48
   1.5298884E+01   2.1474341E-48   2.1474341E-48
   1.5405592E+01   9.0477275E-49   9.0477275E-49
   1.5513043E+01   3.7891176E-49   3.7891176E-49
   1.5621244E+01   1.5772382E-49   1.5772382E-49
   1.5730200E+01   6.5252726E-50   6.5252726E-50
   1.5839916E+01   2.6830186E-50   2.6830186E-50
   1.5950397E+01   1.0963612E-50   1.0963612E-50
   1.6061648E+01   4.4521497E-51   4.4521497E-51
   1.6173676E+01   1.7966068E-51   1.7966068E-51
   1.6286485E+01   7.2041771E-52   7.2041771E-52
   1.6400080E+01   2.8704142E-52   2.8704142E-52
   1.6514468E+01   1.1363555E-52   1.1363555E-52
   1.6629654E+01   4.4696531E-53   4.4696531E-53
   1.6745643E+01   1.7466412E-53   1.7466412E-53
   1.6862441E+01   6.7808491E-54   6.7808491E-54
   1.6980054E+01   2.6151404E-54   2.6151404E-54
   1.7098488E+01   1.0018816E-54   1.0018816E-54
   1.7217747E+01   3.8126591E-55   3.8126591E-55
   1.7337838E+01   1.4411507E-55   1.4411507E-55
   1.7458766E+01   5.4105342E-56   5.4105342E-56
   1.7580539E+01   2.0174347E-56   2.0174347E-56
   1.7703160E+01   7.4707917E-57   7.4707917E-57
   1.7826637E+01   2.7473915E-57   2.7473915E-57
   1.7950975E+01   1.0033215E-57   1.0033215E-57
   1.8076180E+01   3.6383467E-58   3.6383467E-58
   1.8202258E+01   1.3100592E-58   1.3100592E-58
   1.8329216E+01   4.6835922E-59   4.6835922E-59
   1.8457060E+01   1.6624429E-59   1.6624429E-59
   1.8585795E+01   5.8583053E-60   5.8583053E-60
   1.8715428E+01   2.0494284E-60   2.0494284E-60
   1.8845965E+01   7.1171804E-61   7.1171804E-61
   1.8977412E+01   2.4534310E-61   2.4534310E-61
   1.9109777E+01   8.3946899E-62   8.3946899E-62
   1.9243064E+01   2.8508972E-62   2.8508972E-62
   1.9377281E+01   9.6090604E-63   9.6090604E-63
   1.9512435E+01   3.2142501E-63   3.2142501E-63
   1.9648531E+01   1.0669757E-63   1.0669757E-63
   1.9785576E+01   3.5146497E-64   3.5146497E-64
   1.9923577E+01   1.1487846E-64   1.1487846E-64
   2.0062541E+01   3.7256362E-65   3.7256362E-65
   2.0202474E+01   1.1987912E-65   1.1987912E-65
   2.0343383E+01   3.8268709E-66   3.8268709E-66
   2.0485275E+01   1.2119281E-66   1.2119281E-66
   2.0628156E+01   3.8073097E-67   3.8073097E-67
   2.0772034E+01   1.1864328E-67   1.1864328E-67
   2.0916916E+01   3.6671339E-68   3.6671339E-68
   2.1062808E+01   1.1242011E-68   1.1242011E-68
   2.1209718E+01   3.4179810E-69   3.4179810E-69
   2.1357652E+01   1.0305716E-69   1.0305716E-69
   2.1506618E+01   3.0813707E-70   3.0813707E-70
   2.1656623E+01   9.1356854E-71   9.1356854E-71
   2.1807674E+01   2.6856147E-71   2.6856147E-71
   2.1959779E+01   7.8275417E-72   7.8275417E-72
   2.2112945E+01   2.2618290E-72   2.2618290E-72
   2.2267179E+01   6.4791820E-73   6.4791820E-73
   2.2422489E+01   1.8398388E-73   1.8398388E-73
   2.2578882E+01   5.1785899E-74   5.1785899E-74
   2.2736366E+01   1.4447347E-74   1.4447347E-74
   2.2894949E+01   3.9946809E-75   3.9946809E-75
   2.3054637E+01   1.0946260E-75   1.0946260E-75
   2.3215440E+01   2.9724273E-76   2.9724273E-76
   2.3377363E+01   7.9981649E-77   7.9981649E-77
   2.3540417E+01   2.1324300E-77   2.1324300E-77
   2.3704607E+01   5.6329509E-78   5.6329509E-78
   2.3869943E+01   0.0000000E+00   0.0000000E+00
   2.4036432E+01   0.0000000E+00   0.0000000E+00
   2.4204082E+01   0.0000000E+00   0.0000000E+00
   2.4372901E+01   0.0000000E+00   0.0000000E+00
   2.4542898E+01   0.0000000E+00   0.0000000E+00
   2.4714081E+01   0.0000000E+00   0.0000000E+00
   2.4886457E+01   0.0000000E+00   0.0000000E+00
   2.5060036E+01   0.0000000E+00   0.0000000E+00
   2.5234826E+01   0.0000000E+00   0.0000000E+00
   2.5410834E+01   0.0000000E+00   0.0000000E+00
   2.5588071E+01   0.0000000E+00   0.0000000E+00
   2.5766543E+01   0.0000000E+00   0.0000000E+00
   2.5946260E+01   0.0000000E+00   0.0000000E+00
   2.6127231E+01   0.0000000E+00   0.0000000E+00
   2.6309464E+01   0.0000000E+00   0.0000000E+00
   2.6492968E+01   0.0000000E+00   0.0000000E+00
   2.6677752E+01   0.0000000E+00   0.0000000E+00
   2.6863825E+01   0.0000000E+00   0.0000000E+00
   2.7051196E+01   0.0000000E+00   0.0000000E+00
   2.7239873E+01   0.0000000E+00   0.0000000E+00
   2.7429867E+01   0.0000000E+00   0.0000000E+00
   2.7621185E+01   0.0000000E+00   0.0000000E+00
   2.7813838E+01   0.0000000E+00   0.0000000E+00
   2.8007835E+01   0.0000000E+00   0.0000000E+00
   2.8203185E+01   0.0000000E+00   0.0000000E+00
   2.8399898E+01   0.0000000E+00   0.0000000E+00
   2.8597982E+01   0.0000000E+00   0.0000000E+00
   2.8797448E+01   0.0000000E+00   0.0000000E+00
   2.8998305E+01   0.0000000E+00   0.0000000E+00
   2.9200564E+01   0.0000000E+00   0.0000000E+00
   2.9404233E+01   0.0000000E+00   0.0000000E+00
   2.9609322E+01   0.0000000E+00   0.0000000E+00
   2.9815842E+01   0.0000000E+00   0.0000000E+00
   3.0023802E+01   0.0000000E+00   0.0000000E+00
   3.0233213E+01   0.0000000E+00   0.0000000E+00
   3.0444085E+01   0.0000000E+00   0.0000000E+00
   3.0656427E+01   0.0000000E+00   0.0000000E+00
   3.0870250E+01   0.0000000E+00   0.0000000E+00
   3.1085565E+01   0.0000000E+00   0.0000000E+00
   3.1302382E+01   0.0000000E+00   0.0000000E+00
   3.1520710E+01   0.0000000E+00   0.0000000E+00
   3.1740562E+01   0.0000000E+00   0.0000000E+00
   3.1961947E+01   0.0000000E+00   0.0000000E+00
   3.2184876E+01   0.0000000E+00   0.0000000E+00
   3.2409360E+01   0.0000000E+00   0.0000000E+00
   3.2635409E+01   0.0000000E+00   0.0000000E+00
   3.2863036E+01   0.0000000E+00   0.0000000E+00
   3.3092250E+01   0.0000000E+00   0.0000000E+00
   3.3323063E+01   0.0000000E+00   0.0000000E+00
   3.3555485E+01   0.0000000E+00   0.0000000E+00
   3.3789529E+01   0.0000000E+00   0.0000000E+00
   3.4025205E+01   0.0000000E+00   0.0000000E+00
   3.4262525E+01   0.0000000E+00   0.0000000E+00
   3.4501500E+01   0.0000000E+00   0.0000000E+00
   3.4742142E+01   0.0000000E+00   0.0000000E+00
   3.4984462E+01   0.0000000E+00   0.0000000E+00
   3.5228473E+01   0.0000000E+00   0.0000000E+00
   3.5474185E+01   0.0000000E+00   0.0000000E+00
   3.5721612E+01   0.0000000E+00   0.0000000E+00
   3.5970764E+01   0.0000000E+00   0.0000000E+00
   3.6221654E+01   0.0000000E+00   0.0000000E+00
   3.6474293E+01   0.0000000E+00   0.0000000E+00
   3.6728695E+01   0.0000000E+00   0.0000000E+00
   3.6984871E+01   0.0000000E+00   0.0000000E+00
   3.7242834E+01   0.0000000E+00   0.0000000E+00
   3.7502597E+01   0.0000000E+00   0.0000000E+00
   3.7764171E+01   0.0000000E+00   0.0000000E+00
   3.8027569E+01   0.0000000E+00   0.0000000E+00
   3.8292805E+01   0.0000000E+00   0.0000000E+00
   3.8559890E+01   0.0000000E+00   0.0000000E+00
   3.8828839E+01   0.0000000E+00   0.0000000E+00
   3.9099663E+01   0.0000000E+00   0.0000000E+00
   3.9372377E+01   0.0000000E+00   0.0000000E+00
   3.9646992E+01   0.0000000E+00   0.0000000E+00
   3.9923523E+01   0.0000000E+00   0.0000000E+00
   4.0201982E+01   0.0000000E+00   0.0000000E+00
   4.0482384E+01   0.0000000E+00   0.0000000E+00
   4.0764742E+01   0.0000000E+00   0.0000000E+00
   4.1049069E+01   0.0000000E+00   0.0000000E+00
   4.1335379E+01   0.0000000E+00   0.0000000E+00
   4.1623686E+01   0.0000000E+00   0.0000000E+00
   4.1914004E+01   0.0000000E+00   0.0000000E+00
   4.2206346E+01   0.0000000E+00   0.0000000E+00
   4.2500728E+01   0.0000000E+00   0.0000000E+00
   4.2797163E+01   0.0000000E+00   0.0000000E+00
   4.3095666E+01   0.0000000E+00   0.0000000E+00
   4.3396251E+01   0.0000000E+00   0.0000000E+00
   4.3698932E+01   0.0000000E+00   0.0000000E+00
   4.4003724E+01   0.0000000E+00   0.0000000E+00
   4.4310642E+01   0.0000000E+00   0.0000000E+00
   4.4619701E+01   0.0000000E+00   0.0000000E+00
   4.4930916E+01   0.0000000E+00   0.0000000E+00
   4.5244301E+01   0.0000000E+00   0.0000000E+00
   4.5559872E+01   0.0000000E+00   0.0000000E+00
   4.5877644E+01   0.0000000E+00   0.0000000E+00
   4.6197632E+01   0.0000000E+00   0.0000000E+00
   4.6519853E+01   0.0000000E+00   0.0000000E+00
   4.6844320E+01   0.0000000E+00   0.0000000E+00
   4.7171051E+01   0.0000000E+00   0.0000000E+00
   4.7500061E+01   0.0000000E+00   0.0000000E+00
   4.7831365E+01   0.0000000E+00   0.0000000E+00
   4.8164981E+01   0.0000000E+00   0.0000000E+00
   4.8500923E+01   0.0000000E+00   0.0000000E+00
   4.8839208E+01   0.0000000E+00   0.0000000E+00
   4.9179853E+01   0.0000000E+00   0.0000000E+00
   4.9522874E+01   0.0000000E+00   0.0000000E+00
   4.9868287E+01   0.0000000E+00   0.0000000E+00
   5.0216109E+01   0.0000000E+00   0.0000000E+00
   5.0566358E+01   0.0000000E+00   0.0000000E+00
   5.0919049E+01   0.0000000E+00   0.0000000E+00
   5.1274200E+01   0.0000000E+00   0.0000000E+00
   5.1631829E+01   0.0000000E+00   0.0000000E+00
   5.1991952E+01   0.0000000E+00   0.0000000E+00
   5.2354586E+01   0.0000000E+00   0.0000000E+00
   5.2719750E+01   0.0000000E+00   0.0000000E+00
   5.3087461E+01   0.0000000E+00   0.0000000E+00
   5.3457736E+01   0.0000000E+00   0.0000000E+00
   5.3830595E+01   0.0000000E+00   0.0000000E+00
   5.4206053E+01   0.0000000E+00   0.0000000E+00
   5.4584131E+01   0.0000000E+00   0.0000000E+00
   5.4964845E+01   0.0000000E+00   0.0000000E+00
   5.5348215E+01   0.0000000E+00   0.0000000E+00
   5.5734259E+01   0.0000000E+00   0.0000000E+00
   5.6122996E+01   0.0000000E+00   0.0000000E+00
   5.6514444E+01   0.0000000E+00   0.0000000E+00
   5.6908622E+01   0.0000000E+00   0.0000000E+00
   5.7305549E+01   0.0000000E+00   0.0000000E+00
   5.7705245E+01   0.0000000E+00   0.0000000E+00
   5.8107729E+01   0.0000000E+00   0.0000000E+00
   5.8513020E+01   0.0000000E+00   0.0000000E+00
   5.8921138E+01   0.0000000E+00   0.0000000E+00
   5.9332102E+01   0.0000000E+00   0.0000000E+00
   5.9745933E+01   0.0000000E+00   0.0000000E+00
   6.0162650E+01   0.0000000E+00   0.0000000E+00
   6.0582274E+01   0.0000000E+00   0.0000000E+00
   6.1004824E+01   0.0000000E+00   0.0000000E+00
   6.1430322E+01   0.0000000E+00   0.0000000E+00
   6.1858787E+01   0.0000000E+00   0.0000000E+00
   6.2290241E+01   0.0000000E+00   0.0000000E+00
   6.2724704E+01   0.0000000E+00   0.0000000E+00
   6.3162198E+01   0.0000000E+00   0.0000000E+00
   6.3602743E+01   0.0000000E+00   0.0000000E+00
   6.4046360E+01   0.0000000E+00   0.0000000E+00
   6.4493072E+01   0.0000000E+00   0.0000000E+00
   6.4942900E+01   0.0000000E+00   0.0000000E+00
   6.5395865E+01   0.0000000E+00   0.0000000E+00
   6.5851989E+01   0.0000000E+00   0.0000000E+00
   6.6311295E+01   0.0000000E+00   0.0000000E+00
   6.6773804E+01   0.0000000E+00   0.0000000E+00
   6.7239539E+01   0.0000000E+00   0.0000000E+00
   6.7708523E+01   0.0000000E+00   0.0000000E+00
   6.8180778E+01   0.0000000E+00   0.0000000E+00
   6.8656326E+01   0.0000000E+00   0.0000000E+00
   6.9135192E+01   0.0000000E+00   0.0000000E+00
   6.9617397E+01   0.0000000E+00   0.0000000E+00
   7.0102966E+01   0.0000000E+00   0.0000000E+00
   7.0591921E+01   0.0000000E+00   0.0000000E+00
   7.1084287E+01   0.0000000E+00   0.0000000E+00
   7.1580087E+01   0.0000000E+00   0.0000000E+00
   7.2079345E+01   0.0000000E+00   0.0000000E+00
   7.2582086E+01   0.0000000E+00   0.0000000E+00
   7.3088333E+01   0.0000000E+00   0.0000000E+00
   7.3598111E+01   0.0000000E+00   0.0000000E+00
   7.4111444E+01   0.0000000E+00   0.0000000E+00
   7.4628358E+01   0.0000000E+00   0.0000000E+00
   7.5148877E+01   0.0000000E+00   0.0000000E+00
   7.5673027E+01   0.0000000E+00   0.0000000E+00
   7.6200832E+01   0.0000000E+00   0.0000000E+00
   7.6732319E+01   0.0000000E+00   0.0000000E+00
   7.7267513E+01   0.0000000E+00   0.0000000E+00
   7.7806440E+01   0.0000000E+00   0.0000000E+00
   7.8349126E+01   0.0000000E+00   0.0000000E+00
   7.8895597E+01   0.0000000E+00   0.0000000E+00
   7.9445879E+01   0.0000000E+00   0.0000000E+00
   8.0000000E+01   0.0000000E+00   0.0000000E+00
