  0.0000000E+00  0.0000000E+00  0.0000000E+00
  5.1573539E-07  5.0108318E-04  1.2263497E-15
  1.0350679E-06  1.3808654E-03  4.9396727E-15
  1.5580227E-06  2.5036428E-03  1.1192009E-14
  2.0846250E-06  3.8243143E-03  2.0036246E-14
  2.6149003E-06  5.3161402E-03  3.1526135E-14
  3.1488741E-06  6.9656762E-03  4.5716299E-14
  3.6865723E-06  8.7609634E-03  6.2662249E-14
  4.2280208E-06  1.0693340E-02  8.2420398E-14
  4.7732458E-06  1.2756312E-02  1.0504807E-13
  5.3222737E-06  1.4944738E-02  1.3060352E-13
  5.8751310E-06  1.7254485E-02  1.5914595E-13
  6.4318443E-06  1.9682167E-02  1.9073549E-13
  6.9924406E-06  2.2224996E-02  2.2543329E-13
  7.5569469E-06  2.4880654E-02  2.6330143E-13
  8.1253906E-06  2.7647207E-02  3.0440303E-13
  8.6977990E-06  3.0523033E-02  3.4880220E-13
  9.2741999E-06  3.3506776E-02  3.9656409E-13
  9.8546211E-06  3.6597303E-02  4.4775489E-13
  1.0439091E-05  3.9793672E-02  5.0244185E-13
  1.1027637E-05  4.3095106E-02  5.6069331E-13
  1.1620288E-05  4.6500975E-02  6.2257867E-13
  1.2217072E-05  5.0010773E-02  6.8816848E-13
  1.2818020E-05  5.3624107E-02  7.5753436E-13
  1.3423158E-05  5.7340687E-02  8.3074913E-13
  1.4032518E-05  6.1160309E-02  9.0788673E-13
  1.4646127E-05  6.5082853E-02  9.8902229E-13
  1.5264017E-05  6.9108272E-02  1.0742321E-12
  1.5886216E-05  7.3236586E-02  1.1635937E-12
  1.6512754E-05  7.7467877E-02  1.2571859E-12
  1.7143663E-05  8.1802282E-02  1.3550887E-12
  1.7778972E-05  8.6239992E-02  1.4573833E-12
  1.8418713E-05  9.0781247E-02  1.5641522E-12
  1.9062915E-05  9.5426331E-02  1.6754794E-12
  1.9711611E-05  1.0017557E-01  1.7914500E-12
  2.0364831E-05  1.0502933E-01  1.9121506E-12
  2.1022607E-05  1.0998802E-01  2.0376689E-12
  2.1684971E-05  1.1505207E-01  2.1680943E-12
  2.2351955E-05  1.2022197E-01  2.3035175E-12
  2.3023591E-05  1.2549820E-01  2.4440304E-12
  2.3699912E-05  1.3088131E-01  2.5897267E-12
  2.4380950E-05  1.3637186E-01  2.7407013E-12
  2.5066738E-05  1.4197043E-01  2.8970508E-12
  2.5757309E-05  1.4767766E-01  3.0588730E-12
  2.6452697E-05  1.5349418E-01  3.2262675E-12
  2.7152934E-05  1.5942065E-01  3.3993354E-12
  2.7858056E-05  1.6545778E-01  3.5781793E-12
  2.8568097E-05  1.7160627E-01  3.7629035E-12
  2.9283089E-05  1.7786686E-01  3.9536139E-12
  3.0003068E-05  1.8424030E-01  4.1504178E-12
  3.0728070E-05  1.9072739E-01  4.3534246E-12
  3.1458127E-05  1.9732891E-01  4.5627451E-12
  3.2193277E-05  2.0404569E-01  4.7784919E-12
  3.2933555E-05  2.1087857E-01  5.0007794E-12
  3.3678995E-05  2.1782841E-01  5.2297236E-12
  3.4429636E-05  2.2489608E-01  5.4654424E-12
  3.5185511E-05  2.3208248E-01  5.7080557E-12
  3.5946659E-05  2.3938852E-01  5.9576850E-12
  3.6713115E-05  2.4681515E-01  6.2144536E-12
  3.7484918E-05  2.5436330E-01  6.4784871E-12
  3.8262103E-05  2.6203395E-01  6.7499127E-12
  3.9044710E-05  2.6982808E-01  7.0288597E-12
  3.9832775E-05  2.7774670E-01  7.3154592E-12
  4.0626336E-05  2.8579082E-01  7.6098446E-12
  4.1425433E-05  2.9396148E-01  7.9121512E-12
  4.2230103E-05  3.0225974E-01  8.2225164E-12
  4.3040385E-05  3.1068665E-01  8.5410796E-12
  4.3856319E-05  3.1924332E-01  8.8679825E-12
  4.4677944E-05  3.2793083E-01  9.2033689E-12
  4.5505300E-05  3.3675032E-01  9.5473848E-12
  4.6338426E-05  3.4570291E-01  9.9001785E-12
  4.7177363E-05  3.5478975E-01  1.0261900E-11
  4.8022152E-05  3.6401202E-01  1.0632703E-11
  4.8872832E-05  3.7337089E-01  1.1012743E-11
  4.9729447E-05  3.8286756E-01  1.1402176E-11
  5.0592035E-05  3.9250326E-01  1.1801162E-11
  5.1460641E-05  4.0227920E-01  1.2209865E-11
  5.2335304E-05  4.1219663E-01  1.2628448E-11
  5.3216069E-05  4.2225683E-01  1.3057080E-11
  5.4102976E-05  4.3246106E-01  1.3495929E-11
  5.4996070E-05  4.4281062E-01  1.3945169E-11
  5.5895392E-05  4.5330683E-01  1.4404974E-11
  5.6800987E-05  4.6395101E-01  1.4875523E-11
  5.7712899E-05  4.7474449E-01  1.5356995E-11
  5.8631171E-05  4.8568865E-01  1.5849575E-11
  5.9555848E-05  4.9678485E-01  1.6353447E-11
  6.0486974E-05  5.0803448E-01  1.6868800E-11
  6.1424595E-05  5.1943895E-01  1.7395827E-11
  6.2368755E-05  5.3099969E-01  1.7934721E-11
  6.3319501E-05  5.4271814E-01  1.8485680E-11
  6.4276878E-05  5.5459574E-01  1.9048905E-11
  6.5240932E-05  5.6663397E-01  1.9624599E-11
  6.6211711E-05  5.7883432E-01  2.0212968E-11
  6.7189260E-05  5.9119830E-01  2.0814223E-11
  6.8173628E-05  6.0372742E-01  2.1428575E-11
  6.9164862E-05  6.1642322E-01  2.2056241E-11
  7.0163009E-05  6.2928726E-01  2.2697440E-11
  7.1168118E-05  6.4232111E-01  2.3352396E-11
  7.2180238E-05  6.5552636E-01  2.4021332E-11
  7.3199417E-05  6.6890461E-01  2.4704480E-11
  7.4225704E-05  6.8245748E-01  2.5402071E-11
  7.5259150E-05  6.9618661E-01  2.6114342E-11
  7.6299804E-05  7.1009367E-01  2.6841533E-11
  7.7347716E-05  7.2418032E-01  2.7583887E-11
  7.8402937E-05  7.3844825E-01  2.8341650E-11
  7.9465518E-05  7.5289918E-01  2.9115075E-11
  8.0535510E-05  7.6753482E-01  2.9904415E-11
  8.1612966E-05  7.8235693E-01  3.0709928E-11
  8.2697936E-05  7.9736726E-01  3.1531877E-11
  8.3790474E-05  8.1256760E-01  3.2370527E-11
  8.4890632E-05  8.2795973E-01  3.3226149E-11
  8.5998464E-05  8.4354549E-01  3.4099017E-11
  8.7114022E-05  8.5932669E-01  3.4989409E-11
  8.8237362E-05  8.7530520E-01  3.5897607E-11
  8.9368536E-05  8.9148288E-01  3.6823898E-11
  9.0507600E-05  9.0786162E-01  3.7768573E-11
  9.1654609E-05  9.2444334E-01  3.8731926E-11
  9.2809618E-05  9.4122995E-01  3.9714257E-11
  9.3972683E-05  9.5822340E-01  4.0715871E-11
  9.5143860E-05  9.7542566E-01  4.1737075E-11
  9.6323206E-05  9.9283872E-01  4.2778183E-11
  9.7510778E-05  1.0104646E+00  4.3839512E-11
  9.8706632E-05  1.0283052E+00  4.4921385E-11
  9.9910828E-05  1.0463628E+00  4.6024130E-11
  1.0112342E-04  1.0646392E+00  4.7148078E-11
  1.0234447E-04  1.0831366E+00  4.8293566E-11
  1.0357404E-04  1.1018572E+00  4.9460936E-11
  1.0481219E-04  1.1208030E+00  5.0650536E-11
  1.0605897E-04  1.1399761E+00  5.1862718E-11
  1.0731445E-04  1.1593788E+00  5.3097839E-11
  1.0857868E-04  1.1790132E+00  5.4356262E-11
  1.0985173E-04  1.1988815E+00  5.5638354E-11
  1.1113366E-04  1.2189859E+00  5.6944491E-11
  1.1242453E-04  1.2393288E+00  5.8275050E-11
  1.1372441E-04  1.2599122E+00  5.9630416E-11
  1.1503335E-04  1.2807387E+00  6.1010980E-11
  1.1635142E-04  1.3018103E+00  6.2417138E-11
  1.1767869E-04  1.3231296E+00  6.3849292E-11
  1.1901521E-04  1.3446988E+00  6.5307850E-11
  1.2036105E-04  1.3665203E+00  6.6793226E-11
  1.2171628E-04  1.3885965E+00  6.8305839E-11
  1.2308097E-04  1.4109298E+00  6.9846117E-11
  1.2445517E-04  1.4335226E+00  7.1414491E-11
  1.2583895E-04  1.4563775E+00  7.3011400E-11
  1.2723239E-04  1.4794969E+00  7.4637290E-11
  1.2863555E-04  1.5028833E+00  7.6292613E-11
  1.3004849E-04  1.5265393E+00  7.7977827E-11
  1.3147129E-04  1.5504674E+00  7.9693398E-11
  1.3290402E-04  1.5746701E+00  8.1439797E-11
  1.3434673E-04  1.5991502E+00  8.3217504E-11
  1.3579951E-04  1.6239101E+00  8.5027005E-11
  1.3726242E-04  1.6489526E+00  8.6868793E-11
  1.3873554E-04  1.6742803E+00  8.8743369E-11
  1.4021893E-04  1.6998959E+00  9.0651240E-11
  1.4171266E-04  1.7258022E+00  9.2592922E-11
  1.4321682E-04  1.7520019E+00  9.4568937E-11
  1.4473146E-04  1.7784977E+00  9.6579817E-11
  1.4625667E-04  1.8052925E+00  9.8626098E-11
  1.4779252E-04  1.8323890E+00  1.0070833E-10
  1.4933908E-04  1.8597902E+00  1.0282706E-10
  1.5089643E-04  1.8874988E+00  1.0498286E-10
  1.5246464E-04  1.9155178E+00  1.0717629E-10
  1.5404379E-04  1.9438501E+00  1.0940794E-10
  1.5563395E-04  1.9724987E+00  1.1167839E-10
  1.5723520E-04  2.0014665E+00  1.1398824E-10
  1.5884762E-04  2.0307564E+00  1.1633808E-10
  1.6047129E-04  2.0603717E+00  1.1872855E-10
  1.6210628E-04  2.0903152E+00  1.2116025E-10
  1.6375268E-04  2.1205901E+00  1.2363382E-10
  1.6541056E-04  2.1511994E+00  1.2614990E-10
  1.6708000E-04  2.1821464E+00  1.2870915E-10
  1.6876109E-04  2.2134341E+00  1.3131221E-10
  1.7045390E-04  2.2450658E+00  1.3395976E-10
  1.7215852E-04  2.2770446E+00  1.3665248E-10
  1.7387503E-04  2.3093738E+00  1.3939105E-10
  1.7560351E-04  2.3420567E+00  1.4217618E-10
  1.7734405E-04  2.3750966E+00  1.4500858E-10
  1.7909672E-04  2.4084968E+00  1.4788896E-10
  1.8086162E-04  2.4422606E+00  1.5081805E-10
  1.8263883E-04  2.4763915E+00  1.5379660E-10
  1.8442844E-04  2.5108928E+00  1.5682535E-10
  1.8623053E-04  2.5457680E+00  1.5990507E-10
  1.8804519E-04  2.5810205E+00  1.6303653E-10
  1.8987250E-04  2.6166539E+00  1.6622051E-10
  1.9171256E-04  2.6526717E+00  1.6945782E-10
  1.9356546E-04  2.6890774E+00  1.7274926E-10
  1.9543128E-04  2.7258746E+00  1.7609564E-10
  1.9731011E-04  2.7630670E+00  1.7949780E-10
  1.9920204E-04  2.8006582E+00  1.8295659E-10
  2.0110718E-04  2.8386519E+00  1.8647285E-10
  2.0302560E-04  2.8770517E+00  1.9004745E-10
  2.0495740E-04  2.9158615E+00  1.9368129E-10
  2.0690267E-04  2.9550850E+00  1.9737524E-10
  2.0886151E-04  2.9947260E+00  2.0113021E-10
  2.1083402E-04  3.0347883E+00  2.0494713E-10
  2.1282028E-04  3.0752758E+00  2.0882693E-10
  2.1482040E-04  3.1161925E+00  2.1277054E-10
  2.1683447E-04  3.1575421E+00  2.1677894E-10
  2.1886258E-04  3.1993288E+00  2.2085310E-10
  2.2090484E-04  3.2415564E+00  2.2499400E-10
  2.2296135E-04  3.2842291E+00  2.2920264E-10
  2.2503220E-04  3.3273509E+00  2.3348005E-10
  2.2711749E-04  3.3709258E+00  2.3782725E-10
  2.2921733E-04  3.4149580E+00  2.4224529E-10
  2.3133181E-04  3.4594517E+00  2.4673523E-10
  2.3346104E-04  3.5044111E+00  2.5129815E-10
  2.3560512E-04  3.5498403E+00  2.5593514E-10
  2.3776416E-04  3.5957437E+00  2.6064731E-10
  2.3993825E-04  3.6421255E+00  2.6543577E-10
  2.4212751E-04  3.6889900E+00  2.7030168E-10
  2.4433204E-04  3.7363417E+00  2.7524619E-10
  2.4655195E-04  3.7841850E+00  2.8027047E-10
  2.4878734E-04  3.8325242E+00  2.8537571E-10
  2.5103832E-04  3.8813638E+00  2.9056312E-10
  2.5330500E-04  3.9307083E+00  2.9583393E-10
  2.5558749E-04  3.9805624E+00  3.0118937E-10
  2.5788590E-04  4.0309304E+00  3.0663071E-10
  2.6020034E-04  4.0818172E+00  3.1215923E-10
  2.6253092E-04  4.1332272E+00  3.1777622E-10
  2.6487776E-04  4.1851652E+00  3.2348300E-10
  2.6724097E-04  4.2376359E+00  3.2928090E-10
  2.6962066E-04  4.2906441E+00  3.3517128E-10
  2.7201695E-04  4.3441945E+00  3.4115551E-10
  2.7442995E-04  4.3982920E+00  3.4723499E-10
  2.7685978E-04  4.4529415E+00  3.5341112E-10
  2.7930656E-04  4.5081478E+00  3.5968535E-10
  2.8177041E-04  4.5639158E+00  3.6605912E-10
  2.8425144E-04  4.6202507E+00  3.7253391E-10
  2.8674978E-04  4.6771573E+00  3.7911122E-10
  2.8926554E-04  4.7346407E+00  3.8579256E-10
  2.9179884E-04  4.7927061E+00  3.9257948E-10
  2.9434982E-04  4.8513585E+00  3.9947354E-10
  2.9691859E-04  4.9106031E+00  4.0647632E-10
  2.9950528E-04  4.9704452E+00  4.1358942E-10
  3.0211001E-04  5.0308899E+00  4.2081449E-10
  3.0473290E-04  5.0919425E+00  4.2815316E-10
  3.0737409E-04  5.1536085E+00  4.3560713E-10
  3.1003370E-04  5.2158930E+00  4.4317809E-10
  3.1271187E-04  5.2788016E+00  4.5086776E-10
  3.1540871E-04  5.3423396E+00  4.5867790E-10
  3.1812436E-04  5.4065126E+00  4.6661029E-10
  3.2085895E-04  5.4713261E+00  4.7466672E-10
  3.2361262E-04  5.5367856E+00  4.8284902E-10
  3.2638549E-04  5.6028967E+00  4.9115905E-10
  3.2917770E-04  5.6696651E+00  4.9959868E-10
  3.3198939E-04  5.7370964E+00  5.0816982E-10
  3.3482069E-04  5.8051964E+00  5.1687441E-10
  3.3767174E-04  5.8739708E+00  5.2571441E-10
  3.4054267E-04  5.9434254E+00  5.3469181E-10
  3.4343363E-04  6.0135660E+00  5.4380862E-10
  3.4634475E-04  6.0843987E+00  5.5306690E-10
  3.4927617E-04  6.1559291E+00  5.6246871E-10
  3.5222804E-04  6.2281634E+00  5.7201618E-10
  3.5520050E-04  6.3011075E+00  5.8171143E-10
  3.5819369E-04  6.3747675E+00  5.9155663E-10
  3.6120776E-04  6.4491495E+00  6.0155398E-10
  3.6424285E-04  6.5242596E+00  6.1170571E-10
  3.6729911E-04  6.6001039E+00  6.2201408E-10
  3.7037669E-04  6.6766887E+00  6.3248139E-10
  3.7347573E-04  6.7540202E+00  6.4310996E-10
  3.7659639E-04  6.8321048E+00  6.5390215E-10
  3.7973882E-04  6.9109487E+00  6.6486036E-10
  3.8290316E-04  6.9905584E+00  6.7598701E-10
  3.8608957E-04  7.0709402E+00  6.8728457E-10
  3.8929821E-04  7.1521006E+00  6.9875554E-10
  3.9252923E-04  7.2340462E+00  7.1040245E-10
  3.9578278E-04  7.3167835E+00  7.2222786E-10
  3.9905903E-04  7.4003190E+00  7.3423440E-10
  4.0235812E-04  7.4846595E+00  7.4642469E-10
  4.0568023E-04  7.5698115E+00  7.5880142E-10
  4.0902551E-04  7.6557818E+00  7.7136732E-10
  4.1239412E-04  7.7425772E+00  7.8412514E-10
  4.1578623E-04  7.8302044E+00  7.9707768E-10
  4.1920199E-04  7.9186704E+00  8.1022777E-10
  4.2264158E-04  8.0079819E+00  8.2357830E-10
  4.2610516E-04  8.0981460E+00  8.3713219E-10
  4.2959290E-04  8.1891696E+00  8.5089239E-10
  4.3310497E-04  8.2810597E+00  8.6486192E-10
  4.3664153E-04  8.3738233E+00  8.7904381E-10
  4.4020276E-04  8.4674677E+00  8.9344117E-10
  4.4378882E-04  8.5619998E+00  9.0805711E-10
  4.4739990E-04  8.6574270E+00  9.2289483E-10
  4.5103617E-04  8.7537564E+00  9.3795754E-10
  4.5469779E-04  8.8509952E+00  9.5324852E-10
  4.5838496E-04  8.9491509E+00  9.6877108E-10
  4.6209785E-04  9.0482308E+00  9.8452858E-10
  4.6583663E-04  9.1482422E+00  1.0005244E-09
  4.6960148E-04  9.2491927E+00  1.0167621E-09
  4.7339260E-04  9.3510896E+00  1.0332451E-09
  4.7721016E-04  9.4539405E+00  1.0499770E-09
  4.8105435E-04  9.5577531E+00  1.0669614E-09
  4.8492535E-04  9.6625348E+00  1.0842020E-09
  4.8882334E-04  9.7682933E+00  1.1017024E-09
  4.9274853E-04  9.8750363E+00  1.1194665E-09
  4.9670109E-04  9.9827717E+00  1.1374981E-09
  5.0068123E-04  1.0091507E+01  1.1558010E-09
  5.0468912E-04  1.0201250E+01  1.1743791E-09
  5.0872497E-04  1.0312009E+01  1.1932365E-09
  5.1278896E-04  1.0423792E+01  1.2123772E-09
  5.1688130E-04  1.0536606E+01  1.2318053E-09
  5.2100219E-04  1.0650459E+01  1.2515250E-09
  5.2515182E-04  1.0765360E+01  1.2715404E-09
  5.2933039E-04  1.0881317E+01  1.2918559E-09
  5.3353810E-04  1.0998337E+01  1.3124758E-09
  5.3777516E-04  1.1116430E+01  1.3334045E-09
  5.4204178E-04  1.1235602E+01  1.3546464E-09
  5.4633815E-04  1.1355862E+01  1.3762061E-09
  5.5066450E-04  1.1477219E+01  1.3980882E-09
  5.5502101E-04  1.1599681E+01  1.4202974E-09
  5.5940791E-04  1.1723256E+01  1.4428382E-09
  5.6382542E-04  1.1847952E+01  1.4657156E-09
  5.6827373E-04  1.1973778E+01  1.4889345E-09
  5.7275306E-04  1.2100743E+01  1.5124996E-09
  5.7726364E-04  1.2228854E+01  1.5364161E-09
  5.8180568E-04  1.2358121E+01  1.5606889E-09
  5.8637941E-04  1.2488552E+01  1.5853233E-09
  5.9098503E-04  1.2620155E+01  1.6103244E-09
  5.9562277E-04  1.2752939E+01  1.6356976E-09
  6.0029286E-04  1.2886913E+01  1.6614481E-09
  6.0499553E-04  1.3022086E+01  1.6875815E-09
  6.0973099E-04  1.3158465E+01  1.7141032E-09
  6.1449949E-04  1.3296061E+01  1.7410188E-09
  6.1930124E-04  1.3434882E+01  1.7683341E-09
  6.2413649E-04  1.3574936E+01  1.7960547E-09
  6.2900546E-04  1.3716233E+01  1.8241865E-09
  6.3390839E-04  1.3858781E+01  1.8527354E-09
  6.3884551E-04  1.4002590E+01  1.8817075E-09
  6.4381707E-04  1.4147667E+01  1.9111087E-09
  6.4882331E-04  1.4294024E+01  1.9409453E-09
  6.5386447E-04  1.4441667E+01  1.9712236E-09
  6.5894079E-04  1.4590607E+01  2.0019498E-09
  6.6405251E-04  1.4740852E+01  2.0331305E-09
  6.6919989E-04  1.4892412E+01  2.0647721E-09
  6.7438316E-04  1.5045296E+01  2.0968813E-09
  6.7960259E-04  1.5199512E+01  2.1294648E-09
  6.8485843E-04  1.5355071E+01  2.1625294E-09
  6.9015092E-04  1.5511981E+01  2.1960820E-09
  6.9548033E-04  1.5670251E+01  2.2301296E-09
  7.0084691E-04  1.5829892E+01  2.2646794E-09
  7.0625092E-04  1.5990911E+01  2.2997385E-09
  7.1169262E-04  1.6153319E+01  2.3353143E-09
  7.1717228E-04  1.6317125E+01  2.3714141E-09
  7.2269016E-04  1.6482338E+01  2.4080454E-09
  7.2824652E-04  1.6648967E+01  2.4452160E-09
  7.3384164E-04  1.6817022E+01  2.4829336E-09
  7.3947578E-04  1.6986513E+01  2.5212058E-09
  7.4514922E-04  1.7157448E+01  2.5600409E-09
  7.5086223E-04  1.7329838E+01  2.5994467E-09
  7.5661509E-04  1.7503691E+01  2.6394315E-09
  7.6240807E-04  1.7679018E+01  2.6800035E-09
  7.6824146E-04  1.7855827E+01  2.7211712E-09
  7.7411554E-04  1.8034129E+01  2.7629432E-09
  7.8003058E-04  1.8213932E+01  2.8053280E-09
  7.8598688E-04  1.8395246E+01  2.8483344E-09
  7.9198473E-04  1.8578082E+01  2.8919714E-09
  7.9802441E-04  1.8762448E+01  2.9362480E-09
  8.0410621E-04  1.8948353E+01  2.9811733E-09
  8.1023044E-04  1.9135809E+01  3.0267565E-09
  8.1639738E-04  1.9324823E+01  3.0730072E-09
  8.2260733E-04  1.9515406E+01  3.1199349E-09
  8.2886060E-04  1.9707567E+01  3.1675492E-09
  8.3515748E-04  1.9901317E+01  3.2158599E-09
  8.4149828E-04  2.0096663E+01  3.2648771E-09
  8.4788331E-04  2.0293617E+01  3.3146108E-09
  8.5431287E-04  2.0492188E+01  3.3650713E-09
  8.6078728E-04  2.0692384E+01  3.4162689E-09
  8.6730684E-04  2.0894217E+01  3.4682142E-09
  8.7387188E-04  2.1097695E+01  3.5209178E-09
  8.8048271E-04  2.1302828E+01  3.5743907E-09
  8.8713964E-04  2.1509626E+01  3.6286437E-09
  8.9384301E-04  2.1718097E+01  3.6836881E-09
  9.0059313E-04  2.1928252E+01  3.7395351E-09
  9.0739034E-04  2.2140101E+01  3.7961962E-09
  9.1423495E-04  2.2353652E+01  3.8536830E-09
  9.2112730E-04  2.2568916E+01  3.9120073E-09
  9.2806772E-04  2.2785901E+01  3.9711810E-09
  9.3505656E-04  2.3004617E+01  4.0312163E-09
  9.4209414E-04  2.3225074E+01  4.0921255E-09
  9.4918080E-04  2.3447280E+01  4.1539210E-09
  9.5631689E-04  2.3671247E+01  4.2166154E-09
  9.6350276E-04  2.3896982E+01  4.2802217E-09
  9.7073874E-04  2.4124495E+01  4.3447527E-09
  9.7802520E-04  2.4353795E+01  4.4102217E-09
  9.8536248E-04  2.4584893E+01  4.4766421E-09
  9.9275093E-04  2.4817796E+01  4.5440273E-09
  1.0001909E-03  2.5052514E+01  4.6123912E-09
  1.0076828E-03  2.5289057E+01  4.6817478E-09
  1.0152269E-03  2.5527433E+01  4.7521110E-09
  1.0228237E-03  2.5767652E+01  4.8234954E-09
  1.0304734E-03  2.6009723E+01  4.8959154E-09
  1.0381765E-03  2.6253654E+01  4.9693858E-09
  1.0459333E-03  2.6499454E+01  5.0439215E-09
  1.0537443E-03  2.6747134E+01  5.1195378E-09
  1.0616097E-03  2.6996700E+01  5.1962499E-09
  1.0695299E-03  2.7248163E+01  5.2740736E-09
  1.0775054E-03  2.7501530E+01  5.3530245E-09
  1.0855366E-03  2.7756812E+01  5.4331189E-09
  1.0936237E-03  2.8014015E+01  5.5143729E-09
  1.1017673E-03  2.8273149E+01  5.5968030E-09
  1.1099676E-03  2.8534223E+01  5.6804260E-09
  1.1182252E-03  2.8797244E+01  5.7652589E-09
  1.1265403E-03  2.9062221E+01  5.8513188E-09
  1.1349135E-03  2.9329162E+01  5.9386232E-09
  1.1433450E-03  2.9598077E+01  6.0271899E-09
  1.1518353E-03  2.9868971E+01  6.1170366E-09
  1.1603849E-03  3.0141855E+01  6.2081818E-09
  1.1689941E-03  3.0416735E+01  6.3006438E-09
  1.1776634E-03  3.0693620E+01  6.3944413E-09
  1.1863931E-03  3.0972516E+01  6.4895933E-09
  1.1951837E-03  3.1253433E+01  6.5861191E-09
  1.2040356E-03  3.1536378E+01  6.6840381E-09
  1.2129493E-03  3.1821358E+01  6.7833703E-09
  1.2219251E-03  3.2108380E+01  6.8841356E-09
  1.2309635E-03  3.2397452E+01  6.9863545E-09
  1.2400650E-03  3.2688581E+01  7.0900475E-09
  1.2492299E-03  3.2981774E+01  7.1952356E-09
  1.2584588E-03  3.3277038E+01  7.3019401E-09
  1.2677521E-03  3.3574380E+01  7.4101824E-09
  1.2771101E-03  3.3873806E+01  7.5199845E-09
  1.2865335E-03  3.4175324E+01  7.6313684E-09
  1.2960225E-03  3.4478939E+01  7.7443566E-09
  1.3055778E-03  3.4784658E+01  7.8589719E-09
  1.3151997E-03  3.5092487E+01  7.9752373E-09
  1.3248887E-03  3.5402433E+01  8.0931764E-09
  1.3346453E-03  3.5714500E+01  8.2128128E-09
  1.3444699E-03  3.6028696E+01  8.3341706E-09
  1.3543631E-03  3.6345025E+01  8.4572742E-09
  1.3643252E-03  3.6663494E+01  8.5821485E-09
  1.3743569E-03  3.6984106E+01  8.7088185E-09
  1.3844585E-03  3.7306869E+01  8.8373097E-09
  1.3946306E-03  3.7631786E+01  8.9676479E-09
  1.4048736E-03  3.7958862E+01  9.0998594E-09
  1.4151881E-03  3.8288102E+01  9.2339706E-09
  1.4255745E-03  3.8619511E+01  9.3700086E-09
  1.4360333E-03  3.8953093E+01  9.5080006E-09
  1.4465651E-03  3.9288852E+01  9.6479743E-09
  1.4571704E-03  3.9626792E+01  9.7899578E-09
  1.4678496E-03  3.9966917E+01  9.9339797E-09
  1.4786033E-03  4.0309230E+01  1.0080069E-08
  1.4894320E-03  4.0653735E+01  1.0228254E-08
  1.5003363E-03  4.1000435E+01  1.0378566E-08
  1.5113166E-03  4.1349332E+01  1.0531034E-08
  1.5223734E-03  4.1700431E+01  1.0685689E-08
  1.5335074E-03  4.2053732E+01  1.0842562E-08
  1.5447191E-03  4.2409239E+01  1.1001684E-08
  1.5560090E-03  4.2766953E+01  1.1163087E-08
  1.5673776E-03  4.3126877E+01  1.1326803E-08
  1.5788255E-03  4.3489011E+01  1.1492866E-08
  1.5903532E-03  4.3853359E+01  1.1661308E-08
  1.6019614E-03  4.4219919E+01  1.1832164E-08
  1.6136505E-03  4.4588695E+01  1.2005466E-08
  1.6254211E-03  4.4959685E+01  1.2181251E-08
  1.6372739E-03  4.5332891E+01  1.2359552E-08
  1.6492093E-03  4.5708312E+01  1.2540406E-08
  1.6612279E-03  4.6085950E+01  1.2723849E-08
  1.6733304E-03  4.6465802E+01  1.2909918E-08
  1.6855173E-03  4.6847868E+01  1.3098649E-08
  1.6977892E-03  4.7232148E+01  1.3290080E-08
  1.7101467E-03  4.7618641E+01  1.3484250E-08
  1.7225904E-03  4.8007344E+01  1.3681197E-08
  1.7351209E-03  4.8398256E+01  1.3880960E-08
  1.7477388E-03  4.8791375E+01  1.4083580E-08
  1.7604446E-03  4.9186697E+01  1.4289096E-08
  1.7732391E-03  4.9584222E+01  1.4497550E-08
  1.7861229E-03  4.9983945E+01  1.4708984E-08
  1.7990965E-03  5.0385863E+01  1.4923439E-08
  1.8121606E-03  5.0789973E+01  1.5140958E-08
  1.8253158E-03  5.1196269E+01  1.5361584E-08
  1.8385628E-03  5.1604749E+01  1.5585362E-08
  1.8519021E-03  5.2015407E+01  1.5812336E-08
  1.8653345E-03  5.2428238E+01  1.6042551E-08
  1.8788606E-03  5.2843237E+01  1.6276053E-08
  1.8924811E-03  5.3260398E+01  1.6512888E-08
  1.9061965E-03  5.3679715E+01  1.6753104E-08
  1.9200076E-03  5.4101181E+01  1.6996748E-08
  1.9339150E-03  5.4524789E+01  1.7243868E-08
  1.9479195E-03  5.4950532E+01  1.7494515E-08
  1.9620216E-03  5.5378403E+01  1.7748737E-08
  1.9762220E-03  5.5808393E+01  1.8006586E-08
  1.9905215E-03  5.6240494E+01  1.8268111E-08
  2.0049208E-03  5.6674698E+01  1.8533367E-08
  2.0194205E-03  5.7110994E+01  1.8802404E-08
  2.0340213E-03  5.7549373E+01  1.9075277E-08
  2.0487239E-03  5.7989825E+01  1.9352039E-08
  2.0635291E-03  5.8432339E+01  1.9632746E-08
  2.0784376E-03  5.8876905E+01  1.9917454E-08
  2.0934500E-03  5.9323512E+01  2.0206218E-08
  2.1085672E-03  5.9772146E+01  2.0499096E-08
  2.1237898E-03  6.0222797E+01  2.0796146E-08
  2.1391186E-03  6.0675451E+01  2.1097428E-08
  2.1545542E-03  6.1130095E+01  2.1403000E-08
  2.1700976E-03  6.1586715E+01  2.1712924E-08
  2.1857493E-03  6.2045297E+01  2.2027260E-08
  2.2015103E-03  6.2505827E+01  2.2346072E-08
  2.2173811E-03  6.2968290E+01  2.2669422E-08
  2.2333627E-03  6.3432670E+01  2.2997374E-08
  2.2494557E-03  6.3898950E+01  2.3329993E-08
  2.2656610E-03  6.4367115E+01  2.3667346E-08
  2.2819792E-03  6.4837147E+01  2.4009498E-08
  2.2984114E-03  6.5309028E+01  2.4356519E-08
  2.3149581E-03  6.5782741E+01  2.4708475E-08
  2.3316202E-03  6.6258266E+01  2.5065438E-08
  2.3483986E-03  6.6735586E+01  2.5427477E-08
  2.3652939E-03  6.7214679E+01  2.5794665E-08
  2.3823071E-03  6.7695526E+01  2.6167073E-08
  2.3994390E-03  6.8178105E+01  2.6544776E-08
  2.4166904E-03  6.8662396E+01  2.6927848E-08
  2.4340621E-03  6.9148377E+01  2.7316365E-08
  2.4515550E-03  6.9636025E+01  2.7710404E-08
  2.4691698E-03  7.0125317E+01  2.8110042E-08
  2.4869076E-03  7.0616230E+01  2.8515359E-08
  2.5047690E-03  7.1108739E+01  2.8926435E-08
  2.5227550E-03  7.1602819E+01  2.9343350E-08
  2.5408665E-03  7.2098446E+01  2.9766188E-08
  2.5591043E-03  7.2595593E+01  3.0195031E-08
  2.5774693E-03  7.3094234E+01  3.0629965E-08
  2.5959624E-03  7.3594341E+01  3.1071075E-08
  2.6145845E-03  7.4095887E+01  3.1518448E-08
  2.6333365E-03  7.4598844E+01  3.1972173E-08
  2.6522192E-03  7.5103182E+01  3.2432339E-08
  2.6712337E-03  7.5608872E+01  3.2899037E-08
  2.6903808E-03  7.6115884E+01  3.3372359E-08
  2.7096614E-03  7.6624187E+01  3.3852398E-08
  2.7290765E-03  7.7133749E+01  3.4339250E-08
  2.7486270E-03  7.7644538E+01  3.4833009E-08
  2.7683139E-03  7.8156522E+01  3.5333774E-08
  2.7881381E-03  7.8669667E+01  3.5841643E-08
  2.8081006E-03  7.9183938E+01  3.6356715E-08
  2.8282023E-03  7.9699302E+01  3.6879094E-08
  2.8484442E-03  8.0215723E+01  3.7408881E-08
  2.8688273E-03  8.0733164E+01  3.7946182E-08
  2.8893526E-03  8.1251589E+01  3.8491101E-08
  2.9100210E-03  8.1770961E+01  3.9043746E-08
  2.9308336E-03  8.2291242E+01  3.9604226E-08
  2.9517914E-03  8.2812393E+01  4.0172652E-08
  2.9728953E-03  8.3334374E+01  4.0749135E-08
  2.9941464E-03  8.3857145E+01  4.1333789E-08
  3.0155457E-03  8.4380666E+01  4.1926728E-08
  3.0370943E-03  8.4904895E+01  4.2528071E-08
  3.0587932E-03  8.5429790E+01  4.3137934E-08
  3.0806435E-03  8.5955308E+01  4.3756438E-08
  3.1026461E-03  8.6481406E+01  4.4383704E-08
  3.1248022E-03  8.7008039E+01  4.5019857E-08
  3.1471129E-03  8.7535163E+01  4.5665020E-08
  3.1695791E-03  8.8062731E+01  4.6319322E-08
  3.1922021E-03  8.8590698E+01  4.6982890E-08
  3.2149828E-03  8.9119017E+01  4.7655855E-08
  3.2379225E-03  8.9647639E+01  4.8338349E-08
  3.2610221E-03  9.0176516E+01  4.9030508E-08
  3.2842828E-03  9.0705600E+01  4.9732465E-08
  3.3077058E-03  9.1234841E+01  5.0444360E-08
  3.3312922E-03  9.1764187E+01  5.1166333E-08
  3.3550431E-03  9.2293588E+01  5.1898525E-08
  3.3789596E-03  9.2822992E+01  5.2641080E-08
  3.4030429E-03  9.3352347E+01  5.3394143E-08
  3.4272943E-03  9.3881598E+01  5.4157864E-08
  3.4517147E-03  9.4410692E+01  5.4932392E-08
  3.4763055E-03  9.4939574E+01  5.5717878E-08
  3.5010678E-03  9.5468190E+01  5.6514477E-08
  3.5260029E-03  9.5996482E+01  5.7322346E-08
  3.5511118E-03  9.6524395E+01  5.8141644E-08
  3.5763959E-03  9.7051870E+01  5.8972530E-08
  3.6018563E-03  9.7578850E+01  5.9815167E-08
  3.6274943E-03  9.8105275E+01  6.0669723E-08
  3.6533111E-03  9.8631087E+01  6.1536363E-08
  3.6793080E-03  9.9156226E+01  6.2415258E-08
  3.7054862E-03  9.9680630E+01  6.3306581E-08
  3.7318470E-03  1.0020424E+02  6.4210505E-08
  3.7583917E-03  1.0072699E+02  6.5127210E-08
  3.7851215E-03  1.0124882E+02  6.6056873E-08
  3.8120377E-03  1.0176966E+02  6.6999678E-08
  3.8391417E-03  1.0228946E+02  6.7955810E-08
  3.8664348E-03  1.0280815E+02  6.8925455E-08
  3.8939181E-03  1.0332565E+02  6.9908804E-08
  3.9215932E-03  1.0384192E+02  7.0906050E-08
  3.9494613E-03  1.0435687E+02  7.1917388E-08
  3.9775238E-03  1.0487045E+02  7.2943016E-08
  4.0057820E-03  1.0538258E+02  7.3983136E-08
  4.0342373E-03  1.0589320E+02  7.5037951E-08
  4.0628911E-03  1.0640224E+02  7.6107667E-08
  4.0917448E-03  1.0690962E+02  7.7192494E-08
  4.1207996E-03  1.0741529E+02  7.8292646E-08
  4.1500572E-03  1.0791916E+02  7.9408336E-08
  4.1795188E-03  1.0842118E+02  8.0539784E-08
  4.2091859E-03  1.0892126E+02  8.1687211E-08
  4.2390599E-03  1.0941933E+02  8.2850842E-08
  4.2691423E-03  1.0991533E+02  8.4030905E-08
  4.2994345E-03  1.1040917E+02  8.5227631E-08
  4.3299379E-03  1.1090080E+02  8.6441253E-08
  4.3606542E-03  1.1139012E+02  8.7672010E-08
  4.3915847E-03  1.1187707E+02  8.8920142E-08
  4.4227309E-03  1.1236158E+02  9.0185894E-08
  4.4540943E-03  1.1284357E+02  9.1469513E-08
  4.4856765E-03  1.1332296E+02  9.2771251E-08
  4.5174790E-03  1.1379967E+02  9.4091361E-08
  4.5495033E-03  1.1427364E+02  9.5430103E-08
  4.5817510E-03  1.1474479E+02  9.6787738E-08
  4.6142236E-03  1.1521303E+02  9.8164532E-08
  4.6469226E-03  1.1567830E+02  9.9560753E-08
  4.6798498E-03  1.1614051E+02  1.0097668E-07
  4.7130066E-03  1.1659959E+02  1.0241258E-07
  4.7463947E-03  1.1705545E+02  1.0386874E-07
  4.7800156E-03  1.1750803E+02  1.0534544E-07
  4.8138710E-03  1.1795725E+02  1.0684297E-07
  4.8479626E-03  1.1840302E+02  1.0836163E-07
  4.8822920E-03  1.1884526E+02  1.0990171E-07
  4.9168608E-03  1.1928391E+02  1.1146351E-07
  4.9516707E-03  1.1971887E+02  1.1304735E-07
  4.9867234E-03  1.2015008E+02  1.1465351E-07
  5.0220206E-03  1.2057745E+02  1.1628233E-07
  5.0575640E-03  1.2100091E+02  1.1793412E-07
  5.0933553E-03  1.2142037E+02  1.1960920E-07
  5.1293962E-03  1.2183576E+02  1.2130790E-07
  5.1656885E-03  1.2224700E+02  1.2303055E-07
  5.2022339E-03  1.2265401E+02  1.2477749E-07
  5.2390343E-03  1.2305671E+02  1.2654906E-07
  5.2760913E-03  1.2345503E+02  1.2834560E-07
  5.3134068E-03  1.2384888E+02  1.3016746E-07
  5.3509825E-03  1.2423820E+02  1.3201501E-07
  5.3888203E-03  1.2462289E+02  1.3388860E-07
  5.4269221E-03  1.2500289E+02  1.3578860E-07
  5.4652896E-03  1.2537812E+02  1.3771537E-07
  5.5039247E-03  1.2574851E+02  1.3966930E-07
  5.5428293E-03  1.2611397E+02  1.4165077E-07
  5.5820052E-03  1.2647443E+02  1.4366016E-07
  5.6214544E-03  1.2682981E+02  1.4569787E-07
  5.6611787E-03  1.2718005E+02  1.4776428E-07
  5.7011801E-03  1.2752507E+02  1.4985982E-07
  5.7414605E-03  1.2786479E+02  1.5198487E-07
  5.7820218E-03  1.2819914E+02  1.5413987E-07
  5.8228660E-03  1.2852805E+02  1.5632523E-07
  5.8639952E-03  1.2885145E+02  1.5854137E-07
  5.9054112E-03  1.2916927E+02  1.6078873E-07
  5.9471160E-03  1.2948144E+02  1.6306775E-07
  5.9891118E-03  1.2978789E+02  1.6537887E-07
  6.0314004E-03  1.3008854E+02  1.6772254E-07
  6.0739841E-03  1.3038335E+02  1.7009922E-07
  6.1168647E-03  1.3067222E+02  1.7250938E-07
  6.1600444E-03  1.3095512E+02  1.7495347E-07
  6.2035253E-03  1.3123196E+02  1.7743199E-07
  6.2473094E-03  1.3150268E+02  1.7994540E-07
  6.2913990E-03  1.3176723E+02  1.8249421E-07
  6.3357960E-03  1.3202554E+02  1.8507891E-07
  6.3805028E-03  1.3227756E+02  1.8770000E-07
  6.4255213E-03  1.3252322E+02  1.9035799E-07
  6.4708538E-03  1.3276247E+02  1.9305341E-07
  6.5165026E-03  1.3299525E+02  1.9578677E-07
  6.5624697E-03  1.3322151E+02  1.9855862E-07
  6.6087574E-03  1.3344120E+02  2.0136948E-07
  6.6553680E-03  1.3365426E+02  2.0421991E-07
  6.7023036E-03  1.3386064E+02  2.0711047E-07
  6.7495667E-03  1.3406031E+02  2.1004171E-07
  6.7971594E-03  1.3425320E+02  2.1301421E-07
  6.8450840E-03  1.3443928E+02  2.1602854E-07
  6.8933429E-03  1.3461851E+02  2.1908530E-07
  6.9419384E-03  1.3479084E+02  2.2218508E-07
  6.9908729E-03  1.3495623E+02  2.2532847E-07
  7.0401486E-03  1.3511465E+02  2.2851611E-07
  7.0897681E-03  1.3526606E+02  2.3174860E-07
  7.1397336E-03  1.3541043E+02  2.3502658E-07
  7.1900476E-03  1.3554772E+02  2.3835068E-07
  7.2407126E-03  1.3567792E+02  2.4172155E-07
  7.2917309E-03  1.3580098E+02  2.4513984E-07
  7.3431051E-03  1.3591690E+02  2.4860623E-07
  7.3948376E-03  1.3602564E+02  2.5212139E-07
  7.4469310E-03  1.3612718E+02  2.5568600E-07
  7.4993877E-03  1.3622151E+02  2.5930076E-07
  7.5522102E-03  1.3630862E+02  2.6296636E-07
  7.6054012E-03  1.3638848E+02  2.6668353E-07
  7.6589632E-03  1.3646110E+02  2.7045299E-07
  7.7128987E-03  1.3652645E+02  2.7427546E-07
  7.7672105E-03  1.3658455E+02  2.7815170E-07
  7.8219010E-03  1.3663539E+02  2.8208246E-07
  7.8769731E-03  1.3667896E+02  2.8606850E-07
  7.9324292E-03  1.3671527E+02  2.9011060E-07
  7.9882721E-03  1.3674433E+02  2.9420955E-07
  8.0445046E-03  1.3676615E+02  2.9836614E-07
  8.1011292E-03  1.3678073E+02  3.0258118E-07
  8.1581488E-03  1.3678811E+02  3.0685549E-07
  8.2155661E-03  1.3678828E+02  3.1118991E-07
  8.2733838E-03  1.3678128E+02  3.1558527E-07
  8.3316049E-03  1.3676713E+02  3.2004244E-07
  8.3902320E-03  1.3674586E+02  3.2456227E-07
  8.4492680E-03  1.3671750E+02  3.2914565E-07
  8.5087158E-03  1.3668208E+02  3.3379347E-07
  8.5685782E-03  1.3663964E+02  3.3850663E-07
  8.6288582E-03  1.3659023E+02  3.4328605E-07
  8.6895586E-03  1.3653388E+02  3.4813266E-07
  8.7506823E-03  1.3647065E+02  3.5304740E-07
  8.8122324E-03  1.3640059E+02  3.5803123E-07
  8.8742118E-03  1.3632375E+02  3.6308511E-07
  8.9366235E-03  1.3624019E+02  3.6821003E-07
  8.9994705E-03  1.3614997E+02  3.7340699E-07
  9.0627559E-03  1.3605317E+02  3.7867700E-07
  9.1264826E-03  1.3594985E+02  3.8402107E-07
  9.1906538E-03  1.3584008E+02  3.8944025E-07
  9.2552726E-03  1.3572394E+02  3.9493559E-07
  9.3203422E-03  1.3560152E+02  4.0050817E-07
  9.3858655E-03  1.3547289E+02  4.0615905E-07
  9.4518459E-03  1.3533815E+02  4.1188935E-07
  9.5182865E-03  1.3519739E+02  4.1770018E-07
  9.5851905E-03  1.3505071E+02  4.2359266E-07
  9.6525611E-03  1.3489820E+02  4.2956793E-07
  9.7204016E-03  1.3473998E+02  4.3562717E-07
  9.7887154E-03  1.3457615E+02  4.4177155E-07
  9.8575055E-03  1.3440681E+02  4.4800226E-07
  9.9267755E-03  1.3423210E+02  4.5432051E-07
  9.9965286E-03  1.3405213E+02  4.6072753E-07
  1.0066768E-02  1.3386702E+02  4.6722457E-07
  1.0137498E-02  1.3367691E+02  4.7381288E-07
  1.0208721E-02  1.3348192E+02  4.8049376E-07
  1.0280440E-02  1.3328220E+02  4.8726848E-07
  1.0352660E-02  1.3307788E+02  4.9413838E-07
  1.0425384E-02  1.3286910E+02  5.0110478E-07
  1.0498615E-02  1.3265603E+02  5.0816905E-07
  1.0572356E-02  1.3243880E+02  5.1533254E-07
  1.0646612E-02  1.3221758E+02  5.2259665E-07
  1.0721386E-02  1.3199253E+02  5.2996280E-07
  1.0796681E-02  1.3176381E+02  5.3743241E-07
  1.0872502E-02  1.3153160E+02  5.4500693E-07
  1.0948851E-02  1.3129605E+02  5.5268784E-07
  1.1025733E-02  1.3105736E+02  5.6047663E-07
  1.1103151E-02  1.3081570E+02  5.6837480E-07
  1.1181109E-02  1.3057126E+02  5.7638390E-07
  1.1259611E-02  1.3032422E+02  5.8450547E-07
  1.1338661E-02  1.3007477E+02  5.9274110E-07
  1.1418262E-02  1.2982312E+02  6.0109238E-07
  1.1498417E-02  1.2956946E+02  6.0956093E-07
  1.1579133E-02  1.2931399E+02  6.1814840E-07
  1.1660411E-02  1.2905693E+02  6.2685646E-07
  1.1742255E-02  1.2879848E+02  6.3568679E-07
  1.1824671E-02  1.2853885E+02  6.4464111E-07
  1.1907662E-02  1.2827826E+02  6.5372116E-07
  1.1991231E-02  1.2801694E+02  6.6292870E-07
  1.2075384E-02  1.2775511E+02  6.7226552E-07
  1.2160123E-02  1.2749299E+02  6.8173342E-07
  1.2245453E-02  1.2723081E+02  6.9133426E-07
  1.2331379E-02  1.2696881E+02  7.0106988E-07
  1.2417903E-02  1.2670723E+02  7.1094218E-07
  1.2505032E-02  1.2644629E+02  7.2095308E-07
  1.2592768E-02  1.2618625E+02  7.3110451E-07
  1.2681115E-02  1.2592735E+02  7.4139845E-07
  1.2770080E-02  1.2566984E+02  7.5183689E-07
  1.2859664E-02  1.2541396E+02  7.6242187E-07
  1.2949874E-02  1.2515996E+02  7.7315543E-07
  1.3040712E-02  1.2490811E+02  7.8403965E-07
  1.3132185E-02  1.2465866E+02  7.9507665E-07
  1.3224295E-02  1.2441186E+02  8.0626857E-07
  1.3317048E-02  1.2416797E+02  8.1761758E-07
  1.3410447E-02  1.2392727E+02  8.2912588E-07
  1.3504498E-02  1.2369000E+02  8.4079571E-07
  1.3599205E-02  1.2345644E+02  8.5262932E-07
  1.3694573E-02  1.2322685E+02  8.6462902E-07
  1.3790606E-02  1.2300150E+02  8.7679712E-07
  1.3887308E-02  1.2278065E+02  8.8913600E-07
  1.3984685E-02  1.2256459E+02  9.0164803E-07
  1.4082742E-02  1.2235356E+02  9.1433566E-07
  1.4181482E-02  1.2214786E+02  9.2720134E-07
  1.4280911E-02  1.2194774E+02  9.4024756E-07
  1.4381033E-02  1.2175348E+02  9.5347686E-07
  1.4481854E-02  1.2156534E+02  9.6689180E-07
  1.4583378E-02  1.2138361E+02  9.8049498E-07
  1.4685610E-02  1.2120854E+02  9.9428903E-07
  1.4788555E-02  1.2104041E+02  1.0082766E-06
  1.4892218E-02  1.2087949E+02  1.0224605E-06
  1.4996604E-02  1.2072605E+02  1.0368434E-06
  1.5101719E-02  1.2058034E+02  1.0514281E-06
  1.5207566E-02  1.2044265E+02  1.0662174E-06
  1.5314152E-02  1.2031322E+02  1.0812143E-06
  1.5421481E-02  1.2019233E+02  1.0964215E-06
  1.5529558E-02  1.2008023E+02  1.1118421E-06
  1.5638390E-02  1.1997718E+02  1.1274790E-06
  1.5747980E-02  1.1988344E+02  1.1433353E-06
  1.5858335E-02  1.1979925E+02  1.1594141E-06
  1.5969460E-02  1.1972487E+02  1.1757184E-06
  1.6081360E-02  1.1966055E+02  1.1922515E-06
  1.6194040E-02  1.1960652E+02  1.2090164E-06
  1.6307506E-02  1.1956303E+02  1.2260166E-06
  1.6421763E-02  1.1953031E+02  1.2432552E-06
  1.6536818E-02  1.1950860E+02  1.2607356E-06
  1.6652675E-02  1.1949811E+02  1.2784613E-06
  1.6769340E-02  1.1949908E+02  1.2964356E-06
  1.6886819E-02  1.1951172E+02  1.3146619E-06
  1.7005117E-02  1.1953624E+02  1.3331440E-06
  1.7124240E-02  1.1957285E+02  1.3518853E-06
  1.7244194E-02  1.1962176E+02  1.3708894E-06
  1.7364985E-02  1.1968315E+02  1.3901601E-06
  1.7486618E-02  1.1975722E+02  1.4097010E-06
  1.7609100E-02  1.1984415E+02  1.4295161E-06
  1.7732435E-02  1.1994412E+02  1.4496090E-06
  1.7856632E-02  1.2005729E+02  1.4699837E-06
  1.7981694E-02  1.2018384E+02  1.4906442E-06
  1.8107629E-02  1.2032391E+02  1.5115944E-06
  1.8234442E-02  1.2047765E+02  1.5328384E-06
  1.8362139E-02  1.2064521E+02  1.5543804E-06
  1.8490727E-02  1.2082671E+02  1.5762244E-06
  1.8620212E-02  1.2102228E+02  1.5983747E-06
  1.8750601E-02  1.2123203E+02  1.6208357E-06
  1.8881898E-02  1.2145607E+02  1.6436116E-06
  1.9014112E-02  1.2169450E+02  1.6667069E-06
  1.9147247E-02  1.2194740E+02  1.6901261E-06
  1.9281311E-02  1.2221485E+02  1.7138736E-06
  1.9416311E-02  1.2249691E+02  1.7379541E-06
  1.9552252E-02  1.2279366E+02  1.7623723E-06
  1.9689141E-02  1.2310513E+02  1.7871328E-06
  1.9826984E-02  1.2343136E+02  1.8122405E-06
  1.9965790E-02  1.2377238E+02  1.8377002E-06
  2.0105563E-02  1.2412820E+02  1.8635169E-06
  2.0246311E-02  1.2449883E+02  1.8896955E-06
  2.0388041E-02  1.2488426E+02  1.9162412E-06
  2.0530760E-02  1.2528447E+02  1.9431590E-06
  2.0674473E-02  1.2569943E+02  1.9704542E-06
  2.0819190E-02  1.2612911E+02  1.9981321E-06
  2.0964915E-02  1.2657344E+02  2.0261980E-06
  2.1111658E-02  1.2703236E+02  2.0546574E-06
  2.1259423E-02  1.2750579E+02  2.0835157E-06
  2.1408219E-02  1.2799364E+02  2.1127785E-06
  2.1558053E-02  1.2849580E+02  2.1424516E-06
  2.1708932E-02  1.2901216E+02  2.1725406E-06
  2.1860864E-02  1.2954259E+02  2.2030514E-06
  2.2013855E-02  1.3008694E+02  2.2339899E-06
  2.2167913E-02  1.3064507E+02  2.2653621E-06
  2.2323046E-02  1.3121679E+02  2.2971740E-06
  2.2479261E-02  1.3180192E+02  2.3294318E-06
  2.2636565E-02  1.3240028E+02  2.3621418E-06
  2.2794967E-02  1.3301164E+02  2.3953102E-06
  2.2954473E-02  1.3363579E+02  2.4289435E-06
  2.3115092E-02  1.3427249E+02  2.4630483E-06
  2.3276831E-02  1.3492149E+02  2.4976310E-06
  2.3439698E-02  1.3558251E+02  2.5326984E-06
  2.3603701E-02  1.3625530E+02  2.5682573E-06
  2.3768849E-02  1.3693955E+02  2.6043146E-06
  2.3935147E-02  1.3763495E+02  2.6408772E-06
  2.4102606E-02  1.3834119E+02  2.6779522E-06
  2.4271233E-02  1.3905794E+02  2.7155468E-06
  2.4441036E-02  1.3978485E+02  2.7536682E-06
  2.4612024E-02  1.4052156E+02  2.7923239E-06
  2.4784204E-02  1.4126770E+02  2.8315212E-06
  2.4957584E-02  1.4202288E+02  2.8712679E-06
  2.5132175E-02  1.4278671E+02  2.9115715E-06
  2.5307983E-02  1.4355876E+02  2.9524399E-06
  2.5485017E-02  1.4433862E+02  2.9938810E-06
  2.5663286E-02  1.4512586E+02  3.0359028E-06
  2.5842798E-02  1.4592001E+02  3.0785134E-06
  2.6023562E-02  1.4672062E+02  3.1217210E-06
  2.6205588E-02  1.4752721E+02  3.1655341E-06
  2.6388882E-02  1.4833931E+02  3.2099611E-06
  2.6573456E-02  1.4915641E+02  3.2550105E-06
  2.6759316E-02  1.4997800E+02  3.3006912E-06
  2.6946473E-02  1.5080357E+02  3.3470118E-06
  2.7134935E-02  1.5163259E+02  3.3939815E-06
  2.7324712E-02  1.5246452E+02  3.4416092E-06
  2.7515813E-02  1.5329881E+02  3.4899042E-06
  2.7708246E-02  1.5413489E+02  3.5388757E-06
  2.7902021E-02  1.5497221E+02  3.5885334E-06
  2.8097149E-02  1.5581019E+02  3.6388868E-06
  2.8293637E-02  1.5664824E+02  3.6899455E-06
  2.8491495E-02  1.5748577E+02  3.7417196E-06
  2.8690734E-02  1.5832218E+02  3.7942189E-06
  2.8891362E-02  1.5915687E+02  3.8474537E-06
  2.9093389E-02  1.5998922E+02  3.9014342E-06
  2.9296826E-02  1.6081860E+02  3.9561708E-06
  2.9501682E-02  1.6164441E+02  4.0116742E-06
  2.9707966E-02  1.6246601E+02  4.0679551E-06
  2.9915689E-02  1.6328276E+02  4.1250243E-06
  3.0124861E-02  1.6409403E+02  4.1828929E-06
  3.0335492E-02  1.6489918E+02  4.2415720E-06
  3.0547592E-02  1.6569757E+02  4.3010731E-06
  3.0761172E-02  1.6648855E+02  4.3614075E-06
  3.0976241E-02  1.6727148E+02  4.4225870E-06
  3.1192810E-02  1.6804571E+02  4.4846234E-06
  3.1410890E-02  1.6881060E+02  4.5475286E-06
  3.1630491E-02  1.6956550E+02  4.6113148E-06
  3.1851623E-02  1.7030977E+02  4.6759944E-06
  3.2074298E-02  1.7104276E+02  4.7415798E-06
  3.2298526E-02  1.7176385E+02  4.8080837E-06
  3.2524318E-02  1.7247238E+02  4.8755189E-06
  3.2751684E-02  1.7316775E+02  4.9438985E-06
  3.2980637E-02  1.7384931E+02  5.0132357E-06
  3.3211186E-02  1.7451645E+02  5.0835439E-06
  3.3443344E-02  1.7516856E+02  5.1548366E-06
  3.3677121E-02  1.7580503E+02  5.2271277E-06
  3.3912528E-02  1.7642527E+02  5.3004310E-06
  3.4149577E-02  1.7702869E+02  5.3747608E-06
  3.4388280E-02  1.7761470E+02  5.4501313E-06
  3.4628647E-02  1.7818275E+02  5.5265572E-06
  3.4870691E-02  1.7873228E+02  5.6040532E-06
  3.5114423E-02  1.7926274E+02  5.6826343E-06
  3.5359856E-02  1.7977360E+02  5.7623156E-06
  3.5607000E-02  1.8026435E+02  5.8431125E-06
  3.5855868E-02  1.8073449E+02  5.9250406E-06
  3.6106471E-02  1.8118352E+02  6.0081158E-06
  3.6358823E-02  1.8161097E+02  6.0923540E-06
  3.6612934E-02  1.8201640E+02  6.1777716E-06
  3.6868819E-02  1.8239937E+02  6.2643849E-06
  3.7126487E-02  1.8275945E+02  6.3522108E-06
  3.7385953E-02  1.8309625E+02  6.4412662E-06
  3.7647229E-02  1.8340940E+02  6.5315683E-06
  3.7910327E-02  1.8369853E+02  6.6231344E-06
  3.8175260E-02  1.8396332E+02  6.7159823E-06
  3.8442041E-02  1.8420344E+02  6.8101299E-06
  3.8710683E-02  1.8441861E+02  6.9055954E-06
  3.8981198E-02  1.8460856E+02  7.0023971E-06
  3.9253601E-02  1.8477304E+02  7.1005537E-06
  3.9527903E-02  1.8491185E+02  7.2000842E-06
  3.9804118E-02  1.8502479E+02  7.3010078E-06
  4.0082260E-02  1.8511169E+02  7.4033439E-06
  4.0362342E-02  1.8517242E+02  7.5071123E-06
  4.0644378E-02  1.8520687E+02  7.6123330E-06
  4.0928380E-02  1.8521495E+02  7.7190263E-06
  4.1214364E-02  1.8519661E+02  7.8272128E-06
  4.1502342E-02  1.8515183E+02  7.9369133E-06
  4.1792329E-02  1.8508060E+02  8.0481490E-06
  4.2084338E-02  1.8498297E+02  8.1609413E-06
  4.2378384E-02  1.8485900E+02  8.2753119E-06
  4.2674481E-02  1.8470878E+02  8.3912830E-06
  4.2972643E-02  1.8453245E+02  8.5088769E-06
  4.3272885E-02  1.8433015E+02  8.6281163E-06
  4.3575221E-02  1.8410208E+02  8.7490241E-06
  4.3879666E-02  1.8384847E+02  8.8716236E-06
  4.4186234E-02  1.8356956E+02  8.9959385E-06
  4.4494940E-02  1.8326563E+02  9.1219927E-06
  4.4805800E-02  1.8293702E+02  9.2498105E-06
  4.5118828E-02  1.8258407E+02  9.3794166E-06
  4.5434039E-02  1.8220715E+02  9.5108360E-06
  4.5751448E-02  1.8180670E+02  9.6440938E-06
  4.6071072E-02  1.8138314E+02  9.7792159E-06
  4.6392924E-02  1.8093697E+02  9.9162283E-06
  4.6717022E-02  1.8046870E+02  1.0055157E-05
  4.7043380E-02  1.7997886E+02  1.0196030E-05
  4.7372015E-02  1.7946804E+02  1.0338873E-05
  4.7702941E-02  1.7893683E+02  1.0483714E-05
  4.8036176E-02  1.7838588E+02  1.0630581E-05
  4.8371735E-02  1.7781584E+02  1.0779502E-05
  4.8709635E-02  1.7722743E+02  1.0930506E-05
  4.9049891E-02  1.7662136E+02  1.1083622E-05
  4.9392520E-02  1.7599838E+02  1.1238879E-05
  4.9737540E-02  1.7535929E+02  1.1396308E-05
  5.0084965E-02  1.7470488E+02  1.1555938E-05
  5.0434814E-02  1.7403601E+02  1.1717801E-05
  5.0787103E-02  1.7335352E+02  1.1881928E-05
  5.1141849E-02  1.7265831E+02  1.2048349E-05
  5.1499070E-02  1.7195128E+02  1.2217098E-05
  5.1858782E-02  1.7123338E+02  1.2388206E-05
  5.2221003E-02  1.7050556E+02  1.2561707E-05
  5.2585750E-02  1.6976880E+02  1.2737633E-05
  5.2953042E-02  1.6902409E+02  1.2916020E-05
  5.3322895E-02  1.6827245E+02  1.3096900E-05
  5.3695328E-02  1.6751492E+02  1.3280309E-05
  5.4070358E-02  1.6675255E+02  1.3466283E-05
  5.4448005E-02  1.6598640E+02  1.3654856E-05
  5.4828285E-02  1.6521755E+02  1.3846065E-05
  5.5211218E-02  1.6444709E+02  1.4039947E-05
  5.5596821E-02  1.6367612E+02  1.4236540E-05
  5.5985114E-02  1.6290576E+02  1.4435880E-05
  5.6376116E-02  1.6213712E+02  1.4638007E-05
  5.6769844E-02  1.6137133E+02  1.4842959E-05
  5.7166319E-02  1.6060952E+02  1.5050775E-05
  5.7565559E-02  1.5985282E+02  1.5261496E-05
  5.7967584E-02  1.5910236E+02  1.5475162E-05
  5.8372412E-02  1.5835928E+02  1.5691813E-05
  5.8780065E-02  1.5762470E+02  1.5911493E-05
  5.9190560E-02  1.5689976E+02  1.6134242E-05
  5.9603919E-02  1.5618558E+02  1.6360103E-05
  6.0020161E-02  1.5548326E+02  1.6589121E-05
  6.0439306E-02  1.5479391E+02  1.6821339E-05
  6.0861374E-02  1.5411862E+02  1.7056801E-05
  6.1286387E-02  1.5345847E+02  1.7295552E-05
  6.1714364E-02  1.5281453E+02  1.7537640E-05
  6.2145325E-02  1.5218784E+02  1.7783109E-05
  6.2579293E-02  1.5157943E+02  1.8032007E-05
  6.3016288E-02  1.5099030E+02  1.8284382E-05
  6.3456330E-02  1.5042144E+02  1.8540283E-05
  6.3899442E-02  1.4987380E+02  1.8799758E-05
  6.4345644E-02  1.4934833E+02  1.9062857E-05
  6.4794959E-02  1.4884591E+02  1.9329630E-05
  6.5247407E-02  1.4836744E+02  1.9600130E-05
  6.5703011E-02  1.4791374E+02  1.9874407E-05
  6.6161793E-02  1.4748562E+02  2.0152514E-05
  6.6623775E-02  1.4708387E+02  2.0434505E-05
  6.7088979E-02  1.4670920E+02  2.0720433E-05
  6.7557427E-02  1.4636232E+02  2.1010354E-05
  6.8029143E-02  1.4604387E+02  2.1304322E-05
  6.8504150E-02  1.4575448E+02  2.1602395E-05
  6.8982469E-02  1.4549470E+02  2.1904629E-05
  6.9464124E-02  1.4526506E+02  2.2211083E-05
  6.9949139E-02  1.4506604E+02  2.2521814E-05
  7.0437537E-02  1.4489804E+02  2.2836883E-05
  7.0929341E-02  1.4476146E+02  2.3156349E-05
  7.1424576E-02  1.4465662E+02  2.3480275E-05
  7.1923265E-02  1.4458378E+02  2.3808721E-05
  7.2425432E-02  1.4454316E+02  2.4141751E-05
  7.2931101E-02  1.4453493E+02  2.4479429E-05
  7.3440297E-02  1.4455919E+02  2.4821818E-05
  7.3953045E-02  1.4461599E+02  2.5168985E-05
  7.4469370E-02  1.4470532E+02  2.5520996E-05
  7.4989295E-02  1.4482712E+02  2.5877919E-05
  7.5512847E-02  1.4498125E+02  2.6239820E-05
  7.6040051E-02  1.4516754E+02  2.6606771E-05
  7.6570932E-02  1.4538574E+02  2.6978840E-05
  7.7105515E-02  1.4563554E+02  2.7356099E-05
  7.7643827E-02  1.4591657E+02  2.7738621E-05
  7.8185894E-02  1.4622842E+02  2.8126477E-05
  7.8731742E-02  1.4657058E+02  2.8519742E-05
  7.9281396E-02  1.4694251E+02  2.8918492E-05
  7.9834885E-02  1.4734360E+02  2.9322802E-05
  8.0392234E-02  1.4777317E+02  2.9732749E-05
  8.0953470E-02  1.4823051E+02  3.0148412E-05
  8.1518621E-02  1.4871482E+02  3.0569870E-05
  8.2087714E-02  1.4922525E+02  3.0997204E-05
  8.2660776E-02  1.4976089E+02  3.1430495E-05
  8.3237835E-02  1.5032079E+02  3.1869825E-05
  8.3818919E-02  1.5090393E+02  3.2315279E-05
  8.4404056E-02  1.5150923E+02  3.2766941E-05
  8.4993274E-02  1.5213557E+02  3.3224897E-05
  8.5586602E-02  1.5278177E+02  3.3689235E-05
  8.6184068E-02  1.5344660E+02  3.4160043E-05
  8.6785702E-02  1.5412878E+02  3.4637411E-05
  8.7391531E-02  1.5482700E+02  3.5121429E-05
  8.8001587E-02  1.5553988E+02  3.5612190E-05
  8.8615897E-02  1.5626601E+02  3.6109787E-05
  8.9234492E-02  1.5700394E+02  3.6614316E-05
  8.9857401E-02  1.5775219E+02  3.7125871E-05
  9.0484655E-02  1.5850921E+02  3.7644550E-05
  9.1116284E-02  1.5927346E+02  3.8170452E-05
  9.1752319E-02  1.6004335E+02  3.8703676E-05
  9.2392790E-02  1.6081724E+02  3.9244325E-05
  9.3037728E-02  1.6159351E+02  3.9792501E-05
  9.3687164E-02  1.6237048E+02  4.0348307E-05
  9.4341130E-02  1.6314645E+02  4.0911850E-05
  9.4999658E-02  1.6391974E+02  4.1483237E-05
  9.5662778E-02  1.6468862E+02  4.2062575E-05
  9.6330524E-02  1.6545136E+02  4.2649976E-05
  9.7002927E-02  1.6620623E+02  4.3245550E-05
  9.7680020E-02  1.6695149E+02  4.3849410E-05
  9.8361835E-02  1.6768539E+02  4.4461671E-05
  9.9048406E-02  1.6840620E+02  4.5082448E-05
  9.9739766E-02  1.6911220E+02  4.5711860E-05
  1.0043595E-01  1.6980165E+02  4.6350026E-05
  1.0113699E-01  1.7047286E+02  4.6997067E-05
  1.0184291E-01  1.7112413E+02  4.7653105E-05
  1.0255376E-01  1.7175378E+02  4.8318264E-05
  1.0326957E-01  1.7236019E+02  4.8992670E-05
  1.0399037E-01  1.7294171E+02  4.9676451E-05
  1.0471620E-01  1.7349678E+02  5.0369735E-05
  1.0544709E-01  1.7402383E+02  5.1072655E-05
  1.0618308E-01  1.7452135E+02  5.1785343E-05
  1.0692421E-01  1.7498786E+02  5.2507933E-05
  1.0767050E-01  1.7542195E+02  5.3240563E-05
  1.0842200E-01  1.7582222E+02  5.3983370E-05
  1.0917873E-01  1.7618734E+02  5.4736494E-05
  1.0994075E-01  1.7651606E+02  5.5500078E-05
  1.1070808E-01  1.7680713E+02  5.6274265E-05
  1.1148077E-01  1.7705943E+02  5.7059202E-05
  1.1225884E-01  1.7727184E+02  5.7855037E-05
  1.1304234E-01  1.7744336E+02  5.8661918E-05
  1.1383130E-01  1.7757301E+02  5.9480000E-05
  1.1462577E-01  1.7765993E+02  6.0309434E-05
  1.1542578E-01  1.7770331E+02  6.1150378E-05
  1.1623137E-01  1.7770241E+02  6.2002990E-05
  1.1704258E-01  1.7765658E+02  6.2867430E-05
  1.1785944E-01  1.7756526E+02  6.3743860E-05
  1.1868201E-01  1.7742797E+02  6.4632445E-05
  1.1951031E-01  1.7724429E+02  6.5533352E-05
  1.2034438E-01  1.7701392E+02  6.6446751E-05
  1.2118428E-01  1.7673663E+02  6.7372811E-05
  1.2203003E-01  1.7641230E+02  6.8311708E-05
  1.2288168E-01  1.7604086E+02  6.9263617E-05
  1.2373928E-01  1.7562238E+02  7.0228717E-05
  1.2460285E-01  1.7515699E+02  7.1207188E-05
  1.2547245E-01  1.7464492E+02  7.2199213E-05
  1.2634811E-01  1.7408651E+02  7.3204979E-05
  1.2722988E-01  1.7348216E+02  7.4224672E-05
  1.2811780E-01  1.7283239E+02  7.5258485E-05
  1.2901191E-01  1.7213781E+02  7.6306610E-05
  1.2991226E-01  1.7139911E+02  7.7369243E-05
  1.3081889E-01  1.7061708E+02  7.8446582E-05
  1.3173185E-01  1.6979261E+02  7.9538829E-05
  1.3265117E-01  1.6892665E+02  8.0646186E-05
  1.3357690E-01  1.6802026E+02  8.1768861E-05
  1.3450909E-01  1.6707459E+02  8.2907063E-05
  1.3544778E-01  1.6609086E+02  8.4061003E-05
  1.3639302E-01  1.6507039E+02  8.5230896E-05
  1.3734485E-01  1.6401455E+02  8.6416960E-05
  1.3830332E-01  1.6292483E+02  8.7619415E-05
  1.3926847E-01  1.6180275E+02  8.8838485E-05
  1.4024036E-01  1.6064994E+02  9.0074397E-05
  1.4121903E-01  1.5946807E+02  9.1327378E-05
  1.4220452E-01  1.5825890E+02  9.2597663E-05
  1.4319689E-01  1.5702424E+02  9.3885486E-05
  1.4419617E-01  1.5576594E+02  9.5191086E-05
  1.4520243E-01  1.5448595E+02  9.6514704E-05
  1.4621570E-01  1.5318624E+02  9.7856586E-05
  1.4723605E-01  1.5186882E+02  9.9216979E-05
  1.4826351E-01  1.5053577E+02  1.0059614E-04
  1.4929813E-01  1.4918918E+02  1.0199431E-04
  1.5033997E-01  1.4783120E+02  1.0341176E-04
  1.5138908E-01  1.4646399E+02  1.0484875E-04
  1.5244551E-01  1.4508974E+02  1.0630553E-04
  1.5350930E-01  1.4371066E+02  1.0778239E-04
  1.5458052E-01  1.4232897E+02  1.0927959E-04
  1.5565920E-01  1.4094692E+02  1.1079741E-04
  1.5674541E-01  1.3956674E+02  1.1233612E-04
  1.5783920E-01  1.3819067E+02  1.1389601E-04
  1.5894061E-01  1.3682093E+02  1.1547737E-04
  1.6004971E-01  1.3545977E+02  1.1708048E-04
  1.6116654E-01  1.3410937E+02  1.1870564E-04
  1.6229116E-01  1.3277194E+02  1.2035315E-04
  1.6342363E-01  1.3144962E+02  1.2202330E-04
  1.6456399E-01  1.3014454E+02  1.2371641E-04
  1.6571231E-01  1.2885881E+02  1.2543277E-04
  1.6686864E-01  1.2759446E+02  1.2717272E-04
  1.6803303E-01  1.2635350E+02  1.2893655E-04
  1.6920555E-01  1.2513788E+02  1.3072460E-04
  1.7038624E-01  1.2394951E+02  1.3253719E-04
  1.7157517E-01  1.2279022E+02  1.3437464E-04
  1.7277239E-01  1.2166177E+02  1.3623730E-04
  1.7397796E-01  1.2056588E+02  1.3812550E-04
  1.7519194E-01  1.1950417E+02  1.4003958E-04
  1.7641439E-01  1.1847818E+02  1.4197989E-04
  1.7764536E-01  1.1748940E+02  1.4394678E-04
  1.7888492E-01  1.1653919E+02  1.4594061E-04
  1.8013312E-01  1.1562886E+02  1.4796173E-04
  1.8139003E-01  1.1475961E+02  1.5001052E-04
  1.8265571E-01  1.1393253E+02  1.5208733E-04
  1.8393021E-01  1.1314865E+02  1.5419255E-04
  1.8521361E-01  1.1240886E+02  1.5632656E-04
  1.8650595E-01  1.1171397E+02  1.5848973E-04
  1.8780731E-01  1.1106467E+02  1.6068246E-04
  1.8911775E-01  1.1046156E+02  1.6290513E-04
  1.9043733E-01  1.0990510E+02  1.6515815E-04
  1.9176611E-01  1.0939568E+02  1.6744193E-04
  1.9310415E-01  1.0893355E+02  1.6975686E-04
  1.9445153E-01  1.0851884E+02  1.7210336E-04
  1.9580831E-01  1.0815159E+02  1.7448185E-04
  1.9717456E-01  1.0783173E+02  1.7689276E-04
  1.9855033E-01  1.0755904E+02  1.7933651E-04
  1.9993569E-01  1.0733321E+02  1.8181353E-04
  2.0133072E-01  1.0715383E+02  1.8432427E-04
  2.0273548E-01  1.0702036E+02  1.8686917E-04
  2.0415004E-01  1.0693215E+02  1.8944869E-04
  2.0557446E-01  1.0688845E+02  1.9206327E-04
  2.0700882E-01  1.0688838E+02  1.9471338E-04
  2.0845319E-01  1.0693099E+02  1.9739948E-04
  2.0990762E-01  1.0701520E+02  2.0012206E-04
  2.1137221E-01  1.0713984E+02  2.0288158E-04
  2.1284700E-01  1.0730363E+02  2.0567854E-04
  2.1433209E-01  1.0750521E+02  2.0851342E-04
  2.1582753E-01  1.0774313E+02  2.1138671E-04
  2.1733340E-01  1.0801585E+02  2.1429893E-04
  2.1884977E-01  1.0832173E+02  2.1725058E-04
  2.2037673E-01  1.0865908E+02  2.2024216E-04
  2.2191433E-01  1.0902612E+02  2.2327422E-04
  2.2346265E-01  1.0942099E+02  2.2634726E-04
  2.2502178E-01  1.0984178E+02  2.2946183E-04
  2.2659178E-01  1.1028652E+02  2.3261846E-04
  2.2817273E-01  1.1075317E+02  2.3581770E-04
  2.2976471E-01  1.1123966E+02  2.3906010E-04
  2.3136779E-01  1.1174386E+02  2.4234622E-04
  2.3298205E-01  1.1226360E+02  2.4567662E-04
  2.3460757E-01  1.1279668E+02  2.4905188E-04
  2.3624443E-01  1.1334087E+02  2.5247258E-04
  2.3789271E-01  1.1389393E+02  2.5593929E-04
  2.3955248E-01  1.1445358E+02  2.5945261E-04
  2.4122383E-01  1.1501755E+02  2.6301315E-04
  2.4290684E-01  1.1558353E+02  2.6662150E-04
  2.4460158E-01  1.1614925E+02  2.7027827E-04
  2.4630815E-01  1.1671242E+02  2.7398410E-04
  2.4802662E-01  1.1727077E+02  2.7773960E-04
  2.4975707E-01  1.1782203E+02  2.8154540E-04
  2.5149960E-01  1.1836399E+02  2.8540216E-04
  2.5325427E-01  1.1889442E+02  2.8931051E-04
  2.5502119E-01  1.1941115E+02  2.9327111E-04
  2.5680043E-01  1.1991204E+02  2.9728462E-04
  2.5859208E-01  1.2039501E+02  3.0135172E-04
  2.6039623E-01  1.2085799E+02  3.0547309E-04
  2.6221296E-01  1.2129901E+02  3.0964939E-04
  2.6404236E-01  1.2171611E+02  3.1388134E-04
  2.6588452E-01  1.2210743E+02  3.1816962E-04
  2.6773953E-01  1.2247116E+02  3.2251495E-04
  2.6960748E-01  1.2280556E+02  3.2691804E-04
  2.7148846E-01  1.2310896E+02  3.3137961E-04
  2.7338255E-01  1.2337978E+02  3.3590039E-04
  2.7528986E-01  1.2361652E+02  3.4048113E-04
  2.7721047E-01  1.2381775E+02  3.4512257E-04
  2.7914448E-01  1.2398215E+02  3.4982545E-04
  2.8109198E-01  1.2410847E+02  3.5459055E-04
  2.8305305E-01  1.2419556E+02  3.5941864E-04
  2.8502781E-01  1.2424237E+02  3.6431048E-04
  2.8701634E-01  1.2424795E+02  3.6926687E-04
  2.8901874E-01  1.2421143E+02  3.7428860E-04
  2.9103511E-01  1.2413206E+02  3.7937647E-04
  2.9306554E-01  1.2400918E+02  3.8453130E-04
  2.9511013E-01  1.2384223E+02  3.8975389E-04
  2.9716899E-01  1.2363076E+02  3.9504508E-04
  2.9924220E-01  1.2337442E+02  4.0040571E-04
  3.0132987E-01  1.2307295E+02  4.0583660E-04
  3.0343211E-01  1.2272622E+02  4.1133862E-04
  3.0554901E-01  1.2233417E+02  4.1691262E-04
  3.0768067E-01  1.2189687E+02  4.2255947E-04
  3.0982720E-01  1.2141445E+02  4.2828004E-04
  3.1198870E-01  1.2088718E+02  4.3407523E-04
  3.1416528E-01  1.2031539E+02  4.3994591E-04
  3.1635704E-01  1.1969954E+02  4.4589300E-04
  3.1856409E-01  1.1904016E+02  4.5191739E-04
  3.2078653E-01  1.1833786E+02  4.5802001E-04
  3.2302447E-01  1.1759336E+02  4.6420179E-04
  3.2527802E-01  1.1680745E+02  4.7046364E-04
  3.2754729E-01  1.1598101E+02  4.7680653E-04
  3.2983238E-01  1.1511499E+02  4.8323139E-04
  3.3213342E-01  1.1421043E+02  4.8973918E-04
  3.3445050E-01  1.1326841E+02  4.9633087E-04
  3.3678375E-01  1.1229010E+02  5.0300744E-04
  3.3913326E-01  1.1127675E+02  5.0976987E-04
  3.4149917E-01  1.1022963E+02  5.1661914E-04
  3.4388158E-01  1.0915009E+02  5.2355626E-04
  3.4628060E-01  1.0803954E+02  5.3058223E-04
  3.4869636E-01  1.0689942E+02  5.3769806E-04
  3.5112897E-01  1.0573122E+02  5.4490479E-04
  3.5357854E-01  1.0453646E+02  5.5220344E-04
  3.5604520E-01  1.0331671E+02  5.5959504E-04
  3.5852907E-01  1.0207356E+02  5.6708065E-04
  3.6103026E-01  1.0080864E+02  5.7466131E-04
  3.6354889E-01  9.9523567E+01  5.8233809E-04
  3.6608509E-01  9.8220015E+01  5.9011206E-04
  3.6863898E-01  9.6899649E+01  5.9798429E-04
  3.7121068E-01  9.5564145E+01  6.0595586E-04
  3.7380032E-01  9.4215185E+01  6.1402787E-04
  3.7640803E-01  9.2854448E+01  6.2220141E-04
  3.7903392E-01  9.1483612E+01  6.3047758E-04
  3.8167812E-01  9.0104342E+01  6.3885751E-04
  3.8434077E-01  8.8718295E+01  6.4734229E-04
  3.8702199E-01  8.7327106E+01  6.5593306E-04
  3.8972191E-01  8.5932395E+01  6.6463095E-04
  3.9244067E-01  8.4535753E+01  6.7343709E-04
  3.9517838E-01  8.3138748E+01  6.8235263E-04
  3.9793519E-01  8.1742914E+01  6.9137872E-04
  4.0071123E-01  8.0349750E+01  7.0051650E-04
  4.0350663E-01  7.8960722E+01  7.0976714E-04
  4.0632153E-01  7.7577251E+01  7.1913180E-04
  4.0915606E-01  7.6200718E+01  7.2861165E-04
  4.1201036E-01  7.4832457E+01  7.3820786E-04
  4.1488457E-01  7.3473755E+01  7.4792162E-04
  4.1777883E-01  7.2125848E+01  7.5775411E-04
  4.2069328E-01  7.0789921E+01  7.6770651E-04
  4.2362805E-01  6.9467104E+01  7.7778001E-04
  4.2658329E-01  6.8158472E+01  7.8797581E-04
  4.2955914E-01  6.6865042E+01  7.9829511E-04
  4.3255575E-01  6.5587773E+01  8.0873910E-04
  4.3557326E-01  6.4327566E+01  8.1930899E-04
  4.3861182E-01  6.3085260E+01  8.3000598E-04
  4.4167157E-01  6.1861634E+01  8.4083127E-04
  4.4475266E-01  6.0657404E+01  8.5178608E-04
  4.4785525E-01  5.9473227E+01  8.6287162E-04
  4.5097947E-01  5.8309696E+01  8.7408909E-04
  4.5412548E-01  5.7167343E+01  8.8543970E-04
  4.5729343E-01  5.6046639E+01  8.9692466E-04
  4.6048349E-01  5.4947991E+01  9.0854518E-04
  4.6369579E-01  5.3871751E+01  9.2030247E-04
  4.6693049E-01  5.2818205E+01  9.3219773E-04
  4.7018776E-01  5.1787584E+01  9.4423216E-04
  4.7346775E-01  5.0780060E+01  9.5640697E-04
  4.7677061E-01  4.9795748E+01  9.6872335E-04
  4.8009651E-01  4.8834708E+01  9.8118250E-04
  4.8344561E-01  4.7896946E+01  9.9378561E-04
  4.8681807E-01  4.6982416E+01  1.0065339E-03
  4.9021405E-01  4.6091021E+01  1.0194284E-03
  4.9363372E-01  4.5222613E+01  1.0324705E-03
  4.9707723E-01  4.4377001E+01  1.0456612E-03
  5.0054477E-01  4.3553947E+01  1.0590017E-03
  5.0403649E-01  4.2753169E+01  1.0724931E-03
  5.0755257E-01  4.1974345E+01  1.0861367E-03
  5.1109317E-01  4.1217116E+01  1.0999335E-03
  5.1465846E-01  4.0481085E+01  1.1138847E-03
  5.1824862E-01  3.9765822E+01  1.1279913E-03
  5.2186382E-01  3.9070864E+01  1.1422544E-03
  5.2550424E-01  3.8395722E+01  1.1566752E-03
  5.2917005E-01  3.7739878E+01  1.1712546E-03
  5.3286143E-01  3.7102790E+01  1.1859939E-03
  5.3657855E-01  3.6483896E+01  1.2008939E-03
  5.4032160E-01  3.5882615E+01  1.2159557E-03
  5.4409076E-01  3.5298347E+01  1.2311803E-03
  5.4788620E-01  3.4730481E+01  1.2465686E-03
  5.5170812E-01  3.4178394E+01  1.2621217E-03
  5.5555670E-01  3.3641452E+01  1.2778405E-03
  5.5943212E-01  3.3119016E+01  1.2937259E-03
  5.6333457E-01  3.2610441E+01  1.3097788E-03
  5.6726424E-01  3.2115084E+01  1.3260000E-03
  5.7122131E-01  3.1632296E+01  1.3423904E-03
  5.7520599E-01  3.1161435E+01  1.3589508E-03
  5.7921846E-01  3.0701861E+01  1.3756820E-03
  5.8325891E-01  3.0252941E+01  1.3925847E-03
  5.8732755E-01  2.9814049E+01  1.4096597E-03
  5.9142457E-01  2.9384570E+01  1.4269076E-03
  5.9555016E-01  2.8963900E+01  1.4443290E-03
  5.9970452E-01  2.8551448E+01  1.4619247E-03
  6.0388786E-01  2.8146637E+01  1.4796952E-03
  6.0810038E-01  2.7748906E+01  1.4976409E-03
  6.1234228E-01  2.7357712E+01  1.5157625E-03
  6.1661377E-01  2.6972528E+01  1.5340603E-03
  6.2091505E-01  2.6592849E+01  1.5525348E-03
  6.2524633E-01  2.6218189E+01  1.5711862E-03
  6.2960783E-01  2.5848081E+01  1.5900150E-03
  6.3399974E-01  2.5482083E+01  1.6090213E-03
  6.3842228E-01  2.5119775E+01  1.6282054E-03
  6.4287567E-01  2.4760758E+01  1.6475674E-03
  6.4736013E-01  2.4404657E+01  1.6671074E-03
  6.5187586E-01  2.4051122E+01  1.6868255E-03
  6.5642308E-01  2.3699826E+01  1.7067215E-03
  6.6100203E-01  2.3350466E+01  1.7267954E-03
  6.6561291E-01  2.3002763E+01  1.7470470E-03
  6.7025595E-01  2.2656464E+01  1.7674761E-03
  6.7493137E-01  2.2311338E+01  1.7880824E-03
  6.7963941E-01  2.1967177E+01  1.8088655E-03
  6.8438028E-01  2.1623800E+01  1.8298249E-03
  6.8915422E-01  2.1281046E+01  1.8509601E-03
  6.9396145E-01  2.0938778E+01  1.8722705E-03
  6.9880222E-01  2.0596882E+01  1.8937553E-03
  7.0367675E-01  2.0255265E+01  1.9154138E-03
  7.0858528E-01  1.9913854E+01  1.9372450E-03
  7.1352804E-01  1.9572598E+01  1.9592481E-03
  7.1850528E-01  1.9231465E+01  1.9814218E-03
  7.2351724E-01  1.8890443E+01  2.0037651E-03
  7.2856415E-01  1.8549537E+01  2.0262766E-03
  7.3364626E-01  1.8208769E+01  2.0489549E-03
  7.3876382E-01  1.7868178E+01  2.0717985E-03
  7.4391708E-01  1.7527819E+01  2.0948059E-03
  7.4910627E-01  1.7187761E+01  2.1179751E-03
  7.5433167E-01  1.6848087E+01  2.1413045E-03
  7.5959350E-01  1.6508893E+01  2.1647920E-03
  7.6489204E-01  1.6170284E+01  2.1884354E-03
  7.7022753E-01  1.5832379E+01  2.2122325E-03
  7.7560024E-01  1.5495305E+01  2.2361810E-03
  7.8101042E-01  1.5159199E+01  2.2602782E-03
  7.8645834E-01  1.4824205E+01  2.2845216E-03
  7.9194425E-01  1.4490473E+01  2.3089082E-03
  7.9746843E-01  1.4158160E+01  2.3334351E-03
  8.0303114E-01  1.3827427E+01  2.3580991E-03
  8.0863265E-01  1.3498441E+01  2.3828969E-03
  8.1427322E-01  1.3171368E+01  2.4078250E-03
  8.1995314E-01  1.2846381E+01  2.4328798E-03
  8.2567267E-01  1.2523651E+01  2.4580574E-03
  8.3143210E-01  1.2203352E+01  2.4833538E-03
  8.3723170E-01  1.1885654E+01  2.5087648E-03
  8.4307175E-01  1.1570731E+01  2.5342860E-03
  8.4895253E-01  1.1258751E+01  2.5599127E-03
  8.5487433E-01  1.0949881E+01  2.5856403E-03
  8.6083743E-01  1.0644287E+01  2.6114636E-03
  8.6684213E-01  1.0342128E+01  2.6373774E-03
  8.7288870E-01  1.0043561E+01  2.6633762E-03
  8.7897745E-01  9.7487366E+00  2.6894545E-03
  8.8510867E-01  9.4578021E+00  2.7156062E-03
  8.9128265E-01  9.1708976E+00  2.7418252E-03
  8.9749970E-01  8.8881576E+00  2.7681051E-03
  9.0376010E-01  8.6097099E+00  2.7944393E-03
  9.1006418E-01  8.3356756E+00  2.8208209E-03
  9.1641222E-01  8.0661687E+00  2.8472426E-03
  9.2280454E-01  7.8012958E+00  2.8736971E-03
  9.2924144E-01  7.5411558E+00  2.9001766E-03
  9.3572324E-01  7.2858400E+00  2.9266732E-03
  9.4225025E-01  7.0354317E+00  2.9531785E-03
  9.4882278E-01  6.7900062E+00  2.9796840E-03
  9.5544116E-01  6.5496308E+00  3.0061808E-03
  9.6210570E-01  6.3143646E+00  3.0326597E-03
  9.6881672E-01  6.0842585E+00  3.0591113E-03
  9.7557455E-01  5.8593554E+00  3.0855257E-03
  9.8237951E-01  5.6396902E+00  3.1118927E-03
  9.8923194E-01  5.4252897E+00  3.1382019E-03
  9.9613216E-01  5.2161730E+00  3.1644425E-03
  1.0030805E+00  5.0123514E+00  3.1906033E-03
  1.0100773E+00  4.8138285E+00  3.2166727E-03
  1.0171229E+00  4.6206007E+00  3.2426389E-03
  1.0242177E+00  4.4326570E+00  3.2684897E-03
  1.0313619E+00  4.2499796E+00  3.2942123E-03
  1.0385560E+00  4.0725439E+00  3.3197939E-03
  1.0458003E+00  3.9003185E+00  3.3452210E-03
  1.0530950E+00  3.7332662E+00  3.3704797E-03
  1.0604407E+00  3.5713433E+00  3.3955560E-03
  1.0678376E+00  3.4145009E+00  3.4204353E-03
  1.0752861E+00  3.2626841E+00  3.4451024E-03
  1.0827865E+00  3.1158334E+00  3.4695421E-03
  1.0903392E+00  2.9738840E+00  3.4937384E-03
  1.0979447E+00  2.8367667E+00  3.5176750E-03
  1.1056031E+00  2.7044083E+00  3.5413353E-03
  1.1133150E+00  2.5767313E+00  3.5647021E-03
  1.1210807E+00  2.4536547E+00  3.5877577E-03
  1.1289006E+00  2.3350942E+00  3.6104841E-03
  1.1367749E+00  2.2209624E+00  3.6328629E-03
  1.1447042E+00  2.1111692E+00  3.6548749E-03
  1.1526889E+00  2.0056221E+00  3.6765009E-03
  1.1607292E+00  1.9042263E+00  3.6977207E-03
  1.1688255E+00  1.8068854E+00  3.7185142E-03
  1.1769784E+00  1.7135011E+00  3.7388604E-03
  1.1851881E+00  1.6239740E+00  3.7587379E-03
  1.1934551E+00  1.5382035E+00  3.7781251E-03
  1.2017797E+00  1.4560882E+00  3.7969995E-03
  1.2101624E+00  1.3775262E+00  3.8153384E-03
  1.2186036E+00  1.3024152E+00  3.8331186E-03
  1.2271037E+00  1.2306528E+00  3.8503162E-03
  1.2356630E+00  1.1621368E+00  3.8669072E-03
  1.2442820E+00  1.0967650E+00  3.8828667E-03
  1.2529612E+00  1.0344362E+00  3.8981697E-03
  1.2617008E+00  9.7504927E-01  3.9127904E-03
  1.2705015E+00  9.1850442E-01  3.9267028E-03
  1.2793635E+00  8.6470262E-01  3.9398803E-03
  1.2882873E+00  8.1354606E-01  3.9522959E-03
  1.2972734E+00  7.6493821E-01  3.9639221E-03
  1.3063222E+00  7.1878398E-01  3.9747310E-03
  1.3154340E+00  6.7498979E-01  3.9846943E-03
  1.3246095E+00  6.3346374E-01  3.9937831E-03
  1.3338489E+00  5.9411564E-01  4.0019684E-03
  1.3431527E+00  5.5685717E-01  4.0092207E-03
  1.3525215E+00  5.2160188E-01  4.0155099E-03
  1.3619556E+00  4.8826532E-01  4.0208059E-03
  1.3714555E+00  4.5676506E-01  4.0250780E-03
  1.3810217E+00  4.2702079E-01  4.0282953E-03
  1.3906545E+00  3.9895430E-01  4.0304266E-03
  1.4003546E+00  3.7248955E-01  4.0314405E-03
  1.4101223E+00  3.4755271E-01  4.0313053E-03
  1.4199582E+00  3.2407214E-01  4.0299890E-03
  1.4298626E+00  3.0197844E-01  4.0274596E-03
  1.4398362E+00  2.8120445E-01  4.0236848E-03
  1.4498793E+00  2.6168521E-01  4.0186325E-03
  1.4599924E+00  2.4335803E-01  4.0122702E-03
  1.4701761E+00  2.2616239E-01  4.0045657E-03
  1.4804308E+00  2.1004001E-01  3.9954865E-03
  1.4907571E+00  1.9493476E-01  3.9850005E-03
  1.5011553E+00  1.8079268E-01  3.9730756E-03
  1.5116261E+00  1.6756194E-01  3.9596799E-03
  1.5221700E+00  1.5519278E-01  3.9447820E-03
  1.5327873E+00  1.4363751E-01  3.9283505E-03
  1.5434787E+00  1.3285047E-01  3.9103547E-03
  1.5542447E+00  1.2278796E-01  3.8907643E-03
  1.5650858E+00  1.1340820E-01  3.8695495E-03
  1.5760025E+00  1.0467134E-01  3.8466813E-03
  1.5869953E+00  9.6539315E-02  3.8221314E-03
  1.5980649E+00  8.8975888E-02  3.7958724E-03
  1.6092116E+00  8.1946544E-02  3.7678778E-03
  1.6204360E+00  7.5418457E-02  3.7381223E-03
  1.6317388E+00  6.9360436E-02  3.7065818E-03
  1.6431204E+00  6.3742872E-02  3.6732334E-03
  1.6545813E+00  5.8537683E-02  3.6380560E-03
  1.6661222E+00  5.3718262E-02  3.6010297E-03
  1.6777437E+00  4.9259421E-02  3.5621366E-03
  1.6894461E+00  4.5137343E-02  3.5213609E-03
  1.7012302E+00  4.1329522E-02  3.4786887E-03
  1.7130965E+00  3.7814718E-02  3.4341083E-03
  1.7250455E+00  3.4572896E-02  3.3876108E-03
  1.7370779E+00  3.1585184E-02  3.3391897E-03
  1.7491942E+00  2.8833816E-02  3.2888417E-03
  1.7613950E+00  2.6302085E-02  3.2365663E-03
  1.7736809E+00  2.3974297E-02  3.1823668E-03
  1.7860525E+00  2.1835718E-02  3.1262497E-03
  1.7985104E+00  1.9872533E-02  3.0682258E-03
  1.8110552E+00  1.8071796E-02  3.0083098E-03
  1.8236875E+00  1.6421392E-02  2.9465209E-03
  1.8364079E+00  1.4909991E-02  2.8828834E-03
  1.8492170E+00  1.3527008E-02  2.8174265E-03
  1.8621155E+00  1.2262560E-02  2.7501849E-03
  1.8751039E+00  1.1107436E-02  2.6811991E-03
  1.8881829E+00  1.0053049E-02  2.6105161E-03
  1.9013531E+00  9.0914093E-03  2.5381894E-03
  1.9146152E+00  8.2150867E-03  2.4642796E-03
  1.9279698E+00  7.4171776E-03  2.3888549E-03
  1.9414176E+00  6.6912744E-03  2.3119914E-03
  1.9549591E+00  6.0314351E-03  2.2337739E-03
  1.9685951E+00  5.4321550E-03  2.1542962E-03
  1.9823262E+00  4.8883390E-03  2.0736617E-03
  1.9961531E+00  4.3952757E-03  1.9919842E-03
  2.0100764E+00  3.9486126E-03  1.9093880E-03
  2.0240968E+00  3.5443326E-03  1.8260092E-03
  2.0382150E+00  3.1787317E-03  1.7419958E-03
  2.0524317E+00  2.8483978E-03  1.6575090E-03
  2.0667475E+00  2.5501908E-03  1.5727234E-03
  2.0811632E+00  2.2812234E-03  1.4878280E-03
  2.0956794E+00  2.0388436E-03  1.4030273E-03
  2.1102969E+00  1.8206179E-03  1.3185418E-03
  2.1250164E+00  1.6243153E-03  1.2346089E-03
  2.1398385E+00  1.4478922E-03  1.1514844E-03
  2.1547640E+00  1.2894792E-03  1.0694428E-03
  2.1697936E+00  1.1473670E-03  9.8877882E-04
  2.1849280E+00  1.0199950E-03  9.0980846E-04
  2.2001679E+00  9.0593938E-04  8.3287003E-04
  2.2155142E+00  8.0390239E-04  7.5832548E-04
  2.2309675E+00  7.1270247E-04  6.8656165E-04
  2.2465286E+00  6.3126491E-04  6.1799166E-04
  2.2621982E+00  5.5861308E-04  5.5305628E-04
  2.2779772E+00  4.9386046E-04  4.9222545E-04
  2.2938661E+00  4.3620306E-04  4.3599986E-04
  2.3098659E+00  3.8491252E-04  3.8491252E-04
  2.3259773E+00  3.3932966E-04  3.3932966E-04
  2.3422011E+00  2.9885848E-04  2.9885848E-04
  2.3585380E+00  2.6296071E-04  2.6296071E-04
  2.3749889E+00  2.3115066E-04  2.3115066E-04
  2.3915545E+00  2.0299060E-04  2.0299060E-04
  2.4082357E+00  1.7808636E-04  1.7808636E-04
  2.4250332E+00  1.5608342E-04  1.5608342E-04
  2.4419479E+00  1.3666324E-04  1.3666324E-04
  2.4589805E+00  1.1953989E-04  1.1953989E-04
  2.4761319E+00  1.0445700E-04  1.0445700E-04
  2.4934030E+00  9.1184960E-05  9.1184960E-05
  2.5107945E+00  7.9518306E-05  7.9518306E-05
  2.5283074E+00  6.9273416E-05  6.9273416E-05
  2.5459424E+00  6.0286345E-05  6.0286345E-05
  2.5637003E+00  5.2410876E-05  5.2410876E-05
  2.5815822E+00  4.5516752E-05  4.5516752E-05
  2.5995888E+00  3.9488050E-05  3.9488050E-05
  2.6177209E+00  3.4221725E-05  3.4221725E-05
  2.6359795E+00  2.9626277E-05  2.9626277E-05
  2.6543655E+00  2.5620545E-05  2.5620545E-05
  2.6728797E+00  2.2132624E-05  2.2132624E-05
  2.6915231E+00  1.9098876E-05  1.9098876E-05
  2.7102965E+00  1.6463045E-05  1.6463045E-05
  2.7292008E+00  1.4175455E-05  1.4175455E-05
  2.7482370E+00  1.2192293E-05  1.2192293E-05
  2.7674059E+00  1.0474960E-05  1.0474960E-05
  2.7867086E+00  8.9894872E-06  8.9894872E-06
  2.8061458E+00  7.7060177E-06  7.7060177E-06
  2.8257187E+00  6.5983384E-06  6.5983384E-06
  2.8454281E+00  5.6434619E-06  5.6434619E-06
  2.8652749E+00  4.8212532E-06  4.8212532E-06
  2.8852602E+00  4.1140968E-06  4.1140968E-06
  2.9053848E+00  3.5065995E-06  3.5065995E-06
  2.9256499E+00  2.9853259E-06  2.9853259E-06
  2.9460562E+00  2.5385637E-06  2.5385637E-06
  2.9666049E+00  2.1561150E-06  2.1561150E-06
  2.9872970E+00  1.8291111E-06  1.8291111E-06
  3.0081333E+00  1.5498488E-06  1.5498488E-06
  3.0291150E+00  1.3116450E-06  1.3116450E-06
  3.0502430E+00  1.1087095E-06  1.1087095E-06
  3.0715184E+00  9.3603135E-07  9.3603135E-07
  3.0929422E+00  7.8927943E-07  7.8927943E-07
  3.1145154E+00  6.6471516E-07  6.6471516E-07
  3.1362391E+00  5.5911529E-07  5.5911529E-07
  3.1581143E+00  4.6970448E-07  4.6970448E-07
  3.1801420E+00  3.9409608E-07  3.9409608E-07
  3.2023234E+00  3.3024033E-07  3.3024033E-07
  3.2246595E+00  2.7637907E-07  2.7637907E-07
  3.2471515E+00  2.3100623E-07  2.3100623E-07
  3.2698002E+00  1.9283333E-07  1.9283333E-07
  3.2926070E+00  1.6075955E-07  1.6075955E-07
  3.3155728E+00  1.3384559E-07  1.3384559E-07
  3.3386988E+00  1.1129105E-07  1.1129105E-07
  3.3619862E+00  9.2414817E-08  9.2414817E-08
  3.3854359E+00  7.6638034E-08  7.6638034E-08
  3.4090492E+00  6.3469444E-08  6.3469444E-08
  3.4328272E+00  5.2492684E-08  5.2492684E-08
  3.4567710E+00  4.3355354E-08  4.3355354E-08
  3.4808819E+00  3.5759599E-08  3.5759599E-08
  3.5051609E+00  2.9454017E-08  2.9454017E-08
  3.5296092E+00  2.4226708E-08  2.4226708E-08
  3.5542281E+00  1.9899321E-08  1.9899321E-08
  3.5790187E+00  1.6321948E-08  1.6321948E-08
  3.6039822E+00  1.3368772E-08  1.3368772E-08
  3.6291198E+00  1.0934342E-08  1.0934342E-08
  3.6544327E+00  8.9304061E-09  8.9304061E-09
  3.6799222E+00  7.2832126E-09  7.2832126E-09
  3.7055895E+00  5.9312155E-09  5.9312155E-09
  3.7314358E+00  4.8231310E-09  4.8231310E-09
  3.7574624E+00  3.9162886E-09  3.9162886E-09
  3.7836705E+00  3.1752376E-09  3.1752376E-09
  3.8100614E+00  2.5705689E-09  2.5705689E-09
  3.8366364E+00  2.0779222E-09  2.0779222E-09
  3.8633967E+00  1.6771497E-09  1.6771497E-09
  3.8903437E+00  1.3516130E-09  1.3516130E-09
  3.9174786E+00  1.0875927E-09  1.0875927E-09
  3.9448028E+00  8.7379387E-10  8.7379387E-10
  3.9723176E+00  7.0093189E-10  7.0093189E-10
  4.0000243E+00  5.6138664E-10  5.6138664E-10
  4.0279242E+00  4.4891386E-10  4.4891386E-10
  4.0560187E+00  3.5840485E-10  3.5840485E-10
  4.0843092E+00  2.8568658E-10  2.8568658E-10
  4.1127970E+00  2.2735582E-10  2.2735582E-10
  4.1414835E+00  1.8064155E-10  1.8064155E-10
  4.1703701E+00  1.4329125E-10  1.4329125E-10
  4.1994582E+00  1.1347682E-10  1.1347682E-10
  4.2287491E+00  8.9717067E-11  8.9717067E-11
  4.2582443E+00  7.0813882E-11  7.0813882E-11
  4.2879453E+00  5.5799725E-11  5.5799725E-11
  4.3178534E+00  4.3894581E-11  4.3894581E-11
  4.3479702E+00  3.4470674E-11  3.4470674E-11
  4.3782970E+00  2.7023618E-11  2.7023618E-11
  4.4088353E+00  2.1148851E-11  2.1148851E-11
  4.4395866E+00  1.6522447E-11  1.6522447E-11
  4.4705524E+00  1.2885490E-11  1.2885490E-11
  4.5017341E+00  1.0031391E-11  1.0031391E-11
  4.5331334E+00  7.7956015E-12  7.7956015E-12
  4.5647517E+00  6.0472914E-12  6.0472914E-12
  4.5965905E+00  4.6826265E-12  4.6826265E-12
  4.6286513E+00  3.6193450E-12  3.6193450E-12
  4.6609358E+00  2.7923943E-12  2.7923943E-12
  4.6934455E+00  2.1504247E-12  2.1504247E-12
  4.7261819E+00  1.6529772E-12  1.6529772E-12
  4.7591467E+00  1.2682328E-12  1.2682328E-12
  4.7923413E+00  9.7121390E-13  9.7121390E-13
  4.8257675E+00  7.4235032E-13  7.4235032E-13
  4.8594269E+00  5.6633743E-13  5.6633743E-13
  4.8933210E+00  4.3122924E-13  4.3122924E-13
  4.9274515E+00  3.2771921E-13  3.2771921E-13
  4.9618200E+00  2.4857104E-13  2.4857104E-13
  4.9964283E+00  1.8816906E-13  1.8816906E-13
  5.0312780E+00  1.4216381E-13  1.4216381E-13
  5.0663707E+00  1.0719316E-13  1.0719316E-13
  5.1017082E+00  8.0663370E-14  8.0663370E-14
  5.1372922E+00  6.0577435E-14  6.0577435E-14
  5.1731243E+00  4.5400915E-14  4.5400915E-14
  5.2092064E+00  3.3957168E-14  3.3957168E-14
  5.2455401E+00  2.5345763E-14  2.5345763E-14
  5.2821273E+00  1.8879053E-14  1.8879053E-14
  5.3189697E+00  1.4032976E-14  1.4032976E-14
  5.3560690E+00  1.0408974E-14  1.0408974E-14
  5.3934271E+00  7.7045692E-15  7.7045692E-15
  5.4310457E+00  5.6906893E-15  5.6906893E-15
  5.4689268E+00  4.1942194E-15  4.1942194E-15
  5.5070720E+00  3.0846141E-15  3.0846141E-15
  5.5454833E+00  2.2636411E-15  2.2636411E-15
  5.5841626E+00  1.6575436E-15  1.6575436E-15
  5.6231116E+00  1.2110624E-15  1.2110624E-15
  5.6623322E+00  8.8288838E-16  8.8288838E-16
  5.7018264E+00  6.4220879E-16  6.4220879E-16
  5.7415961E+00  4.6609162E-16  4.6609162E-16
  5.7816432E+00  3.3750820E-16  3.3750820E-16
  5.8219696E+00  2.4384211E-16  2.4384211E-16
  5.8625772E+00  1.7576715E-16  1.7576715E-16
  5.9034681E+00  1.2640511E-16  1.2640511E-16
  5.9446442E+00  9.0694851E-17  9.0694851E-17
  5.9861075E+00  6.4920956E-17  6.4920956E-17
  6.0278600E+00  4.6362256E-17  4.6362256E-17
  6.0699037E+00  3.3030464E-17  3.3030464E-17
  6.1122406E+00  2.3476223E-17  2.3476223E-17
  6.1548729E+00  1.6645553E-17  1.6645553E-17
  6.1978025E+00  1.1773824E-17  1.1773824E-17
  6.2410315E+00  8.3076670E-18  8.3076670E-18
  6.2845620E+00  5.8475724E-18  5.8475724E-18
  6.3283962E+00  4.1058198E-18  4.1058198E-18
  6.3725361E+00  2.8757068E-18  2.8757068E-18
  6.4169838E+00  2.0091040E-18  2.0091040E-18
  6.4617416E+00  1.4001220E-18  1.4001220E-18
  6.5068115E+00  9.7325696E-19  9.7325696E-19
  6.5521958E+00  6.7480735E-19  6.7480735E-19
  6.5978967E+00  4.6667564E-19  4.6667564E-19
  6.6439163E+00  3.2190360E-19  3.2190360E-19
  6.6902569E+00  2.2146455E-19  2.2146455E-19
  6.7369207E+00  1.5196461E-19  1.5196461E-19
  6.7839099E+00  1.0399986E-19  1.0399986E-19
  6.8312269E+00  7.0985089E-20  7.0985089E-20
  6.8788740E+00  4.8321196E-20  4.8321196E-20
  6.9268533E+00  3.2804719E-20  3.2804719E-20
  6.9751673E+00  2.2210327E-20  2.2210327E-20
  7.0238183E+00  1.4996345E-20  1.4996345E-20
  7.0728087E+00  1.0097631E-20  1.0097631E-20
  7.1221407E+00  6.7802992E-21  6.7802992E-21
  7.1718168E+00  4.5400970E-21  4.5400970E-21
  7.2218394E+00  3.0315162E-21  3.0315162E-21
  7.2722109E+00  2.0184808E-21  2.0184808E-21
  7.3229337E+00  1.3401418E-21  1.3401418E-21
  7.3740103E+00  8.8721667E-22  8.8721667E-22
  7.4254431E+00  5.8566954E-22  5.8566954E-22
  7.4772347E+00  3.8548744E-22  3.8548744E-22
  7.5293875E+00  2.5298468E-22  2.5298468E-22
  7.5819041E+00  1.6553724E-22  1.6553724E-22
  7.6347870E+00  1.0799551E-22  1.0799551E-22
  7.6880387E+00  7.0244959E-23  7.0244959E-23
  7.7416618E+00  4.5552787E-23  4.5552787E-23
  7.7956590E+00  2.9450719E-23  2.9450719E-23
  7.8500327E+00  1.8982296E-23  1.8982296E-23
  7.9047858E+00  1.2197312E-23  1.2197312E-23
  7.9599207E+00  7.8132682E-24  7.8132682E-24
  8.0154401E+00  4.9893623E-24  4.9893623E-24
  8.0713468E+00  3.1760807E-24  3.1760807E-24
  8.1276435E+00  2.0154064E-24  2.0154064E-24
  8.1843328E+00  1.2748194E-24  1.2748194E-24
  8.2414175E+00  8.0378496E-25  8.0378496E-25
  8.2989003E+00  5.0515714E-25  5.0515714E-25
  8.3567841E+00  3.1644531E-25  3.1644531E-25
  8.4150716E+00  1.9758156E-25  1.9758156E-25
  8.4737657E+00  1.2295884E-25  1.2295884E-25
  8.5328691E+00  7.6265592E-26  7.6265592E-26
  8.5923848E+00  4.7145790E-26  4.7145790E-26
  8.6523155E+00  2.9046403E-26  2.9046403E-26
  8.7126643E+00  1.7834738E-26  1.7834738E-26
  8.7734340E+00  1.0913289E-26  1.0913289E-26
  8.8346276E+00  6.6550104E-27  6.6550104E-27
  8.8962480E+00  4.0442268E-27  4.0442268E-27
  8.9582982E+00  2.4490937E-27  2.4490937E-27
  9.0207811E+00  1.4779094E-27  1.4779094E-27
  9.0836999E+00  8.8869362E-28  8.8869362E-28
  9.1470575E+00  5.3248501E-28  5.3248501E-28
  9.2108570E+00  3.1790910E-28  3.1790910E-28
  9.2751015E+00  1.8911583E-28  1.8911583E-28
  9.3397941E+00  1.1209112E-28  1.1209112E-28
  9.4049379E+00  6.6194497E-29  6.6194497E-29
  9.4705361E+00  3.8946533E-29  3.8946533E-29
  9.5365918E+00  2.2829731E-29  2.2829731E-29
  9.6031083E+00  1.3332346E-29  1.3332346E-29
  9.6700887E+00  7.7566620E-30  7.7566620E-30
  9.7375362E+00  4.4956680E-30  4.4956680E-30
  9.8054542E+00  2.5956923E-30  2.5956923E-30
  9.8738459E+00  1.4929327E-30  1.4929327E-30
  9.9427147E+00  8.5534968E-31  8.5534968E-31
  1.0012064E+01  4.8814842E-31  4.8814842E-31
  1.0081897E+01  2.7749364E-31  2.7749364E-31
  1.0152216E+01  1.5712138E-31  1.5712138E-31
  1.0223027E+01  8.8610804E-32  8.8610804E-32
  1.0294331E+01  4.9773161E-32  4.9773161E-32
  1.0366132E+01  2.7845103E-32  2.7845103E-32
  1.0438435E+01  1.5514411E-32  1.5514411E-32
  1.0511241E+01  8.6087956E-33  8.6087956E-33
  1.0584556E+01  4.7572697E-33  4.7572697E-33
  1.0658382E+01  2.6179962E-33  2.6179962E-33
  1.0732722E+01  1.4347083E-33  1.4347083E-33
  1.0807582E+01  7.8294090E-34  7.8294090E-34
  1.0882963E+01  4.2545385E-34  4.2545385E-34
  1.0958870E+01  2.3020843E-34  2.3020843E-34
  1.1035307E+01  1.2402850E-34  1.2402850E-34
  1.1112276E+01  6.6533639E-35  6.6533639E-35
  1.1189783E+01  3.5535918E-35  3.5535918E-35
  1.1267830E+01  1.8896751E-35  1.8896751E-35
  1.1346422E+01  1.0004305E-35  1.0004305E-35
  1.1425561E+01  5.2729488E-36  5.2729488E-36
  1.1505253E+01  2.7667738E-36  2.7667738E-36
  1.1585500E+01  1.4452193E-36  1.4452193E-36
  1.1666308E+01  7.5148493E-37  7.5148493E-37
  1.1747678E+01  3.8897308E-37  3.8897308E-37
  1.1829617E+01  2.0040927E-37  2.0040927E-37
  1.1912127E+01  1.0277824E-37  1.0277824E-37
  1.1995212E+01  5.2463320E-38  5.2463320E-38
  1.2078877E+01  2.6654311E-38  2.6654311E-38
  1.2163125E+01  1.3477897E-38  1.3477897E-38
  1.2247961E+01  6.7827457E-39  6.7827457E-39
  1.2333389E+01  3.3970607E-39  3.3970607E-39
  1.2419413E+01  1.6931717E-39  1.6931717E-39
  1.2506036E+01  8.3981589E-40  8.3981589E-40
  1.2593264E+01  4.1451274E-40  4.1451274E-40
  1.2681100E+01  2.0358588E-40  2.0358588E-40
  1.2769549E+01  9.9494371E-41  9.9494371E-41
  1.2858615E+01  4.8381075E-41  4.8381075E-41
  1.2948301E+01  2.3407960E-41  2.3407960E-41
  1.3038614E+01  1.1268018E-41  1.1268018E-41
  1.3129556E+01  5.3964985E-42  5.3964985E-42
  1.3221133E+01  2.5712352E-42  2.5712352E-42
  1.3313348E+01  1.2187686E-42  1.2187686E-42
  1.3406207E+01  5.7469150E-43  5.7469150E-43
  1.3499713E+01  2.6956696E-43  2.6956696E-43
  1.3593872E+01  1.2577695E-43  1.2577695E-43
  1.3688687E+01  5.8374348E-44  5.8374348E-44
  1.3784164E+01  2.6947193E-44  2.6947193E-44
  1.3880306E+01  1.2372554E-44  1.2372554E-44
  1.3977119E+01  5.6499317E-45  5.6499317E-45
  1.4074607E+01  2.5659529E-45  2.5659529E-45
  1.4172776E+01  1.1589355E-45  1.1589355E-45
  1.4271629E+01  5.2054503E-46  5.2054503E-46
  1.4371171E+01  2.3250325E-46  2.3250325E-46
  1.4471408E+01  1.0326534E-46  1.0326534E-46
  1.4572344E+01  4.5605573E-47  4.5605573E-47
  1.4673983E+01  2.0026358E-47  2.0026358E-47
  1.4776332E+01  8.7435816E-48  8.7435816E-48
  1.4879395E+01  3.7954350E-48  3.7954350E-48
  1.4983176E+01  1.6379560E-48  1.6379560E-48
  1.5087682E+01  7.0273856E-49  7.0273856E-49
  1.5192916E+01  2.9972187E-49  2.9972187E-49
  1.5298884E+01  1.2707447E-49  1.2707447E-49
  1.5405592E+01  5.3554428E-50  5.3554428E-50
  1.5513043E+01  2.2434250E-50  2.2434250E-50
  1.5621244E+01  9.3408956E-51  9.3408956E-51
  1.5730200E+01  3.8655198E-51  3.8655198E-51
  1.5839916E+01  1.5898317E-51  1.5898317E-51
  1.5950397E+01  6.4982977E-52  6.4982977E-52
  1.6061648E+01  2.6395777E-52  2.6395777E-52
  1.6173676E+01  1.0654591E-52  1.0654591E-52
  1.6286485E+01  4.2735373E-53  4.2735373E-53
  1.6400080E+01  1.7032068E-53  1.7032068E-53
  1.6514468E+01  6.7446142E-54  6.7446142E-54
  1.6629654E+01  2.6536104E-54  2.6536104E-54
  1.6745643E+01  1.0372607E-54  1.0372607E-54
  1.6862441E+01  4.0280015E-55  4.0280015E-55
  1.6980054E+01  1.5538973E-55  1.5538973E-55
  1.7098488E+01  5.9547835E-56  5.9547835E-56
  1.7217747E+01  2.2667330E-56  2.2667330E-56
  1.7337838E+01  8.5704801E-57  8.5704801E-57
  1.7458766E+01  3.2185467E-57  3.2185467E-57
  1.7580539E+01  1.2004490E-57  1.2004490E-57
  1.7703160E+01  4.4466818E-58  4.4466818E-58
  1.7826637E+01  1.6357460E-58  1.6357460E-58
  1.7950975E+01  5.9753321E-59  5.9753321E-59
  1.8076180E+01  2.1674713E-59  2.1674713E-59
  1.8202258E+01  7.8067154E-60  7.8067154E-60
  1.8329216E+01  2.7918075E-60  2.7918075E-60
  1.8457060E+01  9.9124954E-61  9.9124954E-61
  1.8585795E+01  3.4941298E-61  3.4941298E-61
  1.8715428E+01  1.2227328E-61  1.2227328E-61
  1.8845965E+01  4.2475473E-62  4.2475473E-62
  1.8977412E+01  1.4646544E-62  1.4646544E-62
  1.9109777E+01  5.0130419E-63  5.0130419E-63
  1.9243064E+01  1.7029976E-63  1.7029976E-63
  1.9377281E+01  5.7418308E-64  5.7418308E-64
  1.9512435E+01  1.9212654E-64  1.9212654E-64
  1.9648531E+01  6.3797213E-65  6.3797213E-65
  1.9785576E+01  2.1021808E-65  2.1021808E-65
  1.9923577E+01  6.8733564E-66  6.8733564E-66
  2.0062541E+01  2.2298434E-66  2.2298434E-66
  2.0202474E+01  7.1773261E-67  7.1773261E-67
  2.0343383E+01  2.2919740E-67  2.2919740E-67
  2.0485275E+01  7.2609116E-68  7.2609116E-68
  2.0628156E+01  2.2818263E-68  2.2818263E-68
  2.0772034E+01  7.1131078E-69  7.1131078E-69
  2.0916916E+01  2.1993621E-69  2.1993621E-69
  2.1062808E+01  6.7448083E-70  6.7448083E-70
  2.1209718E+01  2.0514117E-70  2.0514117E-70
  2.1357652E+01  6.1875830E-71  6.1875830E-71
  2.1506618E+01  1.8507537E-71  1.8507537E-71
  2.1656623E+01  5.4892102E-72  5.4892102E-72
  2.1807674E+01  1.6142796E-72  1.6142796E-72
  2.1959779E+01  4.7068375E-73  4.7068375E-73
  2.2112945E+01  1.3606136E-73  1.3606136E-73
  2.2267179E+01  3.8991418E-74  3.8991418E-74
  2.2422489E+01  1.1076565E-74  1.1076565E-74
  2.2578882E+01  3.1190052E-75  3.1190052E-75
  2.2736366E+01  8.7051212E-76  8.7051212E-76
  2.2894949E+01  2.4079858E-76  2.4079858E-76
  2.3054637E+01  6.6012441E-77  6.6012441E-77
  2.3215440E+01  1.7933401E-77  1.7933401E-77
  2.3377363E+01  4.8276580E-78  4.8276580E-78
  2.3540417E+01  1.2877130E-78  1.2877130E-78
  2.3704607E+01  3.4031571E-79  3.4031571E-79
  2.3869943E+01  8.9103864E-80  8.9103864E-80
  2.4036432E+01  2.3111803E-80  2.3111803E-80
  2.4204082E+01  5.9383361E-81  5.9383361E-81
  2.4372901E+01  1.5113325E-81  1.5113325E-81
  2.4542898E+01  3.8096929E-82  3.8096929E-82
  2.4714081E+01  9.5109710E-83  9.5109710E-83
  2.4886457E+01  2.3514439E-83  2.3514439E-83
  2.5060036E+01  5.7569042E-84  5.7569042E-84
  2.5234826E+01  1.3955888E-84  1.3955888E-84
  2.5410834E+01  3.3497258E-85  3.3497258E-85
  2.5588071E+01  7.9600057E-86  7.9600057E-86
  2.5766543E+01  1.8725722E-86  1.8725722E-86
  2.5946260E+01  4.3606710E-87  4.3606710E-87
  2.6127231E+01  1.0051385E-87  1.0051385E-87
  2.6309464E+01  2.2931067E-88  2.2931067E-88
  2.6492968E+01  5.1774528E-89  5.1774528E-89
  2.6677752E+01  1.1568286E-89  1.1568286E-89
  2.6863825E+01  2.5577029E-90  2.5577029E-90
  2.7051196E+01  5.5953374E-91  5.5953374E-91
  2.7239873E+01  1.2110560E-91  1.2110560E-91
  2.7429867E+01  2.5931663E-92  2.5931663E-92
  2.7621185E+01  5.4927618E-93  5.4927618E-93
  2.7813838E+01  1.1508302E-93  1.1508302E-93
  2.8007835E+01  2.3848297E-94  2.3848297E-94
  2.8203185E+01  4.8875857E-95  4.8875857E-95
  2.8399898E+01  9.9057474E-96  9.9057474E-96
  2.8597982E+01  1.9851833E-96  1.9851833E-96
  2.8797448E+01  3.9336786E-97  3.9336786E-97
  2.8998305E+01  7.7063030E-98  7.7063030E-98
  2.9200564E+01  1.4924713E-98  1.4924713E-98
  2.9404233E+01  2.8572092E-99  2.8572092E-99
  2.9609322E+01  5.4065146-100  5.4065146-100
  2.9815842E+01  1.0111017-100  1.0111017-100
  3.0023802E+01  1.8686882-101  1.8686882-101
  3.0233213E+01  3.4127592-102  3.4127592-102
  3.0444085E+01  6.1583311-103  6.1583311-103
  3.0656427E+01  1.0979195-103  1.0979195-103
  3.0870250E+01  1.9337007-104  1.9337007-104
  3.1085565E+01  3.3641865-105  3.3641865-105
  3.1302382E+01  5.7810061-106  5.7810061-106
  3.1520710E+01  9.8111392-107  9.8111392-107
  3.1740562E+01  1.6443258-107  1.6443258-107
  3.1961947E+01  2.7212478-108  2.7212478-108
  3.2184876E+01  4.4465089-109  4.4465089-109
  3.2409360E+01  7.1729809-110  7.1729809-110
  3.2635409E+01  1.1422676-110  1.1422676-110
  3.2863036E+01  1.7954845-111  1.7954845-111
  3.3092250E+01  2.7854711-112  2.7854711-112
  3.3323063E+01  4.2645771-113  4.2645771-113
  3.3555485E+01  6.4427350-114  6.4427350-114
  3.3789529E+01  9.6036838-115  9.6036838-115
  3.4025205E+01  1.4123249-115  1.4123249-115
  3.4262525E+01  2.0488775-116  2.0488775-116
  3.4501500E+01  2.9318184-117  2.9318184-117
  3.4742142E+01  4.1376375-118  4.1376375-118
  3.4984462E+01  5.7585917-119  5.7585917-119
  3.5228473E+01  7.9028248-120  7.9028248-120
  3.5474185E+01  1.0693108-120  1.0693108-120
  3.5721612E+01  1.4263755-121  1.4263755-121
  3.5970764E+01  1.8755321-122  1.8755321-122
  3.6221654E+01  2.4306799-123  2.4306799-123
  3.6474293E+01  3.1045244-124  3.1045244-124
  3.6728695E+01  3.9073056-125  3.9073056-125
  3.6984871E+01  4.8453498-126  4.8453498-126
  3.7242834E+01  5.9195444-127  5.9195444-127
  3.7502597E+01  7.1238748-128  7.1238748-128
  3.7764171E+01  8.4441911-129  8.4441911-129
  3.8027569E+01  9.8573920-130  9.8573920-130
  3.8292805E+01  1.1331205-130  1.1331205-130
  3.8559890E+01  1.2824710-131  1.2824710-131
  3.8828839E+01  1.4289705-132  1.4289705-132
  3.9099663E+01  1.5672903-133  1.5672903-133
  3.9372377E+01  1.6918887-134  1.6918887-134
  3.9646992E+01  1.7973614-135  1.7973614-135
  3.9923523E+01  1.8788185-136  1.8788185-136
  4.0201982E+01  1.9322531-137  1.9322531-137
  4.0482384E+01  1.9548628-138  1.9548628-138
  4.0764742E+01  1.9452901-139  1.9452901-139
  4.1049069E+01  1.9037523-140  1.9037523-140
  4.1335379E+01  1.8320442-141  1.8320442-141
  4.1623686E+01  1.7334119-142  1.7334119-142
  4.1914004E+01  1.6123084-143  1.6123084-143
  4.2206346E+01  1.4740579-144  1.4740579-144
  4.2500728E+01  1.3244633-145  1.3244633-145
  4.2797163E+01  1.1693985-146  1.1693985-146
  4.3095666E+01  1.0144248-147  1.0144248-147
  4.3396251E+01  8.6446758-149  8.6446758-149
  4.3698932E+01  7.2357783-150  7.2357783-150
  4.4003724E+01  5.9479168-151  5.9479168-151
  4.4310642E+01  4.8008957-152  4.8008957-152
  4.4619701E+01  3.8044455-153  3.8044455-153
  4.4930916E+01  2.9594114-154  2.9594114-154
  4.5244301E+01  2.2594183-155  2.2594183-155
  4.5559872E+01  0.0000000E+00  0.0000000E+00
  4.5877644E+01  0.0000000E+00  0.0000000E+00
  4.6197632E+01  0.0000000E+00  0.0000000E+00
  4.6519853E+01  0.0000000E+00  0.0000000E+00
  4.6844320E+01  0.0000000E+00  0.0000000E+00
  4.7171051E+01  0.0000000E+00  0.0000000E+00
  4.7500061E+01  0.0000000E+00  0.0000000E+00
  4.7831365E+01  0.0000000E+00  0.0000000E+00
  4.8164981E+01  0.0000000E+00  0.0000000E+00
  4.8500923E+01  0.0000000E+00  0.0000000E+00
  4.8839208E+01  0.0000000E+00  0.0000000E+00
  4.9179853E+01  0.0000000E+00  0.0000000E+00
  4.9522874E+01  0.0000000E+00  0.0000000E+00
  4.9868287E+01  0.0000000E+00  0.0000000E+00
  5.0216109E+01  0.0000000E+00  0.0000000E+00
  5.0566358E+01  0.0000000E+00  0.0000000E+00
  5.0919049E+01  0.0000000E+00  0.0000000E+00
  5.1274200E+01  0.0000000E+00  0.0000000E+00
  5.1631829E+01  0.0000000E+00  0.0000000E+00
  5.1991952E+01  0.0000000E+00  0.0000000E+00
  5.2354586E+01  0.0000000E+00  0.0000000E+00
  5.2719750E+01  0.0000000E+00  0.0000000E+00
  5.3087461E+01  0.0000000E+00  0.0000000E+00
  5.3457736E+01  0.0000000E+00  0.0000000E+00
  5.3830595E+01  0.0000000E+00  0.0000000E+00
  5.4206053E+01  0.0000000E+00  0.0000000E+00
  5.4584131E+01  0.0000000E+00  0.0000000E+00
  5.4964845E+01  0.0000000E+00  0.0000000E+00
  5.5348215E+01  0.0000000E+00  0.0000000E+00
  5.5734259E+01  0.0000000E+00  0.0000000E+00
  5.6122996E+01  0.0000000E+00  0.0000000E+00
  5.6514444E+01  0.0000000E+00  0.0000000E+00
  5.6908622E+01  0.0000000E+00  0.0000000E+00
  5.7305549E+01  0.0000000E+00  0.0000000E+00
  5.7705245E+01  0.0000000E+00  0.0000000E+00
  5.8107729E+01  0.0000000E+00  0.0000000E+00
  5.8513020E+01  0.0000000E+00  0.0000000E+00
  5.8921138E+01  0.0000000E+00  0.0000000E+00
  5.9332102E+01  0.0000000E+00  0.0000000E+00
  5.9745933E+01  0.0000000E+00  0.0000000E+00
  6.0162650E+01  0.0000000E+00  0.0000000E+00
  6.0582274E+01  0.0000000E+00  0.0000000E+00
  6.1004824E+01  0.0000000E+00  0.0000000E+00
  6.1430322E+01  0.0000000E+00  0.0000000E+00
  6.1858787E+01  0.0000000E+00  0.0000000E+00
  6.2290241E+01  0.0000000E+00  0.0000000E+00
  6.2724704E+01  0.0000000E+00  0.0000000E+00
  6.3162198E+01  0.0000000E+00  0.0000000E+00
  6.3602743E+01  0.0000000E+00  0.0000000E+00
  6.4046360E+01  0.0000000E+00  0.0000000E+00
  6.4493072E+01  0.0000000E+00  0.0000000E+00
  6.4942900E+01  0.0000000E+00  0.0000000E+00
  6.5395865E+01  0.0000000E+00  0.0000000E+00
  6.5851989E+01  0.0000000E+00  0.0000000E+00
  6.6311295E+01  0.0000000E+00  0.0000000E+00
  6.6773804E+01  0.0000000E+00  0.0000000E+00
  6.7239539E+01  0.0000000E+00  0.0000000E+00
  6.7708523E+01  0.0000000E+00  0.0000000E+00
  6.8180778E+01  0.0000000E+00  0.0000000E+00
  6.8656326E+01  0.0000000E+00  0.0000000E+00
  6.9135192E+01  0.0000000E+00  0.0000000E+00
  6.9617397E+01  0.0000000E+00  0.0000000E+00
  7.0102966E+01  0.0000000E+00  0.0000000E+00
  7.0591921E+01  0.0000000E+00  0.0000000E+00
  7.1084287E+01  0.0000000E+00  0.0000000E+00
  7.1580087E+01  0.0000000E+00  0.0000000E+00
  7.2079345E+01  0.0000000E+00  0.0000000E+00
  7.2582086E+01  0.0000000E+00  0.0000000E+00
  7.3088333E+01  0.0000000E+00  0.0000000E+00
  7.3598111E+01  0.0000000E+00  0.0000000E+00
  7.4111444E+01  0.0000000E+00  0.0000000E+00
  7.4628358E+01  0.0000000E+00  0.0000000E+00
  7.5148877E+01  0.0000000E+00  0.0000000E+00
  7.5673027E+01  0.0000000E+00  0.0000000E+00
  7.6200832E+01  0.0000000E+00  0.0000000E+00
  7.6732319E+01  0.0000000E+00  0.0000000E+00
  7.7267513E+01  0.0000000E+00  0.0000000E+00
  7.7806440E+01  0.0000000E+00  0.0000000E+00
  7.8349126E+01  0.0000000E+00  0.0000000E+00
  7.8895597E+01  0.0000000E+00  0.0000000E+00
  7.9445879E+01  0.0000000E+00  0.0000000E+00
  8.0000000E+01  0.0000000E+00  0.0000000E+00
