 # l=           3 basis function with energy   -0.144960729656086     
  0.0000E+00  0.0000E+00  0.0000E+00  0.0000E+00
  5.1574E-07 -6.3945E-20  3.6913E-26 -3.0330E-25
  1.0351E-06 -7.5290E-19  5.9889E-25 -4.9109E-24
  1.5580E-06 -3.2021E-18  3.0744E-24 -2.5194E-23
  2.0846E-06 -8.9756E-18  9.8533E-24 -8.0751E-23
  2.6149E-06 -2.0022E-17  2.4394E-23 -1.9990E-22
  3.1489E-06 -3.8653E-17  5.1297E-23 -4.2037E-22
  3.6866E-06 -6.7539E-17  9.6375E-23 -7.8972E-22
  4.2280E-06 -1.0971E-16  1.6673E-22 -1.3663E-21
  4.7732E-06 -1.6855E-16  2.7085E-22 -2.2194E-21
  5.3223E-06 -2.4781E-16  4.1866E-22 -3.4307E-21
  5.8751E-06 -3.5162E-16  6.2164E-22 -5.0940E-21
  6.4318E-06 -4.8447E-16  8.9292E-22 -7.3169E-21
  6.9924E-06 -6.5127E-16  1.2473E-21 -1.0221E-20
  7.5569E-06 -8.5730E-16  1.7016E-21 -1.3944E-20
  8.1254E-06 -1.1083E-15  2.2743E-21 -1.8637E-20
  8.6978E-06 -1.4104E-15  2.9861E-21 -2.4470E-20
  9.2742E-06 -1.7701E-15  3.8599E-21 -3.1630E-20
  9.8546E-06 -2.1945E-15  4.9207E-21 -4.0323E-20
  1.0439E-05 -2.6912E-15  6.1962E-21 -5.0774E-20
  1.1028E-05 -3.2680E-15  7.7162E-21 -6.3230E-20
  1.1620E-05 -3.9335E-15  9.5135E-21 -7.7958E-20
  1.2217E-05 -4.6967E-15  1.1624E-20 -9.5249E-20
  1.2818E-05 -5.5672E-15  1.4085E-20 -1.1542E-19
  1.3423E-05 -6.5551E-15  1.6939E-20 -1.3881E-19
  1.4033E-05 -7.6710E-15  2.0231E-20 -1.6578E-19
  1.4646E-05 -8.9263E-15  2.4008E-20 -1.9674E-19
  1.5264E-05 -1.0333E-14  2.8323E-20 -2.3210E-19
  1.5886E-05 -1.1903E-14  3.3232E-20 -2.7232E-19
  1.6513E-05 -1.3651E-14  3.8793E-20 -3.1788E-19
  1.7144E-05 -1.5589E-14  4.5070E-20 -3.6932E-19
  1.7779E-05 -1.7734E-14  5.2131E-20 -4.2719E-19
  1.8419E-05 -2.0099E-14  6.0049E-20 -4.9207E-19
  1.9063E-05 -2.2701E-14  6.8901E-20 -5.6461E-19
  1.9712E-05 -2.5557E-14  7.8770E-20 -6.4547E-19
  2.0365E-05 -2.8685E-14  8.9742E-20 -7.3538E-19
  2.1023E-05 -3.2104E-14  1.0191E-19 -8.3510E-19
  2.1685E-05 -3.5832E-14  1.1537E-19 -9.4542E-19
  2.2352E-05 -3.9891E-14  1.3024E-19 -1.0672E-18
  2.3024E-05 -4.4301E-14  1.4661E-19 -1.2014E-18
  2.3700E-05 -4.9085E-14  1.6461E-19 -1.3489E-18
  2.4381E-05 -5.4266E-14  1.8436E-19 -1.5108E-18
  2.5067E-05 -5.9869E-14  2.0600E-19 -1.6880E-18
  2.5757E-05 -6.5919E-14  2.2965E-19 -1.8819E-18
  2.6453E-05 -7.2443E-14  2.5548E-19 -2.0935E-18
  2.7153E-05 -7.9468E-14  2.8362E-19 -2.3241E-18
  2.7858E-05 -8.7023E-14  3.1425E-19 -2.5751E-18
  2.8568E-05 -9.5138E-14  3.4753E-19 -2.8478E-18
  2.9283E-05 -1.0385E-13  3.8365E-19 -3.1438E-18
  3.0003E-05 -1.1318E-13  4.2280E-19 -3.4646E-18
  3.0728E-05 -1.2317E-13  4.6517E-19 -3.8118E-18
  3.1458E-05 -1.3385E-13  5.1098E-19 -4.1872E-18
  3.2193E-05 -1.4527E-13  5.6044E-19 -4.5925E-18
  3.2934E-05 -1.5745E-13  6.1380E-19 -5.0297E-18
  3.3679E-05 -1.7045E-13  6.7129E-19 -5.5008E-18
  3.4430E-05 -1.8429E-13  7.3316E-19 -6.0079E-18
  3.5186E-05 -1.9903E-13  7.9970E-19 -6.5531E-18
  3.5947E-05 -2.1471E-13  8.7118E-19 -7.1388E-18
  3.6713E-05 -2.3138E-13  9.4789E-19 -7.7674E-18
  3.7485E-05 -2.4908E-13  1.0301E-18 -8.4414E-18
  3.8262E-05 -2.6787E-13  1.1183E-18 -9.1636E-18
  3.9045E-05 -2.8779E-13  1.2126E-18 -9.9366E-18
  3.9833E-05 -3.0891E-13  1.3135E-18 -1.0763E-17
  4.0626E-05 -3.3128E-13  1.4214E-18 -1.1647E-17
  4.1425E-05 -3.5495E-13  1.5365E-18 -1.2591E-17
  4.2230E-05 -3.8000E-13  1.6594E-18 -1.3598E-17
  4.3040E-05 -4.0647E-13  1.7905E-18 -1.4672E-17
  4.3856E-05 -4.3445E-13  1.9302E-18 -1.5817E-17
  4.4678E-05 -4.6399E-13  2.0790E-18 -1.7036E-17
  4.5505E-05 -4.9516E-13  2.2373E-18 -1.8333E-17
  4.6338E-05 -5.2805E-13  2.4057E-18 -1.9713E-17
  4.7177E-05 -5.6272E-13  2.5847E-18 -2.1180E-17
  4.8022E-05 -5.9926E-13  2.7748E-18 -2.2738E-17
  4.8873E-05 -6.3774E-13  2.9767E-18 -2.4393E-17
  4.9729E-05 -6.7826E-13  3.1910E-18 -2.6148E-17
  5.0592E-05 -7.2089E-13  3.4182E-18 -2.8010E-17
  5.1461E-05 -7.6573E-13  3.6591E-18 -2.9984E-17
  5.2335E-05 -8.1287E-13  3.9143E-18 -3.2075E-17
  5.3216E-05 -8.6241E-13  4.1845E-18 -3.4290E-17
  5.4103E-05 -9.1446E-13  4.4705E-18 -3.6633E-17
  5.4996E-05 -9.6910E-13  4.7731E-18 -3.9113E-17
  5.5895E-05 -1.0265E-12  5.0930E-18 -4.1734E-17
  5.6801E-05 -1.0867E-12  5.4312E-18 -4.4506E-17
  5.7713E-05 -1.1498E-12  5.7885E-18 -4.7433E-17
  5.8631E-05 -1.2160E-12  6.1657E-18 -5.0525E-17
  5.9556E-05 -1.2853E-12  6.5640E-18 -5.3788E-17
  6.0487E-05 -1.3580E-12  6.9842E-18 -5.7232E-17
  6.1425E-05 -1.4341E-12  7.4275E-18 -6.0864E-17
  6.2369E-05 -1.5138E-12  7.8948E-18 -6.4693E-17
  6.3320E-05 -1.5973E-12  8.3873E-18 -6.8729E-17
  6.4277E-05 -1.6846E-12  8.9062E-18 -7.2981E-17
  6.5241E-05 -1.7759E-12  9.4526E-18 -7.7459E-17
  6.6212E-05 -1.8714E-12  1.0028E-17 -8.2173E-17
  6.7189E-05 -1.9712E-12  1.0633E-17 -8.7134E-17
  6.8174E-05 -2.0756E-12  1.1270E-17 -9.2354E-17
  6.9165E-05 -2.1846E-12  1.1940E-17 -9.7844E-17
  7.0163E-05 -2.2985E-12  1.2645E-17 -1.0362E-16
  7.1168E-05 -2.4174E-12  1.3385E-17 -1.0968E-16
  7.2180E-05 -2.5416E-12  1.4163E-17 -1.1605E-16
  7.3199E-05 -2.6712E-12  1.4980E-17 -1.2275E-16
  7.4226E-05 -2.8064E-12  1.5838E-17 -1.2978E-16
  7.5259E-05 -2.9475E-12  1.6738E-17 -1.3716E-16
  7.6300E-05 -3.0946E-12  1.7683E-17 -1.4491E-16
  7.7348E-05 -3.2480E-12  1.8675E-17 -1.5303E-16
  7.8403E-05 -3.4080E-12  1.9715E-17 -1.6155E-16
  7.9466E-05 -3.5747E-12  2.0806E-17 -1.7049E-16
  8.0536E-05 -3.7484E-12  2.1949E-17 -1.7986E-16
  8.1613E-05 -3.9293E-12  2.3148E-17 -1.8968E-16
  8.2698E-05 -4.1178E-12  2.4403E-17 -1.9997E-16
  8.3790E-05 -4.3141E-12  2.5719E-17 -2.1075E-16
  8.4891E-05 -4.5184E-12  2.7096E-17 -2.2204E-16
  8.5998E-05 -4.7312E-12  2.8539E-17 -2.3386E-16
  8.7114E-05 -4.9525E-12  3.0049E-17 -2.4623E-16
  8.8237E-05 -5.1829E-12  3.1629E-17 -2.5918E-16
  8.9369E-05 -5.4225E-12  3.3282E-17 -2.7273E-16
  9.0508E-05 -5.6718E-12  3.5012E-17 -2.8690E-16
  9.1655E-05 -5.9310E-12  3.6820E-17 -3.0172E-16
  9.2810E-05 -6.2006E-12  3.8712E-17 -3.1722E-16
  9.3973E-05 -6.4807E-12  4.0689E-17 -3.3342E-16
  9.5144E-05 -6.7720E-12  4.2756E-17 -3.5036E-16
  9.6323E-05 -7.0746E-12  4.4915E-17 -3.6806E-16
  9.7511E-05 -7.3891E-12  4.7172E-17 -3.8655E-16
  9.8707E-05 -7.7158E-12  4.9529E-17 -4.0586E-16
  9.9911E-05 -8.0551E-12  5.1990E-17 -4.2603E-16
  1.0112E-04 -8.4075E-12  5.4561E-17 -4.4709E-16
  1.0234E-04 -8.7735E-12  5.7244E-17 -4.6908E-16
  1.0357E-04 -9.1534E-12  6.0045E-17 -4.9203E-16
  1.0481E-04 -9.5478E-12  6.2968E-17 -5.1599E-16
  1.0606E-04 -9.9571E-12  6.6018E-17 -5.4098E-16
  1.0731E-04 -1.0382E-11  6.9200E-17 -5.6705E-16
  1.0858E-04 -1.0823E-11  7.2519E-17 -5.9425E-16
  1.0985E-04 -1.1280E-11  7.5980E-17 -6.2261E-16
  1.1113E-04 -1.1754E-11  7.9589E-17 -6.5219E-16
  1.1242E-04 -1.2246E-11  8.3352E-17 -6.8302E-16
  1.1372E-04 -1.2757E-11  8.7274E-17 -7.1516E-16
  1.1503E-04 -1.3286E-11  9.1362E-17 -7.4866E-16
  1.1635E-04 -1.3834E-11  9.5622E-17 -7.8357E-16
  1.1768E-04 -1.4403E-11  1.0006E-16 -8.1994E-16
  1.1902E-04 -1.4992E-11  1.0468E-16 -8.5783E-16
  1.2036E-04 -1.5603E-11  1.0950E-16 -8.9729E-16
  1.2172E-04 -1.6236E-11  1.1452E-16 -9.3839E-16
  1.2308E-04 -1.6892E-11  1.1974E-16 -9.8119E-16
  1.2446E-04 -1.7571E-11  1.2518E-16 -1.0258E-15
  1.2584E-04 -1.8275E-11  1.3084E-16 -1.0721E-15
  1.2723E-04 -1.9004E-11  1.3673E-16 -1.1204E-15
  1.2864E-04 -1.9759E-11  1.4286E-16 -1.1707E-15
  1.3005E-04 -2.0541E-11  1.4924E-16 -1.2230E-15
  1.3147E-04 -2.1350E-11  1.5588E-16 -1.2774E-15
  1.3290E-04 -2.2188E-11  1.6279E-16 -1.3340E-15
  1.3435E-04 -2.3056E-11  1.6997E-16 -1.3928E-15
  1.3580E-04 -2.3954E-11  1.7745E-16 -1.4541E-15
  1.3726E-04 -2.4883E-11  1.8522E-16 -1.5177E-15
  1.3874E-04 -2.5845E-11  1.9330E-16 -1.5840E-15
  1.4022E-04 -2.6841E-11  2.0170E-16 -1.6528E-15
  1.4171E-04 -2.7871E-11  2.1043E-16 -1.7243E-15
  1.4322E-04 -2.8936E-11  2.1951E-16 -1.7987E-15
  1.4473E-04 -3.0038E-11  2.2894E-16 -1.8760E-15
  1.4626E-04 -3.1178E-11  2.3874E-16 -1.9564E-15
  1.4779E-04 -3.2358E-11  2.4893E-16 -2.0399E-15
  1.4934E-04 -3.3577E-11  2.5952E-16 -2.1266E-15
  1.5090E-04 -3.4838E-11  2.7051E-16 -2.2167E-15
  1.5246E-04 -3.6142E-11  2.8193E-16 -2.3103E-15
  1.5404E-04 -3.7491E-11  2.9380E-16 -2.4075E-15
  1.5563E-04 -3.8884E-11  3.0612E-16 -2.5085E-15
  1.5724E-04 -4.0325E-11  3.1891E-16 -2.6133E-15
  1.5885E-04 -4.1815E-11  3.3220E-16 -2.7222E-15
  1.6047E-04 -4.3354E-11  3.4599E-16 -2.8352E-15
  1.6211E-04 -4.4945E-11  3.6031E-16 -2.9525E-15
  1.6375E-04 -4.6589E-11  3.7517E-16 -3.0743E-15
  1.6541E-04 -4.8288E-11  3.9059E-16 -3.2007E-15
  1.6708E-04 -5.0043E-11  4.0660E-16 -3.3319E-15
  1.6876E-04 -5.1856E-11  4.2321E-16 -3.4680E-15
  1.7045E-04 -5.3730E-11  4.4045E-16 -3.6093E-15
  1.7216E-04 -5.5665E-11  4.5834E-16 -3.7558E-15
  1.7388E-04 -5.7664E-11  4.7689E-16 -3.9079E-15
  1.7560E-04 -5.9729E-11  4.9614E-16 -4.0656E-15
  1.7734E-04 -6.1861E-11  5.1610E-16 -4.2292E-15
  1.7910E-04 -6.4063E-11  5.3681E-16 -4.3989E-15
  1.8086E-04 -6.6337E-11  5.5829E-16 -4.5748E-15
  1.8264E-04 -6.8684E-11  5.8056E-16 -4.7573E-15
  1.8443E-04 -7.1108E-11  6.0365E-16 -4.9465E-15
  1.8623E-04 -7.3611E-11  6.2759E-16 -5.1427E-15
  1.8805E-04 -7.6195E-11  6.5241E-16 -5.3461E-15
  1.8987E-04 -7.8862E-11  6.7814E-16 -5.5570E-15
  1.9171E-04 -8.1614E-11  7.0481E-16 -5.7755E-15
  1.9357E-04 -8.4456E-11  7.3246E-16 -6.0021E-15
  1.9543E-04 -8.7388E-11  7.6111E-16 -6.2369E-15
  1.9731E-04 -9.0414E-11  7.9080E-16 -6.4802E-15
  1.9920E-04 -9.3537E-11  8.2157E-16 -6.7323E-15
  2.0111E-04 -9.6760E-11  8.5346E-16 -6.9936E-15
  2.0303E-04 -1.0008E-10  8.8649E-16 -7.2643E-15
  2.0496E-04 -1.0351E-10  9.2072E-16 -7.5448E-15
  2.0690E-04 -1.0705E-10  9.5617E-16 -7.8353E-15
  2.0886E-04 -1.1071E-10  9.9290E-16 -8.1363E-15
  2.1083E-04 -1.1447E-10  1.0309E-15 -8.4480E-15
  2.1282E-04 -1.1836E-10  1.0703E-15 -8.7709E-15
  2.1482E-04 -1.2236E-10  1.1112E-15 -9.1053E-15
  2.1683E-04 -1.2650E-10  1.1534E-15 -9.4516E-15
  2.1886E-04 -1.3076E-10  1.1972E-15 -9.8102E-15
  2.2090E-04 -1.3516E-10  1.2425E-15 -1.0181E-14
  2.2296E-04 -1.3969E-10  1.2894E-15 -1.0566E-14
  2.2503E-04 -1.4436E-10  1.3380E-15 -1.0964E-14
  2.2712E-04 -1.4918E-10  1.3883E-15 -1.1376E-14
  2.2922E-04 -1.5415E-10  1.4403E-15 -1.1803E-14
  2.3133E-04 -1.5928E-10  1.4942E-15 -1.2244E-14
  2.3346E-04 -1.6456E-10  1.5500E-15 -1.2701E-14
  2.3561E-04 -1.7001E-10  1.6077E-15 -1.3174E-14
  2.3776E-04 -1.7562E-10  1.6675E-15 -1.3664E-14
  2.3994E-04 -1.8141E-10  1.7293E-15 -1.4171E-14
  2.4213E-04 -1.8737E-10  1.7933E-15 -1.4695E-14
  2.4433E-04 -1.9352E-10  1.8595E-15 -1.5237E-14
  2.4655E-04 -1.9986E-10  1.9280E-15 -1.5799E-14
  2.4879E-04 -2.0639E-10  1.9989E-15 -1.6380E-14
  2.5104E-04 -2.1312E-10  2.0722E-15 -1.6981E-14
  2.5330E-04 -2.2005E-10  2.1481E-15 -1.7602E-14
  2.5559E-04 -2.2720E-10  2.2265E-15 -1.8245E-14
  2.5789E-04 -2.3456E-10  2.3077E-15 -1.8910E-14
  2.6020E-04 -2.4215E-10  2.3917E-15 -1.9598E-14
  2.6253E-04 -2.4997E-10  2.4785E-15 -2.0310E-14
  2.6488E-04 -2.5803E-10  2.5683E-15 -2.1046E-14
  2.6724E-04 -2.6632E-10  2.6612E-15 -2.1807E-14
  2.6962E-04 -2.7487E-10  2.7573E-15 -2.2595E-14
  2.7202E-04 -2.8368E-10  2.8566E-15 -2.3409E-14
  2.7443E-04 -2.9275E-10  2.9594E-15 -2.4250E-14
  2.7686E-04 -3.0210E-10  3.0656E-15 -2.5121E-14
  2.7931E-04 -3.1173E-10  3.1754E-15 -2.6020E-14
  2.8177E-04 -3.2164E-10  3.2889E-15 -2.6951E-14
  2.8425E-04 -3.3185E-10  3.4063E-15 -2.7913E-14
  2.8675E-04 -3.4237E-10  3.5276E-15 -2.8907E-14
  2.8927E-04 -3.5320E-10  3.6531E-15 -2.9935E-14
  2.9180E-04 -3.6436E-10  3.7827E-15 -3.0997E-14
  2.9435E-04 -3.7584E-10  3.9168E-15 -3.2096E-14
  2.9692E-04 -3.8767E-10  4.0553E-15 -3.3231E-14
  2.9951E-04 -3.9985E-10  4.1985E-15 -3.4404E-14
  3.0211E-04 -4.1239E-10  4.3464E-15 -3.5616E-14
  3.0473E-04 -4.2531E-10  4.4993E-15 -3.6870E-14
  3.0737E-04 -4.3860E-10  4.6574E-15 -3.8165E-14
  3.1003E-04 -4.5229E-10  4.8207E-15 -3.9503E-14
  3.1271E-04 -4.6639E-10  4.9894E-15 -4.0885E-14
  3.1541E-04 -4.8090E-10  5.1638E-15 -4.2314E-14
  3.1812E-04 -4.9583E-10  5.3439E-15 -4.3790E-14
  3.2086E-04 -5.1121E-10  5.5300E-15 -4.5316E-14
  3.2361E-04 -5.2704E-10  5.7223E-15 -4.6891E-14
  3.2639E-04 -5.4333E-10  5.9210E-15 -4.8519E-14
  3.2918E-04 -5.6011E-10  6.1262E-15 -5.0201E-14
  3.3199E-04 -5.7737E-10  6.3382E-15 -5.1938E-14
  3.3482E-04 -5.9514E-10  6.5572E-15 -5.3733E-14
  3.3767E-04 -6.1342E-10  6.7834E-15 -5.5587E-14
  3.4054E-04 -6.3225E-10  7.0171E-15 -5.7501E-14
  3.4343E-04 -6.5162E-10  7.2584E-15 -5.9479E-14
  3.4634E-04 -6.7155E-10  7.5077E-15 -6.1521E-14
  3.4928E-04 -6.9207E-10  7.7651E-15 -6.3631E-14
  3.5223E-04 -7.1318E-10  8.0310E-15 -6.5809E-14
  3.5520E-04 -7.3491E-10  8.3055E-15 -6.8059E-14
  3.5819E-04 -7.5726E-10  8.5890E-15 -7.0382E-14
  3.6121E-04 -7.8027E-10  8.8818E-15 -7.2781E-14
  3.6424E-04 -8.0394E-10  9.1841E-15 -7.5258E-14
  3.6730E-04 -8.2829E-10  9.4962E-15 -7.7816E-14
  3.7038E-04 -8.5335E-10  9.8185E-15 -8.0457E-14
  3.7348E-04 -8.7913E-10  1.0151E-14 -8.3184E-14
  3.7660E-04 -9.0566E-10  1.0495E-14 -8.5999E-14
  3.7974E-04 -9.3295E-10  1.0850E-14 -8.8906E-14
  3.8290E-04 -9.6102E-10  1.1216E-14 -9.1907E-14
  3.8609E-04 -9.8990E-10  1.1594E-14 -9.5004E-14
  3.8930E-04 -1.0196E-09  1.1984E-14 -9.8202E-14
  3.9253E-04 -1.0502E-09  1.2387E-14 -1.0150E-13
  3.9578E-04 -1.0816E-09  1.2803E-14 -1.0491E-13
  3.9906E-04 -1.1140E-09  1.3232E-14 -1.0843E-13
  4.0236E-04 -1.1472E-09  1.3675E-14 -1.1206E-13
  4.0568E-04 -1.1815E-09  1.4132E-14 -1.1580E-13
  4.0903E-04 -1.2167E-09  1.4604E-14 -1.1967E-13
  4.1239E-04 -1.2529E-09  1.5091E-14 -1.2366E-13
  4.1579E-04 -1.2901E-09  1.5594E-14 -1.2778E-13
  4.1920E-04 -1.3284E-09  1.6113E-14 -1.3203E-13
  4.2264E-04 -1.3678E-09  1.6648E-14 -1.3642E-13
  4.2611E-04 -1.4083E-09  1.7200E-14 -1.4095E-13
  4.2959E-04 -1.4500E-09  1.7771E-14 -1.4562E-13
  4.3310E-04 -1.4928E-09  1.8359E-14 -1.5044E-13
  4.3664E-04 -1.5369E-09  1.8966E-14 -1.5541E-13
  4.4020E-04 -1.5822E-09  1.9592E-14 -1.6055E-13
  4.4379E-04 -1.6288E-09  2.0238E-14 -1.6584E-13
  4.4740E-04 -1.6767E-09  2.0905E-14 -1.7131E-13
  4.5104E-04 -1.7260E-09  2.1593E-14 -1.7694E-13
  4.5470E-04 -1.7766E-09  2.2303E-14 -1.8276E-13
  4.5838E-04 -1.8287E-09  2.3035E-14 -1.8876E-13
  4.6210E-04 -1.8823E-09  2.3791E-14 -1.9495E-13
  4.6584E-04 -1.9373E-09  2.4570E-14 -2.0134E-13
  4.6960E-04 -1.9940E-09  2.5374E-14 -2.0793E-13
  4.7339E-04 -2.0522E-09  2.6203E-14 -2.1472E-13
  4.7721E-04 -2.1121E-09  2.7059E-14 -2.2173E-13
  4.8105E-04 -2.1736E-09  2.7941E-14 -2.2896E-13
  4.8493E-04 -2.2369E-09  2.8852E-14 -2.3642E-13
  4.8882E-04 -2.3019E-09  2.9791E-14 -2.4412E-13
  4.9275E-04 -2.3688E-09  3.0759E-14 -2.5205E-13
  4.9670E-04 -2.4376E-09  3.1758E-14 -2.6024E-13
  5.0068E-04 -2.5082E-09  3.2788E-14 -2.6868E-13
  5.0469E-04 -2.5809E-09  3.3851E-14 -2.7739E-13
  5.0872E-04 -2.6556E-09  3.4946E-14 -2.8637E-13
  5.1279E-04 -2.7324E-09  3.6077E-14 -2.9563E-13
  5.1688E-04 -2.8113E-09  3.7242E-14 -3.0518E-13
  5.2100E-04 -2.8924E-09  3.8444E-14 -3.1503E-13
  5.2515E-04 -2.9758E-09  3.9684E-14 -3.2518E-13
  5.2933E-04 -3.0615E-09  4.0962E-14 -3.3566E-13
  5.3354E-04 -3.1496E-09  4.2280E-14 -3.4646E-13
  5.3778E-04 -3.2402E-09  4.3639E-14 -3.5760E-13
  5.4204E-04 -3.3333E-09  4.5040E-14 -3.6908E-13
  5.4634E-04 -3.4290E-09  4.6485E-14 -3.8092E-13
  5.5066E-04 -3.5273E-09  4.7976E-14 -3.9313E-13
  5.5502E-04 -3.6284E-09  4.9512E-14 -4.0572E-13
  5.5941E-04 -3.7323E-09  5.1096E-14 -4.1870E-13
  5.6383E-04 -3.8390E-09  5.2729E-14 -4.3208E-13
  5.6827E-04 -3.9487E-09  5.4413E-14 -4.4588E-13
  5.7275E-04 -4.0615E-09  5.6149E-14 -4.6011E-13
  5.7726E-04 -4.1774E-09  5.7939E-14 -4.7477E-13
  5.8181E-04 -4.2965E-09  5.9784E-14 -4.8989E-13
  5.8638E-04 -4.4189E-09  6.1686E-14 -5.0548E-13
  5.9099E-04 -4.5447E-09  6.3647E-14 -5.2155E-13
  5.9562E-04 -4.6739E-09  6.5668E-14 -5.3812E-13
  6.0029E-04 -4.8067E-09  6.7752E-14 -5.5519E-13
  6.0500E-04 -4.9432E-09  6.9900E-14 -5.7279E-13
  6.0973E-04 -5.0835E-09  7.2115E-14 -5.9094E-13
  6.1450E-04 -5.2276E-09  7.4397E-14 -6.0964E-13
  6.1930E-04 -5.3757E-09  7.6750E-14 -6.2892E-13
  6.2414E-04 -5.5279E-09  7.9175E-14 -6.4880E-13
  6.2901E-04 -5.6843E-09  8.1675E-14 -6.6928E-13
  6.3391E-04 -5.8450E-09  8.4251E-14 -6.9039E-13
  6.3885E-04 -6.0101E-09  8.6907E-14 -7.1215E-13
  6.4382E-04 -6.1797E-09  8.9644E-14 -7.3458E-13
  6.4882E-04 -6.3540E-09  9.2465E-14 -7.5770E-13
  6.5386E-04 -6.5331E-09  9.5372E-14 -7.8152E-13
  6.5894E-04 -6.7171E-09  9.8369E-14 -8.0608E-13
  6.6405E-04 -6.9062E-09  1.0146E-13 -8.3138E-13
  6.6920E-04 -7.1004E-09  1.0464E-13 -8.5746E-13
  6.7438E-04 -7.3000E-09  1.0792E-13 -8.8434E-13
  6.7960E-04 -7.5050E-09  1.1130E-13 -9.1203E-13
  6.8486E-04 -7.7157E-09  1.1478E-13 -9.4058E-13
  6.9015E-04 -7.9321E-09  1.1837E-13 -9.6999E-13
  6.9548E-04 -8.1544E-09  1.2207E-13 -1.0003E-12
  7.0085E-04 -8.3828E-09  1.2588E-13 -1.0315E-12
  7.0625E-04 -8.6175E-09  1.2981E-13 -1.0637E-12
  7.1169E-04 -8.8586E-09  1.3386E-13 -1.0969E-12
  7.1717E-04 -9.1063E-09  1.3803E-13 -1.1311E-12
  7.2269E-04 -9.3607E-09  1.4232E-13 -1.1663E-12
  7.2825E-04 -9.6221E-09  1.4675E-13 -1.2026E-12
  7.3384E-04 -9.8906E-09  1.5131E-13 -1.2399E-12
  7.3948E-04 -1.0166E-08  1.5602E-13 -1.2785E-12
  7.4515E-04 -1.0450E-08  1.6086E-13 -1.3181E-12
  7.5086E-04 -1.0741E-08  1.6585E-13 -1.3590E-12
  7.5662E-04 -1.1040E-08  1.7099E-13 -1.4012E-12
  7.6241E-04 -1.1347E-08  1.7629E-13 -1.4446E-12
  7.6824E-04 -1.1662E-08  1.8174E-13 -1.4893E-12
  7.7412E-04 -1.1987E-08  1.8737E-13 -1.5354E-12
  7.8003E-04 -1.2319E-08  1.9316E-13 -1.5828E-12
  7.8599E-04 -1.2661E-08  1.9913E-13 -1.6317E-12
  7.9198E-04 -1.3013E-08  2.0528E-13 -1.6821E-12
  7.9802E-04 -1.3373E-08  2.1161E-13 -1.7340E-12
  8.0411E-04 -1.3744E-08  2.1813E-13 -1.7875E-12
  8.1023E-04 -1.4125E-08  2.2486E-13 -1.8426E-12
  8.1640E-04 -1.4516E-08  2.3178E-13 -1.8993E-12
  8.2261E-04 -1.4917E-08  2.3891E-13 -1.9578E-12
  8.2886E-04 -1.5330E-08  2.4626E-13 -2.0180E-12
  8.3516E-04 -1.5753E-08  2.5383E-13 -2.0800E-12
  8.4150E-04 -1.6188E-08  2.6163E-13 -2.1439E-12
  8.4788E-04 -1.6635E-08  2.6966E-13 -2.2097E-12
  8.5431E-04 -1.7094E-08  2.7793E-13 -2.2775E-12
  8.6079E-04 -1.7566E-08  2.8645E-13 -2.3473E-12
  8.6731E-04 -1.8050E-08  2.9523E-13 -2.4193E-12
  8.7387E-04 -1.8547E-08  3.0427E-13 -2.4933E-12
  8.8048E-04 -1.9058E-08  3.1358E-13 -2.5696E-12
  8.8714E-04 -1.9582E-08  3.2318E-13 -2.6482E-12
  8.9384E-04 -2.0121E-08  3.3306E-13 -2.7292E-12
  9.0059E-04 -2.0674E-08  3.4323E-13 -2.8126E-12
  9.0739E-04 -2.1242E-08  3.5371E-13 -2.8985E-12
  9.1423E-04 -2.1826E-08  3.6450E-13 -2.9869E-12
  9.2113E-04 -2.2425E-08  3.7562E-13 -3.0780E-12
  9.2807E-04 -2.3040E-08  3.8707E-13 -3.1718E-12
  9.3506E-04 -2.3672E-08  3.9886E-13 -3.2685E-12
  9.4209E-04 -2.4321E-08  4.1101E-13 -3.3680E-12
  9.4918E-04 -2.4988E-08  4.2351E-13 -3.4705E-12
  9.5632E-04 -2.5673E-08  4.3639E-13 -3.5760E-12
  9.6350E-04 -2.6375E-08  4.4966E-13 -3.6847E-12
  9.7074E-04 -2.7097E-08  4.6332E-13 -3.7966E-12
  9.7803E-04 -2.7839E-08  4.7739E-13 -3.9119E-12
  9.8536E-04 -2.8600E-08  4.9188E-13 -4.0306E-12
  9.9275E-04 -2.9382E-08  5.0679E-13 -4.1529E-12
  1.0002E-03 -3.0184E-08  5.2216E-13 -4.2788E-12
  1.0077E-03 -3.1009E-08  5.3798E-13 -4.4084E-12
  1.0152E-03 -3.1855E-08  5.5427E-13 -4.5420E-12
  1.0228E-03 -3.2725E-08  5.7105E-13 -4.6794E-12
  1.0305E-03 -3.3617E-08  5.8833E-13 -4.8210E-12
  1.0382E-03 -3.4534E-08  6.0612E-13 -4.9668E-12
  1.0459E-03 -3.5475E-08  6.2443E-13 -5.1169E-12
  1.0537E-03 -3.6441E-08  6.4330E-13 -5.2715E-12
  1.0616E-03 -3.7434E-08  6.6272E-13 -5.4306E-12
  1.0695E-03 -3.8453E-08  6.8272E-13 -5.5945E-12
  1.0775E-03 -3.9499E-08  7.0331E-13 -5.7633E-12
  1.0855E-03 -4.0574E-08  7.2452E-13 -5.9370E-12
  1.0936E-03 -4.1677E-08  7.4635E-13 -6.1159E-12
  1.1018E-03 -4.2810E-08  7.6883E-13 -6.3001E-12
  1.1100E-03 -4.3973E-08  7.9198E-13 -6.4898E-12
  1.1182E-03 -4.5168E-08  8.1581E-13 -6.6851E-12
  1.1265E-03 -4.6394E-08  8.4035E-13 -6.8862E-12
  1.1349E-03 -4.7653E-08  8.6561E-13 -7.0932E-12
  1.1433E-03 -4.8946E-08  8.9162E-13 -7.3063E-12
  1.1518E-03 -5.0274E-08  9.1840E-13 -7.5258E-12
  1.1604E-03 -5.1637E-08  9.4597E-13 -7.7517E-12
  1.1690E-03 -5.3036E-08  9.7436E-13 -7.9844E-12
  1.1777E-03 -5.4473E-08  1.0036E-12 -8.2238E-12
  1.1864E-03 -5.5949E-08  1.0337E-12 -8.4704E-12
  1.1952E-03 -5.7464E-08  1.0647E-12 -8.7243E-12
  1.2040E-03 -5.9019E-08  1.0965E-12 -8.9856E-12
  1.2129E-03 -6.0616E-08  1.1294E-12 -9.2547E-12
  1.2219E-03 -6.2256E-08  1.1632E-12 -9.5317E-12
  1.2310E-03 -6.3939E-08  1.1980E-12 -9.8168E-12
  1.2401E-03 -6.5668E-08  1.2338E-12 -1.0110E-11
  1.2492E-03 -6.7442E-08  1.2707E-12 -1.0413E-11
  1.2585E-03 -6.9264E-08  1.3087E-12 -1.0724E-11
  1.2678E-03 -7.1135E-08  1.3477E-12 -1.1044E-11
  1.2771E-03 -7.3056E-08  1.3880E-12 -1.1374E-11
  1.2865E-03 -7.5028E-08  1.4294E-12 -1.1713E-11
  1.2960E-03 -7.7052E-08  1.4720E-12 -1.2063E-11
  1.3056E-03 -7.9130E-08  1.5159E-12 -1.2422E-11
  1.3152E-03 -8.1264E-08  1.5611E-12 -1.2793E-11
  1.3249E-03 -8.3455E-08  1.6076E-12 -1.3174E-11
  1.3346E-03 -8.5704E-08  1.6555E-12 -1.3566E-11
  1.3445E-03 -8.8014E-08  1.7048E-12 -1.3970E-11
  1.3544E-03 -9.0384E-08  1.7555E-12 -1.4386E-11
  1.3643E-03 -9.2818E-08  1.8078E-12 -1.4814E-11
  1.3744E-03 -9.5317E-08  1.8615E-12 -1.5254E-11
  1.3845E-03 -9.7882E-08  1.9169E-12 -1.5708E-11
  1.3946E-03 -1.0052E-07  1.9738E-12 -1.6174E-11
  1.4049E-03 -1.0322E-07  2.0324E-12 -1.6655E-11
  1.4152E-03 -1.0600E-07  2.0928E-12 -1.7149E-11
  1.4256E-03 -1.0885E-07  2.1549E-12 -1.7658E-11
  1.4360E-03 -1.1177E-07  2.2189E-12 -1.8182E-11
  1.4466E-03 -1.1477E-07  2.2847E-12 -1.8722E-11
  1.4572E-03 -1.1786E-07  2.3524E-12 -1.9277E-11
  1.4678E-03 -1.2102E-07  2.4221E-12 -1.9848E-11
  1.4786E-03 -1.2427E-07  2.4939E-12 -2.0436E-11
  1.4894E-03 -1.2761E-07  2.5678E-12 -2.1041E-11
  1.5003E-03 -1.3103E-07  2.6438E-12 -2.1664E-11
  1.5113E-03 -1.3455E-07  2.7220E-12 -2.2306E-11
  1.5224E-03 -1.3816E-07  2.8026E-12 -2.2965E-11
  1.5335E-03 -1.4186E-07  2.8855E-12 -2.3645E-11
  1.5447E-03 -1.4567E-07  2.9708E-12 -2.4344E-11
  1.5560E-03 -1.4957E-07  3.0586E-12 -2.5063E-11
  1.5674E-03 -1.5358E-07  3.1489E-12 -2.5804E-11
  1.5788E-03 -1.5769E-07  3.2420E-12 -2.6566E-11
  1.5904E-03 -1.6192E-07  3.3377E-12 -2.7350E-11
  1.6020E-03 -1.6625E-07  3.4362E-12 -2.8158E-11
  1.6137E-03 -1.7071E-07  3.5376E-12 -2.8989E-11
  1.6254E-03 -1.7528E-07  3.6420E-12 -2.9844E-11
  1.6373E-03 -1.7997E-07  3.7493E-12 -3.0724E-11
  1.6492E-03 -1.8478E-07  3.8599E-12 -3.1630E-11
  1.6612E-03 -1.8973E-07  3.9736E-12 -3.2562E-11
  1.6733E-03 -1.9480E-07  4.0907E-12 -3.3521E-11
  1.6855E-03 -2.0001E-07  4.2112E-12 -3.4508E-11
  1.6978E-03 -2.0536E-07  4.3352E-12 -3.5524E-11
  1.7101E-03 -2.1084E-07  4.4628E-12 -3.6570E-11
  1.7226E-03 -2.1648E-07  4.5941E-12 -3.7646E-11
  1.7351E-03 -2.2226E-07  4.7292E-12 -3.8753E-11
  1.7477E-03 -2.2820E-07  4.8683E-12 -3.9893E-11
  1.7604E-03 -2.3430E-07  5.0114E-12 -4.1066E-11
  1.7732E-03 -2.4055E-07  5.1587E-12 -4.2273E-11
  1.7861E-03 -2.4697E-07  5.3103E-12 -4.3515E-11
  1.7991E-03 -2.5357E-07  5.4662E-12 -4.4793E-11
  1.8122E-03 -2.6033E-07  5.6267E-12 -4.6108E-11
  1.8253E-03 -2.6728E-07  5.7919E-12 -4.7462E-11
  1.8386E-03 -2.7441E-07  5.9619E-12 -4.8854E-11
  1.8519E-03 -2.8173E-07  6.1368E-12 -5.0288E-11
  1.8653E-03 -2.8924E-07  6.3168E-12 -5.1763E-11
  1.8789E-03 -2.9695E-07  6.5020E-12 -5.3280E-11
  1.8925E-03 -3.0487E-07  6.6926E-12 -5.4842E-11
  1.9062E-03 -3.1300E-07  6.8888E-12 -5.6450E-11
  1.9200E-03 -3.2134E-07  7.0906E-12 -5.8103E-11
  1.9339E-03 -3.2990E-07  7.2983E-12 -5.9805E-11
  1.9479E-03 -3.3869E-07  7.5120E-12 -6.1557E-11
  1.9620E-03 -3.4771E-07  7.7319E-12 -6.3359E-11
  1.9762E-03 -3.5697E-07  7.9582E-12 -6.5213E-11
  1.9905E-03 -3.6647E-07  8.1910E-12 -6.7121E-11
  2.0049E-03 -3.7623E-07  8.4306E-12 -6.9084E-11
  2.0194E-03 -3.8624E-07  8.6772E-12 -7.1104E-11
  2.0340E-03 -3.9652E-07  8.9308E-12 -7.3183E-11
  2.0487E-03 -4.0707E-07  9.1919E-12 -7.5322E-11
  2.0635E-03 -4.1790E-07  9.4605E-12 -7.7523E-11
  2.0784E-03 -4.2902E-07  9.7368E-12 -7.9788E-11
  2.0935E-03 -4.4043E-07  1.0021E-11 -8.2118E-11
  2.1086E-03 -4.5214E-07  1.0314E-11 -8.4516E-11
  2.1238E-03 -4.6416E-07  1.0615E-11 -8.6983E-11
  2.1391E-03 -4.7650E-07  1.0925E-11 -8.9522E-11
  2.1546E-03 -4.8916E-07  1.1243E-11 -9.2134E-11
  2.1701E-03 -5.0216E-07  1.1571E-11 -9.4822E-11
  2.1857E-03 -5.1551E-07  1.1909E-11 -9.7587E-11
  2.2015E-03 -5.2920E-07  1.2256E-11 -1.0043E-10
  2.2174E-03 -5.4326E-07  1.2613E-11 -1.0336E-10
  2.2334E-03 -5.5769E-07  1.2981E-11 -1.0637E-10
  2.2495E-03 -5.7250E-07  1.3359E-11 -1.0947E-10
  2.2657E-03 -5.8770E-07  1.3748E-11 -1.1266E-10
  2.2820E-03 -6.0330E-07  1.4149E-11 -1.1594E-10
  2.2984E-03 -6.1931E-07  1.4561E-11 -1.1932E-10
  2.3150E-03 -6.3575E-07  1.4985E-11 -1.2279E-10
  2.3316E-03 -6.5262E-07  1.5421E-11 -1.2636E-10
  2.3484E-03 -6.6994E-07  1.5869E-11 -1.3004E-10
  2.3653E-03 -6.8771E-07  1.6331E-11 -1.3382E-10
  2.3823E-03 -7.0595E-07  1.6806E-11 -1.3771E-10
  2.3994E-03 -7.2468E-07  1.7295E-11 -1.4172E-10
  2.4167E-03 -7.4389E-07  1.7797E-11 -1.4584E-10
  2.4341E-03 -7.6362E-07  1.8315E-11 -1.5008E-10
  2.4516E-03 -7.8386E-07  1.8847E-11 -1.5444E-10
  2.4692E-03 -8.0464E-07  1.9394E-11 -1.5893E-10
  2.4869E-03 -8.2597E-07  1.9958E-11 -1.6354E-10
  2.5048E-03 -8.4786E-07  2.0537E-11 -1.6829E-10
  2.5228E-03 -8.7032E-07  2.1133E-11 -1.7318E-10
  2.5409E-03 -8.9338E-07  2.1747E-11 -1.7820E-10
  2.5591E-03 -9.1705E-07  2.2378E-11 -1.8338E-10
  2.5775E-03 -9.4134E-07  2.3027E-11 -1.8870E-10
  2.5960E-03 -9.6627E-07  2.3695E-11 -1.9417E-10
  2.6146E-03 -9.9186E-07  2.4383E-11 -1.9980E-10
  2.6333E-03 -1.0181E-06  2.5090E-11 -2.0560E-10
  2.6522E-03 -1.0451E-06  2.5817E-11 -2.1156E-10
  2.6712E-03 -1.0727E-06  2.6565E-11 -2.1769E-10
  2.6904E-03 -1.1011E-06  2.7335E-11 -2.2400E-10
  2.7097E-03 -1.1303E-06  2.8127E-11 -2.3049E-10
  2.7291E-03 -1.1602E-06  2.8942E-11 -2.3717E-10
  2.7486E-03 -1.1909E-06  2.9781E-11 -2.4404E-10
  2.7683E-03 -1.2224E-06  3.0643E-11 -2.5110E-10
  2.7881E-03 -1.2547E-06  3.1530E-11 -2.5837E-10
  2.8081E-03 -1.2879E-06  3.2443E-11 -2.6585E-10
  2.8282E-03 -1.3220E-06  3.3382E-11 -2.7355E-10
  2.8484E-03 -1.3569E-06  3.4348E-11 -2.8146E-10
  2.8688E-03 -1.3928E-06  3.5342E-11 -2.8961E-10
  2.8894E-03 -1.4296E-06  3.6364E-11 -2.9798E-10
  2.9100E-03 -1.4674E-06  3.7416E-11 -3.0660E-10
  2.9308E-03 -1.5062E-06  3.8498E-11 -3.1547E-10
  2.9518E-03 -1.5460E-06  3.9611E-11 -3.2459E-10
  2.9729E-03 -1.5869E-06  4.0756E-11 -3.3397E-10
  2.9941E-03 -1.6288E-06  4.1933E-11 -3.4362E-10
  3.0155E-03 -1.6718E-06  4.3145E-11 -3.5355E-10
  3.0371E-03 -1.7160E-06  4.4392E-11 -3.6377E-10
  3.0588E-03 -1.7613E-06  4.5674E-11 -3.7427E-10
  3.0806E-03 -1.8078E-06  4.6993E-11 -3.8508E-10
  3.1026E-03 -1.8555E-06  4.8350E-11 -3.9620E-10
  3.1248E-03 -1.9045E-06  4.9746E-11 -4.0764E-10
  3.1471E-03 -1.9548E-06  5.1182E-11 -4.1941E-10
  3.1696E-03 -2.0064E-06  5.2659E-11 -4.3151E-10
  3.1922E-03 -2.0594E-06  5.4179E-11 -4.4397E-10
  3.2150E-03 -2.1137E-06  5.5742E-11 -4.5678E-10
  3.2379E-03 -2.1695E-06  5.7350E-11 -4.6995E-10
  3.2610E-03 -2.2268E-06  5.9004E-11 -4.8351E-10
  3.2843E-03 -2.2855E-06  6.0706E-11 -4.9745E-10
  3.3077E-03 -2.3458E-06  6.2456E-11 -5.1180E-10
  3.3313E-03 -2.4077E-06  6.4257E-11 -5.2655E-10
  3.3550E-03 -2.4712E-06  6.6109E-11 -5.4173E-10
  3.3790E-03 -2.5363E-06  6.8014E-11 -5.5734E-10
  3.4030E-03 -2.6032E-06  6.9974E-11 -5.7340E-10
  3.4273E-03 -2.6719E-06  7.1990E-11 -5.8992E-10
  3.4517E-03 -2.7423E-06  7.4064E-11 -6.0692E-10
  3.4763E-03 -2.8146E-06  7.6197E-11 -6.2440E-10
  3.5011E-03 -2.8888E-06  7.8392E-11 -6.4238E-10
  3.5260E-03 -2.9649E-06  8.0649E-11 -6.6087E-10
  3.5511E-03 -3.0430E-06  8.2971E-11 -6.7990E-10
  3.5764E-03 -3.1232E-06  8.5359E-11 -6.9947E-10
  3.6019E-03 -3.2055E-06  8.7816E-11 -7.1960E-10
  3.6275E-03 -3.2899E-06  9.0343E-11 -7.4031E-10
  3.6533E-03 -3.3766E-06  9.2942E-11 -7.6161E-10
  3.6793E-03 -3.4655E-06  9.5616E-11 -7.8353E-10
  3.7055E-03 -3.5567E-06  9.8367E-11 -8.0606E-10
  3.7318E-03 -3.6504E-06  1.0120E-10 -8.2925E-10
  3.7584E-03 -3.7465E-06  1.0411E-10 -8.5309E-10
  3.7851E-03 -3.8451E-06  1.0710E-10 -8.7762E-10
  3.8120E-03 -3.9463E-06  1.1018E-10 -9.0285E-10
  3.8391E-03 -4.0502E-06  1.1335E-10 -9.2881E-10
  3.8664E-03 -4.1568E-06  1.1660E-10 -9.5550E-10
  3.8939E-03 -4.2661E-06  1.1995E-10 -9.8296E-10
  3.9216E-03 -4.3784E-06  1.2340E-10 -1.0112E-09
  3.9495E-03 -4.4936E-06  1.2695E-10 -1.0403E-09
  3.9775E-03 -4.6118E-06  1.3059E-10 -1.0701E-09
  4.0058E-03 -4.7330E-06  1.3434E-10 -1.1009E-09
  4.0342E-03 -4.8575E-06  1.3820E-10 -1.1325E-09
  4.0629E-03 -4.9852E-06  1.4217E-10 -1.1650E-09
  4.0917E-03 -5.1163E-06  1.4625E-10 -1.1985E-09
  4.1208E-03 -5.2508E-06  1.5045E-10 -1.2329E-09
  4.1501E-03 -5.3888E-06  1.5477E-10 -1.2682E-09
  4.1795E-03 -5.5304E-06  1.5921E-10 -1.3046E-09
  4.2092E-03 -5.6758E-06  1.6378E-10 -1.3421E-09
  4.2391E-03 -5.8249E-06  1.6848E-10 -1.3806E-09
  4.2691E-03 -5.9779E-06  1.7331E-10 -1.4202E-09
  4.2994E-03 -6.1350E-06  1.7828E-10 -1.4609E-09
  4.3299E-03 -6.2961E-06  1.8340E-10 -1.5028E-09
  4.3607E-03 -6.4615E-06  1.8866E-10 -1.5459E-09
  4.3916E-03 -6.6311E-06  1.9407E-10 -1.5903E-09
  4.4227E-03 -6.8053E-06  1.9963E-10 -1.6359E-09
  4.4541E-03 -6.9839E-06  2.0535E-10 -1.6828E-09
  4.4857E-03 -7.1672E-06  2.1124E-10 -1.7310E-09
  4.5175E-03 -7.3554E-06  2.1730E-10 -1.7806E-09
  4.5495E-03 -7.5484E-06  2.2352E-10 -1.8317E-09
  4.5818E-03 -7.7465E-06  2.2993E-10 -1.8841E-09
  4.6142E-03 -7.9497E-06  2.3652E-10 -1.9381E-09
  4.6469E-03 -8.1582E-06  2.4329E-10 -1.9936E-09
  4.6798E-03 -8.3722E-06  2.5026E-10 -2.0508E-09
  4.7130E-03 -8.5918E-06  2.5743E-10 -2.1095E-09
  4.7464E-03 -8.8171E-06  2.6480E-10 -2.1699E-09
  4.7800E-03 -9.0483E-06  2.7238E-10 -2.2321E-09
  4.8139E-03 -9.2855E-06  2.8018E-10 -2.2960E-09
  4.8480E-03 -9.5289E-06  2.8821E-10 -2.3617E-09
  4.8823E-03 -9.7786E-06  2.9646E-10 -2.4293E-09
  4.9169E-03 -1.0035E-05  3.0494E-10 -2.4988E-09
  4.9517E-03 -1.0298E-05  3.1367E-10 -2.5704E-09
  4.9867E-03 -1.0568E-05  3.2265E-10 -2.6439E-09
  5.0220E-03 -1.0844E-05  3.3188E-10 -2.7196E-09
  5.0576E-03 -1.1128E-05  3.4137E-10 -2.7974E-09
  5.0934E-03 -1.1420E-05  3.5114E-10 -2.8774E-09
  5.1294E-03 -1.1719E-05  3.6118E-10 -2.9597E-09
  5.1657E-03 -1.2026E-05  3.7152E-10 -3.0444E-09
  5.2022E-03 -1.2341E-05  3.8214E-10 -3.1314E-09
  5.2390E-03 -1.2663E-05  3.9307E-10 -3.2210E-09
  5.2761E-03 -1.2995E-05  4.0431E-10 -3.3131E-09
  5.3134E-03 -1.3335E-05  4.1587E-10 -3.4078E-09
  5.3510E-03 -1.3684E-05  4.2776E-10 -3.5053E-09
  5.3888E-03 -1.4042E-05  4.3998E-10 -3.6055E-09
  5.4269E-03 -1.4409E-05  4.5256E-10 -3.7085E-09
  5.4653E-03 -1.4786E-05  4.6550E-10 -3.8145E-09
  5.5039E-03 -1.5172E-05  4.7880E-10 -3.9235E-09
  5.5428E-03 -1.5569E-05  4.9248E-10 -4.0356E-09
  5.5820E-03 -1.5976E-05  5.0655E-10 -4.1509E-09
  5.6215E-03 -1.6393E-05  5.2102E-10 -4.2695E-09
  5.6612E-03 -1.6822E-05  5.3591E-10 -4.3915E-09
  5.7012E-03 -1.7261E-05  5.5121E-10 -4.5169E-09
  5.7415E-03 -1.7712E-05  5.6696E-10 -4.6459E-09
  5.7820E-03 -1.8175E-05  5.8315E-10 -4.7786E-09
  5.8229E-03 -1.8649E-05  5.9980E-10 -4.9151E-09
  5.8640E-03 -1.9136E-05  6.1693E-10 -5.0554E-09
  5.9054E-03 -1.9636E-05  6.3454E-10 -5.1998E-09
  5.9471E-03 -2.0148E-05  6.5266E-10 -5.3482E-09
  5.9891E-03 -2.0674E-05  6.7129E-10 -5.5009E-09
  6.0314E-03 -2.1213E-05  6.9045E-10 -5.6579E-09
  6.0740E-03 -2.1767E-05  7.1016E-10 -5.8194E-09
  6.1169E-03 -2.2334E-05  7.3043E-10 -5.9855E-09
  6.1600E-03 -2.2917E-05  7.5127E-10 -6.1563E-09
  6.2035E-03 -2.3514E-05  7.7271E-10 -6.3320E-09
  6.2473E-03 -2.4127E-05  7.9475E-10 -6.5126E-09
  6.2914E-03 -2.4756E-05  8.1743E-10 -6.6984E-09
  6.3358E-03 -2.5401E-05  8.4075E-10 -6.8895E-09
  6.3805E-03 -2.6063E-05  8.6473E-10 -7.0860E-09
  6.4255E-03 -2.6742E-05  8.8939E-10 -7.2881E-09
  6.4709E-03 -2.7438E-05  9.1476E-10 -7.4960E-09
  6.5165E-03 -2.8153E-05  9.4084E-10 -7.7098E-09
  6.5625E-03 -2.8885E-05  9.6767E-10 -7.9296E-09
  6.6088E-03 -2.9637E-05  9.9526E-10 -8.1557E-09
  6.6554E-03 -3.0409E-05  1.0236E-09 -8.3882E-09
  6.7023E-03 -3.1200E-05  1.0528E-09 -8.6274E-09
  6.7496E-03 -3.2011E-05  1.0828E-09 -8.8733E-09
  6.7972E-03 -3.2844E-05  1.1137E-09 -9.1263E-09
  6.8451E-03 -3.3698E-05  1.1454E-09 -9.3864E-09
  6.8933E-03 -3.4574E-05  1.1781E-09 -9.6539E-09
  6.9419E-03 -3.5473E-05  1.2117E-09 -9.9290E-09
  6.9909E-03 -3.6395E-05  1.2462E-09 -1.0212E-08
  7.0401E-03 -3.7340E-05  1.2817E-09 -1.0503E-08
  7.0898E-03 -3.8310E-05  1.3182E-09 -1.0802E-08
  7.1397E-03 -3.9305E-05  1.3558E-09 -1.1110E-08
  7.1900E-03 -4.0326E-05  1.3944E-09 -1.1426E-08
  7.2407E-03 -4.1373E-05  1.4341E-09 -1.1752E-08
  7.2917E-03 -4.2446E-05  1.4750E-09 -1.2087E-08
  7.3431E-03 -4.3548E-05  1.5170E-09 -1.2431E-08
  7.3948E-03 -4.4678E-05  1.5602E-09 -1.2785E-08
  7.4469E-03 -4.5836E-05  1.6046E-09 -1.3149E-08
  7.4994E-03 -4.7025E-05  1.6503E-09 -1.3523E-08
  7.5522E-03 -4.8244E-05  1.6973E-09 -1.3908E-08
  7.6054E-03 -4.9495E-05  1.7456E-09 -1.4304E-08
  7.6590E-03 -5.0777E-05  1.7953E-09 -1.4712E-08
  7.7129E-03 -5.2093E-05  1.8464E-09 -1.5130E-08
  7.7672E-03 -5.3442E-05  1.8990E-09 -1.5561E-08
  7.8219E-03 -5.4826E-05  1.9530E-09 -1.6004E-08
  7.8770E-03 -5.6245E-05  2.0086E-09 -1.6460E-08
  7.9324E-03 -5.7701E-05  2.0658E-09 -1.6928E-08
  7.9883E-03 -5.9194E-05  2.1245E-09 -1.7410E-08
  8.0445E-03 -6.0725E-05  2.1850E-09 -1.7905E-08
  8.1011E-03 -6.2296E-05  2.2472E-09 -1.8415E-08
  8.1581E-03 -6.3906E-05  2.3111E-09 -1.8939E-08
  8.2156E-03 -6.5558E-05  2.3768E-09 -1.9477E-08
  8.2734E-03 -6.7253E-05  2.4445E-09 -2.0031E-08
  8.3316E-03 -6.8990E-05  2.5140E-09 -2.0601E-08
  8.3902E-03 -7.0772E-05  2.5855E-09 -2.1187E-08
  8.4493E-03 -7.2600E-05  2.6591E-09 -2.1790E-08
  8.5087E-03 -7.4474E-05  2.7347E-09 -2.2410E-08
  8.5686E-03 -7.6396E-05  2.8125E-09 -2.3047E-08
  8.6289E-03 -7.8367E-05  2.8924E-09 -2.3702E-08
  8.6896E-03 -8.0389E-05  2.9747E-09 -2.4376E-08
  8.7507E-03 -8.2462E-05  3.0593E-09 -2.5069E-08
  8.8122E-03 -8.4588E-05  3.1462E-09 -2.5782E-08
  8.8742E-03 -8.6768E-05  3.2357E-09 -2.6515E-08
  8.9366E-03 -8.9004E-05  3.3277E-09 -2.7269E-08
  8.9995E-03 -9.1296E-05  3.4223E-09 -2.8044E-08
  9.0628E-03 -9.3647E-05  3.5196E-09 -2.8841E-08
  9.1265E-03 -9.6058E-05  3.6196E-09 -2.9661E-08
  9.1907E-03 -9.8530E-05  3.7225E-09 -3.0504E-08
  9.2553E-03 -1.0107E-04  3.8283E-09 -3.1371E-08
  9.3203E-03 -1.0366E-04  3.9371E-09 -3.2263E-08
  9.3859E-03 -1.0633E-04  4.0490E-09 -3.3180E-08
  9.4518E-03 -1.0906E-04  4.1640E-09 -3.4123E-08
  9.5183E-03 -1.1187E-04  4.2823E-09 -3.5092E-08
  9.5852E-03 -1.1474E-04  4.4040E-09 -3.6089E-08
  9.6526E-03 -1.1769E-04  4.5291E-09 -3.7115E-08
  9.7204E-03 -1.2071E-04  4.6578E-09 -3.8169E-08
  9.7887E-03 -1.2381E-04  4.7901E-09 -3.9253E-08
  9.8575E-03 -1.2698E-04  4.9262E-09 -4.0368E-08
  9.9268E-03 -1.3024E-04  5.0661E-09 -4.1515E-08
  9.9965E-03 -1.3358E-04  5.2100E-09 -4.2694E-08
  1.0067E-02 -1.3700E-04  5.3580E-09 -4.3907E-08
  1.0137E-02 -1.4051E-04  5.5102E-09 -4.5154E-08
  1.0209E-02 -1.4411E-04  5.6666E-09 -4.6436E-08
  1.0280E-02 -1.4780E-04  5.8276E-09 -4.7755E-08
  1.0353E-02 -1.5158E-04  5.9931E-09 -4.9111E-08
  1.0425E-02 -1.5546E-04  6.1632E-09 -5.0506E-08
  1.0499E-02 -1.5944E-04  6.3382E-09 -5.1940E-08
  1.0572E-02 -1.6352E-04  6.5182E-09 -5.3414E-08
  1.0647E-02 -1.6770E-04  6.7032E-09 -5.4931E-08
  1.0721E-02 -1.7198E-04  6.8935E-09 -5.6490E-08
  1.0797E-02 -1.7637E-04  7.0892E-09 -5.8094E-08
  1.0873E-02 -1.8088E-04  7.2905E-09 -5.9743E-08
  1.0949E-02 -1.8549E-04  7.4974E-09 -6.1439E-08
  1.1026E-02 -1.9023E-04  7.7102E-09 -6.3183E-08
  1.1103E-02 -1.9508E-04  7.9290E-09 -6.4976E-08
  1.1181E-02 -2.0005E-04  8.1541E-09 -6.6820E-08
  1.1260E-02 -2.0515E-04  8.3855E-09 -6.8717E-08
  1.1339E-02 -2.1037E-04  8.6234E-09 -7.0667E-08
  1.1418E-02 -2.1573E-04  8.8682E-09 -7.2672E-08
  1.1498E-02 -2.2122E-04  9.1198E-09 -7.4734E-08
  1.1579E-02 -2.2685E-04  9.3786E-09 -7.6855E-08
  1.1660E-02 -2.3262E-04  9.6447E-09 -7.9036E-08
  1.1742E-02 -2.3854E-04  9.9183E-09 -8.1278E-08
  1.1825E-02 -2.4460E-04  1.0200E-08 -8.3584E-08
  1.1908E-02 -2.5081E-04  1.0489E-08 -8.5955E-08
  1.1991E-02 -2.5718E-04  1.0787E-08 -8.8394E-08
  1.2075E-02 -2.6371E-04  1.1093E-08 -9.0901E-08
  1.2160E-02 -2.7040E-04  1.1407E-08 -9.3480E-08
  1.2245E-02 -2.7726E-04  1.1731E-08 -9.6131E-08
  1.2331E-02 -2.8428E-04  1.2064E-08 -9.8858E-08
  1.2418E-02 -2.9149E-04  1.2406E-08 -1.0166E-07
  1.2505E-02 -2.9887E-04  1.2757E-08 -1.0454E-07
  1.2593E-02 -3.0644E-04  1.3119E-08 -1.0751E-07
  1.2681E-02 -3.1419E-04  1.3491E-08 -1.1056E-07
  1.2770E-02 -3.2214E-04  1.3874E-08 -1.1369E-07
  1.2860E-02 -3.3028E-04  1.4267E-08 -1.1692E-07
  1.2950E-02 -3.3863E-04  1.4672E-08 -1.2023E-07
  1.3041E-02 -3.4718E-04  1.5088E-08 -1.2364E-07
  1.3132E-02 -3.5595E-04  1.5516E-08 -1.2715E-07
  1.3224E-02 -3.6493E-04  1.5956E-08 -1.3075E-07
  1.3317E-02 -3.7414E-04  1.6408E-08 -1.3446E-07
  1.3410E-02 -3.8357E-04  1.6873E-08 -1.3827E-07
  1.3504E-02 -3.9323E-04  1.7351E-08 -1.4219E-07
  1.3599E-02 -4.0314E-04  1.7843E-08 -1.4622E-07
  1.3695E-02 -4.1329E-04  1.8349E-08 -1.5037E-07
  1.3791E-02 -4.2369E-04  1.8869E-08 -1.5463E-07
  1.3887E-02 -4.3434E-04  1.9404E-08 -1.5901E-07
  1.3985E-02 -4.4526E-04  1.9954E-08 -1.6352E-07
  1.4083E-02 -4.5645E-04  2.0519E-08 -1.6815E-07
  1.4181E-02 -4.6791E-04  2.1101E-08 -1.7292E-07
  1.4281E-02 -4.7966E-04  2.1699E-08 -1.7782E-07
  1.4381E-02 -4.9169E-04  2.2314E-08 -1.8286E-07
  1.4482E-02 -5.0402E-04  2.2946E-08 -1.8804E-07
  1.4583E-02 -5.1665E-04  2.3596E-08 -1.9337E-07
  1.4686E-02 -5.2959E-04  2.4265E-08 -1.9885E-07
  1.4789E-02 -5.4285E-04  2.4952E-08 -2.0448E-07
  1.4892E-02 -5.5643E-04  2.5659E-08 -2.1028E-07
  1.4997E-02 -5.7034E-04  2.6386E-08 -2.1623E-07
  1.5102E-02 -5.8460E-04  2.7134E-08 -2.2236E-07
  1.5208E-02 -5.9920E-04  2.7902E-08 -2.2866E-07
  1.5314E-02 -6.1416E-04  2.8693E-08 -2.3514E-07
  1.5421E-02 -6.2948E-04  2.9506E-08 -2.4180E-07
  1.5530E-02 -6.4518E-04  3.0342E-08 -2.4865E-07
  1.5638E-02 -6.6126E-04  3.1201E-08 -2.5569E-07
  1.5748E-02 -6.7773E-04  3.2085E-08 -2.6293E-07
  1.5858E-02 -6.9460E-04  3.2993E-08 -2.7038E-07
  1.5969E-02 -7.1189E-04  3.3928E-08 -2.7804E-07
  1.6081E-02 -7.2959E-04  3.4889E-08 -2.8592E-07
  1.6194E-02 -7.4772E-04  3.5877E-08 -2.9401E-07
  1.6308E-02 -7.6629E-04  3.6893E-08 -3.0234E-07
  1.6422E-02 -7.8531E-04  3.7938E-08 -3.1090E-07
  1.6537E-02 -8.0478E-04  3.9012E-08 -3.1971E-07
  1.6653E-02 -8.2473E-04  4.0117E-08 -3.2876E-07
  1.6769E-02 -8.4517E-04  4.1253E-08 -3.3807E-07
  1.6887E-02 -8.6609E-04  4.2421E-08 -3.4764E-07
  1.7005E-02 -8.8752E-04  4.3622E-08 -3.5749E-07
  1.7124E-02 -9.0947E-04  4.4857E-08 -3.6761E-07
  1.7244E-02 -9.3194E-04  4.6127E-08 -3.7802E-07
  1.7365E-02 -9.5496E-04  4.7433E-08 -3.8872E-07
  1.7487E-02 -9.7852E-04  4.8776E-08 -3.9972E-07
  1.7609E-02 -1.0027E-03  5.0157E-08 -4.1104E-07
  1.7732E-02 -1.0274E-03  5.1577E-08 -4.2268E-07
  1.7857E-02 -1.0527E-03  5.3037E-08 -4.3464E-07
  1.7982E-02 -1.0786E-03  5.4538E-08 -4.4695E-07
  1.8108E-02 -1.1051E-03  5.6082E-08 -4.5960E-07
  1.8234E-02 -1.1323E-03  5.7669E-08 -4.7261E-07
  1.8362E-02 -1.1601E-03  5.9302E-08 -4.8599E-07
  1.8491E-02 -1.1886E-03  6.0980E-08 -4.9974E-07
  1.8620E-02 -1.2177E-03  6.2706E-08 -5.1389E-07
  1.8751E-02 -1.2476E-03  6.4481E-08 -5.2843E-07
  1.8882E-02 -1.2781E-03  6.6306E-08 -5.4339E-07
  1.9014E-02 -1.3094E-03  6.8182E-08 -5.5877E-07
  1.9147E-02 -1.3414E-03  7.0112E-08 -5.7458E-07
  1.9281E-02 -1.3742E-03  7.2096E-08 -5.9084E-07
  1.9416E-02 -1.4078E-03  7.4136E-08 -6.0756E-07
  1.9552E-02 -1.4421E-03  7.6234E-08 -6.2476E-07
  1.9689E-02 -1.4773E-03  7.8391E-08 -6.4244E-07
  1.9827E-02 -1.5133E-03  8.0609E-08 -6.6062E-07
  1.9966E-02 -1.5502E-03  8.2890E-08 -6.7931E-07
  2.0106E-02 -1.5879E-03  8.5235E-08 -6.9853E-07
  2.0246E-02 -1.6265E-03  8.7647E-08 -7.1830E-07
  2.0388E-02 -1.6660E-03  9.0126E-08 -7.3862E-07
  2.0531E-02 -1.7064E-03  9.2676E-08 -7.5952E-07
  2.0674E-02 -1.7478E-03  9.5298E-08 -7.8101E-07
  2.0819E-02 -1.7902E-03  9.7994E-08 -8.0310E-07
  2.0965E-02 -1.8336E-03  1.0077E-07 -8.2582E-07
  2.1112E-02 -1.8779E-03  1.0362E-07 -8.4919E-07
  2.1259E-02 -1.9233E-03  1.0655E-07 -8.7321E-07
  2.1408E-02 -1.9698E-03  1.0956E-07 -8.9791E-07
  2.1558E-02 -2.0173E-03  1.1266E-07 -9.2331E-07
  2.1709E-02 -2.0660E-03  1.1585E-07 -9.4943E-07
  2.1861E-02 -2.1158E-03  1.1912E-07 -9.7629E-07
  2.2014E-02 -2.1667E-03  1.2249E-07 -1.0039E-06
  2.2168E-02 -2.2188E-03  1.2596E-07 -1.0323E-06
  2.2323E-02 -2.2722E-03  1.2952E-07 -1.0615E-06
  2.2479E-02 -2.3267E-03  1.3318E-07 -1.0915E-06
  2.2637E-02 -2.3826E-03  1.3695E-07 -1.1224E-06
  2.2795E-02 -2.4397E-03  1.4082E-07 -1.1541E-06
  2.2954E-02 -2.4981E-03  1.4481E-07 -1.1868E-06
  2.3115E-02 -2.5579E-03  1.4890E-07 -1.2203E-06
  2.3277E-02 -2.6190E-03  1.5311E-07 -1.2549E-06
  2.3440E-02 -2.6816E-03  1.5744E-07 -1.2903E-06
  2.3604E-02 -2.7456E-03  1.6189E-07 -1.3268E-06
  2.3769E-02 -2.8111E-03  1.6647E-07 -1.3643E-06
  2.3935E-02 -2.8780E-03  1.7118E-07 -1.4029E-06
  2.4103E-02 -2.9465E-03  1.7602E-07 -1.4426E-06
  2.4271E-02 -3.0166E-03  1.8100E-07 -1.4834E-06
  2.4441E-02 -3.0882E-03  1.8611E-07 -1.5253E-06
  2.4612E-02 -3.1615E-03  1.9137E-07 -1.5685E-06
  2.4784E-02 -3.2365E-03  1.9678E-07 -1.6128E-06
  2.4958E-02 -3.3131E-03  2.0235E-07 -1.6584E-06
  2.5132E-02 -3.3915E-03  2.0807E-07 -1.7053E-06
  2.5308E-02 -3.4717E-03  2.1395E-07 -1.7535E-06
  2.5485E-02 -3.5536E-03  2.2000E-07 -1.8031E-06
  2.5663E-02 -3.6375E-03  2.2622E-07 -1.8541E-06
  2.5843E-02 -3.7232E-03  2.3261E-07 -1.9065E-06
  2.6024E-02 -3.8108E-03  2.3919E-07 -1.9604E-06
  2.6206E-02 -3.9004E-03  2.4595E-07 -2.0158E-06
  2.6389E-02 -3.9921E-03  2.5290E-07 -2.0728E-06
  2.6573E-02 -4.0857E-03  2.6005E-07 -2.1314E-06
  2.6759E-02 -4.1815E-03  2.6740E-07 -2.1916E-06
  2.6946E-02 -4.2794E-03  2.7496E-07 -2.2536E-06
  2.7135E-02 -4.3795E-03  2.8273E-07 -2.3173E-06
  2.7325E-02 -4.4819E-03  2.9072E-07 -2.3828E-06
  2.7516E-02 -4.5865E-03  2.9894E-07 -2.4501E-06
  2.7708E-02 -4.6934E-03  3.0739E-07 -2.5194E-06
  2.7902E-02 -4.8027E-03  3.1607E-07 -2.5906E-06
  2.8097E-02 -4.9145E-03  3.2500E-07 -2.6638E-06
  2.8294E-02 -5.0287E-03  3.3419E-07 -2.7391E-06
  2.8491E-02 -5.1454E-03  3.4363E-07 -2.8165E-06
  2.8691E-02 -5.2647E-03  3.5334E-07 -2.8961E-06
  2.8891E-02 -5.3866E-03  3.6333E-07 -2.9780E-06
  2.9093E-02 -5.5112E-03  3.7360E-07 -3.0621E-06
  2.9297E-02 -5.6385E-03  3.8415E-07 -3.1487E-06
  2.9502E-02 -5.7686E-03  3.9501E-07 -3.2376E-06
  2.9708E-02 -5.9016E-03  4.0617E-07 -3.3291E-06
  2.9916E-02 -6.0375E-03  4.1764E-07 -3.4232E-06
  3.0125E-02 -6.1763E-03  4.2944E-07 -3.5199E-06
  3.0335E-02 -6.3181E-03  4.4158E-07 -3.6194E-06
  3.0548E-02 -6.4631E-03  4.5405E-07 -3.7217E-06
  3.0761E-02 -6.6111E-03  4.6688E-07 -3.8268E-06
  3.0976E-02 -6.7624E-03  4.8007E-07 -3.9350E-06
  3.1193E-02 -6.9169E-03  4.9363E-07 -4.0461E-06
  3.1411E-02 -7.0748E-03  5.0758E-07 -4.1605E-06
  3.1630E-02 -7.2360E-03  5.2192E-07 -4.2780E-06
  3.1852E-02 -7.4008E-03  5.3666E-07 -4.3989E-06
  3.2074E-02 -7.5690E-03  5.5182E-07 -4.5232E-06
  3.2299E-02 -7.7409E-03  5.6741E-07 -4.6509E-06
  3.2524E-02 -7.9164E-03  5.8344E-07 -4.7823E-06
  3.2752E-02 -8.0957E-03  5.9992E-07 -4.9174E-06
  3.2981E-02 -8.2787E-03  6.1686E-07 -5.0564E-06
  3.3211E-02 -8.4657E-03  6.3429E-07 -5.1992E-06
  3.3443E-02 -8.6566E-03  6.5220E-07 -5.3461E-06
  3.3677E-02 -8.8516E-03  6.7063E-07 -5.4971E-06
  3.3913E-02 -9.0507E-03  6.8957E-07 -5.6524E-06
  3.4150E-02 -9.2540E-03  7.0904E-07 -5.8121E-06
  3.4388E-02 -9.4615E-03  7.2907E-07 -5.9762E-06
  3.4629E-02 -9.6734E-03  7.4966E-07 -6.1450E-06
  3.4871E-02 -9.8898E-03  7.7083E-07 -6.3186E-06
  3.5114E-02 -1.0111E-02  7.9260E-07 -6.4971E-06
  3.5360E-02 -1.0336E-02  8.1498E-07 -6.6806E-06
  3.5607E-02 -1.0566E-02  8.3800E-07 -6.8693E-06
  3.5856E-02 -1.0801E-02  8.6166E-07 -7.0633E-06
  3.6106E-02 -1.1041E-02  8.8599E-07 -7.2628E-06
  3.6359E-02 -1.1286E-02  9.1101E-07 -7.4679E-06
  3.6613E-02 -1.1536E-02  9.3674E-07 -7.6789E-06
  3.6869E-02 -1.1791E-02  9.6319E-07 -7.8957E-06
  3.7126E-02 -1.2051E-02  9.9039E-07 -8.1187E-06
  3.7386E-02 -1.2316E-02  1.0184E-06 -8.3480E-06
  3.7647E-02 -1.2587E-02  1.0471E-06 -8.5838E-06
  3.7910E-02 -1.2864E-02  1.0767E-06 -8.8262E-06
  3.8175E-02 -1.3146E-02  1.1071E-06 -9.0754E-06
  3.8442E-02 -1.3434E-02  1.1383E-06 -9.3317E-06
  3.8711E-02 -1.3727E-02  1.1705E-06 -9.5952E-06
  3.8981E-02 -1.4027E-02  1.2035E-06 -9.8662E-06
  3.9254E-02 -1.4333E-02  1.2375E-06 -1.0145E-05
  3.9528E-02 -1.4645E-02  1.2724E-06 -1.0431E-05
  3.9804E-02 -1.4963E-02  1.3083E-06 -1.0726E-05
  4.0082E-02 -1.5287E-02  1.3453E-06 -1.1029E-05
  4.0362E-02 -1.5618E-02  1.3833E-06 -1.1340E-05
  4.0644E-02 -1.5955E-02  1.4223E-06 -1.1660E-05
  4.0928E-02 -1.6300E-02  1.4624E-06 -1.1989E-05
  4.1214E-02 -1.6651E-02  1.5037E-06 -1.2328E-05
  4.1502E-02 -1.7009E-02  1.5462E-06 -1.2676E-05
  4.1792E-02 -1.7374E-02  1.5898E-06 -1.3034E-05
  4.2084E-02 -1.7746E-02  1.6347E-06 -1.3402E-05
  4.2378E-02 -1.8125E-02  1.6808E-06 -1.3780E-05
  4.2674E-02 -1.8512E-02  1.7283E-06 -1.4169E-05
  4.2973E-02 -1.8907E-02  1.7771E-06 -1.4569E-05
  4.3273E-02 -1.9309E-02  1.8272E-06 -1.4981E-05
  4.3575E-02 -1.9719E-02  1.8788E-06 -1.5404E-05
  4.3880E-02 -2.0137E-02  1.9318E-06 -1.5838E-05
  4.4186E-02 -2.0563E-02  1.9863E-06 -1.6285E-05
  4.4495E-02 -2.0997E-02  2.0424E-06 -1.6745E-05
  4.4806E-02 -2.1439E-02  2.1000E-06 -1.7218E-05
  4.5119E-02 -2.1890E-02  2.1593E-06 -1.7704E-05
  4.5434E-02 -2.2350E-02  2.2202E-06 -1.8204E-05
  4.5751E-02 -2.2818E-02  2.2829E-06 -1.8717E-05
  4.6071E-02 -2.3295E-02  2.3473E-06 -1.9246E-05
  4.6393E-02 -2.3781E-02  2.4135E-06 -1.9789E-05
  4.6717E-02 -2.4277E-02  2.4816E-06 -2.0348E-05
  4.7043E-02 -2.4781E-02  2.5516E-06 -2.0922E-05
  4.7372E-02 -2.5296E-02  2.6236E-06 -2.1512E-05
  4.7703E-02 -2.5819E-02  2.6977E-06 -2.2120E-05
  4.8036E-02 -2.6353E-02  2.7738E-06 -2.2744E-05
  4.8372E-02 -2.6896E-02  2.8520E-06 -2.3386E-05
  4.8710E-02 -2.7449E-02  2.9325E-06 -2.4046E-05
  4.9050E-02 -2.8013E-02  3.0152E-06 -2.4724E-05
  4.9393E-02 -2.8587E-02  3.1003E-06 -2.5422E-05
  4.9738E-02 -2.9171E-02  3.1878E-06 -2.6140E-05
  5.0085E-02 -2.9766E-02  3.2777E-06 -2.6877E-05
  5.0435E-02 -3.0372E-02  3.3702E-06 -2.7636E-05
  5.0787E-02 -3.0989E-02  3.4652E-06 -2.8416E-05
  5.1142E-02 -3.1617E-02  3.5630E-06 -2.9217E-05
  5.1499E-02 -3.2257E-02  3.6635E-06 -3.0042E-05
  5.1859E-02 -3.2908E-02  3.7668E-06 -3.0890E-05
  5.2221E-02 -3.3570E-02  3.8731E-06 -3.1761E-05
  5.2586E-02 -3.4244E-02  3.9823E-06 -3.2657E-05
  5.2953E-02 -3.4931E-02  4.0946E-06 -3.3579E-05
  5.3323E-02 -3.5629E-02  4.2101E-06 -3.4526E-05
  5.3695E-02 -3.6340E-02  4.3289E-06 -3.5500E-05
  5.4070E-02 -3.7063E-02  4.4510E-06 -3.6502E-05
  5.4448E-02 -3.7799E-02  4.5765E-06 -3.7532E-05
  5.4828E-02 -3.8547E-02  4.7056E-06 -3.8591E-05
  5.5211E-02 -3.9309E-02  4.8383E-06 -3.9680E-05
  5.5597E-02 -4.0083E-02  4.9747E-06 -4.0799E-05
  5.5985E-02 -4.0872E-02  5.1150E-06 -4.1950E-05
  5.6376E-02 -4.1673E-02  5.2593E-06 -4.3134E-05
  5.6770E-02 -4.2488E-02  5.4076E-06 -4.4351E-05
  5.7166E-02 -4.3318E-02  5.5600E-06 -4.5602E-05
  5.7566E-02 -4.4161E-02  5.7168E-06 -4.6888E-05
  5.7968E-02 -4.5018E-02  5.8780E-06 -4.8211E-05
  5.8372E-02 -4.5890E-02  6.0438E-06 -4.9571E-05
  5.8780E-02 -4.6776E-02  6.2142E-06 -5.0969E-05
  5.9191E-02 -4.7677E-02  6.3894E-06 -5.2407E-05
  5.9604E-02 -4.8593E-02  6.5695E-06 -5.3885E-05
  6.0020E-02 -4.9524E-02  6.7547E-06 -5.5405E-05
  6.0439E-02 -5.0471E-02  6.9452E-06 -5.6968E-05
  6.0861E-02 -5.1433E-02  7.1410E-06 -5.8575E-05
  6.1286E-02 -5.2410E-02  7.3423E-06 -6.0227E-05
  6.1714E-02 -5.3403E-02  7.5493E-06 -6.1926E-05
  6.2145E-02 -5.4413E-02  7.7621E-06 -6.3672E-05
  6.2579E-02 -5.5438E-02  7.9809E-06 -6.5468E-05
  6.3016E-02 -5.6480E-02  8.2059E-06 -6.7314E-05
  6.3456E-02 -5.7539E-02  8.4372E-06 -6.9213E-05
  6.3899E-02 -5.8614E-02  8.6750E-06 -7.1165E-05
  6.4346E-02 -5.9706E-02  8.9195E-06 -7.3172E-05
  6.4795E-02 -6.0815E-02  9.1709E-06 -7.5235E-05
  6.5247E-02 -6.1942E-02  9.4294E-06 -7.7357E-05
  6.5703E-02 -6.3086E-02  9.6951E-06 -7.9538E-05
  6.6162E-02 -6.4247E-02  9.9683E-06 -8.1781E-05
  6.6624E-02 -6.5426E-02  1.0249E-05 -8.4087E-05
  6.7089E-02 -6.6624E-02  1.0538E-05 -8.6458E-05
  6.7557E-02 -6.7839E-02  1.0835E-05 -8.8896E-05
  6.8029E-02 -6.9073E-02  1.1140E-05 -9.1403E-05
  6.8504E-02 -7.0325E-02  1.1454E-05 -9.3980E-05
  6.8982E-02 -7.1596E-02  1.1777E-05 -9.6630E-05
  6.9464E-02 -7.2886E-02  1.2109E-05 -9.9354E-05
  6.9949E-02 -7.4194E-02  1.2450E-05 -1.0216E-04
  7.0438E-02 -7.5522E-02  1.2801E-05 -1.0504E-04
  7.0929E-02 -7.6869E-02  1.3162E-05 -1.0800E-04
  7.1425E-02 -7.8236E-02  1.3532E-05 -1.1104E-04
  7.1923E-02 -7.9622E-02  1.3914E-05 -1.1417E-04
  7.2425E-02 -8.1028E-02  1.4306E-05 -1.1739E-04
  7.2931E-02 -8.2454E-02  1.4709E-05 -1.2070E-04
  7.3440E-02 -8.3900E-02  1.5123E-05 -1.2410E-04
  7.3953E-02 -8.5366E-02  1.5549E-05 -1.2760E-04
  7.4469E-02 -8.6853E-02  1.5987E-05 -1.3120E-04
  7.4989E-02 -8.8360E-02  1.6437E-05 -1.3490E-04
  7.5513E-02 -8.9888E-02  1.6900E-05 -1.3870E-04
  7.6040E-02 -9.1437E-02  1.7376E-05 -1.4261E-04
  7.6571E-02 -9.3007E-02  1.7866E-05 -1.4663E-04
  7.7106E-02 -9.4597E-02  1.8369E-05 -1.5076E-04
  7.7644E-02 -9.6209E-02  1.8886E-05 -1.5501E-04
  7.8186E-02 -9.7842E-02  1.9418E-05 -1.5938E-04
  7.8732E-02 -9.9497E-02  1.9965E-05 -1.6387E-04
  7.9281E-02 -1.0117E-01  2.0527E-05 -1.6849E-04
  7.9835E-02 -1.0287E-01  2.1105E-05 -1.7323E-04
  8.0392E-02 -1.0459E-01  2.1699E-05 -1.7812E-04
  8.0953E-02 -1.0633E-01  2.2310E-05 -1.8314E-04
  8.1519E-02 -1.0810E-01  2.2938E-05 -1.8830E-04
  8.2088E-02 -1.0988E-01  2.3584E-05 -1.9360E-04
  8.2661E-02 -1.1169E-01  2.4248E-05 -1.9906E-04
  8.3238E-02 -1.1352E-01  2.4931E-05 -2.0467E-04
  8.3819E-02 -1.1537E-01  2.5632E-05 -2.1043E-04
  8.4404E-02 -1.1724E-01  2.6354E-05 -2.1636E-04
  8.4993E-02 -1.1914E-01  2.7096E-05 -2.2246E-04
  8.5587E-02 -1.2106E-01  2.7858E-05 -2.2873E-04
  8.6184E-02 -1.2300E-01  2.8643E-05 -2.3517E-04
  8.6786E-02 -1.2497E-01  2.9449E-05 -2.4179E-04
  8.7392E-02 -1.2695E-01  3.0277E-05 -2.4861E-04
  8.8002E-02 -1.2896E-01  3.1130E-05 -2.5561E-04
  8.8616E-02 -1.3099E-01  3.2006E-05 -2.6281E-04
  8.9234E-02 -1.3305E-01  3.2906E-05 -2.7021E-04
  8.9857E-02 -1.3512E-01  3.3832E-05 -2.7782E-04
  9.0485E-02 -1.3722E-01  3.4784E-05 -2.8565E-04
  9.1116E-02 -1.3935E-01  3.5763E-05 -2.9369E-04
  9.1752E-02 -1.4149E-01  3.6769E-05 -3.0197E-04
  9.2393E-02 -1.4366E-01  3.7803E-05 -3.1047E-04
  9.3038E-02 -1.4585E-01  3.8867E-05 -3.1921E-04
  9.3687E-02 -1.4806E-01  3.9960E-05 -3.2820E-04
  9.4341E-02 -1.5030E-01  4.1084E-05 -3.3745E-04
  9.5000E-02 -1.5255E-01  4.2240E-05 -3.4695E-04
  9.5663E-02 -1.5483E-01  4.3428E-05 -3.5672E-04
  9.6331E-02 -1.5713E-01  4.4650E-05 -3.6676E-04
  9.7003E-02 -1.5946E-01  4.5905E-05 -3.7709E-04
  9.7680E-02 -1.6180E-01  4.7196E-05 -3.8771E-04
  9.8362E-02 -1.6417E-01  4.8524E-05 -3.9862E-04
  9.9048E-02 -1.6656E-01  4.9888E-05 -4.0985E-04
  9.9740E-02 -1.6897E-01  5.1291E-05 -4.2139E-04
  1.0044E-01 -1.7140E-01  5.2733E-05 -4.3325E-04
  1.0114E-01 -1.7386E-01  5.4216E-05 -4.4544E-04
  1.0184E-01 -1.7633E-01  5.5740E-05 -4.5798E-04
  1.0255E-01 -1.7883E-01  5.7307E-05 -4.7088E-04
  1.0327E-01 -1.8135E-01  5.8918E-05 -4.8413E-04
  1.0399E-01 -1.8388E-01  6.0574E-05 -4.9776E-04
  1.0472E-01 -1.8644E-01  6.2277E-05 -5.1177E-04
  1.0545E-01 -1.8902E-01  6.4027E-05 -5.2617E-04
  1.0618E-01 -1.9162E-01  6.5827E-05 -5.4098E-04
  1.0692E-01 -1.9423E-01  6.7677E-05 -5.5620E-04
  1.0767E-01 -1.9687E-01  6.9578E-05 -5.7185E-04
  1.0842E-01 -1.9953E-01  7.1533E-05 -5.8794E-04
  1.0918E-01 -2.0220E-01  7.3543E-05 -6.0449E-04
  1.0994E-01 -2.0489E-01  7.5610E-05 -6.2150E-04
  1.1071E-01 -2.0760E-01  7.7734E-05 -6.3898E-04
  1.1148E-01 -2.1033E-01  7.9918E-05 -6.5696E-04
  1.1226E-01 -2.1308E-01  8.2163E-05 -6.7544E-04
  1.1304E-01 -2.1584E-01  8.4471E-05 -6.9444E-04
  1.1383E-01 -2.1862E-01  8.6843E-05 -7.1398E-04
  1.1463E-01 -2.2142E-01  8.9282E-05 -7.3406E-04
  1.1543E-01 -2.2423E-01  9.1790E-05 -7.5471E-04
  1.1623E-01 -2.2706E-01  9.4367E-05 -7.7593E-04
  1.1704E-01 -2.2990E-01  9.7017E-05 -7.9776E-04
  1.1786E-01 -2.3276E-01  9.9741E-05 -8.2019E-04
  1.1868E-01 -2.3563E-01  1.0254E-04 -8.4326E-04
  1.1951E-01 -2.3852E-01  1.0542E-04 -8.6697E-04
  1.2034E-01 -2.4141E-01  1.0838E-04 -8.9135E-04
  1.2118E-01 -2.4432E-01  1.1142E-04 -9.1641E-04
  1.2203E-01 -2.4725E-01  1.1455E-04 -9.4218E-04
  1.2288E-01 -2.5018E-01  1.1776E-04 -9.6866E-04
  1.2374E-01 -2.5313E-01  1.2107E-04 -9.9590E-04
  1.2460E-01 -2.5608E-01  1.2447E-04 -1.0239E-03
  1.2547E-01 -2.5905E-01  1.2796E-04 -1.0527E-03
  1.2635E-01 -2.6202E-01  1.3155E-04 -1.0823E-03
  1.2723E-01 -2.6500E-01  1.3524E-04 -1.1127E-03
  1.2812E-01 -2.6799E-01  1.3903E-04 -1.1439E-03
  1.2901E-01 -2.7099E-01  1.4293E-04 -1.1761E-03
  1.2991E-01 -2.7400E-01  1.4694E-04 -1.2091E-03
  1.3082E-01 -2.7701E-01  1.5106E-04 -1.2431E-03
  1.3173E-01 -2.8002E-01  1.5530E-04 -1.2780E-03
  1.3265E-01 -2.8304E-01  1.5965E-04 -1.3140E-03
  1.3358E-01 -2.8606E-01  1.6413E-04 -1.3509E-03
  1.3451E-01 -2.8909E-01  1.6873E-04 -1.3888E-03
  1.3545E-01 -2.9211E-01  1.7346E-04 -1.4278E-03
  1.3639E-01 -2.9514E-01  1.7832E-04 -1.4679E-03
  1.3734E-01 -2.9817E-01  1.8332E-04 -1.5092E-03
  1.3830E-01 -3.0120E-01  1.8846E-04 -1.5515E-03
  1.3927E-01 -3.0422E-01  1.9374E-04 -1.5951E-03
  1.4024E-01 -3.0725E-01  1.9917E-04 -1.6399E-03
  1.4122E-01 -3.1027E-01  2.0475E-04 -1.6859E-03
  1.4220E-01 -3.1329E-01  2.1048E-04 -1.7333E-03
  1.4320E-01 -3.1630E-01  2.1638E-04 -1.7819E-03
  1.4420E-01 -3.1930E-01  2.2244E-04 -1.8319E-03
  1.4520E-01 -3.2230E-01  2.2867E-04 -1.8834E-03
  1.4622E-01 -3.2529E-01  2.3507E-04 -1.9362E-03
  1.4724E-01 -3.2827E-01  2.4166E-04 -1.9905E-03
  1.4826E-01 -3.3124E-01  2.4842E-04 -2.0464E-03
  1.4930E-01 -3.3420E-01  2.5538E-04 -2.1038E-03
  1.5034E-01 -3.3715E-01  2.6252E-04 -2.1628E-03
  1.5139E-01 -3.4009E-01  2.6987E-04 -2.2235E-03
  1.5245E-01 -3.4301E-01  2.7742E-04 -2.2859E-03
  1.5351E-01 -3.4591E-01  2.8519E-04 -2.3500E-03
  1.5458E-01 -3.4880E-01  2.9317E-04 -2.4159E-03
  1.5566E-01 -3.5167E-01  3.0137E-04 -2.4837E-03
  1.5675E-01 -3.5453E-01  3.0980E-04 -2.5533E-03
  1.5784E-01 -3.5736E-01  3.1846E-04 -2.6249E-03
  1.5894E-01 -3.6017E-01  3.2737E-04 -2.6985E-03
  1.6005E-01 -3.6296E-01  3.3652E-04 -2.7741E-03
  1.6117E-01 -3.6572E-01  3.4593E-04 -2.8519E-03
  1.6229E-01 -3.6846E-01  3.5560E-04 -2.9318E-03
  1.6342E-01 -3.7118E-01  3.6554E-04 -3.0139E-03
  1.6456E-01 -3.7386E-01  3.7575E-04 -3.0984E-03
  1.6571E-01 -3.7652E-01  3.8625E-04 -3.1852E-03
  1.6687E-01 -3.7915E-01  3.9704E-04 -3.2744E-03
  1.6803E-01 -3.8175E-01  4.0814E-04 -3.3661E-03
  1.6921E-01 -3.8431E-01  4.1954E-04 -3.4604E-03
  1.7039E-01 -3.8684E-01  4.3125E-04 -3.5573E-03
  1.7158E-01 -3.8934E-01  4.4329E-04 -3.6569E-03
  1.7277E-01 -3.9180E-01  4.5567E-04 -3.7593E-03
  1.7398E-01 -3.9422E-01  4.6839E-04 -3.8645E-03
  1.7519E-01 -3.9660E-01  4.8146E-04 -3.9726E-03
  1.7641E-01 -3.9895E-01  4.9490E-04 -4.0838E-03
  1.7765E-01 -4.0125E-01  5.0871E-04 -4.1981E-03
  1.7888E-01 -4.0351E-01  5.2290E-04 -4.3155E-03
  1.8013E-01 -4.0572E-01  5.3749E-04 -4.4362E-03
  1.8139E-01 -4.0789E-01  5.5248E-04 -4.5603E-03
  1.8266E-01 -4.1000E-01  5.6788E-04 -4.6878E-03
  1.8393E-01 -4.1208E-01  5.8372E-04 -4.8189E-03
  1.8521E-01 -4.1410E-01  5.9999E-04 -4.9536E-03
  1.8651E-01 -4.1606E-01  6.1671E-04 -5.0921E-03
  1.8781E-01 -4.1798E-01  6.3390E-04 -5.2344E-03
  1.8912E-01 -4.1984E-01  6.5156E-04 -5.3807E-03
  1.9044E-01 -4.2165E-01  6.6971E-04 -5.5310E-03
  1.9177E-01 -4.2340E-01  6.8836E-04 -5.6855E-03
  1.9310E-01 -4.2508E-01  7.0753E-04 -5.8443E-03
  1.9445E-01 -4.2671E-01  7.2723E-04 -6.0075E-03
  1.9581E-01 -4.2828E-01  7.4747E-04 -6.1752E-03
  1.9717E-01 -4.2978E-01  7.6828E-04 -6.3476E-03
  1.9855E-01 -4.3122E-01  7.8966E-04 -6.5247E-03
  1.9994E-01 -4.3260E-01  8.1162E-04 -6.7068E-03
  2.0133E-01 -4.3390E-01  8.3420E-04 -6.8939E-03
  2.0274E-01 -4.3514E-01  8.5740E-04 -7.0862E-03
  2.0415E-01 -4.3630E-01  8.8124E-04 -7.2838E-03
  2.0557E-01 -4.3740E-01  9.0574E-04 -7.4869E-03
  2.0701E-01 -4.3842E-01  9.3091E-04 -7.6956E-03
  2.0845E-01 -4.3937E-01  9.5678E-04 -7.9101E-03
  2.0991E-01 -4.4024E-01  9.8336E-04 -8.1305E-03
  2.1137E-01 -4.4103E-01  1.0107E-03 -8.3570E-03
  2.1285E-01 -4.4174E-01  1.0387E-03 -8.5898E-03
  2.1433E-01 -4.4237E-01  1.0676E-03 -8.8290E-03
  2.1583E-01 -4.4292E-01  1.0972E-03 -9.0748E-03
  2.1733E-01 -4.4339E-01  1.1277E-03 -9.3274E-03
  2.1885E-01 -4.4377E-01  1.1589E-03 -9.5869E-03
  2.2038E-01 -4.4407E-01  1.1911E-03 -9.8537E-03
  2.2191E-01 -4.4427E-01  1.2241E-03 -1.0128E-02
  2.2346E-01 -4.4439E-01  1.2581E-03 -1.0409E-02
  2.2502E-01 -4.4442E-01  1.2929E-03 -1.0699E-02
  2.2659E-01 -4.4436E-01  1.3288E-03 -1.0996E-02
  2.2817E-01 -4.4420E-01  1.3656E-03 -1.1302E-02
  2.2976E-01 -4.4395E-01  1.4034E-03 -1.1615E-02
  2.3137E-01 -4.4360E-01  1.4422E-03 -1.1938E-02
  2.3298E-01 -4.4316E-01  1.4822E-03 -1.2269E-02
  2.3461E-01 -4.4262E-01  1.5232E-03 -1.2610E-02
  2.3624E-01 -4.4198E-01  1.5653E-03 -1.2960E-02
  2.3789E-01 -4.4124E-01  1.6086E-03 -1.3319E-02
  2.3955E-01 -4.4040E-01  1.6531E-03 -1.3689E-02
  2.4122E-01 -4.3945E-01  1.6988E-03 -1.4068E-02
  2.4291E-01 -4.3840E-01  1.7458E-03 -1.4458E-02
  2.4460E-01 -4.3724E-01  1.7940E-03 -1.4858E-02
  2.4631E-01 -4.3598E-01  1.8435E-03 -1.5270E-02
  2.4803E-01 -4.3462E-01  1.8945E-03 -1.5693E-02
  2.4976E-01 -4.3314E-01  1.9467E-03 -1.6127E-02
  2.5150E-01 -4.3155E-01  2.0005E-03 -1.6573E-02
  2.5325E-01 -4.2986E-01  2.0557E-03 -1.7031E-02
  2.5502E-01 -4.2805E-01  2.1123E-03 -1.7502E-02
  2.5680E-01 -4.2613E-01  2.1706E-03 -1.7986E-02
  2.5859E-01 -4.2410E-01  2.2304E-03 -1.8483E-02
  2.6040E-01 -4.2195E-01  2.2919E-03 -1.8993E-02
  2.6221E-01 -4.1969E-01  2.3550E-03 -1.9517E-02
  2.6404E-01 -4.1731E-01  2.4198E-03 -2.0056E-02
  2.6588E-01 -4.1482E-01  2.4864E-03 -2.0609E-02
  2.6774E-01 -4.1221E-01  2.5548E-03 -2.1177E-02
  2.6961E-01 -4.0949E-01  2.6251E-03 -2.1760E-02
  2.7149E-01 -4.0664E-01  2.6973E-03 -2.2360E-02
  2.7338E-01 -4.0368E-01  2.7714E-03 -2.2975E-02
  2.7529E-01 -4.0059E-01  2.8476E-03 -2.3607E-02
  2.7721E-01 -3.9739E-01  2.9258E-03 -2.4257E-02
  2.7914E-01 -3.9407E-01  3.0061E-03 -2.4923E-02
  2.8109E-01 -3.9063E-01  3.0886E-03 -2.5608E-02
  2.8305E-01 -3.8706E-01  3.1733E-03 -2.6312E-02
  2.8503E-01 -3.8337E-01  3.2603E-03 -2.7034E-02
  2.8702E-01 -3.7957E-01  3.3497E-03 -2.7775E-02
  2.8902E-01 -3.7564E-01  3.4415E-03 -2.8537E-02
  2.9104E-01 -3.7158E-01  3.5357E-03 -2.9319E-02
  2.9307E-01 -3.6741E-01  3.6325E-03 -3.0122E-02
  2.9511E-01 -3.6311E-01  3.7319E-03 -3.0947E-02
  2.9717E-01 -3.5869E-01  3.8340E-03 -3.1793E-02
  2.9924E-01 -3.5415E-01  3.9389E-03 -3.2663E-02
  3.0133E-01 -3.4948E-01  4.0465E-03 -3.3555E-02
  3.0343E-01 -3.4469E-01  4.1570E-03 -3.4471E-02
  3.0555E-01 -3.3978E-01  4.2705E-03 -3.5412E-02
  3.0768E-01 -3.3475E-01  4.3871E-03 -3.6378E-02
  3.0983E-01 -3.2959E-01  4.5068E-03 -3.7369E-02
  3.1199E-01 -3.2431E-01  4.6297E-03 -3.8387E-02
  3.1417E-01 -3.1891E-01  4.7558E-03 -3.9432E-02
  3.1636E-01 -3.1339E-01  4.8854E-03 -4.0504E-02
  3.1856E-01 -3.0775E-01  5.0184E-03 -4.1605E-02
  3.2079E-01 -3.0198E-01  5.1550E-03 -4.2735E-02
  3.2302E-01 -2.9610E-01  5.2952E-03 -4.3895E-02
  3.2528E-01 -2.9009E-01  5.4391E-03 -4.5085E-02
  3.2755E-01 -2.8397E-01  5.5869E-03 -4.6307E-02
  3.2983E-01 -2.7773E-01  5.7386E-03 -4.7560E-02
  3.3213E-01 -2.7137E-01  5.8944E-03 -4.8847E-02
  3.3445E-01 -2.6489E-01  6.0543E-03 -5.0167E-02
  3.3678E-01 -2.5830E-01  6.2184E-03 -5.1522E-02
  3.3913E-01 -2.5159E-01  6.3869E-03 -5.2912E-02
  3.4150E-01 -2.4476E-01  6.5598E-03 -5.4338E-02
  3.4388E-01 -2.3782E-01  6.7374E-03 -5.5801E-02
  3.4628E-01 -2.3077E-01  6.9196E-03 -5.7303E-02
  3.4870E-01 -2.2360E-01  7.1067E-03 -5.8843E-02
  3.5113E-01 -2.1633E-01  7.2987E-03 -6.0423E-02
  3.5358E-01 -2.0894E-01  7.4957E-03 -6.2044E-02
  3.5605E-01 -2.0145E-01  7.6980E-03 -6.3707E-02
  3.5853E-01 -1.9385E-01  7.9055E-03 -6.5412E-02
  3.6103E-01 -1.8614E-01  8.1186E-03 -6.7161E-02
  3.6355E-01 -1.7833E-01  8.3372E-03 -6.8955E-02
  3.6609E-01 -1.7041E-01  8.5616E-03 -7.0795E-02
  3.6864E-01 -1.6239E-01  8.7918E-03 -7.2682E-02
  3.7121E-01 -1.5427E-01  9.0281E-03 -7.4616E-02
  3.7380E-01 -1.4605E-01  9.2706E-03 -7.6600E-02
  3.7641E-01 -1.3773E-01  9.5194E-03 -7.8634E-02
  3.7903E-01 -1.2932E-01  9.7747E-03 -8.0719E-02
  3.8168E-01 -1.2081E-01  1.0037E-02 -8.2857E-02
  3.8434E-01 -1.1221E-01  1.0305E-02 -8.5049E-02
  3.8702E-01 -1.0351E-01  1.0581E-02 -8.7295E-02
  3.8972E-01 -9.4730E-02  1.0864E-02 -8.9598E-02
  3.9244E-01 -8.5860E-02  1.1154E-02 -9.1957E-02
  3.9518E-01 -7.6903E-02  1.1452E-02 -9.4376E-02
  3.9794E-01 -6.7863E-02  1.1758E-02 -9.6854E-02
  4.0071E-01 -5.8740E-02  1.2071E-02 -9.9394E-02
  4.0351E-01 -4.9538E-02  1.2392E-02 -1.0200E-01
  4.0632E-01 -4.0257E-02  1.2722E-02 -1.0466E-01
  4.0916E-01 -3.0900E-02  1.3061E-02 -1.0739E-01
  4.1201E-01 -2.1470E-02  1.3407E-02 -1.1019E-01
  4.1488E-01 -1.1968E-02  1.3763E-02 -1.1306E-01
  4.1778E-01 -2.3964E-03  1.4128E-02 -1.1599E-01
  4.2069E-01  7.2424E-03  1.4503E-02 -1.1900E-01
  4.2363E-01  1.6946E-02  1.4887E-02 -1.2208E-01
  4.2658E-01  2.6713E-02  1.5280E-02 -1.2523E-01
  4.2956E-01  3.6540E-02  1.5684E-02 -1.2845E-01
  4.3256E-01  4.6424E-02  1.6098E-02 -1.3176E-01
  4.3557E-01  5.6365E-02  1.6523E-02 -1.3514E-01
  4.3861E-01  6.6358E-02  1.6958E-02 -1.3860E-01
  4.4167E-01  7.6402E-02  1.7404E-02 -1.4214E-01
  4.4475E-01  8.6494E-02  1.7862E-02 -1.4577E-01
  4.4786E-01  9.6632E-02  1.8331E-02 -1.4947E-01
  4.5098E-01  1.0681E-01  1.8812E-02 -1.5327E-01
  4.5413E-01  1.1703E-01  1.9305E-02 -1.5715E-01
  4.5729E-01  1.2729E-01  1.9810E-02 -1.6112E-01
  4.6048E-01  1.3759E-01  2.0329E-02 -1.6518E-01
  4.6370E-01  1.4791E-01  2.0860E-02 -1.6933E-01
  4.6693E-01  1.5827E-01  2.1404E-02 -1.7358E-01
  4.7019E-01  1.6865E-01  2.1962E-02 -1.7792E-01
  4.7347E-01  1.7906E-01  2.2534E-02 -1.8235E-01
  4.7677E-01  1.8949E-01  2.3120E-02 -1.8689E-01
  4.8010E-01  1.9994E-01  2.3720E-02 -1.9152E-01
  4.8345E-01  2.1040E-01  2.4336E-02 -1.9625E-01
  4.8682E-01  2.2088E-01  2.4966E-02 -2.0109E-01
  4.9021E-01  2.3137E-01  2.5612E-02 -2.0603E-01
  4.9363E-01  2.4186E-01  2.6274E-02 -2.1108E-01
  4.9708E-01  2.5236E-01  2.6953E-02 -2.1623E-01
  5.0054E-01  2.6286E-01  2.7647E-02 -2.2149E-01
  5.0404E-01  2.7336E-01  2.8359E-02 -2.2686E-01
  5.0755E-01  2.8386E-01  2.9088E-02 -2.3234E-01
  5.1109E-01  2.9435E-01  2.9835E-02 -2.3793E-01
  5.1466E-01  3.0482E-01  3.0600E-02 -2.4364E-01
  5.1825E-01  3.1529E-01  3.1383E-02 -2.4946E-01
  5.2186E-01  3.2574E-01  3.2186E-02 -2.5539E-01
  5.2550E-01  3.3617E-01  3.3007E-02 -2.6144E-01
  5.2917E-01  3.4658E-01  3.3849E-02 -2.6761E-01
  5.3286E-01  3.5697E-01  3.4710E-02 -2.7390E-01
  5.3658E-01  3.6732E-01  3.5592E-02 -2.8031E-01
  5.4032E-01  3.7765E-01  3.6495E-02 -2.8684E-01
  5.4409E-01  3.8794E-01  3.7420E-02 -2.9348E-01
  5.4789E-01  3.9820E-01  3.8367E-02 -3.0025E-01
  5.5171E-01  4.0841E-01  3.9335E-02 -3.0715E-01
  5.5556E-01  4.1859E-01  4.0327E-02 -3.1416E-01
  5.5943E-01  4.2872E-01  4.1342E-02 -3.2130E-01
  5.6333E-01  4.3879E-01  4.2381E-02 -3.2856E-01
  5.6726E-01  4.4882E-01  4.3444E-02 -3.3594E-01
  5.7122E-01  4.5880E-01  4.4531E-02 -3.4345E-01
  5.7521E-01  4.6871E-01  4.5644E-02 -3.5108E-01
  5.7922E-01  4.7857E-01  4.6783E-02 -3.5883E-01
  5.8326E-01  4.8836E-01  4.7948E-02 -3.6671E-01
  5.8733E-01  4.9809E-01  4.9139E-02 -3.7470E-01
  5.9142E-01  5.0775E-01  5.0358E-02 -3.8282E-01
  5.9555E-01  5.1733E-01  5.1605E-02 -3.9105E-01
  5.9970E-01  5.2684E-01  5.2880E-02 -3.9941E-01
  6.0389E-01  5.3628E-01  5.4184E-02 -4.0788E-01
  6.0810E-01  5.4563E-01  5.5517E-02 -4.1646E-01
  6.1234E-01  5.5490E-01  5.6881E-02 -4.2516E-01
  6.1661E-01  5.6409E-01  5.8275E-02 -4.3397E-01
  6.2092E-01  5.7319E-01  5.9700E-02 -4.4289E-01
  6.2525E-01  5.8219E-01  6.1156E-02 -4.5191E-01
  6.2961E-01  5.9111E-01  6.2645E-02 -4.6103E-01
  6.3400E-01  5.9992E-01  6.4167E-02 -4.7026E-01
  6.3842E-01  6.0864E-01  6.5722E-02 -4.7958E-01
  6.4288E-01  6.1726E-01  6.7311E-02 -4.8899E-01
  6.4736E-01  6.2578E-01  6.8934E-02 -4.9849E-01
  6.5188E-01  6.3419E-01  7.0593E-02 -5.0808E-01
  6.5642E-01  6.4249E-01  7.2288E-02 -5.1774E-01
  6.6100E-01  6.5069E-01  7.4019E-02 -5.2747E-01
  6.6561E-01  6.5877E-01  7.5786E-02 -5.3728E-01
  6.7026E-01  6.6673E-01  7.7592E-02 -5.4714E-01
  6.7493E-01  6.7458E-01  7.9435E-02 -5.5705E-01
  6.7964E-01  6.8232E-01  8.1318E-02 -5.6702E-01
  6.8438E-01  6.8993E-01  8.3239E-02 -5.7702E-01
  6.8915E-01  6.9742E-01  8.5201E-02 -5.8705E-01
  6.9396E-01  7.0478E-01  8.7203E-02 -5.9711E-01
  6.9880E-01  7.1202E-01  8.9247E-02 -6.0718E-01
  7.0368E-01  7.1913E-01  9.1332E-02 -6.1726E-01
  7.0859E-01  7.2612E-01  9.3460E-02 -6.2733E-01
  7.1353E-01  7.3297E-01  9.5630E-02 -6.3738E-01
  7.1851E-01  7.3969E-01  9.7844E-02 -6.4741E-01
  7.2352E-01  7.4627E-01  1.0010E-01 -6.5739E-01
  7.2856E-01  7.5272E-01  1.0241E-01 -6.6733E-01
  7.3365E-01  7.5903E-01  1.0475E-01 -6.7719E-01
  7.3876E-01  7.6521E-01  1.0715E-01 -6.8698E-01
  7.4392E-01  7.7125E-01  1.0959E-01 -6.9668E-01
  7.4911E-01  7.7714E-01  1.1208E-01 -7.0626E-01
  7.5433E-01  7.8290E-01  1.1462E-01 -7.1572E-01
  7.5959E-01  7.8851E-01  1.1720E-01 -7.2504E-01
  7.6489E-01  7.9398E-01  1.1983E-01 -7.3420E-01
  7.7023E-01  7.9930E-01  1.2251E-01 -7.4318E-01
  7.7560E-01  8.0448E-01  1.2525E-01 -7.5196E-01
  7.8101E-01  8.0952E-01  1.2803E-01 -7.6053E-01
  7.8646E-01  8.1440E-01  1.3086E-01 -7.6886E-01
  7.9194E-01  8.1914E-01  1.3375E-01 -7.7693E-01
  7.9747E-01  8.2374E-01  1.3668E-01 -7.8472E-01
  8.0303E-01  8.2818E-01  1.3967E-01 -7.9221E-01
  8.0863E-01  8.3248E-01  1.4271E-01 -7.9936E-01
  8.1427E-01  8.3663E-01  1.4581E-01 -8.0617E-01
  8.1995E-01  8.4063E-01  1.4895E-01 -8.1260E-01
  8.2567E-01  8.4448E-01  1.5216E-01 -8.1862E-01
  8.3143E-01  8.4818E-01  1.5541E-01 -8.2421E-01
  8.3723E-01  8.5173E-01  1.5872E-01 -8.2934E-01
  8.4307E-01  8.5513E-01  1.6209E-01 -8.3398E-01
  8.4895E-01  8.5838E-01  1.6551E-01 -8.3811E-01
  8.5487E-01  8.6149E-01  1.6898E-01 -8.4168E-01
  8.6084E-01  8.6444E-01  1.7251E-01 -8.4467E-01
  8.6684E-01  8.6725E-01  1.7610E-01 -8.4704E-01
  8.7289E-01  8.6990E-01  1.7974E-01 -8.4877E-01
  8.7898E-01  8.7241E-01  1.8343E-01 -8.4981E-01
  8.8511E-01  8.7477E-01  1.8719E-01 -8.5014E-01
  8.9128E-01  8.7699E-01  1.9100E-01 -8.4971E-01
  8.9750E-01  8.7906E-01  1.9486E-01 -8.4850E-01
  9.0376E-01  8.8098E-01  1.9878E-01 -8.4645E-01
  9.1006E-01  8.8276E-01  2.0276E-01 -8.4355E-01
  9.1641E-01  8.8439E-01  2.0679E-01 -8.3974E-01
  9.2280E-01  8.8588E-01  2.1088E-01 -8.3500E-01
  9.2924E-01  8.8722E-01  2.1502E-01 -8.2927E-01
  9.3572E-01  8.8842E-01  2.1922E-01 -8.2252E-01
  9.4225E-01  8.8949E-01  2.2347E-01 -8.1471E-01
  9.4882E-01  8.9041E-01  2.2777E-01 -8.0581E-01
  9.5544E-01  8.9119E-01  2.3213E-01 -7.9576E-01
  9.6211E-01  8.9183E-01  2.3654E-01 -7.8453E-01
  9.6882E-01  8.9234E-01  2.4101E-01 -7.7207E-01
  9.7557E-01  8.9271E-01  2.4552E-01 -7.5836E-01
  9.8238E-01  8.9295E-01  2.5009E-01 -7.4333E-01
  9.8923E-01  8.9305E-01  2.5471E-01 -7.2697E-01
  9.9613E-01  8.9302E-01  2.5937E-01 -7.0921E-01
  1.0031E+00  8.9286E-01  2.6409E-01 -6.9003E-01
  1.0101E+00  8.9257E-01  2.6885E-01 -6.6939E-01
  1.0171E+00  8.9215E-01  2.7366E-01 -6.4725E-01
  1.0242E+00  8.9161E-01  2.7851E-01 -6.2356E-01
  1.0314E+00  8.9094E-01  2.8340E-01 -5.9830E-01
  1.0386E+00  8.9014E-01  2.8834E-01 -5.7142E-01
  1.0458E+00  8.8922E-01  2.9332E-01 -5.4290E-01
  1.0531E+00  8.8818E-01  2.9834E-01 -5.1269E-01
  1.0604E+00  8.8702E-01  3.0340E-01 -4.8078E-01
  1.0678E+00  8.8575E-01  3.0849E-01 -4.4713E-01
  1.0753E+00  8.8436E-01  3.1362E-01 -4.1170E-01
  1.0828E+00  8.8285E-01  3.1878E-01 -3.7449E-01
  1.0903E+00  8.8123E-01  3.2397E-01 -3.3546E-01
  1.0979E+00  8.7949E-01  3.2919E-01 -2.9459E-01
  1.1056E+00  8.7765E-01  3.3443E-01 -2.5188E-01
  1.1133E+00  8.7570E-01  3.3970E-01 -2.0729E-01
  1.1211E+00  8.7364E-01  3.4499E-01 -1.6083E-01
  1.1289E+00  8.7148E-01  3.5030E-01 -1.1248E-01
  1.1368E+00  8.6922E-01  3.5562E-01 -6.2241E-02
  1.1447E+00  8.6685E-01  3.6096E-01 -1.0113E-02
  1.1527E+00  8.6438E-01  3.6631E-01  4.3900E-02
  1.1607E+00  8.6182E-01  3.7167E-01  9.9790E-02
  1.1688E+00  8.5916E-01  3.7703E-01  1.5754E-01
  1.1770E+00  8.5640E-01  3.8239E-01  2.1714E-01
  1.1852E+00  8.5356E-01  3.8776E-01  2.7857E-01
  1.1935E+00  8.5062E-01  3.9311E-01  3.4178E-01
  1.2018E+00  8.4759E-01  3.9846E-01  4.0676E-01
  1.2102E+00  8.4447E-01  4.0380E-01  4.7346E-01
  1.2186E+00  8.4127E-01  4.0912E-01  5.4183E-01
  1.2271E+00  8.3798E-01  4.1442E-01  6.1183E-01
  1.2357E+00  8.3461E-01  4.1970E-01  6.8339E-01
  1.2443E+00  8.3116E-01  4.2496E-01  7.5645E-01
  1.2530E+00  8.2764E-01  4.3018E-01  8.3095E-01
  1.2617E+00  8.2403E-01  4.3536E-01  9.0679E-01
  1.2705E+00  8.2035E-01  4.4051E-01  9.8390E-01
  1.2794E+00  8.1660E-01  4.4561E-01  1.0622E+00
  1.2883E+00  8.1277E-01  4.5066E-01  1.1415E+00
  1.2973E+00  8.0887E-01  4.5567E-01  1.2219E+00
  1.3063E+00  8.0491E-01  4.6061E-01  1.3031E+00
  1.3154E+00  8.0088E-01  4.6549E-01  1.3850E+00
  1.3246E+00  7.9678E-01  4.7030E-01  1.4675E+00
  1.3338E+00  7.9262E-01  4.7505E-01  1.5504E+00
  1.3432E+00  7.8840E-01  4.7971E-01  1.6337E+00
  1.3525E+00  7.8412E-01  4.8430E-01  1.7172E+00
  1.3620E+00  7.7978E-01  4.8880E-01  1.8007E+00
  1.3715E+00  7.7538E-01  4.9320E-01  1.8840E+00
  1.3810E+00  7.7093E-01  4.9751E-01  1.9670E+00
  1.3907E+00  7.6643E-01  5.0172E-01  2.0495E+00
  1.4004E+00  7.6187E-01  5.0582E-01  2.1312E+00
  1.4101E+00  7.5727E-01  5.0982E-01  2.2121E+00
  1.4200E+00  7.5262E-01  5.1369E-01  2.2919E+00
  1.4299E+00  7.4792E-01  5.1744E-01  2.3705E+00
  1.4398E+00  7.4317E-01  5.2107E-01  2.4475E+00
  1.4499E+00  7.3838E-01  5.2456E-01  2.5228E+00
  1.4600E+00  7.3355E-01  5.2792E-01  2.5962E+00
  1.4702E+00  7.2868E-01  5.3114E-01  2.6674E+00
  1.4804E+00  7.2378E-01  5.3421E-01  2.7362E+00
  1.4908E+00  7.1883E-01  5.3713E-01  2.8025E+00
  1.5012E+00  7.1385E-01  5.3990E-01  2.8659E+00
  1.5116E+00  7.0884E-01  5.4250E-01  2.9263E+00
  1.5222E+00  7.0379E-01  5.4494E-01  2.9833E+00
  1.5328E+00  6.9871E-01  5.4721E-01  3.0369E+00
  1.5435E+00  6.9361E-01  5.4931E-01  3.0868E+00
  1.5542E+00  6.8847E-01  5.5123E-01  3.1327E+00
  1.5651E+00  6.8331E-01  5.5298E-01  3.1744E+00
  1.5760E+00  6.7813E-01  5.5454E-01  3.2117E+00
  1.5870E+00  6.7292E-01  5.5591E-01  3.2445E+00
  1.5981E+00  6.6769E-01  5.5709E-01  3.2725E+00
  1.6092E+00  6.6244E-01  5.5808E-01  3.2955E+00
  1.6204E+00  6.5717E-01  5.5887E-01  3.3134E+00
  1.6317E+00  6.5189E-01  5.5947E-01  3.3259E+00
  1.6431E+00  6.4658E-01  5.5987E-01  3.3330E+00
  1.6546E+00  6.4127E-01  5.6006E-01  3.3345E+00
  1.6661E+00  6.3594E-01  5.6006E-01  3.3303E+00
  1.6777E+00  6.3059E-01  5.5985E-01  3.3202E+00
  1.6894E+00  6.2524E-01  5.5943E-01  3.3042E+00
  1.7012E+00  6.1988E-01  5.5881E-01  3.2823E+00
  1.7131E+00  6.1451E-01  5.5799E-01  3.2542E+00
  1.7250E+00  6.0913E-01  5.5696E-01  3.2201E+00
  1.7371E+00  6.0375E-01  5.5573E-01  3.1800E+00
  1.7492E+00  5.9836E-01  5.5429E-01  3.1338E+00
  1.7614E+00  5.9297E-01  5.5266E-01  3.0816E+00
  1.7737E+00  5.8758E-01  5.5083E-01  3.0235E+00
  1.7861E+00  5.8219E-01  5.4880E-01  2.9595E+00
  1.7985E+00  5.7679E-01  5.4658E-01  2.8899E+00
  1.8111E+00  5.7140E-01  5.4417E-01  2.8148E+00
  1.8237E+00  5.6602E-01  5.4157E-01  2.7343E+00
  1.8364E+00  5.6063E-01  5.3879E-01  2.6488E+00
  1.8492E+00  5.5526E-01  5.3584E-01  2.5584E+00
  1.8621E+00  5.4988E-01  5.3272E-01  2.4634E+00
  1.8751E+00  5.4452E-01  5.2943E-01  2.3642E+00
  1.8882E+00  5.3916E-01  5.2598E-01  2.2612E+00
  1.9014E+00  5.3382E-01  5.2237E-01  2.1546E+00
  1.9146E+00  5.2848E-01  5.1862E-01  2.0450E+00
  1.9280E+00  5.2315E-01  5.1473E-01  1.9328E+00
  1.9414E+00  5.1784E-01  5.1071E-01  1.8184E+00
  1.9550E+00  5.1254E-01  5.0656E-01  1.7024E+00
  1.9686E+00  5.0726E-01  5.0230E-01  1.5852E+00
  1.9823E+00  5.0199E-01  4.9793E-01  1.4676E+00
  1.9962E+00  4.9673E-01  4.9346E-01  1.3500E+00
  2.0101E+00  4.9149E-01  4.8890E-01  1.2330E+00
  2.0241E+00  4.8627E-01  4.8426E-01  1.1173E+00
  2.0382E+00  4.8107E-01  4.7954E-01  1.0035E+00
  2.0524E+00  4.7589E-01  4.7477E-01  8.9230E-01
  2.0667E+00  4.7073E-01  4.6993E-01  7.8432E-01
  2.0812E+00  4.6559E-01  4.6505E-01  6.8024E-01
  2.0957E+00  4.6047E-01  4.6014E-01  5.8073E-01
  2.1103E+00  4.5537E-01  4.5519E-01  4.8646E-01
  2.1250E+00  4.5030E-01  4.5023E-01  3.9808E-01
  2.1398E+00  4.4525E-01  4.4525E-01  3.1625E-01
  2.1548E+00  4.4023E-01  4.4027E-01  2.4158E-01
  2.1698E+00  4.3523E-01  4.3529E-01  1.7468E-01
  2.1849E+00  4.3026E-01  4.3032E-01  1.1612E-01
  2.2002E+00  4.2531E-01  4.2537E-01  6.6432E-02
  2.2155E+00  4.2039E-01  4.2044E-01  2.6098E-02
  2.2310E+00  4.1550E-01  4.1554E-01 -4.4455E-03
  2.2465E+00  4.1064E-01  4.1066E-01 -2.4829E-02
  2.2622E+00  4.0580E-01  4.0581E-01 -3.4751E-02
  2.2780E+00  4.0100E-01  4.0100E-01 -3.3991E-02
  2.2939E+00  3.9623E-01  3.9623E-01 -2.2416E-02
  2.3099E+00  3.9148E-01  3.9148E-01  0.0000E+00
  2.3260E+00  3.8677E-01  3.8677E-01  0.0000E+00
  2.3422E+00  3.8209E-01  3.8209E-01  0.0000E+00
  2.3585E+00  3.7744E-01  3.7744E-01  0.0000E+00
  2.3750E+00  3.7282E-01  3.7282E-01  0.0000E+00
  2.3916E+00  3.6823E-01  3.6823E-01  0.0000E+00
  2.4082E+00  3.6368E-01  3.6368E-01  0.0000E+00
  2.4250E+00  3.5916E-01  3.5916E-01  0.0000E+00
  2.4419E+00  3.5468E-01  3.5468E-01  0.0000E+00
  2.4590E+00  3.5023E-01  3.5023E-01  0.0000E+00
  2.4761E+00  3.4581E-01  3.4581E-01  0.0000E+00
  2.4934E+00  3.4143E-01  3.4143E-01  0.0000E+00
  2.5108E+00  3.3709E-01  3.3709E-01  0.0000E+00
  2.5283E+00  3.3277E-01  3.3277E-01  0.0000E+00
  2.5459E+00  3.2850E-01  3.2850E-01  0.0000E+00
  2.5637E+00  3.2426E-01  3.2426E-01  0.0000E+00
  2.5816E+00  3.2005E-01  3.2005E-01  0.0000E+00
  2.5996E+00  3.1589E-01  3.1589E-01  0.0000E+00
  2.6177E+00  3.1175E-01  3.1175E-01  0.0000E+00
  2.6360E+00  3.0766E-01  3.0766E-01  0.0000E+00
  2.6544E+00  3.0360E-01  3.0360E-01  0.0000E+00
  2.6729E+00  2.9958E-01  2.9958E-01  0.0000E+00
  2.6915E+00  2.9559E-01  2.9559E-01  0.0000E+00
  2.7103E+00  2.9165E-01  2.9165E-01  0.0000E+00
  2.7292E+00  2.8773E-01  2.8773E-01  0.0000E+00
  2.7482E+00  2.8386E-01  2.8386E-01  0.0000E+00
  2.7674E+00  2.8002E-01  2.8002E-01  0.0000E+00
  2.7867E+00  2.7622E-01  2.7622E-01  0.0000E+00
  2.8061E+00  2.7246E-01  2.7246E-01  0.0000E+00
  2.8257E+00  2.6873E-01  2.6873E-01  0.0000E+00
  2.8454E+00  2.6505E-01  2.6505E-01  0.0000E+00
  2.8653E+00  2.6140E-01  2.6140E-01  0.0000E+00
  2.8853E+00  2.5778E-01  2.5778E-01  0.0000E+00
  2.9054E+00  2.5421E-01  2.5421E-01  0.0000E+00
  2.9256E+00  2.5067E-01  2.5067E-01  0.0000E+00
  2.9461E+00  2.4716E-01  2.4716E-01  0.0000E+00
  2.9666E+00  2.4370E-01  2.4370E-01  0.0000E+00
  2.9873E+00  2.4027E-01  2.4027E-01  0.0000E+00
  3.0081E+00  2.3688E-01  2.3688E-01  0.0000E+00
  3.0291E+00  2.3352E-01  2.3352E-01  0.0000E+00
  3.0502E+00  2.3021E-01  2.3021E-01  0.0000E+00
  3.0715E+00  2.2692E-01  2.2692E-01  0.0000E+00
  3.0929E+00  2.2368E-01  2.2368E-01  0.0000E+00
  3.1145E+00  2.2047E-01  2.2047E-01  0.0000E+00
  3.1362E+00  2.1730E-01  2.1730E-01  0.0000E+00
  3.1581E+00  2.1416E-01  2.1416E-01  0.0000E+00
  3.1801E+00  2.1106E-01  2.1106E-01  0.0000E+00
  3.2023E+00  2.0799E-01  2.0799E-01  0.0000E+00
  3.2247E+00  2.0496E-01  2.0496E-01  0.0000E+00
  3.2472E+00  2.0196E-01  2.0196E-01  0.0000E+00
  3.2698E+00  1.9900E-01  1.9900E-01  0.0000E+00
