 # l=           1 basis function with energy    -1.64499486587173     
  0.0000E+00  0.0000E+00  0.0000E+00  0.0000E+00
  5.1574E-07  1.3498E-08  3.2902E-13  1.0025E-12
  1.0351E-06  4.0875E-08  1.3253E-12  4.0378E-12
  1.5580E-06  7.8330E-08  3.0027E-12  9.1482E-12
  2.0846E-06  1.2447E-07  5.3756E-12  1.6377E-11
  2.6149E-06  1.7849E-07  8.4582E-12  2.5769E-11
  3.1489E-06  2.3987E-07  1.2265E-11  3.7368E-11
  3.6866E-06  3.0823E-07  1.6812E-11  5.1219E-11
  4.2280E-06  3.8329E-07  2.2113E-11  6.7369E-11
  4.7732E-06  4.6484E-07  2.8184E-11  8.5865E-11
  5.3223E-06  5.5273E-07  3.5040E-11  1.0675E-10
  5.8751E-06  6.4681E-07  4.2698E-11  1.3008E-10
  6.4318E-06  7.4698E-07  5.1173E-11  1.5590E-10
  6.9924E-06  8.5317E-07  6.0482E-11  1.8427E-10
  7.5569E-06  9.6530E-07  7.0642E-11  2.1522E-10
  8.1254E-06  1.0833E-06  8.1669E-11  2.4881E-10
  8.6978E-06  1.2072E-06  9.3581E-11  2.8511E-10
  9.2742E-06  1.3369E-06  1.0640E-10  3.2415E-10
  9.8546E-06  1.4725E-06  1.2013E-10  3.6599E-10
  1.0439E-05  1.6138E-06  1.3480E-10  4.1069E-10
  1.1028E-05  1.7609E-06  1.5043E-10  4.5830E-10
  1.1620E-05  1.9138E-06  1.6703E-10  5.0889E-10
  1.2217E-05  2.0725E-06  1.8463E-10  5.6250E-10
  1.2818E-05  2.2369E-06  2.0324E-10  6.1920E-10
  1.3423E-05  2.4072E-06  2.2288E-10  6.7904E-10
  1.4033E-05  2.5834E-06  2.4358E-10  7.4209E-10
  1.4646E-05  2.7654E-06  2.6535E-10  8.0841E-10
  1.5264E-05  2.9532E-06  2.8821E-10  8.7806E-10
  1.5886E-05  3.1470E-06  3.1218E-10  9.5110E-10
  1.6513E-05  3.3467E-06  3.3729E-10  1.0276E-09
  1.7144E-05  3.5524E-06  3.6356E-10  1.1076E-09
  1.7779E-05  3.7641E-06  3.9101E-10  1.1912E-09
  1.8419E-05  3.9818E-06  4.1965E-10  1.2785E-09
  1.9063E-05  4.2056E-06  4.4952E-10  1.3695E-09
  1.9712E-05  4.4355E-06  4.8063E-10  1.4643E-09
  2.0365E-05  4.6716E-06  5.1302E-10  1.5630E-09
  2.1023E-05  4.9139E-06  5.4669E-10  1.6656E-09
  2.1685E-05  5.1624E-06  5.8168E-10  1.7722E-09
  2.2352E-05  5.4173E-06  6.1802E-10  1.8829E-09
  2.3024E-05  5.6785E-06  6.5572E-10  1.9977E-09
  2.3700E-05  5.9461E-06  6.9481E-10  2.1168E-09
  2.4381E-05  6.2202E-06  7.3531E-10  2.2402E-09
  2.5067E-05  6.5008E-06  7.7726E-10  2.3680E-09
  2.5757E-05  6.7880E-06  8.2067E-10  2.5003E-09
  2.6453E-05  7.0819E-06  8.6558E-10  2.6371E-09
  2.7153E-05  7.3824E-06  9.1202E-10  2.7786E-09
  2.7858E-05  7.6897E-06  9.6000E-10  2.9247E-09
  2.8568E-05  8.0038E-06  1.0096E-09  3.0757E-09
  2.9283E-05  8.3248E-06  1.0607E-09  3.2316E-09
  3.0003E-05  8.6528E-06  1.1135E-09  3.3925E-09
  3.0728E-05  8.9877E-06  1.1680E-09  3.5584E-09
  3.1458E-05  9.3298E-06  1.2242E-09  3.7295E-09
  3.2193E-05  9.6790E-06  1.2820E-09  3.9059E-09
  3.2934E-05  1.0035E-05  1.3417E-09  4.0876E-09
  3.3679E-05  1.0399E-05  1.4031E-09  4.2747E-09
  3.4430E-05  1.0770E-05  1.4663E-09  4.4674E-09
  3.5186E-05  1.1149E-05  1.5314E-09  4.6657E-09
  3.5947E-05  1.1535E-05  1.5984E-09  4.8697E-09
  3.6713E-05  1.1929E-05  1.6673E-09  5.0796E-09
  3.7485E-05  1.2330E-05  1.7381E-09  5.2954E-09
  3.8262E-05  1.2739E-05  1.8110E-09  5.5173E-09
  3.9045E-05  1.3156E-05  1.8858E-09  5.7453E-09
  3.9833E-05  1.3581E-05  1.9627E-09  5.9795E-09
  4.0626E-05  1.4014E-05  2.0417E-09  6.2202E-09
  4.1425E-05  1.4455E-05  2.1228E-09  6.4673E-09
  4.2230E-05  1.4905E-05  2.2060E-09  6.7210E-09
  4.3040E-05  1.5362E-05  2.2915E-09  6.9813E-09
  4.3856E-05  1.5828E-05  2.3792E-09  7.2485E-09
  4.4678E-05  1.6303E-05  2.4692E-09  7.5227E-09
  4.5505E-05  1.6785E-05  2.5615E-09  7.8039E-09
  4.6338E-05  1.7277E-05  2.6561E-09  8.0922E-09
  4.7177E-05  1.7777E-05  2.7532E-09  8.3879E-09
  4.8022E-05  1.8286E-05  2.8527E-09  8.6910E-09
  4.8873E-05  1.8804E-05  2.9546E-09  9.0016E-09
  4.9729E-05  1.9332E-05  3.0591E-09  9.3200E-09
  5.0592E-05  1.9868E-05  3.1662E-09  9.6461E-09
  5.1461E-05  2.0413E-05  3.2758E-09  9.9802E-09
  5.2335E-05  2.0968E-05  3.3881E-09  1.0322E-08
  5.3216E-05  2.1532E-05  3.5031E-09  1.0673E-08
  5.4103E-05  2.2106E-05  3.6209E-09  1.1031E-08
  5.4996E-05  2.2689E-05  3.7414E-09  1.1399E-08
  5.5895E-05  2.3283E-05  3.8648E-09  1.1774E-08
  5.6801E-05  2.3886E-05  3.9910E-09  1.2159E-08
  5.7713E-05  2.4499E-05  4.1202E-09  1.2553E-08
  5.8631E-05  2.5122E-05  4.2523E-09  1.2955E-08
  5.9556E-05  2.5755E-05  4.3875E-09  1.3367E-08
  6.0487E-05  2.6399E-05  4.5258E-09  1.3788E-08
  6.1425E-05  2.7053E-05  4.6672E-09  1.4219E-08
  6.2369E-05  2.7717E-05  4.8118E-09  1.4660E-08
  6.3320E-05  2.8393E-05  4.9596E-09  1.5110E-08
  6.4277E-05  2.9079E-05  5.1107E-09  1.5570E-08
  6.5241E-05  2.9776E-05  5.2651E-09  1.6041E-08
  6.6212E-05  3.0484E-05  5.4230E-09  1.6522E-08
  6.7189E-05  3.1203E-05  5.5843E-09  1.7013E-08
  6.8174E-05  3.1933E-05  5.7491E-09  1.7515E-08
  6.9165E-05  3.2675E-05  5.9175E-09  1.8028E-08
  7.0163E-05  3.3429E-05  6.0896E-09  1.8553E-08
  7.1168E-05  3.4194E-05  6.2653E-09  1.9088E-08
  7.2180E-05  3.4971E-05  6.4448E-09  1.9635E-08
  7.3199E-05  3.5760E-05  6.6280E-09  2.0193E-08
  7.4226E-05  3.6561E-05  6.8152E-09  2.0763E-08
  7.5259E-05  3.7375E-05  7.0063E-09  2.1345E-08
  7.6300E-05  3.8200E-05  7.2014E-09  2.1940E-08
  7.7348E-05  3.9039E-05  7.4006E-09  2.2547E-08
  7.8403E-05  3.9889E-05  7.6039E-09  2.3166E-08
  7.9466E-05  4.0753E-05  7.8114E-09  2.3798E-08
  8.0536E-05  4.1630E-05  8.0231E-09  2.4443E-08
  8.1613E-05  4.2520E-05  8.2393E-09  2.5102E-08
  8.2698E-05  4.3423E-05  8.4598E-09  2.5774E-08
  8.3790E-05  4.4339E-05  8.6848E-09  2.6459E-08
  8.4891E-05  4.5269E-05  8.9143E-09  2.7159E-08
  8.5998E-05  4.6213E-05  9.1485E-09  2.7872E-08
  8.7114E-05  4.7170E-05  9.3874E-09  2.8600E-08
  8.8237E-05  4.8142E-05  9.6311E-09  2.9342E-08
  8.9369E-05  4.9128E-05  9.8796E-09  3.0099E-08
  9.0508E-05  5.0128E-05  1.0133E-08  3.0871E-08
  9.1655E-05  5.1143E-05  1.0391E-08  3.1659E-08
  9.2810E-05  5.2172E-05  1.0655E-08  3.2462E-08
  9.3973E-05  5.3216E-05  1.0924E-08  3.3281E-08
  9.5144E-05  5.4276E-05  1.1198E-08  3.4115E-08
  9.6323E-05  5.5350E-05  1.1477E-08  3.4966E-08
  9.7511E-05  5.6440E-05  1.1762E-08  3.5834E-08
  9.8707E-05  5.7546E-05  1.2052E-08  3.6718E-08
  9.9911E-05  5.8667E-05  1.2348E-08  3.7619E-08
  1.0112E-04  5.9804E-05  1.2649E-08  3.8538E-08
  1.0234E-04  6.0958E-05  1.2957E-08  3.9474E-08
  1.0357E-04  6.2127E-05  1.3270E-08  4.0429E-08
  1.0481E-04  6.3313E-05  1.3589E-08  4.1401E-08
  1.0606E-04  6.4516E-05  1.3914E-08  4.2392E-08
  1.0731E-04  6.5736E-05  1.4246E-08  4.3401E-08
  1.0858E-04  6.6973E-05  1.4583E-08  4.4430E-08
  1.0985E-04  6.8227E-05  1.4927E-08  4.5478E-08
  1.1113E-04  6.9498E-05  1.5278E-08  4.6546E-08
  1.1242E-04  7.0787E-05  1.5635E-08  4.7633E-08
  1.1372E-04  7.2094E-05  1.5998E-08  4.8741E-08
  1.1503E-04  7.3420E-05  1.6369E-08  4.9869E-08
  1.1635E-04  7.4763E-05  1.6746E-08  5.1019E-08
  1.1768E-04  7.6125E-05  1.7130E-08  5.2189E-08
  1.1902E-04  7.7506E-05  1.7522E-08  5.3382E-08
  1.2036E-04  7.8905E-05  1.7920E-08  5.4596E-08
  1.2172E-04  8.0324E-05  1.8326E-08  5.5832E-08
  1.2308E-04  8.1762E-05  1.8739E-08  5.7091E-08
  1.2446E-04  8.3220E-05  1.9160E-08  5.8373E-08
  1.2584E-04  8.4698E-05  1.9588E-08  5.9678E-08
  1.2723E-04  8.6195E-05  2.0025E-08  6.1007E-08
  1.2864E-04  8.7713E-05  2.0469E-08  6.2360E-08
  1.3005E-04  8.9252E-05  2.0921E-08  6.3738E-08
  1.3147E-04  9.0811E-05  2.1381E-08  6.5140E-08
  1.3290E-04  9.2391E-05  2.1850E-08  6.6568E-08
  1.3435E-04  9.3993E-05  2.2327E-08  6.8021E-08
  1.3580E-04  9.5616E-05  2.2812E-08  6.9500E-08
  1.3726E-04  9.7260E-05  2.3306E-08  7.1005E-08
  1.3874E-04  9.8927E-05  2.3809E-08  7.2537E-08
  1.4022E-04  1.0062E-04  2.4321E-08  7.4097E-08
  1.4171E-04  1.0233E-04  2.4842E-08  7.5684E-08
  1.4322E-04  1.0406E-04  2.5372E-08  7.7299E-08
  1.4473E-04  1.0582E-04  2.5912E-08  7.8943E-08
  1.4626E-04  1.0760E-04  2.6461E-08  8.0615E-08
  1.4779E-04  1.0940E-04  2.7019E-08  8.2317E-08
  1.4934E-04  1.1123E-04  2.7588E-08  8.4049E-08
  1.5090E-04  1.1308E-04  2.8166E-08  8.5811E-08
  1.5246E-04  1.1496E-04  2.8755E-08  8.7604E-08
  1.5404E-04  1.1686E-04  2.9353E-08  8.9428E-08
  1.5563E-04  1.1879E-04  2.9963E-08  9.1284E-08
  1.5724E-04  1.2074E-04  3.0582E-08  9.3172E-08
  1.5885E-04  1.2272E-04  3.1213E-08  9.5093E-08
  1.6047E-04  1.2472E-04  3.1854E-08  9.7047E-08
  1.6211E-04  1.2675E-04  3.2506E-08  9.9034E-08
  1.6375E-04  1.2880E-04  3.3170E-08  1.0106E-07
  1.6541E-04  1.3089E-04  3.3845E-08  1.0311E-07
  1.6708E-04  1.3299E-04  3.4532E-08  1.0520E-07
  1.6876E-04  1.3513E-04  3.5230E-08  1.0733E-07
  1.7045E-04  1.3730E-04  3.5940E-08  1.0950E-07
  1.7216E-04  1.3949E-04  3.6663E-08  1.1170E-07
  1.7388E-04  1.4171E-04  3.7398E-08  1.1394E-07
  1.7560E-04  1.4396E-04  3.8145E-08  1.1621E-07
  1.7734E-04  1.4624E-04  3.8905E-08  1.1853E-07
  1.7910E-04  1.4854E-04  3.9678E-08  1.2088E-07
  1.8086E-04  1.5088E-04  4.0463E-08  1.2328E-07
  1.8264E-04  1.5325E-04  4.1263E-08  1.2571E-07
  1.8443E-04  1.5565E-04  4.2075E-08  1.2819E-07
  1.8623E-04  1.5807E-04  4.2901E-08  1.3070E-07
  1.8805E-04  1.6053E-04  4.3742E-08  1.3326E-07
  1.8987E-04  1.6302E-04  4.4596E-08  1.3587E-07
  1.9171E-04  1.6555E-04  4.5464E-08  1.3851E-07
  1.9357E-04  1.6810E-04  4.6347E-08  1.4120E-07
  1.9543E-04  1.7069E-04  4.7245E-08  1.4394E-07
  1.9731E-04  1.7331E-04  4.8158E-08  1.4672E-07
  1.9920E-04  1.7596E-04  4.9086E-08  1.4955E-07
  2.0111E-04  1.7865E-04  5.0029E-08  1.5242E-07
  2.0303E-04  1.8137E-04  5.0988E-08  1.5534E-07
  2.0496E-04  1.8412E-04  5.1963E-08  1.5831E-07
  2.0690E-04  1.8691E-04  5.2954E-08  1.6133E-07
  2.0886E-04  1.8974E-04  5.3962E-08  1.6440E-07
  2.1083E-04  1.9260E-04  5.4986E-08  1.6752E-07
  2.1282E-04  1.9550E-04  5.6027E-08  1.7069E-07
  2.1482E-04  1.9843E-04  5.7085E-08  1.7392E-07
  2.1683E-04  2.0140E-04  5.8160E-08  1.7719E-07
  2.1886E-04  2.0441E-04  5.9253E-08  1.8052E-07
  2.2090E-04  2.0745E-04  6.0364E-08  1.8391E-07
  2.2296E-04  2.1054E-04  6.1493E-08  1.8735E-07
  2.2503E-04  2.1366E-04  6.2641E-08  1.9084E-07
  2.2712E-04  2.1682E-04  6.3807E-08  1.9440E-07
  2.2922E-04  2.2002E-04  6.4993E-08  1.9801E-07
  2.3133E-04  2.2326E-04  6.6197E-08  2.0168E-07
  2.3346E-04  2.2654E-04  6.7421E-08  2.0541E-07
  2.3561E-04  2.2986E-04  6.8666E-08  2.0920E-07
  2.3776E-04  2.3323E-04  6.9930E-08  2.1305E-07
  2.3994E-04  2.3663E-04  7.1215E-08  2.1696E-07
  2.4213E-04  2.4008E-04  7.2520E-08  2.2094E-07
  2.4433E-04  2.4357E-04  7.3847E-08  2.2498E-07
  2.4655E-04  2.4710E-04  7.5195E-08  2.2909E-07
  2.4879E-04  2.5068E-04  7.6564E-08  2.3326E-07
  2.5104E-04  2.5430E-04  7.7956E-08  2.3750E-07
  2.5330E-04  2.5797E-04  7.9370E-08  2.4181E-07
  2.5559E-04  2.6168E-04  8.0807E-08  2.4619E-07
  2.5789E-04  2.6544E-04  8.2267E-08  2.5064E-07
  2.6020E-04  2.6924E-04  8.3750E-08  2.5515E-07
  2.6253E-04  2.7309E-04  8.5257E-08  2.5975E-07
  2.6488E-04  2.7699E-04  8.6788E-08  2.6441E-07
  2.6724E-04  2.8093E-04  8.8344E-08  2.6915E-07
  2.6962E-04  2.8493E-04  8.9924E-08  2.7396E-07
  2.7202E-04  2.8897E-04  9.1530E-08  2.7886E-07
  2.7443E-04  2.9306E-04  9.3161E-08  2.8382E-07
  2.7686E-04  2.9721E-04  9.4818E-08  2.8887E-07
  2.7931E-04  3.0140E-04  9.6501E-08  2.9400E-07
  2.8177E-04  3.0564E-04  9.8211E-08  2.9921E-07
  2.8425E-04  3.0994E-04  9.9948E-08  3.0450E-07
  2.8675E-04  3.1429E-04  1.0171E-07  3.0988E-07
  2.8927E-04  3.1869E-04  1.0351E-07  3.1534E-07
  2.9180E-04  3.2315E-04  1.0533E-07  3.2089E-07
  2.9435E-04  3.2766E-04  1.0718E-07  3.2652E-07
  2.9692E-04  3.3222E-04  1.0905E-07  3.3225E-07
  2.9951E-04  3.3685E-04  1.1096E-07  3.3806E-07
  3.0211E-04  3.4152E-04  1.1290E-07  3.4397E-07
  3.0473E-04  3.4626E-04  1.1487E-07  3.4997E-07
  3.0737E-04  3.5105E-04  1.1687E-07  3.5606E-07
  3.1003E-04  3.5590E-04  1.1890E-07  3.6225E-07
  3.1271E-04  3.6081E-04  1.2096E-07  3.6853E-07
  3.1541E-04  3.6577E-04  1.2306E-07  3.7492E-07
  3.1812E-04  3.7080E-04  1.2519E-07  3.8140E-07
  3.2086E-04  3.7589E-04  1.2735E-07  3.8799E-07
  3.2361E-04  3.8104E-04  1.2954E-07  3.9467E-07
  3.2639E-04  3.8625E-04  1.3177E-07  4.0147E-07
  3.2918E-04  3.9153E-04  1.3404E-07  4.0836E-07
  3.3199E-04  3.9687E-04  1.3634E-07  4.1537E-07
  3.3482E-04  4.0227E-04  1.3867E-07  4.2248E-07
  3.3767E-04  4.0774E-04  1.4105E-07  4.2971E-07
  3.4054E-04  4.1328E-04  1.4345E-07  4.3705E-07
  3.4343E-04  4.1888E-04  1.4590E-07  4.4450E-07
  3.4634E-04  4.2455E-04  1.4838E-07  4.5207E-07
  3.4928E-04  4.3029E-04  1.5091E-07  4.5975E-07
  3.5223E-04  4.3609E-04  1.5347E-07  4.6756E-07
  3.5520E-04  4.4197E-04  1.5607E-07  4.7548E-07
  3.5819E-04  4.4791E-04  1.5871E-07  4.8353E-07
  3.6121E-04  4.5393E-04  1.6139E-07  4.9170E-07
  3.6424E-04  4.6002E-04  1.6412E-07  5.0000E-07
  3.6730E-04  4.6618E-04  1.6688E-07  5.0842E-07
  3.7038E-04  4.7242E-04  1.6969E-07  5.1698E-07
  3.7348E-04  4.7873E-04  1.7254E-07  5.2567E-07
  3.7660E-04  4.8512E-04  1.7544E-07  5.3449E-07
  3.7974E-04  4.9158E-04  1.7838E-07  5.4345E-07
  3.8290E-04  4.9812E-04  1.8136E-07  5.5254E-07
  3.8609E-04  5.0474E-04  1.8439E-07  5.6178E-07
  3.8930E-04  5.1143E-04  1.8747E-07  5.7115E-07
  3.9253E-04  5.1821E-04  1.9060E-07  5.8067E-07
  3.9578E-04  5.2507E-04  1.9377E-07  5.9034E-07
  3.9906E-04  5.3201E-04  1.9699E-07  6.0015E-07
  4.0236E-04  5.3903E-04  2.0026E-07  6.1012E-07
  4.0568E-04  5.4614E-04  2.0358E-07  6.2023E-07
  4.0903E-04  5.5333E-04  2.0695E-07  6.3050E-07
  4.1239E-04  5.6060E-04  2.1038E-07  6.4093E-07
  4.1579E-04  5.6796E-04  2.1385E-07  6.5152E-07
  4.1920E-04  5.7541E-04  2.1738E-07  6.6227E-07
  4.2264E-04  5.8295E-04  2.2096E-07  6.7318E-07
  4.2611E-04  5.9058E-04  2.2460E-07  6.8426E-07
  4.2959E-04  5.9829E-04  2.2829E-07  6.9551E-07
  4.3310E-04  6.0610E-04  2.3204E-07  7.0692E-07
  4.3664E-04  6.1400E-04  2.3584E-07  7.1852E-07
  4.4020E-04  6.2200E-04  2.3970E-07  7.3028E-07
  4.4379E-04  6.3009E-04  2.4363E-07  7.4223E-07
  4.4740E-04  6.3827E-04  2.4761E-07  7.5436E-07
  4.5104E-04  6.4655E-04  2.5165E-07  7.6667E-07
  4.5470E-04  6.5493E-04  2.5575E-07  7.7917E-07
  4.5838E-04  6.6341E-04  2.5991E-07  7.9186E-07
  4.6210E-04  6.7199E-04  2.6414E-07  8.0474E-07
  4.6584E-04  6.8067E-04  2.6843E-07  8.1781E-07
  4.6960E-04  6.8945E-04  2.7279E-07  8.3109E-07
  4.7339E-04  6.9834E-04  2.7721E-07  8.4456E-07
  4.7721E-04  7.0733E-04  2.8170E-07  8.5823E-07
  4.8105E-04  7.1643E-04  2.8626E-07  8.7212E-07
  4.8493E-04  7.2563E-04  2.9088E-07  8.8621E-07
  4.8882E-04  7.3494E-04  2.9558E-07  9.0051E-07
  4.9275E-04  7.4436E-04  3.0034E-07  9.1503E-07
  4.9670E-04  7.5389E-04  3.0518E-07  9.2977E-07
  5.0068E-04  7.6354E-04  3.1009E-07  9.4473E-07
  5.0469E-04  7.7329E-04  3.1508E-07  9.5992E-07
  5.0872E-04  7.8316E-04  3.2014E-07  9.7533E-07
  5.1279E-04  7.9315E-04  3.2527E-07  9.9098E-07
  5.1688E-04  8.0326E-04  3.3048E-07  1.0069E-06
  5.2100E-04  8.1348E-04  3.3578E-07  1.0230E-06
  5.2515E-04  8.2382E-04  3.4115E-07  1.0393E-06
  5.2933E-04  8.3428E-04  3.4660E-07  1.0559E-06
  5.3354E-04  8.4487E-04  3.5213E-07  1.0728E-06
  5.3778E-04  8.5558E-04  3.5774E-07  1.0899E-06
  5.4204E-04  8.6642E-04  3.6344E-07  1.1073E-06
  5.4634E-04  8.7738E-04  3.6923E-07  1.1249E-06
  5.5066E-04  8.8847E-04  3.7510E-07  1.1428E-06
  5.5502E-04  8.9969E-04  3.8106E-07  1.1609E-06
  5.5941E-04  9.1104E-04  3.8710E-07  1.1794E-06
  5.6383E-04  9.2252E-04  3.9324E-07  1.1981E-06
  5.6827E-04  9.3414E-04  3.9947E-07  1.2170E-06
  5.7275E-04  9.4589E-04  4.0579E-07  1.2363E-06
  5.7726E-04  9.5778E-04  4.1221E-07  1.2558E-06
  5.8181E-04  9.6981E-04  4.1872E-07  1.2757E-06
  5.8638E-04  9.8197E-04  4.2533E-07  1.2958E-06
  5.9099E-04  9.9428E-04  4.3204E-07  1.3163E-06
  5.9562E-04  1.0067E-03  4.3885E-07  1.3370E-06
  6.0029E-04  1.0193E-03  4.4575E-07  1.3580E-06
  6.0500E-04  1.0321E-03  4.5277E-07  1.3794E-06
  6.0973E-04  1.0450E-03  4.5988E-07  1.4011E-06
  6.1450E-04  1.0580E-03  4.6710E-07  1.4231E-06
  6.1930E-04  1.0712E-03  4.7443E-07  1.4454E-06
  6.2414E-04  1.0846E-03  4.8187E-07  1.4681E-06
  6.2901E-04  1.0981E-03  4.8942E-07  1.4911E-06
  6.3391E-04  1.1117E-03  4.9708E-07  1.5144E-06
  6.3885E-04  1.1255E-03  5.0485E-07  1.5381E-06
  6.4382E-04  1.1395E-03  5.1274E-07  1.5621E-06
  6.4882E-04  1.1537E-03  5.2074E-07  1.5865E-06
  6.5386E-04  1.1680E-03  5.2887E-07  1.6112E-06
  6.5894E-04  1.1824E-03  5.3711E-07  1.6364E-06
  6.6405E-04  1.1971E-03  5.4547E-07  1.6618E-06
  6.6920E-04  1.2119E-03  5.5396E-07  1.6877E-06
  6.7438E-04  1.2268E-03  5.6258E-07  1.7140E-06
  6.7960E-04  1.2420E-03  5.7132E-07  1.7406E-06
  6.8486E-04  1.2573E-03  5.8019E-07  1.7676E-06
  6.9015E-04  1.2728E-03  5.8919E-07  1.7950E-06
  6.9548E-04  1.2885E-03  5.9833E-07  1.8229E-06
  7.0085E-04  1.3044E-03  6.0760E-07  1.8511E-06
  7.0625E-04  1.3204E-03  6.1700E-07  1.8798E-06
  7.1169E-04  1.3366E-03  6.2655E-07  1.9088E-06
  7.1717E-04  1.3531E-03  6.3623E-07  1.9384E-06
  7.2269E-04  1.3697E-03  6.4606E-07  1.9683E-06
  7.2825E-04  1.3865E-03  6.5603E-07  1.9987E-06
  7.3384E-04  1.4035E-03  6.6615E-07  2.0295E-06
  7.3948E-04  1.4206E-03  6.7642E-07  2.0608E-06
  7.4515E-04  1.4380E-03  6.8684E-07  2.0925E-06
  7.5086E-04  1.4556E-03  6.9741E-07  2.1247E-06
  7.5662E-04  1.4734E-03  7.0814E-07  2.1574E-06
  7.6241E-04  1.4914E-03  7.1903E-07  2.1906E-06
  7.6824E-04  1.5096E-03  7.3007E-07  2.2242E-06
  7.7412E-04  1.5280E-03  7.4128E-07  2.2584E-06
  7.8003E-04  1.5466E-03  7.5265E-07  2.2930E-06
  7.8599E-04  1.5655E-03  7.6419E-07  2.3282E-06
  7.9198E-04  1.5845E-03  7.7590E-07  2.3639E-06
  7.9802E-04  1.6038E-03  7.8777E-07  2.4000E-06
  8.0411E-04  1.6233E-03  7.9983E-07  2.4368E-06
  8.1023E-04  1.6430E-03  8.1206E-07  2.4740E-06
  8.1640E-04  1.6629E-03  8.2447E-07  2.5118E-06
  8.2261E-04  1.6831E-03  8.3706E-07  2.5502E-06
  8.2886E-04  1.7035E-03  8.4983E-07  2.5891E-06
  8.3516E-04  1.7241E-03  8.6279E-07  2.6286E-06
  8.4150E-04  1.7450E-03  8.7594E-07  2.6687E-06
  8.4788E-04  1.7661E-03  8.8929E-07  2.7093E-06
  8.5431E-04  1.7875E-03  9.0282E-07  2.7506E-06
  8.6079E-04  1.8091E-03  9.1656E-07  2.7924E-06
  8.6731E-04  1.8309E-03  9.3050E-07  2.8349E-06
  8.7387E-04  1.8530E-03  9.4464E-07  2.8779E-06
  8.8048E-04  1.8754E-03  9.5898E-07  2.9217E-06
  8.8714E-04  1.8980E-03  9.7354E-07  2.9660E-06
  8.9384E-04  1.9208E-03  9.8831E-07  3.0110E-06
  9.0059E-04  1.9439E-03  1.0033E-06  3.0566E-06
  9.0739E-04  1.9673E-03  1.0185E-06  3.1030E-06
  9.1423E-04  1.9910E-03  1.0339E-06  3.1499E-06
  9.2113E-04  2.0149E-03  1.0496E-06  3.1976E-06
  9.2807E-04  2.0391E-03  1.0654E-06  3.2460E-06
  9.3506E-04  2.0636E-03  1.0815E-06  3.2951E-06
  9.4209E-04  2.0883E-03  1.0979E-06  3.3448E-06
  9.4918E-04  2.1133E-03  1.1145E-06  3.3953E-06
  9.5632E-04  2.1386E-03  1.1313E-06  3.4466E-06
  9.6350E-04  2.1642E-03  1.1484E-06  3.4986E-06
  9.7074E-04  2.1901E-03  1.1657E-06  3.5513E-06
  9.7803E-04  2.2163E-03  1.1832E-06  3.6048E-06
  9.8536E-04  2.2428E-03  1.2011E-06  3.6591E-06
  9.9275E-04  2.2696E-03  1.2191E-06  3.7142E-06
  1.0002E-03  2.2967E-03  1.2375E-06  3.7701E-06
  1.0077E-03  2.3241E-03  1.2561E-06  3.8268E-06
  1.0152E-03  2.3518E-03  1.2750E-06  3.8843E-06
  1.0228E-03  2.3798E-03  1.2941E-06  3.9426E-06
  1.0305E-03  2.4082E-03  1.3135E-06  4.0018E-06
  1.0382E-03  2.4368E-03  1.3333E-06  4.0619E-06
  1.0459E-03  2.4658E-03  1.3532E-06  4.1228E-06
  1.0537E-03  2.4952E-03  1.3735E-06  4.1846E-06
  1.0616E-03  2.5248E-03  1.3941E-06  4.2473E-06
  1.0695E-03  2.5548E-03  1.4150E-06  4.3109E-06
  1.0775E-03  2.5851E-03  1.4362E-06  4.3755E-06
  1.0855E-03  2.6158E-03  1.4577E-06  4.4409E-06
  1.0936E-03  2.6468E-03  1.4795E-06  4.5074E-06
  1.1018E-03  2.6782E-03  1.5016E-06  4.5747E-06
  1.1100E-03  2.7099E-03  1.5240E-06  4.6431E-06
  1.1182E-03  2.7420E-03  1.5468E-06  4.7124E-06
  1.1265E-03  2.7744E-03  1.5699E-06  4.7828E-06
  1.1349E-03  2.8072E-03  1.5933E-06  4.8541E-06
  1.1433E-03  2.8404E-03  1.6171E-06  4.9265E-06
  1.1518E-03  2.8740E-03  1.6412E-06  5.0000E-06
  1.1604E-03  2.9079E-03  1.6656E-06  5.0745E-06
  1.1690E-03  2.9422E-03  1.6904E-06  5.1500E-06
  1.1777E-03  2.9769E-03  1.7156E-06  5.2267E-06
  1.1864E-03  3.0120E-03  1.7411E-06  5.3045E-06
  1.1952E-03  3.0475E-03  1.7670E-06  5.3834E-06
  1.2040E-03  3.0834E-03  1.7933E-06  5.4634E-06
  1.2129E-03  3.1197E-03  1.8199E-06  5.5446E-06
  1.2219E-03  3.1564E-03  1.8470E-06  5.6270E-06
  1.2310E-03  3.1935E-03  1.8744E-06  5.7105E-06
  1.2401E-03  3.2311E-03  1.9022E-06  5.7953E-06
  1.2492E-03  3.2690E-03  1.9304E-06  5.8813E-06
  1.2585E-03  3.3074E-03  1.9591E-06  5.9685E-06
  1.2678E-03  3.3462E-03  1.9881E-06  6.0570E-06
  1.2771E-03  3.3855E-03  2.0176E-06  6.1467E-06
  1.2865E-03  3.4252E-03  2.0474E-06  6.2378E-06
  1.2960E-03  3.4653E-03  2.0778E-06  6.3301E-06
  1.3056E-03  3.5059E-03  2.1085E-06  6.4238E-06
  1.3152E-03  3.5470E-03  2.1397E-06  6.5188E-06
  1.3249E-03  3.5885E-03  2.1713E-06  6.6152E-06
  1.3346E-03  3.6304E-03  2.2034E-06  6.7130E-06
  1.3445E-03  3.6729E-03  2.2360E-06  6.8122E-06
  1.3544E-03  3.7158E-03  2.2690E-06  6.9128E-06
  1.3643E-03  3.7592E-03  2.3025E-06  7.0149E-06
  1.3744E-03  3.8031E-03  2.3365E-06  7.1184E-06
  1.3845E-03  3.8474E-03  2.3710E-06  7.2235E-06
  1.3946E-03  3.8923E-03  2.4060E-06  7.3300E-06
  1.4049E-03  3.9377E-03  2.4414E-06  7.4381E-06
  1.4152E-03  3.9835E-03  2.4774E-06  7.5477E-06
  1.4256E-03  4.0299E-03  2.5139E-06  7.6589E-06
  1.4360E-03  4.0768E-03  2.5509E-06  7.7717E-06
  1.4466E-03  4.1243E-03  2.5885E-06  7.8861E-06
  1.4572E-03  4.1722E-03  2.6266E-06  8.0022E-06
  1.4678E-03  4.2207E-03  2.6652E-06  8.1199E-06
  1.4786E-03  4.2698E-03  2.7044E-06  8.2393E-06
  1.4894E-03  4.3193E-03  2.7442E-06  8.3604E-06
  1.5003E-03  4.3695E-03  2.7845E-06  8.4833E-06
  1.5113E-03  4.4202E-03  2.8254E-06  8.6079E-06
  1.5224E-03  4.4714E-03  2.8669E-06  8.7343E-06
  1.5335E-03  4.5232E-03  2.9090E-06  8.8625E-06
  1.5447E-03  4.5757E-03  2.9517E-06  8.9926E-06
  1.5560E-03  4.6286E-03  2.9950E-06  9.1245E-06
  1.5674E-03  4.6822E-03  3.0389E-06  9.2583E-06
  1.5788E-03  4.7364E-03  3.0835E-06  9.3941E-06
  1.5904E-03  4.7911E-03  3.1286E-06  9.5318E-06
  1.6020E-03  4.8465E-03  3.1745E-06  9.6714E-06
  1.6137E-03  4.9025E-03  3.2210E-06  9.8131E-06
  1.6254E-03  4.9591E-03  3.2681E-06  9.9568E-06
  1.6373E-03  5.0164E-03  3.3160E-06  1.0103E-05
  1.6492E-03  5.0742E-03  3.3645E-06  1.0250E-05
  1.6612E-03  5.1327E-03  3.4137E-06  1.0400E-05
  1.6733E-03  5.1919E-03  3.4636E-06  1.0552E-05
  1.6855E-03  5.2517E-03  3.5143E-06  1.0707E-05
  1.6978E-03  5.3122E-03  3.5656E-06  1.0863E-05
  1.7101E-03  5.3733E-03  3.6177E-06  1.1022E-05
  1.7226E-03  5.4351E-03  3.6706E-06  1.1183E-05
  1.7351E-03  5.4976E-03  3.7242E-06  1.1346E-05
  1.7477E-03  5.5608E-03  3.7785E-06  1.1512E-05
  1.7604E-03  5.6247E-03  3.8337E-06  1.1680E-05
  1.7732E-03  5.6893E-03  3.8896E-06  1.1850E-05
  1.7861E-03  5.7546E-03  3.9463E-06  1.2023E-05
  1.7991E-03  5.8206E-03  4.0038E-06  1.2198E-05
  1.8122E-03  5.8874E-03  4.0622E-06  1.2376E-05
  1.8253E-03  5.9549E-03  4.1214E-06  1.2556E-05
  1.8386E-03  6.0231E-03  4.1814E-06  1.2739E-05
  1.8519E-03  6.0920E-03  4.2423E-06  1.2925E-05
  1.8653E-03  6.1618E-03  4.3041E-06  1.3113E-05
  1.8789E-03  6.2323E-03  4.3667E-06  1.3304E-05
  1.8925E-03  6.3035E-03  4.4303E-06  1.3497E-05
  1.9062E-03  6.3756E-03  4.4947E-06  1.3694E-05
  1.9200E-03  6.4484E-03  4.5601E-06  1.3893E-05
  1.9339E-03  6.5221E-03  4.6264E-06  1.4095E-05
  1.9479E-03  6.5965E-03  4.6937E-06  1.4300E-05
  1.9620E-03  6.6718E-03  4.7619E-06  1.4508E-05
  1.9762E-03  6.7478E-03  4.8310E-06  1.4718E-05
  1.9905E-03  6.8247E-03  4.9012E-06  1.4932E-05
  2.0049E-03  6.9025E-03  4.9724E-06  1.5149E-05
  2.0194E-03  6.9811E-03  5.0445E-06  1.5369E-05
  2.0340E-03  7.0605E-03  5.1178E-06  1.5592E-05
  2.0487E-03  7.1409E-03  5.1920E-06  1.5818E-05
  2.0635E-03  7.2221E-03  5.2673E-06  1.6047E-05
  2.0784E-03  7.3041E-03  5.3437E-06  1.6280E-05
  2.0935E-03  7.3871E-03  5.4212E-06  1.6516E-05
  2.1086E-03  7.4710E-03  5.4998E-06  1.6756E-05
  2.1238E-03  7.5558E-03  5.5795E-06  1.6998E-05
  2.1391E-03  7.6415E-03  5.6603E-06  1.7245E-05
  2.1546E-03  7.7281E-03  5.7423E-06  1.7494E-05
  2.1701E-03  7.8157E-03  5.8254E-06  1.7748E-05
  2.1857E-03  7.9042E-03  5.9098E-06  1.8005E-05
  2.2015E-03  7.9937E-03  5.9953E-06  1.8265E-05
  2.2174E-03  8.0842E-03  6.0820E-06  1.8530E-05
  2.2334E-03  8.1756E-03  6.1700E-06  1.8798E-05
  2.2495E-03  8.2680E-03  6.2593E-06  1.9070E-05
  2.2657E-03  8.3614E-03  6.3498E-06  1.9345E-05
  2.2820E-03  8.4559E-03  6.4416E-06  1.9625E-05
  2.2984E-03  8.5513E-03  6.5347E-06  1.9909E-05
  2.3150E-03  8.6478E-03  6.6291E-06  2.0196E-05
  2.3316E-03  8.7453E-03  6.7249E-06  2.0488E-05
  2.3484E-03  8.8439E-03  6.8220E-06  2.0784E-05
  2.3653E-03  8.9435E-03  6.9205E-06  2.1084E-05
  2.3823E-03  9.0442E-03  7.0204E-06  2.1389E-05
  2.3994E-03  9.1460E-03  7.1218E-06  2.1697E-05
  2.4167E-03  9.2488E-03  7.2245E-06  2.2010E-05
  2.4341E-03  9.3528E-03  7.3288E-06  2.2328E-05
  2.4516E-03  9.4579E-03  7.4345E-06  2.2650E-05
  2.4692E-03  9.5641E-03  7.5417E-06  2.2977E-05
  2.4869E-03  9.6715E-03  7.6505E-06  2.3308E-05
  2.5048E-03  9.7800E-03  7.7607E-06  2.3644E-05
  2.5228E-03  9.8896E-03  7.8726E-06  2.3985E-05
  2.5409E-03  1.0000E-02  7.9860E-06  2.4330E-05
  2.5591E-03  1.0112E-02  8.1011E-06  2.4681E-05
  2.5775E-03  1.0226E-02  8.2178E-06  2.5036E-05
  2.5960E-03  1.0340E-02  8.3361E-06  2.5397E-05
  2.6146E-03  1.0456E-02  8.4562E-06  2.5763E-05
  2.6333E-03  1.0573E-02  8.5779E-06  2.6134E-05
  2.6522E-03  1.0691E-02  8.7014E-06  2.6510E-05
  2.6712E-03  1.0810E-02  8.8266E-06  2.6891E-05
  2.6904E-03  1.0931E-02  8.9536E-06  2.7278E-05
  2.7097E-03  1.1053E-02  9.0823E-06  2.7670E-05
  2.7291E-03  1.1176E-02  9.2130E-06  2.8068E-05
  2.7486E-03  1.1300E-02  9.3454E-06  2.8472E-05
  2.7683E-03  1.1426E-02  9.4798E-06  2.8881E-05
  2.7881E-03  1.1553E-02  9.6160E-06  2.9296E-05
  2.8081E-03  1.1682E-02  9.7542E-06  2.9717E-05
  2.8282E-03  1.1812E-02  9.8944E-06  3.0144E-05
  2.8484E-03  1.1943E-02  1.0037E-05  3.0577E-05
  2.8688E-03  1.2075E-02  1.0181E-05  3.1017E-05
  2.8894E-03  1.2209E-02  1.0327E-05  3.1462E-05
  2.9100E-03  1.2345E-02  1.0475E-05  3.1914E-05
  2.9308E-03  1.2482E-02  1.0626E-05  3.2372E-05
  2.9518E-03  1.2620E-02  1.0778E-05  3.2836E-05
  2.9729E-03  1.2759E-02  1.0933E-05  3.3308E-05
  2.9941E-03  1.2901E-02  1.1090E-05  3.3786E-05
  3.0155E-03  1.3043E-02  1.1249E-05  3.4270E-05
  3.0371E-03  1.3187E-02  1.1410E-05  3.4762E-05
  3.0588E-03  1.3333E-02  1.1574E-05  3.5260E-05
  3.0806E-03  1.3480E-02  1.1740E-05  3.5766E-05
  3.1026E-03  1.3629E-02  1.1908E-05  3.6279E-05
  3.1248E-03  1.3779E-02  1.2078E-05  3.6798E-05
  3.1471E-03  1.3931E-02  1.2252E-05  3.7326E-05
  3.1696E-03  1.4084E-02  1.2427E-05  3.7861E-05
  3.1922E-03  1.4239E-02  1.2605E-05  3.8403E-05
  3.2150E-03  1.4396E-02  1.2786E-05  3.8953E-05
  3.2379E-03  1.4554E-02  1.2969E-05  3.9511E-05
  3.2610E-03  1.4714E-02  1.3155E-05  4.0077E-05
  3.2843E-03  1.4875E-02  1.3343E-05  4.0651E-05
  3.3077E-03  1.5038E-02  1.3534E-05  4.1232E-05
  3.3313E-03  1.5203E-02  1.3728E-05  4.1823E-05
  3.3550E-03  1.5370E-02  1.3924E-05  4.2421E-05
  3.3790E-03  1.5538E-02  1.4123E-05  4.3028E-05
  3.4030E-03  1.5708E-02  1.4325E-05  4.3643E-05
  3.4273E-03  1.5879E-02  1.4530E-05  4.4268E-05
  3.4517E-03  1.6053E-02  1.4738E-05  4.4901E-05
  3.4763E-03  1.6228E-02  1.4949E-05  4.5543E-05
  3.5011E-03  1.6405E-02  1.5162E-05  4.6194E-05
  3.5260E-03  1.6584E-02  1.5379E-05  4.6854E-05
  3.5511E-03  1.6764E-02  1.5599E-05  4.7524E-05
  3.5764E-03  1.6947E-02  1.5822E-05  4.8203E-05
  3.6019E-03  1.7131E-02  1.6048E-05  4.8892E-05
  3.6275E-03  1.7317E-02  1.6277E-05  4.9590E-05
  3.6533E-03  1.7505E-02  1.6510E-05  5.0299E-05
  3.6793E-03  1.7695E-02  1.6746E-05  5.1017E-05
  3.7055E-03  1.7887E-02  1.6985E-05  5.1746E-05
  3.7318E-03  1.8081E-02  1.7227E-05  5.2485E-05
  3.7584E-03  1.8277E-02  1.7473E-05  5.3234E-05
  3.7851E-03  1.8475E-02  1.7723E-05  5.3994E-05
  3.8120E-03  1.8674E-02  1.7975E-05  5.4764E-05
  3.8391E-03  1.8876E-02  1.8232E-05  5.5546E-05
  3.8664E-03  1.9080E-02  1.8492E-05  5.6339E-05
  3.8939E-03  1.9286E-02  1.8756E-05  5.7142E-05
  3.9216E-03  1.9494E-02  1.9024E-05  5.7957E-05
  3.9495E-03  1.9704E-02  1.9295E-05  5.8784E-05
  3.9775E-03  1.9916E-02  1.9570E-05  5.9622E-05
  4.0058E-03  2.0130E-02  1.9849E-05  6.0473E-05
  4.0342E-03  2.0346E-02  2.0132E-05  6.1335E-05
  4.0629E-03  2.0564E-02  2.0419E-05  6.2209E-05
  4.0917E-03  2.0785E-02  2.0710E-05  6.3096E-05
  4.1208E-03  2.1008E-02  2.1005E-05  6.3995E-05
  4.1501E-03  2.1233E-02  2.1305E-05  6.4907E-05
  4.1795E-03  2.1460E-02  2.1608E-05  6.5832E-05
  4.2092E-03  2.1689E-02  2.1916E-05  6.6770E-05
  4.2391E-03  2.1921E-02  2.2228E-05  6.7721E-05
  4.2691E-03  2.2155E-02  2.2545E-05  6.8685E-05
  4.2994E-03  2.2391E-02  2.2866E-05  6.9664E-05
  4.3299E-03  2.2630E-02  2.3192E-05  7.0656E-05
  4.3607E-03  2.2870E-02  2.3522E-05  7.1662E-05
  4.3916E-03  2.3114E-02  2.3857E-05  7.2682E-05
  4.4227E-03  2.3359E-02  2.4196E-05  7.3716E-05
  4.4541E-03  2.3607E-02  2.4541E-05  7.4766E-05
  4.4857E-03  2.3858E-02  2.4890E-05  7.5830E-05
  4.5175E-03  2.4110E-02  2.5244E-05  7.6909E-05
  4.5495E-03  2.4366E-02  2.5603E-05  7.8003E-05
  4.5818E-03  2.4623E-02  2.5967E-05  7.9113E-05
  4.6142E-03  2.4883E-02  2.6337E-05  8.0238E-05
  4.6469E-03  2.5146E-02  2.6711E-05  8.1379E-05
  4.6798E-03  2.5411E-02  2.7091E-05  8.2537E-05
  4.7130E-03  2.5679E-02  2.7476E-05  8.3710E-05
  4.7464E-03  2.5949E-02  2.7867E-05  8.4901E-05
  4.7800E-03  2.6222E-02  2.8263E-05  8.6108E-05
  4.8139E-03  2.6497E-02  2.8665E-05  8.7332E-05
  4.8480E-03  2.6775E-02  2.9073E-05  8.8573E-05
  4.8823E-03  2.7056E-02  2.9486E-05  8.9832E-05
  4.9169E-03  2.7339E-02  2.9905E-05  9.1108E-05
  4.9517E-03  2.7625E-02  3.0330E-05  9.2403E-05
  4.9867E-03  2.7914E-02  3.0761E-05  9.3716E-05
  5.0220E-03  2.8205E-02  3.1198E-05  9.5047E-05
  5.0576E-03  2.8499E-02  3.1641E-05  9.6397E-05
  5.0934E-03  2.8796E-02  3.2090E-05  9.7767E-05
  5.1294E-03  2.9096E-02  3.2546E-05  9.9155E-05
  5.1657E-03  2.9398E-02  3.3008E-05  1.0056E-04
  5.2022E-03  2.9703E-02  3.3477E-05  1.0199E-04
  5.2390E-03  3.0011E-02  3.3952E-05  1.0344E-04
  5.2761E-03  3.0322E-02  3.4434E-05  1.0491E-04
  5.3134E-03  3.0636E-02  3.4923E-05  1.0640E-04
  5.3510E-03  3.0952E-02  3.5419E-05  1.0791E-04
  5.3888E-03  3.1272E-02  3.5921E-05  1.0944E-04
  5.4269E-03  3.1594E-02  3.6431E-05  1.1099E-04
  5.4653E-03  3.1920E-02  3.6948E-05  1.1257E-04
  5.5039E-03  3.2248E-02  3.7472E-05  1.1416E-04
  5.5428E-03  3.2579E-02  3.8004E-05  1.1578E-04
  5.5820E-03  3.2914E-02  3.8543E-05  1.1743E-04
  5.6215E-03  3.3251E-02  3.9090E-05  1.1909E-04
  5.6612E-03  3.3591E-02  3.9644E-05  1.2078E-04
  5.7012E-03  3.3935E-02  4.0206E-05  1.2249E-04
  5.7415E-03  3.4281E-02  4.0776E-05  1.2423E-04
  5.7820E-03  3.4631E-02  4.1354E-05  1.2599E-04
  5.8229E-03  3.4983E-02  4.1941E-05  1.2778E-04
  5.8640E-03  3.5339E-02  4.2535E-05  1.2959E-04
  5.9054E-03  3.5698E-02  4.3138E-05  1.3143E-04
  5.9471E-03  3.6060E-02  4.3750E-05  1.3329E-04
  5.9891E-03  3.6425E-02  4.4370E-05  1.3518E-04
  6.0314E-03  3.6794E-02  4.4999E-05  1.3709E-04
  6.0740E-03  3.7165E-02  4.5636E-05  1.3904E-04
  6.1169E-03  3.7540E-02  4.6283E-05  1.4101E-04
  6.1600E-03  3.7919E-02  4.6939E-05  1.4300E-04
  6.2035E-03  3.8300E-02  4.7603E-05  1.4503E-04
  6.2473E-03  3.8685E-02  4.8278E-05  1.4708E-04
  6.2914E-03  3.9073E-02  4.8962E-05  1.4917E-04
  6.3358E-03  3.9464E-02  4.9655E-05  1.5128E-04
  6.3805E-03  3.9859E-02  5.0358E-05  1.5342E-04
  6.4255E-03  4.0257E-02  5.1071E-05  1.5560E-04
  6.4709E-03  4.0658E-02  5.1795E-05  1.5780E-04
  6.5165E-03  4.1063E-02  5.2528E-05  1.6003E-04
  6.5625E-03  4.1471E-02  5.3272E-05  1.6230E-04
  6.6088E-03  4.1883E-02  5.4026E-05  1.6460E-04
  6.6554E-03  4.2298E-02  5.4790E-05  1.6693E-04
  6.7023E-03  4.2717E-02  5.5566E-05  1.6929E-04
  6.7496E-03  4.3139E-02  5.6352E-05  1.7168E-04
  6.7972E-03  4.3564E-02  5.7150E-05  1.7411E-04
  6.8451E-03  4.3993E-02  5.7959E-05  1.7658E-04
  6.8933E-03  4.4426E-02  5.8779E-05  1.7908E-04
  6.9419E-03  4.4862E-02  5.9610E-05  1.8161E-04
  6.9909E-03  4.5302E-02  6.0454E-05  1.8418E-04
  7.0401E-03  4.5745E-02  6.1309E-05  1.8678E-04
  7.0898E-03  4.6192E-02  6.2176E-05  1.8943E-04
  7.1397E-03  4.6642E-02  6.3055E-05  1.9211E-04
  7.1900E-03  4.7096E-02  6.3947E-05  1.9482E-04
  7.2407E-03  4.7553E-02  6.4852E-05  1.9758E-04
  7.2917E-03  4.8015E-02  6.5769E-05  2.0037E-04
  7.3431E-03  4.8479E-02  6.6699E-05  2.0321E-04
  7.3948E-03  4.8948E-02  6.7642E-05  2.0608E-04
  7.4469E-03  4.9420E-02  6.8598E-05  2.0899E-04
  7.4994E-03  4.9896E-02  6.9568E-05  2.1195E-04
  7.5522E-03  5.0375E-02  7.0551E-05  2.1494E-04
  7.6054E-03  5.0859E-02  7.1549E-05  2.1798E-04
  7.6590E-03  5.1346E-02  7.2560E-05  2.2106E-04
  7.7129E-03  5.1836E-02  7.3586E-05  2.2419E-04
  7.7672E-03  5.2330E-02  7.4625E-05  2.2736E-04
  7.8219E-03  5.2829E-02  7.5680E-05  2.3057E-04
  7.8770E-03  5.3330E-02  7.6749E-05  2.3383E-04
  7.9324E-03  5.3836E-02  7.7834E-05  2.3713E-04
  7.9883E-03  5.4345E-02  7.8934E-05  2.4048E-04
  8.0445E-03  5.4858E-02  8.0049E-05  2.4388E-04
  8.1011E-03  5.5375E-02  8.1180E-05  2.4732E-04
  8.1581E-03  5.5896E-02  8.2326E-05  2.5082E-04
  8.2156E-03  5.6420E-02  8.3489E-05  2.5436E-04
  8.2734E-03  5.6948E-02  8.4668E-05  2.5795E-04
  8.3316E-03  5.7480E-02  8.5864E-05  2.6160E-04
  8.3902E-03  5.8016E-02  8.7077E-05  2.6529E-04
  8.4493E-03  5.8556E-02  8.8307E-05  2.6904E-04
  8.5087E-03  5.9099E-02  8.9553E-05  2.7284E-04
  8.5686E-03  5.9646E-02  9.0818E-05  2.7669E-04
  8.6289E-03  6.0197E-02  9.2100E-05  2.8060E-04
  8.6896E-03  6.0752E-02  9.3401E-05  2.8456E-04
  8.7507E-03  6.1310E-02  9.4719E-05  2.8857E-04
  8.8122E-03  6.1873E-02  9.6056E-05  2.9265E-04
  8.8742E-03  6.2439E-02  9.7412E-05  2.9678E-04
  8.9366E-03  6.3009E-02  9.8787E-05  3.0097E-04
  8.9995E-03  6.3583E-02  1.0018E-04  3.0522E-04
  9.0628E-03  6.4160E-02  1.0160E-04  3.0952E-04
  9.1265E-03  6.4742E-02  1.0303E-04  3.1389E-04
  9.1907E-03  6.5327E-02  1.0448E-04  3.1832E-04
  9.2553E-03  6.5916E-02  1.0596E-04  3.2281E-04
  9.3203E-03  6.6508E-02  1.0745E-04  3.2737E-04
  9.3859E-03  6.7105E-02  1.0897E-04  3.3199E-04
  9.4518E-03  6.7705E-02  1.1051E-04  3.3667E-04
  9.5183E-03  6.8309E-02  1.1206E-04  3.4142E-04
  9.5852E-03  6.8916E-02  1.1365E-04  3.4624E-04
  9.6526E-03  6.9528E-02  1.1525E-04  3.5112E-04
  9.7204E-03  7.0143E-02  1.1687E-04  3.5607E-04
  9.7887E-03  7.0762E-02  1.1852E-04  3.6110E-04
  9.8575E-03  7.1384E-02  1.2019E-04  3.6619E-04
  9.9268E-03  7.2010E-02  1.2189E-04  3.7135E-04
  9.9965E-03  7.2640E-02  1.2361E-04  3.7659E-04
  1.0067E-02  7.3274E-02  1.2535E-04  3.8190E-04
  1.0137E-02  7.3911E-02  1.2712E-04  3.8728E-04
  1.0209E-02  7.4551E-02  1.2891E-04  3.9275E-04
  1.0280E-02  7.5196E-02  1.3073E-04  3.9828E-04
  1.0353E-02  7.5843E-02  1.3257E-04  4.0390E-04
  1.0425E-02  7.6495E-02  1.3444E-04  4.0959E-04
  1.0499E-02  7.7150E-02  1.3634E-04  4.1537E-04
  1.0572E-02  7.7808E-02  1.3826E-04  4.2122E-04
  1.0647E-02  7.8470E-02  1.4021E-04  4.2716E-04
  1.0721E-02  7.9135E-02  1.4218E-04  4.3318E-04
  1.0797E-02  7.9804E-02  1.4419E-04  4.3929E-04
  1.0873E-02  8.0476E-02  1.4622E-04  4.4548E-04
  1.0949E-02  8.1151E-02  1.4828E-04  4.5176E-04
  1.1026E-02  8.1830E-02  1.5037E-04  4.5812E-04
  1.1103E-02  8.2512E-02  1.5249E-04  4.6458E-04
  1.1181E-02  8.3197E-02  1.5464E-04  4.7112E-04
  1.1260E-02  8.3886E-02  1.5682E-04  4.7776E-04
  1.1339E-02  8.4578E-02  1.5903E-04  4.8449E-04
  1.1418E-02  8.5272E-02  1.6127E-04  4.9132E-04
  1.1498E-02  8.5970E-02  1.6354E-04  4.9824E-04
  1.1579E-02  8.6671E-02  1.6584E-04  5.0526E-04
  1.1660E-02  8.7375E-02  1.6818E-04  5.1238E-04
  1.1742E-02  8.8082E-02  1.7055E-04  5.1960E-04
  1.1825E-02  8.8792E-02  1.7295E-04  5.2692E-04
  1.1908E-02  8.9505E-02  1.7539E-04  5.3434E-04
  1.1991E-02  9.0221E-02  1.7786E-04  5.4186E-04
  1.2075E-02  9.0939E-02  1.8036E-04  5.4949E-04
  1.2160E-02  9.1661E-02  1.8290E-04  5.5723E-04
  1.2245E-02  9.2384E-02  1.8548E-04  5.6508E-04
  1.2331E-02  9.3111E-02  1.8809E-04  5.7304E-04
  1.2418E-02  9.3840E-02  1.9074E-04  5.8111E-04
  1.2505E-02  9.4572E-02  1.9342E-04  5.8929E-04
  1.2593E-02  9.5306E-02  1.9615E-04  5.9759E-04
  1.2681E-02  9.6042E-02  1.9891E-04  6.0600E-04
  1.2770E-02  9.6781E-02  2.0171E-04  6.1453E-04
  1.2860E-02  9.7522E-02  2.0455E-04  6.2319E-04
  1.2950E-02  9.8265E-02  2.0743E-04  6.3196E-04
  1.3041E-02  9.9010E-02  2.1035E-04  6.4086E-04
  1.3132E-02  9.9757E-02  2.1331E-04  6.4988E-04
  1.3224E-02  1.0051E-01  2.1631E-04  6.5902E-04
  1.3317E-02  1.0126E-01  2.1936E-04  6.6830E-04
  1.3410E-02  1.0201E-01  2.2244E-04  6.7771E-04
  1.3504E-02  1.0277E-01  2.2557E-04  6.8725E-04
  1.3599E-02  1.0352E-01  2.2875E-04  6.9692E-04
  1.3695E-02  1.0428E-01  2.3197E-04  7.0673E-04
  1.3791E-02  1.0504E-01  2.3523E-04  7.1667E-04
  1.3887E-02  1.0580E-01  2.3854E-04  7.2676E-04
  1.3985E-02  1.0656E-01  2.4190E-04  7.3698E-04
  1.4083E-02  1.0733E-01  2.4530E-04  7.4735E-04
  1.4181E-02  1.0809E-01  2.4875E-04  7.5787E-04
  1.4281E-02  1.0886E-01  2.5225E-04  7.6853E-04
  1.4381E-02  1.0962E-01  2.5580E-04  7.7935E-04
  1.4482E-02  1.1039E-01  2.5940E-04  7.9031E-04
  1.4583E-02  1.1116E-01  2.6305E-04  8.0143E-04
  1.4686E-02  1.1193E-01  2.6675E-04  8.1271E-04
  1.4789E-02  1.1270E-01  2.7051E-04  8.2414E-04
  1.4892E-02  1.1347E-01  2.7431E-04  8.3573E-04
  1.4997E-02  1.1424E-01  2.7817E-04  8.4749E-04
  1.5102E-02  1.1501E-01  2.8208E-04  8.5941E-04
  1.5208E-02  1.1578E-01  2.8605E-04  8.7150E-04
  1.5314E-02  1.1655E-01  2.9007E-04  8.8376E-04
  1.5421E-02  1.1732E-01  2.9415E-04  8.9619E-04
  1.5530E-02  1.1809E-01  2.9829E-04  9.0879E-04
  1.5638E-02  1.1886E-01  3.0248E-04  9.2157E-04
  1.5748E-02  1.1963E-01  3.0674E-04  9.3453E-04
  1.5858E-02  1.2039E-01  3.1105E-04  9.4767E-04
  1.5969E-02  1.2116E-01  3.1543E-04  9.6100E-04
  1.6081E-02  1.2193E-01  3.1986E-04  9.7451E-04
  1.6194E-02  1.2269E-01  3.2436E-04  9.8822E-04
  1.6308E-02  1.2346E-01  3.2892E-04  1.0021E-03
  1.6422E-02  1.2422E-01  3.3354E-04  1.0162E-03
  1.6537E-02  1.2498E-01  3.3823E-04  1.0305E-03
  1.6653E-02  1.2574E-01  3.4299E-04  1.0450E-03
  1.6769E-02  1.2650E-01  3.4781E-04  1.0597E-03
  1.6887E-02  1.2725E-01  3.5270E-04  1.0746E-03
  1.7005E-02  1.2801E-01  3.5766E-04  1.0897E-03
  1.7124E-02  1.2876E-01  3.6269E-04  1.1050E-03
  1.7244E-02  1.2951E-01  3.6778E-04  1.1205E-03
  1.7365E-02  1.3025E-01  3.7295E-04  1.1363E-03
  1.7487E-02  1.3100E-01  3.7820E-04  1.1522E-03
  1.7609E-02  1.3174E-01  3.8351E-04  1.1684E-03
  1.7732E-02  1.3247E-01  3.8890E-04  1.1849E-03
  1.7857E-02  1.3321E-01  3.9437E-04  1.2015E-03
  1.7982E-02  1.3394E-01  3.9991E-04  1.2184E-03
  1.8108E-02  1.3467E-01  4.0553E-04  1.2355E-03
  1.8234E-02  1.3539E-01  4.1123E-04  1.2529E-03
  1.8362E-02  1.3611E-01  4.1701E-04  1.2705E-03
  1.8491E-02  1.3682E-01  4.2287E-04  1.2884E-03
  1.8620E-02  1.3753E-01  4.2881E-04  1.3065E-03
  1.8751E-02  1.3824E-01  4.3484E-04  1.3248E-03
  1.8882E-02  1.3894E-01  4.4095E-04  1.3434E-03
  1.9014E-02  1.3963E-01  4.4714E-04  1.3623E-03
  1.9147E-02  1.4032E-01  4.5343E-04  1.3815E-03
  1.9281E-02  1.4101E-01  4.5980E-04  1.4009E-03
  1.9416E-02  1.4169E-01  4.6626E-04  1.4205E-03
  1.9552E-02  1.4236E-01  4.7281E-04  1.4405E-03
  1.9689E-02  1.4303E-01  4.7945E-04  1.4607E-03
  1.9827E-02  1.4369E-01  4.8618E-04  1.4813E-03
  1.9966E-02  1.4434E-01  4.9301E-04  1.5021E-03
  2.0106E-02  1.4499E-01  4.9994E-04  1.5232E-03
  2.0246E-02  1.4563E-01  5.0696E-04  1.5446E-03
  2.0388E-02  1.4626E-01  5.1408E-04  1.5663E-03
  2.0531E-02  1.4689E-01  5.2130E-04  1.5883E-03
  2.0674E-02  1.4750E-01  5.2863E-04  1.6106E-03
  2.0819E-02  1.4811E-01  5.3605E-04  1.6332E-03
  2.0965E-02  1.4871E-01  5.4358E-04  1.6561E-03
  2.1112E-02  1.4931E-01  5.5122E-04  1.6794E-03
  2.1259E-02  1.4989E-01  5.5896E-04  1.7030E-03
  2.1408E-02  1.5047E-01  5.6681E-04  1.7269E-03
  2.1558E-02  1.5103E-01  5.7477E-04  1.7512E-03
  2.1709E-02  1.5159E-01  5.8284E-04  1.7758E-03
  2.1861E-02  1.5213E-01  5.9102E-04  1.8007E-03
  2.2014E-02  1.5267E-01  5.9932E-04  1.8260E-03
  2.2168E-02  1.5320E-01  6.0774E-04  1.8516E-03
  2.2323E-02  1.5371E-01  6.1627E-04  1.8776E-03
  2.2479E-02  1.5422E-01  6.2493E-04  1.9040E-03
  2.2637E-02  1.5471E-01  6.3370E-04  1.9307E-03
  2.2795E-02  1.5519E-01  6.4260E-04  1.9578E-03
  2.2954E-02  1.5566E-01  6.5162E-04  1.9853E-03
  2.3115E-02  1.5612E-01  6.6077E-04  2.0132E-03
  2.3277E-02  1.5657E-01  6.7005E-04  2.0415E-03
  2.3440E-02  1.5700E-01  6.7945E-04  2.0701E-03
  2.3604E-02  1.5742E-01  6.8899E-04  2.0992E-03
  2.3769E-02  1.5783E-01  6.9866E-04  2.1287E-03
  2.3935E-02  1.5822E-01  7.0847E-04  2.1585E-03
  2.4103E-02  1.5860E-01  7.1842E-04  2.1888E-03
  2.4271E-02  1.5897E-01  7.2850E-04  2.2196E-03
  2.4441E-02  1.5932E-01  7.3873E-04  2.2507E-03
  2.4612E-02  1.5966E-01  7.4910E-04  2.2823E-03
  2.4784E-02  1.5998E-01  7.5961E-04  2.3144E-03
  2.4958E-02  1.6028E-01  7.7027E-04  2.3468E-03
  2.5132E-02  1.6058E-01  7.8108E-04  2.3798E-03
  2.5308E-02  1.6085E-01  7.9205E-04  2.4132E-03
  2.5485E-02  1.6111E-01  8.0316E-04  2.4471E-03
  2.5663E-02  1.6135E-01  8.1444E-04  2.4814E-03
  2.5843E-02  1.6158E-01  8.2587E-04  2.5162E-03
  2.6024E-02  1.6178E-01  8.3746E-04  2.5515E-03
  2.6206E-02  1.6197E-01  8.4921E-04  2.5874E-03
  2.6389E-02  1.6215E-01  8.6113E-04  2.6237E-03
  2.6573E-02  1.6230E-01  8.7321E-04  2.6605E-03
  2.6759E-02  1.6244E-01  8.8546E-04  2.6978E-03
  2.6946E-02  1.6255E-01  8.9789E-04  2.7357E-03
  2.7135E-02  1.6265E-01  9.1049E-04  2.7741E-03
  2.7325E-02  1.6273E-01  9.2326E-04  2.8130E-03
  2.7516E-02  1.6279E-01  9.3622E-04  2.8525E-03
  2.7708E-02  1.6282E-01  9.4935E-04  2.8925E-03
  2.7902E-02  1.6284E-01  9.6267E-04  2.9331E-03
  2.8097E-02  1.6284E-01  9.7618E-04  2.9742E-03
  2.8294E-02  1.6281E-01  9.8988E-04  3.0160E-03
  2.8491E-02  1.6277E-01  1.0038E-03  3.0583E-03
  2.8691E-02  1.6270E-01  1.0178E-03  3.1012E-03
  2.8891E-02  1.6261E-01  1.0321E-03  3.1447E-03
  2.9093E-02  1.6249E-01  1.0466E-03  3.1888E-03
  2.9297E-02  1.6236E-01  1.0613E-03  3.2335E-03
  2.9502E-02  1.6220E-01  1.0762E-03  3.2789E-03
  2.9708E-02  1.6202E-01  1.0913E-03  3.3249E-03
  2.9916E-02  1.6181E-01  1.1066E-03  3.3716E-03
  3.0125E-02  1.6158E-01  1.1221E-03  3.4188E-03
  3.0335E-02  1.6132E-01  1.1378E-03  3.4668E-03
  3.0548E-02  1.6104E-01  1.1538E-03  3.5154E-03
  3.0761E-02  1.6074E-01  1.1700E-03  3.5647E-03
  3.0976E-02  1.6040E-01  1.1864E-03  3.6147E-03
  3.1193E-02  1.6005E-01  1.2030E-03  3.6654E-03
  3.1411E-02  1.5966E-01  1.2199E-03  3.7169E-03
  3.1630E-02  1.5925E-01  1.2370E-03  3.7690E-03
  3.1852E-02  1.5881E-01  1.2544E-03  3.8219E-03
  3.2074E-02  1.5835E-01  1.2719E-03  3.8755E-03
  3.2299E-02  1.5786E-01  1.2898E-03  3.9298E-03
  3.2524E-02  1.5734E-01  1.3079E-03  3.9849E-03
  3.2752E-02  1.5679E-01  1.3262E-03  4.0408E-03
  3.2981E-02  1.5621E-01  1.3448E-03  4.0975E-03
  3.3211E-02  1.5561E-01  1.3637E-03  4.1549E-03
  3.3443E-02  1.5497E-01  1.3828E-03  4.2132E-03
  3.3677E-02  1.5431E-01  1.4022E-03  4.2723E-03
  3.3913E-02  1.5361E-01  1.4218E-03  4.3322E-03
  3.4150E-02  1.5289E-01  1.4418E-03  4.3929E-03
  3.4388E-02  1.5213E-01  1.4620E-03  4.4545E-03
  3.4629E-02  1.5135E-01  1.4825E-03  4.5170E-03
  3.4871E-02  1.5053E-01  1.5033E-03  4.5803E-03
  3.5114E-02  1.4968E-01  1.5243E-03  4.6446E-03
  3.5360E-02  1.4880E-01  1.5457E-03  4.7097E-03
  3.5607E-02  1.4789E-01  1.5674E-03  4.7757E-03
  3.5856E-02  1.4695E-01  1.5894E-03  4.8427E-03
  3.6106E-02  1.4597E-01  1.6116E-03  4.9106E-03
  3.6359E-02  1.4497E-01  1.6342E-03  4.9794E-03
  3.6613E-02  1.4393E-01  1.6571E-03  5.0492E-03
  3.6869E-02  1.4285E-01  1.6804E-03  5.1200E-03
  3.7126E-02  1.4174E-01  1.7039E-03  5.1918E-03
  3.7386E-02  1.4060E-01  1.7278E-03  5.2646E-03
  3.7647E-02  1.3943E-01  1.7520E-03  5.3384E-03
  3.7910E-02  1.3822E-01  1.7766E-03  5.4132E-03
  3.8175E-02  1.3698E-01  1.8015E-03  5.4891E-03
  3.8442E-02  1.3570E-01  1.8267E-03  5.5660E-03
  3.8711E-02  1.3439E-01  1.8523E-03  5.6440E-03
  3.8981E-02  1.3305E-01  1.8783E-03  5.7231E-03
  3.9254E-02  1.3166E-01  1.9046E-03  5.8033E-03
  3.9528E-02  1.3025E-01  1.9313E-03  5.8847E-03
  3.9804E-02  1.2880E-01  1.9584E-03  5.9672E-03
  4.0082E-02  1.2731E-01  1.9858E-03  6.0508E-03
  4.0362E-02  1.2579E-01  2.0136E-03  6.1356E-03
  4.0644E-02  1.2423E-01  2.0419E-03  6.2216E-03
  4.0928E-02  1.2264E-01  2.0705E-03  6.3088E-03
  4.1214E-02  1.2101E-01  2.0995E-03  6.3972E-03
  4.1502E-02  1.1934E-01  2.1289E-03  6.4868E-03
  4.1792E-02  1.1764E-01  2.1587E-03  6.5777E-03
  4.2084E-02  1.1590E-01  2.1890E-03  6.6699E-03
  4.2378E-02  1.1413E-01  2.2196E-03  6.7634E-03
  4.2674E-02  1.1232E-01  2.2507E-03  6.8582E-03
  4.2973E-02  1.1047E-01  2.2823E-03  6.9543E-03
  4.3273E-02  1.0859E-01  2.3143E-03  7.0517E-03
  4.3575E-02  1.0667E-01  2.3467E-03  7.1505E-03
  4.3880E-02  1.0472E-01  2.3796E-03  7.2507E-03
  4.4186E-02  1.0272E-01  2.4129E-03  7.3523E-03
  4.4495E-02  1.0070E-01  2.4467E-03  7.4553E-03
  4.4806E-02  9.8633E-02  2.4810E-03  7.5597E-03
  4.5119E-02  9.6533E-02  2.5157E-03  7.6657E-03
  4.5434E-02  9.4397E-02  2.5510E-03  7.7730E-03
  4.5751E-02  9.2224E-02  2.5867E-03  7.8819E-03
  4.6071E-02  9.0016E-02  2.6229E-03  7.9924E-03
  4.6393E-02  8.7772E-02  2.6597E-03  8.1043E-03
  4.6717E-02  8.5493E-02  2.6969E-03  8.2179E-03
  4.7043E-02  8.3178E-02  2.7347E-03  8.3330E-03
  4.7372E-02  8.0827E-02  2.7730E-03  8.4497E-03
  4.7703E-02  7.8442E-02  2.8118E-03  8.5681E-03
  4.8036E-02  7.6022E-02  2.8512E-03  8.6881E-03
  4.8372E-02  7.3566E-02  2.8911E-03  8.8098E-03
  4.8710E-02  7.1077E-02  2.9316E-03  8.9331E-03
  4.9050E-02  6.8553E-02  2.9727E-03  9.0583E-03
  4.9393E-02  6.5995E-02  3.0143E-03  9.1851E-03
  4.9738E-02  6.3404E-02  3.0565E-03  9.3138E-03
  5.0085E-02  6.0779E-02  3.0993E-03  9.4442E-03
  5.0435E-02  5.8121E-02  3.1427E-03  9.5765E-03
  5.0787E-02  5.5431E-02  3.1867E-03  9.7106E-03
  5.1142E-02  5.2708E-02  3.2313E-03  9.8466E-03
  5.1499E-02  4.9954E-02  3.2765E-03  9.9845E-03
  5.1859E-02  4.7168E-02  3.3224E-03  1.0124E-02
  5.2221E-02  4.4351E-02  3.3689E-03  1.0266E-02
  5.2586E-02  4.1503E-02  3.4161E-03  1.0410E-02
  5.2953E-02  3.8625E-02  3.4639E-03  1.0556E-02
  5.3323E-02  3.5718E-02  3.5124E-03  1.0703E-02
  5.3695E-02  3.2781E-02  3.5616E-03  1.0853E-02
  5.4070E-02  2.9816E-02  3.6114E-03  1.1005E-02
  5.4448E-02  2.6823E-02  3.6620E-03  1.1159E-02
  5.4828E-02  2.3802E-02  3.7132E-03  1.1315E-02
  5.5211E-02  2.0754E-02  3.7652E-03  1.1474E-02
  5.5597E-02  1.7681E-02  3.8179E-03  1.1635E-02
  5.5985E-02  1.4581E-02  3.8713E-03  1.1797E-02
  5.6376E-02  1.1457E-02  3.9255E-03  1.1963E-02
  5.6770E-02  8.3088E-03  3.9805E-03  1.2130E-02
  5.7166E-02  5.1369E-03  4.0362E-03  1.2300E-02
  5.7566E-02  1.9423E-03  4.0927E-03  1.2472E-02
  5.7968E-02 -1.2743E-03  4.1499E-03  1.2647E-02
  5.8372E-02 -4.5120E-03  4.2080E-03  1.2824E-02
  5.8780E-02 -7.7702E-03  4.2669E-03  1.3003E-02
  5.9191E-02 -1.1048E-02  4.3266E-03  1.3185E-02
  5.9604E-02 -1.4344E-02  4.3871E-03  1.3370E-02
  6.0020E-02 -1.7659E-02  4.4485E-03  1.3557E-02
  6.0439E-02 -2.0990E-02  4.5107E-03  1.3746E-02
  6.0861E-02 -2.4337E-02  4.5738E-03  1.3939E-02
  6.1286E-02 -2.7699E-02  4.6378E-03  1.4134E-02
  6.1714E-02 -3.1075E-02  4.7027E-03  1.4332E-02
  6.2145E-02 -3.4464E-02  4.7685E-03  1.4532E-02
  6.2579E-02 -3.7865E-02  4.8352E-03  1.4736E-02
  6.3016E-02 -4.1277E-02  4.9028E-03  1.4942E-02
  6.3456E-02 -4.4699E-02  4.9714E-03  1.5151E-02
  6.3899E-02 -4.8130E-02  5.0410E-03  1.5363E-02
  6.4346E-02 -5.1569E-02  5.1115E-03  1.5578E-02
  6.4795E-02 -5.5014E-02  5.1830E-03  1.5796E-02
  6.5247E-02 -5.8464E-02  5.2554E-03  1.6017E-02
  6.5703E-02 -6.1919E-02  5.3289E-03  1.6241E-02
  6.6162E-02 -6.5376E-02  5.4035E-03  1.6468E-02
  6.6624E-02 -6.8835E-02  5.4790E-03  1.6698E-02
  6.7089E-02 -7.2295E-02  5.5556E-03  1.6932E-02
  6.7557E-02 -7.5754E-02  5.6333E-03  1.7169E-02
  6.8029E-02 -7.9210E-02  5.7121E-03  1.7409E-02
  6.8504E-02 -8.2663E-02  5.7920E-03  1.7652E-02
  6.8982E-02 -8.6112E-02  5.8729E-03  1.7899E-02
  6.9464E-02 -8.9554E-02  5.9551E-03  1.8150E-02
  6.9949E-02 -9.2988E-02  6.0383E-03  1.8403E-02
  7.0438E-02 -9.6414E-02  6.1227E-03  1.8661E-02
  7.0929E-02 -9.9829E-02  6.2083E-03  1.8922E-02
  7.1425E-02 -1.0323E-01  6.2951E-03  1.9186E-02
  7.1923E-02 -1.0662E-01  6.3831E-03  1.9455E-02
  7.2425E-02 -1.1000E-01  6.4723E-03  1.9727E-02
  7.2931E-02 -1.1336E-01  6.5628E-03  2.0002E-02
  7.3440E-02 -1.1670E-01  6.6545E-03  2.0282E-02
  7.3953E-02 -1.2002E-01  6.7475E-03  2.0566E-02
  7.4469E-02 -1.2332E-01  6.8418E-03  2.0853E-02
  7.4989E-02 -1.2659E-01  6.9374E-03  2.1145E-02
  7.5513E-02 -1.2985E-01  7.0343E-03  2.1440E-02
  7.6040E-02 -1.3307E-01  7.1326E-03  2.1740E-02
  7.6571E-02 -1.3627E-01  7.2323E-03  2.2044E-02
  7.7106E-02 -1.3945E-01  7.3334E-03  2.2352E-02
  7.7644E-02 -1.4258E-01  7.4358E-03  2.2665E-02
  7.8186E-02 -1.4569E-01  7.5397E-03  2.2981E-02
  7.8732E-02 -1.4877E-01  7.6450E-03  2.3303E-02
  7.9281E-02 -1.5180E-01  7.7518E-03  2.3628E-02
  7.9835E-02 -1.5480E-01  7.8601E-03  2.3958E-02
  8.0392E-02 -1.5776E-01  7.9699E-03  2.4293E-02
  8.0953E-02 -1.6068E-01  8.0812E-03  2.4633E-02
  8.1519E-02 -1.6356E-01  8.1941E-03  2.4977E-02
  8.2088E-02 -1.6639E-01  8.3085E-03  2.5326E-02
  8.2661E-02 -1.6917E-01  8.4245E-03  2.5680E-02
  8.3238E-02 -1.7191E-01  8.5422E-03  2.6039E-02
  8.3819E-02 -1.7460E-01  8.6615E-03  2.6402E-02
  8.4404E-02 -1.7723E-01  8.7824E-03  2.6771E-02
  8.4993E-02 -1.7982E-01  8.9050E-03  2.7145E-02
  8.5587E-02 -1.8234E-01  9.0293E-03  2.7524E-02
  8.6184E-02 -1.8481E-01  9.1554E-03  2.7909E-02
  8.6786E-02 -1.8722E-01  9.2832E-03  2.8299E-02
  8.7392E-02 -1.8957E-01  9.4128E-03  2.8694E-02
  8.8002E-02 -1.9186E-01  9.5442E-03  2.9095E-02
  8.8616E-02 -1.9409E-01  9.6774E-03  2.9501E-02
  8.9234E-02 -1.9624E-01  9.8124E-03  2.9913E-02
  8.9857E-02 -1.9833E-01  9.9494E-03  3.0330E-02
  9.0485E-02 -2.0035E-01  1.0088E-02  3.0754E-02
  9.1116E-02 -2.0230E-01  1.0229E-02  3.1183E-02
  9.1752E-02 -2.0418E-01  1.0372E-02  3.1619E-02
  9.2393E-02 -2.0598E-01  1.0516E-02  3.2060E-02
  9.3038E-02 -2.0771E-01  1.0663E-02  3.2508E-02
  9.3687E-02 -2.0935E-01  1.0812E-02  3.2961E-02
  9.4341E-02 -2.1092E-01  1.0963E-02  3.3422E-02
  9.5000E-02 -2.1240E-01  1.1116E-02  3.3888E-02
  9.5663E-02 -2.1381E-01  1.1271E-02  3.4361E-02
  9.6331E-02 -2.1512E-01  1.1428E-02  3.4841E-02
  9.7003E-02 -2.1635E-01  1.1587E-02  3.5327E-02
  9.7680E-02 -2.1750E-01  1.1749E-02  3.5820E-02
  9.8362E-02 -2.1855E-01  1.1913E-02  3.6319E-02
  9.9048E-02 -2.1951E-01  1.2079E-02  3.6826E-02
  9.9740E-02 -2.2038E-01  1.2247E-02  3.7340E-02
  1.0044E-01 -2.2115E-01  1.2418E-02  3.7861E-02
  1.0114E-01 -2.2183E-01  1.2591E-02  3.8389E-02
  1.0184E-01 -2.2241E-01  1.2766E-02  3.8925E-02
  1.0255E-01 -2.2290E-01  1.2944E-02  3.9467E-02
  1.0327E-01 -2.2328E-01  1.3125E-02  4.0018E-02
  1.0399E-01 -2.2356E-01  1.3308E-02  4.0576E-02
  1.0472E-01 -2.2374E-01  1.3493E-02  4.1142E-02
  1.0545E-01 -2.2381E-01  1.3681E-02  4.1715E-02
  1.0618E-01 -2.2378E-01  1.3872E-02  4.2297E-02
  1.0692E-01 -2.2364E-01  1.4065E-02  4.2887E-02
  1.0767E-01 -2.2340E-01  1.4261E-02  4.3485E-02
  1.0842E-01 -2.2304E-01  1.4460E-02  4.4091E-02
  1.0918E-01 -2.2258E-01  1.4661E-02  4.4705E-02
  1.0994E-01 -2.2200E-01  1.4865E-02  4.5329E-02
  1.1071E-01 -2.2132E-01  1.5072E-02  4.5960E-02
  1.1148E-01 -2.2052E-01  1.5282E-02  4.6601E-02
  1.1226E-01 -2.1960E-01  1.5495E-02  4.7250E-02
  1.1304E-01 -2.1858E-01  1.5711E-02  4.7908E-02
  1.1383E-01 -2.1743E-01  1.5929E-02  4.8576E-02
  1.1463E-01 -2.1617E-01  1.6151E-02  4.9253E-02
  1.1543E-01 -2.1480E-01  1.6376E-02  4.9939E-02
  1.1623E-01 -2.1331E-01  1.6604E-02  5.0634E-02
  1.1704E-01 -2.1170E-01  1.6835E-02  5.1339E-02
  1.1786E-01 -2.0997E-01  1.7069E-02  5.2054E-02
  1.1868E-01 -2.0812E-01  1.7306E-02  5.2779E-02
  1.1951E-01 -2.0616E-01  1.7547E-02  5.3514E-02
  1.2034E-01 -2.0407E-01  1.7791E-02  5.4259E-02
  1.2118E-01 -2.0187E-01  1.8039E-02  5.5014E-02
  1.2203E-01 -1.9955E-01  1.8290E-02  5.5780E-02
  1.2288E-01 -1.9711E-01  1.8544E-02  5.6557E-02
  1.2374E-01 -1.9454E-01  1.8802E-02  5.7344E-02
  1.2460E-01 -1.9186E-01  1.9063E-02  5.8142E-02
  1.2547E-01 -1.8906E-01  1.9328E-02  5.8951E-02
  1.2635E-01 -1.8614E-01  1.9597E-02  5.9771E-02
  1.2723E-01 -1.8310E-01  1.9869E-02  6.0602E-02
  1.2812E-01 -1.7995E-01  2.0145E-02  6.1445E-02
  1.2901E-01 -1.7667E-01  2.0425E-02  6.2300E-02
  1.2991E-01 -1.7328E-01  2.0709E-02  6.3166E-02
  1.3082E-01 -1.6977E-01  2.0996E-02  6.4045E-02
  1.3173E-01 -1.6615E-01  2.1288E-02  6.4935E-02
  1.3265E-01 -1.6241E-01  2.1584E-02  6.5838E-02
  1.3358E-01 -1.5856E-01  2.1883E-02  6.6753E-02
  1.3451E-01 -1.5459E-01  2.2187E-02  6.7681E-02
  1.3545E-01 -1.5051E-01  2.2495E-02  6.8622E-02
  1.3639E-01 -1.4632E-01  2.2808E-02  6.9575E-02
  1.3734E-01 -1.4202E-01  2.3124E-02  7.0542E-02
  1.3830E-01 -1.3762E-01  2.3445E-02  7.1522E-02
  1.3927E-01 -1.3310E-01  2.3770E-02  7.2515E-02
  1.4024E-01 -1.2848E-01  2.4100E-02  7.3522E-02
  1.4122E-01 -1.2376E-01  2.4434E-02  7.4543E-02
  1.4220E-01 -1.1893E-01  2.4773E-02  7.5578E-02
  1.4320E-01 -1.1400E-01  2.5117E-02  7.6628E-02
  1.4420E-01 -1.0898E-01  2.5465E-02  7.7691E-02
  1.4520E-01 -1.0385E-01  2.5818E-02  7.8770E-02
  1.4622E-01 -9.8636E-02  2.6176E-02  7.9863E-02
  1.4724E-01 -9.3326E-02  2.6539E-02  8.0971E-02
  1.4826E-01 -8.7925E-02  2.6907E-02  8.2095E-02
  1.4930E-01 -8.2437E-02  2.7279E-02  8.3233E-02
  1.5034E-01 -7.6862E-02  2.7657E-02  8.4388E-02
  1.5139E-01 -7.1205E-02  2.8041E-02  8.5558E-02
  1.5245E-01 -6.5467E-02  2.8429E-02  8.6744E-02
  1.5351E-01 -5.9651E-02  2.8822E-02  8.7947E-02
  1.5458E-01 -5.3759E-02  2.9222E-02  8.9166E-02
  1.5566E-01 -4.7796E-02  2.9626E-02  9.0402E-02
  1.5675E-01 -4.1763E-02  3.0036E-02  9.1654E-02
  1.5784E-01 -3.5663E-02  3.0452E-02  9.2924E-02
  1.5894E-01 -2.9500E-02  3.0873E-02  9.4211E-02
  1.6005E-01 -2.3277E-02  3.1300E-02  9.5516E-02
  1.6117E-01 -1.6998E-02  3.1733E-02  9.6839E-02
  1.6229E-01 -1.0664E-02  3.2172E-02  9.8180E-02
  1.6342E-01 -4.2807E-03  3.2616E-02  9.9539E-02
  1.6456E-01  2.1495E-03  3.3067E-02  1.0092E-01
  1.6571E-01  8.6227E-03  3.3524E-02  1.0231E-01
  1.6687E-01  1.5135E-02  3.3988E-02  1.0373E-01
  1.6803E-01  2.1683E-02  3.4457E-02  1.0516E-01
  1.6921E-01  2.8263E-02  3.4933E-02  1.0662E-01
  1.7039E-01  3.4871E-02  3.5415E-02  1.0809E-01
  1.7158E-01  4.1503E-02  3.5904E-02  1.0959E-01
  1.7277E-01  4.8155E-02  3.6400E-02  1.1110E-01
  1.7398E-01  5.4823E-02  3.6902E-02  1.1264E-01
  1.7519E-01  6.1503E-02  3.7412E-02  1.1419E-01
  1.7641E-01  6.8190E-02  3.7928E-02  1.1577E-01
  1.7765E-01  7.4881E-02  3.8451E-02  1.1737E-01
  1.7888E-01  8.1570E-02  3.8981E-02  1.1899E-01
  1.8013E-01  8.8255E-02  3.9518E-02  1.2063E-01
  1.8139E-01  9.4929E-02  4.0063E-02  1.2230E-01
  1.8266E-01  1.0159E-01  4.0615E-02  1.2398E-01
  1.8393E-01  1.0823E-01  4.1175E-02  1.2569E-01
  1.8521E-01  1.1485E-01  4.1742E-02  1.2743E-01
  1.8651E-01  1.2144E-01  4.2317E-02  1.2918E-01
  1.8781E-01  1.2800E-01  4.2899E-02  1.3096E-01
  1.8912E-01  1.3452E-01  4.3490E-02  1.3277E-01
  1.9044E-01  1.4100E-01  4.4088E-02  1.3460E-01
  1.9177E-01  1.4743E-01  4.4694E-02  1.3645E-01
  1.9310E-01  1.5381E-01  4.5309E-02  1.3833E-01
  1.9445E-01  1.6013E-01  4.5932E-02  1.4024E-01
  1.9581E-01  1.6640E-01  4.6564E-02  1.4217E-01
  1.9717E-01  1.7259E-01  4.7203E-02  1.4412E-01
  1.9855E-01  1.7872E-01  4.7852E-02  1.4611E-01
  1.9994E-01  1.8477E-01  4.8509E-02  1.4811E-01
  2.0133E-01  1.9075E-01  4.9175E-02  1.5015E-01
  2.0274E-01  1.9663E-01  4.9850E-02  1.5221E-01
  2.0415E-01  2.0243E-01  5.0534E-02  1.5431E-01
  2.0557E-01  2.0813E-01  5.1228E-02  1.5642E-01
  2.0701E-01  2.1374E-01  5.1930E-02  1.5857E-01
  2.0845E-01  2.1923E-01  5.2642E-02  1.6075E-01
  2.0991E-01  2.2462E-01  5.3364E-02  1.6296E-01
  2.1137E-01  2.2990E-01  5.4095E-02  1.6519E-01
  2.1285E-01  2.3506E-01  5.4836E-02  1.6746E-01
  2.1433E-01  2.4009E-01  5.5587E-02  1.6975E-01
  2.1583E-01  2.4500E-01  5.6348E-02  1.7208E-01
  2.1733E-01  2.4978E-01  5.7119E-02  1.7444E-01
  2.1885E-01  2.5441E-01  5.7901E-02  1.7682E-01
  2.2038E-01  2.5891E-01  5.8693E-02  1.7925E-01
  2.2191E-01  2.6326E-01  5.9495E-02  1.8170E-01
  2.2346E-01  2.6746E-01  6.0308E-02  1.8418E-01
  2.2502E-01  2.7151E-01  6.1132E-02  1.8670E-01
  2.2659E-01  2.7539E-01  6.1967E-02  1.8925E-01
  2.2817E-01  2.7912E-01  6.2813E-02  1.9184E-01
  2.2976E-01  2.8268E-01  6.3671E-02  1.9446E-01
  2.3137E-01  2.8606E-01  6.4539E-02  1.9712E-01
  2.3298E-01  2.8927E-01  6.5419E-02  1.9981E-01
  2.3461E-01  2.9230E-01  6.6311E-02  2.0253E-01
  2.3624E-01  2.9515E-01  6.7215E-02  2.0529E-01
  2.3789E-01  2.9782E-01  6.8131E-02  2.0809E-01
  2.3955E-01  3.0029E-01  6.9058E-02  2.1093E-01
  2.4122E-01  3.0257E-01  6.9998E-02  2.1380E-01
  2.4291E-01  3.0465E-01  7.0951E-02  2.1671E-01
  2.4460E-01  3.0653E-01  7.1916E-02  2.1966E-01
  2.4631E-01  3.0821E-01  7.2893E-02  2.2264E-01
  2.4803E-01  3.0968E-01  7.3884E-02  2.2567E-01
  2.4976E-01  3.1095E-01  7.4887E-02  2.2874E-01
  2.5150E-01  3.1200E-01  7.5904E-02  2.3184E-01
  2.5325E-01  3.1284E-01  7.6934E-02  2.3499E-01
  2.5502E-01  3.1346E-01  7.7978E-02  2.3818E-01
  2.5680E-01  3.1386E-01  7.9035E-02  2.4140E-01
  2.5859E-01  3.1404E-01  8.0107E-02  2.4468E-01
  2.6040E-01  3.1400E-01  8.1192E-02  2.4799E-01
  2.6221E-01  3.1373E-01  8.2291E-02  2.5135E-01
  2.6404E-01  3.1324E-01  8.3405E-02  2.5475E-01
  2.6588E-01  3.1251E-01  8.4533E-02  2.5819E-01
  2.6774E-01  3.1156E-01  8.5676E-02  2.6168E-01
  2.6961E-01  3.1038E-01  8.6834E-02  2.6521E-01
  2.7149E-01  3.0896E-01  8.8007E-02  2.6879E-01
  2.7338E-01  3.0731E-01  8.9195E-02  2.7242E-01
  2.7529E-01  3.0542E-01  9.0398E-02  2.7609E-01
  2.7721E-01  3.0331E-01  9.1617E-02  2.7981E-01
  2.7914E-01  3.0095E-01  9.2852E-02  2.8357E-01
  2.8109E-01  2.9836E-01  9.4103E-02  2.8739E-01
  2.8305E-01  2.9554E-01  9.5370E-02  2.9125E-01
  2.8503E-01  2.9248E-01  9.6653E-02  2.9516E-01
  2.8702E-01  2.8919E-01  9.7953E-02  2.9913E-01
  2.8902E-01  2.8566E-01  9.9269E-02  3.0314E-01
  2.9104E-01  2.8190E-01  1.0060E-01  3.0720E-01
  2.9307E-01  2.7790E-01  1.0195E-01  3.1132E-01
  2.9511E-01  2.7368E-01  1.0332E-01  3.1548E-01
  2.9717E-01  2.6922E-01  1.0471E-01  3.1970E-01
  2.9924E-01  2.6454E-01  1.0611E-01  3.2397E-01
  3.0133E-01  2.5962E-01  1.0753E-01  3.2830E-01
  3.0343E-01  2.5449E-01  1.0897E-01  3.3268E-01
  3.0555E-01  2.4912E-01  1.1043E-01  3.3711E-01
  3.0768E-01  2.4354E-01  1.1190E-01  3.4160E-01
  3.0983E-01  2.3774E-01  1.1340E-01  3.4615E-01
  3.1199E-01  2.3172E-01  1.1491E-01  3.5075E-01
  3.1417E-01  2.2549E-01  1.1644E-01  3.5541E-01
  3.1636E-01  2.1905E-01  1.1800E-01  3.6013E-01
  3.1856E-01  2.1240E-01  1.1957E-01  3.6490E-01
  3.2079E-01  2.0555E-01  1.2116E-01  3.6974E-01
  3.2302E-01  1.9850E-01  1.2277E-01  3.7463E-01
  3.2528E-01  1.9125E-01  1.2440E-01  3.7958E-01
  3.2755E-01  1.8381E-01  1.2605E-01  3.8459E-01
  3.2983E-01  1.7617E-01  1.2773E-01  3.8967E-01
  3.3213E-01  1.6836E-01  1.2942E-01  3.9480E-01
  3.3445E-01  1.6036E-01  1.3113E-01  4.0000E-01
  3.3678E-01  1.5219E-01  1.3287E-01  4.0526E-01
  3.3913E-01  1.4385E-01  1.3463E-01  4.1058E-01
  3.4150E-01  1.3534E-01  1.3641E-01  4.1597E-01
  3.4388E-01  1.2668E-01  1.3821E-01  4.2142E-01
  3.4628E-01  1.1785E-01  1.4003E-01  4.2693E-01
  3.4870E-01  1.0888E-01  1.4188E-01  4.3252E-01
  3.5113E-01  9.9766E-02  1.4375E-01  4.3816E-01
  3.5358E-01  9.0511E-02  1.4564E-01  4.4388E-01
  3.5605E-01  8.1124E-02  1.4755E-01  4.4966E-01
  3.5853E-01  7.1611E-02  1.4949E-01  4.5550E-01
  3.6103E-01  6.1978E-02  1.5145E-01  4.6142E-01
  3.6355E-01  5.2232E-02  1.5344E-01  4.6740E-01
  3.6609E-01  4.2378E-02  1.5545E-01  4.7346E-01
  3.6864E-01  3.2424E-02  1.5748E-01  4.7958E-01
  3.7121E-01  2.2377E-02  1.5954E-01  4.8578E-01
  3.7380E-01  1.2242E-02  1.6163E-01  4.9204E-01
  3.7641E-01  2.0284E-03  1.6374E-01  4.9837E-01
  3.7903E-01 -8.2582E-03  1.6587E-01  5.0478E-01
  3.8168E-01 -1.8610E-02  1.6803E-01  5.1126E-01
  3.8434E-01 -2.9020E-02  1.7022E-01  5.1781E-01
  3.8702E-01 -3.9480E-02  1.7243E-01  5.2444E-01
  3.8972E-01 -4.9983E-02  1.7467E-01  5.3113E-01
  3.9244E-01 -6.0522E-02  1.7693E-01  5.3791E-01
  3.9518E-01 -7.1088E-02  1.7922E-01  5.4475E-01
  3.9794E-01 -8.1673E-02  1.8154E-01  5.5167E-01
  4.0071E-01 -9.2271E-02  1.8389E-01  5.5867E-01
  4.0351E-01 -1.0287E-01  1.8626E-01  5.6574E-01
  4.0632E-01 -1.1347E-01  1.8866E-01  5.7288E-01
  4.0916E-01 -1.2406E-01  1.9109E-01  5.8011E-01
  4.1201E-01 -1.3462E-01  1.9354E-01  5.8741E-01
  4.1488E-01 -1.4516E-01  1.9603E-01  5.9478E-01
  4.1778E-01 -1.5566E-01  1.9854E-01  6.0223E-01
  4.2069E-01 -1.6611E-01  2.0109E-01  6.0977E-01
  4.2363E-01 -1.7652E-01  2.0366E-01  6.1737E-01
  4.2658E-01 -1.8686E-01  2.0626E-01  6.2506E-01
  4.2956E-01 -1.9713E-01  2.0889E-01  6.3282E-01
  4.3256E-01 -2.0732E-01  2.1156E-01  6.4066E-01
  4.3557E-01 -2.1743E-01  2.1425E-01  6.4858E-01
  4.3861E-01 -2.2745E-01  2.1697E-01  6.5658E-01
  4.4167E-01 -2.3736E-01  2.1972E-01  6.6466E-01
  4.4475E-01 -2.4716E-01  2.2251E-01  6.7281E-01
  4.4786E-01 -2.5685E-01  2.2532E-01  6.8105E-01
  4.5098E-01 -2.6640E-01  2.2817E-01  6.8936E-01
  4.5413E-01 -2.7583E-01  2.3104E-01  6.9775E-01
  4.5729E-01 -2.8511E-01  2.3395E-01  7.0622E-01
  4.6048E-01 -2.9424E-01  2.3689E-01  7.1477E-01
  4.6370E-01 -3.0321E-01  2.3987E-01  7.2339E-01
  4.6693E-01 -3.1201E-01  2.4287E-01  7.3210E-01
  4.7019E-01 -3.2064E-01  2.4591E-01  7.4088E-01
  4.7347E-01 -3.2909E-01  2.4898E-01  7.4974E-01
  4.7677E-01 -3.3735E-01  2.5209E-01  7.5868E-01
  4.8010E-01 -3.4542E-01  2.5523E-01  7.6769E-01
  4.8345E-01 -3.5328E-01  2.5840E-01  7.7678E-01
  4.8682E-01 -3.6093E-01  2.6160E-01  7.8595E-01
  4.9021E-01 -3.6836E-01  2.6484E-01  7.9519E-01
  4.9363E-01 -3.7557E-01  2.6812E-01  8.0451E-01
  4.9708E-01 -3.8254E-01  2.7142E-01  8.1391E-01
  5.0054E-01 -3.8928E-01  2.7476E-01  8.2337E-01
  5.0404E-01 -3.9577E-01  2.7814E-01  8.3291E-01
  5.0755E-01 -4.0201E-01  2.8155E-01  8.4253E-01
  5.1109E-01 -4.0800E-01  2.8500E-01  8.5221E-01
  5.1466E-01 -4.1372E-01  2.8848E-01  8.6197E-01
  5.1825E-01 -4.1917E-01  2.9200E-01  8.7180E-01
  5.2186E-01 -4.2435E-01  2.9555E-01  8.8169E-01
  5.2550E-01 -4.2924E-01  2.9914E-01  8.9166E-01
  5.2917E-01 -4.3385E-01  3.0276E-01  9.0169E-01
  5.3286E-01 -4.3817E-01  3.0642E-01  9.1178E-01
  5.3658E-01 -4.4219E-01  3.1011E-01  9.2194E-01
  5.4032E-01 -4.4591E-01  3.1384E-01  9.3217E-01
  5.4409E-01 -4.4933E-01  3.1761E-01  9.4245E-01
  5.4789E-01 -4.5244E-01  3.2142E-01  9.5280E-01
  5.5171E-01 -4.5523E-01  3.2526E-01  9.6320E-01
  5.5556E-01 -4.5770E-01  3.2913E-01  9.7366E-01
  5.5943E-01 -4.5985E-01  3.3305E-01  9.8418E-01
  5.6333E-01 -4.6168E-01  3.3699E-01  9.9474E-01
  5.6726E-01 -4.6318E-01  3.4098E-01  1.0054E+00
  5.7122E-01 -4.6435E-01  3.4500E-01  1.0160E+00
  5.7521E-01 -4.6518E-01  3.4906E-01  1.0268E+00
  5.7922E-01 -4.6568E-01  3.5316E-01  1.0375E+00
  5.8326E-01 -4.6583E-01  3.5730E-01  1.0483E+00
  5.8733E-01 -4.6565E-01  3.6147E-01  1.0592E+00
  5.9142E-01 -4.6512E-01  3.6567E-01  1.0700E+00
  5.9555E-01 -4.6425E-01  3.6992E-01  1.0810E+00
  5.9970E-01 -4.6303E-01  3.7420E-01  1.0919E+00
  6.0389E-01 -4.6146E-01  3.7852E-01  1.1029E+00
  6.0810E-01 -4.5955E-01  3.8287E-01  1.1139E+00
  6.1234E-01 -4.5729E-01  3.8726E-01  1.1249E+00
  6.1661E-01 -4.5468E-01  3.9169E-01  1.1360E+00
  6.2092E-01 -4.5172E-01  3.9615E-01  1.1470E+00
  6.2525E-01 -4.4841E-01  4.0065E-01  1.1581E+00
  6.2961E-01 -4.4476E-01  4.0519E-01  1.1692E+00
  6.3400E-01 -4.4075E-01  4.0976E-01  1.1803E+00
  6.3842E-01 -4.3641E-01  4.1437E-01  1.1914E+00
  6.4288E-01 -4.3171E-01  4.1902E-01  1.2025E+00
  6.4736E-01 -4.2668E-01  4.2370E-01  1.2135E+00
  6.5188E-01 -4.2130E-01  4.2841E-01  1.2246E+00
  6.5642E-01 -4.1558E-01  4.3317E-01  1.2357E+00
  6.6100E-01 -4.0953E-01  4.3795E-01  1.2467E+00
  6.6561E-01 -4.0314E-01  4.4277E-01  1.2577E+00
  6.7026E-01 -3.9642E-01  4.4763E-01  1.2687E+00
  6.7493E-01 -3.8938E-01  4.5252E-01  1.2796E+00
  6.7964E-01 -3.8200E-01  4.5744E-01  1.2905E+00
  6.8438E-01 -3.7431E-01  4.6240E-01  1.3014E+00
  6.8915E-01 -3.6630E-01  4.6739E-01  1.3122E+00
  6.9396E-01 -3.5798E-01  4.7241E-01  1.3230E+00
  6.9880E-01 -3.4934E-01  4.7746E-01  1.3337E+00
  7.0368E-01 -3.4041E-01  4.8255E-01  1.3443E+00
  7.0859E-01 -3.3117E-01  4.8767E-01  1.3548E+00
  7.1353E-01 -3.2164E-01  4.9282E-01  1.3653E+00
  7.1851E-01 -3.1181E-01  4.9800E-01  1.3757E+00
  7.2352E-01 -3.0171E-01  5.0320E-01  1.3859E+00
  7.2856E-01 -2.9133E-01  5.0844E-01  1.3961E+00
  7.3365E-01 -2.8067E-01  5.1371E-01  1.4062E+00
  7.3876E-01 -2.6975E-01  5.1901E-01  1.4162E+00
  7.4392E-01 -2.5856E-01  5.2433E-01  1.4260E+00
  7.4911E-01 -2.4712E-01  5.2968E-01  1.4357E+00
  7.5433E-01 -2.3544E-01  5.3506E-01  1.4453E+00
  7.5959E-01 -2.2351E-01  5.4046E-01  1.4547E+00
  7.6489E-01 -2.1135E-01  5.4589E-01  1.4640E+00
  7.7023E-01 -1.9897E-01  5.5134E-01  1.4731E+00
  7.7560E-01 -1.8636E-01  5.5682E-01  1.4820E+00
  7.8101E-01 -1.7354E-01  5.6231E-01  1.4908E+00
  7.8646E-01 -1.6052E-01  5.6783E-01  1.4994E+00
  7.9194E-01 -1.4730E-01  5.7337E-01  1.5077E+00
  7.9747E-01 -1.3389E-01  5.7893E-01  1.5159E+00
  8.0303E-01 -1.2030E-01  5.8451E-01  1.5239E+00
  8.0863E-01 -1.0654E-01  5.9011E-01  1.5316E+00
  8.1427E-01 -9.2608E-02  5.9572E-01  1.5391E+00
  8.1995E-01 -7.8522E-02  6.0135E-01  1.5464E+00
  8.2567E-01 -6.4286E-02  6.0699E-01  1.5534E+00
  8.3143E-01 -4.9910E-02  6.1265E-01  1.5602E+00
  8.3723E-01 -3.5402E-02  6.1832E-01  1.5667E+00
  8.4307E-01 -2.0770E-02  6.2400E-01  1.5729E+00
  8.4895E-01 -6.0228E-03  6.2969E-01  1.5788E+00
  8.5487E-01  8.8310E-03  6.3539E-01  1.5844E+00
  8.6084E-01  2.3783E-02  6.4110E-01  1.5898E+00
  8.6684E-01  3.8824E-02  6.4681E-01  1.5947E+00
  8.7289E-01  5.3946E-02  6.5253E-01  1.5994E+00
  8.7898E-01  6.9139E-02  6.5825E-01  1.6037E+00
  8.8511E-01  8.4396E-02  6.6397E-01  1.6077E+00
  8.9128E-01  9.9707E-02  6.6969E-01  1.6114E+00
  8.9750E-01  1.1506E-01  6.7542E-01  1.6146E+00
  9.0376E-01  1.3046E-01  6.8113E-01  1.6175E+00
  9.1006E-01  1.4588E-01  6.8685E-01  1.6200E+00
  9.1641E-01  1.6132E-01  6.9256E-01  1.6221E+00
  9.2280E-01  1.7678E-01  6.9826E-01  1.6237E+00
  9.2924E-01  1.9223E-01  7.0395E-01  1.6250E+00
  9.3572E-01  2.0768E-01  7.0963E-01  1.6258E+00
  9.4225E-01  2.2311E-01  7.1529E-01  1.6262E+00
  9.4882E-01  2.3853E-01  7.2094E-01  1.6262E+00
  9.5544E-01  2.5390E-01  7.2658E-01  1.6257E+00
  9.6211E-01  2.6924E-01  7.3219E-01  1.6247E+00
  9.6882E-01  2.8454E-01  7.3779E-01  1.6232E+00
  9.7557E-01  2.9977E-01  7.4336E-01  1.6213E+00
  9.8238E-01  3.1494E-01  7.4890E-01  1.6189E+00
  9.8923E-01  3.3004E-01  7.5442E-01  1.6160E+00
  9.9613E-01  3.4506E-01  7.5991E-01  1.6125E+00
  1.0031E+00  3.5999E-01  7.6537E-01  1.6086E+00
  1.0101E+00  3.7482E-01  7.7079E-01  1.6041E+00
  1.0171E+00  3.8955E-01  7.7618E-01  1.5991E+00
  1.0242E+00  4.0417E-01  7.8153E-01  1.5936E+00
  1.0314E+00  4.1867E-01  7.8684E-01  1.5875E+00
  1.0386E+00  4.3304E-01  7.9210E-01  1.5809E+00
  1.0458E+00  4.4729E-01  7.9732E-01  1.5737E+00
  1.0531E+00  4.6139E-01  8.0249E-01  1.5660E+00
  1.0604E+00  4.7534E-01  8.0761E-01  1.5577E+00
  1.0678E+00  4.8915E-01  8.1268E-01  1.5488E+00
  1.0753E+00  5.0279E-01  8.1769E-01  1.5394E+00
  1.0828E+00  5.1627E-01  8.2265E-01  1.5294E+00
  1.0903E+00  5.2957E-01  8.2754E-01  1.5188E+00
  1.0979E+00  5.4270E-01  8.3237E-01  1.5077E+00
  1.1056E+00  5.5564E-01  8.3713E-01  1.4959E+00
  1.1133E+00  5.6839E-01  8.4183E-01  1.4836E+00
  1.1211E+00  5.8095E-01  8.4645E-01  1.4708E+00
  1.1289E+00  5.9330E-01  8.5099E-01  1.4573E+00
  1.1368E+00  6.0545E-01  8.5546E-01  1.4433E+00
  1.1447E+00  6.1739E-01  8.5985E-01  1.4287E+00
  1.1527E+00  6.2911E-01  8.6416E-01  1.4136E+00
  1.1607E+00  6.4061E-01  8.6838E-01  1.3979E+00
  1.1688E+00  6.5188E-01  8.7251E-01  1.3817E+00
  1.1770E+00  6.6292E-01  8.7655E-01  1.3649E+00
  1.1852E+00  6.7373E-01  8.8050E-01  1.3475E+00
  1.1935E+00  6.8430E-01  8.8434E-01  1.3297E+00
  1.2018E+00  6.9463E-01  8.8809E-01  1.3113E+00
  1.2102E+00  7.0471E-01  8.9173E-01  1.2924E+00
  1.2186E+00  7.1454E-01  8.9527E-01  1.2730E+00
  1.2271E+00  7.2412E-01  8.9870E-01  1.2531E+00
  1.2357E+00  7.3344E-01  9.0201E-01  1.2328E+00
  1.2443E+00  7.4250E-01  9.0521E-01  1.2119E+00
  1.2530E+00  7.5130E-01  9.0830E-01  1.1907E+00
  1.2617E+00  7.5983E-01  9.1126E-01  1.1690E+00
  1.2705E+00  7.6810E-01  9.1409E-01  1.1469E+00
  1.2794E+00  7.7610E-01  9.1680E-01  1.1244E+00
  1.2883E+00  7.8383E-01  9.1939E-01  1.1016E+00
  1.2973E+00  7.9128E-01  9.2183E-01  1.0784E+00
  1.3063E+00  7.9846E-01  9.2415E-01  1.0548E+00
  1.3154E+00  8.0536E-01  9.2632E-01  1.0310E+00
  1.3246E+00  8.1198E-01  9.2836E-01  1.0068E+00
  1.3338E+00  8.1833E-01  9.3025E-01  9.8241E-01
  1.3432E+00  8.2439E-01  9.3199E-01  9.5777E-01
  1.3525E+00  8.3017E-01  9.3359E-01  9.3291E-01
  1.3620E+00  8.3568E-01  9.3503E-01  9.0786E-01
  1.3715E+00  8.4089E-01  9.3632E-01  8.8266E-01
  1.3810E+00  8.4583E-01  9.3746E-01  8.5732E-01
  1.3907E+00  8.5049E-01  9.3844E-01  8.3188E-01
  1.4004E+00  8.5486E-01  9.3925E-01  8.0637E-01
  1.4101E+00  8.5895E-01  9.3991E-01  7.8082E-01
  1.4200E+00  8.6275E-01  9.4040E-01  7.5525E-01
  1.4299E+00  8.6628E-01  9.4072E-01  7.2970E-01
  1.4398E+00  8.6953E-01  9.4087E-01  7.0420E-01
  1.4499E+00  8.7249E-01  9.4085E-01  6.7878E-01
  1.4600E+00  8.7518E-01  9.4066E-01  6.5347E-01
  1.4702E+00  8.7759E-01  9.4030E-01  6.2831E-01
  1.4804E+00  8.7972E-01  9.3976E-01  6.0333E-01
  1.4908E+00  8.8158E-01  9.3905E-01  5.7857E-01
  1.5012E+00  8.8317E-01  9.3815E-01  5.5404E-01
  1.5116E+00  8.8448E-01  9.3708E-01  5.2980E-01
  1.5222E+00  8.8553E-01  9.3583E-01  5.0586E-01
  1.5328E+00  8.8630E-01  9.3439E-01  4.8227E-01
  1.5435E+00  8.8682E-01  9.3278E-01  4.5904E-01
  1.5542E+00  8.8707E-01  9.3098E-01  4.3623E-01
  1.5651E+00  8.8706E-01  9.2900E-01  4.1385E-01
  1.5760E+00  8.8679E-01  9.2683E-01  3.9193E-01
  1.5870E+00  8.8627E-01  9.2449E-01  3.7052E-01
  1.5981E+00  8.8550E-01  9.2196E-01  3.4962E-01
  1.6092E+00  8.8448E-01  9.1925E-01  3.2928E-01
  1.6204E+00  8.8321E-01  9.1635E-01  3.0951E-01
  1.6317E+00  8.8170E-01  9.1328E-01  2.9035E-01
  1.6431E+00  8.7995E-01  9.1002E-01  2.7182E-01
  1.6546E+00  8.7797E-01  9.0658E-01  2.5393E-01
  1.6661E+00  8.7575E-01  9.0297E-01  2.3671E-01
  1.6777E+00  8.7330E-01  8.9917E-01  2.2018E-01
  1.6894E+00  8.7063E-01  8.9520E-01  2.0435E-01
  1.7012E+00  8.6774E-01  8.9106E-01  1.8925E-01
  1.7131E+00  8.6463E-01  8.8674E-01  1.7487E-01
  1.7250E+00  8.6131E-01  8.8226E-01  1.6125E-01
  1.7371E+00  8.5778E-01  8.7760E-01  1.4837E-01
  1.7492E+00  8.5404E-01  8.7278E-01  1.3625E-01
  1.7614E+00  8.5011E-01  8.6780E-01  1.2489E-01
  1.7737E+00  8.4598E-01  8.6265E-01  1.1429E-01
  1.7861E+00  8.4165E-01  8.5735E-01  1.0444E-01
  1.7985E+00  8.3714E-01  8.5190E-01  9.5357E-02
  1.8111E+00  8.3244E-01  8.4629E-01  8.7016E-02
  1.8237E+00  8.2757E-01  8.4054E-01  7.9409E-02
  1.8364E+00  8.2252E-01  8.3464E-01  7.2522E-02
  1.8492E+00  8.1730E-01  8.2861E-01  6.6337E-02
  1.8621E+00  8.1191E-01  8.2244E-01  6.0835E-02
  1.8751E+00  8.0637E-01  8.1613E-01  5.5992E-02
  1.8882E+00  8.0067E-01  8.0970E-01  5.1780E-02
  1.9014E+00  7.9482E-01  8.0315E-01  4.8169E-02
  1.9146E+00  7.8882E-01  7.9648E-01  4.5126E-02
  1.9280E+00  7.8268E-01  7.8970E-01  4.2615E-02
  1.9414E+00  7.7641E-01  7.8281E-01  4.0594E-02
  1.9550E+00  7.7000E-01  7.7581E-01  3.9023E-02
  1.9686E+00  7.6347E-01  7.6872E-01  3.7856E-02
  1.9823E+00  7.5681E-01  7.6153E-01  3.7043E-02
  1.9962E+00  7.5003E-01  7.5425E-01  3.6536E-02
  2.0101E+00  7.4315E-01  7.4689E-01  3.6280E-02
  2.0241E+00  7.3615E-01  7.3945E-01  3.6221E-02
  2.0382E+00  7.2906E-01  7.3194E-01  3.6303E-02
  2.0524E+00  7.2186E-01  7.2436E-01  3.6467E-02
  2.0667E+00  7.1457E-01  7.1671E-01  3.6655E-02
  2.0812E+00  7.0719E-01  7.0901E-01  3.6807E-02
  2.0957E+00  6.9973E-01  7.0125E-01  3.6864E-02
  2.1103E+00  6.9219E-01  6.9344E-01  3.6766E-02
  2.1250E+00  6.8457E-01  6.8558E-01  3.6456E-02
  2.1398E+00  6.7689E-01  6.7769E-01  3.5878E-02
  2.1548E+00  6.6913E-01  6.6975E-01  3.4977E-02
  2.1698E+00  6.6132E-01  6.6179E-01  3.3704E-02
  2.1849E+00  6.5345E-01  6.5379E-01  3.2013E-02
  2.2002E+00  6.4553E-01  6.4576E-01  2.9861E-02
  2.2155E+00  6.3757E-01  6.3772E-01  2.7215E-02
  2.2310E+00  6.2955E-01  6.2964E-01  2.4044E-02
  2.2465E+00  6.2151E-01  6.2155E-01  2.0331E-02
  2.2622E+00  6.1342E-01  6.1344E-01  1.6064E-02
  2.2780E+00  6.0531E-01  6.0532E-01  1.1243E-02
  2.2939E+00  5.9717E-01  5.9717E-01  5.8821E-03
  2.3099E+00  5.8901E-01  5.8901E-01  0.0000E+00
  2.3260E+00  5.8083E-01  5.8083E-01  0.0000E+00
  2.3422E+00  5.7264E-01  5.7264E-01  0.0000E+00
  2.3585E+00  5.6444E-01  5.6444E-01  0.0000E+00
  2.3750E+00  5.5623E-01  5.5623E-01  0.0000E+00
  2.3916E+00  5.4802E-01  5.4802E-01  0.0000E+00
  2.4082E+00  5.3982E-01  5.3982E-01  0.0000E+00
  2.4250E+00  5.3161E-01  5.3161E-01  0.0000E+00
  2.4419E+00  5.2342E-01  5.2342E-01  0.0000E+00
  2.4590E+00  5.1524E-01  5.1524E-01  0.0000E+00
  2.4761E+00  5.0708E-01  5.0708E-01  0.0000E+00
  2.4934E+00  4.9893E-01  4.9893E-01  0.0000E+00
  2.5108E+00  4.9081E-01  4.9081E-01  0.0000E+00
  2.5283E+00  4.8271E-01  4.8271E-01  0.0000E+00
  2.5459E+00  4.7465E-01  4.7465E-01  0.0000E+00
  2.5637E+00  4.6661E-01  4.6661E-01  0.0000E+00
  2.5816E+00  4.5861E-01  4.5861E-01  0.0000E+00
  2.5996E+00  4.5065E-01  4.5065E-01  0.0000E+00
  2.6177E+00  4.4272E-01  4.4272E-01  0.0000E+00
  2.6360E+00  4.3485E-01  4.3485E-01  0.0000E+00
  2.6544E+00  4.2701E-01  4.2701E-01  0.0000E+00
  2.6729E+00  4.1923E-01  4.1923E-01  0.0000E+00
  2.6915E+00  4.1150E-01  4.1150E-01  0.0000E+00
  2.7103E+00  4.0382E-01  4.0382E-01  0.0000E+00
  2.7292E+00  3.9619E-01  3.9619E-01  0.0000E+00
  2.7482E+00  3.8863E-01  3.8863E-01  0.0000E+00
  2.7674E+00  3.8112E-01  3.8112E-01  0.0000E+00
  2.7867E+00  3.7368E-01  3.7368E-01  0.0000E+00
  2.8061E+00  3.6630E-01  3.6630E-01  0.0000E+00
  2.8257E+00  3.5899E-01  3.5899E-01  0.0000E+00
  2.8454E+00  3.5174E-01  3.5174E-01  0.0000E+00
  2.8653E+00  3.4457E-01  3.4457E-01  0.0000E+00
  2.8853E+00  3.3746E-01  3.3746E-01  0.0000E+00
  2.9054E+00  3.3043E-01  3.3043E-01  0.0000E+00
  2.9256E+00  3.2347E-01  3.2347E-01  0.0000E+00
  2.9461E+00  3.1659E-01  3.1659E-01  0.0000E+00
  2.9666E+00  3.0979E-01  3.0979E-01  0.0000E+00
  2.9873E+00  3.0306E-01  3.0306E-01  0.0000E+00
  3.0081E+00  2.9641E-01  2.9641E-01  0.0000E+00
  3.0291E+00  2.8985E-01  2.8985E-01  0.0000E+00
  3.0502E+00  2.8336E-01  2.8336E-01  0.0000E+00
  3.0715E+00  2.7696E-01  2.7696E-01  0.0000E+00
  3.0929E+00  2.7064E-01  2.7064E-01  0.0000E+00
  3.1145E+00  2.6441E-01  2.6441E-01  0.0000E+00
  3.1362E+00  2.5826E-01  2.5826E-01  0.0000E+00
  3.1581E+00  2.5219E-01  2.5219E-01  0.0000E+00
  3.1801E+00  2.4621E-01  2.4621E-01  0.0000E+00
  3.2023E+00  2.4032E-01  2.4032E-01  0.0000E+00
  3.2247E+00  2.3452E-01  2.3452E-01  0.0000E+00
  3.2472E+00  2.2880E-01  2.2880E-01  0.0000E+00
  3.2698E+00  2.2317E-01  2.2317E-01  0.0000E+00
