 # l=           3 basis function with energy     2.00000000000000     
  0.0000E+00  0.0000E+00  0.0000E+00  0.0000E+00
  5.1574E-07  2.1347E-19 -6.1751E-26 -1.3518E-24
  1.0351E-06  2.5134E-18 -1.0019E-24 -2.1912E-23
  1.5580E-06  1.0689E-17 -5.1432E-24 -1.1238E-22
  2.0846E-06  2.9963E-17 -1.6484E-23 -3.6020E-22
  2.6149E-06  6.6837E-17 -4.0809E-23 -8.9168E-22
  3.1489E-06  1.2903E-16 -8.5814E-23 -1.8751E-21
  3.6866E-06  2.2546E-16 -1.6122E-22 -3.5226E-21
  4.2280E-06  3.6624E-16 -2.7892E-22 -6.0946E-21
  4.7732E-06  5.6266E-16 -4.5310E-22 -9.8997E-21
  5.3223E-06  8.2726E-16 -7.0037E-22 -1.5303E-20
  5.8751E-06  1.1738E-15 -1.0399E-21 -2.2723E-20
  6.4318E-06  1.6173E-15 -1.4938E-21 -3.2638E-20
  6.9924E-06  2.1741E-15 -2.0867E-21 -4.5593E-20
  7.5569E-06  2.8619E-15 -2.8466E-21 -6.2197E-20
  8.1254E-06  3.6997E-15 -3.8047E-21 -8.3130E-20
  8.6978E-06  4.7081E-15 -4.9955E-21 -1.0915E-19
  9.2742E-06  5.9090E-15 -6.4572E-21 -1.4109E-19
  9.8546E-06  7.3259E-15 -8.2319E-21 -1.7986E-19
  1.0439E-05  8.9838E-15 -1.0365E-20 -2.2648E-19
  1.1028E-05  1.0909E-14 -1.2908E-20 -2.8204E-19
  1.1620E-05  1.3131E-14 -1.5915E-20 -3.4774E-19
  1.2217E-05  1.5679E-14 -1.9445E-20 -4.2487E-19
  1.2818E-05  1.8585E-14 -2.3563E-20 -5.1484E-19
  1.3423E-05  2.1882E-14 -2.8337E-20 -6.1916E-19
  1.4033E-05  2.5608E-14 -3.3844E-20 -7.3948E-19
  1.4646E-05  2.9798E-14 -4.0163E-20 -8.7756E-19
  1.5264E-05  3.4494E-14 -4.7382E-20 -1.0353E-18
  1.5886E-05  3.9736E-14 -5.5593E-20 -1.2147E-18
  1.6513E-05  4.5570E-14 -6.4896E-20 -1.4179E-18
  1.7144E-05  5.2041E-14 -7.5397E-20 -1.6474E-18
  1.7779E-05  5.9199E-14 -8.7210E-20 -1.9055E-18
  1.8419E-05  6.7094E-14 -1.0046E-19 -2.1949E-18
  1.9063E-05  7.5781E-14 -1.1526E-19 -2.5185E-18
  1.9712E-05  8.5316E-14 -1.3177E-19 -2.8792E-18
  2.0365E-05  9.5759E-14 -1.5013E-19 -3.2803E-18
  2.1023E-05  1.0717E-13 -1.7048E-19 -3.7250E-18
  2.1685E-05  1.1962E-13 -1.9301E-19 -4.2172E-18
  2.2352E-05  1.3317E-13 -2.1787E-19 -4.7604E-18
  2.3024E-05  1.4789E-13 -2.4526E-19 -5.3589E-18
  2.3700E-05  1.6386E-13 -2.7538E-19 -6.0169E-18
  2.4381E-05  1.8116E-13 -3.0842E-19 -6.7389E-18
  2.5067E-05  1.9986E-13 -3.4461E-19 -7.5296E-18
  2.5757E-05  2.2006E-13 -3.8419E-19 -8.3943E-18
  2.6453E-05  2.4183E-13 -4.2738E-19 -9.3382E-18
  2.7153E-05  2.6528E-13 -4.7447E-19 -1.0367E-17
  2.7858E-05  2.9050E-13 -5.2570E-19 -1.1486E-17
  2.8568E-05  3.1760E-13 -5.8139E-19 -1.2703E-17
  2.9283E-05  3.4666E-13 -6.4181E-19 -1.4023E-17
  3.0003E-05  3.7781E-13 -7.0730E-19 -1.5454E-17
  3.0728E-05  4.1116E-13 -7.7818E-19 -1.7003E-17
  3.1458E-05  4.4683E-13 -8.5481E-19 -1.8677E-17
  3.2193E-05  4.8494E-13 -9.3756E-19 -2.0485E-17
  3.2934E-05  5.2561E-13 -1.0268E-18 -2.2436E-17
  3.3679E-05  5.6899E-13 -1.1230E-18 -2.4537E-17
  3.4430E-05  6.1521E-13 -1.2265E-18 -2.6799E-17
  3.5186E-05  6.6442E-13 -1.3378E-18 -2.9231E-17
  3.5947E-05  7.1677E-13 -1.4574E-18 -3.1843E-17
  3.6713E-05  7.7240E-13 -1.5857E-18 -3.4647E-17
  3.7485E-05  8.3149E-13 -1.7233E-18 -3.7654E-17
  3.8262E-05  8.9421E-13 -1.8707E-18 -4.0875E-17
  3.9045E-05  9.6073E-13 -2.0286E-18 -4.4323E-17
  3.9833E-05  1.0312E-12 -2.1974E-18 -4.8012E-17
  4.0626E-05  1.1059E-12 -2.3778E-18 -5.1953E-17
  4.1425E-05  1.1849E-12 -2.5704E-18 -5.6163E-17
  4.2230E-05  1.2685E-12 -2.7761E-18 -6.0656E-17
  4.3040E-05  1.3569E-12 -2.9953E-18 -6.5447E-17
  4.3856E-05  1.4503E-12 -3.2290E-18 -7.0552E-17
  4.4678E-05  1.5489E-12 -3.4779E-18 -7.5990E-17
  4.5505E-05  1.6530E-12 -3.7427E-18 -8.1777E-17
  4.6338E-05  1.7628E-12 -4.0244E-18 -8.7932E-17
  4.7177E-05  1.8785E-12 -4.3239E-18 -9.4475E-17
  4.8022E-05  2.0005E-12 -4.6420E-18 -1.0143E-16
  4.8873E-05  2.1290E-12 -4.9798E-18 -1.0881E-16
  4.9729E-05  2.2642E-12 -5.3382E-18 -1.1664E-16
  5.0592E-05  2.4065E-12 -5.7183E-18 -1.2494E-16
  5.1461E-05  2.5562E-12 -6.1212E-18 -1.3375E-16
  5.2335E-05  2.7136E-12 -6.5481E-18 -1.4307E-16
  5.3216E-05  2.8790E-12 -7.0002E-18 -1.5295E-16
  5.4103E-05  3.0527E-12 -7.4787E-18 -1.6341E-16
  5.4996E-05  3.2351E-12 -7.9848E-18 -1.7447E-16
  5.5895E-05  3.4266E-12 -8.5201E-18 -1.8616E-16
  5.6801E-05  3.6275E-12 -9.0858E-18 -1.9852E-16
  5.7713E-05  3.8383E-12 -9.6835E-18 -2.1158E-16
  5.8631E-05  4.0592E-12 -1.0315E-17 -2.2537E-16
  5.9556E-05  4.2908E-12 -1.0981E-17 -2.3993E-16
  6.0487E-05  4.5334E-12 -1.1684E-17 -2.5529E-16
  6.1425E-05  4.7875E-12 -1.2425E-17 -2.7149E-16
  6.2369E-05  5.0536E-12 -1.3207E-17 -2.8857E-16
  6.3320E-05  5.3321E-12 -1.4031E-17 -3.0657E-16
  6.4277E-05  5.6235E-12 -1.4899E-17 -3.2554E-16
  6.5241E-05  5.9284E-12 -1.5813E-17 -3.4551E-16
  6.6212E-05  6.2472E-12 -1.6776E-17 -3.6654E-16
  6.7189E-05  6.5805E-12 -1.7788E-17 -3.8867E-16
  6.8174E-05  6.9288E-12 -1.8854E-17 -4.1195E-16
  6.9165E-05  7.2928E-12 -1.9975E-17 -4.3644E-16
  7.0163E-05  7.6729E-12 -2.1153E-17 -4.6219E-16
  7.1168E-05  8.0699E-12 -2.2391E-17 -4.8924E-16
  7.2180E-05  8.4844E-12 -2.3693E-17 -5.1767E-16
  7.3199E-05  8.9170E-12 -2.5059E-17 -5.4754E-16
  7.4226E-05  9.3684E-12 -2.6495E-17 -5.7890E-16
  7.5259E-05  9.8394E-12 -2.8001E-17 -6.1182E-16
  7.6300E-05  1.0331E-11 -2.9582E-17 -6.4636E-16
  7.7348E-05  1.0843E-11 -3.1241E-17 -6.8261E-16
  7.8403E-05  1.1377E-11 -3.2981E-17 -7.2063E-16
  7.9466E-05  1.1933E-11 -3.4806E-17 -7.6050E-16
  8.0536E-05  1.2513E-11 -3.6719E-17 -8.0229E-16
  8.1613E-05  1.3117E-11 -3.8724E-17 -8.4610E-16
  8.2698E-05  1.3746E-11 -4.0824E-17 -8.9199E-16
  8.3790E-05  1.4402E-11 -4.3025E-17 -9.4007E-16
  8.4891E-05  1.5084E-11 -4.5329E-17 -9.9043E-16
  8.5998E-05  1.5794E-11 -4.7742E-17 -1.0431E-15
  8.7114E-05  1.6533E-11 -5.0268E-17 -1.0983E-15
  8.8237E-05  1.7302E-11 -5.2911E-17 -1.1561E-15
  8.9369E-05  1.8102E-11 -5.5677E-17 -1.2165E-15
  9.0508E-05  1.8934E-11 -5.8571E-17 -1.2797E-15
  9.1655E-05  1.9799E-11 -6.1596E-17 -1.3459E-15
  9.2810E-05  2.0699E-11 -6.4761E-17 -1.4150E-15
  9.3973E-05  2.1634E-11 -6.8068E-17 -1.4873E-15
  9.5144E-05  2.2607E-11 -7.1526E-17 -1.5628E-15
  9.6323E-05  2.3617E-11 -7.5138E-17 -1.6418E-15
  9.7511E-05  2.4667E-11 -7.8913E-17 -1.7242E-15
  9.8707E-05  2.5757E-11 -8.2856E-17 -1.8104E-15
  9.9911E-05  2.6890E-11 -8.6974E-17 -1.9004E-15
  1.0112E-04  2.8067E-11 -9.1274E-17 -1.9943E-15
  1.0234E-04  2.9288E-11 -9.5763E-17 -2.0924E-15
  1.0357E-04  3.0556E-11 -1.0045E-16 -2.1948E-15
  1.0481E-04  3.1873E-11 -1.0534E-16 -2.3016E-15
  1.0606E-04  3.3240E-11 -1.1044E-16 -2.4131E-15
  1.0731E-04  3.4658E-11 -1.1576E-16 -2.5294E-15
  1.0858E-04  3.6129E-11 -1.2132E-16 -2.6507E-15
  1.0985E-04  3.7656E-11 -1.2711E-16 -2.7772E-15
  1.1113E-04  3.9239E-11 -1.3314E-16 -2.9091E-15
  1.1242E-04  4.0882E-11 -1.3944E-16 -3.0467E-15
  1.1372E-04  4.2585E-11 -1.4600E-16 -3.1901E-15
  1.1503E-04  4.4351E-11 -1.5284E-16 -3.3395E-15
  1.1635E-04  4.6182E-11 -1.5997E-16 -3.4952E-15
  1.1768E-04  4.8080E-11 -1.6739E-16 -3.6574E-15
  1.1902E-04  5.0047E-11 -1.7513E-16 -3.8264E-15
  1.2036E-04  5.2086E-11 -1.8318E-16 -4.0025E-15
  1.2172E-04  5.4199E-11 -1.9157E-16 -4.1858E-15
  1.2308E-04  5.6389E-11 -2.0031E-16 -4.3767E-15
  1.2446E-04  5.8657E-11 -2.0941E-16 -4.5755E-15
  1.2584E-04  6.1006E-11 -2.1888E-16 -4.7824E-15
  1.2723E-04  6.3440E-11 -2.2873E-16 -4.9977E-15
  1.2864E-04  6.5960E-11 -2.3899E-16 -5.2219E-15
  1.3005E-04  6.8570E-11 -2.4967E-16 -5.4551E-15
  1.3147E-04  7.1272E-11 -2.6077E-16 -5.6978E-15
  1.3290E-04  7.4070E-11 -2.7233E-16 -5.9503E-15
  1.3435E-04  7.6966E-11 -2.8435E-16 -6.2129E-15
  1.3580E-04  7.9964E-11 -2.9685E-16 -6.4860E-15
  1.3726E-04  8.3067E-11 -3.0985E-16 -6.7700E-15
  1.3874E-04  8.6278E-11 -3.2336E-16 -7.0654E-15
  1.4022E-04  8.9601E-11 -3.3742E-16 -7.3724E-15
  1.4171E-04  9.3039E-11 -3.5202E-16 -7.6916E-15
  1.4322E-04  9.6596E-11 -3.6721E-16 -8.0234E-15
  1.4473E-04  1.0028E-10 -3.8299E-16 -8.3683E-15
  1.4626E-04  1.0408E-10 -3.9939E-16 -8.7266E-15
  1.4779E-04  1.0802E-10 -4.1644E-16 -9.0990E-15
  1.4934E-04  1.1209E-10 -4.3414E-16 -9.4859E-15
  1.5090E-04  1.1630E-10 -4.5254E-16 -9.8878E-15
  1.5246E-04  1.2065E-10 -4.7165E-16 -1.0305E-14
  1.5404E-04  1.2515E-10 -4.9149E-16 -1.0739E-14
  1.5563E-04  1.2981E-10 -5.1210E-16 -1.1189E-14
  1.5724E-04  1.3462E-10 -5.3350E-16 -1.1657E-14
  1.5885E-04  1.3959E-10 -5.5573E-16 -1.2142E-14
  1.6047E-04  1.4473E-10 -5.7880E-16 -1.2647E-14
  1.6211E-04  1.5004E-10 -6.0275E-16 -1.3170E-14
  1.6375E-04  1.5553E-10 -6.2761E-16 -1.3713E-14
  1.6541E-04  1.6120E-10 -6.5342E-16 -1.4277E-14
  1.6708E-04  1.6706E-10 -6.8020E-16 -1.4862E-14
  1.6876E-04  1.7311E-10 -7.0799E-16 -1.5469E-14
  1.7045E-04  1.7936E-10 -7.3683E-16 -1.6099E-14
  1.7216E-04  1.8582E-10 -7.6675E-16 -1.6753E-14
  1.7388E-04  1.9250E-10 -7.9779E-16 -1.7431E-14
  1.7560E-04  1.9939E-10 -8.2999E-16 -1.8135E-14
  1.7734E-04  2.0651E-10 -8.6339E-16 -1.8865E-14
  1.7910E-04  2.1386E-10 -8.9803E-16 -1.9622E-14
  1.8086E-04  2.2145E-10 -9.3395E-16 -2.0407E-14
  1.8264E-04  2.2929E-10 -9.7121E-16 -2.1221E-14
  1.8443E-04  2.3738E-10 -1.0098E-15 -2.2065E-14
  1.8623E-04  2.4573E-10 -1.0499E-15 -2.2940E-14
  1.8805E-04  2.5436E-10 -1.0914E-15 -2.3847E-14
  1.8987E-04  2.6326E-10 -1.1345E-15 -2.4787E-14
  1.9171E-04  2.7245E-10 -1.1791E-15 -2.5762E-14
  1.9357E-04  2.8193E-10 -1.2253E-15 -2.6773E-14
  1.9543E-04  2.9172E-10 -1.2733E-15 -2.7820E-14
  1.9731E-04  3.0183E-10 -1.3229E-15 -2.8906E-14
  1.9920E-04  3.1225E-10 -1.3744E-15 -3.0030E-14
  2.0111E-04  3.2301E-10 -1.4277E-15 -3.1196E-14
  2.0303E-04  3.3411E-10 -1.4830E-15 -3.2403E-14
  2.0496E-04  3.4556E-10 -1.5403E-15 -3.3654E-14
  2.0690E-04  3.5737E-10 -1.5996E-15 -3.4950E-14
  2.0886E-04  3.6956E-10 -1.6610E-15 -3.6293E-14
  2.1083E-04  3.8214E-10 -1.7247E-15 -3.7683E-14
  2.1282E-04  3.9511E-10 -1.7906E-15 -3.9123E-14
  2.1482E-04  4.0848E-10 -1.8588E-15 -4.0615E-14
  2.1683E-04  4.2228E-10 -1.9295E-15 -4.2160E-14
  2.1886E-04  4.3651E-10 -2.0027E-15 -4.3759E-14
  2.2090E-04  4.5119E-10 -2.0785E-15 -4.5416E-14
  2.2296E-04  4.6632E-10 -2.1570E-15 -4.7130E-14
  2.2503E-04  4.8192E-10 -2.2383E-15 -4.8906E-14
  2.2712E-04  4.9802E-10 -2.3224E-15 -5.0744E-14
  2.2922E-04  5.1461E-10 -2.4095E-15 -5.2647E-14
  2.3133E-04  5.3171E-10 -2.4997E-15 -5.4617E-14
  2.3346E-04  5.4935E-10 -2.5930E-15 -5.6655E-14
  2.3561E-04  5.6753E-10 -2.6895E-15 -5.8766E-14
  2.3776E-04  5.8627E-10 -2.7895E-15 -6.0949E-14
  2.3994E-04  6.0558E-10 -2.8929E-15 -6.3209E-14
  2.4213E-04  6.2550E-10 -3.0000E-15 -6.5548E-14
  2.4433E-04  6.4602E-10 -3.1107E-15 -6.7968E-14
  2.4655E-04  6.6717E-10 -3.2253E-15 -7.0472E-14
  2.4879E-04  6.8897E-10 -3.3439E-15 -7.3063E-14
  2.5104E-04  7.1144E-10 -3.4666E-15 -7.5743E-14
  2.5330E-04  7.3459E-10 -3.5935E-15 -7.8516E-14
  2.5559E-04  7.5845E-10 -3.7247E-15 -8.1385E-14
  2.5789E-04  7.8304E-10 -3.8605E-15 -8.4352E-14
  2.6020E-04  8.0837E-10 -4.0010E-15 -8.7421E-14
  2.6253E-04  8.3447E-10 -4.1463E-15 -9.0595E-14
  2.6488E-04  8.6136E-10 -4.2966E-15 -9.3878E-14
  2.6724E-04  8.8906E-10 -4.4520E-15 -9.7274E-14
  2.6962E-04  9.1760E-10 -4.6127E-15 -1.0079E-13
  2.7202E-04  9.4700E-10 -4.7788E-15 -1.0442E-13
  2.7443E-04  9.7729E-10 -4.9507E-15 -1.0817E-13
  2.7686E-04  1.0085E-09 -5.1284E-15 -1.1205E-13
  2.7931E-04  1.0406E-09 -5.3121E-15 -1.1607E-13
  2.8177E-04  1.0737E-09 -5.5020E-15 -1.2022E-13
  2.8425E-04  1.1078E-09 -5.6984E-15 -1.2451E-13
  2.8675E-04  1.1429E-09 -5.9013E-15 -1.2894E-13
  2.8927E-04  1.1791E-09 -6.1112E-15 -1.3353E-13
  2.9180E-04  1.2163E-09 -6.3281E-15 -1.3827E-13
  2.9435E-04  1.2547E-09 -6.5523E-15 -1.4317E-13
  2.9692E-04  1.2941E-09 -6.7840E-15 -1.4823E-13
  2.9951E-04  1.3348E-09 -7.0236E-15 -1.5346E-13
  3.0211E-04  1.3767E-09 -7.2711E-15 -1.5887E-13
  3.0473E-04  1.4198E-09 -7.5269E-15 -1.6446E-13
  3.0737E-04  1.4642E-09 -7.7913E-15 -1.7024E-13
  3.1003E-04  1.5099E-09 -8.0644E-15 -1.7621E-13
  3.1271E-04  1.5569E-09 -8.3467E-15 -1.8237E-13
  3.1541E-04  1.6054E-09 -8.6384E-15 -1.8875E-13
  3.1812E-04  1.6552E-09 -8.9398E-15 -1.9533E-13
  3.2086E-04  1.7066E-09 -9.2511E-15 -2.0213E-13
  3.2361E-04  1.7594E-09 -9.5728E-15 -2.0916E-13
  3.2639E-04  1.8138E-09 -9.9052E-15 -2.1642E-13
  3.2918E-04  1.8698E-09 -1.0249E-14 -2.2393E-13
  3.3199E-04  1.9274E-09 -1.0603E-14 -2.3168E-13
  3.3482E-04  1.9867E-09 -1.0970E-14 -2.3968E-13
  3.3767E-04  2.0478E-09 -1.1348E-14 -2.4795E-13
  3.4054E-04  2.1106E-09 -1.1739E-14 -2.5649E-13
  3.4343E-04  2.1753E-09 -1.2143E-14 -2.6531E-13
  3.4634E-04  2.2418E-09 -1.2560E-14 -2.7442E-13
  3.4928E-04  2.3103E-09 -1.2990E-14 -2.8383E-13
  3.5223E-04  2.3808E-09 -1.3435E-14 -2.9355E-13
  3.5520E-04  2.4533E-09 -1.3894E-14 -3.0358E-13
  3.5819E-04  2.5279E-09 -1.4368E-14 -3.1395E-13
  3.6121E-04  2.6047E-09 -1.4858E-14 -3.2465E-13
  3.6424E-04  2.6837E-09 -1.5364E-14 -3.3570E-13
  3.6730E-04  2.7650E-09 -1.5886E-14 -3.4711E-13
  3.7038E-04  2.8487E-09 -1.6425E-14 -3.5889E-13
  3.7348E-04  2.9348E-09 -1.6982E-14 -3.7105E-13
  3.7660E-04  3.0233E-09 -1.7557E-14 -3.8361E-13
  3.7974E-04  3.1144E-09 -1.8150E-14 -3.9657E-13
  3.8290E-04  3.2081E-09 -1.8763E-14 -4.0996E-13
  3.8609E-04  3.3046E-09 -1.9395E-14 -4.2378E-13
  3.8930E-04  3.4037E-09 -2.0048E-14 -4.3804E-13
  3.9253E-04  3.5058E-09 -2.0722E-14 -4.5276E-13
  3.9578E-04  3.6107E-09 -2.1417E-14 -4.6796E-13
  3.9906E-04  3.7187E-09 -2.2135E-14 -4.8365E-13
  4.0236E-04  3.8298E-09 -2.2877E-14 -4.9984E-13
  4.0568E-04  3.9440E-09 -2.3641E-14 -5.1656E-13
  4.0903E-04  4.0615E-09 -2.4431E-14 -5.3381E-13
  4.1239E-04  4.1824E-09 -2.5246E-14 -5.5161E-13
  4.1579E-04  4.3067E-09 -2.6087E-14 -5.6999E-13
  4.1920E-04  4.4345E-09 -2.6955E-14 -5.8895E-13
  4.2264E-04  4.5660E-09 -2.7850E-14 -6.0852E-13
  4.2611E-04  4.7013E-09 -2.8774E-14 -6.2871E-13
  4.2959E-04  4.8403E-09 -2.9728E-14 -6.4955E-13
  4.3310E-04  4.9834E-09 -3.0712E-14 -6.7105E-13
  4.3664E-04  5.1304E-09 -3.1728E-14 -6.9324E-13
  4.4020E-04  5.2817E-09 -3.2776E-14 -7.1613E-13
  4.4379E-04  5.4372E-09 -3.3857E-14 -7.3976E-13
  4.4740E-04  5.5972E-09 -3.4972E-14 -7.6413E-13
  4.5104E-04  5.7617E-09 -3.6123E-14 -7.8928E-13
  4.5470E-04  5.9308E-09 -3.7310E-14 -8.1522E-13
  4.5838E-04  6.1047E-09 -3.8535E-14 -8.4199E-13
  4.6210E-04  6.2835E-09 -3.9799E-14 -8.6960E-13
  4.6584E-04  6.4674E-09 -4.1103E-14 -8.9809E-13
  4.6960E-04  6.6564E-09 -4.2448E-14 -9.2747E-13
  4.7339E-04  6.8508E-09 -4.3835E-14 -9.5779E-13
  4.7721E-04  7.0506E-09 -4.5267E-14 -9.8906E-13
  4.8105E-04  7.2560E-09 -4.6743E-14 -1.0213E-12
  4.8493E-04  7.4673E-09 -4.8266E-14 -1.0546E-12
  4.8882E-04  7.6844E-09 -4.9836E-14 -1.0889E-12
  4.9275E-04  7.9077E-09 -5.1456E-14 -1.1243E-12
  4.9670E-04  8.1372E-09 -5.3127E-14 -1.1608E-12
  5.0068E-04  8.3731E-09 -5.4851E-14 -1.1985E-12
  5.0469E-04  8.6157E-09 -5.6628E-14 -1.2373E-12
  5.0872E-04  8.8650E-09 -5.8462E-14 -1.2774E-12
  5.1279E-04  9.1213E-09 -6.0352E-14 -1.3187E-12
  5.1688E-04  9.3848E-09 -6.2302E-14 -1.3613E-12
  5.2100E-04  9.6556E-09 -6.4313E-14 -1.4052E-12
  5.2515E-04  9.9340E-09 -6.6386E-14 -1.4505E-12
  5.2933E-04  1.0220E-08 -6.8525E-14 -1.4972E-12
  5.3354E-04  1.0514E-08 -7.0729E-14 -1.5454E-12
  5.3778E-04  1.0817E-08 -7.3003E-14 -1.5951E-12
  5.4204E-04  1.1127E-08 -7.5348E-14 -1.6463E-12
  5.4634E-04  1.1447E-08 -7.7765E-14 -1.6991E-12
  5.5066E-04  1.1775E-08 -8.0258E-14 -1.7536E-12
  5.5502E-04  1.2112E-08 -8.2828E-14 -1.8098E-12
  5.5941E-04  1.2459E-08 -8.5478E-14 -1.8677E-12
  5.6383E-04  1.2816E-08 -8.8210E-14 -1.9274E-12
  5.6827E-04  1.3182E-08 -9.1027E-14 -1.9889E-12
  5.7275E-04  1.3558E-08 -9.3931E-14 -2.0524E-12
  5.7726E-04  1.3945E-08 -9.6925E-14 -2.1178E-12
  5.8181E-04  1.4343E-08 -1.0001E-13 -2.1852E-12
  5.8638E-04  1.4751E-08 -1.0319E-13 -2.2547E-12
  5.9099E-04  1.5171E-08 -1.0647E-13 -2.3264E-12
  5.9562E-04  1.5603E-08 -1.0986E-13 -2.4003E-12
  6.0029E-04  1.6046E-08 -1.1334E-13 -2.4765E-12
  6.0500E-04  1.6502E-08 -1.1694E-13 -2.5550E-12
  6.0973E-04  1.6970E-08 -1.2064E-13 -2.6359E-12
  6.1450E-04  1.7451E-08 -1.2446E-13 -2.7194E-12
  6.1930E-04  1.7946E-08 -1.2839E-13 -2.8054E-12
  6.2414E-04  1.8454E-08 -1.3245E-13 -2.8940E-12
  6.2901E-04  1.8976E-08 -1.3663E-13 -2.9854E-12
  6.3391E-04  1.9512E-08 -1.4094E-13 -3.0796E-12
  6.3885E-04  2.0063E-08 -1.4539E-13 -3.1766E-12
  6.4382E-04  2.0629E-08 -1.4996E-13 -3.2767E-12
  6.4882E-04  2.1211E-08 -1.5468E-13 -3.3798E-12
  6.5386E-04  2.1809E-08 -1.5955E-13 -3.4861E-12
  6.5894E-04  2.2423E-08 -1.6456E-13 -3.5956E-12
  6.6405E-04  2.3055E-08 -1.6973E-13 -3.7085E-12
  6.6920E-04  2.3703E-08 -1.7505E-13 -3.8248E-12
  6.7438E-04  2.4369E-08 -1.8054E-13 -3.9447E-12
  6.7960E-04  2.5054E-08 -1.8619E-13 -4.0682E-12
  6.8486E-04  2.5757E-08 -1.9202E-13 -4.1955E-12
  6.9015E-04  2.6479E-08 -1.9802E-13 -4.3267E-12
  6.9548E-04  2.7222E-08 -2.0421E-13 -4.4619E-12
  7.0085E-04  2.7984E-08 -2.1059E-13 -4.6013E-12
  7.0625E-04  2.8767E-08 -2.1716E-13 -4.7448E-12
  7.1169E-04  2.9572E-08 -2.2393E-13 -4.8928E-12
  7.1717E-04  3.0399E-08 -2.3090E-13 -5.0452E-12
  7.2269E-04  3.1248E-08 -2.3809E-13 -5.2023E-12
  7.2825E-04  3.2121E-08 -2.4550E-13 -5.3641E-12
  7.3384E-04  3.3017E-08 -2.5313E-13 -5.5309E-12
  7.3948E-04  3.3938E-08 -2.6100E-13 -5.7027E-12
  7.4515E-04  3.4884E-08 -2.6910E-13 -5.8797E-12
  7.5086E-04  3.5856E-08 -2.7745E-13 -6.0621E-12
  7.5662E-04  3.6854E-08 -2.8605E-13 -6.2500E-12
  7.6241E-04  3.7879E-08 -2.9491E-13 -6.4437E-12
  7.6824E-04  3.8932E-08 -3.0404E-13 -6.6432E-12
  7.7412E-04  4.0014E-08 -3.1345E-13 -6.8487E-12
  7.8003E-04  4.1126E-08 -3.2314E-13 -7.0604E-12
  7.8599E-04  4.2267E-08 -3.3312E-13 -7.2785E-12
  7.9198E-04  4.3440E-08 -3.4340E-13 -7.5033E-12
  7.9802E-04  4.4644E-08 -3.5400E-13 -7.7348E-12
  8.0411E-04  4.5881E-08 -3.6492E-13 -7.9733E-12
  8.1023E-04  4.7152E-08 -3.7616E-13 -8.2190E-12
  8.1640E-04  4.8457E-08 -3.8774E-13 -8.4721E-12
  8.2261E-04  4.9797E-08 -3.9968E-13 -8.7328E-12
  8.2886E-04  5.1174E-08 -4.1197E-13 -9.0014E-12
  8.3516E-04  5.2588E-08 -4.2463E-13 -9.2781E-12
  8.4150E-04  5.4041E-08 -4.3767E-13 -9.5630E-12
  8.4788E-04  5.5532E-08 -4.5111E-13 -9.8566E-12
  8.5431E-04  5.7065E-08 -4.6495E-13 -1.0159E-11
  8.6079E-04  5.8638E-08 -4.7921E-13 -1.0470E-11
  8.6731E-04  6.0255E-08 -4.9389E-13 -1.0791E-11
  8.7387E-04  6.1915E-08 -5.0901E-13 -1.1122E-11
  8.8048E-04  6.3619E-08 -5.2459E-13 -1.1462E-11
  8.8714E-04  6.5370E-08 -5.4064E-13 -1.1813E-11
  8.9384E-04  6.7169E-08 -5.5716E-13 -1.2174E-11
  9.0059E-04  6.9015E-08 -5.7419E-13 -1.2546E-11
  9.0739E-04  7.0912E-08 -5.9172E-13 -1.2929E-11
  9.1423E-04  7.2860E-08 -6.0978E-13 -1.3323E-11
  9.2113E-04  7.4860E-08 -6.2837E-13 -1.3730E-11
  9.2807E-04  7.6915E-08 -6.4753E-13 -1.4148E-11
  9.3506E-04  7.9025E-08 -6.6725E-13 -1.4579E-11
  9.4209E-04  8.1191E-08 -6.8757E-13 -1.5023E-11
  9.4918E-04  8.3416E-08 -7.0849E-13 -1.5480E-11
  9.5632E-04  8.5701E-08 -7.3004E-13 -1.5951E-11
  9.6350E-04  8.8048E-08 -7.5223E-13 -1.6436E-11
  9.7074E-04  9.0458E-08 -7.7508E-13 -1.6935E-11
  9.7803E-04  9.2933E-08 -7.9862E-13 -1.7450E-11
  9.8536E-04  9.5474E-08 -8.2285E-13 -1.7979E-11
  9.9275E-04  9.8083E-08 -8.4781E-13 -1.8524E-11
  1.0002E-03  1.0076E-07 -8.7351E-13 -1.9086E-11
  1.0077E-03  1.0352E-07 -8.9998E-13 -1.9664E-11
  1.0152E-03  1.0634E-07 -9.2724E-13 -2.0260E-11
  1.0228E-03  1.0924E-07 -9.5530E-13 -2.0873E-11
  1.0305E-03  1.1222E-07 -9.8421E-13 -2.1505E-11
  1.0382E-03  1.1528E-07 -1.0140E-12 -2.2155E-11
  1.0459E-03  1.1842E-07 -1.0446E-12 -2.2824E-11
  1.0537E-03  1.2165E-07 -1.0762E-12 -2.3514E-11
  1.0616E-03  1.2496E-07 -1.1087E-12 -2.4224E-11
  1.0695E-03  1.2837E-07 -1.1421E-12 -2.4955E-11
  1.0775E-03  1.3186E-07 -1.1766E-12 -2.5708E-11
  1.0855E-03  1.3545E-07 -1.2120E-12 -2.6483E-11
  1.0936E-03  1.3913E-07 -1.2486E-12 -2.7281E-11
  1.1018E-03  1.4291E-07 -1.2862E-12 -2.8102E-11
  1.1100E-03  1.4679E-07 -1.3249E-12 -2.8948E-11
  1.1182E-03  1.5078E-07 -1.3648E-12 -2.9820E-11
  1.1265E-03  1.5488E-07 -1.4058E-12 -3.0716E-11
  1.1349E-03  1.5908E-07 -1.4481E-12 -3.1640E-11
  1.1433E-03  1.6339E-07 -1.4916E-12 -3.2591E-11
  1.1518E-03  1.6783E-07 -1.5364E-12 -3.3570E-11
  1.1604E-03  1.7238E-07 -1.5825E-12 -3.4577E-11
  1.1690E-03  1.7705E-07 -1.6300E-12 -3.5615E-11
  1.1777E-03  1.8185E-07 -1.6789E-12 -3.6683E-11
  1.1864E-03  1.8677E-07 -1.7292E-12 -3.7783E-11
  1.1952E-03  1.9183E-07 -1.7811E-12 -3.8915E-11
  1.2040E-03  1.9702E-07 -1.8344E-12 -4.0081E-11
  1.2129E-03  2.0235E-07 -1.8893E-12 -4.1281E-11
  1.2219E-03  2.0783E-07 -1.9459E-12 -4.2517E-11
  1.2310E-03  2.1345E-07 -2.0041E-12 -4.3789E-11
  1.2401E-03  2.1922E-07 -2.0640E-12 -4.5098E-11
  1.2492E-03  2.2514E-07 -2.1257E-12 -4.6446E-11
  1.2585E-03  2.3122E-07 -2.1892E-12 -4.7834E-11
  1.2678E-03  2.3747E-07 -2.2546E-12 -4.9263E-11
  1.2771E-03  2.4388E-07 -2.3219E-12 -5.0734E-11
  1.2865E-03  2.5046E-07 -2.3912E-12 -5.2248E-11
  1.2960E-03  2.5722E-07 -2.4626E-12 -5.3806E-11
  1.3056E-03  2.6416E-07 -2.5360E-12 -5.5411E-11
  1.3152E-03  2.7128E-07 -2.6116E-12 -5.7062E-11
  1.3249E-03  2.7860E-07 -2.6894E-12 -5.8763E-11
  1.3346E-03  2.8610E-07 -2.7695E-12 -6.0513E-11
  1.3445E-03  2.9381E-07 -2.8520E-12 -6.2314E-11
  1.3544E-03  3.0173E-07 -2.9368E-12 -6.4169E-11
  1.3643E-03  3.0985E-07 -3.0242E-12 -6.6078E-11
  1.3744E-03  3.1819E-07 -3.1141E-12 -6.8043E-11
  1.3845E-03  3.2676E-07 -3.2067E-12 -7.0065E-11
  1.3946E-03  3.3555E-07 -3.3020E-12 -7.2147E-11
  1.4049E-03  3.4457E-07 -3.4001E-12 -7.4290E-11
  1.4152E-03  3.5384E-07 -3.5010E-12 -7.6496E-11
  1.4256E-03  3.6335E-07 -3.6049E-12 -7.8767E-11
  1.4360E-03  3.7312E-07 -3.7119E-12 -8.1104E-11
  1.4466E-03  3.8315E-07 -3.8220E-12 -8.3509E-11
  1.4572E-03  3.9344E-07 -3.9353E-12 -8.5985E-11
  1.4678E-03  4.0401E-07 -4.0520E-12 -8.8534E-11
  1.4786E-03  4.1485E-07 -4.1720E-12 -9.1157E-11
  1.4894E-03  4.2599E-07 -4.2956E-12 -9.3857E-11
  1.5003E-03  4.3742E-07 -4.4228E-12 -9.6636E-11
  1.5113E-03  4.4916E-07 -4.5537E-12 -9.9496E-11
  1.5224E-03  4.6121E-07 -4.6884E-12 -1.0244E-10
  1.5335E-03  4.7357E-07 -4.8270E-12 -1.0547E-10
  1.5447E-03  4.8627E-07 -4.9698E-12 -1.0859E-10
  1.5560E-03  4.9931E-07 -5.1167E-12 -1.1180E-10
  1.5674E-03  5.1269E-07 -5.2678E-12 -1.1510E-10
  1.5788E-03  5.2642E-07 -5.4234E-12 -1.1850E-10
  1.5904E-03  5.4053E-07 -5.5836E-12 -1.2200E-10
  1.6020E-03  5.5500E-07 -5.7484E-12 -1.2560E-10
  1.6137E-03  5.6986E-07 -5.9180E-12 -1.2931E-10
  1.6254E-03  5.8512E-07 -6.0926E-12 -1.3312E-10
  1.6373E-03  6.0077E-07 -6.2722E-12 -1.3705E-10
  1.6492E-03  6.1685E-07 -6.4572E-12 -1.4109E-10
  1.6612E-03  6.3335E-07 -6.6474E-12 -1.4524E-10
  1.6733E-03  6.5029E-07 -6.8433E-12 -1.4952E-10
  1.6855E-03  6.6768E-07 -7.0448E-12 -1.5393E-10
  1.6978E-03  6.8553E-07 -7.2523E-12 -1.5846E-10
  1.7101E-03  7.0385E-07 -7.4657E-12 -1.6312E-10
  1.7226E-03  7.2266E-07 -7.6854E-12 -1.6792E-10
  1.7351E-03  7.4197E-07 -7.9115E-12 -1.7286E-10
  1.7477E-03  7.6179E-07 -8.1441E-12 -1.7795E-10
  1.7604E-03  7.8214E-07 -8.3835E-12 -1.8318E-10
  1.7732E-03  8.0302E-07 -8.6299E-12 -1.8856E-10
  1.7861E-03  8.2446E-07 -8.8835E-12 -1.9410E-10
  1.7991E-03  8.4647E-07 -9.1444E-12 -1.9980E-10
  1.8122E-03  8.6906E-07 -9.4129E-12 -2.0567E-10
  1.8253E-03  8.9225E-07 -9.6892E-12 -2.1171E-10
  1.8386E-03  9.1605E-07 -9.9736E-12 -2.1792E-10
  1.8519E-03  9.4048E-07 -1.0266E-11 -2.2431E-10
  1.8653E-03  9.6557E-07 -1.0567E-11 -2.3089E-10
  1.8789E-03  9.9131E-07 -1.0877E-11 -2.3766E-10
  1.8925E-03  1.0177E-06 -1.1196E-11 -2.4463E-10
  1.9062E-03  1.0449E-06 -1.1524E-11 -2.5180E-10
  1.9200E-03  1.0727E-06 -1.1862E-11 -2.5918E-10
  1.9339E-03  1.1013E-06 -1.2209E-11 -2.6677E-10
  1.9479E-03  1.1306E-06 -1.2567E-11 -2.7458E-10
  1.9620E-03  1.1607E-06 -1.2935E-11 -2.8262E-10
  1.9762E-03  1.1916E-06 -1.3313E-11 -2.9089E-10
  1.9905E-03  1.2234E-06 -1.3703E-11 -2.9940E-10
  2.0049E-03  1.2559E-06 -1.4103E-11 -3.0816E-10
  2.0194E-03  1.2894E-06 -1.4516E-11 -3.1717E-10
  2.0340E-03  1.3237E-06 -1.4940E-11 -3.2644E-10
  2.0487E-03  1.3589E-06 -1.5377E-11 -3.3598E-10
  2.0635E-03  1.3951E-06 -1.5826E-11 -3.4580E-10
  2.0784E-03  1.4322E-06 -1.6289E-11 -3.5590E-10
  2.0935E-03  1.4703E-06 -1.6764E-11 -3.6630E-10
  2.1086E-03  1.5094E-06 -1.7254E-11 -3.7699E-10
  2.1238E-03  1.5495E-06 -1.7758E-11 -3.8800E-10
  2.1391E-03  1.5907E-06 -1.8276E-11 -3.9932E-10
  2.1546E-03  1.6330E-06 -1.8809E-11 -4.1097E-10
  2.1701E-03  1.6764E-06 -1.9358E-11 -4.2296E-10
  2.1857E-03  1.7209E-06 -1.9922E-11 -4.3530E-10
  2.2015E-03  1.7666E-06 -2.0503E-11 -4.4799E-10
  2.2174E-03  1.8135E-06 -2.1101E-11 -4.6105E-10
  2.2334E-03  1.8617E-06 -2.1716E-11 -4.7448E-10
  2.2495E-03  1.9111E-06 -2.2348E-11 -4.8831E-10
  2.2657E-03  1.9619E-06 -2.2999E-11 -5.0253E-10
  2.2820E-03  2.0140E-06 -2.3669E-11 -5.1717E-10
  2.2984E-03  2.0674E-06 -2.4358E-11 -5.3222E-10
  2.3150E-03  2.1223E-06 -2.5067E-11 -5.4772E-10
  2.3316E-03  2.1786E-06 -2.5797E-11 -5.6366E-10
  2.3484E-03  2.2364E-06 -2.6548E-11 -5.8006E-10
  2.3653E-03  2.2958E-06 -2.7320E-11 -5.9693E-10
  2.3823E-03  2.3567E-06 -2.8114E-11 -6.1429E-10
  2.3994E-03  2.4192E-06 -2.8932E-11 -6.3215E-10
  2.4167E-03  2.4833E-06 -2.9773E-11 -6.5053E-10
  2.4341E-03  2.5492E-06 -3.0638E-11 -6.6944E-10
  2.4516E-03  2.6167E-06 -3.1528E-11 -6.8889E-10
  2.4692E-03  2.6861E-06 -3.2444E-11 -7.0890E-10
  2.4869E-03  2.7573E-06 -3.3387E-11 -7.2949E-10
  2.5048E-03  2.8304E-06 -3.4356E-11 -7.5068E-10
  2.5228E-03  2.9054E-06 -3.5354E-11 -7.7247E-10
  2.5409E-03  2.9823E-06 -3.6380E-11 -7.9490E-10
  2.5591E-03  3.0613E-06 -3.7436E-11 -8.1797E-10
  2.5775E-03  3.1424E-06 -3.8522E-11 -8.4170E-10
  2.5960E-03  3.2257E-06 -3.9640E-11 -8.6612E-10
  2.6146E-03  3.3111E-06 -4.0789E-11 -8.9124E-10
  2.6333E-03  3.3988E-06 -4.1972E-11 -9.1708E-10
  2.6522E-03  3.4887E-06 -4.3189E-11 -9.4367E-10
  2.6712E-03  3.5811E-06 -4.4441E-11 -9.7102E-10
  2.6904E-03  3.6759E-06 -4.5729E-11 -9.9917E-10
  2.7097E-03  3.7731E-06 -4.7054E-11 -1.0281E-09
  2.7291E-03  3.8730E-06 -4.8417E-11 -1.0579E-09
  2.7486E-03  3.9755E-06 -4.9820E-11 -1.0885E-09
  2.7683E-03  4.0806E-06 -5.1262E-11 -1.1201E-09
  2.7881E-03  4.1886E-06 -5.2746E-11 -1.1525E-09
  2.8081E-03  4.2994E-06 -5.4273E-11 -1.1859E-09
  2.8282E-03  4.4131E-06 -5.5844E-11 -1.2202E-09
  2.8484E-03  4.5298E-06 -5.7460E-11 -1.2555E-09
  2.8688E-03  4.6495E-06 -5.9123E-11 -1.2918E-09
  2.8894E-03  4.7724E-06 -6.0833E-11 -1.3292E-09
  2.9100E-03  4.8986E-06 -6.2592E-11 -1.3676E-09
  2.9308E-03  5.0281E-06 -6.4402E-11 -1.4072E-09
  2.9518E-03  5.1609E-06 -6.6264E-11 -1.4479E-09
  2.9729E-03  5.2973E-06 -6.8180E-11 -1.4897E-09
  2.9941E-03  5.4373E-06 -7.0150E-11 -1.5328E-09
  3.0155E-03  5.5809E-06 -7.2177E-11 -1.5771E-09
  3.0371E-03  5.7284E-06 -7.4262E-11 -1.6226E-09
  3.0588E-03  5.8797E-06 -7.6408E-11 -1.6695E-09
  3.0806E-03  6.0349E-06 -7.8614E-11 -1.7177E-09
  3.1026E-03  6.1943E-06 -8.0884E-11 -1.7673E-09
  3.1248E-03  6.3578E-06 -8.3220E-11 -1.8183E-09
  3.1471E-03  6.5257E-06 -8.5622E-11 -1.8708E-09
  3.1696E-03  6.6980E-06 -8.8093E-11 -1.9248E-09
  3.1922E-03  6.8747E-06 -9.0635E-11 -1.9804E-09
  3.2150E-03  7.0562E-06 -9.3250E-11 -2.0375E-09
  3.2379E-03  7.2424E-06 -9.5940E-11 -2.0963E-09
  3.2610E-03  7.4335E-06 -9.8707E-11 -2.1567E-09
  3.2843E-03  7.6296E-06 -1.0155E-10 -2.2189E-09
  3.3077E-03  7.8309E-06 -1.0448E-10 -2.2829E-09
  3.3313E-03  8.0374E-06 -1.0749E-10 -2.3487E-09
  3.3550E-03  8.2494E-06 -1.1059E-10 -2.4164E-09
  3.3790E-03  8.4669E-06 -1.1378E-10 -2.4861E-09
  3.4030E-03  8.6902E-06 -1.1706E-10 -2.5577E-09
  3.4273E-03  8.9193E-06 -1.2043E-10 -2.6314E-09
  3.4517E-03  9.1545E-06 -1.2390E-10 -2.7072E-09
  3.4763E-03  9.3958E-06 -1.2747E-10 -2.7852E-09
  3.5011E-03  9.6434E-06 -1.3114E-10 -2.8654E-09
  3.5260E-03  9.8975E-06 -1.3492E-10 -2.9479E-09
  3.5511E-03  1.0158E-05 -1.3880E-10 -3.0328E-09
  3.5764E-03  1.0426E-05 -1.4280E-10 -3.1201E-09
  3.6019E-03  1.0701E-05 -1.4691E-10 -3.2099E-09
  3.6275E-03  1.0983E-05 -1.5113E-10 -3.3022E-09
  3.6533E-03  1.1272E-05 -1.5548E-10 -3.3973E-09
  3.6793E-03  1.1569E-05 -1.5996E-10 -3.4950E-09
  3.7055E-03  1.1873E-05 -1.6456E-10 -3.5955E-09
  3.7318E-03  1.2186E-05 -1.6929E-10 -3.6989E-09
  3.7584E-03  1.2507E-05 -1.7416E-10 -3.8053E-09
  3.7851E-03  1.2836E-05 -1.7917E-10 -3.9147E-09
  3.8120E-03  1.3174E-05 -1.8432E-10 -4.0273E-09
  3.8391E-03  1.3521E-05 -1.8961E-10 -4.1430E-09
  3.8664E-03  1.3876E-05 -1.9506E-10 -4.2621E-09
  3.8939E-03  1.4241E-05 -2.0067E-10 -4.3846E-09
  3.9216E-03  1.4616E-05 -2.0644E-10 -4.5106E-09
  3.9495E-03  1.5001E-05 -2.1237E-10 -4.6402E-09
  3.9775E-03  1.5395E-05 -2.1847E-10 -4.7735E-09
  4.0058E-03  1.5800E-05 -2.2474E-10 -4.9106E-09
  4.0342E-03  1.6216E-05 -2.3120E-10 -5.0516E-09
  4.0629E-03  1.6642E-05 -2.3783E-10 -5.1966E-09
  4.0917E-03  1.7080E-05 -2.4466E-10 -5.3458E-09
  4.1208E-03  1.7528E-05 -2.5169E-10 -5.4993E-09
  4.1501E-03  1.7989E-05 -2.5891E-10 -5.6572E-09
  4.1795E-03  1.8462E-05 -2.6634E-10 -5.8195E-09
  4.2092E-03  1.8947E-05 -2.7398E-10 -5.9865E-09
  4.2391E-03  1.9445E-05 -2.8185E-10 -6.1583E-09
  4.2691E-03  1.9956E-05 -2.8993E-10 -6.3350E-09
  4.2994E-03  2.0480E-05 -2.9825E-10 -6.5167E-09
  4.3299E-03  2.1018E-05 -3.0680E-10 -6.7036E-09
  4.3607E-03  2.1570E-05 -3.1560E-10 -6.8959E-09
  4.3916E-03  2.2136E-05 -3.2465E-10 -7.0936E-09
  4.4227E-03  2.2718E-05 -3.3396E-10 -7.2970E-09
  4.4541E-03  2.3314E-05 -3.4353E-10 -7.5062E-09
  4.4857E-03  2.3926E-05 -3.5338E-10 -7.7213E-09
  4.5175E-03  2.4554E-05 -3.6351E-10 -7.9427E-09
  4.5495E-03  2.5198E-05 -3.7393E-10 -8.1703E-09
  4.5818E-03  2.5860E-05 -3.8464E-10 -8.4044E-09
  4.6142E-03  2.6538E-05 -3.9566E-10 -8.6452E-09
  4.6469E-03  2.7234E-05 -4.0700E-10 -8.8929E-09
  4.6798E-03  2.7949E-05 -4.1866E-10 -9.1476E-09
  4.7130E-03  2.8682E-05 -4.3065E-10 -9.4096E-09
  4.7464E-03  2.9434E-05 -4.4298E-10 -9.6791E-09
  4.7800E-03  3.0205E-05 -4.5567E-10 -9.9563E-09
  4.8139E-03  3.0997E-05 -4.6871E-10 -1.0241E-08
  4.8480E-03  3.1810E-05 -4.8213E-10 -1.0535E-08
  4.8823E-03  3.2644E-05 -4.9594E-10 -1.0836E-08
  4.9169E-03  3.3499E-05 -5.1013E-10 -1.1146E-08
  4.9517E-03  3.4377E-05 -5.2473E-10 -1.1465E-08
  4.9867E-03  3.5277E-05 -5.3975E-10 -1.1793E-08
  5.0220E-03  3.6201E-05 -5.5519E-10 -1.2131E-08
  5.0576E-03  3.7150E-05 -5.7108E-10 -1.2478E-08
  5.0934E-03  3.8122E-05 -5.8742E-10 -1.2835E-08
  5.1294E-03  3.9121E-05 -6.0422E-10 -1.3202E-08
  5.1657E-03  4.0145E-05 -6.2150E-10 -1.3580E-08
  5.2022E-03  4.1196E-05 -6.3928E-10 -1.3968E-08
  5.2390E-03  4.2274E-05 -6.5756E-10 -1.4368E-08
  5.2761E-03  4.3380E-05 -6.7636E-10 -1.4778E-08
  5.3134E-03  4.4515E-05 -6.9570E-10 -1.5201E-08
  5.3510E-03  4.5680E-05 -7.1559E-10 -1.5636E-08
  5.3888E-03  4.6875E-05 -7.3604E-10 -1.6083E-08
  5.4269E-03  4.8101E-05 -7.5708E-10 -1.6542E-08
  5.4653E-03  4.9358E-05 -7.7872E-10 -1.7015E-08
  5.5039E-03  5.0649E-05 -8.0097E-10 -1.7501E-08
  5.5428E-03  5.1973E-05 -8.2386E-10 -1.8001E-08
  5.5820E-03  5.3331E-05 -8.4740E-10 -1.8516E-08
  5.6215E-03  5.4725E-05 -8.7161E-10 -1.9045E-08
  5.6612E-03  5.6155E-05 -8.9651E-10 -1.9589E-08
  5.7012E-03  5.7622E-05 -9.2212E-10 -2.0148E-08
  5.7415E-03  5.9127E-05 -9.4846E-10 -2.0724E-08
  5.7820E-03  6.0671E-05 -9.7554E-10 -2.1316E-08
  5.8229E-03  6.2255E-05 -1.0034E-09 -2.1924E-08
  5.8640E-03  6.3881E-05 -1.0321E-09 -2.2550E-08
  5.9054E-03  6.5548E-05 -1.0615E-09 -2.3194E-08
  5.9471E-03  6.7259E-05 -1.0918E-09 -2.3856E-08
  5.9891E-03  6.9014E-05 -1.1230E-09 -2.4537E-08
  6.0314E-03  7.0815E-05 -1.1550E-09 -2.5238E-08
  6.0740E-03  7.2662E-05 -1.1880E-09 -2.5958E-08
  6.1169E-03  7.4557E-05 -1.2219E-09 -2.6699E-08
  6.1600E-03  7.6501E-05 -1.2568E-09 -2.7461E-08
  6.2035E-03  7.8496E-05 -1.2926E-09 -2.8244E-08
  6.2473E-03  8.0542E-05 -1.3295E-09 -2.9050E-08
  6.2914E-03  8.2641E-05 -1.3675E-09 -2.9879E-08
  6.3358E-03  8.4795E-05 -1.4065E-09 -3.0732E-08
  6.3805E-03  8.7004E-05 -1.4466E-09 -3.1608E-08
  6.4255E-03  8.9270E-05 -1.4878E-09 -3.2510E-08
  6.4709E-03  9.1595E-05 -1.5303E-09 -3.3437E-08
  6.5165E-03  9.3980E-05 -1.5739E-09 -3.4390E-08
  6.5625E-03  9.6427E-05 -1.6188E-09 -3.5371E-08
  6.6088E-03  9.8937E-05 -1.6650E-09 -3.6380E-08
  6.6554E-03  1.0151E-04 -1.7124E-09 -3.7417E-08
  6.7023E-03  1.0415E-04 -1.7612E-09 -3.8484E-08
  6.7496E-03  1.0686E-04 -1.8115E-09 -3.9581E-08
  6.7972E-03  1.0964E-04 -1.8631E-09 -4.0709E-08
  6.8451E-03  1.1249E-04 -1.9162E-09 -4.1869E-08
  6.8933E-03  1.1542E-04 -1.9708E-09 -4.3062E-08
  6.9419E-03  1.1842E-04 -2.0270E-09 -4.4290E-08
  6.9909E-03  1.2149E-04 -2.0847E-09 -4.5552E-08
  7.0401E-03  1.2465E-04 -2.1441E-09 -4.6850E-08
  7.0898E-03  1.2789E-04 -2.2052E-09 -4.8184E-08
  7.1397E-03  1.3121E-04 -2.2680E-09 -4.9557E-08
  7.1900E-03  1.3462E-04 -2.3326E-09 -5.0969E-08
  7.2407E-03  1.3811E-04 -2.3991E-09 -5.2421E-08
  7.2917E-03  1.4170E-04 -2.4674E-09 -5.3914E-08
  7.3431E-03  1.4537E-04 -2.5377E-09 -5.5449E-08
  7.3948E-03  1.4914E-04 -2.6100E-09 -5.7029E-08
  7.4469E-03  1.5301E-04 -2.6843E-09 -5.8653E-08
  7.4994E-03  1.5698E-04 -2.7607E-09 -6.0323E-08
  7.5522E-03  1.6105E-04 -2.8393E-09 -6.2040E-08
  7.6054E-03  1.6522E-04 -2.9202E-09 -6.3807E-08
  7.6590E-03  1.6951E-04 -3.0033E-09 -6.5623E-08
  7.7129E-03  1.7390E-04 -3.0888E-09 -6.7491E-08
  7.7672E-03  1.7840E-04 -3.1767E-09 -6.9412E-08
  7.8219E-03  1.8302E-04 -3.2671E-09 -7.1388E-08
  7.8770E-03  1.8776E-04 -3.3601E-09 -7.3420E-08
  7.9324E-03  1.9262E-04 -3.4557E-09 -7.5509E-08
  7.9883E-03  1.9760E-04 -3.5541E-09 -7.7658E-08
  8.0445E-03  2.0271E-04 -3.6552E-09 -7.9868E-08
  8.1011E-03  2.0796E-04 -3.7592E-09 -8.2141E-08
  8.1581E-03  2.1333E-04 -3.8662E-09 -8.4478E-08
  8.2156E-03  2.1885E-04 -3.9762E-09 -8.6881E-08
  8.2734E-03  2.2451E-04 -4.0893E-09 -8.9353E-08
  8.3316E-03  2.3031E-04 -4.2056E-09 -9.1895E-08
  8.3902E-03  2.3625E-04 -4.3252E-09 -9.4509E-08
  8.4493E-03  2.4235E-04 -4.4483E-09 -9.7197E-08
  8.5087E-03  2.4861E-04 -4.5748E-09 -9.9961E-08
  8.5686E-03  2.5503E-04 -4.7049E-09 -1.0280E-07
  8.6289E-03  2.6161E-04 -4.8387E-09 -1.0573E-07
  8.6896E-03  2.6836E-04 -4.9763E-09 -1.0873E-07
  8.7507E-03  2.7528E-04 -5.1178E-09 -1.1183E-07
  8.8122E-03  2.8237E-04 -5.2633E-09 -1.1501E-07
  8.8742E-03  2.8965E-04 -5.4129E-09 -1.1828E-07
  8.9366E-03  2.9711E-04 -5.5668E-09 -1.2164E-07
  8.9995E-03  3.0477E-04 -5.7250E-09 -1.2510E-07
  9.0628E-03  3.1262E-04 -5.8878E-09 -1.2865E-07
  9.1265E-03  3.2066E-04 -6.0551E-09 -1.3231E-07
  9.1907E-03  3.2892E-04 -6.2272E-09 -1.3607E-07
  9.2553E-03  3.3738E-04 -6.4042E-09 -1.3994E-07
  9.3203E-03  3.4606E-04 -6.5862E-09 -1.4391E-07
  9.3859E-03  3.5495E-04 -6.7734E-09 -1.4800E-07
  9.4518E-03  3.6408E-04 -6.9659E-09 -1.5221E-07
  9.5183E-03  3.7343E-04 -7.1638E-09 -1.5653E-07
  9.5852E-03  3.8303E-04 -7.3673E-09 -1.6098E-07
  9.6526E-03  3.9286E-04 -7.5766E-09 -1.6556E-07
  9.7204E-03  4.0295E-04 -7.7919E-09 -1.7026E-07
  9.7887E-03  4.1329E-04 -8.0133E-09 -1.7510E-07
  9.8575E-03  4.2389E-04 -8.2409E-09 -1.8007E-07
  9.9268E-03  4.3477E-04 -8.4750E-09 -1.8518E-07
  9.9965E-03  4.4591E-04 -8.7157E-09 -1.9045E-07
  1.0067E-02  4.5734E-04 -8.9632E-09 -1.9585E-07
  1.0137E-02  4.6906E-04 -9.2178E-09 -2.0142E-07
  1.0209E-02  4.8107E-04 -9.4796E-09 -2.0714E-07
  1.0280E-02  4.9339E-04 -9.7488E-09 -2.1302E-07
  1.0353E-02  5.0602E-04 -1.0026E-08 -2.1907E-07
  1.0425E-02  5.1897E-04 -1.0310E-08 -2.2529E-07
  1.0499E-02  5.3224E-04 -1.0603E-08 -2.3169E-07
  1.0572E-02  5.4585E-04 -1.0904E-08 -2.3826E-07
  1.0647E-02  5.5980E-04 -1.1214E-08 -2.4503E-07
  1.0721E-02  5.7411E-04 -1.1532E-08 -2.5199E-07
  1.0797E-02  5.8877E-04 -1.1859E-08 -2.5914E-07
  1.0873E-02  6.0380E-04 -1.2196E-08 -2.6649E-07
  1.0949E-02  6.1921E-04 -1.2542E-08 -2.7406E-07
  1.1026E-02  6.3501E-04 -1.2898E-08 -2.8184E-07
  1.1103E-02  6.5121E-04 -1.3264E-08 -2.8984E-07
  1.1181E-02  6.6781E-04 -1.3641E-08 -2.9806E-07
  1.1260E-02  6.8483E-04 -1.4028E-08 -3.0652E-07
  1.1339E-02  7.0227E-04 -1.4426E-08 -3.1522E-07
  1.1418E-02  7.2016E-04 -1.4835E-08 -3.2417E-07
  1.1498E-02  7.3849E-04 -1.5256E-08 -3.3337E-07
  1.1579E-02  7.5728E-04 -1.5689E-08 -3.4283E-07
  1.1660E-02  7.7654E-04 -1.6134E-08 -3.5255E-07
  1.1742E-02  7.9628E-04 -1.6592E-08 -3.6256E-07
  1.1825E-02  8.1652E-04 -1.7063E-08 -3.7284E-07
  1.1908E-02  8.3726E-04 -1.7547E-08 -3.8342E-07
  1.1991E-02  8.5852E-04 -1.8044E-08 -3.9430E-07
  1.2075E-02  8.8031E-04 -1.8556E-08 -4.0548E-07
  1.2160E-02  9.0264E-04 -1.9083E-08 -4.1698E-07
  1.2245E-02  9.2554E-04 -1.9624E-08 -4.2881E-07
  1.2331E-02  9.4900E-04 -2.0181E-08 -4.4097E-07
  1.2418E-02  9.7304E-04 -2.0753E-08 -4.5348E-07
  1.2505E-02  9.9769E-04 -2.1341E-08 -4.6634E-07
  1.2593E-02  1.0229E-03 -2.1947E-08 -4.7957E-07
  1.2681E-02  1.0488E-03 -2.2569E-08 -4.9317E-07
  1.2770E-02  1.0754E-03 -2.3209E-08 -5.0715E-07
  1.2860E-02  1.1025E-03 -2.3867E-08 -5.2154E-07
  1.2950E-02  1.1304E-03 -2.4544E-08 -5.3632E-07
  1.3041E-02  1.1590E-03 -2.5240E-08 -5.5153E-07
  1.3132E-02  1.1882E-03 -2.5955E-08 -5.6717E-07
  1.3224E-02  1.2182E-03 -2.6691E-08 -5.8325E-07
  1.3317E-02  1.2489E-03 -2.7448E-08 -5.9979E-07
  1.3410E-02  1.2804E-03 -2.8226E-08 -6.1679E-07
  1.3504E-02  1.3127E-03 -2.9026E-08 -6.3428E-07
  1.3599E-02  1.3458E-03 -2.9849E-08 -6.5226E-07
  1.3695E-02  1.3796E-03 -3.0695E-08 -6.7074E-07
  1.3791E-02  1.4144E-03 -3.1565E-08 -6.8976E-07
  1.3887E-02  1.4499E-03 -3.2460E-08 -7.0931E-07
  1.3985E-02  1.4864E-03 -3.3380E-08 -7.2941E-07
  1.4083E-02  1.5237E-03 -3.4326E-08 -7.5009E-07
  1.4181E-02  1.5620E-03 -3.5299E-08 -7.7134E-07
  1.4281E-02  1.6012E-03 -3.6299E-08 -7.9320E-07
  1.4381E-02  1.6414E-03 -3.7327E-08 -8.1568E-07
  1.4482E-02  1.6825E-03 -3.8385E-08 -8.3880E-07
  1.4583E-02  1.7247E-03 -3.9473E-08 -8.6257E-07
  1.4686E-02  1.7679E-03 -4.0591E-08 -8.8701E-07
  1.4789E-02  1.8121E-03 -4.1741E-08 -9.1214E-07
  1.4892E-02  1.8575E-03 -4.2924E-08 -9.3799E-07
  1.4997E-02  1.9039E-03 -4.4140E-08 -9.6456E-07
  1.5102E-02  1.9515E-03 -4.5391E-08 -9.9189E-07
  1.5208E-02  2.0002E-03 -4.6677E-08 -1.0200E-06
  1.5314E-02  2.0502E-03 -4.7999E-08 -1.0489E-06
  1.5421E-02  2.1013E-03 -4.9358E-08 -1.0786E-06
  1.5530E-02  2.1537E-03 -5.0757E-08 -1.1092E-06
  1.5638E-02  2.2074E-03 -5.2194E-08 -1.1406E-06
  1.5748E-02  2.2624E-03 -5.3673E-08 -1.1729E-06
  1.5858E-02  2.3187E-03 -5.5193E-08 -1.2061E-06
  1.5969E-02  2.3764E-03 -5.6756E-08 -1.2403E-06
  1.6081E-02  2.4355E-03 -5.8364E-08 -1.2754E-06
  1.6194E-02  2.4960E-03 -6.0016E-08 -1.3115E-06
  1.6308E-02  2.5580E-03 -6.1716E-08 -1.3487E-06
  1.6422E-02  2.6215E-03 -6.3464E-08 -1.3869E-06
  1.6537E-02  2.6865E-03 -6.5261E-08 -1.4261E-06
  1.6653E-02  2.7531E-03 -6.7109E-08 -1.4665E-06
  1.6769E-02  2.8213E-03 -6.9009E-08 -1.5081E-06
  1.6887E-02  2.8911E-03 -7.0963E-08 -1.5508E-06
  1.7005E-02  2.9627E-03 -7.2972E-08 -1.5947E-06
  1.7124E-02  3.0359E-03 -7.5038E-08 -1.6398E-06
  1.7244E-02  3.1110E-03 -7.7163E-08 -1.6863E-06
  1.7365E-02  3.1878E-03 -7.9348E-08 -1.7340E-06
  1.7487E-02  3.2665E-03 -8.1594E-08 -1.7831E-06
  1.7609E-02  3.3470E-03 -8.3904E-08 -1.8336E-06
  1.7732E-02  3.4295E-03 -8.6279E-08 -1.8855E-06
  1.7857E-02  3.5140E-03 -8.8721E-08 -1.9389E-06
  1.7982E-02  3.6005E-03 -9.1233E-08 -1.9938E-06
  1.8108E-02  3.6890E-03 -9.3815E-08 -2.0502E-06
  1.8234E-02  3.7797E-03 -9.6471E-08 -2.1082E-06
  1.8362E-02  3.8725E-03 -9.9201E-08 -2.1679E-06
  1.8491E-02  3.9676E-03 -1.0201E-07 -2.2293E-06
  1.8620E-02  4.0649E-03 -1.0490E-07 -2.2924E-06
  1.8751E-02  4.1646E-03 -1.0786E-07 -2.3573E-06
  1.8882E-02  4.2666E-03 -1.1092E-07 -2.4240E-06
  1.9014E-02  4.3710E-03 -1.1406E-07 -2.4926E-06
  1.9147E-02  4.4779E-03 -1.1728E-07 -2.5631E-06
  1.9281E-02  4.5873E-03 -1.2060E-07 -2.6357E-06
  1.9416E-02  4.6994E-03 -1.2402E-07 -2.7103E-06
  1.9552E-02  4.8141E-03 -1.2752E-07 -2.7870E-06
  1.9689E-02  4.9315E-03 -1.3113E-07 -2.8658E-06
  1.9827E-02  5.0516E-03 -1.3484E-07 -2.9469E-06
  1.9966E-02  5.1746E-03 -1.3866E-07 -3.0303E-06
  2.0106E-02  5.3005E-03 -1.4258E-07 -3.1161E-06
  2.0246E-02  5.4294E-03 -1.4662E-07 -3.2042E-06
  2.0388E-02  5.5613E-03 -1.5076E-07 -3.2949E-06
  2.0531E-02  5.6963E-03 -1.5503E-07 -3.3881E-06
  2.0674E-02  5.8345E-03 -1.5942E-07 -3.4840E-06
  2.0819E-02  5.9759E-03 -1.6393E-07 -3.5825E-06
  2.0965E-02  6.1206E-03 -1.6856E-07 -3.6839E-06
  2.1112E-02  6.2687E-03 -1.7333E-07 -3.7881E-06
  2.1259E-02  6.4202E-03 -1.7823E-07 -3.8953E-06
  2.1408E-02  6.5753E-03 -1.8328E-07 -4.0055E-06
  2.1558E-02  6.7341E-03 -1.8846E-07 -4.1188E-06
  2.1709E-02  6.8965E-03 -1.9379E-07 -4.2353E-06
  2.1861E-02  7.0626E-03 -1.9927E-07 -4.3551E-06
  2.2014E-02  7.2327E-03 -2.0491E-07 -4.4783E-06
  2.2168E-02  7.4067E-03 -2.1070E-07 -4.6050E-06
  2.2323E-02  7.5847E-03 -2.1666E-07 -4.7353E-06
  2.2479E-02  7.7668E-03 -2.2279E-07 -4.8692E-06
  2.2637E-02  7.9532E-03 -2.2909E-07 -5.0069E-06
  2.2795E-02  8.1438E-03 -2.3557E-07 -5.1485E-06
  2.2954E-02  8.3389E-03 -2.4223E-07 -5.2941E-06
  2.3115E-02  8.5384E-03 -2.4908E-07 -5.4439E-06
  2.3277E-02  8.7426E-03 -2.5612E-07 -5.5978E-06
  2.3440E-02  8.9514E-03 -2.6337E-07 -5.7562E-06
  2.3604E-02  9.1650E-03 -2.7081E-07 -5.9189E-06
  2.3769E-02  9.3835E-03 -2.7847E-07 -6.0863E-06
  2.3935E-02  9.6070E-03 -2.8634E-07 -6.2584E-06
  2.4103E-02  9.8356E-03 -2.9444E-07 -6.4354E-06
  2.4271E-02  1.0069E-02 -3.0276E-07 -6.6174E-06
  2.4441E-02  1.0309E-02 -3.1132E-07 -6.8045E-06
  2.4612E-02  1.0553E-02 -3.2013E-07 -6.9969E-06
  2.4784E-02  1.0803E-02 -3.2918E-07 -7.1948E-06
  2.4958E-02  1.1059E-02 -3.3848E-07 -7.3982E-06
  2.5132E-02  1.1321E-02 -3.4805E-07 -7.6074E-06
  2.5308E-02  1.1588E-02 -3.5789E-07 -7.8225E-06
  2.5485E-02  1.1862E-02 -3.6801E-07 -8.0436E-06
  2.5663E-02  1.2142E-02 -3.7841E-07 -8.2711E-06
  2.5843E-02  1.2428E-02 -3.8911E-07 -8.5049E-06
  2.6024E-02  1.2721E-02 -4.0011E-07 -8.7454E-06
  2.6206E-02  1.3020E-02 -4.1141E-07 -8.9926E-06
  2.6389E-02  1.3326E-02 -4.2304E-07 -9.2468E-06
  2.6573E-02  1.3638E-02 -4.3500E-07 -9.5082E-06
  2.6759E-02  1.3958E-02 -4.4729E-07 -9.7770E-06
  2.6946E-02  1.4285E-02 -4.5994E-07 -1.0053E-05
  2.7135E-02  1.4619E-02 -4.7294E-07 -1.0338E-05
  2.7325E-02  1.4961E-02 -4.8630E-07 -1.0630E-05
  2.7516E-02  1.5310E-02 -5.0005E-07 -1.0930E-05
  2.7708E-02  1.5667E-02 -5.1418E-07 -1.1239E-05
  2.7902E-02  1.6031E-02 -5.2871E-07 -1.1557E-05
  2.8097E-02  1.6404E-02 -5.4365E-07 -1.1884E-05
  2.8294E-02  1.6786E-02 -5.5901E-07 -1.2219E-05
  2.8491E-02  1.7175E-02 -5.7481E-07 -1.2565E-05
  2.8691E-02  1.7573E-02 -5.9105E-07 -1.2920E-05
  2.8891E-02  1.7980E-02 -6.0775E-07 -1.3285E-05
  2.9093E-02  1.8396E-02 -6.2492E-07 -1.3661E-05
  2.9297E-02  1.8821E-02 -6.4258E-07 -1.4047E-05
  2.9502E-02  1.9255E-02 -6.6074E-07 -1.4444E-05
  2.9708E-02  1.9699E-02 -6.7940E-07 -1.4852E-05
  2.9916E-02  2.0153E-02 -6.9860E-07 -1.5272E-05
  3.0125E-02  2.0616E-02 -7.1834E-07 -1.5703E-05
  3.0335E-02  2.1090E-02 -7.3863E-07 -1.6147E-05
  3.0548E-02  2.1573E-02 -7.5950E-07 -1.6603E-05
  3.0761E-02  2.2067E-02 -7.8096E-07 -1.7072E-05
  3.0976E-02  2.2572E-02 -8.0302E-07 -1.7555E-05
  3.1193E-02  2.3088E-02 -8.2570E-07 -1.8051E-05
  3.1411E-02  2.3615E-02 -8.4903E-07 -1.8561E-05
  3.1630E-02  2.4153E-02 -8.7301E-07 -1.9085E-05
  3.1852E-02  2.4703E-02 -8.9767E-07 -1.9625E-05
  3.2074E-02  2.5265E-02 -9.2303E-07 -2.0179E-05
  3.2299E-02  2.5838E-02 -9.4910E-07 -2.0749E-05
  3.2524E-02  2.6424E-02 -9.7591E-07 -2.1335E-05
  3.2752E-02  2.7022E-02 -1.0035E-06 -2.1938E-05
  3.2981E-02  2.7633E-02 -1.0318E-06 -2.2558E-05
  3.3211E-02  2.8257E-02 -1.0610E-06 -2.3195E-05
  3.3443E-02  2.8895E-02 -1.0909E-06 -2.3851E-05
  3.3677E-02  2.9545E-02 -1.1217E-06 -2.4525E-05
  3.3913E-02  3.0210E-02 -1.1534E-06 -2.5217E-05
  3.4150E-02  3.0888E-02 -1.1860E-06 -2.5930E-05
  3.4388E-02  3.1581E-02 -1.2195E-06 -2.6662E-05
  3.4629E-02  3.2288E-02 -1.2539E-06 -2.7415E-05
  3.4871E-02  3.3010E-02 -1.2893E-06 -2.8190E-05
  3.5114E-02  3.3748E-02 -1.3257E-06 -2.8986E-05
  3.5360E-02  3.4500E-02 -1.3632E-06 -2.9805E-05
  3.5607E-02  3.5268E-02 -1.4017E-06 -3.0647E-05
  3.5856E-02  3.6052E-02 -1.4413E-06 -3.1513E-05
  3.6106E-02  3.6853E-02 -1.4819E-06 -3.2403E-05
  3.6359E-02  3.7670E-02 -1.5238E-06 -3.3318E-05
  3.6613E-02  3.8504E-02 -1.5668E-06 -3.4259E-05
  3.6869E-02  3.9355E-02 -1.6111E-06 -3.5227E-05
  3.7126E-02  4.0223E-02 -1.6565E-06 -3.6222E-05
  3.7386E-02  4.1109E-02 -1.7033E-06 -3.7245E-05
  3.7647E-02  4.2013E-02 -1.7514E-06 -3.8297E-05
  3.7910E-02  4.2936E-02 -1.8008E-06 -3.9378E-05
  3.8175E-02  4.3878E-02 -1.8517E-06 -4.0490E-05
  3.8442E-02  4.4839E-02 -1.9040E-06 -4.1634E-05
  3.8711E-02  4.5819E-02 -1.9577E-06 -4.2810E-05
  3.8981E-02  4.6819E-02 -2.0130E-06 -4.4019E-05
  3.9254E-02  4.7839E-02 -2.0698E-06 -4.5262E-05
  3.9528E-02  4.8879E-02 -2.1282E-06 -4.6540E-05
  3.9804E-02  4.9941E-02 -2.1883E-06 -4.7855E-05
  4.0082E-02  5.1024E-02 -2.2501E-06 -4.9206E-05
  4.0362E-02  5.2128E-02 -2.3136E-06 -5.0595E-05
  4.0644E-02  5.3254E-02 -2.3789E-06 -5.2024E-05
  4.0928E-02  5.4403E-02 -2.4460E-06 -5.3493E-05
  4.1214E-02  5.5575E-02 -2.5151E-06 -5.5004E-05
  4.1502E-02  5.6769E-02 -2.5861E-06 -5.6557E-05
  4.1792E-02  5.7988E-02 -2.6591E-06 -5.8154E-05
  4.2084E-02  5.9230E-02 -2.7341E-06 -5.9796E-05
  4.2378E-02  6.0496E-02 -2.8113E-06 -6.1484E-05
  4.2674E-02  6.1787E-02 -2.8906E-06 -6.3221E-05
  4.2973E-02  6.3104E-02 -2.9722E-06 -6.5006E-05
  4.3273E-02  6.4446E-02 -3.0561E-06 -6.6841E-05
  4.3575E-02  6.5814E-02 -3.1423E-06 -6.8728E-05
  4.3880E-02  6.7209E-02 -3.2310E-06 -7.0669E-05
  4.4186E-02  6.8630E-02 -3.3221E-06 -7.2664E-05
  4.4495E-02  7.0079E-02 -3.4159E-06 -7.4715E-05
  4.4806E-02  7.1555E-02 -3.5123E-06 -7.6825E-05
  4.5119E-02  7.3060E-02 -3.6114E-06 -7.8994E-05
  4.5434E-02  7.4594E-02 -3.7133E-06 -8.1224E-05
  4.5751E-02  7.6156E-02 -3.8181E-06 -8.3517E-05
  4.6071E-02  7.7749E-02 -3.9258E-06 -8.5875E-05
  4.6393E-02  7.9371E-02 -4.0365E-06 -8.8299E-05
  4.6717E-02  8.1024E-02 -4.1504E-06 -9.0792E-05
  4.7043E-02  8.2708E-02 -4.2675E-06 -9.3355E-05
  4.7372E-02  8.4423E-02 -4.3879E-06 -9.5990E-05
  4.7703E-02  8.6171E-02 -4.5117E-06 -9.8700E-05
  4.8036E-02  8.7951E-02 -4.6390E-06 -1.0149E-04
  4.8372E-02  8.9764E-02 -4.7699E-06 -1.0435E-04
  4.8710E-02  9.1611E-02 -4.9044E-06 -1.0730E-04
  4.9050E-02  9.3491E-02 -5.0428E-06 -1.1032E-04
  4.9393E-02  9.5406E-02 -5.1850E-06 -1.1344E-04
  4.9738E-02  9.7357E-02 -5.3313E-06 -1.1664E-04
  5.0085E-02  9.9342E-02 -5.4816E-06 -1.1993E-04
  5.0435E-02  1.0136E-01 -5.6363E-06 -1.2332E-04
  5.0787E-02  1.0342E-01 -5.7952E-06 -1.2680E-04
  5.1142E-02  1.0552E-01 -5.9587E-06 -1.3038E-04
  5.1499E-02  1.0765E-01 -6.1267E-06 -1.3406E-04
  5.1859E-02  1.0982E-01 -6.2995E-06 -1.3784E-04
  5.2221E-02  1.1203E-01 -6.4772E-06 -1.4173E-04
  5.2586E-02  1.1428E-01 -6.6599E-06 -1.4573E-04
  5.2953E-02  1.1657E-01 -6.8477E-06 -1.4984E-04
  5.3323E-02  1.1890E-01 -7.0408E-06 -1.5407E-04
  5.3695E-02  1.2127E-01 -7.2393E-06 -1.5842E-04
  5.4070E-02  1.2369E-01 -7.4435E-06 -1.6289E-04
  5.4448E-02  1.2614E-01 -7.6534E-06 -1.6749E-04
  5.4828E-02  1.2864E-01 -7.8692E-06 -1.7222E-04
  5.5211E-02  1.3118E-01 -8.0911E-06 -1.7708E-04
  5.5597E-02  1.3377E-01 -8.3192E-06 -1.8207E-04
  5.5985E-02  1.3640E-01 -8.5538E-06 -1.8721E-04
  5.6376E-02  1.3907E-01 -8.7949E-06 -1.9249E-04
  5.6770E-02  1.4179E-01 -9.0429E-06 -1.9792E-04
  5.7166E-02  1.4456E-01 -9.2978E-06 -2.0351E-04
  5.7566E-02  1.4737E-01 -9.5600E-06 -2.0925E-04
  5.7968E-02  1.5023E-01 -9.8295E-06 -2.1516E-04
  5.8372E-02  1.5314E-01 -1.0107E-05 -2.2123E-04
  5.8780E-02  1.5609E-01 -1.0391E-05 -2.2747E-04
  5.9191E-02  1.5910E-01 -1.0684E-05 -2.3389E-04
  5.9604E-02  1.6216E-01 -1.0986E-05 -2.4049E-04
  6.0020E-02  1.6526E-01 -1.1295E-05 -2.4727E-04
  6.0439E-02  1.6842E-01 -1.1614E-05 -2.5425E-04
  6.0861E-02  1.7163E-01 -1.1941E-05 -2.6142E-04
  6.1286E-02  1.7489E-01 -1.2277E-05 -2.6880E-04
  6.1714E-02  1.7820E-01 -1.2624E-05 -2.7638E-04
  6.2145E-02  1.8157E-01 -1.2979E-05 -2.8418E-04
  6.2579E-02  1.8499E-01 -1.3345E-05 -2.9220E-04
  6.3016E-02  1.8847E-01 -1.3721E-05 -3.0044E-04
  6.3456E-02  1.9200E-01 -1.4108E-05 -3.0892E-04
  6.3899E-02  1.9559E-01 -1.4505E-05 -3.1763E-04
  6.4346E-02  1.9923E-01 -1.4914E-05 -3.2659E-04
  6.4795E-02  2.0293E-01 -1.5334E-05 -3.3580E-04
  6.5247E-02  2.0669E-01 -1.5766E-05 -3.4528E-04
  6.5703E-02  2.1050E-01 -1.6211E-05 -3.5502E-04
  6.6162E-02  2.1438E-01 -1.6667E-05 -3.6503E-04
  6.6624E-02  2.1831E-01 -1.7137E-05 -3.7533E-04
  6.7089E-02  2.2230E-01 -1.7620E-05 -3.8591E-04
  6.7557E-02  2.2636E-01 -1.8116E-05 -3.9680E-04
  6.8029E-02  2.3047E-01 -1.8627E-05 -4.0799E-04
  6.8504E-02  2.3465E-01 -1.9151E-05 -4.1950E-04
  6.8982E-02  2.3889E-01 -1.9691E-05 -4.3133E-04
  6.9464E-02  2.4319E-01 -2.0246E-05 -4.4350E-04
  6.9949E-02  2.4755E-01 -2.0816E-05 -4.5601E-04
  7.0438E-02  2.5198E-01 -2.1402E-05 -4.6887E-04
  7.0929E-02  2.5647E-01 -2.2005E-05 -4.8209E-04
  7.1425E-02  2.6103E-01 -2.2625E-05 -4.9569E-04
  7.1923E-02  2.6565E-01 -2.3262E-05 -5.0967E-04
  7.2425E-02  2.7034E-01 -2.3917E-05 -5.2404E-04
  7.2931E-02  2.7510E-01 -2.4591E-05 -5.3882E-04
  7.3440E-02  2.7992E-01 -2.5283E-05 -5.5402E-04
  7.3953E-02  2.8481E-01 -2.5995E-05 -5.6964E-04
  7.4469E-02  2.8977E-01 -2.6727E-05 -5.8570E-04
  7.4989E-02  2.9479E-01 -2.7480E-05 -6.0222E-04
  7.5513E-02  2.9989E-01 -2.8253E-05 -6.1920E-04
  7.6040E-02  3.0505E-01 -2.9049E-05 -6.3666E-04
  7.6571E-02  3.1029E-01 -2.9867E-05 -6.5461E-04
  7.7106E-02  3.1559E-01 -3.0708E-05 -6.7307E-04
  7.7644E-02  3.2096E-01 -3.1572E-05 -6.9205E-04
  7.8186E-02  3.2641E-01 -3.2461E-05 -7.1157E-04
  7.8732E-02  3.3193E-01 -3.3375E-05 -7.3163E-04
  7.9281E-02  3.3751E-01 -3.4314E-05 -7.5226E-04
  7.9835E-02  3.4318E-01 -3.5280E-05 -7.7347E-04
  8.0392E-02  3.4891E-01 -3.6273E-05 -7.9528E-04
  8.0953E-02  3.5471E-01 -3.7294E-05 -8.1770E-04
  8.1519E-02  3.6059E-01 -3.8344E-05 -8.4075E-04
  8.2088E-02  3.6654E-01 -3.9423E-05 -8.6445E-04
  8.2661E-02  3.7257E-01 -4.0532E-05 -8.8882E-04
  8.3238E-02  3.7867E-01 -4.1673E-05 -9.1388E-04
  8.3819E-02  3.8484E-01 -4.2845E-05 -9.3965E-04
  8.4404E-02  3.9109E-01 -4.4051E-05 -9.6613E-04
  8.4993E-02  3.9741E-01 -4.5290E-05 -9.9337E-04
  8.5587E-02  4.0381E-01 -4.6565E-05 -1.0214E-03
  8.6184E-02  4.1028E-01 -4.7875E-05 -1.0502E-03
  8.6786E-02  4.1683E-01 -4.9221E-05 -1.0798E-03
  8.7392E-02  4.2345E-01 -5.0606E-05 -1.1102E-03
  8.8002E-02  4.3014E-01 -5.2030E-05 -1.1415E-03
  8.8616E-02  4.3691E-01 -5.3493E-05 -1.1737E-03
  8.9234E-02  4.4376E-01 -5.4998E-05 -1.2067E-03
  8.9857E-02  4.5068E-01 -5.6545E-05 -1.2408E-03
  9.0485E-02  4.5768E-01 -5.8135E-05 -1.2757E-03
  9.1116E-02  4.6475E-01 -5.9770E-05 -1.3117E-03
  9.1752E-02  4.7190E-01 -6.1451E-05 -1.3487E-03
  9.2393E-02  4.7912E-01 -6.3179E-05 -1.3867E-03
  9.3038E-02  4.8642E-01 -6.4955E-05 -1.4257E-03
  9.3687E-02  4.9379E-01 -6.6781E-05 -1.4659E-03
  9.4341E-02  5.0124E-01 -6.8659E-05 -1.5072E-03
  9.5000E-02  5.0876E-01 -7.0589E-05 -1.5497E-03
  9.5663E-02  5.1635E-01 -7.2574E-05 -1.5934E-03
  9.6331E-02  5.2402E-01 -7.4614E-05 -1.6383E-03
  9.7003E-02  5.3176E-01 -7.6711E-05 -1.6844E-03
  9.7680E-02  5.3957E-01 -7.8867E-05 -1.7319E-03
  9.8362E-02  5.4746E-01 -8.1084E-05 -1.7807E-03
  9.9048E-02  5.5542E-01 -8.3363E-05 -1.8309E-03
  9.9740E-02  5.6345E-01 -8.5705E-05 -1.8824E-03
  1.0044E-01  5.7155E-01 -8.8114E-05 -1.9355E-03
  1.0114E-01  5.7972E-01 -9.0589E-05 -1.9900E-03
  1.0184E-01  5.8796E-01 -9.3135E-05 -2.0461E-03
  1.0255E-01  5.9627E-01 -9.5751E-05 -2.1037E-03
  1.0327E-01  6.0465E-01 -9.8441E-05 -2.1630E-03
  1.0399E-01  6.1310E-01 -1.0121E-04 -2.2239E-03
  1.0472E-01  6.2162E-01 -1.0405E-04 -2.2866E-03
  1.0545E-01  6.3020E-01 -1.0697E-04 -2.3510E-03
  1.0618E-01  6.3885E-01 -1.0998E-04 -2.4172E-03
  1.0692E-01  6.4756E-01 -1.1307E-04 -2.4853E-03
  1.0767E-01  6.5634E-01 -1.1624E-04 -2.5553E-03
  1.0842E-01  6.6518E-01 -1.1950E-04 -2.6272E-03
  1.0918E-01  6.7408E-01 -1.2286E-04 -2.7012E-03
  1.0994E-01  6.8304E-01 -1.2631E-04 -2.7773E-03
  1.1071E-01  6.9206E-01 -1.2986E-04 -2.8555E-03
  1.1148E-01  7.0114E-01 -1.3350E-04 -2.9359E-03
  1.1226E-01  7.1028E-01 -1.3725E-04 -3.0186E-03
  1.1304E-01  7.1948E-01 -1.4110E-04 -3.1036E-03
  1.1383E-01  7.2873E-01 -1.4506E-04 -3.1910E-03
  1.1463E-01  7.3803E-01 -1.4913E-04 -3.2809E-03
  1.1543E-01  7.4739E-01 -1.5332E-04 -3.3733E-03
  1.1623E-01  7.5679E-01 -1.5762E-04 -3.4682E-03
  1.1704E-01  7.6625E-01 -1.6204E-04 -3.5659E-03
  1.1786E-01  7.7575E-01 -1.6659E-04 -3.6663E-03
  1.1868E-01  7.8530E-01 -1.7126E-04 -3.7695E-03
  1.1951E-01  7.9489E-01 -1.7606E-04 -3.8756E-03
  1.2034E-01  8.0453E-01 -1.8100E-04 -3.9847E-03
  1.2118E-01  8.1421E-01 -1.8608E-04 -4.0969E-03
  1.2203E-01  8.2392E-01 -1.9130E-04 -4.2122E-03
  1.2288E-01  8.3368E-01 -1.9666E-04 -4.3308E-03
  1.2374E-01  8.4347E-01 -2.0217E-04 -4.4527E-03
  1.2460E-01  8.5329E-01 -2.0784E-04 -4.5780E-03
  1.2547E-01  8.6314E-01 -2.1367E-04 -4.7068E-03
  1.2635E-01  8.7303E-01 -2.1966E-04 -4.8393E-03
  1.2723E-01  8.8294E-01 -2.2581E-04 -4.9755E-03
  1.2812E-01  8.9287E-01 -2.3214E-04 -5.1155E-03
  1.2901E-01  9.0283E-01 -2.3865E-04 -5.2594E-03
  1.2991E-01  9.1280E-01 -2.4533E-04 -5.4074E-03
  1.3082E-01  9.2280E-01 -2.5221E-04 -5.5596E-03
  1.3173E-01  9.3281E-01 -2.5927E-04 -5.7160E-03
  1.3265E-01  9.4283E-01 -2.6654E-04 -5.8768E-03
  1.3358E-01  9.5287E-01 -2.7400E-04 -6.0421E-03
  1.3451E-01  9.6291E-01 -2.8168E-04 -6.2121E-03
  1.3545E-01  9.7296E-01 -2.8956E-04 -6.3869E-03
  1.3639E-01  9.8300E-01 -2.9767E-04 -6.5665E-03
  1.3734E-01  9.9305E-01 -3.0600E-04 -6.7512E-03
  1.3830E-01  1.0031E+00 -3.1457E-04 -6.9411E-03
  1.3927E-01  1.0131E+00 -3.2337E-04 -7.1363E-03
  1.4024E-01  1.0232E+00 -3.3243E-04 -7.3370E-03
  1.4122E-01  1.0332E+00 -3.4173E-04 -7.5433E-03
  1.4220E-01  1.0432E+00 -3.5129E-04 -7.7554E-03
  1.4320E-01  1.0532E+00 -3.6112E-04 -7.9735E-03
  1.4420E-01  1.0631E+00 -3.7122E-04 -8.1977E-03
  1.4520E-01  1.0731E+00 -3.8160E-04 -8.4282E-03
  1.4622E-01  1.0830E+00 -3.9227E-04 -8.6651E-03
  1.4724E-01  1.0928E+00 -4.0324E-04 -8.9087E-03
  1.4826E-01  1.1027E+00 -4.1452E-04 -9.1592E-03
  1.4930E-01  1.1125E+00 -4.2611E-04 -9.4166E-03
  1.5034E-01  1.1222E+00 -4.3802E-04 -9.6813E-03
  1.5139E-01  1.1319E+00 -4.5026E-04 -9.9534E-03
  1.5245E-01  1.1416E+00 -4.6284E-04 -1.0233E-02
  1.5351E-01  1.1512E+00 -4.7578E-04 -1.0521E-02
  1.5458E-01  1.1608E+00 -4.8907E-04 -1.0816E-02
  1.5566E-01  1.1703E+00 -5.0273E-04 -1.1120E-02
  1.5675E-01  1.1797E+00 -5.1677E-04 -1.1433E-02
  1.5784E-01  1.1890E+00 -5.3120E-04 -1.1754E-02
  1.5894E-01  1.1983E+00 -5.4604E-04 -1.2084E-02
  1.6005E-01  1.2075E+00 -5.6128E-04 -1.2423E-02
  1.6117E-01  1.2167E+00 -5.7695E-04 -1.2772E-02
  1.6229E-01  1.2257E+00 -5.9305E-04 -1.3131E-02
  1.6342E-01  1.2347E+00 -6.0960E-04 -1.3500E-02
  1.6456E-01  1.2435E+00 -6.2661E-04 -1.3879E-02
  1.6571E-01  1.2523E+00 -6.4409E-04 -1.4269E-02
  1.6687E-01  1.2609E+00 -6.6205E-04 -1.4669E-02
  1.6803E-01  1.2695E+00 -6.8052E-04 -1.5081E-02
  1.6921E-01  1.2779E+00 -6.9949E-04 -1.5504E-02
  1.7039E-01  1.2862E+00 -7.1899E-04 -1.5940E-02
  1.7158E-01  1.2945E+00 -7.3903E-04 -1.6387E-02
  1.7277E-01  1.3025E+00 -7.5963E-04 -1.6847E-02
  1.7398E-01  1.3105E+00 -7.8080E-04 -1.7320E-02
  1.7519E-01  1.3183E+00 -8.0255E-04 -1.7806E-02
  1.7641E-01  1.3260E+00 -8.2491E-04 -1.8305E-02
  1.7765E-01  1.3335E+00 -8.4788E-04 -1.8819E-02
  1.7888E-01  1.3409E+00 -8.7149E-04 -1.9347E-02
  1.8013E-01  1.3482E+00 -8.9575E-04 -1.9889E-02
  1.8139E-01  1.3552E+00 -9.2068E-04 -2.0447E-02
  1.8266E-01  1.3622E+00 -9.4630E-04 -2.1021E-02
  1.8393E-01  1.3689E+00 -9.7263E-04 -2.1610E-02
  1.8521E-01  1.3755E+00 -9.9969E-04 -2.2216E-02
  1.8651E-01  1.3819E+00 -1.0275E-03 -2.2839E-02
  1.8781E-01  1.3882E+00 -1.0561E-03 -2.3479E-02
  1.8912E-01  1.3942E+00 -1.0854E-03 -2.4137E-02
  1.9044E-01  1.4001E+00 -1.1156E-03 -2.4813E-02
  1.9177E-01  1.4057E+00 -1.1466E-03 -2.5509E-02
  1.9310E-01  1.4112E+00 -1.1785E-03 -2.6223E-02
  1.9445E-01  1.4164E+00 -1.2112E-03 -2.6958E-02
  1.9581E-01  1.4215E+00 -1.2448E-03 -2.7713E-02
  1.9717E-01  1.4263E+00 -1.2794E-03 -2.8489E-02
  1.9855E-01  1.4309E+00 -1.3149E-03 -2.9287E-02
  1.9994E-01  1.4353E+00 -1.3514E-03 -3.0107E-02
  2.0133E-01  1.4395E+00 -1.3889E-03 -3.0950E-02
  2.0274E-01  1.4434E+00 -1.4274E-03 -3.1817E-02
  2.0415E-01  1.4471E+00 -1.4670E-03 -3.2707E-02
  2.0557E-01  1.4505E+00 -1.5077E-03 -3.3622E-02
  2.0701E-01  1.4537E+00 -1.5495E-03 -3.4563E-02
  2.0845E-01  1.4567E+00 -1.5924E-03 -3.5530E-02
  2.0991E-01  1.4593E+00 -1.6365E-03 -3.6524E-02
  2.1137E-01  1.4618E+00 -1.6819E-03 -3.7546E-02
  2.1285E-01  1.4639E+00 -1.7285E-03 -3.8596E-02
  2.1433E-01  1.4658E+00 -1.7763E-03 -3.9675E-02
  2.1583E-01  1.4674E+00 -1.8255E-03 -4.0784E-02
  2.1733E-01  1.4687E+00 -1.8760E-03 -4.1924E-02
  2.1885E-01  1.4697E+00 -1.9279E-03 -4.3095E-02
  2.2038E-01  1.4705E+00 -1.9812E-03 -4.4299E-02
  2.2191E-01  1.4709E+00 -2.0360E-03 -4.5537E-02
  2.2346E-01  1.4711E+00 -2.0922E-03 -4.6809E-02
  2.2502E-01  1.4709E+00 -2.1501E-03 -4.8116E-02
  2.2659E-01  1.4704E+00 -2.2094E-03 -4.9460E-02
  2.2817E-01  1.4696E+00 -2.2705E-03 -5.0840E-02
  2.2976E-01  1.4685E+00 -2.3331E-03 -5.2259E-02
  2.3137E-01  1.4671E+00 -2.3975E-03 -5.3717E-02
  2.3298E-01  1.4653E+00 -2.4637E-03 -5.5216E-02
  2.3461E-01  1.4632E+00 -2.5316E-03 -5.6756E-02
  2.3624E-01  1.4608E+00 -2.6014E-03 -5.8339E-02
  2.3789E-01  1.4580E+00 -2.6731E-03 -5.9965E-02
  2.3955E-01  1.4549E+00 -2.7468E-03 -6.1637E-02
  2.4122E-01  1.4515E+00 -2.8224E-03 -6.3355E-02
  2.4291E-01  1.4477E+00 -2.9002E-03 -6.5120E-02
  2.4460E-01  1.4435E+00 -2.9800E-03 -6.6934E-02
  2.4631E-01  1.4390E+00 -3.0620E-03 -6.8798E-02
  2.4803E-01  1.4341E+00 -3.1462E-03 -7.0713E-02
  2.4976E-01  1.4288E+00 -3.2327E-03 -7.2682E-02
  2.5150E-01  1.4232E+00 -3.3216E-03 -7.4704E-02
  2.5325E-01  1.4172E+00 -3.4128E-03 -7.6783E-02
  2.5502E-01  1.4108E+00 -3.5066E-03 -7.8918E-02
  2.5680E-01  1.4041E+00 -3.6029E-03 -8.1113E-02
  2.5859E-01  1.3970E+00 -3.7017E-03 -8.3367E-02
  2.6040E-01  1.3895E+00 -3.8033E-03 -8.5684E-02
  2.6221E-01  1.3816E+00 -3.9076E-03 -8.8065E-02
  2.6404E-01  1.3733E+00 -4.0147E-03 -9.0511E-02
  2.6588E-01  1.3646E+00 -4.1247E-03 -9.3024E-02
  2.6774E-01  1.3555E+00 -4.2377E-03 -9.5606E-02
  2.6961E-01  1.3460E+00 -4.3537E-03 -9.8259E-02
  2.7149E-01  1.3362E+00 -4.4729E-03 -1.0098E-01
  2.7338E-01  1.3259E+00 -4.5952E-03 -1.0378E-01
  2.7529E-01  1.3152E+00 -4.7209E-03 -1.0666E-01
  2.7721E-01  1.3042E+00 -4.8499E-03 -1.0962E-01
  2.7914E-01  1.2927E+00 -4.9824E-03 -1.1265E-01
  2.8109E-01  1.2808E+00 -5.1184E-03 -1.1577E-01
  2.8305E-01  1.2685E+00 -5.2581E-03 -1.1898E-01
  2.8503E-01  1.2558E+00 -5.4016E-03 -1.2227E-01
  2.8702E-01  1.2427E+00 -5.5489E-03 -1.2565E-01
  2.8902E-01  1.2292E+00 -5.7001E-03 -1.2913E-01
  2.9104E-01  1.2152E+00 -5.8553E-03 -1.3270E-01
  2.9307E-01  1.2009E+00 -6.0148E-03 -1.3636E-01
  2.9511E-01  1.1861E+00 -6.1784E-03 -1.4013E-01
  2.9717E-01  1.1709E+00 -6.3465E-03 -1.4400E-01
  2.9924E-01  1.1554E+00 -6.5190E-03 -1.4797E-01
  3.0133E-01  1.1394E+00 -6.6961E-03 -1.5205E-01
  3.0343E-01  1.1230E+00 -6.8780E-03 -1.5624E-01
  3.0555E-01  1.1061E+00 -7.0646E-03 -1.6055E-01
  3.0768E-01  1.0889E+00 -7.2563E-03 -1.6497E-01
  3.0983E-01  1.0713E+00 -7.4530E-03 -1.6951E-01
  3.1199E-01  1.0532E+00 -7.6549E-03 -1.7417E-01
  3.1417E-01  1.0347E+00 -7.8622E-03 -1.7896E-01
  3.1636E-01  1.0159E+00 -8.0750E-03 -1.8388E-01
  3.1856E-01  9.9659E-01 -8.2934E-03 -1.8893E-01
  3.2079E-01  9.7691E-01 -8.5175E-03 -1.9412E-01
  3.2302E-01  9.5683E-01 -8.7476E-03 -1.9945E-01
  3.2528E-01  9.3634E-01 -8.9838E-03 -2.0492E-01
  3.2755E-01  9.1546E-01 -9.2262E-03 -2.1054E-01
  3.2983E-01  8.9418E-01 -9.4749E-03 -2.1630E-01
  3.3213E-01  8.7250E-01 -9.7302E-03 -2.2222E-01
  3.3445E-01  8.5043E-01 -9.9922E-03 -2.2830E-01
  3.3678E-01  8.2797E-01 -1.0261E-02 -2.3455E-01
  3.3913E-01  8.0513E-01 -1.0537E-02 -2.4096E-01
  3.4150E-01  7.8190E-01 -1.0820E-02 -2.4754E-01
  3.4388E-01  7.5829E-01 -1.1111E-02 -2.5429E-01
  3.4628E-01  7.3431E-01 -1.1409E-02 -2.6123E-01
  3.4870E-01  7.0995E-01 -1.1715E-02 -2.6834E-01
  3.5113E-01  6.8523E-01 -1.2029E-02 -2.7565E-01
  3.5358E-01  6.6013E-01 -1.2351E-02 -2.8315E-01
  3.5605E-01  6.3468E-01 -1.2681E-02 -2.9085E-01
  3.5853E-01  6.0887E-01 -1.3020E-02 -2.9875E-01
  3.6103E-01  5.8271E-01 -1.3368E-02 -3.0686E-01
  3.6355E-01  5.5619E-01 -1.3725E-02 -3.1519E-01
  3.6609E-01  5.2934E-01 -1.4091E-02 -3.2373E-01
  3.6864E-01  5.0215E-01 -1.4466E-02 -3.3249E-01
  3.7121E-01  4.7462E-01 -1.4851E-02 -3.4149E-01
  3.7380E-01  4.4677E-01 -1.5246E-02 -3.5072E-01
  3.7641E-01  4.1859E-01 -1.5651E-02 -3.6019E-01
  3.7903E-01  3.9010E-01 -1.6067E-02 -3.6991E-01
  3.8168E-01  3.6130E-01 -1.6493E-02 -3.7988E-01
  3.8434E-01  3.3219E-01 -1.6931E-02 -3.9011E-01
  3.8702E-01  3.0278E-01 -1.7379E-02 -4.0061E-01
  3.8972E-01  2.7309E-01 -1.7839E-02 -4.1138E-01
  3.9244E-01  2.4310E-01 -1.8310E-02 -4.2242E-01
  3.9518E-01  2.1284E-01 -1.8794E-02 -4.3375E-01
  3.9794E-01  1.8230E-01 -1.9290E-02 -4.4537E-01
  4.0071E-01  1.5150E-01 -1.9798E-02 -4.5729E-01
  4.0351E-01  1.2044E-01 -2.0319E-02 -4.6951E-01
  4.0632E-01  8.9128E-02 -2.0854E-02 -4.8205E-01
  4.0916E-01  5.7573E-02 -2.1402E-02 -4.9490E-01
  4.1201E-01  2.5781E-02 -2.1964E-02 -5.0808E-01
  4.1488E-01 -6.2383E-03 -2.2539E-02 -5.2160E-01
  4.1778E-01 -3.8478E-02 -2.3130E-02 -5.3545E-01
  4.2069E-01 -7.0931E-02 -2.3735E-02 -5.4966E-01
  4.2363E-01 -1.0359E-01 -2.4355E-02 -5.6422E-01
  4.2658E-01 -1.3644E-01 -2.4991E-02 -5.7915E-01
  4.2956E-01 -1.6948E-01 -2.5643E-02 -5.9446E-01
  4.3256E-01 -2.0270E-01 -2.6310E-02 -6.1014E-01
  4.3557E-01 -2.3609E-01 -2.6995E-02 -6.2621E-01
  4.3861E-01 -2.6965E-01 -2.7696E-02 -6.4269E-01
  4.4167E-01 -3.0335E-01 -2.8415E-02 -6.5957E-01
  4.4475E-01 -3.3720E-01 -2.9151E-02 -6.7686E-01
  4.4786E-01 -3.7119E-01 -2.9905E-02 -6.9458E-01
  4.5098E-01 -4.0530E-01 -3.0678E-02 -7.1274E-01
  4.5413E-01 -4.3952E-01 -3.1470E-02 -7.3134E-01
  4.5729E-01 -4.7385E-01 -3.2282E-02 -7.5038E-01
  4.6048E-01 -5.0828E-01 -3.3113E-02 -7.6990E-01
  4.6370E-01 -5.4280E-01 -3.3964E-02 -7.8988E-01
  4.6693E-01 -5.7739E-01 -3.4836E-02 -8.1034E-01
  4.7019E-01 -6.1206E-01 -3.5729E-02 -8.3129E-01
  4.7347E-01 -6.4677E-01 -3.6644E-02 -8.5274E-01
  4.7677E-01 -6.8154E-01 -3.7580E-02 -8.7470E-01
  4.8010E-01 -7.1635E-01 -3.8540E-02 -8.9718E-01
  4.8345E-01 -7.5118E-01 -3.9522E-02 -9.2019E-01
  4.8682E-01 -7.8603E-01 -4.0527E-02 -9.4374E-01
  4.9021E-01 -8.2089E-01 -4.1557E-02 -9.6784E-01
  4.9363E-01 -8.5574E-01 -4.2611E-02 -9.9250E-01
  4.9708E-01 -8.9058E-01 -4.3690E-02 -1.0177E+00
  5.0054E-01 -9.2540E-01 -4.4794E-02 -1.0435E+00
  5.0404E-01 -9.6018E-01 -4.5925E-02 -1.0699E+00
  5.0755E-01 -9.9492E-01 -4.7082E-02 -1.0969E+00
  5.1109E-01 -1.0296E+00 -4.8266E-02 -1.1245E+00
  5.1466E-01 -1.0642E+00 -4.9478E-02 -1.1528E+00
  5.1825E-01 -1.0987E+00 -5.0718E-02 -1.1816E+00
  5.2186E-01 -1.1332E+00 -5.1986E-02 -1.2111E+00
  5.2550E-01 -1.1675E+00 -5.3284E-02 -1.2413E+00
  5.2917E-01 -1.2018E+00 -5.4612E-02 -1.2721E+00
  5.3286E-01 -1.2359E+00 -5.5970E-02 -1.3036E+00
  5.3658E-01 -1.2699E+00 -5.7360E-02 -1.3357E+00
  5.4032E-01 -1.3037E+00 -5.8781E-02 -1.3686E+00
  5.4409E-01 -1.3374E+00 -6.0234E-02 -1.4022E+00
  5.4789E-01 -1.3709E+00 -6.1720E-02 -1.4364E+00
  5.5171E-01 -1.4043E+00 -6.3240E-02 -1.4714E+00
  5.5556E-01 -1.4374E+00 -6.4793E-02 -1.5071E+00
  5.5943E-01 -1.4704E+00 -6.6382E-02 -1.5436E+00
  5.6333E-01 -1.5031E+00 -6.8005E-02 -1.5808E+00
  5.6726E-01 -1.5356E+00 -6.9665E-02 -1.6187E+00
  5.7122E-01 -1.5679E+00 -7.1361E-02 -1.6575E+00
  5.7521E-01 -1.6000E+00 -7.3094E-02 -1.6970E+00
  5.7922E-01 -1.6318E+00 -7.4866E-02 -1.7372E+00
  5.8326E-01 -1.6633E+00 -7.6675E-02 -1.7783E+00
  5.8733E-01 -1.6946E+00 -7.8524E-02 -1.8201E+00
  5.9142E-01 -1.7256E+00 -8.0413E-02 -1.8628E+00
  5.9555E-01 -1.7562E+00 -8.2342E-02 -1.9062E+00
  5.9970E-01 -1.7866E+00 -8.4312E-02 -1.9505E+00
  6.0389E-01 -1.8167E+00 -8.6324E-02 -1.9956E+00
  6.0810E-01 -1.8464E+00 -8.8379E-02 -2.0415E+00
  6.1234E-01 -1.8758E+00 -9.0477E-02 -2.0882E+00
  6.1661E-01 -1.9048E+00 -9.2618E-02 -2.1358E+00
  6.2092E-01 -1.9335E+00 -9.4804E-02 -2.1842E+00
  6.2525E-01 -1.9618E+00 -9.7034E-02 -2.2334E+00
  6.2961E-01 -1.9897E+00 -9.9311E-02 -2.2834E+00
  6.3400E-01 -2.0173E+00 -1.0163E-01 -2.3343E+00
  6.3842E-01 -2.0444E+00 -1.0400E-01 -2.3860E+00
  6.4288E-01 -2.0711E+00 -1.0642E-01 -2.4385E+00
  6.4736E-01 -2.0974E+00 -1.0889E-01 -2.4919E+00
  6.5188E-01 -2.1233E+00 -1.1140E-01 -2.5461E+00
  6.5642E-01 -2.1488E+00 -1.1396E-01 -2.6011E+00
  6.6100E-01 -2.1738E+00 -1.1658E-01 -2.6569E+00
  6.6561E-01 -2.1984E+00 -1.1924E-01 -2.7135E+00
  6.7026E-01 -2.2225E+00 -1.2196E-01 -2.7709E+00
  6.7493E-01 -2.2461E+00 -1.2473E-01 -2.8291E+00
  6.7964E-01 -2.2692E+00 -1.2755E-01 -2.8880E+00
  6.8438E-01 -2.2919E+00 -1.3042E-01 -2.9478E+00
  6.8915E-01 -2.3140E+00 -1.3335E-01 -3.0083E+00
  6.9396E-01 -2.3357E+00 -1.3633E-01 -3.0695E+00
  6.9880E-01 -2.3569E+00 -1.3936E-01 -3.1314E+00
  7.0368E-01 -2.3775E+00 -1.4245E-01 -3.1940E+00
  7.0859E-01 -2.3976E+00 -1.4560E-01 -3.2573E+00
  7.1353E-01 -2.4172E+00 -1.4880E-01 -3.3212E+00
  7.1851E-01 -2.4362E+00 -1.5205E-01 -3.3858E+00
  7.2352E-01 -2.4547E+00 -1.5537E-01 -3.4510E+00
  7.2856E-01 -2.4727E+00 -1.5874E-01 -3.5167E+00
  7.3365E-01 -2.4901E+00 -1.6216E-01 -3.5830E+00
  7.3876E-01 -2.5069E+00 -1.6565E-01 -3.6498E+00
  7.4392E-01 -2.5231E+00 -1.6919E-01 -3.7170E+00
  7.4911E-01 -2.5388E+00 -1.7279E-01 -3.7847E+00
  7.5433E-01 -2.5539E+00 -1.7645E-01 -3.8528E+00
  7.5959E-01 -2.5685E+00 -1.8016E-01 -3.9213E+00
  7.6489E-01 -2.5824E+00 -1.8393E-01 -3.9900E+00
  7.7023E-01 -2.5957E+00 -1.8777E-01 -4.0590E+00
  7.7560E-01 -2.6085E+00 -1.9166E-01 -4.1282E+00
  7.8101E-01 -2.6206E+00 -1.9560E-01 -4.1976E+00
  7.8646E-01 -2.6321E+00 -1.9961E-01 -4.2670E+00
  7.9194E-01 -2.6431E+00 -2.0367E-01 -4.3365E+00
  7.9747E-01 -2.6534E+00 -2.0779E-01 -4.4059E+00
  8.0303E-01 -2.6631E+00 -2.1197E-01 -4.4753E+00
  8.0863E-01 -2.6722E+00 -2.1621E-01 -4.5445E+00
  8.1427E-01 -2.6806E+00 -2.2050E-01 -4.6135E+00
  8.1995E-01 -2.6884E+00 -2.2484E-01 -4.6822E+00
  8.2567E-01 -2.6956E+00 -2.2925E-01 -4.7504E+00
  8.3143E-01 -2.7022E+00 -2.3370E-01 -4.8183E+00
  8.3723E-01 -2.7082E+00 -2.3821E-01 -4.8855E+00
  8.4307E-01 -2.7135E+00 -2.4277E-01 -4.9521E+00
  8.4895E-01 -2.7182E+00 -2.4739E-01 -5.0180E+00
  8.5487E-01 -2.7222E+00 -2.5205E-01 -5.0831E+00
  8.6084E-01 -2.7256E+00 -2.5677E-01 -5.1472E+00
  8.6684E-01 -2.7284E+00 -2.6153E-01 -5.2103E+00
  8.7289E-01 -2.7305E+00 -2.6634E-01 -5.2722E+00
  8.7898E-01 -2.7320E+00 -2.7119E-01 -5.3329E+00
  8.8511E-01 -2.7328E+00 -2.7609E-01 -5.3923E+00
  8.9128E-01 -2.7330E+00 -2.8103E-01 -5.4501E+00
  8.9750E-01 -2.7326E+00 -2.8601E-01 -5.5064E+00
  9.0376E-01 -2.7315E+00 -2.9103E-01 -5.5610E+00
  9.1006E-01 -2.7298E+00 -2.9609E-01 -5.6137E+00
  9.1641E-01 -2.7275E+00 -3.0118E-01 -5.6645E+00
  9.2280E-01 -2.7245E+00 -3.0630E-01 -5.7131E+00
  9.2924E-01 -2.7209E+00 -3.1145E-01 -5.7595E+00
  9.3572E-01 -2.7166E+00 -3.1663E-01 -5.8035E+00
  9.4225E-01 -2.7117E+00 -3.2183E-01 -5.8451E+00
  9.4882E-01 -2.7062E+00 -3.2705E-01 -5.8839E+00
  9.5544E-01 -2.7000E+00 -3.3229E-01 -5.9200E+00
  9.6211E-01 -2.6932E+00 -3.3754E-01 -5.9531E+00
  9.6882E-01 -2.6858E+00 -3.4281E-01 -5.9830E+00
  9.7557E-01 -2.6778E+00 -3.4808E-01 -6.0098E+00
  9.8238E-01 -2.6691E+00 -3.5335E-01 -6.0331E+00
  9.8923E-01 -2.6598E+00 -3.5863E-01 -6.0529E+00
  9.9613E-01 -2.6499E+00 -3.6390E-01 -6.0690E+00
  1.0031E+00 -2.6394E+00 -3.6916E-01 -6.0812E+00
  1.0101E+00 -2.6282E+00 -3.7440E-01 -6.0894E+00
  1.0171E+00 -2.6165E+00 -3.7963E-01 -6.0934E+00
  1.0242E+00 -2.6041E+00 -3.8483E-01 -6.0931E+00
  1.0314E+00 -2.5912E+00 -3.9000E-01 -6.0883E+00
  1.0386E+00 -2.5776E+00 -3.9513E-01 -6.0788E+00
  1.0458E+00 -2.5634E+00 -4.0023E-01 -6.0646E+00
  1.0531E+00 -2.5487E+00 -4.0528E-01 -6.0455E+00
  1.0604E+00 -2.5333E+00 -4.1027E-01 -6.0212E+00
  1.0678E+00 -2.5173E+00 -4.1521E-01 -5.9918E+00
  1.0753E+00 -2.5008E+00 -4.2008E-01 -5.9570E+00
  1.0828E+00 -2.4837E+00 -4.2488E-01 -5.9167E+00
  1.0903E+00 -2.4660E+00 -4.2959E-01 -5.8708E+00
  1.0979E+00 -2.4477E+00 -4.3422E-01 -5.8191E+00
  1.1056E+00 -2.4289E+00 -4.3875E-01 -5.7616E+00
  1.1133E+00 -2.4095E+00 -4.4318E-01 -5.6982E+00
  1.1211E+00 -2.3895E+00 -4.4750E-01 -5.6286E+00
  1.1289E+00 -2.3690E+00 -4.5169E-01 -5.5530E+00
  1.1368E+00 -2.3479E+00 -4.5576E-01 -5.4710E+00
  1.1447E+00 -2.3263E+00 -4.5968E-01 -5.3828E+00
  1.1527E+00 -2.3042E+00 -4.6346E-01 -5.2882E+00
  1.1607E+00 -2.2814E+00 -4.6709E-01 -5.1871E+00
  1.1688E+00 -2.2582E+00 -4.7054E-01 -5.0796E+00
  1.1770E+00 -2.2344E+00 -4.7382E-01 -4.9655E+00
  1.1852E+00 -2.2101E+00 -4.7690E-01 -4.8450E+00
  1.1935E+00 -2.1853E+00 -4.7979E-01 -4.7179E+00
  1.2018E+00 -2.1599E+00 -4.8247E-01 -4.5843E+00
  1.2102E+00 -2.1341E+00 -4.8493E-01 -4.4443E+00
  1.2186E+00 -2.1077E+00 -4.8716E-01 -4.2978E+00
  1.2271E+00 -2.0808E+00 -4.8914E-01 -4.1450E+00
  1.2357E+00 -2.0534E+00 -4.9086E-01 -3.9859E+00
  1.2443E+00 -2.0256E+00 -4.9231E-01 -3.8206E+00
  1.2530E+00 -1.9972E+00 -4.9349E-01 -3.6493E+00
  1.2617E+00 -1.9684E+00 -4.9437E-01 -3.4720E+00
  1.2705E+00 -1.9391E+00 -4.9494E-01 -3.2890E+00
  1.2794E+00 -1.9093E+00 -4.9519E-01 -3.1004E+00
  1.2883E+00 -1.8790E+00 -4.9511E-01 -2.9064E+00
  1.2973E+00 -1.8483E+00 -4.9468E-01 -2.7073E+00
  1.3063E+00 -1.8171E+00 -4.9388E-01 -2.5033E+00
  1.3154E+00 -1.7855E+00 -4.9272E-01 -2.2947E+00
  1.3246E+00 -1.7534E+00 -4.9116E-01 -2.0817E+00
  1.3338E+00 -1.7209E+00 -4.8920E-01 -1.8647E+00
  1.3432E+00 -1.6879E+00 -4.8682E-01 -1.6440E+00
  1.3525E+00 -1.6546E+00 -4.8400E-01 -1.4200E+00
  1.3620E+00 -1.6208E+00 -4.8074E-01 -1.1931E+00
  1.3715E+00 -1.5865E+00 -4.7702E-01 -9.6363E-01
  1.3810E+00 -1.5519E+00 -4.7282E-01 -7.3209E-01
  1.3907E+00 -1.5169E+00 -4.6812E-01 -4.9892E-01
  1.4004E+00 -1.4814E+00 -4.6292E-01 -2.6460E-01
  1.4101E+00 -1.4456E+00 -4.5720E-01 -2.9625E-02
  1.4200E+00 -1.4094E+00 -4.5094E-01  2.0548E-01
  1.4299E+00 -1.3728E+00 -4.4413E-01  4.4018E-01
  1.4398E+00 -1.3358E+00 -4.3675E-01  6.7390E-01
  1.4499E+00 -1.2985E+00 -4.2880E-01  9.0607E-01
  1.4600E+00 -1.2608E+00 -4.2024E-01  1.1361E+00
  1.4702E+00 -1.2228E+00 -4.1108E-01  1.3634E+00
  1.4804E+00 -1.1844E+00 -4.0130E-01  1.5873E+00
  1.4908E+00 -1.1457E+00 -3.9088E-01  1.8071E+00
  1.5012E+00 -1.1066E+00 -3.7981E-01  2.0223E+00
  1.5116E+00 -1.0672E+00 -3.6808E-01  2.2322E+00
  1.5222E+00 -1.0275E+00 -3.5567E-01  2.4361E+00
  1.5328E+00 -9.8754E-01 -3.4257E-01  2.6333E+00
  1.5435E+00 -9.4723E-01 -3.2878E-01  2.8232E+00
  1.5542E+00 -9.0664E-01 -3.1428E-01  3.0051E+00
  1.5651E+00 -8.6575E-01 -2.9905E-01  3.1783E+00
  1.5760E+00 -8.2460E-01 -2.8310E-01  3.3422E+00
  1.5870E+00 -7.8317E-01 -2.6640E-01  3.4961E+00
  1.5981E+00 -7.4149E-01 -2.4896E-01  3.6394E+00
  1.6092E+00 -6.9955E-01 -2.3076E-01  3.7715E+00
  1.6204E+00 -6.5738E-01 -2.1180E-01  3.8918E+00
  1.6317E+00 -6.1497E-01 -1.9207E-01  3.9997E+00
  1.6431E+00 -5.7233E-01 -1.7156E-01  4.0946E+00
  1.6546E+00 -5.2949E-01 -1.5028E-01  4.1761E+00
  1.6661E+00 -4.8644E-01 -1.2821E-01  4.2436E+00
  1.6777E+00 -4.4319E-01 -1.0536E-01  4.2967E+00
  1.6894E+00 -3.9976E-01 -8.1727E-02  4.3351E+00
  1.7012E+00 -3.5616E-01 -5.7307E-02  4.3583E+00
  1.7131E+00 -3.1239E-01 -3.2102E-02  4.3661E+00
  1.7250E+00 -2.6847E-01 -6.1163E-03  4.3582E+00
  1.7371E+00 -2.2441E-01  2.0647E-02  4.3345E+00
  1.7492E+00 -1.8021E-01  4.8182E-02  4.2949E+00
  1.7614E+00 -1.3590E-01  7.6482E-02  4.2393E+00
  1.7737E+00 -9.1475E-02  1.0554E-01  4.1678E+00
  1.7861E+00 -4.6956E-02  1.3534E-01  4.0805E+00
  1.7985E+00 -2.3531E-03  1.6588E-01  3.9776E+00
  1.8111E+00  4.2322E-02  1.9715E-01  3.8595E+00
  1.8237E+00  8.7056E-02  2.2912E-01  3.7264E+00
  1.8364E+00  1.3184E-01  2.6179E-01  3.5789E+00
  1.8492E+00  1.7665E-01  2.9513E-01  3.4177E+00
  1.8621E+00  2.2148E-01  3.2913E-01  3.2433E+00
  1.8751E+00  2.6632E-01  3.6377E-01  3.0567E+00
  1.8882E+00  3.1115E-01  3.9901E-01  2.8588E+00
  1.9014E+00  3.5596E-01  4.3485E-01  2.6505E+00
  1.9146E+00  4.0073E-01  4.7125E-01  2.4332E+00
  1.9280E+00  4.4545E-01  5.0818E-01  2.2080E+00
  1.9414E+00  4.9010E-01  5.4562E-01  1.9764E+00
  1.9550E+00  5.3466E-01  5.8353E-01  1.7399E+00
  1.9686E+00  5.7913E-01  6.2188E-01  1.5002E+00
  1.9823E+00  6.2347E-01  6.6064E-01  1.2590E+00
  1.9962E+00  6.6769E-01  6.9976E-01  1.0182E+00
  2.0101E+00  7.1175E-01  7.3923E-01  7.7979E-01
  2.0241E+00  7.5565E-01  7.7898E-01  5.4594E-01
  2.0382E+00  7.9936E-01  8.1899E-01  3.1882E-01
  2.0524E+00  8.4286E-01  8.5921E-01  1.0073E-01
  2.0667E+00  8.8614E-01  8.9961E-01 -1.0597E-01
  2.0812E+00  9.2918E-01  9.4012E-01 -2.9884E-01
  2.0957E+00  9.7196E-01  9.8072E-01 -4.7539E-01
  2.1103E+00  1.0144E+00  1.0214E+00 -6.3313E-01
  2.1250E+00  1.0566E+00  1.0620E+00 -7.6955E-01
  2.1398E+00  1.0985E+00  1.1025E+00 -8.8217E-01
  2.1548E+00  1.1400E+00  1.1430E+00 -9.6858E-01
  2.1698E+00  1.1812E+00  1.1833E+00 -1.0264E+00
  2.1849E+00  1.2219E+00  1.2234E+00 -1.0536E+00
  2.2002E+00  1.2623E+00  1.2632E+00 -1.0481E+00
  2.2155E+00  1.3022E+00  1.3028E+00 -1.0081E+00
  2.2310E+00  1.3417E+00  1.3420E+00 -9.3237E-01
  2.2465E+00  1.3806E+00  1.3808E+00 -8.1974E-01
  2.2622E+00  1.4191E+00  1.4192E+00 -6.6972E-01
  2.2780E+00  1.4570E+00  1.4570E+00 -4.8232E-01
  2.2939E+00  1.4944E+00  1.4944E+00 -2.5825E-01
  2.3099E+00  1.5312E+00  1.5312E+00  0.0000E+00
  2.3260E+00  1.5674E+00  1.5674E+00  0.0000E+00
  2.3422E+00  1.6029E+00  1.6029E+00  0.0000E+00
  2.3585E+00  1.6378E+00  1.6378E+00  0.0000E+00
  2.3750E+00  1.6720E+00  1.6720E+00  0.0000E+00
  2.3916E+00  1.7054E+00  1.7054E+00  0.0000E+00
  2.4082E+00  1.7381E+00  1.7381E+00  0.0000E+00
  2.4250E+00  1.7701E+00  1.7701E+00  0.0000E+00
  2.4419E+00  1.8012E+00  1.8012E+00  0.0000E+00
  2.4590E+00  1.8315E+00  1.8315E+00  0.0000E+00
  2.4761E+00  1.8609E+00  1.8609E+00  0.0000E+00
  2.4934E+00  1.8894E+00  1.8894E+00  0.0000E+00
  2.5108E+00  1.9169E+00  1.9169E+00  0.0000E+00
  2.5283E+00  1.9436E+00  1.9436E+00  0.0000E+00
  2.5459E+00  1.9692E+00  1.9692E+00  0.0000E+00
  2.5637E+00  1.9937E+00  1.9937E+00  0.0000E+00
  2.5816E+00  2.0173E+00  2.0173E+00  0.0000E+00
  2.5996E+00  2.0397E+00  2.0397E+00  0.0000E+00
  2.6177E+00  2.0610E+00  2.0610E+00  0.0000E+00
  2.6360E+00  2.0811E+00  2.0811E+00  0.0000E+00
  2.6544E+00  2.1001E+00  2.1001E+00  0.0000E+00
  2.6729E+00  2.1178E+00  2.1178E+00  0.0000E+00
  2.6915E+00  2.1342E+00  2.1342E+00  0.0000E+00
  2.7103E+00  2.1493E+00  2.1493E+00  0.0000E+00
  2.7292E+00  2.1631E+00  2.1631E+00  0.0000E+00
  2.7482E+00  2.1755E+00  2.1755E+00  0.0000E+00
  2.7674E+00  2.1866E+00  2.1866E+00  0.0000E+00
  2.7867E+00  2.1961E+00  2.1961E+00  0.0000E+00
  2.8061E+00  2.2043E+00  2.2043E+00  0.0000E+00
  2.8257E+00  2.2108E+00  2.2108E+00  0.0000E+00
  2.8454E+00  2.2159E+00  2.2159E+00  0.0000E+00
  2.8653E+00  2.2194E+00  2.2194E+00  0.0000E+00
  2.8853E+00  2.2212E+00  2.2212E+00  0.0000E+00
  2.9054E+00  2.2214E+00  2.2214E+00  0.0000E+00
  2.9256E+00  2.2199E+00  2.2199E+00  0.0000E+00
  2.9461E+00  2.2168E+00  2.2168E+00  0.0000E+00
  2.9666E+00  2.2118E+00  2.2118E+00  0.0000E+00
  2.9873E+00  2.2051E+00  2.2051E+00  0.0000E+00
  3.0081E+00  2.1966E+00  2.1966E+00  0.0000E+00
  3.0291E+00  2.1862E+00  2.1862E+00  0.0000E+00
  3.0502E+00  2.1740E+00  2.1740E+00  0.0000E+00
  3.0715E+00  2.1598E+00  2.1598E+00  0.0000E+00
  3.0929E+00  2.1437E+00  2.1437E+00  0.0000E+00
  3.1145E+00  2.1257E+00  2.1257E+00  0.0000E+00
  3.1362E+00  2.1057E+00  2.1057E+00  0.0000E+00
  3.1581E+00  2.0837E+00  2.0837E+00  0.0000E+00
  3.1801E+00  2.0596E+00  2.0596E+00  0.0000E+00
  3.2023E+00  2.0335E+00  2.0335E+00  0.0000E+00
  3.2247E+00  2.0053E+00  2.0053E+00  0.0000E+00
  3.2472E+00  1.9751E+00  1.9751E+00  0.0000E+00
  3.2698E+00  1.9427E+00  1.9427E+00  0.0000E+00
