  0.0000000E+00  0.0000000E+00  0.0000000E+00
  5.1103326E-07  5.8343131E-04  4.0601036E-16
  1.0256334E-06  1.5923106E-03  1.6353967E-15
  1.5438254E-06  2.8706597E-03  3.7054003E-15
  2.0656342E-06  4.3672364E-03  6.6335440E-15
  2.5910851E-06  6.0517080E-03  1.0437636E-14
  3.1202036E-06  7.9090386E-03  1.5135775E-14
  3.6530152E-06  9.9257171E-03  2.0746352E-14
  4.1895457E-06  1.2091983E-02  2.7288059E-14
  4.7298211E-06  1.4400532E-02  3.4779891E-14
  5.2738675E-06  1.6845578E-02  4.3241148E-14
  5.8217112E-06  1.9422470E-02  5.2691444E-14
  6.3733788E-06  2.2127395E-02  6.3150710E-14
  6.9288968E-06  2.4957210E-02  7.4639199E-14
  7.4882923E-06  2.7909298E-02  8.7177490E-14
  8.0515922E-06  3.0981469E-02  1.0078649E-13
  8.6188239E-06  3.4171883E-02  1.1548745E-13
  9.1900147E-06  3.7478998E-02  1.3130195E-13
  9.7651922E-06  4.0901515E-02  1.4825194E-13
  1.0344384E-05  4.4438354E-02  1.6635968E-13
  1.0927619E-05  4.8088614E-02  1.8564784E-13
  1.1514925E-05  5.1851557E-02  2.0613940E-13
  1.2106330E-05  5.5726586E-02  2.2785774E-13
  1.2701863E-05  5.9713226E-02  2.5082661E-13
  1.3301552E-05  6.3811115E-02  2.7507013E-13
  1.3905427E-05  6.8019990E-02  3.0061280E-13
  1.4513518E-05  7.2339678E-02  3.2747952E-13
  1.5125852E-05  7.6770086E-02  3.5569559E-13
  1.5742461E-05  8.1311197E-02  3.8528669E-13
  1.6363373E-05  8.5963061E-02  4.1627893E-13
  1.6988619E-05  9.0725788E-02  4.4869882E-13
  1.7618229E-05  9.5599549E-02  4.8257329E-13
  1.8252234E-05  1.0058457E-01  5.1792971E-13
  1.8890664E-05  1.0568111E-01  5.5479586E-13
  1.9533550E-05  1.1088950E-01  5.9319997E-13
  2.0180923E-05  1.1621010E-01  6.3317072E-13
  2.0832815E-05  1.2164331E-01  6.7473724E-13
  2.1489256E-05  1.2718957E-01  7.1792910E-13
  2.2150280E-05  1.3284936E-01  7.6277636E-13
  2.2815917E-05  1.3862319E-01  8.0930953E-13
  2.3486201E-05  1.4451161E-01  8.5755963E-13
  2.4161163E-05  1.5051518E-01  9.0755812E-13
  2.4840836E-05  1.5663453E-01  9.5933699E-13
  2.5525253E-05  1.6287027E-01  1.0129287E-12
  2.6214447E-05  1.6922308E-01  1.0683663E-12
  2.6908451E-05  1.7569364E-01  1.1256832E-12
  2.7607300E-05  1.8228266E-01  1.1849135E-12
  2.8311026E-05  1.8899089E-01  1.2460917E-12
  2.9019664E-05  1.9581909E-01  1.3092529E-12
  2.9733248E-05  2.0276804E-01  1.3744328E-12
  3.0451813E-05  2.0983855E-01  1.4416675E-12
  3.1175394E-05  2.1703146E-01  1.5109938E-12
  3.1904024E-05  2.2434761E-01  1.5824490E-12
  3.2637741E-05  2.3178788E-01  1.6560710E-12
  3.3376578E-05  2.3935317E-01  1.7318984E-12
  3.4120573E-05  2.4704438E-01  1.8099702E-12
  3.4869761E-05  2.5486245E-01  1.8903260E-12
  3.5624177E-05  2.6280834E-01  1.9730063E-12
  3.6383860E-05  2.7088301E-01  2.0580519E-12
  3.7148844E-05  2.7908747E-01  2.1455043E-12
  3.7919168E-05  2.8742271E-01  2.2354059E-12
  3.8694869E-05  2.9588976E-01  2.3277994E-12
  3.9475984E-05  3.0448969E-01  2.4227283E-12
  4.0262552E-05  3.1322354E-01  2.5202369E-12
  4.1054609E-05  3.2209240E-01  2.6203700E-12
  4.1852194E-05  3.3109737E-01  2.7231731E-12
  4.2655347E-05  3.4023956E-01  2.8286925E-12
  4.3464105E-05  3.4952012E-01  2.9369751E-12
  4.4278509E-05  3.5894020E-01  3.0480687E-12
  4.5098596E-05  3.6850096E-01  3.1620216E-12
  4.5924408E-05  3.7820358E-01  3.2788830E-12
  4.6755984E-05  3.8804928E-01  3.3987027E-12
  4.7593364E-05  3.9803928E-01  3.5215315E-12
  4.8436588E-05  4.0817480E-01  3.6474208E-12
  4.9285699E-05  4.1845711E-01  3.7764228E-12
  5.0140735E-05  4.2888747E-01  3.9085906E-12
  5.1001740E-05  4.3946717E-01  4.0439779E-12
  5.1868755E-05  4.5019752E-01  4.1826394E-12
  5.2741821E-05  4.6107983E-01  4.3246306E-12
  5.3620980E-05  4.7211545E-01  4.4700078E-12
  5.4506277E-05  4.8330573E-01  4.6188282E-12
  5.5397752E-05  4.9465203E-01  4.7711499E-12
  5.6295449E-05  5.0615575E-01  4.9270318E-12
  5.7199413E-05  5.1781829E-01  5.0865337E-12
  5.8109686E-05  5.2964106E-01  5.2497163E-12
  5.9026312E-05  5.4162552E-01  5.4166413E-12
  5.9949336E-05  5.5377311E-01  5.5873714E-12
  6.0878803E-05  5.6608530E-01  5.7619700E-12
  6.1814757E-05  5.7856359E-01  5.9405016E-12
  6.2757244E-05  5.9120947E-01  6.1230317E-12
  6.3706309E-05  6.0402447E-01  6.3096268E-12
  6.4661999E-05  6.1701014E-01  6.5003544E-12
  6.5624359E-05  6.3016801E-01  6.6952829E-12
  6.6593436E-05  6.4349968E-01  6.8944818E-12
  6.7569277E-05  6.5700672E-01  7.0980218E-12
  6.8551929E-05  6.7069075E-01  7.3059744E-12
  6.9541440E-05  6.8455340E-01  7.5184124E-12
  7.0537858E-05  6.9859629E-01  7.7354096E-12
  7.1541230E-05  7.1282111E-01  7.9570409E-12
  7.2551606E-05  7.2722951E-01  8.1833823E-12
  7.3569034E-05  7.4182321E-01  8.4145110E-12
  7.4593563E-05  7.5660391E-01  8.6505054E-12
  7.5625243E-05  7.7157334E-01  8.8914450E-12
  7.6664124E-05  7.8673325E-01  9.1374106E-12
  7.7710257E-05  8.0208541E-01  9.3884839E-12
  7.8763691E-05  8.1763161E-01  9.6447483E-12
  7.9824478E-05  8.3337364E-01  9.9062880E-12
  8.0892668E-05  8.4931334E-01  1.0173189E-11
  8.1968315E-05  8.6545253E-01  1.0445538E-11
  8.3051470E-05  8.8179308E-01  1.0723423E-11
  8.4142184E-05  8.9833687E-01  1.1006934E-11
  8.5240512E-05  9.1508580E-01  1.1296161E-11
  8.6346505E-05  9.3204177E-01  1.1591198E-11
  8.7460219E-05  9.4920672E-01  1.1892137E-11
  8.8581705E-05  9.6658261E-01  1.2199074E-11
  8.9711020E-05  9.8417140E-01  1.2512105E-11
  9.0848217E-05  1.0019751E+00  1.2831328E-11
  9.1993351E-05  1.0199957E+00  1.3156842E-11
  9.3146478E-05  1.0382352E+00  1.3488748E-11
  9.4307653E-05  1.0566958E+00  1.3827150E-11
  9.5476934E-05  1.0753794E+00  1.4172149E-11
  9.6654376E-05  1.0942881E+00  1.4523852E-11
  9.7840035E-05  1.1134241E+00  1.4882366E-11
  9.9033971E-05  1.1327895E+00  1.5247799E-11
  1.0023624E-04  1.1523865E+00  1.5620262E-11
  1.0144690E-04  1.1722172E+00  1.5999866E-11
  1.0266601E-04  1.1922837E+00  1.6386725E-11
  1.0389363E-04  1.2125884E+00  1.6780953E-11
  1.0512982E-04  1.2331335E+00  1.7182669E-11
  1.0637464E-04  1.2539211E+00  1.7591990E-11
  1.0762814E-04  1.2749537E+00  1.8009036E-11
  1.0889040E-04  1.2962334E+00  1.8433930E-11
  1.1016146E-04  1.3177626E+00  1.8866796E-11
  1.1144140E-04  1.3395437E+00  1.9307759E-11
  1.1273027E-04  1.3615789E+00  1.9756948E-11
  1.1402813E-04  1.3838708E+00  2.0214491E-11
  1.1533506E-04  1.4064216E+00  2.0680520E-11
  1.1665111E-04  1.4292339E+00  2.1155169E-11
  1.1797634E-04  1.4523100E+00  2.1638573E-11
  1.1931082E-04  1.4756524E+00  2.2130868E-11
  1.2065462E-04  1.4992637E+00  2.2632195E-11
  1.2200780E-04  1.5231464E+00  2.3142695E-11
  1.2337042E-04  1.5473030E+00  2.3662512E-11
  1.2474255E-04  1.5717360E+00  2.4191790E-11
  1.2612426E-04  1.5964480E+00  2.4730678E-11
  1.2751561E-04  1.6214418E+00  2.5279326E-11
  1.2891668E-04  1.6467198E+00  2.5837886E-11
  1.3032752E-04  1.6722847E+00  2.6406512E-11
  1.3174821E-04  1.6981393E+00  2.6985361E-11
  1.3317882E-04  1.7242863E+00  2.7574592E-11
  1.3461941E-04  1.7507283E+00  2.8174366E-11
  1.3607006E-04  1.7774681E+00  2.8784847E-11
  1.3753083E-04  1.8045086E+00  2.9406201E-11
  1.3900180E-04  1.8318524E+00  3.0038596E-11
  1.4048304E-04  1.8595025E+00  3.0682204E-11
  1.4197461E-04  1.8874617E+00  3.1337198E-11
  1.4347660E-04  1.9157328E+00  3.2003753E-11
  1.4498907E-04  1.9443189E+00  3.2682049E-11
  1.4651209E-04  1.9732227E+00  3.3372267E-11
  1.4804575E-04  2.0024473E+00  3.4074591E-11
  1.4959011E-04  2.0319956E+00  3.4789207E-11
  1.5114525E-04  2.0618707E+00  3.5516305E-11
  1.5271124E-04  2.0920756E+00  3.6256076E-11
  1.5428817E-04  2.1226133E+00  3.7008716E-11
  1.5587610E-04  2.1534869E+00  3.7774423E-11
  1.5747511E-04  2.1846996E+00  3.8553396E-11
  1.5908529E-04  2.2162545E+00  3.9345840E-11
  1.6070670E-04  2.2481547E+00  4.0151961E-11
  1.6233944E-04  2.2804035E+00  4.0971969E-11
  1.6398356E-04  2.3130040E+00  4.1806077E-11
  1.6563917E-04  2.3459596E+00  4.2654499E-11
  1.6730632E-04  2.3792734E+00  4.3517456E-11
  1.6898512E-04  2.4129489E+00  4.4395168E-11
  1.7067563E-04  2.4469893E+00  4.5287862E-11
  1.7237795E-04  2.4813980E+00  4.6195766E-11
  1.7409214E-04  2.5161784E+00  4.7119113E-11
  1.7581830E-04  2.5513340E+00  4.8058136E-11
  1.7755651E-04  2.5868680E+00  4.9013076E-11
  1.7930684E-04  2.6227842E+00  4.9984173E-11
  1.8106940E-04  2.6590858E+00  5.0971675E-11
  1.8284426E-04  2.6957766E+00  5.1975831E-11
  1.8463151E-04  2.7328600E+00  5.2996892E-11
  1.8643123E-04  2.7703396E+00  5.4035117E-11
  1.8824351E-04  2.8082191E+00  5.5090765E-11
  1.9006844E-04  2.8465022E+00  5.6164101E-11
  1.9190611E-04  2.8851925E+00  5.7255393E-11
  1.9375661E-04  2.9242937E+00  5.8364912E-11
  1.9562002E-04  2.9638095E+00  5.9492934E-11
  1.9749644E-04  3.0037439E+00  6.0639739E-11
  1.9938596E-04  3.0441005E+00  6.1805612E-11
  2.0128866E-04  3.0848832E+00  6.2990840E-11
  2.0320465E-04  3.1260959E+00  6.4195716E-11
  2.0513400E-04  3.1677425E+00  6.5420535E-11
  2.0707683E-04  3.2098269E+00  6.6665599E-11
  2.0903321E-04  3.2523531E+00  6.7931213E-11
  2.1100325E-04  3.2953251E+00  6.9217687E-11
  2.1298704E-04  3.3387469E+00  7.0525333E-11
  2.1498468E-04  3.3826226E+00  7.1854472E-11
  2.1699626E-04  3.4269563E+00  7.3205427E-11
  2.1902188E-04  3.4717521E+00  7.4578524E-11
  2.2106164E-04  3.5170142E+00  7.5974098E-11
  2.2311564E-04  3.5627468E+00  7.7392484E-11
  2.2518397E-04  3.6089541E+00  7.8834027E-11
  2.2726674E-04  3.6556404E+00  8.0299072E-11
  2.2936404E-04  3.7028100E+00  8.1787973E-11
  2.3147599E-04  3.7504672E+00  8.3301087E-11
  2.3360267E-04  3.7986163E+00  8.4838776E-11
  2.3574420E-04  3.8472619E+00  8.6401408E-11
  2.3790068E-04  3.8964082E+00  8.7989357E-11
  2.4007221E-04  3.9460599E+00  8.9603000E-11
  2.4225889E-04  3.9962213E+00  9.1242723E-11
  2.4446084E-04  4.0468971E+00  9.2908914E-11
  2.4667816E-04  4.0980918E+00  9.4601969E-11
  2.4891095E-04  4.1498100E+00  9.6322288E-11
  2.5115933E-04  4.2020563E+00  9.8070279E-11
  2.5342340E-04  4.2548356E+00  9.9846354E-11
  2.5570328E-04  4.3081524E+00  1.0165093E-10
  2.5799906E-04  4.3620115E+00  1.0348444E-10
  2.6031087E-04  4.4164178E+00  1.0534730E-10
  2.6263882E-04  4.4713760E+00  1.0723995E-10
  2.6498302E-04  4.5268910E+00  1.0916285E-10
  2.6734358E-04  4.5829677E+00  1.1111643E-10
  2.6972061E-04  4.6396111E+00  1.1310115E-10
  2.7211423E-04  4.6968261E+00  1.1511748E-10
  2.7452457E-04  4.7546178E+00  1.1716589E-10
  2.7695172E-04  4.8129912E+00  1.1924685E-10
  2.7939582E-04  4.8719513E+00  1.2136084E-10
  2.8185697E-04  4.9315034E+00  1.2350836E-10
  2.8433531E-04  4.9916526E+00  1.2568989E-10
  2.8683094E-04  5.0524040E+00  1.2790595E-10
  2.8934399E-04  5.1137629E+00  1.3015705E-10
  2.9187458E-04  5.1757347E+00  1.3244371E-10
  2.9442284E-04  5.2383246E+00  1.3476644E-10
  2.9698888E-04  5.3015379E+00  1.3712579E-10
  2.9957283E-04  5.3653802E+00  1.3952230E-10
  3.0217482E-04  5.4298567E+00  1.4195651E-10
  3.0479497E-04  5.4949730E+00  1.4442898E-10
  3.0743340E-04  5.5607346E+00  1.4694028E-10
  3.1009026E-04  5.6271471E+00  1.4949099E-10
  3.1276565E-04  5.6942160E+00  1.5208167E-10
  3.1545972E-04  5.7619470E+00  1.5471293E-10
  3.1817260E-04  5.8303458E+00  1.5738535E-10
  3.2090441E-04  5.8994180E+00  1.6009956E-10
  3.2365528E-04  5.9691694E+00  1.6285615E-10
  3.2642536E-04  6.0396058E+00  1.6565576E-10
  3.2921477E-04  6.1107331E+00  1.6849903E-10
  3.3202365E-04  6.1825571E+00  1.7138658E-10
  3.3485214E-04  6.2550837E+00  1.7431908E-10
  3.3770037E-04  6.3283189E+00  1.7729718E-10
  3.4056848E-04  6.4022687E+00  1.8032156E-10
  3.4345661E-04  6.4769391E+00  1.8339290E-10
  3.4636489E-04  6.5523362E+00  1.8651188E-10
  3.4929348E-04  6.6284661E+00  1.8967920E-10
  3.5224250E-04  6.7053350E+00  1.9289558E-10
  3.5521211E-04  6.7829491E+00  1.9616174E-10
  3.5820245E-04  6.8613146E+00  1.9947840E-10
  3.6121366E-04  6.9404378E+00  2.0284630E-10
  3.6424589E-04  7.0203250E+00  2.0626620E-10
  3.6729928E-04  7.1009826E+00  2.0973886E-10
  3.7037398E-04  7.1824171E+00  2.1326506E-10
  3.7347015E-04  7.2646348E+00  2.1684556E-10
  3.7658792E-04  7.3476423E+00  2.2048118E-10
  3.7972746E-04  7.4314460E+00  2.2417272E-10
  3.8288890E-04  7.5160526E+00  2.2792099E-10
  3.8607242E-04  7.6014687E+00  2.3172683E-10
  3.8927816E-04  7.6877010E+00  2.3559107E-10
  3.9250627E-04  7.7747561E+00  2.3951458E-10
  3.9575691E-04  7.8626408E+00  2.4349821E-10
  3.9903024E-04  7.9513619E+00  2.4754284E-10
  4.0232642E-04  8.0409262E+00  2.5164938E-10
  4.0564560E-04  8.1313406E+00  2.5581871E-10
  4.0898795E-04  8.2226121E+00  2.6005176E-10
  4.1235364E-04  8.3147474E+00  2.6434945E-10
  4.1574281E-04  8.4077537E+00  2.6871274E-10
  4.1915564E-04  8.5016381E+00  2.7314256E-10
  4.2259229E-04  8.5964075E+00  2.7763991E-10
  4.2605292E-04  8.6920691E+00  2.8220575E-10
  4.2953771E-04  8.7886301E+00  2.8684109E-10
  4.3304683E-04  8.8860976E+00  2.9154693E-10
  4.3658043E-04  8.9844790E+00  2.9632432E-10
  4.4013870E-04  9.0837816E+00  3.0117428E-10
  4.4372181E-04  9.1840126E+00  3.0609787E-10
  4.4732993E-04  9.2851794E+00  3.1109617E-10
  4.5096323E-04  9.3872895E+00  3.1617026E-10
  4.5462189E-04  9.4903503E+00  3.2132124E-10
  4.5830608E-04  9.5943694E+00  3.2655023E-10
  4.6201599E-04  9.6993542E+00  3.3185837E-10
  4.6575180E-04  9.8053124E+00  3.3724680E-10
  4.6951368E-04  9.9122515E+00  3.4271669E-10
  4.7330182E-04  1.0020179E+01  3.4826922E-10
  4.7711639E-04  1.0129104E+01  3.5390560E-10
  4.8095760E-04  1.0239032E+01  3.5962703E-10
  4.8482561E-04  1.0349972E+01  3.6543476E-10
  4.8872062E-04  1.0461932E+01  3.7133004E-10
  4.9264282E-04  1.0574919E+01  3.7731413E-10
  4.9659239E-04  1.0688943E+01  3.8338832E-10
  5.0056954E-04  1.0804009E+01  3.8955392E-10
  5.0457444E-04  1.0920127E+01  3.9581225E-10
  5.0860729E-04  1.1037305E+01  4.0216466E-10
  5.1266829E-04  1.1155550E+01  4.0861251E-10
  5.1675764E-04  1.1274871E+01  4.1515718E-10
  5.2087553E-04  1.1395275E+01  4.2180008E-10
  5.2502216E-04  1.1516772E+01  4.2854262E-10
  5.2919774E-04  1.1639369E+01  4.3538624E-10
  5.3340246E-04  1.1763074E+01  4.4233241E-10
  5.3763652E-04  1.1887897E+01  4.4938262E-10
  5.4190014E-04  1.2013844E+01  4.5653836E-10
  5.4619352E-04  1.2140925E+01  4.6380116E-10
  5.5051687E-04  1.2269148E+01  4.7117258E-10
  5.5487039E-04  1.2398522E+01  4.7865417E-10
  5.5925430E-04  1.2529054E+01  4.8624753E-10
  5.6366881E-04  1.2660754E+01  4.9395427E-10
  5.6811413E-04  1.2793630E+01  5.0177604E-10
  5.7259048E-04  1.2927691E+01  5.0971449E-10
  5.7709807E-04  1.3062945E+01  5.1777130E-10
  5.8163712E-04  1.3199401E+01  5.2594819E-10
  5.8620786E-04  1.3337067E+01  5.3424689E-10
  5.9081049E-04  1.3475953E+01  5.4266915E-10
  5.9544526E-04  1.3616067E+01  5.5121676E-10
  6.0011237E-04  1.3757418E+01  5.5989152E-10
  6.0481206E-04  1.3900015E+01  5.6869527E-10
  6.0954455E-04  1.4043866E+01  5.7762986E-10
  6.1431007E-04  1.4188982E+01  5.8669718E-10
  6.1910886E-04  1.4335369E+01  5.9589915E-10
  6.2394114E-04  1.4483038E+01  6.0523769E-10
  6.2880714E-04  1.4631998E+01  6.1471479E-10
  6.3370712E-04  1.4782257E+01  6.2433243E-10
  6.3864129E-04  1.4933825E+01  6.3409264E-10
  6.4360990E-04  1.5086710E+01  6.4399746E-10
  6.4861319E-04  1.5240922E+01  6.5404899E-10
  6.5365141E-04  1.5396470E+01  6.6424933E-10
  6.5872478E-04  1.5553363E+01  6.7460061E-10
  6.6383358E-04  1.5711610E+01  6.8510502E-10
  6.6897802E-04  1.5871221E+01  6.9576475E-10
  6.7415838E-04  1.6032205E+01  7.0658204E-10
  6.7937489E-04  1.6194570E+01  7.1755915E-10
  6.8462782E-04  1.6358327E+01  7.2869837E-10
  6.8991740E-04  1.6523484E+01  7.4000204E-10
  6.9524391E-04  1.6690051E+01  7.5147252E-10
  7.0060760E-04  1.6858038E+01  7.6311221E-10
  7.0600872E-04  1.7027453E+01  7.7492353E-10
  7.1144754E-04  1.7198306E+01  7.8690894E-10
  7.1692433E-04  1.7370606E+01  7.9907096E-10
  7.2243934E-04  1.7544364E+01  8.1141210E-10
  7.2799284E-04  1.7719588E+01  8.2393495E-10
  7.3358511E-04  1.7896287E+01  8.3664211E-10
  7.3921641E-04  1.8074472E+01  8.4953622E-10
  7.4488701E-04  1.8254151E+01  8.6261997E-10
  7.5059720E-04  1.8435335E+01  8.7589607E-10
  7.5634724E-04  1.8618032E+01  8.8936729E-10
  7.6213741E-04  1.8802253E+01  9.0303641E-10
  7.6796800E-04  1.8988006E+01  9.1690628E-10
  7.7383928E-04  1.9175302E+01  9.3097977E-10
  7.7975155E-04  1.9364150E+01  9.4525980E-10
  7.8570508E-04  1.9554559E+01  9.5974933E-10
  7.9170016E-04  1.9746539E+01  9.7445136E-10
  7.9773709E-04  1.9940100E+01  9.8936893E-10
  8.0381616E-04  2.0135250E+01  1.0045051E-09
  8.0993766E-04  2.0332001E+01  1.0198631E-09
  8.1610188E-04  2.0530361E+01  1.0354460E-09
  8.2230913E-04  2.0730339E+01  1.0512570E-09
  8.2855970E-04  2.0931947E+01  1.0672995E-09
  8.3485390E-04  2.1135192E+01  1.0835767E-09
  8.4119204E-04  2.1340084E+01  1.1000920E-09
  8.4757441E-04  2.1546634E+01  1.1168487E-09
  8.5400133E-04  2.1754851E+01  1.1338504E-09
  8.6047311E-04  2.1964743E+01  1.1511006E-09
  8.6699006E-04  2.2176322E+01  1.1686028E-09
  8.7355249E-04  2.2389595E+01  1.1863605E-09
  8.8016074E-04  2.2604574E+01  1.2043776E-09
  8.8681510E-04  2.2821266E+01  1.2226575E-09
  8.9351591E-04  2.3039683E+01  1.2412043E-09
  9.0026349E-04  2.3259832E+01  1.2600215E-09
  9.0705817E-04  2.3481724E+01  1.2791131E-09
  9.1390028E-04  2.3705368E+01  1.2984830E-09
  9.2079014E-04  2.3930774E+01  1.3181353E-09
  9.2772809E-04  2.4157950E+01  1.3380738E-09
  9.3471446E-04  2.4386906E+01  1.3583028E-09
  9.4174960E-04  2.4617652E+01  1.3788263E-09
  9.4883384E-04  2.4850196E+01  1.3996485E-09
  9.5596753E-04  2.5084549E+01  1.4207738E-09
  9.6315101E-04  2.5320718E+01  1.4422064E-09
  9.7038463E-04  2.5558714E+01  1.4639508E-09
  9.7766874E-04  2.5798546E+01  1.4860113E-09
  9.8500369E-04  2.6040221E+01  1.5083925E-09
  9.9238984E-04  2.6283751E+01  1.5310990E-09
  9.9982754E-04  2.6529143E+01  1.5541353E-09
  1.0073172E-03  2.6776407E+01  1.5775063E-09
  1.0148590E-03  2.7025551E+01  1.6012166E-09
  1.0224536E-03  2.7276585E+01  1.6252712E-09
  1.0301011E-03  2.7529517E+01  1.6496748E-09
  1.0378020E-03  2.7784356E+01  1.6744326E-09
  1.0455567E-03  2.8041111E+01  1.6995495E-09
  1.0533655E-03  2.8299790E+01  1.7250306E-09
  1.0612288E-03  2.8560402E+01  1.7508812E-09
  1.0691470E-03  2.8822955E+01  1.7771064E-09
  1.0771204E-03  2.9087459E+01  1.8037118E-09
  1.0851495E-03  2.9353920E+01  1.8307025E-09
  1.0932347E-03  2.9622349E+01  1.8580843E-09
  1.1013762E-03  2.9892752E+01  1.8858625E-09
  1.1095746E-03  3.0165138E+01  1.9140429E-09
  1.1178303E-03  3.0439515E+01  1.9426311E-09
  1.1261435E-03  3.0715892E+01  1.9716330E-09
  1.1345148E-03  3.0994275E+01  2.0010545E-09
  1.1429445E-03  3.1274673E+01  2.0309016E-09
  1.1514330E-03  3.1557094E+01  2.0611802E-09
  1.1599808E-03  3.1841545E+01  2.0918966E-09
  1.1685883E-03  3.2128034E+01  2.1230569E-09
  1.1772558E-03  3.2416569E+01  2.1546675E-09
  1.1859838E-03  3.2707156E+01  2.1867348E-09
  1.1947728E-03  3.2999802E+01  2.2192652E-09
  1.2036230E-03  3.3294516E+01  2.2522654E-09
  1.2125351E-03  3.3591304E+01  2.2857421E-09
  1.2215094E-03  3.3890172E+01  2.3197020E-09
  1.2305463E-03  3.4191129E+01  2.3541519E-09
  1.2396463E-03  3.4494180E+01  2.3890989E-09
  1.2488098E-03  3.4799332E+01  2.4245500E-09
  1.2580372E-03  3.5106591E+01  2.4605123E-09
  1.2673291E-03  3.5415964E+01  2.4969932E-09
  1.2766858E-03  3.5727457E+01  2.5340000E-09
  1.2861078E-03  3.6041076E+01  2.5715402E-09
  1.2955956E-03  3.6356827E+01  2.6096213E-09
  1.3051496E-03  3.6674715E+01  2.6482510E-09
  1.3147703E-03  3.6994746E+01  2.6874372E-09
  1.3244582E-03  3.7316926E+01  2.7271877E-09
  1.3342136E-03  3.7641260E+01  2.7675105E-09
  1.3440372E-03  3.7967753E+01  2.8084138E-09
  1.3539293E-03  3.8296410E+01  2.8499058E-09
  1.3638905E-03  3.8627236E+01  2.8919949E-09
  1.3739212E-03  3.8960235E+01  2.9346895E-09
  1.3840219E-03  3.9295412E+01  2.9779982E-09
  1.3941931E-03  3.9632771E+01  3.0219298E-09
  1.4044353E-03  3.9972317E+01  3.0664930E-09
  1.4147490E-03  4.0314053E+01  3.1116969E-09
  1.4251347E-03  4.0657983E+01  3.1575505E-09
  1.4355928E-03  4.1004110E+01  3.2040631E-09
  1.4461240E-03  4.1352438E+01  3.2512439E-09
  1.4567286E-03  4.1702970E+01  3.2991025E-09
  1.4674073E-03  4.2055709E+01  3.3476485E-09
  1.4781606E-03  4.2410658E+01  3.3968917E-09
  1.4889888E-03  4.2767819E+01  3.4468418E-09
  1.4998927E-03  4.3127194E+01  3.4975090E-09
  1.5108726E-03  4.3488785E+01  3.5489035E-09
  1.5219292E-03  4.3852595E+01  3.6010354E-09
  1.5330630E-03  4.4218625E+01  3.6539153E-09
  1.5442745E-03  4.4586877E+01  3.7075537E-09
  1.5555642E-03  4.4957350E+01  3.7619615E-09
  1.5669328E-03  4.5330047E+01  3.8171495E-09
  1.5783807E-03  4.5704968E+01  3.8731288E-09
  1.5899084E-03  4.6082114E+01  3.9299106E-09
  1.6015167E-03  4.6461483E+01  3.9875062E-09
  1.6132060E-03  4.6843077E+01  4.0459272E-09
  1.6249768E-03  4.7226895E+01  4.1051853E-09
  1.6368299E-03  4.7612936E+01  4.1652924E-09
  1.6487656E-03  4.8001200E+01  4.2262604E-09
  1.6607847E-03  4.8391684E+01  4.2881015E-09
  1.6728876E-03  4.8784388E+01  4.3508282E-09
  1.6850751E-03  4.9179309E+01  4.4144529E-09
  1.6973475E-03  4.9576446E+01  4.4789884E-09
  1.7097057E-03  4.9975796E+01  4.5444476E-09
  1.7221501E-03  5.0377356E+01  4.6108435E-09
  1.7346814E-03  5.0781123E+01  4.6781894E-09
  1.7473001E-03  5.1187094E+01  4.7464988E-09
  1.7600069E-03  5.1595265E+01  4.8157852E-09
  1.7728024E-03  5.2005632E+01  4.8860626E-09
  1.7856872E-03  5.2418191E+01  4.9573449E-09
  1.7986620E-03  5.2832937E+01  5.0296464E-09
  1.8117273E-03  5.3249865E+01  5.1029814E-09
  1.8248838E-03  5.3668969E+01  5.1773646E-09
  1.8381321E-03  5.4090244E+01  5.2528109E-09
  1.8514729E-03  5.4513684E+01  5.3293352E-09
  1.8649068E-03  5.4939282E+01  5.4069529E-09
  1.8784345E-03  5.5367031E+01  5.4856793E-09
  1.8920566E-03  5.5796924E+01  5.5655302E-09
  1.9057738E-03  5.6228953E+01  5.6465215E-09
  1.9195867E-03  5.6663111E+01  5.7286693E-09
  1.9334961E-03  5.7099388E+01  5.8119899E-09
  1.9475025E-03  5.7537777E+01  5.8964999E-09
  1.9616067E-03  5.7978267E+01  5.9822162E-09
  1.9758093E-03  5.8420850E+01  6.0691558E-09
  1.9901110E-03  5.8865515E+01  6.1573360E-09
  2.0045126E-03  5.9312251E+01  6.2467743E-09
  2.0190147E-03  5.9761048E+01  6.3374886E-09
  2.0336180E-03  6.0211895E+01  6.4294968E-09
  2.0483233E-03  6.0664779E+01  6.5228172E-09
  2.0631312E-03  6.1119688E+01  6.6174685E-09
  2.0780424E-03  6.1576611E+01  6.7134693E-09
  2.0930577E-03  6.2035532E+01  6.8108387E-09
  2.1081779E-03  6.2496440E+01  6.9095962E-09
  2.1234035E-03  6.2959320E+01  7.0097613E-09
  2.1387355E-03  6.3424157E+01  7.1113539E-09
  2.1541744E-03  6.3890936E+01  7.2143942E-09
  2.1697211E-03  6.4359642E+01  7.3189025E-09
  2.1853763E-03  6.4830258E+01  7.4248998E-09
  2.2011408E-03  6.5302769E+01  7.5324069E-09
  2.2170153E-03  6.5777158E+01  7.6414452E-09
  2.2330007E-03  6.6253405E+01  7.7520363E-09
  2.2490976E-03  6.6731495E+01  7.8642023E-09
  2.2653068E-03  6.7211408E+01  7.9779652E-09
  2.2816292E-03  6.7693125E+01  8.0933477E-09
  2.2980655E-03  6.8176626E+01  8.2103726E-09
  2.3146165E-03  6.8661891E+01  8.3290631E-09
  2.3312831E-03  6.9148900E+01  8.4494427E-09
  2.3480660E-03  6.9637632E+01  8.5715353E-09
  2.3649660E-03  7.0128064E+01  8.6953651E-09
  2.3819840E-03  7.0620174E+01  8.8209566E-09
  2.3991208E-03  7.1113940E+01  8.9483345E-09
  2.4163771E-03  7.1609338E+01  9.0775243E-09
  2.4337540E-03  7.2106343E+01  9.2085514E-09
  2.4512521E-03  7.2604931E+01  9.3414417E-09
  2.4688723E-03  7.3105078E+01  9.4762216E-09
  2.4866156E-03  7.3606756E+01  9.6129177E-09
  2.5044826E-03  7.4109940E+01  9.7515571E-09
  2.5224744E-03  7.4614603E+01  9.8921672E-09
  2.5405918E-03  7.5120717E+01  1.0034776E-08
  2.5588356E-03  7.5628254E+01  1.0179411E-08
  2.5772067E-03  7.6137185E+01  1.0326101E-08
  2.5957061E-03  7.6647481E+01  1.0474876E-08
  2.6143346E-03  7.7159111E+01  1.0625765E-08
  2.6330932E-03  7.7672045E+01  1.0778797E-08
  2.6519826E-03  7.8186251E+01  1.0934002E-08
  2.6710039E-03  7.8701698E+01  1.1091412E-08
  2.6901580E-03  7.9218353E+01  1.1251058E-08
  2.7094457E-03  7.9736183E+01  1.1412970E-08
  2.7288681E-03  8.0255153E+01  1.1577182E-08
  2.7484261E-03  8.0775229E+01  1.1743725E-08
  2.7681205E-03  8.1296377E+01  1.1912632E-08
  2.7879524E-03  8.1818559E+01  1.2083936E-08
  2.8079228E-03  8.2341741E+01  1.2257673E-08
  2.8280325E-03  8.2865883E+01  1.2433874E-08
  2.8482826E-03  8.3390949E+01  1.2612577E-08
  2.8686740E-03  8.3916900E+01  1.2793815E-08
  2.8892078E-03  8.4443697E+01  1.2977624E-08
  2.9098849E-03  8.4971299E+01  1.3164041E-08
  2.9307063E-03  8.5499667E+01  1.3353103E-08
  2.9516730E-03  8.6028759E+01  1.3544846E-08
  2.9727861E-03  8.6558533E+01  1.3739309E-08
  2.9940465E-03  8.7088946E+01  1.3936529E-08
  3.0154553E-03  8.7619955E+01  1.4136547E-08
  3.0370136E-03  8.8151516E+01  1.4339400E-08
  3.0587223E-03  8.8683585E+01  1.4545130E-08
  3.0805826E-03  8.9216115E+01  1.4753776E-08
  3.1025954E-03  8.9749061E+01  1.4965380E-08
  3.1247619E-03  9.0282376E+01  1.5179984E-08
  3.1470831E-03  9.0816013E+01  1.5397629E-08
  3.1695601E-03  9.1349923E+01  1.5618358E-08
  3.1921940E-03  9.1884057E+01  1.5842216E-08
  3.2149858E-03  9.2418366E+01  1.6069246E-08
  3.2379368E-03  9.2952800E+01  1.6299492E-08
  3.2610479E-03  9.3487307E+01  1.6533001E-08
  3.2843204E-03  9.4021836E+01  1.6769817E-08
  3.3077552E-03  9.4556334E+01  1.7009988E-08
  3.3313537E-03  9.5090748E+01  1.7253561E-08
  3.3551169E-03  9.5625025E+01  1.7500584E-08
  3.3790459E-03  9.6159110E+01  1.7751105E-08
  3.4031419E-03  9.6692948E+01  1.8005174E-08
  3.4274062E-03  9.7226483E+01  1.8262840E-08
  3.4518397E-03  9.7759659E+01  1.8524155E-08
  3.4764439E-03  9.8292418E+01  1.8789169E-08
  3.5012197E-03  9.8824702E+01  1.9057935E-08
  3.5261685E-03  9.9356453E+01  1.9330505E-08
  3.5512915E-03  9.9887612E+01  1.9606934E-08
  3.5765897E-03  1.0041812E+02  1.9887275E-08
  3.6020646E-03  1.0094791E+02  2.0171584E-08
  3.6277173E-03  1.0147693E+02  2.0459916E-08
  3.6535490E-03  1.0200511E+02  2.0752328E-08
  3.6795610E-03  1.0253240E+02  2.1048877E-08
  3.7057546E-03  1.0305872E+02  2.1349623E-08
  3.7321310E-03  1.0358402E+02  2.1654623E-08
  3.7586915E-03  1.0410823E+02  2.1963938E-08
  3.7854374E-03  1.0463128E+02  2.2277628E-08
  3.8123699E-03  1.0515311E+02  2.2595755E-08
  3.8394905E-03  1.0567365E+02  2.2918382E-08
  3.8668003E-03  1.0619284E+02  2.3245572E-08
  3.8943008E-03  1.0671061E+02  2.3577388E-08
  3.9219932E-03  1.0722689E+02  2.3913897E-08
  3.9498789E-03  1.0774162E+02  2.4255164E-08
  3.9779593E-03  1.0825471E+02  2.4601256E-08
  4.0062356E-03  1.0876611E+02  2.4952241E-08
  4.0347093E-03  1.0927574E+02  2.5308188E-08
  4.0633817E-03  1.0978353E+02  2.5669166E-08
  4.0922543E-03  1.1028941E+02  2.6035247E-08
  4.1213284E-03  1.1079332E+02  2.6406503E-08
  4.1506054E-03  1.1129516E+02  2.6783005E-08
  4.1800867E-03  1.1179489E+02  2.7164829E-08
  4.2097739E-03  1.1229241E+02  2.7552048E-08
  4.2396682E-03  1.1278766E+02  2.7944739E-08
  4.2697712E-03  1.1328056E+02  2.8342979E-08
  4.3000844E-03  1.1377104E+02  2.8746846E-08
  4.3306091E-03  1.1425902E+02  2.9156418E-08
  4.3613468E-03  1.1474443E+02  2.9571777E-08
  4.3922991E-03  1.1522720E+02  2.9993003E-08
  4.4234674E-03  1.1570724E+02  3.0420179E-08
  4.4548533E-03  1.1618447E+02  3.0853389E-08
  4.4864583E-03  1.1665884E+02  3.1292718E-08
  4.5182838E-03  1.1713024E+02  3.1738251E-08
  4.5503315E-03  1.1759862E+02  3.2190077E-08
  4.5826029E-03  1.1806388E+02  3.2648283E-08
  4.6150995E-03  1.1852596E+02  3.3112959E-08
  4.6478229E-03  1.1898478E+02  3.3584196E-08
  4.6807747E-03  1.1944025E+02  3.4062087E-08
  4.7139566E-03  1.1989230E+02  3.4546725E-08
  4.7473700E-03  1.2034085E+02  3.5038205E-08
  4.7810167E-03  1.2078582E+02  3.5536623E-08
  4.8148982E-03  1.2122714E+02  3.6042077E-08
  4.8490161E-03  1.2166472E+02  3.6554666E-08
  4.8833723E-03  1.2209848E+02  3.7074489E-08
  4.9179682E-03  1.2252835E+02  3.7601649E-08
  4.9528056E-03  1.2295425E+02  3.8136249E-08
  4.9878861E-03  1.2337609E+02  3.8678394E-08
  5.0232115E-03  1.2379380E+02  3.9228188E-08
  5.0587835E-03  1.2420731E+02  3.9785742E-08
  5.0946037E-03  1.2461653E+02  4.0351162E-08
  5.1306740E-03  1.2502138E+02  4.0924560E-08
  5.1669960E-03  1.2542178E+02  4.1506047E-08
  5.2035716E-03  1.2581767E+02  4.2095739E-08
  5.2404024E-03  1.2620895E+02  4.2693749E-08
  5.2774903E-03  1.2659555E+02  4.3300195E-08
  5.3148371E-03  1.2697740E+02  4.3915196E-08
  5.3524446E-03  1.2735442E+02  4.4538872E-08
  5.3903145E-03  1.2772653E+02  4.5171344E-08
  5.4284488E-03  1.2809365E+02  4.5812736E-08
  5.4668492E-03  1.2845571E+02  4.6463174E-08
  5.5055177E-03  1.2881264E+02  4.7122785E-08
  5.5444560E-03  1.2916436E+02  4.7791697E-08
  5.5836662E-03  1.2951079E+02  4.8470042E-08
  5.6231500E-03  1.2985186E+02  4.9157952E-08
  5.6629094E-03  1.3018750E+02  4.9855562E-08
  5.7029463E-03  1.3051764E+02  5.0563007E-08
  5.7432627E-03  1.3084221E+02  5.1280426E-08
  5.7838605E-03  1.3116112E+02  5.2007959E-08
  5.8247416E-03  1.3147433E+02  5.2745748E-08
  5.8659081E-03  1.3178175E+02  5.3493938E-08
  5.9073619E-03  1.3208331E+02  5.4252674E-08
  5.9491050E-03  1.3237895E+02  5.5022105E-08
  5.9911395E-03  1.3266861E+02  5.5802381E-08
  6.0334674E-03  1.3295222E+02  5.6593654E-08
  6.0760908E-03  1.3322971E+02  5.7396079E-08
  6.1190116E-03  1.3350102E+02  5.8209812E-08
  6.1622320E-03  1.3376608E+02  5.9035013E-08
  6.2057541E-03  1.3402485E+02  5.9871843E-08
  6.2495800E-03  1.3427725E+02  6.0720464E-08
  6.2937117E-03  1.3452323E+02  6.1581043E-08
  6.3381515E-03  1.3476274E+02  6.2453748E-08
  6.3829015E-03  1.3499571E+02  6.3338748E-08
  6.4279638E-03  1.3522209E+02  6.4236217E-08
  6.4733406E-03  1.3544183E+02  6.5146330E-08
  6.5190342E-03  1.3565488E+02  6.6069264E-08
  6.5650466E-03  1.3586119E+02  6.7005199E-08
  6.6113803E-03  1.3606071E+02  6.7954319E-08
  6.6580373E-03  1.3625340E+02  6.8916808E-08
  6.7050200E-03  1.3643920E+02  6.9892854E-08
  6.7523307E-03  1.3661808E+02  7.0882648E-08
  6.7999715E-03  1.3679000E+02  7.1886382E-08
  6.8479449E-03  1.3695491E+02  7.2904253E-08
  6.8962531E-03  1.3711278E+02  7.3936458E-08
  6.9448985E-03  1.3726358E+02  7.4983200E-08
  6.9938834E-03  1.3740727E+02  7.6044682E-08
  7.0432102E-03  1.3754382E+02  7.7121112E-08
  7.0928814E-03  1.3767319E+02  7.8212699E-08
  7.1428992E-03  1.3779538E+02  7.9319657E-08
  7.1932661E-03  1.3791034E+02  8.0442200E-08
  7.2439846E-03  1.3801806E+02  8.1580549E-08
  7.2950571E-03  1.3811851E+02  8.2734924E-08
  7.3464860E-03  1.3821169E+02  8.3905551E-08
  7.3982740E-03  1.3829757E+02  8.5092659E-08
  7.4504233E-03  1.3837615E+02  8.6296478E-08
  7.5029367E-03  1.3844741E+02  8.7517243E-08
  7.5558166E-03  1.3851134E+02  8.8755193E-08
  7.6090656E-03  1.3856794E+02  9.0010568E-08
  7.6626863E-03  1.3861721E+02  9.1283614E-08
  7.7166812E-03  1.3865916E+02  9.2574578E-08
  7.7710531E-03  1.3869377E+02  9.3883711E-08
  7.8258044E-03  1.3872107E+02  9.5211270E-08
  7.8809378E-03  1.3874105E+02  9.6557512E-08
  7.9364561E-03  1.3875374E+02  9.7922700E-08
  7.9923619E-03  1.3875915E+02  9.9307101E-08
  8.0486579E-03  1.3875729E+02  1.0071098E-07
  8.1053468E-03  1.3874819E+02  1.0213462E-07
  8.1624314E-03  1.3873187E+02  1.0357829E-07
  8.2199145E-03  1.3870836E+02  1.0504227E-07
  8.2777987E-03  1.3867770E+02  1.0652686E-07
  8.3360870E-03  1.3863991E+02  1.0803233E-07
  8.3947821E-03  1.3859504E+02  1.0955898E-07
  8.4538869E-03  1.3854312E+02  1.1110711E-07
  8.5134043E-03  1.3848421E+02  1.1267702E-07
  8.5733370E-03  1.3841834E+02  1.1426902E-07
  8.6336881E-03  1.3834558E+02  1.1588341E-07
  8.6944604E-03  1.3826597E+02  1.1752052E-07
  8.7556569E-03  1.3817958E+02  1.1918065E-07
  8.8172806E-03  1.3808647E+02  1.2086413E-07
  8.8793343E-03  1.3798671E+02  1.2257130E-07
  8.9418212E-03  1.3788036E+02  1.2430248E-07
  9.0047442E-03  1.3776750E+02  1.2605800E-07
  9.0681064E-03  1.3764821E+02  1.2783822E-07
  9.1319109E-03  1.3752257E+02  1.2964348E-07
  9.1961607E-03  1.3739066E+02  1.3147412E-07
  9.2608589E-03  1.3725258E+02  1.3333052E-07
  9.3260088E-03  1.3710841E+02  1.3521301E-07
  9.3916133E-03  1.3695826E+02  1.3712199E-07
  9.4576758E-03  1.3680222E+02  1.3905780E-07
  9.5241994E-03  1.3664040E+02  1.4102084E-07
  9.5911873E-03  1.3647291E+02  1.4301148E-07
  9.6586427E-03  1.3629986E+02  1.4503012E-07
  9.7265690E-03  1.3612138E+02  1.4707713E-07
  9.7949694E-03  1.3593757E+02  1.4915293E-07
  9.8638472E-03  1.3574857E+02  1.5125792E-07
  9.9332057E-03  1.3555450E+02  1.5339250E-07
  1.0003048E-02  1.3535550E+02  1.5555709E-07
  1.0073379E-02  1.3515171E+02  1.5775211E-07
  1.0144200E-02  1.3494326E+02  1.5997799E-07
  1.0215515E-02  1.3473030E+02  1.6223517E-07
  1.0287328E-02  1.3451299E+02  1.6452407E-07
  1.0359642E-02  1.3429147E+02  1.6684515E-07
  1.0432462E-02  1.3406590E+02  1.6919886E-07
  1.0505789E-02  1.3383645E+02  1.7158566E-07
  1.0579628E-02  1.3360328E+02  1.7400601E-07
  1.0653983E-02  1.3336655E+02  1.7646037E-07
  1.0728856E-02  1.3312645E+02  1.7894924E-07
  1.0804252E-02  1.3288315E+02  1.8147308E-07
  1.0880175E-02  1.3263683E+02  1.8403240E-07
  1.0956627E-02  1.3238768E+02  1.8662769E-07
  1.1033613E-02  1.3213589E+02  1.8925945E-07
  1.1111136E-02  1.3188164E+02  1.9192820E-07
  1.1189201E-02  1.3162515E+02  1.9463446E-07
  1.1267810E-02  1.3136660E+02  1.9737875E-07
  1.1346968E-02  1.3110620E+02  2.0016160E-07
  1.1426678E-02  1.3084415E+02  2.0298356E-07
  1.1506945E-02  1.3058068E+02  2.0584518E-07
  1.1587772E-02  1.3031600E+02  2.0874700E-07
  1.1669163E-02  1.3005032E+02  2.1168961E-07
  1.1751122E-02  1.2978386E+02  2.1467356E-07
  1.1833654E-02  1.2951686E+02  2.1769943E-07
  1.1916761E-02  1.2924953E+02  2.2076783E-07
  1.2000449E-02  1.2898211E+02  2.2387933E-07
  1.2084720E-02  1.2871484E+02  2.2703455E-07
  1.2169580E-02  1.2844796E+02  2.3023410E-07
  1.2255032E-02  1.2818169E+02  2.3347861E-07
  1.2341081E-02  1.2791630E+02  2.3676869E-07
  1.2427730E-02  1.2765201E+02  2.4010500E-07
  1.2514984E-02  1.2738909E+02  2.4348817E-07
  1.2602847E-02  1.2712778E+02  2.4691888E-07
  1.2691323E-02  1.2686834E+02  2.5039778E-07
  1.2780416E-02  1.2661101E+02  2.5392555E-07
  1.2870132E-02  1.2635607E+02  2.5750287E-07
  1.2960474E-02  1.2610377E+02  2.6113044E-07
  1.3051446E-02  1.2585437E+02  2.6480897E-07
  1.3143053E-02  1.2560814E+02  2.6853917E-07
  1.3235300E-02  1.2536534E+02  2.7232176E-07
  1.3328191E-02  1.2512624E+02  2.7615749E-07
  1.3421730E-02  1.2489111E+02  2.8004708E-07
  1.3515922E-02  1.2466021E+02  2.8399131E-07
  1.3610771E-02  1.2443381E+02  2.8799093E-07
  1.3706282E-02  1.2421220E+02  2.9204673E-07
  1.3802460E-02  1.2399564E+02  2.9615949E-07
  1.3899309E-02  1.2378440E+02  3.0033000E-07
  1.3996834E-02  1.2357875E+02  3.0455909E-07
  1.4095040E-02  1.2337898E+02  3.0884757E-07
  1.4193932E-02  1.2318535E+02  3.1319627E-07
  1.4293513E-02  1.2299813E+02  3.1760604E-07
  1.4393790E-02  1.2281761E+02  3.2207773E-07
  1.4494767E-02  1.2264405E+02  3.2661222E-07
  1.4596448E-02  1.2247772E+02  3.3121038E-07
  1.4698839E-02  1.2231889E+02  3.3587310E-07
  1.4801945E-02  1.2216784E+02  3.4060130E-07
  1.4905770E-02  1.2202483E+02  3.4539589E-07
  1.5010320E-02  1.2189013E+02  3.5025779E-07
  1.5115600E-02  1.2176401E+02  3.5518796E-07
  1.5221615E-02  1.2164672E+02  3.6018736E-07
  1.5328369E-02  1.2153853E+02  3.6525694E-07
  1.5435869E-02  1.2143970E+02  3.7039771E-07
  1.5544119E-02  1.2135048E+02  3.7561064E-07
  1.5653125E-02  1.2127113E+02  3.8089677E-07
  1.5762891E-02  1.2120189E+02  3.8625710E-07
  1.5873424E-02  1.2114301E+02  3.9169269E-07
  1.5984728E-02  1.2109474E+02  3.9720458E-07
  1.6096809E-02  1.2105732E+02  4.0279386E-07
  1.6209672E-02  1.2103097E+02  4.0846159E-07
  1.6323323E-02  1.2101594E+02  4.1420889E-07
  1.6437768E-02  1.2101244E+02  4.2003687E-07
  1.6553011E-02  1.2102070E+02  4.2594665E-07
  1.6669058E-02  1.2104094E+02  4.3193939E-07
  1.6785916E-02  1.2107337E+02  4.3801625E-07
  1.6903589E-02  1.2111818E+02  4.4417841E-07
  1.7022083E-02  1.2117559E+02  4.5042706E-07
  1.7141405E-02  1.2124578E+02  4.5676342E-07
  1.7261559E-02  1.2132895E+02  4.6318871E-07
  1.7382552E-02  1.2142527E+02  4.6970419E-07
  1.7504390E-02  1.2153492E+02  4.7631111E-07
  1.7627078E-02  1.2165807E+02  4.8301076E-07
  1.7750622E-02  1.2179487E+02  4.8980444E-07
  1.7875028E-02  1.2194548E+02  4.9669347E-07
  1.8000303E-02  1.2211004E+02  5.0367917E-07
  1.8126453E-02  1.2228868E+02  5.1076292E-07
  1.8253482E-02  1.2248154E+02  5.1794608E-07
  1.8381399E-02  1.2268874E+02  5.2523004E-07
  1.8510208E-02  1.2291038E+02  5.3261623E-07
  1.8639916E-02  1.2314657E+02  5.4010606E-07
  1.8770530E-02  1.2339740E+02  5.4770100E-07
  1.8902055E-02  1.2366294E+02  5.5540251E-07
  1.9034498E-02  1.2394328E+02  5.6321210E-07
  1.9167866E-02  1.2423848E+02  5.7113127E-07
  1.9302165E-02  1.2454858E+02  5.7916156E-07
  1.9437401E-02  1.2487363E+02  5.8730453E-07
  1.9573581E-02  1.2521366E+02  5.9556176E-07
  1.9710711E-02  1.2556870E+02  6.0393485E-07
  1.9848799E-02  1.2593874E+02  6.1242542E-07
  1.9987850E-02  1.2632379E+02  6.2103512E-07
  2.0127872E-02  1.2672383E+02  6.2976562E-07
  2.0268871E-02  1.2713883E+02  6.3861861E-07
  2.0410855E-02  1.2756877E+02  6.4759581E-07
  2.0553829E-02  1.2801359E+02  6.5669896E-07
  2.0697801E-02  1.2847322E+02  6.6592982E-07
  2.0842778E-02  1.2894759E+02  6.7529018E-07
  2.0988768E-02  1.2943662E+02  6.8478187E-07
  2.1135776E-02  1.2994020E+02  6.9440671E-07
  2.1283810E-02  1.3045823E+02  7.0416657E-07
  2.1432877E-02  1.3099056E+02  7.1406336E-07
  2.1582985E-02  1.3153708E+02  7.2409897E-07
  2.1734141E-02  1.3209762E+02  7.3427537E-07
  2.1886352E-02  1.3267202E+02  7.4459452E-07
  2.2039625E-02  1.3326009E+02  7.5505842E-07
  2.2193967E-02  1.3386165E+02  7.6566911E-07
  2.2349388E-02  1.3447649E+02  7.7642863E-07
  2.2505893E-02  1.3510438E+02  7.8733907E-07
  2.2663490E-02  1.3574510E+02  7.9840255E-07
  2.2822187E-02  1.3639840E+02  8.0962122E-07
  2.2981992E-02  1.3706401E+02  8.2099724E-07
  2.3142913E-02  1.3774166E+02  8.3253282E-07
  2.3304956E-02  1.3843106E+02  8.4423019E-07
  2.3468131E-02  1.3913191E+02  8.5609163E-07
  2.3632444E-02  1.3984388E+02  8.6811943E-07
  2.3797905E-02  1.4056666E+02  8.8031592E-07
  2.3964520E-02  1.4129989E+02  8.9268347E-07
  2.4132298E-02  1.4204322E+02  9.0522447E-07
  2.4301247E-02  1.4279627E+02  9.1794135E-07
  2.4471376E-02  1.4355866E+02  9.3083657E-07
  2.4642692E-02  1.4433000E+02  9.4391263E-07
  2.4815204E-02  1.4510987E+02  9.5717208E-07
  2.4988919E-02  1.4589785E+02  9.7061746E-07
  2.5163848E-02  1.4669351E+02  9.8425140E-07
  2.5339997E-02  1.4749638E+02  9.9807653E-07
  2.5517376E-02  1.4830602E+02  1.0120955E-06
  2.5695992E-02  1.4912194E+02  1.0263111E-06
  2.5875856E-02  1.4994367E+02  1.0407260E-06
  2.6056975E-02  1.5077070E+02  1.0553431E-06
  2.6239358E-02  1.5160252E+02  1.0701651E-06
  2.6423014E-02  1.5243862E+02  1.0851949E-06
  2.6607952E-02  1.5327847E+02  1.1004355E-06
  2.6794181E-02  1.5412152E+02  1.1158898E-06
  2.6981710E-02  1.5496722E+02  1.1315607E-06
  2.7170547E-02  1.5581501E+02  1.1474514E-06
  2.7360703E-02  1.5666432E+02  1.1635649E-06
  2.7552186E-02  1.5751457E+02  1.1799043E-06
  2.7745005E-02  1.5836518E+02  1.1964728E-06
  2.7939170E-02  1.5921554E+02  1.2132736E-06
  2.8134690E-02  1.6006506E+02  1.2303099E-06
  2.8331576E-02  1.6091312E+02  1.2475851E-06
  2.8529835E-02  1.6175911E+02  1.2651024E-06
  2.8729478E-02  1.6260240E+02  1.2828653E-06
  2.8930515E-02  1.6344236E+02  1.3008773E-06
  2.9132954E-02  1.6427835E+02  1.3191417E-06
  2.9336807E-02  1.6510975E+02  1.3376622E-06
  2.9542083E-02  1.6593590E+02  1.3564423E-06
  2.9748791E-02  1.6675616E+02  1.3754857E-06
  2.9956942E-02  1.6756987E+02  1.3947960E-06
  3.0166546E-02  1.6837640E+02  1.4143770E-06
  3.0377613E-02  1.6917508E+02  1.4342324E-06
  3.0590154E-02  1.6996526E+02  1.4543662E-06
  3.0804177E-02  1.7074629E+02  1.4747822E-06
  3.1019695E-02  1.7151751E+02  1.4954844E-06
  3.1236717E-02  1.7227827E+02  1.5164767E-06
  3.1455253E-02  1.7302792E+02  1.5377632E-06
  3.1675315E-02  1.7376582E+02  1.5593481E-06
  3.1896913E-02  1.7449131E+02  1.5812356E-06
  3.2120058E-02  1.7520376E+02  1.6034297E-06
  3.2344760E-02  1.7590253E+02  1.6259350E-06
  3.2571030E-02  1.7658699E+02  1.6487556E-06
  3.2798880E-02  1.7725652E+02  1.6718961E-06
  3.3028320E-02  1.7791049E+02  1.6953609E-06
  3.3259362E-02  1.7854831E+02  1.7191545E-06
  3.3492016E-02  1.7916937E+02  1.7432816E-06
  3.3726294E-02  1.7977308E+02  1.7677467E-06
  3.3962208E-02  1.8035886E+02  1.7925547E-06
  3.4199767E-02  1.8092615E+02  1.8177104E-06
  3.4438986E-02  1.8147437E+02  1.8432185E-06
  3.4679873E-02  1.8200300E+02  1.8690841E-06
  3.4922442E-02  1.8251149E+02  1.8953122E-06
  3.5166704E-02  1.8299934E+02  1.9219077E-06
  3.5412672E-02  1.8346603E+02  1.9488759E-06
  3.5660355E-02  1.8391109E+02  1.9762220E-06
  3.5909768E-02  1.8433405E+02  2.0039512E-06
  3.6160921E-02  1.8473445E+02  2.0320689E-06
  3.6413828E-02  1.8511187E+02  2.0605806E-06
  3.6668500E-02  1.8546588E+02  2.0894918E-06
  3.6924949E-02  1.8579610E+02  2.1188080E-06
  3.7183188E-02  1.8610215E+02  2.1485349E-06
  3.7443230E-02  1.8638368E+02  2.1786784E-06
  3.7705087E-02  1.8664037E+02  2.2092441E-06
  3.7968771E-02  1.8687190E+02  2.2402380E-06
  3.8234296E-02  1.8707799E+02  2.2716661E-06
  3.8501674E-02  1.8725838E+02  2.3035344E-06
  3.8770918E-02  1.8741285E+02  2.3358492E-06
  3.9042042E-02  1.8754118E+02  2.3686167E-06
  3.9315058E-02  1.8764319E+02  2.4018432E-06
  3.9589980E-02  1.8771873E+02  2.4355351E-06
  3.9866820E-02  1.8776767E+02  2.4696989E-06
  4.0145593E-02  1.8778991E+02  2.5043413E-06
  4.0426312E-02  1.8778539E+02  2.5394689E-06
  4.0708990E-02  1.8775406E+02  2.5750885E-06
  4.0993641E-02  1.8769590E+02  2.6112070E-06
  4.1280279E-02  1.8761095E+02  2.6478314E-06
  4.1568917E-02  1.8749924E+02  2.6849687E-06
  4.1859570E-02  1.8736086E+02  2.7226261E-06
  4.2152252E-02  1.8719593E+02  2.7608109E-06
  4.2446977E-02  1.8700458E+02  2.7995305E-06
  4.2743758E-02  1.8678698E+02  2.8387924E-06
  4.3042612E-02  1.8654336E+02  2.8786040E-06
  4.3343551E-02  1.8627394E+02  2.9189732E-06
  4.3646591E-02  1.8597900E+02  2.9599077E-06
  4.3951745E-02  1.8565884E+02  3.0014154E-06
  4.4259030E-02  1.8531381E+02  3.0435043E-06
  4.4568460E-02  1.8494427E+02  3.0861825E-06
  4.4880049E-02  1.8455063E+02  3.1294584E-06
  4.5193813E-02  1.8413331E+02  3.1733402E-06
  4.5509767E-02  1.8369280E+02  3.2178364E-06
  4.5827927E-02  1.8322959E+02  3.2629556E-06
  4.6148307E-02  1.8274422E+02  3.3087065E-06
  4.6470923E-02  1.8223725E+02  3.3550979E-06
  4.6795791E-02  1.8170928E+02  3.4021388E-06
  4.7122927E-02  1.8116093E+02  3.4498383E-06
  4.7452345E-02  1.8059287E+02  3.4982056E-06
  4.7784064E-02  1.8000579E+02  3.5472499E-06
  4.8118097E-02  1.7940041E+02  3.5969808E-06
  4.8454462E-02  1.7877747E+02  3.6474079E-06
  4.8793175E-02  1.7813776E+02  3.6985408E-06
  4.9134252E-02  1.7748208E+02  3.7503894E-06
  4.9477709E-02  1.7681127E+02  3.8029639E-06
  4.9823564E-02  1.7612619E+02  3.8562741E-06
  5.0171833E-02  1.7542772E+02  3.9103306E-06
  5.0522532E-02  1.7471678E+02  3.9651436E-06
  5.0875680E-02  1.7399430E+02  4.0207237E-06
  5.1231292E-02  1.7326125E+02  4.0770818E-06
  5.1589387E-02  1.7251859E+02  4.1342285E-06
  5.1949980E-02  1.7176734E+02  4.1921750E-06
  5.2313091E-02  1.7100851E+02  4.2509324E-06
  5.2678736E-02  1.7024314E+02  4.3105121E-06
  5.3046933E-02  1.6947230E+02  4.3709254E-06
  5.3417701E-02  1.6869705E+02  4.4321841E-06
  5.3791056E-02  1.6791848E+02  4.4943000E-06
  5.4167017E-02  1.6713770E+02  4.5572850E-06
  5.4545602E-02  1.6635581E+02  4.6211513E-06
  5.4926829E-02  1.6557394E+02  4.6859111E-06
  5.5310718E-02  1.6479323E+02  4.7515770E-06
  5.5697286E-02  1.6401479E+02  4.8181615E-06
  5.6086552E-02  1.6323980E+02  4.8856776E-06
  5.6478535E-02  1.6246938E+02  4.9541382E-06
  5.6873254E-02  1.6170470E+02  5.0235564E-06
  5.7270728E-02  1.6094689E+02  5.0939457E-06
  5.7670976E-02  1.6019712E+02  5.1653197E-06
  5.8074018E-02  1.5945652E+02  5.2376919E-06
  5.8479874E-02  1.5872625E+02  5.3110765E-06
  5.8888562E-02  1.5800743E+02  5.3854874E-06
  5.9300102E-02  1.5730118E+02  5.4609391E-06
  5.9714515E-02  1.5660864E+02  5.5374460E-06
  6.0131821E-02  1.5593089E+02  5.6150228E-06
  6.0552039E-02  1.5526902E+02  5.6936845E-06
  6.0975190E-02  1.5462412E+02  5.7734463E-06
  6.1401295E-02  1.5399723E+02  5.8543234E-06
  6.1830373E-02  1.5338938E+02  5.9363314E-06
  6.2262447E-02  1.5280160E+02  6.0194861E-06
  6.2697537E-02  1.5223486E+02  6.1038034E-06
  6.3135663E-02  1.5169013E+02  6.1892996E-06
  6.3576847E-02  1.5116835E+02  6.2759911E-06
  6.4021111E-02  1.5067042E+02  6.3638946E-06
  6.4468476E-02  1.5019721E+02  6.4530270E-06
  6.4918963E-02  1.4974956E+02  6.5434054E-06
  6.5372594E-02  1.4932827E+02  6.6350471E-06
  6.5829392E-02  1.4893413E+02  6.7279698E-06
  6.6289378E-02  1.4856784E+02  6.8221913E-06
  6.6752574E-02  1.4823010E+02  6.9177297E-06
  6.7219004E-02  1.4792156E+02  7.0146034E-06
  6.7688689E-02  1.4764282E+02  7.1128310E-06
  6.8161653E-02  1.4739442E+02  7.2124313E-06
  6.8637917E-02  1.4717689E+02  7.3134235E-06
  6.9117506E-02  1.4699068E+02  7.4158268E-06
  6.9600443E-02  1.4683621E+02  7.5196611E-06
  7.0086750E-02  1.4671382E+02  7.6249462E-06
  7.0576451E-02  1.4662383E+02  7.7317023E-06
  7.1069571E-02  1.4656648E+02  7.8399499E-06
  7.1566132E-02  1.4654198E+02  7.9497098E-06
  7.2066159E-02  1.4655046E+02  8.0610030E-06
  7.2569676E-02  1.4659201E+02  8.1738508E-06
  7.3076708E-02  1.4666665E+02  8.2882750E-06
  7.3587279E-02  1.4677435E+02  8.4042974E-06
  7.4101413E-02  1.4691502E+02  8.5219402E-06
  7.4619136E-02  1.4708849E+02  8.6412261E-06
  7.5140473E-02  1.4729457E+02  8.7621779E-06
  7.5665448E-02  1.4753296E+02  8.8848187E-06
  7.6194088E-02  1.4780333E+02  9.0091720E-06
  7.6726417E-02  1.4810529E+02  9.1352618E-06
  7.7262462E-02  1.4843837E+02  9.2631120E-06
  7.7802248E-02  1.4880205E+02  9.3927473E-06
  7.8345802E-02  1.4919574E+02  9.5241923E-06
  7.8893150E-02  1.4961880E+02  9.6574724E-06
  7.9444318E-02  1.5007052E+02  9.7926129E-06
  7.9999333E-02  1.5055014E+02  9.9296398E-06
  8.0558223E-02  1.5105682E+02  1.0068579E-05
  8.1121013E-02  1.5158967E+02  1.0209458E-05
  8.1687731E-02  1.5214776E+02  1.0352302E-05
  8.2258405E-02  1.5273009E+02  1.0497140E-05
  8.2833062E-02  1.5333558E+02  1.0643999E-05
  8.3411730E-02  1.5396313E+02  1.0792908E-05
  8.3994436E-02  1.5461158E+02  1.0943894E-05
  8.4581211E-02  1.5527969E+02  1.1096986E-05
  8.5172080E-02  1.5596621E+02  1.1252214E-05
  8.5767074E-02  1.5666981E+02  1.1409607E-05
  8.6366221E-02  1.5738913E+02  1.1569196E-05
  8.6969549E-02  1.5812277E+02  1.1731011E-05
  8.7577089E-02  1.5886926E+02  1.1895082E-05
  8.8188869E-02  1.5962711E+02  1.2061442E-05
  8.8804920E-02  1.6039480E+02  1.2230121E-05
  8.9425270E-02  1.6117075E+02  1.2401152E-05
  9.0049950E-02  1.6195337E+02  1.2574568E-05
  9.0678990E-02  1.6274103E+02  1.2750402E-05
  9.1312421E-02  1.6353206E+02  1.2928687E-05
  9.1950273E-02  1.6432480E+02  1.3109457E-05
  9.2592577E-02  1.6511752E+02  1.3292746E-05
  9.3239365E-02  1.6590852E+02  1.3478590E-05
  9.3890666E-02  1.6669604E+02  1.3667024E-05
  9.4546514E-02  1.6747834E+02  1.3858084E-05
  9.5206939E-02  1.6825367E+02  1.4051806E-05
  9.5871974E-02  1.6902024E+02  1.4248227E-05
  9.6541651E-02  1.6977630E+02  1.4447385E-05
  9.7216002E-02  1.7052007E+02  1.4649317E-05
  9.7895060E-02  1.7124979E+02  1.4854061E-05
  9.8578857E-02  1.7196370E+02  1.5061658E-05
  9.9267427E-02  1.7266007E+02  1.5272145E-05
  9.9960804E-02  1.7333716E+02  1.5485563E-05
  1.0065902E-01  1.7399326E+02  1.5701953E-05
  1.0136211E-01  1.7462669E+02  1.5921356E-05
  1.0207011E-01  1.7523578E+02  1.6143813E-05
  1.0278304E-01  1.7581889E+02  1.6369367E-05
  1.0350096E-01  1.7637444E+02  1.6598061E-05
  1.0422388E-01  1.7690085E+02  1.6829937E-05
  1.0495186E-01  1.7739661E+02  1.7065040E-05
  1.0568491E-01  1.7786023E+02  1.7303414E-05
  1.0642308E-01  1.7829029E+02  1.7545105E-05
  1.0716640E-01  1.7868540E+02  1.7790158E-05
  1.0791491E-01  1.7904424E+02  1.8038619E-05
  1.0866864E-01  1.7936553E+02  1.8290537E-05
  1.0942764E-01  1.7964807E+02  1.8545958E-05
  1.1019193E-01  1.7989071E+02  1.8804931E-05
  1.1096155E-01  1.8009238E+02  1.9067505E-05
  1.1173655E-01  1.8025205E+02  1.9333729E-05
  1.1251696E-01  1.8036880E+02  1.9603654E-05
  1.1330282E-01  1.8044177E+02  1.9877331E-05
  1.1409416E-01  1.8047015E+02  2.0154812E-05
  1.1489102E-01  1.8045326E+02  2.0436148E-05
  1.1569345E-01  1.8039045E+02  2.0721393E-05
  1.1650147E-01  1.8028120E+02  2.1010602E-05
  1.1731514E-01  1.8012505E+02  2.1303827E-05
  1.1813448E-01  1.7992164E+02  2.1601126E-05
  1.1895955E-01  1.7967067E+02  2.1902553E-05
  1.1979037E-01  1.7937197E+02  2.2208165E-05
  1.2062699E-01  1.7902545E+02  2.2518021E-05
  1.2146945E-01  1.7863109E+02  2.2832178E-05
  1.2231780E-01  1.7818899E+02  2.3150696E-05
  1.2317206E-01  1.7769933E+02  2.3473635E-05
  1.2403228E-01  1.7716240E+02  2.3801054E-05
  1.2489851E-01  1.7657857E+02  2.4133017E-05
  1.2577079E-01  1.7594830E+02  2.4469584E-05
  1.2664915E-01  1.7527217E+02  2.4810820E-05
  1.2753365E-01  1.7455083E+02  2.5156788E-05
  1.2842432E-01  1.7378503E+02  2.5507554E-05
  1.2932120E-01  1.7297562E+02  2.5863183E-05
  1.3022435E-01  1.7212353E+02  2.6223741E-05
  1.3113380E-01  1.7122979E+02  2.6589297E-05
  1.3204959E-01  1.7029551E+02  2.6959919E-05
  1.3297178E-01  1.6932191E+02  2.7335676E-05
  1.3390041E-01  1.6831025E+02  2.7716639E-05
  1.3483551E-01  1.6726193E+02  2.8102878E-05
  1.3577715E-01  1.6617837E+02  2.8494467E-05
  1.3672535E-01  1.6506112E+02  2.8891477E-05
  1.3768018E-01  1.6391178E+02  2.9293984E-05
  1.3864167E-01  1.6273201E+02  2.9702062E-05
  1.3960987E-01  1.6152358E+02  3.0115788E-05
  1.4058483E-01  1.6028827E+02  3.0535239E-05
  1.4156659E-01  1.5902798E+02  3.0960492E-05
  1.4255520E-01  1.5774462E+02  3.1391628E-05
  1.4355072E-01  1.5644017E+02  3.1828726E-05
  1.4455318E-01  1.5511668E+02  3.2271867E-05
  1.4556265E-01  1.5377622E+02  3.2721135E-05
  1.4657915E-01  1.5242090E+02  3.3176612E-05
  1.4760275E-01  1.5105290E+02  3.3638383E-05
  1.4863350E-01  1.4967439E+02  3.4106534E-05
  1.4967144E-01  1.4828759E+02  3.4581151E-05
  1.5071663E-01  1.4689475E+02  3.5062324E-05
  1.5176911E-01  1.4549811E+02  3.5550140E-05
  1.5282893E-01  1.4409996E+02  3.6044690E-05
  1.5389616E-01  1.4270255E+02  3.6546065E-05
  1.5497083E-01  1.4130818E+02  3.7054359E-05
  1.5605300E-01  1.3991911E+02  3.7569665E-05
  1.5714273E-01  1.3853762E+02  3.8092079E-05
  1.5824007E-01  1.3716596E+02  3.8621696E-05
  1.5934506E-01  1.3580636E+02  3.9158615E-05
  1.6045776E-01  1.3446104E+02  3.9702933E-05
  1.6157824E-01  1.3313217E+02  4.0254753E-05
  1.6270653E-01  1.3182191E+02  4.0814175E-05
  1.6384269E-01  1.3053235E+02  4.1381301E-05
  1.6498679E-01  1.2926557E+02  4.1956237E-05
  1.6613888E-01  1.2802357E+02  4.2539087E-05
  1.6729900E-01  1.2680832E+02  4.3129959E-05
  1.6846722E-01  1.2562170E+02  4.3728961E-05
  1.6964360E-01  1.2446557E+02  4.4336203E-05
  1.7082819E-01  1.2334168E+02  4.4951795E-05
  1.7202104E-01  1.2225172E+02  4.5575851E-05
  1.7322222E-01  1.2119731E+02  4.6208484E-05
  1.7443179E-01  1.2017999E+02  4.6849810E-05
  1.7564979E-01  1.1920120E+02  4.7499946E-05
  1.7687630E-01  1.1826230E+02  4.8159009E-05
  1.7811137E-01  1.1736456E+02  4.8827122E-05
  1.7935506E-01  1.1650915E+02  4.9504404E-05
  1.8060743E-01  1.1569714E+02  5.0190978E-05
  1.8186854E-01  1.1492950E+02  5.0886971E-05
  1.8313846E-01  1.1420709E+02  5.1592507E-05
  1.8441724E-01  1.1353067E+02  5.2307715E-05
  1.8570494E-01  1.1290089E+02  5.3032724E-05
  1.8700163E-01  1.1231829E+02  5.3767665E-05
  1.8830737E-01  1.1178329E+02  5.4512672E-05
  1.8962223E-01  1.1129621E+02  5.5267878E-05
  1.9094626E-01  1.1085723E+02  5.6033420E-05
  1.9227954E-01  1.1046645E+02  5.6809435E-05
  1.9362212E-01  1.1012382E+02  5.7596064E-05
  1.9497407E-01  1.0982920E+02  5.8393448E-05
  1.9633546E-01  1.0958231E+02  5.9201729E-05
  1.9770635E-01  1.0938278E+02  6.0021054E-05
  1.9908681E-01  1.0923010E+02  6.0851568E-05
  2.0047690E-01  1.0912367E+02  6.1693420E-05
  2.0187670E-01  1.0906276E+02  6.2546761E-05
  2.0328626E-01  1.0904654E+02  6.3411744E-05
  2.0470567E-01  1.0907406E+02  6.4288521E-05
  2.0613498E-01  1.0914427E+02  6.5177250E-05
  2.0757427E-01  1.0925603E+02  6.6078089E-05
  2.0902361E-01  1.0940807E+02  6.6991198E-05
  2.1048306E-01  1.0959905E+02  6.7916738E-05
  2.1195269E-01  1.0982752E+02  6.8854874E-05
  2.1343259E-01  1.1009193E+02  6.9805771E-05
  2.1492281E-01  1.1039068E+02  7.0769599E-05
  2.1642344E-01  1.1072205E+02  7.1746526E-05
  2.1793454E-01  1.1108425E+02  7.2736725E-05
  2.1945619E-01  1.1147543E+02  7.3740371E-05
  2.2098845E-01  1.1189367E+02  7.4757639E-05
  2.2253142E-01  1.1233697E+02  7.5788709E-05
  2.2408515E-01  1.1280328E+02  7.6833761E-05
  2.2564973E-01  1.1329050E+02  7.7892977E-05
  2.2722522E-01  1.1379648E+02  7.8966544E-05
  2.2881172E-01  1.1431902E+02  8.0054647E-05
  2.3040929E-01  1.1485589E+02  8.1157478E-05
  2.3201800E-01  1.1540483E+02  8.2275226E-05
  2.3363795E-01  1.1596355E+02  8.3408088E-05
  2.3526920E-01  1.1652973E+02  8.4556258E-05
  2.3691184E-01  1.1710105E+02  8.5719936E-05
  2.3856595E-01  1.1767519E+02  8.6899323E-05
  2.4023160E-01  1.1824979E+02  8.8094622E-05
  2.4190887E-01  1.1882254E+02  8.9306039E-05
  2.4359786E-01  1.1939109E+02  9.0533781E-05
  2.4529863E-01  1.1995315E+02  9.1778061E-05
  2.4701127E-01  1.2050642E+02  9.3039090E-05
  2.4873587E-01  1.2104864E+02  9.4317084E-05
  2.5047250E-01  1.2157757E+02  9.5612261E-05
  2.5222126E-01  1.2209101E+02  9.6924842E-05
  2.5398222E-01  1.2258681E+02  9.8255050E-05
  2.5575547E-01  1.2306286E+02  9.9603110E-05
  2.5754110E-01  1.2351711E+02  1.0096925E-04
  2.5933919E-01  1.2394754E+02  1.0235370E-04
  2.6114983E-01  1.2435224E+02  1.0375670E-04
  2.6297311E-01  1.2472932E+02  1.0517848E-04
  2.6480912E-01  1.2507698E+02  1.0661927E-04
  2.6665794E-01  1.2539350E+02  1.0807933E-04
  2.6851967E-01  1.2567722E+02  1.0955889E-04
  2.7039439E-01  1.2592660E+02  1.1105820E-04
  2.7228219E-01  1.2614014E+02  1.1257751E-04
  2.7418318E-01  1.2631645E+02  1.1411708E-04
  2.7609743E-01  1.2645424E+02  1.1567715E-04
  2.7802504E-01  1.2655229E+02  1.1725798E-04
  2.7996610E-01  1.2660951E+02  1.1885984E-04
  2.8192072E-01  1.2662488E+02  1.2048299E-04
  2.8388898E-01  1.2659749E+02  1.2212770E-04
  2.8587097E-01  1.2652653E+02  1.2379422E-04
  2.8786680E-01  1.2641131E+02  1.2548284E-04
  2.8987656E-01  1.2625121E+02  1.2719383E-04
  2.9190035E-01  1.2604575E+02  1.2892747E-04
  2.9393826E-01  1.2579453E+02  1.3068403E-04
  2.9599039E-01  1.2549726E+02  1.3246381E-04
  2.9805685E-01  1.2515377E+02  1.3426708E-04
  3.0013774E-01  1.2476398E+02  1.3609413E-04
  3.0223315E-01  1.2432791E+02  1.3794527E-04
  3.0434318E-01  1.2384570E+02  1.3982077E-04
  3.0646794E-01  1.2331756E+02  1.4172095E-04
  3.0860753E-01  1.2274383E+02  1.4364609E-04
  3.1076206E-01  1.2212493E+02  1.4559651E-04
  3.1293162E-01  1.2146138E+02  1.4757251E-04
  3.1511633E-01  1.2075380E+02  1.4957440E-04
  3.1731628E-01  1.2000289E+02  1.5160250E-04
  3.1953159E-01  1.1920944E+02  1.5365711E-04
  3.2176236E-01  1.1837433E+02  1.5573857E-04
  3.2400871E-01  1.1749850E+02  1.5784718E-04
  3.2627073E-01  1.1658300E+02  1.5998328E-04
  3.2854854E-01  1.1562894E+02  1.6214719E-04
  3.3084225E-01  1.1463748E+02  1.6433924E-04
  3.3315197E-01  1.1360988E+02  1.6655977E-04
  3.3547781E-01  1.1254745E+02  1.6880912E-04
  3.3781988E-01  1.1145155E+02  1.7108762E-04
  3.4017830E-01  1.1032360E+02  1.7339561E-04
  3.4255318E-01  1.0916507E+02  1.7573345E-04
  3.4494464E-01  1.0797749E+02  1.7810148E-04
  3.4735279E-01  1.0676240E+02  1.8050005E-04
  3.4977775E-01  1.0552140E+02  1.8292951E-04
  3.5221964E-01  1.0425613E+02  1.8539024E-04
  3.5467856E-01  1.0296822E+02  1.8788258E-04
  3.5715465E-01  1.0165937E+02  1.9040689E-04
  3.5964803E-01  1.0033126E+02  1.9296356E-04
  3.6215881E-01  9.8985606E+01  1.9555293E-04
  3.6468711E-01  9.7624127E+01  1.9817540E-04
  3.6723305E-01  9.6248547E+01  2.0083132E-04
  3.6979677E-01  9.4860589E+01  2.0352109E-04
  3.7237839E-01  9.3461976E+01  2.0624508E-04
  3.7497802E-01  9.2054419E+01  2.0900367E-04
  3.7759579E-01  9.0639620E+01  2.1179725E-04
  3.8023184E-01  8.9219263E+01  2.1462621E-04
  3.8288629E-01  8.7795011E+01  2.1749093E-04
  3.8555927E-01  8.6368507E+01  2.2039183E-04
  3.8825090E-01  8.4941361E+01  2.2332928E-04
  3.9096132E-01  8.3515155E+01  2.2630370E-04
  3.9369065E-01  8.2091437E+01  2.2931547E-04
  3.9643904E-01  8.0671716E+01  2.3236501E-04
  3.9920661E-01  7.9257458E+01  2.3545273E-04
  4.0199350E-01  7.7850090E+01  2.3857902E-04
  4.0479984E-01  7.6450989E+01  2.4174431E-04
  4.0762576E-01  7.5061485E+01  2.4494901E-04
  4.1047141E-01  7.3682855E+01  2.4819353E-04
  4.1333693E-01  7.2316323E+01  2.5147828E-04
  4.1622244E-01  7.0963059E+01  2.5480370E-04
  4.1912809E-01  6.9624176E+01  2.5817019E-04
  4.2205403E-01  6.8300726E+01  2.6157820E-04
  4.2500039E-01  6.6993703E+01  2.6502813E-04
  4.2796731E-01  6.5704040E+01  2.6852041E-04
  4.3095494E-01  6.4432607E+01  2.7205549E-04
  4.3396342E-01  6.3180212E+01  2.7563378E-04
  4.3699290E-01  6.1947600E+01  2.7925571E-04
  4.4004353E-01  6.0735451E+01  2.8292173E-04
  4.4311545E-01  5.9544384E+01  2.8663226E-04
  4.4620881E-01  5.8374950E+01  2.9038774E-04
  4.4932377E-01  5.7227641E+01  2.9418860E-04
  4.5246046E-01  5.6102882E+01  2.9803529E-04
  4.5561905E-01  5.5001039E+01  3.0192824E-04
  4.5879968E-01  5.3922414E+01  3.0586789E-04
  4.6200251E-01  5.2867248E+01  3.0985468E-04
  4.6522770E-01  5.1835723E+01  3.1388904E-04
  4.6847540E-01  5.0827962E+01  3.1797142E-04
  4.7174577E-01  4.9844031E+01  3.2210226E-04
  4.7503897E-01  4.8883940E+01  3.2628199E-04
  4.7835515E-01  4.7947644E+01  3.3051106E-04
  4.8169447E-01  4.7035048E+01  3.3478990E-04
  4.8505711E-01  4.6146003E+01  3.3911895E-04
  4.8844321E-01  4.5280313E+01  3.4349865E-04
  4.9185295E-01  4.4437736E+01  3.4792943E-04
  4.9528649E-01  4.3617986E+01  3.5241173E-04
  4.9874400E-01  4.2820731E+01  3.5694598E-04
  5.0222563E-01  4.2045604E+01  3.6153262E-04
  5.0573157E-01  4.1292198E+01  3.6617207E-04
  5.0926198E-01  4.0560071E+01  3.7086476E-04
  5.1281703E-01  3.9848749E+01  3.7561111E-04
  5.1639689E-01  3.9157727E+01  3.8041155E-04
  5.2000174E-01  3.8486474E+01  3.8526651E-04
  5.2363175E-01  3.7834433E+01  3.9017638E-04
  5.2728710E-01  3.7201026E+01  3.9514159E-04
  5.3096796E-01  3.6585654E+01  4.0016255E-04
  5.3467452E-01  3.5987701E+01  4.0523966E-04
  5.3840694E-01  3.5406539E+01  4.1037333E-04
  5.4216541E-01  3.4841525E+01  4.1556394E-04
  5.4595012E-01  3.4292009E+01  4.2081190E-04
  5.4976125E-01  3.3757332E+01  4.2611758E-04
  5.5359897E-01  3.3236834E+01  4.3148137E-04
  5.5746349E-01  3.2729849E+01  4.3690364E-04
  5.6135497E-01  3.2235713E+01  4.4238476E-04
  5.6527362E-01  3.1753765E+01  4.4792510E-04
  5.6921962E-01  3.1283348E+01  4.5352500E-04
  5.7319316E-01  3.0823811E+01  4.5918481E-04
  5.7719444E-01  3.0374512E+01  4.6490487E-04
  5.8122364E-01  2.9934818E+01  4.7068552E-04
  5.8528097E-01  2.9504110E+01  4.7652707E-04
  5.8936661E-01  2.9081781E+01  4.8242983E-04
  5.9348078E-01  2.8667239E+01  4.8839411E-04
  5.9762366E-01  2.8259910E+01  4.9442020E-04
  6.0179545E-01  2.7859237E+01  5.0050838E-04
  6.0599636E-01  2.7464680E+01  5.0665891E-04
  6.1022660E-01  2.7075722E+01  5.1287207E-04
  6.1448636E-01  2.6691865E+01  5.1914809E-04
  6.1877585E-01  2.6312634E+01  5.2548720E-04
  6.2309529E-01  2.5937576E+01  5.3188963E-04
  6.2744487E-01  2.5566261E+01  5.3835557E-04
  6.3182481E-01  2.5198284E+01  5.4488522E-04
  6.3623532E-01  2.4833262E+01  5.5147876E-04
  6.4067662E-01  2.4470840E+01  5.5813634E-04
  6.4514891E-01  2.4110683E+01  5.6485810E-04
  6.4965243E-01  2.3752486E+01  5.7164416E-04
  6.5418737E-01  2.3395965E+01  5.7849464E-04
  6.5875397E-01  2.3040864E+01  5.8540962E-04
  6.6335244E-01  2.2686950E+01  5.9238916E-04
  6.6798301E-01  2.2334014E+01  5.9943332E-04
  6.7264590E-01  2.1981874E+01  6.0654211E-04
  6.7734133E-01  2.1630368E+01  6.1371555E-04
  6.8206954E-01  2.1279362E+01  6.2095361E-04
  6.8683075E-01  2.0928741E+01  6.2825625E-04
  6.9162519E-01  2.0578415E+01  6.3562340E-04
  6.9645309E-01  2.0228313E+01  6.4305496E-04
  7.0131470E-01  1.9878388E+01  6.5055083E-04
  7.0621023E-01  1.9528612E+01  6.5811084E-04
  7.1113994E-01  1.9178975E+01  6.6573483E-04
  7.1610406E-01  1.8829487E+01  6.7342259E-04
  7.2110282E-01  1.8480176E+01  6.8117387E-04
  7.2613647E-01  1.8131085E+01  6.8898843E-04
  7.3120526E-01  1.7782275E+01  6.9686595E-04
  7.3630943E-01  1.7433821E+01  7.0480610E-04
  7.4144922E-01  1.7085810E+01  7.1280852E-04
  7.4662488E-01  1.6738345E+01  7.2087279E-04
  7.5183668E-01  1.6391539E+01  7.2899848E-04
  7.5708484E-01  1.6045515E+01  7.3718510E-04
  7.6236964E-01  1.5700408E+01  7.4543215E-04
  7.6769133E-01  1.5356359E+01  7.5373904E-04
  7.7305016E-01  1.5013519E+01  7.6210519E-04
  7.7844640E-01  1.4672045E+01  7.7052994E-04
  7.8388030E-01  1.4332100E+01  7.7901261E-04
  7.8935212E-01  1.3993851E+01  7.8755245E-04
  7.9486214E-01  1.3657469E+01  7.9614868E-04
  8.0041062E-01  1.3323129E+01  8.0480046E-04
  8.0599782E-01  1.2991006E+01  8.1350690E-04
  8.1162403E-01  1.2661278E+01  8.2226708E-04
  8.1728950E-01  1.2334123E+01  8.3107999E-04
  8.2299451E-01  1.2009717E+01  8.3994459E-04
  8.2873935E-01  1.1688237E+01  8.4885977E-04
  8.3452428E-01  1.1369855E+01  8.5782437E-04
  8.4034959E-01  1.1054742E+01  8.6683717E-04
  8.4621556E-01  1.0743067E+01  8.7589687E-04
  8.5212248E-01  1.0434993E+01  8.8500214E-04
  8.5807062E-01  1.0130679E+01  8.9415154E-04
  8.6406028E-01  9.8302778E+00  9.0334361E-04
  8.7009174E-01  9.5339384E+00  9.1257678E-04
  8.7616531E-01  9.2418027E+00  9.2184944E-04
  8.8228126E-01  8.9540063E+00  9.3115988E-04
  8.8843991E-01  8.6706779E+00  9.4050634E-04
  8.9464154E-01  8.3919390E+00  9.4988697E-04
  9.0088645E-01  8.1179037E+00  9.5929983E-04
  9.0717496E-01  7.8486784E+00  9.6874291E-04
  9.1350735E-01  7.5843614E+00  9.7821414E-04
  9.1988395E-01  7.3250431E+00  9.8771131E-04
  9.2630505E-01  7.0708056E+00  9.9723219E-04
  9.3277097E-01  6.8217226E+00  1.0067744E-03
  9.3928202E-01  6.5778596E+00  1.0163355E-03
  9.4583852E-01  6.3392735E+00  1.0259129E-03
  9.5244078E-01  6.1060130E+00  1.0355041E-03
  9.5908912E-01  5.8781183E+00  1.0451062E-03
  9.6578387E-01  5.6556214E+00  1.0547165E-03
  9.7252534E-01  5.4385461E+00  1.0643320E-03
  9.7931387E-01  5.2269080E+00  1.0739496E-03
  9.8614978E-01  5.0207151E+00  1.0835662E-03
  9.9303341E-01  4.8199672E+00  1.0931786E-03
  9.9996508E-01  4.6246570E+00  1.1027833E-03
  1.0069451E+00  4.4347696E+00  1.1123769E-03
  1.0139739E+00  4.2502830E+00  1.1219558E-03
  1.0210517E+00  4.0711684E+00  1.1315162E-03
  1.0281790E+00  3.8973902E+00  1.1410543E-03
  1.0353559E+00  3.7289068E+00  1.1505661E-03
  1.0425830E+00  3.5656702E+00  1.1600475E-03
  1.0498605E+00  3.4076269E+00  1.1694942E-03
  1.0571888E+00  3.2547176E+00  1.1789020E-03
  1.0645683E+00  3.1068783E+00  1.1882663E-03
  1.0719993E+00  2.9640396E+00  1.1975824E-03
  1.0794821E+00  2.8261280E+00  1.2068456E-03
  1.0870172E+00  2.6930656E+00  1.2160510E-03
  1.0946048E+00  2.5647706E+00  1.2251936E-03
  1.1022454E+00  2.4411575E+00  1.2342680E-03
  1.1099394E+00  2.3221378E+00  1.2432690E-03
  1.1176870E+00  2.2076198E+00  1.2521910E-03
  1.1254888E+00  2.0975091E+00  1.2610283E-03
  1.1333449E+00  1.9917092E+00  1.2697753E-03
  1.1412560E+00  1.8901212E+00  1.2784258E-03
  1.1492222E+00  1.7926448E+00  1.2869738E-03
  1.1572440E+00  1.6991778E+00  1.2954129E-03
  1.1653218E+00  1.6096171E+00  1.3037367E-03
  1.1734561E+00  1.5238585E+00  1.3119386E-03
  1.1816470E+00  1.4417971E+00  1.3200118E-03
  1.1898952E+00  1.3633276E+00  1.3279492E-03
  1.1982009E+00  1.2883445E+00  1.3357439E-03
  1.2065646E+00  1.2167422E+00  1.3433885E-03
  1.2149867E+00  1.1484154E+00  1.3508754E-03
  1.2234675E+00  1.0832593E+00  1.3581972E-03
  1.2320076E+00  1.0211696E+00  1.3653458E-03
  1.2406072E+00  9.6204287E-01  1.3723135E-03
  1.2492669E+00  9.0577659E-01  1.3790919E-03
  1.2579870E+00  8.5226944E-01  1.3856727E-03
  1.2667680E+00  8.0142135E-01  1.3920475E-03
  1.2756103E+00  7.5313368E-01  1.3982074E-03
  1.2845143E+00  7.0730934E-01  1.4041438E-03
  1.2934805E+00  6.6385287E-01  1.4098474E-03
  1.3025092E+00  6.2267062E-01  1.4153091E-03
  1.3116009E+00  5.8367077E-01  1.4205195E-03
  1.3207561E+00  5.4676344E-01  1.4254690E-03
  1.3299752E+00  5.1186079E-01  1.4301480E-03
  1.3392587E+00  4.7887706E-01  1.4345464E-03
  1.3486069E+00  4.4772863E-01  1.4386544E-03
  1.3580204E+00  4.1833405E-01  1.4424615E-03
  1.3674996E+00  3.9061413E-01  1.4459576E-03
  1.3770450E+00  3.6449192E-01  1.4491321E-03
  1.3866570E+00  3.3989275E-01  1.4519742E-03
  1.3963361E+00  3.1674426E-01  1.4544733E-03
  1.4060827E+00  2.9497639E-01  1.4566184E-03
  1.4158974E+00  2.7452138E-01  1.4583983E-03
  1.4257805E+00  2.5531380E-01  1.4598020E-03
  1.4357327E+00  2.3729048E-01  1.4608182E-03
  1.4457543E+00  2.2039057E-01  1.4614353E-03
  1.4558459E+00  2.0455546E-01  1.4616421E-03
  1.4660079E+00  1.8972879E-01  1.4614268E-03
  1.4762408E+00  1.7585638E-01  1.4607779E-03
  1.4865451E+00  1.6288626E-01  1.4596837E-03
  1.4969214E+00  1.5076858E-01  1.4581323E-03
  1.5073701E+00  1.3945559E-01  1.4561121E-03
  1.5178918E+00  1.2890161E-01  1.4536113E-03
  1.5284868E+00  1.1906297E-01  1.4506180E-03
  1.5391558E+00  1.0989794E-01  1.4471205E-03
  1.5498993E+00  1.0136673E-01  1.4431072E-03
  1.5607178E+00  9.3431430E-02  1.4385662E-03
  1.5716118E+00  8.6055909E-02  1.4334862E-03
  1.5825818E+00  7.9205814E-02  1.4278555E-03
  1.5936284E+00  7.2848498E-02  1.4216629E-03
  1.6047521E+00  6.6952963E-02  1.4148972E-03
  1.6159534E+00  6.1489805E-02  1.4075474E-03
  1.6272329E+00  5.6431163E-02  1.3996027E-03
  1.6385912E+00  5.1750659E-02  1.3910527E-03
  1.6500287E+00  4.7423344E-02  1.3818872E-03
  1.6615461E+00  4.3425645E-02  1.3720962E-03
  1.6731438E+00  3.9735306E-02  1.3616703E-03
  1.6848225E+00  3.6331339E-02  1.3506003E-03
  1.6965827E+00  3.3193964E-02  1.3388775E-03
  1.7084250E+00  3.0304566E-02  1.3264940E-03
  1.7203500E+00  2.7645632E-02  1.3134420E-03
  1.7323581E+00  2.5200711E-02  1.2997145E-03
  1.7444501E+00  2.2954358E-02  1.2853054E-03
  1.7566265E+00  2.0892088E-02  1.2702089E-03
  1.7688879E+00  1.9000329E-02  1.2544203E-03
  1.7812349E+00  1.7266375E-02  1.2379356E-03
  1.7936680E+00  1.5678345E-02  1.2207519E-03
  1.8061880E+00  1.4225137E-02  1.2028671E-03
  1.8187953E+00  1.2896385E-02  1.1842804E-03
  1.8314906E+00  1.1682426E-02  1.1649919E-03
  1.8442745E+00  1.0574253E-02  1.1450033E-03
  1.8571477E+00  9.5634825E-03  1.1243173E-03
  1.8701107E+00  8.6423181E-03  1.1029384E-03
  1.8831641E+00  7.8035157E-03  1.0808723E-03
  1.8963087E+00  7.0403509E-03  1.0581268E-03
  1.9095451E+00  6.3465875E-03  1.0347110E-03
  1.9228738E+00  5.7164476E-03  1.0106364E-03
  1.9362956E+00  5.1445829E-03  9.8591614E-04
  1.9498110E+00  4.6260475E-03  9.6056581E-04
  1.9634208E+00  4.1562717E-03  9.3460320E-04
  1.9771255E+00  3.7310378E-03  9.0804862E-04
  1.9909259E+00  3.3464564E-03  8.8092498E-04
  2.0048227E+00  2.9989443E-03  8.5325805E-04
  2.0188164E+00  2.6852036E-03  8.2507654E-04
  2.0329078E+00  2.4022019E-03  7.9641236E-04
  2.0470976E+00  2.1471536E-03  7.6730079E-04
  2.0613864E+00  1.9175022E-03  7.3778066E-04
  2.0757750E+00  1.7109038E-03  7.0789462E-04
  2.0902639E+00  1.5252114E-03  6.7768935E-04
  2.1048540E+00  1.3584606E-03  6.4721577E-04
  2.1195460E+00  1.2088554E-03  6.1652933E-04
  2.1343405E+00  1.0747555E-03  5.8569027E-04
  2.1492382E+00  9.5466444E-04  5.5476389E-04
  2.1642399E+00  8.4721817E-04  5.2382085E-04
  2.1793464E+00  7.5117462E-04  4.9293747E-04
  2.1945583E+00  6.6540388E-04  4.6219607E-04
  2.2098763E+00  5.8887916E-04  4.3168529E-04
  2.2253013E+00  5.2066824E-04  4.0150047E-04
  2.2408339E+00  4.5992566E-04  3.7174401E-04
  2.2564750E+00  4.0588539E-04  3.4252577E-04
  2.2722252E+00  3.5785410E-04  3.1396347E-04
  2.2880853E+00  3.1520486E-04  2.8618316E-04
  2.3040562E+00  2.7737139E-04  2.5931962E-04
  2.3201385E+00  2.4384271E-04  2.3351690E-04
  2.3363331E+00  2.1415820E-04  2.0892876E-04
  2.3526407E+00  1.8790310E-04  1.8571926E-04
  2.3690622E+00  1.6470428E-04  1.6406325E-04
  2.3855982E+00  1.4422647E-04  1.4414697E-04
  2.4022497E+00  1.2616869E-04  1.2616869E-04
  2.4190174E+00  1.1026105E-04  1.1026105E-04
  2.4359021E+00  9.6261777E-05  9.6261777E-05
  2.4529047E+00  8.3954546E-05  8.3954546E-05
  2.4700259E+00  7.3145977E-05  7.3145977E-05
  2.4872667E+00  6.3663402E-05  6.3663402E-05
  2.5046278E+00  5.5352809E-05  5.5352809E-05
  2.5221101E+00  4.8076977E-05  4.8076977E-05
  2.5397144E+00  4.1713777E-05  4.1713777E-05
  2.5574415E+00  3.6154632E-05  3.6154632E-05
  2.5752924E+00  3.1303120E-05  3.1303120E-05
  2.5932679E+00  2.7073705E-05  2.7073705E-05
  2.6113689E+00  2.3390595E-05  2.3390595E-05
  2.6295962E+00  2.0186706E-05  2.0186706E-05
  2.6479507E+00  1.7402729E-05  1.7402729E-05
  2.6664334E+00  1.4986285E-05  1.4986285E-05
  2.6850450E+00  1.2891172E-05  1.2891172E-05
  2.7037866E+00  1.1076680E-05  1.1076680E-05
  2.7226589E+00  9.5069806E-06  9.5069806E-06
  2.7416630E+00  8.1505768E-06  8.1505768E-06
  2.7607997E+00  6.9798127E-06  6.9798127E-06
  2.7800700E+00  5.9704326E-06  5.9704326E-06
  2.7994748E+00  5.1011881E-06  5.1011881E-06
  2.8190151E+00  4.3534870E-06  4.3534870E-06
  2.8386917E+00  3.7110808E-06  3.7110808E-06
  2.8585057E+00  3.1597856E-06  3.1597856E-06
  2.8784579E+00  2.6872352E-06  2.6872352E-06
  2.8985495E+00  2.2826609E-06  2.2826609E-06
  2.9187812E+00  1.9366963E-06  1.9366963E-06
  2.9391542E+00  1.6412049E-06  1.6412049E-06
  2.9596694E+00  1.3891269E-06  1.3891269E-06
  2.9803277E+00  1.1743447E-06  1.1743447E-06
  3.0011303E+00  9.9156331E-07  9.9156331E-07
  3.0220780E+00  8.3620575E-07  8.3620575E-07
  3.0431720E+00  7.0432045E-07  7.0432045E-07
  3.0644132E+00  5.9250016E-07  5.9250016E-07
  3.0858027E+00  4.9781071E-07  4.9781071E-07
  3.1073414E+00  4.1772851E-07  4.1772851E-07
  3.1290305E+00  3.5008589E-07  3.5008589E-07
  3.1508710E+00  2.9302332E-07  2.9302332E-07
  3.1728639E+00  2.4494765E-07  2.4494765E-07
  3.1950103E+00  2.0449576E-07  2.0449576E-07
  3.2173113E+00  1.7050285E-07  1.7050285E-07
  3.2397679E+00  1.4197491E-07  1.4197491E-07
  3.2623813E+00  1.1806483E-07  1.1806483E-07
  3.2851526E+00  9.8051604E-08  9.8051604E-08
  3.3080827E+00  8.1322428E-08  8.1322428E-08
  3.3311729E+00  6.7357141E-08  6.7357141E-08
  3.3544243E+00  5.5714828E-08  5.5714828E-08
  3.3778380E+00  4.6022258E-08  4.6022258E-08
  3.4014151E+00  3.7963926E-08  3.7963926E-08
  3.4251567E+00  3.1273496E-08  3.1273496E-08
  3.4490641E+00  2.5726451E-08  2.5726451E-08
  3.4731383E+00  2.1133794E-08  2.1133794E-08
  3.4973806E+00  1.7336647E-08  1.7336647E-08
  3.5217921E+00  1.4201647E-08  1.4201647E-08
  3.5463739E+00  1.1617004E-08  1.1617004E-08
  3.5711274E+00  9.4891481E-09  9.4891481E-09
  3.5960536E+00  7.7398714E-09  7.7398714E-09
  3.6211538E+00  6.3039019E-09  6.3039019E-09
  3.6464292E+00  5.1268432E-09  5.1268432E-09
  3.6718810E+00  4.1634291E-09  4.1634291E-09
  3.6975104E+00  3.3760472E-09  3.3760472E-09
  3.7233187E+00  2.7334907E-09  2.7334907E-09
  3.7493072E+00  2.2099071E-09  2.2099071E-09
  3.7754771E+00  1.7839114E-09  1.7839114E-09
  3.8018296E+00  1.4378409E-09  1.4378409E-09
  3.8283661E+00  1.1571299E-09  1.1571299E-09
  3.8550878E+00  9.2978500E-10  9.2978500E-10
  3.8819959E+00  7.4594606E-10  7.4594606E-10
  3.9090920E+00  5.9751954E-10  5.9751954E-10
  3.9363771E+00  4.7787231E-10  4.7787231E-10
  3.9638527E+00  3.8157677E-10  3.8157677E-10
  3.9915200E+00  3.0419879E-10  3.0419879E-10
  4.0193805E+00  2.4212169E-10  2.4212169E-10
  4.0474354E+00  1.9240027E-10  1.9240027E-10
  4.0756861E+00  1.5264006E-10  1.5264006E-10
  4.1041340E+00  1.2089748E-10  1.2089748E-10
  4.1327805E+00  9.5597572E-11  9.5597572E-11
  4.1616270E+00  7.5466173E-11  7.5466173E-11
  4.1906747E+00  5.9474193E-11  5.9474193E-11
  4.2199252E+00  4.6791874E-11  4.6791874E-11
  4.2493799E+00  3.6751309E-11  3.6751309E-11
  4.2790402E+00  2.8815787E-11  2.8815787E-11
  4.3089075E+00  2.2554760E-11  2.2554760E-11
  4.3389832E+00  1.7623441E-11  1.7623441E-11
  4.3692689E+00  1.3746201E-11  1.3746201E-11
  4.3997660E+00  1.0703080E-11  1.0703080E-11
  4.4304759E+00  8.3188555E-12  8.3188555E-12
  4.4614002E+00  6.4541892E-12  6.4541892E-12
  4.4925403E+00  4.9984762E-12  4.9984762E-12
  4.5238978E+00  3.8640781E-12  3.8640781E-12
  4.5554741E+00  2.9816795E-12  2.9816795E-12
  4.5872709E+00  2.2965569E-12  2.2965569E-12
  4.6192895E+00  1.7655868E-12  1.7655868E-12
  4.6515317E+00  1.3548490E-12  1.3548490E-12
  4.6839989E+00  1.0377123E-12  1.0377123E-12
  4.7166927E+00  7.9330753E-13  7.9330753E-13
  4.7496147E+00  6.0531158E-13  6.0531158E-13
  4.7827665E+00  4.6098139E-13  4.6098139E-13
  4.8161497E+00  3.5038781E-13  3.5038781E-13
  4.8497659E+00  2.6580914E-13  2.6580914E-13
  4.8836167E+00  2.0125203E-13  2.0125203E-13
  4.9177038E+00  1.5207371E-13  1.5207371E-13
  4.9520289E+00  1.1468472E-13  1.1468472E-13
  4.9865935E+00  8.6315458E-14  8.6315458E-14
  5.0213993E+00  6.4833152E-14  6.4833152E-14
  5.0564481E+00  4.8598760E-14  4.8598760E-14
  5.0917415E+00  3.6355210E-14  3.6355210E-14
  5.1272813E+00  2.7140349E-14  2.7140349E-14
  5.1630691E+00  2.0219263E-14  2.0219263E-14
  5.1991068E+00  1.5031772E-14  1.5031772E-14
  5.2353959E+00  1.1151769E-14  1.1151769E-14
  5.2719384E+00  8.2558132E-15  8.2558132E-15
  5.3087359E+00  6.0989087E-15  6.0989087E-15
  5.3457902E+00  4.4958755E-15  4.4958755E-15
  5.3831032E+00  3.3070436E-15  3.3070436E-15
  5.4206766E+00  2.4272957E-15  2.4272957E-15
  5.4585123E+00  1.7776904E-15  1.7776904E-15
  5.4966120E+00  1.2990737E-15  1.2990737E-15
  5.5349777E+00  9.4721628E-16  9.4721628E-16
  5.5736112E+00  6.8912129E-16  6.8912129E-16
  5.6125143E+00  5.0022655E-16  5.0022655E-16
  5.6516889E+00  3.6228949E-16  3.6228949E-16
  5.6911370E+00  2.6179177E-16  2.6179177E-16
  5.7308604E+00  1.8873863E-16  1.8873863E-16
  5.7708611E+00  1.3575736E-16  1.3575736E-16
  5.8111410E+00  9.7421975E-17  9.7421975E-17
  5.8517020E+00  6.9748457E-17  6.9748457E-17
  5.8925461E+00  4.9818369E-17  4.9818369E-17
  5.9336753E+00  3.5498882E-17  3.5498882E-17
  5.9750916E+00  2.5234989E-17  2.5234989E-17
  6.0167970E+00  1.7895664E-17  1.7895664E-17
  6.0587935E+00  1.2660231E-17  1.2660231E-17
  6.1010830E+00  8.9346479E-18  8.9346479E-18
  6.1436678E+00  6.2899621E-18  6.2899621E-18
  6.1865498E+00  4.4171907E-18  4.4171907E-18
  6.2297311E+00  3.0943147E-18  3.0943147E-18
  6.2732138E+00  2.1621990E-18  2.1621990E-18
  6.3170000E+00  1.5070659E-18  1.5070659E-18
  6.3610918E+00  1.0477720E-18  1.0477720E-18
  6.4054913E+00  7.2659388E-19  7.2659388E-19
  6.4502008E+00  5.0257338E-19  5.0257338E-19
  6.4952223E+00  3.4672277E-19  3.4672277E-19
  6.5405581E+00  2.3857925E-19  2.3857925E-19
  6.5862103E+00  1.6373541E-19  1.6373541E-19
  6.6321811E+00  1.1207387E-19  1.1207387E-19
  6.6784728E+00  7.6508554E-20  7.6508554E-20
  6.7250876E+00  5.2089662E-20  5.2089662E-20
  6.7720278E+00  3.5368852E-20  3.5368852E-20
  6.8192956E+00  2.3950257E-20  2.3950257E-20
  6.8668933E+00  1.6173760E-20  1.6173760E-20
  6.9148233E+00  1.0892190E-20  1.0892190E-20
  6.9630878E+00  7.3150031E-21  7.3150031E-21
  7.0116891E+00  4.8989221E-21  4.8989221E-21
  7.0606297E+00  3.2716351E-21  3.2716351E-21
  7.1099119E+00  2.1787077E-21  2.1787077E-21
  7.1595381E+00  1.4467527E-21  1.4467527E-21
  7.2095106E+00  9.5794868E-22  9.5794868E-22
  7.2598319E+00  6.3246143E-22  6.3246143E-22
  7.3105045E+00  4.1635169E-22  4.1635169E-22
  7.3615308E+00  2.7328316E-22  2.7328316E-22
  7.4129132E+00  1.7884745E-22  1.7884745E-22
  7.4646542E+00  1.1669734E-22  1.1669734E-22
  7.5167564E+00  7.5916908E-23  7.5916908E-23
  7.5692223E+00  4.9238662E-23  4.9238662E-23
  7.6220543E+00  3.1838675E-23  3.1838675E-23
  7.6752551E+00  2.0524636E-23  2.0524636E-23
  7.7288273E+00  1.3190413E-23  1.3190413E-23
  7.7827733E+00  8.4507323E-24  8.4507323E-24
  7.8370959E+00  5.3972666E-24  5.3972666E-24
  7.8917977E+00  3.4362712E-24  3.4362712E-24
  7.9468812E+00  2.1808482E-24  2.1808482E-24
  8.0023493E+00  1.3796795E-24  1.3796795E-24
  8.0582044E+00  8.7003362E-25  8.7003362E-25
  8.1144495E+00  5.4687627E-25  5.4687627E-25
  8.1710871E+00  3.4263165E-25  3.4263165E-25
  8.2281200E+00  2.1396428E-25  2.1396428E-25
  8.2855511E+00  1.3317432E-25  1.3317432E-25
  8.3433829E+00  8.2614255E-26  8.2614255E-26
  8.4016184E+00  5.1078092E-26  5.1078092E-26
  8.4602604E+00  3.1473808E-26  3.1473808E-26
  8.5193118E+00  1.9328074E-26  1.9328074E-26
  8.5787752E+00  1.1828840E-26  1.1828840E-26
  8.6386537E+00  7.2143902E-27  7.2143902E-27
  8.6989502E+00  4.3848069E-27  4.3848069E-27
  8.7596675E+00  2.6557313E-27  2.6557313E-27
  8.8208086E+00  1.6028393E-27  1.6028393E-27
  8.8823765E+00  9.6395619E-28  9.6395619E-28
  8.9443740E+00  5.7766403E-28  5.7766403E-28
  9.0068043E+00  3.4493178E-28  3.4493178E-28
  9.0696704E+00  2.0522017E-28  2.0522017E-28
  9.1329753E+00  1.2165356E-28  1.2165356E-28
  9.1967220E+00  7.1851610E-29  7.1851610E-29
  9.2609136E+00  4.2280874E-29  4.2280874E-29
  9.3255533E+00  2.4787685E-29  2.4787685E-29
  9.3906442E+00  1.4477757E-29  1.4477757E-29
  9.4561894E+00  8.4241972E-30  8.4241972E-30
  9.5221920E+00  4.8832199E-30  4.8832199E-30
  9.5886554E+00  2.8198309E-30  2.8198309E-30
  9.6555827E+00  1.6220614E-30  1.6220614E-30
  9.7229771E+00  9.2945269E-31  9.2945269E-31
  9.7908418E+00  5.3050730E-31  5.3050730E-31
  9.8591803E+00  3.0161137E-31  3.0161137E-31
  9.9279958E+00  1.7079865E-31  1.7079865E-31
  9.9972916E+00  9.6336217E-32  9.6336217E-32
  1.0067071E+01  5.4119170E-32  5.4119170E-32
  1.0137338E+01  3.0280074E-32  3.0280074E-32
  1.0208094E+01  1.6873097E-32  1.6873097E-32
  1.0279345E+01  9.3638072E-33  9.3638072E-33
  1.0351093E+01  5.1750858E-33  5.1750858E-33
  1.0423342E+01  2.8482468E-33  2.8482468E-33
  1.0496096E+01  1.5610619E-33  1.5610619E-33
  1.0569356E+01  8.5198607E-34  8.5198607E-34
  1.0643129E+01  4.6302241E-34  4.6302241E-34
  1.0717416E+01  2.5056236E-34  2.5056236E-34
  1.0792222E+01  1.3500821E-34  1.3500821E-34
  1.0867550E+01  7.2430751E-35  7.2430751E-35
  1.0943403E+01  3.8689332E-35  3.8689332E-35
  1.1019787E+01  2.0575564E-35  2.0575564E-35
  1.1096703E+01  1.0894100E-35  1.0894100E-35
  1.1174156E+01  5.7424426E-36  5.7424426E-36
  1.1252150E+01  3.0133829E-36  3.0133829E-36
  1.1330688E+01  1.5741670E-36  1.5741670E-36
  1.1409774E+01  8.1860144E-37  8.1860144E-37
  1.1489412E+01  4.2374614E-37  4.2374614E-37
  1.1569606E+01  2.1834173E-37  2.1834173E-37
  1.1650360E+01  1.1198288E-37  1.1198288E-37
  1.1731678E+01  5.7165812E-38  5.7165812E-38
  1.1813563E+01  2.9045373E-38  2.9045373E-38
  1.1896019E+01  1.4687882E-38  1.4687882E-38
  1.1979052E+01  7.3921161E-39  7.3921161E-39
  1.2062663E+01  3.7024685E-39  3.7024685E-39
  1.2146859E+01  1.8454934E-39  1.8454934E-39
  1.2231642E+01  9.1541402E-40  9.1541402E-40
  1.2317016E+01  4.5184752E-40  4.5184752E-40
  1.2402987E+01  2.2193241E-40  2.2193241E-40
  1.2489558E+01  1.0846489E-40  1.0846489E-40
  1.2576733E+01  5.2745114E-41  5.2745114E-41
  1.2664516E+01  2.5520243E-41  2.5520243E-41
  1.2752912E+01  1.2285185E-41  1.2285185E-41
  1.2841925E+01  5.8837961E-42  5.8837961E-42
  1.2931560E+01  2.8034778E-42  2.8034778E-42
  1.3021820E+01  1.3288767E-42  1.3288767E-42
  1.3112710E+01  6.2662058E-43  6.2662058E-43
  1.3204234E+01  2.9392824E-43  2.9392824E-43
  1.3296397E+01  1.3714462E-43  1.3714462E-43
  1.3389204E+01  6.3650394E-44  6.3650394E-44
  1.3482658E+01  2.9382731E-44  2.9382731E-44
  1.3576764E+01  1.3490740E-44  1.3490740E-44
  1.3671528E+01  6.1604952E-45  6.1604952E-45
  1.3766953E+01  2.7977910E-45  2.7977910E-45
  1.3863044E+01  1.2636249E-45  1.2636249E-45
  1.3959805E+01  5.6755459E-46  5.6755459E-46
  1.4057242E+01  2.5349354E-46  2.5349354E-46
  1.4155359E+01  1.1258461E-46  1.1258461E-46
  1.4254161E+01  4.9719533E-47  4.9719533E-47
  1.4353652E+01  2.1832012E-47  2.1832012E-47
  1.4453838E+01  9.5315125E-48  9.5315125E-48
  1.4554724E+01  4.1372585E-48  4.1372585E-48
  1.4656313E+01  1.7853769E-48  1.7853769E-48
  1.4758611E+01  7.6594211E-49  7.6594211E-49
  1.4861624E+01  3.2665776E-49  3.2665776E-49
  1.4965355E+01  1.3848512E-49  1.3848512E-49
  1.5069811E+01  5.8359058E-50  5.8359058E-50
  1.5174995E+01  2.4445017E-50  2.4445017E-50
  1.5280914E+01  1.0177263E-50  1.0177263E-50
  1.5387572E+01  4.2112576E-51  4.2112576E-51
  1.5494974E+01  1.7318657E-51  1.7318657E-51
  1.5603126E+01  7.0781465E-52  7.0781465E-52
  1.5712033E+01  2.8748086E-52  2.8748086E-52
  1.5821701E+01  1.1602817E-52  1.1602817E-52
  1.5932133E+01  4.6533311E-53  4.6533311E-53
  1.6043336E+01  1.8543480E-53  1.8543480E-53
  1.6155316E+01  7.3421947E-54  7.3421947E-54
  1.6268077E+01  2.8883407E-54  2.8883407E-54
  1.6381625E+01  1.1288576E-54  1.1288576E-54
  1.6495966E+01  4.3830686E-55  4.3830686E-55
  1.6611105E+01  1.6906194E-55  1.6906194E-55
  1.6727047E+01  6.4777139E-56  6.4777139E-56
  1.6843799E+01  2.4653910E-56  2.4653910E-56
  1.6961366E+01  9.3200358E-57  9.3200358E-57
  1.7079753E+01  3.4994239E-57  3.4994239E-57
  1.7198966E+01  1.3049745E-57  1.3049745E-57
  1.7319012E+01  4.8329600E-58  4.8329600E-58
  1.7439895E+01  1.7774977E-58  1.7774977E-58
  1.7561623E+01  6.4918499E-59  6.4918499E-59
  1.7684199E+01  2.3543452E-59  2.3543452E-59
  1.7807632E+01  8.4779848E-60  8.4779848E-60
  1.7931926E+01  3.0311982E-60  3.0311982E-60
  1.8057087E+01  1.0760030E-60  1.0760030E-60
  1.8183122E+01  3.7919984E-61  3.7919984E-61
  1.8310037E+01  1.3266497E-61  1.3266497E-61
  1.8437838E+01  4.6073954E-62  4.6073954E-62
  1.8566530E+01  1.5883341E-62  1.5883341E-62
  1.8696121E+01  5.4349350E-63  5.4349350E-63
  1.8826617E+01  1.8458236E-63  1.8458236E-63
  1.8958023E+01  6.2216631E-64  6.2216631E-64
  1.9090346E+01  2.0812304E-64  2.0812304E-64
  1.9223593E+01  6.9088843E-65  6.9088843E-65
  1.9357770E+01  2.2758643E-65  2.2758643E-65
  1.9492884E+01  7.4389546E-66  7.4389546E-66
  1.9628941E+01  2.4125746E-66  2.4125746E-66
  1.9765947E+01  7.7629887E-67  7.7629887E-67
  1.9903910E+01  2.4781774E-67  2.4781774E-67
  2.0042835E+01  7.8481401E-68  7.8481401E-68
  2.0182730E+01  2.4655143E-68  2.4655143E-68
  2.0323602E+01  7.6829864E-69  7.6829864E-69
  2.0465457E+01  2.3747041E-69  2.3747041E-69
  2.0608302E+01  7.2798225E-70  7.2798225E-70
  2.0752144E+01  2.2132919E-70  2.2132919E-70
  2.0896990E+01  6.6732562E-71  6.6732562E-71
  2.1042847E+01  1.9952278E-71  1.9952278E-71
  2.1189722E+01  5.9153022E-72  5.9153022E-72
  2.1337622E+01  1.7388622E-72  1.7388622E-72
  2.1486554E+01  5.0679341E-73  5.0679341E-73
  2.1636526E+01  1.4643602E-73  1.4643602E-73
  2.1787545E+01  4.1945895E-74  4.1945895E-74
  2.1939618E+01  1.1910467E-74  1.1910467E-74
  2.2092752E+01  3.3522689E-75  3.3522689E-75
  2.2246956E+01  9.3517411E-76  9.3517411E-76
  2.2402235E+01  2.5856053E-76  2.5856053E-76
  2.2558598E+01  7.0846839E-77  7.0846839E-77
  2.2716053E+01  1.9237090E-77  1.9237090E-77
  2.2874607E+01  5.1759594E-78  5.1759594E-78
  2.3034267E+01  1.3798970E-78  1.3798970E-78
  2.3195042E+01  3.6448384E-79  3.6448384E-79
  2.3356939E+01  9.5379928E-80  9.5379928E-80
  2.3519966E+01  2.4726000E-80  2.4726000E-80
  2.3684130E+01  6.3495028E-81  6.3495028E-81
  2.3849441E+01  1.6150470E-81  1.6150470E-81
  2.4015905E+01  4.0687461E-82  4.0687461E-82
  2.4183532E+01  1.0151638E-82  1.0151638E-82
  2.4352328E+01  2.5083125E-83  2.5083125E-83
  2.4522303E+01  6.1371516E-84  6.1371516E-84
  2.4693464E+01  1.4868295E-84  1.4868295E-84
  2.4865819E+01  3.5664304E-85  3.5664304E-85
  2.5039378E+01  8.4694179E-86  8.4694179E-86
  2.5214148E+01  1.9910826E-86  1.9910826E-86
  2.5390138E+01  4.6335018E-87  4.6335018E-87
  2.5567356E+01  1.0672887E-87  1.0672887E-87
  2.5745811E+01  2.4331839E-88  2.4331839E-88
  2.5925512E+01  5.4897944E-89  5.4897944E-89
  2.6106467E+01  1.2257241E-89  1.2257241E-89
  2.6288685E+01  2.7080209E-90  2.7080209E-90
  2.6472174E+01  5.9197153E-91  5.9197153E-91
  2.6656945E+01  1.2802823E-91  1.2802823E-91
  2.6843005E+01  2.7392587E-92  2.7392587E-92
  2.7030364E+01  5.7976080E-93  5.7976080E-93
  2.7219031E+01  1.2137210E-93  1.2137210E-93
  2.7409014E+01  2.5130929E-94  2.5130929E-94
  2.7600324E+01  5.1461579E-95  5.1461579E-95
  2.7792969E+01  1.0420953E-95  1.0420953E-95
  2.7986958E+01  2.0866332E-96  2.0866332E-96
  2.8182302E+01  4.1310783E-97  4.1310783E-97
  2.8379008E+01  8.0858072E-98  8.0858072E-98
  2.8577088E+01  1.5645507E-98  1.5645507E-98
  2.8776551E+01  2.9924411E-99  2.9924411E-99
  2.8977405E+01  5.6571061-100  5.6571061-100
  2.9179662E+01  1.0569599-100  1.0569599-100
  2.9383330E+01  1.9515542-101  1.9515542-101
  2.9588420E+01  3.5605958-102  3.5605958-102
  2.9794941E+01  6.4186913-103  6.4186913-103
  3.0002904E+01  1.1431769-103  1.1431769-103
  3.0212318E+01  2.0113361-104  2.0113361-104
  3.0423194E+01  3.4955926-105  3.4955926-105
  3.0635542E+01  6.0004292-106  6.0004292-106
  3.0849372E+01  1.0172534-106  1.0172534-106
  3.1064695E+01  1.7030249-107  1.7030249-107
  3.1281520E+01  2.8152514-108  2.8152514-108
  3.1499859E+01  4.5949066-109  4.5949066-109
  3.1719722E+01  7.4038575-110  7.4038575-110
  3.1941119E+01  1.1776587-110  1.1776587-110
  3.2164062E+01  1.8489224-111  1.8489224-111
  3.2388560E+01  2.8649243-112  2.8649243-112
  3.2614626E+01  4.3808649-113  4.3808649-113
  3.2842270E+01  6.6102122-114  6.6102122-114
  3.3071502E+01  9.8409267-115  9.8409267-115
  3.3302335E+01  1.4453646-115  1.4453646-115
  3.3534778E+01  2.0940886-116  2.0940886-116
  3.3768844E+01  2.9925666-117  2.9925666-117
  3.4004544E+01  4.2177249-118  4.2177249-118
  3.4241889E+01  5.8620891-119  5.8620891-119
  3.4480890E+01  8.0337801-120  8.0337801-120
  3.4721560E+01  1.0855105-120  1.0855105-120
  3.4963910E+01  1.4459303-121  1.4459303-121
  3.5207951E+01  1.8985071-122  1.8985071-122
  3.5453695E+01  2.4568599-123  2.4568599-123
  3.5701155E+01  3.1333088-124  3.1333088-124
  3.5950342E+01  3.9375987-125  3.9375987-125
  3.6201268E+01  4.8754587-126  4.8754587-126
  3.6453945E+01  5.9470984-127  5.9470984-127
  3.6708386E+01  7.1457810-128  7.1457810-128
  3.6964604E+01  8.4566435-129  8.4566435-129
  3.7222609E+01  9.8559473-130  9.8559473-130
  3.7482415E+01  1.1310935-130  1.1310935-130
  3.7744035E+01  1.2780435-131  1.2780435-131
  3.8007481E+01  1.4216295-132  1.4216295-132
  3.8272765E+01  1.5565640-133  1.5565640-133
  3.8539901E+01  1.6773854-134  1.6773854-134
  3.8808902E+01  1.7788079-135  1.7788079-135
  3.9079780E+01  1.8560937-136  1.8560937-136
  3.9352549E+01  1.9054135-137  1.9054135-137
  3.9627222E+01  1.9241558-138  1.9241558-138
  3.9903812E+01  1.9111533-139  1.9111533-139
  4.0182333E+01  1.8667968-140  1.8667968-140
  4.0462797E+01  1.7930241-141  1.7930241-141
  4.0745219E+01  1.6931815-142  1.6931815-142
  4.1029613E+01  1.5717708-143  1.5717708-143
  4.1315991E+01  1.4341106-144  1.4341106-144
  4.1604368E+01  1.2859454-145  1.2859454-145
  4.1894758E+01  1.1330444-146  1.1330444-146
  4.2187175E+01  9.8082873-148  9.8082873-148
  4.2481633E+01  8.3406127-149  8.3406127-149
  4.2778146E+01  6.9662204-150  6.9662204-150
  4.3076729E+01  5.7138148-151  5.7138148-151
  4.3377396E+01  4.6017107-152  4.6017107-152
  4.3680161E+01  3.6383998-153  3.6383998-153
  4.3985040E+01  2.8237905-154  2.8237905-154
  4.4292047E+01  2.1508876-155  2.1508876-155
  4.4601196E+01  0.0000000E+00  0.0000000E+00
  4.4912503E+01  0.0000000E+00  0.0000000E+00
  4.5225983E+01  0.0000000E+00  0.0000000E+00
  4.5541651E+01  0.0000000E+00  0.0000000E+00
  4.5859523E+01  0.0000000E+00  0.0000000E+00
  4.6179613E+01  0.0000000E+00  0.0000000E+00
  4.6501937E+01  0.0000000E+00  0.0000000E+00
  4.6826511E+01  0.0000000E+00  0.0000000E+00
  4.7153351E+01  0.0000000E+00  0.0000000E+00
  4.7482471E+01  0.0000000E+00  0.0000000E+00
  4.7813889E+01  0.0000000E+00  0.0000000E+00
  4.8147620E+01  0.0000000E+00  0.0000000E+00
  4.8483681E+01  0.0000000E+00  0.0000000E+00
  4.8822087E+01  0.0000000E+00  0.0000000E+00
  4.9162855E+01  0.0000000E+00  0.0000000E+00
  4.9506002E+01  0.0000000E+00  0.0000000E+00
  4.9851544E+01  0.0000000E+00  0.0000000E+00
  5.0199497E+01  0.0000000E+00  0.0000000E+00
  5.0549879E+01  0.0000000E+00  0.0000000E+00
  5.0902707E+01  0.0000000E+00  0.0000000E+00
  5.1257998E+01  0.0000000E+00  0.0000000E+00
  5.1615768E+01  0.0000000E+00  0.0000000E+00
  5.1976035E+01  0.0000000E+00  0.0000000E+00
  5.2338817E+01  0.0000000E+00  0.0000000E+00
  5.2704132E+01  0.0000000E+00  0.0000000E+00
  5.3071996E+01  0.0000000E+00  0.0000000E+00
  5.3442427E+01  0.0000000E+00  0.0000000E+00
  5.3815444E+01  0.0000000E+00  0.0000000E+00
  5.4191065E+01  0.0000000E+00  0.0000000E+00
  5.4569307E+01  0.0000000E+00  0.0000000E+00
  5.4950190E+01  0.0000000E+00  0.0000000E+00
  5.5333731E+01  0.0000000E+00  0.0000000E+00
  5.5719949E+01  0.0000000E+00  0.0000000E+00
  5.6108863E+01  0.0000000E+00  0.0000000E+00
  5.6500491E+01  0.0000000E+00  0.0000000E+00
  5.6894853E+01  0.0000000E+00  0.0000000E+00
  5.7291967E+01  0.0000000E+00  0.0000000E+00
  5.7691853E+01  0.0000000E+00  0.0000000E+00
  5.8094530E+01  0.0000000E+00  0.0000000E+00
  5.8500018E+01  0.0000000E+00  0.0000000E+00
  5.8908336E+01  0.0000000E+00  0.0000000E+00
  5.9319504E+01  0.0000000E+00  0.0000000E+00
  5.9733542E+01  0.0000000E+00  0.0000000E+00
  6.0150470E+01  0.0000000E+00  0.0000000E+00
  6.0570308E+01  0.0000000E+00  0.0000000E+00
  6.0993076E+01  0.0000000E+00  0.0000000E+00
  6.1418795E+01  0.0000000E+00  0.0000000E+00
  6.1847485E+01  0.0000000E+00  0.0000000E+00
  6.2279168E+01  0.0000000E+00  0.0000000E+00
  6.2713864E+01  0.0000000E+00  0.0000000E+00
  6.3151593E+01  0.0000000E+00  0.0000000E+00
  6.3592378E+01  0.0000000E+00  0.0000000E+00
  6.4036240E+01  0.0000000E+00  0.0000000E+00
  6.4483200E+01  0.0000000E+00  0.0000000E+00
  6.4933279E+01  0.0000000E+00  0.0000000E+00
  6.5386500E+01  0.0000000E+00  0.0000000E+00
  6.5842884E+01  0.0000000E+00  0.0000000E+00
  6.6302454E+01  0.0000000E+00  0.0000000E+00
  6.6765231E+01  0.0000000E+00  0.0000000E+00
  6.7231239E+01  0.0000000E+00  0.0000000E+00
  6.7700499E+01  0.0000000E+00  0.0000000E+00
  6.8173034E+01  0.0000000E+00  0.0000000E+00
  6.8648868E+01  0.0000000E+00  0.0000000E+00
  6.9128022E+01  0.0000000E+00  0.0000000E+00
  6.9610522E+01  0.0000000E+00  0.0000000E+00
  7.0096389E+01  0.0000000E+00  0.0000000E+00
  7.0585647E+01  0.0000000E+00  0.0000000E+00
  7.1078320E+01  0.0000000E+00  0.0000000E+00
  7.1574432E+01  0.0000000E+00  0.0000000E+00
  7.2074006E+01  0.0000000E+00  0.0000000E+00
  7.2577068E+01  0.0000000E+00  0.0000000E+00
  7.3083641E+01  0.0000000E+00  0.0000000E+00
  7.3593749E+01  0.0000000E+00  0.0000000E+00
  7.4107418E+01  0.0000000E+00  0.0000000E+00
  7.4624673E+01  0.0000000E+00  0.0000000E+00
  7.5145537E+01  0.0000000E+00  0.0000000E+00
  7.5670037E+01  0.0000000E+00  0.0000000E+00
  7.6198198E+01  0.0000000E+00  0.0000000E+00
  7.6730046E+01  0.0000000E+00  0.0000000E+00
  7.7265606E+01  0.0000000E+00  0.0000000E+00
  7.7804903E+01  0.0000000E+00  0.0000000E+00
  7.8347965E+01  0.0000000E+00  0.0000000E+00
  7.8894818E+01  0.0000000E+00  0.0000000E+00
  7.9445487E+01  0.0000000E+00  0.0000000E+00
  8.0000000E+01  0.0000000E+00  0.0000000E+00
