 # l=           0 basis function with energy    -3.73553762006350     
  0.0000E+00  0.0000E+00  0.0000E+00  0.0000E+00
  5.1103E-07 -3.5859E-04  9.6340E-07  1.0500E-06
  1.0256E-06 -5.9240E-04  1.9335E-06  2.1074E-06
  1.5438E-06 -7.9541E-04  2.9104E-06  3.1721E-06
  2.0656E-06 -9.8106E-04  3.8941E-06  4.2443E-06
  2.5911E-06 -1.1549E-03  4.8847E-06  5.3240E-06
  3.1202E-06 -1.3202E-03  5.8822E-06  6.4112E-06
  3.6530E-06 -1.4790E-03  6.8866E-06  7.5060E-06
  4.1895E-06 -1.6324E-03  7.8981E-06  8.6084E-06
  4.7298E-06 -1.7814E-03  8.9166E-06  9.7185E-06
  5.2739E-06 -1.9267E-03  9.9422E-06  1.0836E-05
  5.8217E-06 -2.0688E-03  1.0975E-05  1.1962E-05
  6.3734E-06 -2.2081E-03  1.2015E-05  1.3096E-05
  6.9289E-06 -2.3450E-03  1.3062E-05  1.4237E-05
  7.4883E-06 -2.4798E-03  1.4117E-05  1.5386E-05
  8.0516E-06 -2.6127E-03  1.5179E-05  1.6544E-05
  8.6188E-06 -2.7439E-03  1.6248E-05  1.7709E-05
  9.1900E-06 -2.8736E-03  1.7325E-05  1.8883E-05
  9.7652E-06 -3.0019E-03  1.8409E-05  2.0065E-05
  1.0344E-05 -3.1289E-03  1.9501E-05  2.1255E-05
  1.0928E-05 -3.2549E-03  2.0601E-05  2.2453E-05
  1.1515E-05 -3.3798E-03  2.1708E-05  2.3660E-05
  1.2106E-05 -3.5037E-03  2.2823E-05  2.4875E-05
  1.2702E-05 -3.6269E-03  2.3945E-05  2.6099E-05
  1.3302E-05 -3.7492E-03  2.5076E-05  2.7331E-05
  1.3905E-05 -3.8708E-03  2.6214E-05  2.8572E-05
  1.4514E-05 -3.9918E-03  2.7361E-05  2.9821E-05
  1.5126E-05 -4.1122E-03  2.8515E-05  3.1080E-05
  1.5742E-05 -4.2320E-03  2.9678E-05  3.2347E-05
  1.6363E-05 -4.3513E-03  3.0848E-05  3.3622E-05
  1.6989E-05 -4.4702E-03  3.2027E-05  3.4907E-05
  1.7618E-05 -4.5886E-03  3.3214E-05  3.6201E-05
  1.8252E-05 -4.7066E-03  3.4409E-05  3.7503E-05
  1.8891E-05 -4.8243E-03  3.5613E-05  3.8815E-05
  1.9534E-05 -4.9417E-03  3.6824E-05  4.0136E-05
  2.0181E-05 -5.0588E-03  3.8045E-05  4.1466E-05
  2.0833E-05 -5.1757E-03  3.9274E-05  4.2806E-05
  2.1489E-05 -5.2923E-03  4.0511E-05  4.4155E-05
  2.2150E-05 -5.4087E-03  4.1758E-05  4.5513E-05
  2.2816E-05 -5.5249E-03  4.3012E-05  4.6881E-05
  2.3486E-05 -5.6409E-03  4.4276E-05  4.8258E-05
  2.4161E-05 -5.7568E-03  4.5548E-05  4.9645E-05
  2.4841E-05 -5.8726E-03  4.6830E-05  5.1041E-05
  2.5525E-05 -5.9882E-03  4.8120E-05  5.2448E-05
  2.6214E-05 -6.1038E-03  4.9419E-05  5.3864E-05
  2.6908E-05 -6.2193E-03  5.0728E-05  5.5290E-05
  2.7607E-05 -6.3348E-03  5.2045E-05  5.6726E-05
  2.8311E-05 -6.4502E-03  5.3372E-05  5.8172E-05
  2.9020E-05 -6.5656E-03  5.4708E-05  5.9628E-05
  2.9733E-05 -6.6810E-03  5.6053E-05  6.1094E-05
  3.0452E-05 -6.7963E-03  5.7407E-05  6.2570E-05
  3.1175E-05 -6.9117E-03  5.8772E-05  6.4057E-05
  3.1904E-05 -7.0272E-03  6.0145E-05  6.5554E-05
  3.2638E-05 -7.1426E-03  6.1528E-05  6.7062E-05
  3.3377E-05 -7.2581E-03  6.2921E-05  6.8580E-05
  3.4121E-05 -7.3737E-03  6.4324E-05  7.0109E-05
  3.4870E-05 -7.4894E-03  6.5736E-05  7.1648E-05
  3.5624E-05 -7.6051E-03  6.7158E-05  7.3198E-05
  3.6384E-05 -7.7209E-03  6.8591E-05  7.4759E-05
  3.7149E-05 -7.8368E-03  7.0033E-05  7.6331E-05
  3.7919E-05 -7.9529E-03  7.1485E-05  7.7914E-05
  3.8695E-05 -8.0690E-03  7.2947E-05  7.9508E-05
  3.9476E-05 -8.1853E-03  7.4420E-05  8.1113E-05
  4.0263E-05 -8.3017E-03  7.5903E-05  8.2729E-05
  4.1055E-05 -8.4183E-03  7.7396E-05  8.4356E-05
  4.1852E-05 -8.5350E-03  7.8899E-05  8.5995E-05
  4.2655E-05 -8.6519E-03  8.0413E-05  8.7645E-05
  4.3464E-05 -8.7690E-03  8.1938E-05  8.9307E-05
  4.4279E-05 -8.8862E-03  8.3473E-05  9.0980E-05
  4.5099E-05 -9.0036E-03  8.5019E-05  9.2666E-05
  4.5924E-05 -9.1212E-03  8.6576E-05  9.4362E-05
  4.6756E-05 -9.2390E-03  8.8144E-05  9.6071E-05
  4.7593E-05 -9.3570E-03  8.9723E-05  9.7792E-05
  4.8437E-05 -9.4752E-03  9.1312E-05  9.9524E-05
  4.9286E-05 -9.5937E-03  9.2913E-05  1.0127E-04
  5.0141E-05 -9.7123E-03  9.4525E-05  1.0303E-04
  5.1002E-05 -9.8312E-03  9.6148E-05  1.0479E-04
  5.1869E-05 -9.9503E-03  9.7783E-05  1.0658E-04
  5.2742E-05 -1.0070E-02  9.9428E-05  1.0837E-04
  5.3621E-05 -1.0189E-02  1.0109E-04  1.1018E-04
  5.4506E-05 -1.0309E-02  1.0275E-04  1.1200E-04
  5.5398E-05 -1.0429E-02  1.0444E-04  1.1383E-04
  5.6295E-05 -1.0550E-02  1.0613E-04  1.1567E-04
  5.7199E-05 -1.0670E-02  1.0783E-04  1.1753E-04
  5.8110E-05 -1.0791E-02  1.0955E-04  1.1940E-04
  5.9026E-05 -1.0912E-02  1.1128E-04  1.2128E-04
  5.9949E-05 -1.1034E-02  1.1302E-04  1.2318E-04
  6.0879E-05 -1.1156E-02  1.1477E-04  1.2509E-04
  6.1815E-05 -1.1278E-02  1.1653E-04  1.2701E-04
  6.2757E-05 -1.1400E-02  1.1831E-04  1.2895E-04
  6.3706E-05 -1.1523E-02  1.2010E-04  1.3090E-04
  6.4662E-05 -1.1646E-02  1.2190E-04  1.3286E-04
  6.5624E-05 -1.1769E-02  1.2371E-04  1.3484E-04
  6.6593E-05 -1.1892E-02  1.2554E-04  1.3683E-04
  6.7569E-05 -1.2016E-02  1.2738E-04  1.3884E-04
  6.8552E-05 -1.2141E-02  1.2923E-04  1.4086E-04
  6.9541E-05 -1.2265E-02  1.3110E-04  1.4289E-04
  7.0538E-05 -1.2390E-02  1.3298E-04  1.4494E-04
  7.1541E-05 -1.2515E-02  1.3487E-04  1.4700E-04
  7.2552E-05 -1.2641E-02  1.3677E-04  1.4907E-04
  7.3569E-05 -1.2767E-02  1.3869E-04  1.5116E-04
  7.4594E-05 -1.2893E-02  1.4062E-04  1.5327E-04
  7.5625E-05 -1.3020E-02  1.4257E-04  1.5539E-04
  7.6664E-05 -1.3147E-02  1.4453E-04  1.5752E-04
  7.7710E-05 -1.3274E-02  1.4650E-04  1.5967E-04
  7.8764E-05 -1.3402E-02  1.4848E-04  1.6184E-04
  7.9824E-05 -1.3530E-02  1.5048E-04  1.6402E-04
  8.0893E-05 -1.3658E-02  1.5250E-04  1.6621E-04
  8.1968E-05 -1.3787E-02  1.5453E-04  1.6842E-04
  8.3051E-05 -1.3916E-02  1.5657E-04  1.7065E-04
  8.4142E-05 -1.4046E-02  1.5862E-04  1.7289E-04
  8.5241E-05 -1.4176E-02  1.6069E-04  1.7515E-04
  8.6347E-05 -1.4306E-02  1.6278E-04  1.7742E-04
  8.7460E-05 -1.4437E-02  1.6488E-04  1.7971E-04
  8.8582E-05 -1.4568E-02  1.6699E-04  1.8201E-04
  8.9711E-05 -1.4700E-02  1.6912E-04  1.8433E-04
  9.0848E-05 -1.4832E-02  1.7127E-04  1.8667E-04
  9.1993E-05 -1.4964E-02  1.7343E-04  1.8902E-04
  9.3146E-05 -1.5097E-02  1.7560E-04  1.9139E-04
  9.4308E-05 -1.5230E-02  1.7779E-04  1.9378E-04
  9.5477E-05 -1.5364E-02  1.7999E-04  1.9618E-04
  9.6654E-05 -1.5498E-02  1.8221E-04  1.9860E-04
  9.7840E-05 -1.5633E-02  1.8445E-04  2.0104E-04
  9.9034E-05 -1.5768E-02  1.8670E-04  2.0349E-04
  1.0024E-04 -1.5903E-02  1.8896E-04  2.0596E-04
  1.0145E-04 -1.6039E-02  1.9125E-04  2.0845E-04
  1.0267E-04 -1.6175E-02  1.9355E-04  2.1095E-04
  1.0389E-04 -1.6312E-02  1.9586E-04  2.1347E-04
  1.0513E-04 -1.6449E-02  1.9819E-04  2.1601E-04
  1.0637E-04 -1.6587E-02  2.0054E-04  2.1857E-04
  1.0763E-04 -1.6725E-02  2.0290E-04  2.2115E-04
  1.0889E-04 -1.6863E-02  2.0528E-04  2.2374E-04
  1.1016E-04 -1.7002E-02  2.0768E-04  2.2635E-04
  1.1144E-04 -1.7142E-02  2.1009E-04  2.2898E-04
  1.1273E-04 -1.7282E-02  2.1252E-04  2.3163E-04
  1.1403E-04 -1.7422E-02  2.1496E-04  2.3430E-04
  1.1534E-04 -1.7563E-02  2.1743E-04  2.3698E-04
  1.1665E-04 -1.7704E-02  2.1991E-04  2.3969E-04
  1.1798E-04 -1.7846E-02  2.2241E-04  2.4241E-04
  1.1931E-04 -1.7989E-02  2.2492E-04  2.4515E-04
  1.2065E-04 -1.8131E-02  2.2746E-04  2.4791E-04
  1.2201E-04 -1.8275E-02  2.3001E-04  2.5069E-04
  1.2337E-04 -1.8418E-02  2.3258E-04  2.5349E-04
  1.2474E-04 -1.8563E-02  2.3516E-04  2.5631E-04
  1.2612E-04 -1.8708E-02  2.3777E-04  2.5915E-04
  1.2752E-04 -1.8853E-02  2.4039E-04  2.6201E-04
  1.2892E-04 -1.8999E-02  2.4303E-04  2.6489E-04
  1.3033E-04 -1.9145E-02  2.4569E-04  2.6779E-04
  1.3175E-04 -1.9292E-02  2.4837E-04  2.7071E-04
  1.3318E-04 -1.9439E-02  2.5107E-04  2.7365E-04
  1.3462E-04 -1.9587E-02  2.5378E-04  2.7661E-04
  1.3607E-04 -1.9735E-02  2.5652E-04  2.7959E-04
  1.3753E-04 -1.9884E-02  2.5927E-04  2.8259E-04
  1.3900E-04 -2.0034E-02  2.6204E-04  2.8561E-04
  1.4048E-04 -2.0184E-02  2.6484E-04  2.8865E-04
  1.4197E-04 -2.0334E-02  2.6765E-04  2.9172E-04
  1.4348E-04 -2.0485E-02  2.7048E-04  2.9481E-04
  1.4499E-04 -2.0637E-02  2.7333E-04  2.9791E-04
  1.4651E-04 -2.0789E-02  2.7620E-04  3.0104E-04
  1.4805E-04 -2.0942E-02  2.7909E-04  3.0419E-04
  1.4959E-04 -2.1095E-02  2.8201E-04  3.0737E-04
  1.5115E-04 -2.1249E-02  2.8494E-04  3.1056E-04
  1.5271E-04 -2.1403E-02  2.8789E-04  3.1378E-04
  1.5429E-04 -2.1558E-02  2.9086E-04  3.1702E-04
  1.5588E-04 -2.1713E-02  2.9386E-04  3.2028E-04
  1.5748E-04 -2.1869E-02  2.9687E-04  3.2357E-04
  1.5909E-04 -2.2026E-02  2.9991E-04  3.2688E-04
  1.6071E-04 -2.2183E-02  3.0296E-04  3.3021E-04
  1.6234E-04 -2.2341E-02  3.0604E-04  3.3356E-04
  1.6398E-04 -2.2499E-02  3.0914E-04  3.3694E-04
  1.6564E-04 -2.2658E-02  3.1226E-04  3.4034E-04
  1.6731E-04 -2.2818E-02  3.1540E-04  3.4377E-04
  1.6899E-04 -2.2978E-02  3.1857E-04  3.4722E-04
  1.7068E-04 -2.3138E-02  3.2176E-04  3.5069E-04
  1.7238E-04 -2.3300E-02  3.2497E-04  3.5419E-04
  1.7409E-04 -2.3461E-02  3.2820E-04  3.5771E-04
  1.7582E-04 -2.3624E-02  3.3145E-04  3.6126E-04
  1.7756E-04 -2.3787E-02  3.3473E-04  3.6483E-04
  1.7931E-04 -2.3951E-02  3.3803E-04  3.6843E-04
  1.8107E-04 -2.4115E-02  3.4135E-04  3.7205E-04
  1.8284E-04 -2.4280E-02  3.4470E-04  3.7570E-04
  1.8463E-04 -2.4445E-02  3.4807E-04  3.7937E-04
  1.8643E-04 -2.4611E-02  3.5146E-04  3.8307E-04
  1.8824E-04 -2.4778E-02  3.5487E-04  3.8679E-04
  1.9007E-04 -2.4945E-02  3.5832E-04  3.9054E-04
  1.9191E-04 -2.5113E-02  3.6178E-04  3.9432E-04
  1.9376E-04 -2.5282E-02  3.6527E-04  3.9812E-04
  1.9562E-04 -2.5451E-02  3.6878E-04  4.0195E-04
  1.9750E-04 -2.5621E-02  3.7232E-04  4.0580E-04
  1.9939E-04 -2.5791E-02  3.7588E-04  4.0968E-04
  2.0129E-04 -2.5962E-02  3.7947E-04  4.1359E-04
  2.0320E-04 -2.6134E-02  3.8308E-04  4.1753E-04
  2.0513E-04 -2.6306E-02  3.8672E-04  4.2150E-04
  2.0708E-04 -2.6479E-02  3.9038E-04  4.2549E-04
  2.0903E-04 -2.6653E-02  3.9407E-04  4.2951E-04
  2.1100E-04 -2.6827E-02  3.9778E-04  4.3356E-04
  2.1299E-04 -2.7002E-02  4.0152E-04  4.3763E-04
  2.1498E-04 -2.7178E-02  4.0529E-04  4.4174E-04
  2.1700E-04 -2.7354E-02  4.0908E-04  4.4587E-04
  2.1902E-04 -2.7531E-02  4.1290E-04  4.5003E-04
  2.2106E-04 -2.7709E-02  4.1674E-04  4.5422E-04
  2.2312E-04 -2.7887E-02  4.2062E-04  4.5844E-04
  2.2518E-04 -2.8066E-02  4.2451E-04  4.6269E-04
  2.2727E-04 -2.8246E-02  4.2844E-04  4.6697E-04
  2.2936E-04 -2.8426E-02  4.3240E-04  4.7128E-04
  2.3148E-04 -2.8607E-02  4.3638E-04  4.7562E-04
  2.3360E-04 -2.8789E-02  4.4039E-04  4.7999E-04
  2.3574E-04 -2.8971E-02  4.4442E-04  4.8439E-04
  2.3790E-04 -2.9154E-02  4.4849E-04  4.8882E-04
  2.4007E-04 -2.9338E-02  4.5258E-04  4.9328E-04
  2.4226E-04 -2.9522E-02  4.5670E-04  4.9778E-04
  2.4446E-04 -2.9708E-02  4.6086E-04  5.0230E-04
  2.4668E-04 -2.9893E-02  4.6504E-04  5.0686E-04
  2.4891E-04 -3.0080E-02  4.6924E-04  5.1145E-04
  2.5116E-04 -3.0267E-02  4.7348E-04  5.1607E-04
  2.5342E-04 -3.0455E-02  4.7775E-04  5.2072E-04
  2.5570E-04 -3.0644E-02  4.8205E-04  5.2540E-04
  2.5800E-04 -3.0833E-02  4.8638E-04  5.3012E-04
  2.6031E-04 -3.1023E-02  4.9074E-04  5.3487E-04
  2.6264E-04 -3.1214E-02  4.9512E-04  5.3965E-04
  2.6498E-04 -3.1405E-02  4.9954E-04  5.4447E-04
  2.6734E-04 -3.1598E-02  5.0399E-04  5.4932E-04
  2.6972E-04 -3.1791E-02  5.0847E-04  5.5420E-04
  2.7211E-04 -3.1984E-02  5.1299E-04  5.5912E-04
  2.7452E-04 -3.2179E-02  5.1753E-04  5.6407E-04
  2.7695E-04 -3.2374E-02  5.2211E-04  5.6906E-04
  2.7940E-04 -3.2570E-02  5.2671E-04  5.7408E-04
  2.8186E-04 -3.2766E-02  5.3135E-04  5.7914E-04
  2.8434E-04 -3.2964E-02  5.3603E-04  5.8423E-04
  2.8683E-04 -3.3162E-02  5.4073E-04  5.8936E-04
  2.8934E-04 -3.3361E-02  5.4547E-04  5.9452E-04
  2.9187E-04 -3.3560E-02  5.5024E-04  5.9972E-04
  2.9442E-04 -3.3761E-02  5.5504E-04  6.0496E-04
  2.9699E-04 -3.3962E-02  5.5988E-04  6.1023E-04
  2.9957E-04 -3.4164E-02  5.6475E-04  6.1554E-04
  3.0217E-04 -3.4366E-02  5.6966E-04  6.2089E-04
  3.0479E-04 -3.4570E-02  5.7460E-04  6.2627E-04
  3.0743E-04 -3.4774E-02  5.7957E-04  6.3169E-04
  3.1009E-04 -3.4979E-02  5.8458E-04  6.3715E-04
  3.1277E-04 -3.5185E-02  5.8962E-04  6.4265E-04
  3.1546E-04 -3.5391E-02  5.9470E-04  6.4819E-04
  3.1817E-04 -3.5598E-02  5.9982E-04  6.5376E-04
  3.2090E-04 -3.5806E-02  6.0497E-04  6.5937E-04
  3.2366E-04 -3.6015E-02  6.1015E-04  6.6502E-04
  3.2643E-04 -3.6225E-02  6.1537E-04  6.7072E-04
  3.2921E-04 -3.6435E-02  6.2063E-04  6.7645E-04
  3.3202E-04 -3.6646E-02  6.2593E-04  6.8222E-04
  3.3485E-04 -3.6858E-02  6.3126E-04  6.8803E-04
  3.3770E-04 -3.7071E-02  6.3663E-04  6.9388E-04
  3.4057E-04 -3.7284E-02  6.4204E-04  6.9978E-04
  3.4346E-04 -3.7499E-02  6.4748E-04  7.0571E-04
  3.4636E-04 -3.7714E-02  6.5296E-04  7.1169E-04
  3.4929E-04 -3.7930E-02  6.5848E-04  7.1770E-04
  3.5224E-04 -3.8147E-02  6.6404E-04  7.2376E-04
  3.5521E-04 -3.8364E-02  6.6964E-04  7.2987E-04
  3.5820E-04 -3.8582E-02  6.7528E-04  7.3601E-04
  3.6121E-04 -3.8802E-02  6.8096E-04  7.4220E-04
  3.6425E-04 -3.9021E-02  6.8667E-04  7.4843E-04
  3.6730E-04 -3.9242E-02  6.9243E-04  7.5470E-04
  3.7037E-04 -3.9464E-02  6.9823E-04  7.6102E-04
  3.7347E-04 -3.9686E-02  7.0406E-04  7.6738E-04
  3.7659E-04 -3.9909E-02  7.0994E-04  7.7379E-04
  3.7973E-04 -4.0133E-02  7.1586E-04  7.8024E-04
  3.8289E-04 -4.0358E-02  7.2182E-04  7.8673E-04
  3.8607E-04 -4.0584E-02  7.2782E-04  7.9328E-04
  3.8928E-04 -4.0811E-02  7.3386E-04  7.9986E-04
  3.9251E-04 -4.1038E-02  7.3995E-04  8.0650E-04
  3.9576E-04 -4.1266E-02  7.4608E-04  8.1317E-04
  3.9903E-04 -4.1495E-02  7.5225E-04  8.1990E-04
  4.0233E-04 -4.1725E-02  7.5846E-04  8.2667E-04
  4.0565E-04 -4.1956E-02  7.6472E-04  8.3349E-04
  4.0899E-04 -4.2187E-02  7.7102E-04  8.4036E-04
  4.1235E-04 -4.2420E-02  7.7737E-04  8.4728E-04
  4.1574E-04 -4.2653E-02  7.8375E-04  8.5424E-04
  4.1916E-04 -4.2887E-02  7.9019E-04  8.6125E-04
  4.2259E-04 -4.3122E-02  7.9667E-04  8.6831E-04
  4.2605E-04 -4.3358E-02  8.0319E-04  8.7542E-04
  4.2954E-04 -4.3594E-02  8.0976E-04  8.8258E-04
  4.3305E-04 -4.3832E-02  8.1638E-04  8.8980E-04
  4.3658E-04 -4.4070E-02  8.2304E-04  8.9706E-04
  4.4014E-04 -4.4309E-02  8.2975E-04  9.0437E-04
  4.4372E-04 -4.4549E-02  8.3650E-04  9.1173E-04
  4.4733E-04 -4.4790E-02  8.4330E-04  9.1914E-04
  4.5096E-04 -4.5032E-02  8.5015E-04  9.2661E-04
  4.5462E-04 -4.5275E-02  8.5705E-04  9.3413E-04
  4.5831E-04 -4.5518E-02  8.6399E-04  9.4170E-04
  4.6202E-04 -4.5762E-02  8.7099E-04  9.4932E-04
  4.6575E-04 -4.6008E-02  8.7803E-04  9.5700E-04
  4.6951E-04 -4.6254E-02  8.8512E-04  9.6472E-04
  4.7330E-04 -4.6501E-02  8.9226E-04  9.7251E-04
  4.7712E-04 -4.6749E-02  8.9946E-04  9.8035E-04
  4.8096E-04 -4.6997E-02  9.0670E-04  9.8824E-04
  4.8483E-04 -4.7247E-02  9.1399E-04  9.9619E-04
  4.8872E-04 -4.7497E-02  9.2133E-04  1.0042E-03
  4.9264E-04 -4.7749E-02  9.2873E-04  1.0122E-03
  4.9659E-04 -4.8001E-02  9.3617E-04  1.0204E-03
  5.0057E-04 -4.8254E-02  9.4367E-04  1.0285E-03
  5.0457E-04 -4.8508E-02  9.5122E-04  1.0368E-03
  5.0861E-04 -4.8763E-02  9.5882E-04  1.0451E-03
  5.1267E-04 -4.9019E-02  9.6648E-04  1.0534E-03
  5.1676E-04 -4.9275E-02  9.7419E-04  1.0618E-03
  5.2088E-04 -4.9533E-02  9.8195E-04  1.0703E-03
  5.2502E-04 -4.9791E-02  9.8977E-04  1.0788E-03
  5.2920E-04 -5.0051E-02  9.9764E-04  1.0874E-03
  5.3340E-04 -5.0311E-02  1.0056E-03  1.0960E-03
  5.3764E-04 -5.0572E-02  1.0135E-03  1.1047E-03
  5.4190E-04 -5.0834E-02  1.0216E-03  1.1135E-03
  5.4619E-04 -5.1097E-02  1.0297E-03  1.1223E-03
  5.5052E-04 -5.1361E-02  1.0378E-03  1.1312E-03
  5.5487E-04 -5.1625E-02  1.0460E-03  1.1401E-03
  5.5925E-04 -5.1891E-02  1.0543E-03  1.1491E-03
  5.6367E-04 -5.2158E-02  1.0626E-03  1.1582E-03
  5.6811E-04 -5.2425E-02  1.0710E-03  1.1673E-03
  5.7259E-04 -5.2693E-02  1.0794E-03  1.1765E-03
  5.7710E-04 -5.2962E-02  1.0879E-03  1.1858E-03
  5.8164E-04 -5.3232E-02  1.0965E-03  1.1951E-03
  5.8621E-04 -5.3503E-02  1.1051E-03  1.2045E-03
  5.9081E-04 -5.3775E-02  1.1138E-03  1.2140E-03
  5.9545E-04 -5.4048E-02  1.1225E-03  1.2235E-03
  6.0011E-04 -5.4322E-02  1.1313E-03  1.2331E-03
  6.0481E-04 -5.4596E-02  1.1402E-03  1.2427E-03
  6.0954E-04 -5.4872E-02  1.1491E-03  1.2525E-03
  6.1431E-04 -5.5148E-02  1.1581E-03  1.2622E-03
  6.1911E-04 -5.5425E-02  1.1671E-03  1.2721E-03
  6.2394E-04 -5.5704E-02  1.1762E-03  1.2820E-03
  6.2881E-04 -5.5983E-02  1.1854E-03  1.2920E-03
  6.3371E-04 -5.6263E-02  1.1947E-03  1.3021E-03
  6.3864E-04 -5.6543E-02  1.2040E-03  1.3122E-03
  6.4361E-04 -5.6825E-02  1.2133E-03  1.3224E-03
  6.4861E-04 -5.7108E-02  1.2228E-03  1.3327E-03
  6.5365E-04 -5.7392E-02  1.2323E-03  1.3431E-03
  6.5872E-04 -5.7676E-02  1.2418E-03  1.3535E-03
  6.6383E-04 -5.7961E-02  1.2515E-03  1.3640E-03
  6.6898E-04 -5.8248E-02  1.2612E-03  1.3746E-03
  6.7416E-04 -5.8535E-02  1.2709E-03  1.3852E-03
  6.7937E-04 -5.8823E-02  1.2808E-03  1.3959E-03
  6.8463E-04 -5.9112E-02  1.2907E-03  1.4067E-03
  6.8992E-04 -5.9402E-02  1.3006E-03  1.4176E-03
  6.9524E-04 -5.9693E-02  1.3107E-03  1.4285E-03
  7.0061E-04 -5.9984E-02  1.3208E-03  1.4396E-03
  7.0601E-04 -6.0277E-02  1.3310E-03  1.4507E-03
  7.1145E-04 -6.0570E-02  1.3412E-03  1.4618E-03
  7.1692E-04 -6.0865E-02  1.3515E-03  1.4731E-03
  7.2244E-04 -6.1160E-02  1.3619E-03  1.4844E-03
  7.2799E-04 -6.1456E-02  1.3724E-03  1.4958E-03
  7.3359E-04 -6.1753E-02  1.3829E-03  1.5073E-03
  7.3922E-04 -6.2051E-02  1.3936E-03  1.5189E-03
  7.4489E-04 -6.2350E-02  1.4043E-03  1.5305E-03
  7.5060E-04 -6.2650E-02  1.4150E-03  1.5423E-03
  7.5635E-04 -6.2950E-02  1.4259E-03  1.5541E-03
  7.6214E-04 -6.3252E-02  1.4368E-03  1.5660E-03
  7.6797E-04 -6.3554E-02  1.4478E-03  1.5780E-03
  7.7384E-04 -6.3857E-02  1.4588E-03  1.5900E-03
  7.7975E-04 -6.4161E-02  1.4700E-03  1.6022E-03
  7.8571E-04 -6.4466E-02  1.4812E-03  1.6144E-03
  7.9170E-04 -6.4772E-02  1.4925E-03  1.6267E-03
  7.9774E-04 -6.5079E-02  1.5039E-03  1.6391E-03
  8.0382E-04 -6.5386E-02  1.5153E-03  1.6516E-03
  8.0994E-04 -6.5695E-02  1.5269E-03  1.6642E-03
  8.1610E-04 -6.6004E-02  1.5385E-03  1.6769E-03
  8.2231E-04 -6.6314E-02  1.5502E-03  1.6896E-03
  8.2856E-04 -6.6625E-02  1.5620E-03  1.7025E-03
  8.3485E-04 -6.6937E-02  1.5739E-03  1.7154E-03
  8.4119E-04 -6.7250E-02  1.5858E-03  1.7284E-03
  8.4757E-04 -6.7564E-02  1.5978E-03  1.7415E-03
  8.5400E-04 -6.7878E-02  1.6100E-03  1.7547E-03
  8.6047E-04 -6.8194E-02  1.6222E-03  1.7680E-03
  8.6699E-04 -6.8510E-02  1.6344E-03  1.7814E-03
  8.7355E-04 -6.8827E-02  1.6468E-03  1.7949E-03
  8.8016E-04 -6.9145E-02  1.6593E-03  1.8085E-03
  8.8682E-04 -6.9463E-02  1.6718E-03  1.8222E-03
  8.9352E-04 -6.9783E-02  1.6844E-03  1.8359E-03
  9.0026E-04 -7.0103E-02  1.6972E-03  1.8498E-03
  9.0706E-04 -7.0424E-02  1.7100E-03  1.8638E-03
  9.1390E-04 -7.0746E-02  1.7229E-03  1.8778E-03
  9.2079E-04 -7.1069E-02  1.7359E-03  1.8920E-03
  9.2773E-04 -7.1393E-02  1.7489E-03  1.9062E-03
  9.3471E-04 -7.1717E-02  1.7621E-03  1.9206E-03
  9.4175E-04 -7.2042E-02  1.7754E-03  1.9350E-03
  9.4883E-04 -7.2368E-02  1.7887E-03  1.9496E-03
  9.5597E-04 -7.2695E-02  1.8022E-03  1.9643E-03
  9.6315E-04 -7.3023E-02  1.8157E-03  1.9790E-03
  9.7038E-04 -7.3351E-02  1.8294E-03  1.9939E-03
  9.7767E-04 -7.3681E-02  1.8431E-03  2.0088E-03
  9.8500E-04 -7.4011E-02  1.8569E-03  2.0239E-03
  9.9239E-04 -7.4341E-02  1.8708E-03  2.0391E-03
  9.9983E-04 -7.4673E-02  1.8849E-03  2.0544E-03
  1.0073E-03 -7.5005E-02  1.8990E-03  2.0698E-03
  1.0149E-03 -7.5338E-02  1.9132E-03  2.0853E-03
  1.0225E-03 -7.5672E-02  1.9275E-03  2.1009E-03
  1.0301E-03 -7.6007E-02  1.9419E-03  2.1166E-03
  1.0378E-03 -7.6342E-02  1.9565E-03  2.1324E-03
  1.0456E-03 -7.6678E-02  1.9711E-03  2.1483E-03
  1.0534E-03 -7.7015E-02  1.9858E-03  2.1644E-03
  1.0612E-03 -7.7352E-02  2.0006E-03  2.1805E-03
  1.0691E-03 -7.7690E-02  2.0155E-03  2.1968E-03
  1.0771E-03 -7.8029E-02  2.0306E-03  2.2132E-03
  1.0851E-03 -7.8369E-02  2.0457E-03  2.2297E-03
  1.0932E-03 -7.8709E-02  2.0610E-03  2.2463E-03
  1.1014E-03 -7.9050E-02  2.0763E-03  2.2630E-03
  1.1096E-03 -7.9392E-02  2.0918E-03  2.2799E-03
  1.1178E-03 -7.9734E-02  2.1073E-03  2.2968E-03
  1.1261E-03 -8.0077E-02  2.1230E-03  2.3139E-03
  1.1345E-03 -8.0421E-02  2.1388E-03  2.3311E-03
  1.1429E-03 -8.0765E-02  2.1547E-03  2.3484E-03
  1.1514E-03 -8.1110E-02  2.1707E-03  2.3659E-03
  1.1600E-03 -8.1456E-02  2.1868E-03  2.3834E-03
  1.1686E-03 -8.1802E-02  2.2030E-03  2.4011E-03
  1.1773E-03 -8.2149E-02  2.2194E-03  2.4189E-03
  1.1860E-03 -8.2497E-02  2.2358E-03  2.4369E-03
  1.1948E-03 -8.2845E-02  2.2524E-03  2.4549E-03
  1.2036E-03 -8.3194E-02  2.2691E-03  2.4731E-03
  1.2125E-03 -8.3543E-02  2.2859E-03  2.4914E-03
  1.2215E-03 -8.3893E-02  2.3028E-03  2.5099E-03
  1.2305E-03 -8.4243E-02  2.3198E-03  2.5284E-03
  1.2396E-03 -8.4594E-02  2.3370E-03  2.5471E-03
  1.2488E-03 -8.4946E-02  2.3542E-03  2.5660E-03
  1.2580E-03 -8.5298E-02  2.3716E-03  2.5849E-03
  1.2673E-03 -8.5651E-02  2.3892E-03  2.6040E-03
  1.2767E-03 -8.6004E-02  2.4068E-03  2.6232E-03
  1.2861E-03 -8.6358E-02  2.4246E-03  2.6426E-03
  1.2956E-03 -8.6712E-02  2.4424E-03  2.6621E-03
  1.3051E-03 -8.7067E-02  2.4605E-03  2.6817E-03
  1.3148E-03 -8.7422E-02  2.4786E-03  2.7015E-03
  1.3245E-03 -8.7778E-02  2.4969E-03  2.7214E-03
  1.3342E-03 -8.8134E-02  2.5152E-03  2.7414E-03
  1.3440E-03 -8.8490E-02  2.5338E-03  2.7616E-03
  1.3539E-03 -8.8847E-02  2.5524E-03  2.7820E-03
  1.3639E-03 -8.9205E-02  2.5712E-03  2.8024E-03
  1.3739E-03 -8.9563E-02  2.5901E-03  2.8230E-03
  1.3840E-03 -8.9921E-02  2.6091E-03  2.8438E-03
  1.3942E-03 -9.0280E-02  2.6283E-03  2.8647E-03
  1.4044E-03 -9.0639E-02  2.6476E-03  2.8857E-03
  1.4147E-03 -9.0998E-02  2.6671E-03  2.9069E-03
  1.4251E-03 -9.1358E-02  2.6866E-03  2.9283E-03
  1.4356E-03 -9.1718E-02  2.7064E-03  2.9498E-03
  1.4461E-03 -9.2079E-02  2.7262E-03  2.9714E-03
  1.4567E-03 -9.2440E-02  2.7462E-03  2.9932E-03
  1.4674E-03 -9.2801E-02  2.7663E-03  3.0151E-03
  1.4782E-03 -9.3162E-02  2.7866E-03  3.0372E-03
  1.4890E-03 -9.3524E-02  2.8070E-03  3.0595E-03
  1.4999E-03 -9.3886E-02  2.8276E-03  3.0819E-03
  1.5109E-03 -9.4248E-02  2.8483E-03  3.1044E-03
  1.5219E-03 -9.4610E-02  2.8691E-03  3.1272E-03
  1.5331E-03 -9.4973E-02  2.8901E-03  3.1500E-03
  1.5443E-03 -9.5336E-02  2.9112E-03  3.1731E-03
  1.5556E-03 -9.5699E-02  2.9325E-03  3.1963E-03
  1.5669E-03 -9.6062E-02  2.9540E-03  3.2196E-03
  1.5784E-03 -9.6425E-02  2.9755E-03  3.2431E-03
  1.5899E-03 -9.6789E-02  2.9973E-03  3.2668E-03
  1.6015E-03 -9.7152E-02  3.0192E-03  3.2907E-03
  1.6132E-03 -9.7516E-02  3.0412E-03  3.3147E-03
  1.6250E-03 -9.7880E-02  3.0634E-03  3.3389E-03
  1.6368E-03 -9.8244E-02  3.0857E-03  3.3632E-03
  1.6488E-03 -9.8608E-02  3.1082E-03  3.3878E-03
  1.6608E-03 -9.8972E-02  3.1309E-03  3.4125E-03
  1.6729E-03 -9.9336E-02  3.1537E-03  3.4373E-03
  1.6851E-03 -9.9700E-02  3.1767E-03  3.4624E-03
  1.6973E-03 -1.0006E-01  3.1998E-03  3.4876E-03
  1.7097E-03 -1.0043E-01  3.2231E-03  3.5130E-03
  1.7222E-03 -1.0079E-01  3.2466E-03  3.5386E-03
  1.7347E-03 -1.0116E-01  3.2702E-03  3.5643E-03
  1.7473E-03 -1.0152E-01  3.2940E-03  3.5902E-03
  1.7600E-03 -1.0188E-01  3.3179E-03  3.6163E-03
  1.7728E-03 -1.0225E-01  3.3421E-03  3.6426E-03
  1.7857E-03 -1.0261E-01  3.3664E-03  3.6691E-03
  1.7987E-03 -1.0297E-01  3.3908E-03  3.6958E-03
  1.8117E-03 -1.0334E-01  3.4154E-03  3.7226E-03
  1.8249E-03 -1.0370E-01  3.4402E-03  3.7496E-03
  1.8381E-03 -1.0406E-01  3.4652E-03  3.7769E-03
  1.8515E-03 -1.0442E-01  3.4904E-03  3.8043E-03
  1.8649E-03 -1.0479E-01  3.5157E-03  3.8319E-03
  1.8784E-03 -1.0515E-01  3.5412E-03  3.8597E-03
  1.8921E-03 -1.0551E-01  3.5669E-03  3.8877E-03
  1.9058E-03 -1.0587E-01  3.5927E-03  3.9158E-03
  1.9196E-03 -1.0623E-01  3.6188E-03  3.9442E-03
  1.9335E-03 -1.0659E-01  3.6450E-03  3.9728E-03
  1.9475E-03 -1.0695E-01  3.6714E-03  4.0016E-03
  1.9616E-03 -1.0731E-01  3.6980E-03  4.0306E-03
  1.9758E-03 -1.0767E-01  3.7248E-03  4.0598E-03
  1.9901E-03 -1.0803E-01  3.7517E-03  4.0891E-03
  2.0045E-03 -1.0838E-01  3.7789E-03  4.1187E-03
  2.0190E-03 -1.0874E-01  3.8062E-03  4.1485E-03
  2.0336E-03 -1.0910E-01  3.8338E-03  4.1785E-03
  2.0483E-03 -1.0946E-01  3.8615E-03  4.2087E-03
  2.0631E-03 -1.0981E-01  3.8894E-03  4.2392E-03
  2.0780E-03 -1.1017E-01  3.9175E-03  4.2698E-03
  2.0931E-03 -1.1052E-01  3.9458E-03  4.3007E-03
  2.1082E-03 -1.1087E-01  3.9743E-03  4.3317E-03
  2.1234E-03 -1.1123E-01  4.0030E-03  4.3630E-03
  2.1387E-03 -1.1158E-01  4.0319E-03  4.3945E-03
  2.1542E-03 -1.1193E-01  4.0610E-03  4.4262E-03
  2.1697E-03 -1.1228E-01  4.0903E-03  4.4582E-03
  2.1854E-03 -1.1263E-01  4.1198E-03  4.4904E-03
  2.2011E-03 -1.1298E-01  4.1496E-03  4.5227E-03
  2.2170E-03 -1.1333E-01  4.1795E-03  4.5554E-03
  2.2330E-03 -1.1367E-01  4.2096E-03  4.5882E-03
  2.2491E-03 -1.1402E-01  4.2400E-03  4.6213E-03
  2.2653E-03 -1.1437E-01  4.2705E-03  4.6546E-03
  2.2816E-03 -1.1471E-01  4.3013E-03  4.6881E-03
  2.2981E-03 -1.1505E-01  4.3323E-03  4.7219E-03
  2.3146E-03 -1.1539E-01  4.3635E-03  4.7559E-03
  2.3313E-03 -1.1573E-01  4.3949E-03  4.7902E-03
  2.3481E-03 -1.1607E-01  4.4265E-03  4.8246E-03
  2.3650E-03 -1.1641E-01  4.4584E-03  4.8594E-03
  2.3820E-03 -1.1675E-01  4.4905E-03  4.8943E-03
  2.3991E-03 -1.1709E-01  4.5228E-03  4.9295E-03
  2.4164E-03 -1.1742E-01  4.5553E-03  4.9650E-03
  2.4338E-03 -1.1775E-01  4.5881E-03  5.0007E-03
  2.4513E-03 -1.1809E-01  4.6211E-03  5.0367E-03
  2.4689E-03 -1.1842E-01  4.6543E-03  5.0729E-03
  2.4866E-03 -1.1875E-01  4.6877E-03  5.1093E-03
  2.5045E-03 -1.1907E-01  4.7214E-03  5.1460E-03
  2.5225E-03 -1.1940E-01  4.7553E-03  5.1830E-03
  2.5406E-03 -1.1972E-01  4.7895E-03  5.2202E-03
  2.5588E-03 -1.2005E-01  4.8239E-03  5.2577E-03
  2.5772E-03 -1.2037E-01  4.8585E-03  5.2955E-03
  2.5957E-03 -1.2069E-01  4.8934E-03  5.3335E-03
  2.6143E-03 -1.2101E-01  4.9285E-03  5.3717E-03
  2.6331E-03 -1.2132E-01  4.9639E-03  5.4103E-03
  2.6520E-03 -1.2164E-01  4.9995E-03  5.4491E-03
  2.6710E-03 -1.2195E-01  5.0353E-03  5.4882E-03
  2.6902E-03 -1.2226E-01  5.0714E-03  5.5275E-03
  2.7094E-03 -1.2257E-01  5.1078E-03  5.5672E-03
  2.7289E-03 -1.2288E-01  5.1444E-03  5.6071E-03
  2.7484E-03 -1.2318E-01  5.1813E-03  5.6473E-03
  2.7681E-03 -1.2349E-01  5.2184E-03  5.6877E-03
  2.7880E-03 -1.2379E-01  5.2558E-03  5.7285E-03
  2.8079E-03 -1.2409E-01  5.2935E-03  5.7695E-03
  2.8280E-03 -1.2438E-01  5.3314E-03  5.8108E-03
  2.8483E-03 -1.2468E-01  5.3695E-03  5.8524E-03
  2.8687E-03 -1.2497E-01  5.4080E-03  5.8943E-03
  2.8892E-03 -1.2526E-01  5.4467E-03  5.9365E-03
  2.9099E-03 -1.2555E-01  5.4857E-03  5.9790E-03
  2.9307E-03 -1.2584E-01  5.5249E-03  6.0218E-03
  2.9517E-03 -1.2612E-01  5.5644E-03  6.0649E-03
  2.9728E-03 -1.2640E-01  5.6042E-03  6.1083E-03
  2.9940E-03 -1.2668E-01  5.6443E-03  6.1519E-03
  3.0155E-03 -1.2695E-01  5.6847E-03  6.1959E-03
  3.0370E-03 -1.2723E-01  5.7253E-03  6.2402E-03
  3.0587E-03 -1.2750E-01  5.7663E-03  6.2848E-03
  3.0806E-03 -1.2776E-01  5.8075E-03  6.3297E-03
  3.1026E-03 -1.2803E-01  5.8490E-03  6.3750E-03
  3.1248E-03 -1.2829E-01  5.8907E-03  6.4205E-03
  3.1471E-03 -1.2855E-01  5.9328E-03  6.4664E-03
  3.1696E-03 -1.2881E-01  5.9752E-03  6.5126E-03
  3.1922E-03 -1.2906E-01  6.0179E-03  6.5591E-03
  3.2150E-03 -1.2931E-01  6.0608E-03  6.6059E-03
  3.2379E-03 -1.2956E-01  6.1041E-03  6.6531E-03
  3.2610E-03 -1.2980E-01  6.1477E-03  6.7006E-03
  3.2843E-03 -1.3004E-01  6.1915E-03  6.7484E-03
  3.3078E-03 -1.3028E-01  6.2357E-03  6.7965E-03
  3.3314E-03 -1.3052E-01  6.2802E-03  6.8450E-03
  3.3551E-03 -1.3075E-01  6.3250E-03  6.8938E-03
  3.3790E-03 -1.3098E-01  6.3701E-03  6.9430E-03
  3.4031E-03 -1.3120E-01  6.4155E-03  6.9925E-03
  3.4274E-03 -1.3142E-01  6.4613E-03  7.0424E-03
  3.4518E-03 -1.3164E-01  6.5073E-03  7.0926E-03
  3.4764E-03 -1.3185E-01  6.5537E-03  7.1431E-03
  3.5012E-03 -1.3206E-01  6.6004E-03  7.1940E-03
  3.5262E-03 -1.3227E-01  6.6475E-03  7.2453E-03
  3.5513E-03 -1.3247E-01  6.6948E-03  7.2969E-03
  3.5766E-03 -1.3267E-01  6.7425E-03  7.3489E-03
  3.6021E-03 -1.3287E-01  6.7905E-03  7.4012E-03
  3.6277E-03 -1.3306E-01  6.8389E-03  7.4539E-03
  3.6535E-03 -1.3324E-01  6.8876E-03  7.5070E-03
  3.6796E-03 -1.3343E-01  6.9366E-03  7.5605E-03
  3.7058E-03 -1.3361E-01  6.9860E-03  7.6143E-03
  3.7321E-03 -1.3378E-01  7.0357E-03  7.6685E-03
  3.7587E-03 -1.3395E-01  7.0858E-03  7.7231E-03
  3.7854E-03 -1.3412E-01  7.1362E-03  7.7780E-03
  3.8124E-03 -1.3428E-01  7.1870E-03  7.8334E-03
  3.8395E-03 -1.3444E-01  7.2381E-03  7.8891E-03
  3.8668E-03 -1.3459E-01  7.2896E-03  7.9452E-03
  3.8943E-03 -1.3474E-01  7.3414E-03  8.0017E-03
  3.9220E-03 -1.3488E-01  7.3937E-03  8.0586E-03
  3.9499E-03 -1.3502E-01  7.4462E-03  8.1159E-03
  3.9780E-03 -1.3515E-01  7.4992E-03  8.1736E-03
  4.0062E-03 -1.3528E-01  7.5525E-03  8.2317E-03
  4.0347E-03 -1.3541E-01  7.6061E-03  8.2902E-03
  4.0634E-03 -1.3553E-01  7.6602E-03  8.3491E-03
  4.0923E-03 -1.3564E-01  7.7146E-03  8.4084E-03
  4.1213E-03 -1.3575E-01  7.7694E-03  8.4682E-03
  4.1506E-03 -1.3585E-01  7.8246E-03  8.5283E-03
  4.1801E-03 -1.3595E-01  7.8802E-03  8.5889E-03
  4.2098E-03 -1.3605E-01  7.9362E-03  8.6499E-03
  4.2397E-03 -1.3613E-01  7.9925E-03  8.7113E-03
  4.2698E-03 -1.3622E-01  8.0493E-03  8.7732E-03
  4.3001E-03 -1.3629E-01  8.1064E-03  8.8355E-03
  4.3306E-03 -1.3636E-01  8.1640E-03  8.8982E-03
  4.3613E-03 -1.3643E-01  8.2219E-03  8.9613E-03
  4.3923E-03 -1.3649E-01  8.2802E-03  9.0249E-03
  4.4235E-03 -1.3654E-01  8.3390E-03  9.0890E-03
  4.4549E-03 -1.3659E-01  8.3982E-03  9.1535E-03
  4.4865E-03 -1.3663E-01  8.4578E-03  9.2184E-03
  4.5183E-03 -1.3667E-01  8.5177E-03  9.2838E-03
  4.5503E-03 -1.3670E-01  8.5782E-03  9.3496E-03
  4.5826E-03 -1.3672E-01  8.6390E-03  9.4159E-03
  4.6151E-03 -1.3674E-01  8.7003E-03  9.4827E-03
  4.6478E-03 -1.3675E-01  8.7619E-03  9.5500E-03
  4.6808E-03 -1.3676E-01  8.8241E-03  9.6177E-03
  4.7140E-03 -1.3676E-01  8.8866E-03  9.6858E-03
  4.7474E-03 -1.3675E-01  8.9496E-03  9.7545E-03
  4.7810E-03 -1.3673E-01  9.0130E-03  9.8236E-03
  4.8149E-03 -1.3671E-01  9.0769E-03  9.8932E-03
  4.8490E-03 -1.3668E-01  9.1412E-03  9.9633E-03
  4.8834E-03 -1.3665E-01  9.2060E-03  1.0034E-02
  4.9180E-03 -1.3661E-01  9.2712E-03  1.0105E-02
  4.9528E-03 -1.3656E-01  9.3369E-03  1.0177E-02
  4.9879E-03 -1.3650E-01  9.4030E-03  1.0249E-02
  5.0232E-03 -1.3644E-01  9.4696E-03  1.0321E-02
  5.0588E-03 -1.3636E-01  9.5367E-03  1.0394E-02
  5.0946E-03 -1.3629E-01  9.6042E-03  1.0468E-02
  5.1307E-03 -1.3620E-01  9.6722E-03  1.0542E-02
  5.1670E-03 -1.3611E-01  9.7407E-03  1.0617E-02
  5.2036E-03 -1.3601E-01  9.8096E-03  1.0692E-02
  5.2404E-03 -1.3590E-01  9.8790E-03  1.0768E-02
  5.2775E-03 -1.3578E-01  9.9489E-03  1.0844E-02
  5.3148E-03 -1.3566E-01  1.0019E-02  1.0920E-02
  5.3524E-03 -1.3552E-01  1.0090E-02  1.0998E-02
  5.3903E-03 -1.3538E-01  1.0162E-02  1.1076E-02
  5.4284E-03 -1.3523E-01  1.0234E-02  1.1154E-02
  5.4668E-03 -1.3508E-01  1.0306E-02  1.1233E-02
  5.5055E-03 -1.3491E-01  1.0379E-02  1.1312E-02
  5.5445E-03 -1.3474E-01  1.0452E-02  1.1392E-02
  5.5837E-03 -1.3456E-01  1.0526E-02  1.1473E-02
  5.6231E-03 -1.3437E-01  1.0601E-02  1.1554E-02
  5.6629E-03 -1.3417E-01  1.0676E-02  1.1636E-02
  5.7029E-03 -1.3396E-01  1.0751E-02  1.1718E-02
  5.7433E-03 -1.3374E-01  1.0827E-02  1.1801E-02
  5.7839E-03 -1.3352E-01  1.0904E-02  1.1884E-02
  5.8247E-03 -1.3328E-01  1.0981E-02  1.1968E-02
  5.8659E-03 -1.3304E-01  1.1058E-02  1.2053E-02
  5.9074E-03 -1.3279E-01  1.1136E-02  1.2138E-02
  5.9491E-03 -1.3252E-01  1.1215E-02  1.2224E-02
  5.9911E-03 -1.3225E-01  1.1294E-02  1.2310E-02
  6.0335E-03 -1.3197E-01  1.1374E-02  1.2397E-02
  6.0761E-03 -1.3168E-01  1.1454E-02  1.2485E-02
  6.1190E-03 -1.3138E-01  1.1535E-02  1.2573E-02
  6.1622E-03 -1.3107E-01  1.1617E-02  1.2662E-02
  6.2058E-03 -1.3075E-01  1.1699E-02  1.2751E-02
  6.2496E-03 -1.3043E-01  1.1781E-02  1.2841E-02
  6.2937E-03 -1.3009E-01  1.1865E-02  1.2932E-02
  6.3382E-03 -1.2974E-01  1.1948E-02  1.3023E-02
  6.3829E-03 -1.2938E-01  1.2033E-02  1.3115E-02
  6.4280E-03 -1.2901E-01  1.2118E-02  1.3208E-02
  6.4733E-03 -1.2863E-01  1.2203E-02  1.3301E-02
  6.5190E-03 -1.2824E-01  1.2289E-02  1.3395E-02
  6.5650E-03 -1.2784E-01  1.2376E-02  1.3489E-02
  6.6114E-03 -1.2743E-01  1.2463E-02  1.3584E-02
  6.6580E-03 -1.2701E-01  1.2551E-02  1.3680E-02
  6.7050E-03 -1.2658E-01  1.2640E-02  1.3777E-02
  6.7523E-03 -1.2613E-01  1.2729E-02  1.3874E-02
  6.8000E-03 -1.2568E-01  1.2819E-02  1.3972E-02
  6.8479E-03 -1.2521E-01  1.2909E-02  1.4070E-02
  6.8963E-03 -1.2474E-01  1.3000E-02  1.4170E-02
  6.9449E-03 -1.2425E-01  1.3092E-02  1.4270E-02
  6.9939E-03 -1.2375E-01  1.3185E-02  1.4370E-02
  7.0432E-03 -1.2324E-01  1.3277E-02  1.4472E-02
  7.0929E-03 -1.2272E-01  1.3371E-02  1.4574E-02
  7.1429E-03 -1.2219E-01  1.3465E-02  1.4676E-02
  7.1933E-03 -1.2165E-01  1.3560E-02  1.4780E-02
  7.2440E-03 -1.2109E-01  1.3656E-02  1.4884E-02
  7.2951E-03 -1.2052E-01  1.3752E-02  1.4989E-02
  7.3465E-03 -1.1994E-01  1.3849E-02  1.5095E-02
  7.3983E-03 -1.1935E-01  1.3947E-02  1.5201E-02
  7.4504E-03 -1.1875E-01  1.4045E-02  1.5308E-02
  7.5029E-03 -1.1814E-01  1.4144E-02  1.5416E-02
  7.5558E-03 -1.1751E-01  1.4244E-02  1.5525E-02
  7.6091E-03 -1.1687E-01  1.4344E-02  1.5634E-02
  7.6627E-03 -1.1622E-01  1.4445E-02  1.5744E-02
  7.7167E-03 -1.1555E-01  1.4547E-02  1.5855E-02
  7.7711E-03 -1.1488E-01  1.4650E-02  1.5967E-02
  7.8258E-03 -1.1419E-01  1.4753E-02  1.6080E-02
  7.8809E-03 -1.1349E-01  1.4857E-02  1.6193E-02
  7.9365E-03 -1.1277E-01  1.4961E-02  1.6307E-02
  7.9924E-03 -1.1205E-01  1.5067E-02  1.6422E-02
  8.0487E-03 -1.1131E-01  1.5173E-02  1.6537E-02
  8.1053E-03 -1.1056E-01  1.5280E-02  1.6654E-02
  8.1624E-03 -1.0979E-01  1.5387E-02  1.6771E-02
  8.2199E-03 -1.0901E-01  1.5496E-02  1.6889E-02
  8.2778E-03 -1.0822E-01  1.5605E-02  1.7008E-02
  8.3361E-03 -1.0742E-01  1.5715E-02  1.7128E-02
  8.3948E-03 -1.0660E-01  1.5825E-02  1.7249E-02
  8.4539E-03 -1.0577E-01  1.5937E-02  1.7370E-02
  8.5134E-03 -1.0492E-01  1.6049E-02  1.7492E-02
  8.5733E-03 -1.0406E-01  1.6162E-02  1.7615E-02
  8.6337E-03 -1.0319E-01  1.6276E-02  1.7739E-02
  8.6945E-03 -1.0231E-01  1.6390E-02  1.7864E-02
  8.7557E-03 -1.0141E-01  1.6505E-02  1.7990E-02
  8.8173E-03 -1.0050E-01  1.6622E-02  1.8117E-02
  8.8793E-03 -9.9572E-02  1.6739E-02  1.8244E-02
  8.9418E-03 -9.8633E-02  1.6856E-02  1.8372E-02
  9.0047E-03 -9.7680E-02  1.6975E-02  1.8502E-02
  9.0681E-03 -9.6712E-02  1.7094E-02  1.8632E-02
  9.1319E-03 -9.5731E-02  1.7215E-02  1.8763E-02
  9.1962E-03 -9.4736E-02  1.7336E-02  1.8895E-02
  9.2609E-03 -9.3727E-02  1.7458E-02  1.9028E-02
  9.3260E-03 -9.2704E-02  1.7581E-02  1.9162E-02
  9.3916E-03 -9.1666E-02  1.7704E-02  1.9297E-02
  9.4577E-03 -9.0615E-02  1.7829E-02  1.9432E-02
  9.5242E-03 -8.9549E-02  1.7954E-02  1.9569E-02
  9.5912E-03 -8.8469E-02  1.8080E-02  1.9707E-02
  9.6586E-03 -8.7375E-02  1.8208E-02  1.9845E-02
  9.7266E-03 -8.6267E-02  1.8336E-02  1.9985E-02
  9.7950E-03 -8.5144E-02  1.8465E-02  2.0125E-02
  9.8638E-03 -8.4007E-02  1.8594E-02  2.0267E-02
  9.9332E-03 -8.2855E-02  1.8725E-02  2.0409E-02
  1.0003E-02 -8.1689E-02  1.8857E-02  2.0553E-02
  1.0073E-02 -8.0509E-02  1.8989E-02  2.0697E-02
  1.0144E-02 -7.9314E-02  1.9123E-02  2.0843E-02
  1.0216E-02 -7.8104E-02  1.9257E-02  2.0989E-02
  1.0287E-02 -7.6880E-02  1.9393E-02  2.1137E-02
  1.0360E-02 -7.5642E-02  1.9529E-02  2.1285E-02
  1.0432E-02 -7.4389E-02  1.9666E-02  2.1435E-02
  1.0506E-02 -7.3121E-02  1.9804E-02  2.1586E-02
  1.0580E-02 -7.1839E-02  1.9944E-02  2.1737E-02
  1.0654E-02 -7.0542E-02  2.0084E-02  2.1890E-02
  1.0729E-02 -6.9231E-02  2.0225E-02  2.2044E-02
  1.0804E-02 -6.7905E-02  2.0367E-02  2.2199E-02
  1.0880E-02 -6.6565E-02  2.0510E-02  2.2355E-02
  1.0957E-02 -6.5210E-02  2.0654E-02  2.2512E-02
  1.1034E-02 -6.3840E-02  2.0799E-02  2.2670E-02
  1.1111E-02 -6.2456E-02  2.0945E-02  2.2829E-02
  1.1189E-02 -6.1057E-02  2.1093E-02  2.2990E-02
  1.1268E-02 -5.9644E-02  2.1241E-02  2.3151E-02
  1.1347E-02 -5.8217E-02  2.1390E-02  2.3314E-02
  1.1427E-02 -5.6775E-02  2.1540E-02  2.3478E-02
  1.1507E-02 -5.5318E-02  2.1691E-02  2.3642E-02
  1.1588E-02 -5.3847E-02  2.1844E-02  2.3809E-02
  1.1669E-02 -5.2362E-02  2.1997E-02  2.3976E-02
  1.1751E-02 -5.0862E-02  2.2152E-02  2.4144E-02
  1.1834E-02 -4.9348E-02  2.2307E-02  2.4314E-02
  1.1917E-02 -4.7820E-02  2.2464E-02  2.4484E-02
  1.2000E-02 -4.6277E-02  2.2622E-02  2.4656E-02
  1.2085E-02 -4.4721E-02  2.2780E-02  2.4829E-02
  1.2170E-02 -4.3150E-02  2.2940E-02  2.5004E-02
  1.2255E-02 -4.1565E-02  2.3101E-02  2.5179E-02
  1.2341E-02 -3.9967E-02  2.3264E-02  2.5356E-02
  1.2428E-02 -3.8354E-02  2.3427E-02  2.5534E-02
  1.2515E-02 -3.6727E-02  2.3591E-02  2.5713E-02
  1.2603E-02 -3.5087E-02  2.3757E-02  2.5894E-02
  1.2691E-02 -3.3433E-02  2.3924E-02  2.6076E-02
  1.2780E-02 -3.1765E-02  2.4092E-02  2.6259E-02
  1.2870E-02 -3.0084E-02  2.4261E-02  2.6443E-02
  1.2960E-02 -2.8390E-02  2.4431E-02  2.6629E-02
  1.3051E-02 -2.6682E-02  2.4603E-02  2.6815E-02
  1.3143E-02 -2.4961E-02  2.4775E-02  2.7004E-02
  1.3235E-02 -2.3226E-02  2.4949E-02  2.7193E-02
  1.3328E-02 -2.1479E-02  2.5124E-02  2.7384E-02
  1.3422E-02 -1.9719E-02  2.5300E-02  2.7576E-02
  1.3516E-02 -1.7946E-02  2.5478E-02  2.7770E-02
  1.3611E-02 -1.6160E-02  2.5657E-02  2.7965E-02
  1.3706E-02 -1.4362E-02  2.5837E-02  2.8161E-02
  1.3802E-02 -1.2551E-02  2.6018E-02  2.8358E-02
  1.3899E-02 -1.0728E-02  2.6200E-02  2.8557E-02
  1.3997E-02 -8.8933E-03  2.6384E-02  2.8758E-02
  1.4095E-02 -7.0462E-03  2.6569E-02  2.8959E-02
  1.4194E-02 -5.1874E-03  2.6756E-02  2.9162E-02
  1.4294E-02 -3.3168E-03  2.6943E-02  2.9367E-02
  1.4394E-02 -1.4347E-03  2.7132E-02  2.9573E-02
  1.4495E-02  4.5870E-04  2.7323E-02  2.9780E-02
  1.4596E-02  2.3633E-03  2.7514E-02  2.9989E-02
  1.4699E-02  4.2789E-03  2.7707E-02  3.0200E-02
  1.4802E-02  6.2052E-03  2.7902E-02  3.0411E-02
  1.4906E-02  8.1423E-03  2.8097E-02  3.0625E-02
  1.5010E-02  1.0090E-02  2.8294E-02  3.0840E-02
  1.5116E-02  1.2047E-02  2.8493E-02  3.1056E-02
  1.5222E-02  1.4015E-02  2.8693E-02  3.1274E-02
  1.5328E-02  1.5992E-02  2.8894E-02  3.1493E-02
  1.5436E-02  1.7979E-02  2.9096E-02  3.1714E-02
  1.5544E-02  1.9976E-02  2.9300E-02  3.1936E-02
  1.5653E-02  2.1981E-02  2.9506E-02  3.2160E-02
  1.5763E-02  2.3996E-02  2.9713E-02  3.2385E-02
  1.5873E-02  2.6019E-02  2.9921E-02  3.2613E-02
  1.5985E-02  2.8050E-02  3.0131E-02  3.2841E-02
  1.6097E-02  3.0090E-02  3.0342E-02  3.3071E-02
  1.6210E-02  3.2137E-02  3.0555E-02  3.3303E-02
  1.6323E-02  3.4192E-02  3.0769E-02  3.3537E-02
  1.6438E-02  3.6255E-02  3.0984E-02  3.3772E-02
  1.6553E-02  3.8324E-02  3.1202E-02  3.4008E-02
  1.6669E-02  4.0400E-02  3.1420E-02  3.4247E-02
  1.6786E-02  4.2483E-02  3.1640E-02  3.4487E-02
  1.6904E-02  4.4572E-02  3.1862E-02  3.4729E-02
  1.7022E-02  4.6667E-02  3.2086E-02  3.4972E-02
  1.7141E-02  4.8767E-02  3.2310E-02  3.5217E-02
  1.7262E-02  5.0873E-02  3.2537E-02  3.5464E-02
  1.7383E-02  5.2983E-02  3.2765E-02  3.5712E-02
  1.7504E-02  5.5098E-02  3.2994E-02  3.5963E-02
  1.7627E-02  5.7217E-02  3.3226E-02  3.6215E-02
  1.7751E-02  5.9340E-02  3.3458E-02  3.6468E-02
  1.7875E-02  6.1467E-02  3.3693E-02  3.6724E-02
  1.8000E-02  6.3597E-02  3.3929E-02  3.6981E-02
  1.8126E-02  6.5729E-02  3.4167E-02  3.7240E-02
  1.8253E-02  6.7865E-02  3.4406E-02  3.7501E-02
  1.8381E-02  7.0002E-02  3.4647E-02  3.7764E-02
  1.8510E-02  7.2140E-02  3.4890E-02  3.8029E-02
  1.8640E-02  7.4280E-02  3.5134E-02  3.8295E-02
  1.8771E-02  7.6421E-02  3.5380E-02  3.8563E-02
  1.8902E-02  7.8563E-02  3.5628E-02  3.8833E-02
  1.9034E-02  8.0704E-02  3.5878E-02  3.9105E-02
  1.9168E-02  8.2845E-02  3.6129E-02  3.9379E-02
  1.9302E-02  8.4985E-02  3.6382E-02  3.9655E-02
  1.9437E-02  8.7124E-02  3.6637E-02  3.9933E-02
  1.9574E-02  8.9261E-02  3.6893E-02  4.0213E-02
  1.9711E-02  9.1396E-02  3.7152E-02  4.0494E-02
  1.9849E-02  9.3528E-02  3.7412E-02  4.0778E-02
  1.9988E-02  9.5658E-02  3.7674E-02  4.1063E-02
  2.0128E-02  9.7784E-02  3.7938E-02  4.1351E-02
  2.0269E-02  9.9905E-02  3.8203E-02  4.1641E-02
  2.0411E-02  1.0202E-01  3.8471E-02  4.1932E-02
  2.0554E-02  1.0413E-01  3.8740E-02  4.2226E-02
  2.0698E-02  1.0624E-01  3.9011E-02  4.2522E-02
  2.0843E-02  1.0834E-01  3.9285E-02  4.2819E-02
  2.0989E-02  1.1044E-01  3.9560E-02  4.3119E-02
  2.1136E-02  1.1252E-01  3.9837E-02  4.3421E-02
  2.1284E-02  1.1460E-01  4.0116E-02  4.3725E-02
  2.1433E-02  1.1667E-01  4.0396E-02  4.4031E-02
  2.1583E-02  1.1874E-01  4.0679E-02  4.4339E-02
  2.1734E-02  1.2079E-01  4.0964E-02  4.4650E-02
  2.1886E-02  1.2283E-01  4.1251E-02  4.4962E-02
  2.2040E-02  1.2486E-01  4.1539E-02  4.5277E-02
  2.2194E-02  1.2689E-01  4.1830E-02  4.5594E-02
  2.2349E-02  1.2890E-01  4.2123E-02  4.5913E-02
  2.2506E-02  1.3090E-01  4.2418E-02  4.6235E-02
  2.2663E-02  1.3288E-01  4.2715E-02  4.6558E-02
  2.2822E-02  1.3485E-01  4.3014E-02  4.6884E-02
  2.2982E-02  1.3681E-01  4.3315E-02  4.7212E-02
  2.3143E-02  1.3876E-01  4.3618E-02  4.7543E-02
  2.3305E-02  1.4068E-01  4.3923E-02  4.7876E-02
  2.3468E-02  1.4260E-01  4.4231E-02  4.8211E-02
  2.3632E-02  1.4449E-01  4.4540E-02  4.8548E-02
  2.3798E-02  1.4637E-01  4.4852E-02  4.8888E-02
  2.3965E-02  1.4824E-01  4.5166E-02  4.9230E-02
  2.4132E-02  1.5008E-01  4.5482E-02  4.9574E-02
  2.4301E-02  1.5190E-01  4.5800E-02  4.9921E-02
  2.4471E-02  1.5371E-01  4.6120E-02  5.0271E-02
  2.4643E-02  1.5549E-01  4.6443E-02  5.0622E-02
  2.4815E-02  1.5726E-01  4.6768E-02  5.0977E-02
  2.4989E-02  1.5900E-01  4.7095E-02  5.1333E-02
  2.5164E-02  1.6072E-01  4.7425E-02  5.1693E-02
  2.5340E-02  1.6242E-01  4.7756E-02  5.2054E-02
  2.5517E-02  1.6409E-01  4.8090E-02  5.2418E-02
  2.5696E-02  1.6574E-01  4.8427E-02  5.2785E-02
  2.5876E-02  1.6736E-01  4.8766E-02  5.3154E-02
  2.6057E-02  1.6896E-01  4.9107E-02  5.3526E-02
  2.6239E-02  1.7053E-01  4.9450E-02  5.3901E-02
  2.6423E-02  1.7208E-01  4.9796E-02  5.4278E-02
  2.6608E-02  1.7359E-01  5.0144E-02  5.4657E-02
  2.6794E-02  1.7508E-01  5.0495E-02  5.5040E-02
  2.6982E-02  1.7654E-01  5.0848E-02  5.5425E-02
  2.7171E-02  1.7797E-01  5.1204E-02  5.5813E-02
  2.7361E-02  1.7936E-01  5.1562E-02  5.6203E-02
  2.7552E-02  1.8073E-01  5.1923E-02  5.6596E-02
  2.7745E-02  1.8206E-01  5.2286E-02  5.6992E-02
  2.7939E-02  1.8337E-01  5.2651E-02  5.7390E-02
  2.8135E-02  1.8463E-01  5.3020E-02  5.7792E-02
  2.8332E-02  1.8587E-01  5.3390E-02  5.8196E-02
  2.8530E-02  1.8706E-01  5.3764E-02  5.8603E-02
  2.8729E-02  1.8822E-01  5.4140E-02  5.9013E-02
  2.8931E-02  1.8935E-01  5.4518E-02  5.9426E-02
  2.9133E-02  1.9044E-01  5.4899E-02  5.9841E-02
  2.9337E-02  1.9149E-01  5.5283E-02  6.0260E-02
  2.9542E-02  1.9250E-01  5.5670E-02  6.0681E-02
  2.9749E-02  1.9347E-01  5.6059E-02  6.1105E-02
  2.9957E-02  1.9440E-01  5.6451E-02  6.1532E-02
  3.0167E-02  1.9529E-01  5.6845E-02  6.1963E-02
  3.0378E-02  1.9613E-01  5.7243E-02  6.2396E-02
  3.0590E-02  1.9694E-01  5.7643E-02  6.2832E-02
  3.0804E-02  1.9770E-01  5.8046E-02  6.3271E-02
  3.1020E-02  1.9842E-01  5.8452E-02  6.3714E-02
  3.1237E-02  1.9909E-01  5.8860E-02  6.4159E-02
  3.1455E-02  1.9972E-01  5.9272E-02  6.4608E-02
  3.1675E-02  2.0030E-01  5.9686E-02  6.5059E-02
  3.1897E-02  2.0083E-01  6.0103E-02  6.5514E-02
  3.2120E-02  2.0132E-01  6.0523E-02  6.5972E-02
  3.2345E-02  2.0176E-01  6.0946E-02  6.6433E-02
  3.2571E-02  2.0215E-01  6.1372E-02  6.6898E-02
  3.2799E-02  2.0249E-01  6.1801E-02  6.7365E-02
  3.3028E-02  2.0278E-01  6.2233E-02  6.7836E-02
  3.3259E-02  2.0302E-01  6.2668E-02  6.8310E-02
  3.3492E-02  2.0320E-01  6.3106E-02  6.8788E-02
  3.3726E-02  2.0334E-01  6.3547E-02  6.9269E-02
  3.3962E-02  2.0342E-01  6.3991E-02  6.9753E-02
  3.4200E-02  2.0344E-01  6.4438E-02  7.0240E-02
  3.4439E-02  2.0342E-01  6.4888E-02  7.0731E-02
  3.4680E-02  2.0333E-01  6.5341E-02  7.1225E-02
  3.4922E-02  2.0320E-01  6.5798E-02  7.1723E-02
  3.5167E-02  2.0300E-01  6.6258E-02  7.2224E-02
  3.5413E-02  2.0275E-01  6.6720E-02  7.2729E-02
  3.5660E-02  2.0244E-01  6.7187E-02  7.3237E-02
  3.5910E-02  2.0207E-01  6.7656E-02  7.3749E-02
  3.6161E-02  2.0165E-01  6.8129E-02  7.4264E-02
  3.6414E-02  2.0116E-01  6.8604E-02  7.4783E-02
  3.6668E-02  2.0062E-01  6.9084E-02  7.5305E-02
  3.6925E-02  2.0001E-01  6.9566E-02  7.5832E-02
  3.7183E-02  1.9935E-01  7.0052E-02  7.6361E-02
  3.7443E-02  1.9862E-01  7.0541E-02  7.6895E-02
  3.7705E-02  1.9783E-01  7.1034E-02  7.7432E-02
  3.7969E-02  1.9698E-01  7.1530E-02  7.7973E-02
  3.8234E-02  1.9606E-01  7.2030E-02  7.8518E-02
  3.8502E-02  1.9508E-01  7.2533E-02  7.9066E-02
  3.8771E-02  1.9404E-01  7.3039E-02  7.9618E-02
  3.9042E-02  1.9294E-01  7.3549E-02  8.0174E-02
  3.9315E-02  1.9177E-01  7.4063E-02  8.0734E-02
  3.9590E-02  1.9053E-01  7.4580E-02  8.1298E-02
  3.9867E-02  1.8923E-01  7.5101E-02  8.1866E-02
  4.0146E-02  1.8786E-01  7.5625E-02  8.2438E-02
  4.0426E-02  1.8643E-01  7.6153E-02  8.3014E-02
  4.0709E-02  1.8493E-01  7.6685E-02  8.3593E-02
  4.0994E-02  1.8337E-01  7.7220E-02  8.4177E-02
  4.1280E-02  1.8174E-01  7.7759E-02  8.4765E-02
  4.1569E-02  1.8004E-01  7.8302E-02  8.5357E-02
  4.1860E-02  1.7827E-01  7.8849E-02  8.5953E-02
  4.2152E-02  1.7644E-01  7.9399E-02  8.6553E-02
  4.2447E-02  1.7454E-01  7.9953E-02  8.7157E-02
  4.2744E-02  1.7257E-01  8.0511E-02  8.7766E-02
  4.3043E-02  1.7053E-01  8.1073E-02  8.8379E-02
  4.3344E-02  1.6843E-01  8.1639E-02  8.8996E-02
  4.3647E-02  1.6626E-01  8.2209E-02  8.9617E-02
  4.3952E-02  1.6402E-01  8.2783E-02  9.0243E-02
  4.4259E-02  1.6171E-01  8.3360E-02  9.0873E-02
  4.4568E-02  1.5933E-01  8.3942E-02  9.1507E-02
  4.4880E-02  1.5689E-01  8.4528E-02  9.2146E-02
  4.5194E-02  1.5438E-01  8.5118E-02  9.2789E-02
  4.5510E-02  1.5180E-01  8.5712E-02  9.3437E-02
  4.5828E-02  1.4915E-01  8.6310E-02  9.4089E-02
  4.6148E-02  1.4643E-01  8.6912E-02  9.4745E-02
  4.6471E-02  1.4365E-01  8.7518E-02  9.5407E-02
  4.6796E-02  1.4080E-01  8.8129E-02  9.6073E-02
  4.7123E-02  1.3789E-01  8.8743E-02  9.6743E-02
  4.7452E-02  1.3491E-01  8.9363E-02  9.7418E-02
  4.7784E-02  1.3186E-01  8.9986E-02  9.8098E-02
  4.8118E-02  1.2874E-01  9.0614E-02  9.8783E-02
  4.8454E-02  1.2557E-01  9.1246E-02  9.9472E-02
  4.8793E-02  1.2232E-01  9.1882E-02  1.0017E-01
  4.9134E-02  1.1901E-01  9.2523E-02  1.0086E-01
  4.9478E-02  1.1564E-01  9.3168E-02  1.0157E-01
  4.9824E-02  1.1221E-01  9.3818E-02  1.0228E-01
  5.0172E-02  1.0871E-01  9.4472E-02  1.0299E-01
  5.0523E-02  1.0515E-01  9.5131E-02  1.0371E-01
  5.0876E-02  1.0153E-01  9.5794E-02  1.0443E-01
  5.1231E-02  9.7846E-02  9.6462E-02  1.0516E-01
  5.1589E-02  9.4104E-02  9.7135E-02  1.0589E-01
  5.1950E-02  9.0303E-02  9.7812E-02  1.0663E-01
  5.2313E-02  8.6443E-02  9.8494E-02  1.0738E-01
  5.2679E-02  8.2526E-02  9.9181E-02  1.0813E-01
  5.3047E-02  7.8552E-02  9.9872E-02  1.0888E-01
  5.3418E-02  7.4522E-02  1.0057E-01  1.0964E-01
  5.3791E-02  7.0438E-02  1.0127E-01  1.1040E-01
  5.4167E-02  6.6300E-02  1.0198E-01  1.1117E-01
  5.4546E-02  6.2109E-02  1.0269E-01  1.1195E-01
  5.4927E-02  5.7867E-02  1.0340E-01  1.1273E-01
  5.5311E-02  5.3575E-02  1.0412E-01  1.1352E-01
  5.5697E-02  4.9233E-02  1.0485E-01  1.1431E-01
  5.6087E-02  4.4843E-02  1.0558E-01  1.1510E-01
  5.6479E-02  4.0407E-02  1.0631E-01  1.1591E-01
  5.6873E-02  3.5925E-02  1.0705E-01  1.1672E-01
  5.7271E-02  3.1399E-02  1.0780E-01  1.1753E-01
  5.7671E-02  2.6830E-02  1.0855E-01  1.1835E-01
  5.8074E-02  2.2220E-02  1.0931E-01  1.1917E-01
  5.8480E-02  1.7571E-02  1.1007E-01  1.2000E-01
  5.8889E-02  1.2883E-02  1.1084E-01  1.2084E-01
  5.9300E-02  8.1591E-03  1.1161E-01  1.2168E-01
  5.9715E-02  3.3999E-03  1.1239E-01  1.2253E-01
  6.0132E-02 -1.3926E-03  1.1317E-01  1.2338E-01
  6.0552E-02 -6.2168E-03  1.1396E-01  1.2424E-01
  6.0975E-02 -1.1071E-02  1.1475E-01  1.2511E-01
  6.1401E-02 -1.5953E-02  1.1555E-01  1.2598E-01
  6.1830E-02 -2.0862E-02  1.1635E-01  1.2686E-01
  6.2262E-02 -2.5794E-02  1.1716E-01  1.2774E-01
  6.2698E-02 -3.0750E-02  1.1798E-01  1.2863E-01
  6.3136E-02 -3.5726E-02  1.1880E-01  1.2953E-01
  6.3577E-02 -4.0720E-02  1.1963E-01  1.3043E-01
  6.4021E-02 -4.5731E-02  1.2046E-01  1.3134E-01
  6.4468E-02 -5.0756E-02  1.2130E-01  1.3226E-01
  6.4919E-02 -5.5794E-02  1.2214E-01  1.3318E-01
  6.5373E-02 -6.0842E-02  1.2299E-01  1.3410E-01
  6.5829E-02 -6.5898E-02  1.2385E-01  1.3504E-01
  6.6289E-02 -7.0959E-02  1.2471E-01  1.3598E-01
  6.6753E-02 -7.6024E-02  1.2558E-01  1.3692E-01
  6.7219E-02 -8.1090E-02  1.2645E-01  1.3788E-01
  6.7689E-02 -8.6155E-02  1.2733E-01  1.3884E-01
  6.8162E-02 -9.1217E-02  1.2822E-01  1.3981E-01
  6.8638E-02 -9.6272E-02  1.2911E-01  1.4078E-01
  6.9118E-02 -1.0132E-01  1.3001E-01  1.4176E-01
  6.9600E-02 -1.0636E-01  1.3091E-01  1.4275E-01
  7.0087E-02 -1.1138E-01  1.3182E-01  1.4374E-01
  7.0576E-02 -1.1638E-01  1.3274E-01  1.4474E-01
  7.1070E-02 -1.2137E-01  1.3366E-01  1.4575E-01
  7.1566E-02 -1.2634E-01  1.3459E-01  1.4676E-01
  7.2066E-02 -1.3128E-01  1.3553E-01  1.4778E-01
  7.2570E-02 -1.3620E-01  1.3647E-01  1.4881E-01
  7.3077E-02 -1.4109E-01  1.3742E-01  1.4985E-01
  7.3587E-02 -1.4594E-01  1.3838E-01  1.5089E-01
  7.4101E-02 -1.5076E-01  1.3934E-01  1.5194E-01
  7.4619E-02 -1.5554E-01  1.4031E-01  1.5300E-01
  7.5140E-02 -1.6029E-01  1.4128E-01  1.5406E-01
  7.5665E-02 -1.6499E-01  1.4226E-01  1.5513E-01
  7.6194E-02 -1.6964E-01  1.4325E-01  1.5621E-01
  7.6726E-02 -1.7425E-01  1.4425E-01  1.5730E-01
  7.7262E-02 -1.7880E-01  1.4525E-01  1.5839E-01
  7.7802E-02 -1.8330E-01  1.4626E-01  1.5949E-01
  7.8346E-02 -1.8774E-01  1.4727E-01  1.6060E-01
  7.8893E-02 -1.9212E-01  1.4830E-01  1.6172E-01
  7.9444E-02 -1.9644E-01  1.4933E-01  1.6284E-01
  7.9999E-02 -2.0069E-01  1.5036E-01  1.6397E-01
  8.0558E-02 -2.0488E-01  1.5141E-01  1.6511E-01
  8.1121E-02 -2.0899E-01  1.5246E-01  1.6626E-01
  8.1688E-02 -2.1303E-01  1.5352E-01  1.6742E-01
  8.2258E-02 -2.1698E-01  1.5458E-01  1.6858E-01
  8.2833E-02 -2.2086E-01  1.5566E-01  1.6975E-01
  8.3412E-02 -2.2466E-01  1.5674E-01  1.7093E-01
  8.3994E-02 -2.2836E-01  1.5782E-01  1.7212E-01
  8.4581E-02 -2.3198E-01  1.5892E-01  1.7331E-01
  8.5172E-02 -2.3550E-01  1.6002E-01  1.7452E-01
  8.5767E-02 -2.3893E-01  1.6113E-01  1.7573E-01
  8.6366E-02 -2.4227E-01  1.6225E-01  1.7695E-01
  8.6970E-02 -2.4550E-01  1.6338E-01  1.7818E-01
  8.7577E-02 -2.4862E-01  1.6451E-01  1.7942E-01
  8.8189E-02 -2.5164E-01  1.6565E-01  1.8066E-01
  8.8805E-02 -2.5455E-01  1.6680E-01  1.8192E-01
  8.9425E-02 -2.5734E-01  1.6795E-01  1.8318E-01
  9.0050E-02 -2.6003E-01  1.6912E-01  1.8445E-01
  9.0679E-02 -2.6259E-01  1.7029E-01  1.8573E-01
  9.1312E-02 -2.6503E-01  1.7147E-01  1.8702E-01
  9.1950E-02 -2.6735E-01  1.7266E-01  1.8832E-01
  9.2593E-02 -2.6954E-01  1.7386E-01  1.8963E-01
  9.3239E-02 -2.7160E-01  1.7506E-01  1.9094E-01
  9.3891E-02 -2.7353E-01  1.7627E-01  1.9227E-01
  9.4547E-02 -2.7533E-01  1.7749E-01  1.9360E-01
  9.5207E-02 -2.7699E-01  1.7872E-01  1.9494E-01
  9.5872E-02 -2.7852E-01  1.7996E-01  1.9629E-01
  9.6542E-02 -2.7990E-01  1.8121E-01  1.9766E-01
  9.7216E-02 -2.8114E-01  1.8246E-01  1.9903E-01
  9.7895E-02 -2.8223E-01  1.8373E-01  2.0041E-01
  9.8579E-02 -2.8317E-01  1.8500E-01  2.0179E-01
  9.9267E-02 -2.8397E-01  1.8628E-01  2.0319E-01
  9.9961E-02 -2.8461E-01  1.8757E-01  2.0460E-01
  1.0066E-01 -2.8509E-01  1.8886E-01  2.0602E-01
  1.0136E-01 -2.8543E-01  1.9017E-01  2.0745E-01
  1.0207E-01 -2.8560E-01  1.9149E-01  2.0888E-01
  1.0278E-01 -2.8561E-01  1.9281E-01  2.1033E-01
  1.0350E-01 -2.8546E-01  1.9414E-01  2.1179E-01
  1.0422E-01 -2.8515E-01  1.9549E-01  2.1325E-01
  1.0495E-01 -2.8467E-01  1.9684E-01  2.1473E-01
  1.0568E-01 -2.8403E-01  1.9820E-01  2.1622E-01
  1.0642E-01 -2.8322E-01  1.9957E-01  2.1771E-01
  1.0717E-01 -2.8224E-01  2.0095E-01  2.1922E-01
  1.0791E-01 -2.8109E-01  2.0233E-01  2.2074E-01
  1.0867E-01 -2.7977E-01  2.0373E-01  2.2227E-01
  1.0943E-01 -2.7827E-01  2.0514E-01  2.2380E-01
  1.1019E-01 -2.7660E-01  2.0656E-01  2.2535E-01
  1.1096E-01 -2.7476E-01  2.0798E-01  2.2691E-01
  1.1174E-01 -2.7274E-01  2.0942E-01  2.2848E-01
  1.1252E-01 -2.7055E-01  2.1086E-01  2.3006E-01
  1.1330E-01 -2.6818E-01  2.1232E-01  2.3165E-01
  1.1409E-01 -2.6564E-01  2.1378E-01  2.3325E-01
  1.1489E-01 -2.6292E-01  2.1526E-01  2.3486E-01
  1.1569E-01 -2.6002E-01  2.1674E-01  2.3649E-01
  1.1650E-01 -2.5694E-01  2.1824E-01  2.3812E-01
  1.1732E-01 -2.5369E-01  2.1974E-01  2.3977E-01
  1.1813E-01 -2.5026E-01  2.2126E-01  2.4142E-01
  1.1896E-01 -2.4666E-01  2.2278E-01  2.4309E-01
  1.1979E-01 -2.4288E-01  2.2432E-01  2.4477E-01
  1.2063E-01 -2.3892E-01  2.2586E-01  2.4646E-01
  1.2147E-01 -2.3479E-01  2.2742E-01  2.4816E-01
  1.2232E-01 -2.3049E-01  2.2898E-01  2.4987E-01
  1.2317E-01 -2.2601E-01  2.3056E-01  2.5159E-01
  1.2403E-01 -2.2136E-01  2.3215E-01  2.5333E-01
  1.2490E-01 -2.1654E-01  2.3375E-01  2.5508E-01
  1.2577E-01 -2.1155E-01  2.3535E-01  2.5684E-01
  1.2665E-01 -2.0640E-01  2.3697E-01  2.5861E-01
  1.2753E-01 -2.0108E-01  2.3860E-01  2.6039E-01
  1.2842E-01 -1.9559E-01  2.4024E-01  2.6218E-01
  1.2932E-01 -1.8994E-01  2.4189E-01  2.6399E-01
  1.3022E-01 -1.8414E-01  2.4356E-01  2.6581E-01
  1.3113E-01 -1.7817E-01  2.4523E-01  2.6764E-01
  1.3205E-01 -1.7205E-01  2.4692E-01  2.6948E-01
  1.3297E-01 -1.6577E-01  2.4861E-01  2.7134E-01
  1.3390E-01 -1.5935E-01  2.5032E-01  2.7321E-01
  1.3484E-01 -1.5278E-01  2.5204E-01  2.7509E-01
  1.3578E-01 -1.4606E-01  2.5377E-01  2.7698E-01
  1.3673E-01 -1.3920E-01  2.5551E-01  2.7888E-01
  1.3768E-01 -1.3220E-01  2.5726E-01  2.8080E-01
  1.3864E-01 -1.2507E-01  2.5903E-01  2.8273E-01
  1.3961E-01 -1.1781E-01  2.6080E-01  2.8468E-01
  1.4058E-01 -1.1041E-01  2.6259E-01  2.8663E-01
  1.4157E-01 -1.0290E-01  2.6439E-01  2.8860E-01
  1.4256E-01 -9.5260E-02  2.6620E-01  2.9058E-01
  1.4355E-01 -8.7507E-02  2.6802E-01  2.9258E-01
  1.4455E-01 -7.9642E-02  2.6986E-01  2.9459E-01
  1.4556E-01 -7.1669E-02  2.7171E-01  2.9661E-01
  1.4658E-01 -6.3593E-02  2.7357E-01  2.9865E-01
  1.4760E-01 -5.5418E-02  2.7544E-01  3.0069E-01
  1.4863E-01 -4.7149E-02  2.7732E-01  3.0276E-01
  1.4967E-01 -3.8791E-02  2.7922E-01  3.0483E-01
  1.5072E-01 -3.0349E-02  2.8113E-01  3.0692E-01
  1.5177E-01 -2.1828E-02  2.8305E-01  3.0903E-01
  1.5283E-01 -1.3234E-02  2.8498E-01  3.1114E-01
  1.5390E-01 -4.5710E-03  2.8693E-01  3.1327E-01
  1.5497E-01  4.1548E-03  2.8888E-01  3.1542E-01
  1.5605E-01  1.2938E-02  2.9086E-01  3.1758E-01
  1.5714E-01  2.1772E-02  2.9284E-01  3.1975E-01
  1.5824E-01  3.0653E-02  2.9484E-01  3.2194E-01
  1.5935E-01  3.9573E-02  2.9685E-01  3.2414E-01
  1.6046E-01  4.8527E-02  2.9887E-01  3.2635E-01
  1.6158E-01  5.7508E-02  3.0091E-01  3.2858E-01
  1.6271E-01  6.6511E-02  3.0296E-01  3.3083E-01
  1.6384E-01  7.5530E-02  3.0502E-01  3.3309E-01
  1.6499E-01  8.4556E-02  3.0709E-01  3.3536E-01
  1.6614E-01  9.3585E-02  3.0918E-01  3.3765E-01
  1.6730E-01  1.0261E-01  3.1129E-01  3.3995E-01
  1.6847E-01  1.1162E-01  3.1340E-01  3.4227E-01
  1.6964E-01  1.2062E-01  3.1553E-01  3.4460E-01
  1.7083E-01  1.2959E-01  3.1768E-01  3.4695E-01
  1.7202E-01  1.3853E-01  3.1983E-01  3.4931E-01
  1.7322E-01  1.4743E-01  3.2200E-01  3.5169E-01
  1.7443E-01  1.5629E-01  3.2419E-01  3.5409E-01
  1.7565E-01  1.6509E-01  3.2639E-01  3.5650E-01
  1.7688E-01  1.7384E-01  3.2860E-01  3.5892E-01
  1.7811E-01  1.8251E-01  3.3082E-01  3.6136E-01
  1.7936E-01  1.9112E-01  3.3307E-01  3.6382E-01
  1.8061E-01  1.9964E-01  3.3532E-01  3.6629E-01
  1.8187E-01  2.0808E-01  3.3759E-01  3.6877E-01
  1.8314E-01  2.1642E-01  3.3987E-01  3.7128E-01
  1.8442E-01  2.2466E-01  3.4217E-01  3.7379E-01
  1.8570E-01  2.3279E-01  3.4448E-01  3.7633E-01
  1.8700E-01  2.4080E-01  3.4681E-01  3.7888E-01
  1.8831E-01  2.4869E-01  3.4915E-01  3.8144E-01
  1.8962E-01  2.5645E-01  3.5151E-01  3.8403E-01
  1.9095E-01  2.6407E-01  3.5388E-01  3.8663E-01
  1.9228E-01  2.7154E-01  3.5626E-01  3.8924E-01
  1.9362E-01  2.7887E-01  3.5866E-01  3.9187E-01
  1.9497E-01  2.8603E-01  3.6108E-01  3.9452E-01
  1.9634E-01  2.9303E-01  3.6351E-01  3.9718E-01
  1.9771E-01  2.9985E-01  3.6596E-01  3.9987E-01
  1.9909E-01  3.0650E-01  3.6842E-01  4.0256E-01
  2.0048E-01  3.1296E-01  3.7089E-01  4.0528E-01
  2.0188E-01  3.1922E-01  3.7338E-01  4.0801E-01
  2.0329E-01  3.2529E-01  3.7589E-01  4.1076E-01
  2.0471E-01  3.3114E-01  3.7841E-01  4.1352E-01
  2.0613E-01  3.3679E-01  3.8095E-01  4.1630E-01
  2.0757E-01  3.4221E-01  3.8350E-01  4.1910E-01
  2.0902E-01  3.4741E-01  3.8607E-01  4.2192E-01
  2.1048E-01  3.5238E-01  3.8865E-01  4.2475E-01
  2.1195E-01  3.5711E-01  3.9125E-01  4.2760E-01
  2.1343E-01  3.6160E-01  3.9387E-01  4.3047E-01
  2.1492E-01  3.6583E-01  3.9650E-01  4.3335E-01
  2.1642E-01  3.6982E-01  3.9915E-01  4.3625E-01
  2.1793E-01  3.7354E-01  4.0181E-01  4.3917E-01
  2.1946E-01  3.7699E-01  4.0449E-01  4.4211E-01
  2.2099E-01  3.8018E-01  4.0719E-01  4.4507E-01
  2.2253E-01  3.8309E-01  4.0990E-01  4.4804E-01
  2.2409E-01  3.8572E-01  4.1263E-01  4.5103E-01
  2.2565E-01  3.8806E-01  4.1537E-01  4.5404E-01
  2.2723E-01  3.9011E-01  4.1813E-01  4.5706E-01
  2.2881E-01  3.9187E-01  4.2091E-01  4.6011E-01
  2.3041E-01  3.9334E-01  4.2370E-01  4.6317E-01
  2.3202E-01  3.9450E-01  4.2651E-01  4.6625E-01
  2.3364E-01  3.9535E-01  4.2934E-01  4.6935E-01
  2.3527E-01  3.9590E-01  4.3218E-01  4.7246E-01
  2.3691E-01  3.9614E-01  4.3504E-01  4.7559E-01
  2.3857E-01  3.9606E-01  4.3791E-01  4.7875E-01
  2.4023E-01  3.9567E-01  4.4081E-01  4.8192E-01
  2.4191E-01  3.9495E-01  4.4372E-01  4.8510E-01
  2.4360E-01  3.9392E-01  4.4664E-01  4.8831E-01
  2.4530E-01  3.9256E-01  4.4958E-01  4.9153E-01
  2.4701E-01  3.9087E-01  4.5254E-01  4.9478E-01
  2.4874E-01  3.8886E-01  4.5552E-01  4.9804E-01
  2.5047E-01  3.8653E-01  4.5852E-01  5.0132E-01
  2.5222E-01  3.8386E-01  4.6153E-01  5.0461E-01
  2.5398E-01  3.8086E-01  4.6455E-01  5.0793E-01
  2.5576E-01  3.7754E-01  4.6760E-01  5.1126E-01
  2.5754E-01  3.7389E-01  4.7066E-01  5.1462E-01
  2.5934E-01  3.6990E-01  4.7374E-01  5.1799E-01
  2.6115E-01  3.6559E-01  4.7684E-01  5.2138E-01
  2.6297E-01  3.6096E-01  4.7995E-01  5.2479E-01
  2.6481E-01  3.5599E-01  4.8308E-01  5.2821E-01
  2.6666E-01  3.5070E-01  4.8623E-01  5.3166E-01
  2.6852E-01  3.4509E-01  4.8940E-01  5.3512E-01
  2.7039E-01  3.3915E-01  4.9258E-01  5.3860E-01
  2.7228E-01  3.3290E-01  4.9578E-01  5.4210E-01
  2.7418E-01  3.2633E-01  4.9900E-01  5.4562E-01
  2.7610E-01  3.1945E-01  5.0223E-01  5.4916E-01
  2.7803E-01  3.1225E-01  5.0549E-01  5.5271E-01
  2.7997E-01  3.0475E-01  5.0876E-01  5.5629E-01
  2.8192E-01  2.9695E-01  5.1205E-01  5.5988E-01
  2.8389E-01  2.8884E-01  5.1535E-01  5.6349E-01
  2.8587E-01  2.8045E-01  5.1867E-01  5.6712E-01
  2.8787E-01  2.7176E-01  5.2201E-01  5.7076E-01
  2.8988E-01  2.6278E-01  5.2537E-01  5.7443E-01
  2.9190E-01  2.5353E-01  5.2875E-01  5.7811E-01
  2.9394E-01  2.4400E-01  5.3214E-01  5.8181E-01
  2.9599E-01  2.3421E-01  5.3555E-01  5.8553E-01
  2.9806E-01  2.2415E-01  5.3898E-01  5.8927E-01
  3.0014E-01  2.1383E-01  5.4243E-01  5.9302E-01
  3.0223E-01  2.0327E-01  5.4589E-01  5.9680E-01
  3.0434E-01  1.9246E-01  5.4937E-01  6.0059E-01
  3.0647E-01  1.8142E-01  5.5287E-01  6.0440E-01
  3.0861E-01  1.7015E-01  5.5638E-01  6.0822E-01
  3.1076E-01  1.5866E-01  5.5992E-01  6.1206E-01
  3.1293E-01  1.4696E-01  5.6347E-01  6.1592E-01
  3.1512E-01  1.3505E-01  5.6704E-01  6.1980E-01
  3.1732E-01  1.2295E-01  5.7062E-01  6.2370E-01
  3.1953E-01  1.1066E-01  5.7423E-01  6.2761E-01
  3.2176E-01  9.8189E-02  5.7785E-01  6.3154E-01
  3.2401E-01  8.5552E-02  5.8148E-01  6.3548E-01
  3.2627E-01  7.2756E-02  5.8514E-01  6.3945E-01
  3.2855E-01  5.9810E-02  5.8881E-01  6.4342E-01
  3.3084E-01  4.6723E-02  5.9250E-01  6.4742E-01
  3.3315E-01  3.3507E-02  5.9621E-01  6.5143E-01
  3.3548E-01  2.0170E-02  5.9993E-01  6.5546E-01
  3.3782E-01  6.7243E-03  6.0367E-01  6.5950E-01
  3.4018E-01 -6.8210E-03  6.0743E-01  6.6356E-01
  3.4255E-01 -2.0455E-02  6.1120E-01  6.6763E-01
  3.4494E-01 -3.4166E-02  6.1499E-01  6.7172E-01
  3.4735E-01 -4.7944E-02  6.1880E-01  6.7583E-01
  3.4978E-01 -6.1777E-02  6.2263E-01  6.7995E-01
  3.5222E-01 -7.5655E-02  6.2647E-01  6.8408E-01
  3.5468E-01 -8.9565E-02  6.3033E-01  6.8823E-01
  3.5715E-01 -1.0350E-01  6.3420E-01  6.9239E-01
  3.5965E-01 -1.1744E-01  6.3809E-01  6.9656E-01
  3.6216E-01 -1.3138E-01  6.4200E-01  7.0075E-01
  3.6469E-01 -1.4530E-01  6.4592E-01  7.0496E-01
  3.6723E-01 -1.5920E-01  6.4986E-01  7.0917E-01
  3.6980E-01 -1.7306E-01  6.5382E-01  7.1340E-01
  3.7238E-01 -1.8687E-01  6.5779E-01  7.1764E-01
  3.7498E-01 -2.0063E-01  6.6177E-01  7.2189E-01
  3.7760E-01 -2.1430E-01  6.6578E-01  7.2615E-01
  3.8023E-01 -2.2789E-01  6.6979E-01  7.3043E-01
  3.8289E-01 -2.4139E-01  6.7383E-01  7.3472E-01
  3.8556E-01 -2.5477E-01  6.7788E-01  7.3901E-01
  3.8825E-01 -2.6803E-01  6.8194E-01  7.4332E-01
  3.9096E-01 -2.8116E-01  6.8602E-01  7.4763E-01
  3.9369E-01 -2.9414E-01  6.9011E-01  7.5196E-01
  3.9644E-01 -3.0696E-01  6.9422E-01  7.5629E-01
  3.9921E-01 -3.1961E-01  6.9834E-01  7.6064E-01
  4.0199E-01 -3.3208E-01  7.0248E-01  7.6499E-01
  4.0480E-01 -3.4436E-01  7.0663E-01  7.6935E-01
  4.0763E-01 -3.5643E-01  7.1079E-01  7.7371E-01
  4.1047E-01 -3.6829E-01  7.1497E-01  7.7808E-01
  4.1334E-01 -3.7991E-01  7.1916E-01  7.8246E-01
  4.1622E-01 -3.9130E-01  7.2336E-01  7.8684E-01
  4.1913E-01 -4.0244E-01  7.2758E-01  7.9123E-01
  4.2205E-01 -4.1331E-01  7.3181E-01  7.9562E-01
  4.2500E-01 -4.2392E-01  7.3605E-01  8.0002E-01
  4.2797E-01 -4.3424E-01  7.4031E-01  8.0441E-01
  4.3095E-01 -4.4426E-01  7.4457E-01  8.0881E-01
  4.3396E-01 -4.5398E-01  7.4885E-01  8.1322E-01
  4.3699E-01 -4.6339E-01  7.5314E-01  8.1762E-01
  4.4004E-01 -4.7248E-01  7.5744E-01  8.2202E-01
  4.4312E-01 -4.8123E-01  7.6175E-01  8.2642E-01
  4.4621E-01 -4.8963E-01  7.6608E-01  8.3083E-01
  4.4932E-01 -4.9769E-01  7.7041E-01  8.3523E-01
  4.5246E-01 -5.0538E-01  7.7475E-01  8.3962E-01
  4.5562E-01 -5.1270E-01  7.7911E-01  8.4401E-01
  4.5880E-01 -5.1965E-01  7.8347E-01  8.4840E-01
  4.6200E-01 -5.2621E-01  7.8784E-01  8.5279E-01
  4.6523E-01 -5.3237E-01  7.9222E-01  8.5716E-01
  4.6848E-01 -5.3813E-01  7.9661E-01  8.6153E-01
  4.7175E-01 -5.4348E-01  8.0101E-01  8.6590E-01
  4.7504E-01 -5.4842E-01  8.0541E-01  8.7025E-01
  4.7836E-01 -5.5293E-01  8.0982E-01  8.7459E-01
  4.8169E-01 -5.5702E-01  8.1424E-01  8.7892E-01
  4.8506E-01 -5.6067E-01  8.1867E-01  8.8324E-01
  4.8844E-01 -5.6387E-01  8.2310E-01  8.8755E-01
  4.9185E-01 -5.6664E-01  8.2754E-01  8.9184E-01
  4.9529E-01 -5.6895E-01  8.3198E-01  8.9612E-01
  4.9874E-01 -5.7080E-01  8.3643E-01  9.0038E-01
  5.0223E-01 -5.7220E-01  8.4088E-01  9.0462E-01
  5.0573E-01 -5.7313E-01  8.4534E-01  9.0885E-01
  5.0926E-01 -5.7360E-01  8.4980E-01  9.1305E-01
  5.1282E-01 -5.7360E-01  8.5426E-01  9.1723E-01
  5.1640E-01 -5.7312E-01  8.5872E-01  9.2139E-01
  5.2000E-01 -5.7217E-01  8.6319E-01  9.2553E-01
  5.2363E-01 -5.7074E-01  8.6766E-01  9.2964E-01
  5.2729E-01 -5.6883E-01  8.7213E-01  9.3373E-01
  5.3097E-01 -5.6644E-01  8.7660E-01  9.3778E-01
  5.3467E-01 -5.6357E-01  8.8107E-01  9.4181E-01
  5.3841E-01 -5.6022E-01  8.8554E-01  9.4580E-01
  5.4217E-01 -5.5639E-01  8.9001E-01  9.4976E-01
  5.4595E-01 -5.5207E-01  8.9447E-01  9.5369E-01
  5.4976E-01 -5.4728E-01  8.9894E-01  9.5758E-01
  5.5360E-01 -5.4201E-01  9.0340E-01  9.6144E-01
  5.5746E-01 -5.3626E-01  9.0785E-01  9.6525E-01
  5.6135E-01 -5.3003E-01  9.1231E-01  9.6903E-01
  5.6527E-01 -5.2334E-01  9.1675E-01  9.7276E-01
  5.6922E-01 -5.1617E-01  9.2119E-01  9.7645E-01
  5.7319E-01 -5.0853E-01  9.2563E-01  9.8009E-01
  5.7719E-01 -5.0043E-01  9.3006E-01  9.8368E-01
  5.8122E-01 -4.9188E-01  9.3448E-01  9.8722E-01
  5.8528E-01 -4.8286E-01  9.3889E-01  9.9071E-01
  5.8937E-01 -4.7340E-01  9.4329E-01  9.9415E-01
  5.9348E-01 -4.6349E-01  9.4768E-01  9.9753E-01
  5.9762E-01 -4.5314E-01  9.5207E-01  1.0009E+00
  6.0180E-01 -4.4236E-01  9.5644E-01  1.0041E+00
  6.0600E-01 -4.3115E-01  9.6079E-01  1.0073E+00
  6.1023E-01 -4.1952E-01  9.6514E-01  1.0105E+00
  6.1449E-01 -4.0748E-01  9.6947E-01  1.0135E+00
  6.1878E-01 -3.9503E-01  9.7378E-01  1.0165E+00
  6.2310E-01 -3.8218E-01  9.7808E-01  1.0194E+00
  6.2744E-01 -3.6895E-01  9.8237E-01  1.0223E+00
  6.3182E-01 -3.5533E-01  9.8663E-01  1.0251E+00
  6.3624E-01 -3.4134E-01  9.9088E-01  1.0278E+00
  6.4068E-01 -3.2698E-01  9.9511E-01  1.0304E+00
  6.4515E-01 -3.1227E-01  9.9931E-01  1.0329E+00
  6.4965E-01 -2.9721E-01  1.0035E+00  1.0354E+00
  6.5419E-01 -2.8182E-01  1.0077E+00  1.0378E+00
  6.5875E-01 -2.6610E-01  1.0118E+00  1.0400E+00
  6.6335E-01 -2.5007E-01  1.0159E+00  1.0422E+00
  6.6798E-01 -2.3374E-01  1.0200E+00  1.0443E+00
  6.7265E-01 -2.1711E-01  1.0241E+00  1.0463E+00
  6.7734E-01 -2.0020E-01  1.0281E+00  1.0482E+00
  6.8207E-01 -1.8302E-01  1.0321E+00  1.0500E+00
  6.8683E-01 -1.6558E-01  1.0361E+00  1.0516E+00
  6.9163E-01 -1.4790E-01  1.0400E+00  1.0532E+00
  6.9645E-01 -1.2998E-01  1.0440E+00  1.0546E+00
  7.0131E-01 -1.1184E-01  1.0478E+00  1.0560E+00
  7.0621E-01 -9.3484E-02  1.0517E+00  1.0572E+00
  7.1114E-01 -7.4934E-02  1.0555E+00  1.0583E+00
  7.1610E-01 -5.6200E-02  1.0593E+00  1.0593E+00
  7.2110E-01 -3.7293E-02  1.0630E+00  1.0601E+00
  7.2614E-01 -1.8227E-02  1.0667E+00  1.0608E+00
  7.3121E-01  9.8499E-04  1.0704E+00  1.0614E+00
  7.3631E-01  2.0330E-02  1.0740E+00  1.0619E+00
  7.4145E-01  3.9796E-02  1.0776E+00  1.0622E+00
  7.4662E-01  5.9369E-02  1.0811E+00  1.0623E+00
  7.5184E-01  7.9035E-02  1.0846E+00  1.0623E+00
  7.5708E-01  9.8781E-02  1.0880E+00  1.0622E+00
  7.6237E-01  1.1860E-01  1.0914E+00  1.0619E+00
  7.6769E-01  1.3846E-01  1.0947E+00  1.0615E+00
  7.7305E-01  1.5837E-01  1.0980E+00  1.0609E+00
  7.7845E-01  1.7831E-01  1.1012E+00  1.0602E+00
  7.8388E-01  1.9826E-01  1.1044E+00  1.0593E+00
  7.8935E-01  2.1821E-01  1.1075E+00  1.0582E+00
  7.9486E-01  2.3814E-01  1.1106E+00  1.0569E+00
  8.0041E-01  2.5806E-01  1.1136E+00  1.0555E+00
  8.0600E-01  2.7793E-01  1.1166E+00  1.0539E+00
  8.1162E-01  2.9776E-01  1.1195E+00  1.0521E+00
  8.1729E-01  3.1751E-01  1.1223E+00  1.0502E+00
  8.2299E-01  3.3720E-01  1.1250E+00  1.0481E+00
  8.2874E-01  3.5679E-01  1.1277E+00  1.0457E+00
  8.3452E-01  3.7628E-01  1.1304E+00  1.0432E+00
  8.4035E-01  3.9566E-01  1.1329E+00  1.0405E+00
  8.4622E-01  4.1491E-01  1.1354E+00  1.0376E+00
  8.5212E-01  4.3403E-01  1.1378E+00  1.0345E+00
  8.5807E-01  4.5299E-01  1.1401E+00  1.0312E+00
  8.6406E-01  4.7179E-01  1.1424E+00  1.0277E+00
  8.7009E-01  4.9042E-01  1.1446E+00  1.0240E+00
  8.7617E-01  5.0887E-01  1.1467E+00  1.0201E+00
  8.8228E-01  5.2712E-01  1.1487E+00  1.0160E+00
  8.8844E-01  5.4517E-01  1.1507E+00  1.0117E+00
  8.9464E-01  5.6300E-01  1.1525E+00  1.0071E+00
  9.0089E-01  5.8060E-01  1.1543E+00  1.0024E+00
  9.0717E-01  5.9797E-01  1.1560E+00  9.9739E-01
  9.1351E-01  6.1509E-01  1.1576E+00  9.9220E-01
  9.1988E-01  6.3196E-01  1.1591E+00  9.8679E-01
  9.2631E-01  6.4856E-01  1.1605E+00  9.8115E-01
  9.3277E-01  6.6489E-01  1.1618E+00  9.7529E-01
  9.3928E-01  6.8094E-01  1.1630E+00  9.6921E-01
  9.4584E-01  6.9669E-01  1.1642E+00  9.6291E-01
  9.5244E-01  7.1215E-01  1.1652E+00  9.5637E-01
  9.5909E-01  7.2730E-01  1.1661E+00  9.4962E-01
  9.6578E-01  7.4214E-01  1.1669E+00  9.4263E-01
  9.7253E-01  7.5665E-01  1.1676E+00  9.3542E-01
  9.7931E-01  7.7084E-01  1.1682E+00  9.2798E-01
  9.8615E-01  7.8470E-01  1.1687E+00  9.2031E-01
  9.9303E-01  7.9821E-01  1.1691E+00  9.1242E-01
  9.9997E-01  8.1137E-01  1.1694E+00  9.0430E-01
  1.0069E+00  8.2419E-01  1.1695E+00  8.9596E-01
  1.0140E+00  8.3664E-01  1.1696E+00  8.8739E-01
  1.0211E+00  8.4874E-01  1.1695E+00  8.7860E-01
  1.0282E+00  8.6046E-01  1.1693E+00  8.6958E-01
  1.0354E+00  8.7182E-01  1.1690E+00  8.6035E-01
  1.0426E+00  8.8280E-01  1.1686E+00  8.5089E-01
  1.0499E+00  8.9339E-01  1.1680E+00  8.4122E-01
  1.0572E+00  9.0361E-01  1.1673E+00  8.3134E-01
  1.0646E+00  9.1344E-01  1.1665E+00  8.2124E-01
  1.0720E+00  9.2288E-01  1.1656E+00  8.1094E-01
  1.0795E+00  9.3193E-01  1.1645E+00  8.0043E-01
  1.0870E+00  9.4059E-01  1.1633E+00  7.8972E-01
  1.0946E+00  9.4885E-01  1.1620E+00  7.7882E-01
  1.1022E+00  9.5672E-01  1.1605E+00  7.6771E-01
  1.1099E+00  9.6418E-01  1.1589E+00  7.5643E-01
  1.1177E+00  9.7125E-01  1.1572E+00  7.4495E-01
  1.1255E+00  9.7792E-01  1.1553E+00  7.3330E-01
  1.1333E+00  9.8419E-01  1.1533E+00  7.2147E-01
  1.1413E+00  9.9006E-01  1.1511E+00  7.0948E-01
  1.1492E+00  9.9553E-01  1.1488E+00  6.9732E-01
  1.1572E+00  1.0006E+00  1.1463E+00  6.8501E-01
  1.1653E+00  1.0053E+00  1.1437E+00  6.7255E-01
  1.1735E+00  1.0095E+00  1.1410E+00  6.5994E-01
  1.1816E+00  1.0134E+00  1.1381E+00  6.4720E-01
  1.1899E+00  1.0169E+00  1.1350E+00  6.3434E-01
  1.1982E+00  1.0200E+00  1.1318E+00  6.2135E-01
  1.2066E+00  1.0227E+00  1.1285E+00  6.0825E-01
  1.2150E+00  1.0250E+00  1.1250E+00  5.9505E-01
  1.2235E+00  1.0270E+00  1.1213E+00  5.8175E-01
  1.2320E+00  1.0285E+00  1.1175E+00  5.6837E-01
  1.2406E+00  1.0297E+00  1.1136E+00  5.5491E-01
  1.2493E+00  1.0305E+00  1.1095E+00  5.4139E-01
  1.2580E+00  1.0309E+00  1.1052E+00  5.2780E-01
  1.2668E+00  1.0310E+00  1.1008E+00  5.1418E-01
  1.2756E+00  1.0307E+00  1.0962E+00  5.0051E-01
  1.2845E+00  1.0300E+00  1.0914E+00  4.8682E-01
  1.2935E+00  1.0290E+00  1.0865E+00  4.7312E-01
  1.3025E+00  1.0276E+00  1.0815E+00  4.5941E-01
  1.3116E+00  1.0259E+00  1.0762E+00  4.4570E-01
  1.3208E+00  1.0238E+00  1.0709E+00  4.3202E-01
  1.3300E+00  1.0214E+00  1.0653E+00  4.1837E-01
  1.3393E+00  1.0187E+00  1.0597E+00  4.0475E-01
  1.3486E+00  1.0157E+00  1.0538E+00  3.9119E-01
  1.3580E+00  1.0123E+00  1.0478E+00  3.7770E-01
  1.3675E+00  1.0086E+00  1.0416E+00  3.6429E-01
  1.3770E+00  1.0046E+00  1.0353E+00  3.5096E-01
  1.3867E+00  1.0003E+00  1.0289E+00  3.3774E-01
  1.3963E+00  9.9577E-01  1.0222E+00  3.2463E-01
  1.4061E+00  9.9090E-01  1.0155E+00  3.1164E-01
  1.4159E+00  9.8576E-01  1.0085E+00  2.9879E-01
  1.4258E+00  9.8034E-01  1.0014E+00  2.8610E-01
  1.4357E+00  9.7465E-01  9.9421E-01  2.7356E-01
  1.4458E+00  9.6870E-01  9.8682E-01  2.6120E-01
  1.4558E+00  9.6249E-01  9.7930E-01  2.4903E-01
  1.4660E+00  9.5604E-01  9.7162E-01  2.3705E-01
  1.4762E+00  9.4935E-01  9.6381E-01  2.2528E-01
  1.4865E+00  9.4243E-01  9.5585E-01  2.1373E-01
  1.4969E+00  9.3528E-01  9.4775E-01  2.0240E-01
  1.5074E+00  9.2791E-01  9.3951E-01  1.9132E-01
  1.5179E+00  9.2033E-01  9.3114E-01  1.8049E-01
  1.5285E+00  9.1255E-01  9.2263E-01  1.6992E-01
  1.5392E+00  9.0457E-01  9.1400E-01  1.5963E-01
  1.5499E+00  8.9640E-01  9.0524E-01  1.4961E-01
  1.5607E+00  8.8805E-01  8.9635E-01  1.3987E-01
  1.5716E+00  8.7953E-01  8.8734E-01  1.3044E-01
  1.5826E+00  8.7084E-01  8.7821E-01  1.2130E-01
  1.5936E+00  8.6199E-01  8.6897E-01  1.1248E-01
  1.6048E+00  8.5299E-01  8.5961E-01  1.0398E-01
  1.6160E+00  8.4384E-01  8.5015E-01  9.5795E-02
  1.6272E+00  8.3456E-01  8.4058E-01  8.7940E-02
  1.6386E+00  8.2515E-01  8.3092E-01  8.0418E-02
  1.6500E+00  8.1561E-01  8.2115E-01  7.3232E-02
  1.6615E+00  8.0596E-01  8.1129E-01  6.6386E-02
  1.6731E+00  7.9621E-01  8.0135E-01  5.9882E-02
  1.6848E+00  7.8635E-01  7.9132E-01  5.3721E-02
  1.6966E+00  7.7640E-01  7.8121E-01  4.7904E-02
  1.7084E+00  7.6636E-01  7.7102E-01  4.2432E-02
  1.7203E+00  7.5624E-01  7.6077E-01  3.7303E-02
  1.7324E+00  7.4605E-01  7.5045E-01  3.2516E-02
  1.7445E+00  7.3580E-01  7.4007E-01  2.8068E-02
  1.7566E+00  7.2548E-01  7.2963E-01  2.3955E-02
  1.7689E+00  7.1512E-01  7.1915E-01  2.0173E-02
  1.7812E+00  7.0471E-01  7.0861E-01  1.6718E-02
  1.7937E+00  6.9426E-01  6.9805E-01  1.3582E-02
  1.8062E+00  6.8378E-01  6.8744E-01  1.0758E-02
  1.8188E+00  6.7327E-01  6.7681E-01  8.2391E-03
  1.8315E+00  6.6274E-01  6.6616E-01  6.0156E-03
  1.8443E+00  6.5220E-01  6.5549E-01  4.0778E-03
  1.8571E+00  6.4165E-01  6.4480E-01  2.4149E-03
  1.8701E+00  6.3110E-01  6.3412E-01  1.0153E-03
  1.8832E+00  6.2055E-01  6.2343E-01 -1.3366E-04
  1.8963E+00  6.1002E-01  6.1275E-01 -1.0452E-03
  1.9095E+00  5.9950E-01  6.0208E-01 -1.7334E-03
  1.9229E+00  5.8900E-01  5.9143E-01 -2.2133E-03
  1.9363E+00  5.7852E-01  5.8081E-01 -2.5006E-03
  1.9498E+00  5.6808E-01  5.7021E-01 -2.6116E-03
  1.9634E+00  5.5767E-01  5.5965E-01 -2.5632E-03
  1.9771E+00  5.4731E-01  5.4913E-01 -2.3732E-03
  1.9909E+00  5.3699E-01  5.3865E-01 -2.0597E-03
  2.0048E+00  5.2672E-01  5.2823E-01 -1.6412E-03
  2.0188E+00  5.1650E-01  5.1787E-01 -1.1368E-03
  2.0329E+00  5.0635E-01  5.0757E-01 -5.6587E-04
  2.0471E+00  4.9626E-01  4.9734E-01  5.2099E-05
  2.0614E+00  4.8624E-01  4.8719E-01  6.9734E-04
  2.0758E+00  4.7629E-01  4.7711E-01  1.3501E-03
  2.0903E+00  4.6641E-01  4.6711E-01  1.9905E-03
  2.1049E+00  4.5662E-01  4.5720E-01  2.5990E-03
  2.1195E+00  4.4691E-01  4.4739E-01  3.1562E-03
  2.1343E+00  4.3728E-01  4.3767E-01  3.6432E-03
  2.1492E+00  4.2774E-01  4.2805E-01  4.0414E-03
  2.1642E+00  4.1830E-01  4.1853E-01  4.3329E-03
  2.1793E+00  4.0895E-01  4.0912E-01  4.5006E-03
  2.1946E+00  3.9970E-01  3.9982E-01  4.5282E-03
  2.2099E+00  3.9055E-01  3.9063E-01  4.4005E-03
  2.2253E+00  3.8150E-01  3.8155E-01  4.1034E-03
  2.2408E+00  3.7256E-01  3.7259E-01  3.6242E-03
  2.2565E+00  3.6373E-01  3.6374E-01  2.9516E-03
  2.2722E+00  3.5501E-01  3.5501E-01  2.0761E-03
  2.2881E+00  3.4640E-01  3.4640E-01  9.8967E-04
  2.3041E+00  3.3791E-01  3.3791E-01 -1.4107E-04
  2.3201E+00  3.2953E-01  3.2953E-01 -2.1258E-04
  2.3363E+00  3.2127E-01  3.2127E-01 -1.0404E-04
  2.3526E+00  3.1312E-01  3.1312E-01 -4.6585E-05
  2.3691E+00  3.0510E-01  3.0510E-01 -1.4954E-05
  2.3856E+00  2.9720E-01  2.9720E-01 -2.5557E-06
  2.4022E+00  2.8942E-01  2.8942E-01  0.0000E+00
  2.4190E+00  2.8177E-01  2.8177E-01  0.0000E+00
  2.4359E+00  2.7423E-01  2.7423E-01  0.0000E+00
  2.4529E+00  2.6683E-01  2.6683E-01  0.0000E+00
  2.4700E+00  2.5955E-01  2.5955E-01  0.0000E+00
  2.4873E+00  2.5239E-01  2.5239E-01  0.0000E+00
  2.5046E+00  2.4537E-01  2.4537E-01  0.0000E+00
  2.5221E+00  2.3847E-01  2.3847E-01  0.0000E+00
  2.5397E+00  2.3169E-01  2.3169E-01  0.0000E+00
  2.5574E+00  2.2505E-01  2.2505E-01  0.0000E+00
  2.5753E+00  2.1853E-01  2.1853E-01  0.0000E+00
  2.5933E+00  2.1213E-01  2.1213E-01  0.0000E+00
  2.6114E+00  2.0587E-01  2.0587E-01  0.0000E+00
  2.6296E+00  1.9973E-01  1.9973E-01  0.0000E+00
  2.6480E+00  1.9372E-01  1.9372E-01  0.0000E+00
  2.6664E+00  1.8783E-01  1.8783E-01  0.0000E+00
  2.6850E+00  1.8206E-01  1.8206E-01  0.0000E+00
  2.7038E+00  1.7643E-01  1.7643E-01  0.0000E+00
  2.7227E+00  1.7091E-01  1.7091E-01  0.0000E+00
  2.7417E+00  1.6552E-01  1.6552E-01  0.0000E+00
  2.7608E+00  1.6025E-01  1.6025E-01  0.0000E+00
  2.7801E+00  1.5510E-01  1.5510E-01  0.0000E+00
  2.7995E+00  1.5007E-01  1.5007E-01  0.0000E+00
  2.8190E+00  1.4516E-01  1.4516E-01  0.0000E+00
  2.8387E+00  1.4037E-01  1.4037E-01  0.0000E+00
  2.8585E+00  1.3569E-01  1.3569E-01  0.0000E+00
  2.8785E+00  1.3113E-01  1.3113E-01  0.0000E+00
  2.8985E+00  1.2669E-01  1.2669E-01  0.0000E+00
  2.9188E+00  1.2235E-01  1.2235E-01  0.0000E+00
  2.9392E+00  1.1813E-01  1.1813E-01  0.0000E+00
  2.9597E+00  1.1402E-01  1.1402E-01  0.0000E+00
  2.9803E+00  1.1002E-01  1.1002E-01  0.0000E+00
  3.0011E+00  1.0612E-01  1.0612E-01  0.0000E+00
  3.0221E+00  1.0233E-01  1.0233E-01  0.0000E+00
  3.0432E+00  9.8648E-02  9.8648E-02  0.0000E+00
  3.0644E+00  9.5065E-02  9.5065E-02  0.0000E+00
  3.0858E+00  9.1583E-02  9.1583E-02  0.0000E+00
  3.1073E+00  8.8200E-02  8.8200E-02  0.0000E+00
  3.1290E+00  8.4915E-02  8.4915E-02  0.0000E+00
  3.1509E+00  8.1726E-02  8.1726E-02  0.0000E+00
  3.1729E+00  7.8631E-02  7.8631E-02  0.0000E+00
  3.1950E+00  7.5629E-02  7.5629E-02  0.0000E+00
  3.2173E+00  7.2717E-02  7.2717E-02  0.0000E+00
  3.2398E+00  6.9895E-02  6.9895E-02  0.0000E+00
  3.2624E+00  6.7160E-02  6.7160E-02  0.0000E+00
  3.2852E+00  6.4510E-02  6.4510E-02  0.0000E+00
  3.3081E+00  6.1945E-02  6.1945E-02  0.0000E+00
  3.3312E+00  5.9461E-02  5.9461E-02  0.0000E+00
  3.3544E+00  5.7058E-02  5.7058E-02  0.0000E+00
  3.3778E+00  5.4733E-02  5.4733E-02  0.0000E+00
  3.4014E+00  5.2486E-02  5.2486E-02  0.0000E+00
