 # l=           1 basis function with energy     4.00000000000000     
  0.0000E+00  0.0000E+00  0.0000E+00  0.0000E+00
  5.1103E-07 -1.7674E-08 -4.5527E-13 -1.5301E-12
  1.0256E-06 -5.3400E-08 -1.8338E-12 -6.1632E-12
  1.5438E-06 -1.0220E-07 -4.1549E-12 -1.3965E-11
  2.0656E-06 -1.6225E-07 -7.4383E-12 -2.5000E-11
  2.5911E-06 -2.3251E-07 -1.1704E-11 -3.9337E-11
  3.1202E-06 -3.1227E-07 -1.6972E-11 -5.7043E-11
  3.6530E-06 -4.0107E-07 -2.3263E-11 -7.8187E-11
  4.1895E-06 -4.9852E-07 -3.0599E-11 -1.0284E-10
  4.7298E-06 -6.0437E-07 -3.8999E-11 -1.3108E-10
  5.2739E-06 -7.1838E-07 -4.8487E-11 -1.6296E-10
  5.8217E-06 -8.4040E-07 -5.9084E-11 -1.9858E-10
  6.3734E-06 -9.7028E-07 -7.0812E-11 -2.3800E-10
  6.9289E-06 -1.1079E-06 -8.3695E-11 -2.8129E-10
  7.4883E-06 -1.2532E-06 -9.7754E-11 -3.2855E-10
  8.0516E-06 -1.4062E-06 -1.1301E-10 -3.7984E-10
  8.6188E-06 -1.5666E-06 -1.2950E-10 -4.3524E-10
  9.1900E-06 -1.7346E-06 -1.4723E-10 -4.9484E-10
  9.7652E-06 -1.9101E-06 -1.6624E-10 -5.5872E-10
  1.0344E-05 -2.0930E-06 -1.8654E-10 -6.2696E-10
  1.0928E-05 -2.2834E-06 -2.0817E-10 -6.9966E-10
  1.1515E-05 -2.4813E-06 -2.3115E-10 -7.7688E-10
  1.2106E-05 -2.6866E-06 -2.5550E-10 -8.5873E-10
  1.2702E-05 -2.8994E-06 -2.8126E-10 -9.4530E-10
  1.3302E-05 -3.1197E-06 -3.0844E-10 -1.0367E-09
  1.3905E-05 -3.3475E-06 -3.3708E-10 -1.1329E-09
  1.4514E-05 -3.5828E-06 -3.6721E-10 -1.2342E-09
  1.5126E-05 -3.8257E-06 -3.9885E-10 -1.3405E-09
  1.5742E-05 -4.0763E-06 -4.3203E-10 -1.4520E-09
  1.6363E-05 -4.3344E-06 -4.6678E-10 -1.5688E-09
  1.6989E-05 -4.6003E-06 -5.0314E-10 -1.6910E-09
  1.7618E-05 -4.8738E-06 -5.4112E-10 -1.8187E-09
  1.8252E-05 -5.1552E-06 -5.8077E-10 -1.9519E-09
  1.8891E-05 -5.4444E-06 -6.2210E-10 -2.0909E-09
  1.9534E-05 -5.7414E-06 -6.6517E-10 -2.2356E-09
  2.0181E-05 -6.0464E-06 -7.0999E-10 -2.3863E-09
  2.0833E-05 -6.3594E-06 -7.5660E-10 -2.5429E-09
  2.1489E-05 -6.6804E-06 -8.0503E-10 -2.7057E-09
  2.2150E-05 -7.0096E-06 -8.5532E-10 -2.8747E-09
  2.2816E-05 -7.3469E-06 -9.0750E-10 -3.0501E-09
  2.3486E-05 -7.6925E-06 -9.6160E-10 -3.2319E-09
  2.4161E-05 -8.0464E-06 -1.0177E-09 -3.4203E-09
  2.4841E-05 -8.4087E-06 -1.0757E-09 -3.6155E-09
  2.5525E-05 -8.7794E-06 -1.1358E-09 -3.8175E-09
  2.6214E-05 -9.1587E-06 -1.1980E-09 -4.0264E-09
  2.6908E-05 -9.5466E-06 -1.2623E-09 -4.2424E-09
  2.7607E-05 -9.9432E-06 -1.3287E-09 -4.4656E-09
  2.8311E-05 -1.0349E-05 -1.3973E-09 -4.6962E-09
  2.9020E-05 -1.0763E-05 -1.4681E-09 -4.9342E-09
  2.9733E-05 -1.1186E-05 -1.5412E-09 -5.1799E-09
  3.0452E-05 -1.1618E-05 -1.6166E-09 -5.4333E-09
  3.1175E-05 -1.2060E-05 -1.6943E-09 -5.6945E-09
  3.1904E-05 -1.2510E-05 -1.7744E-09 -5.9638E-09
  3.2638E-05 -1.2970E-05 -1.8570E-09 -6.2413E-09
  3.3377E-05 -1.3439E-05 -1.9420E-09 -6.5271E-09
  3.4121E-05 -1.3918E-05 -2.0296E-09 -6.8213E-09
  3.4870E-05 -1.4406E-05 -2.1197E-09 -7.1241E-09
  3.5624E-05 -1.4904E-05 -2.2124E-09 -7.4357E-09
  3.6384E-05 -1.5412E-05 -2.3077E-09 -7.7562E-09
  3.7149E-05 -1.5929E-05 -2.4058E-09 -8.0858E-09
  3.7919E-05 -1.6457E-05 -2.5066E-09 -8.4246E-09
  3.8695E-05 -1.6995E-05 -2.6102E-09 -8.7728E-09
  3.9476E-05 -1.7543E-05 -2.7167E-09 -9.1306E-09
  4.0263E-05 -1.8101E-05 -2.8260E-09 -9.4981E-09
  4.1055E-05 -1.8669E-05 -2.9383E-09 -9.8755E-09
  4.1852E-05 -1.9249E-05 -3.0536E-09 -1.0263E-08
  4.2655E-05 -1.9838E-05 -3.1719E-09 -1.0661E-08
  4.3464E-05 -2.0439E-05 -3.2933E-09 -1.1069E-08
  4.4279E-05 -2.1050E-05 -3.4179E-09 -1.1487E-08
  4.5099E-05 -2.1673E-05 -3.5456E-09 -1.1917E-08
  4.5924E-05 -2.2306E-05 -3.6767E-09 -1.2357E-08
  4.6756E-05 -2.2951E-05 -3.8110E-09 -1.2809E-08
  4.7593E-05 -2.3607E-05 -3.9488E-09 -1.3272E-08
  4.8437E-05 -2.4274E-05 -4.0899E-09 -1.3746E-08
  4.9286E-05 -2.4953E-05 -4.2346E-09 -1.4232E-08
  5.0141E-05 -2.5644E-05 -4.3828E-09 -1.4730E-08
  5.1002E-05 -2.6347E-05 -4.5346E-09 -1.5241E-08
  5.1869E-05 -2.7062E-05 -4.6901E-09 -1.5763E-08
  5.2742E-05 -2.7788E-05 -4.8493E-09 -1.6298E-08
  5.3621E-05 -2.8527E-05 -5.0123E-09 -1.6846E-08
  5.4506E-05 -2.9279E-05 -5.1792E-09 -1.7407E-08
  5.5398E-05 -3.0043E-05 -5.3500E-09 -1.7981E-08
  5.6295E-05 -3.0820E-05 -5.5248E-09 -1.8569E-08
  5.7199E-05 -3.1609E-05 -5.7036E-09 -1.9170E-08
  5.8110E-05 -3.2411E-05 -5.8866E-09 -1.9785E-08
  5.9026E-05 -3.3227E-05 -6.0738E-09 -2.0414E-08
  5.9949E-05 -3.4056E-05 -6.2652E-09 -2.1057E-08
  6.0879E-05 -3.4898E-05 -6.4610E-09 -2.1715E-08
  6.1815E-05 -3.5754E-05 -6.6612E-09 -2.2388E-08
  6.2757E-05 -3.6623E-05 -6.8659E-09 -2.3076E-08
  6.3706E-05 -3.7507E-05 -7.0751E-09 -2.3779E-08
  6.4662E-05 -3.8404E-05 -7.2890E-09 -2.4498E-08
  6.5624E-05 -3.9315E-05 -7.5076E-09 -2.5233E-08
  6.6593E-05 -4.0241E-05 -7.7309E-09 -2.5983E-08
  6.7569E-05 -4.1182E-05 -7.9592E-09 -2.6751E-08
  6.8552E-05 -4.2137E-05 -8.1924E-09 -2.7534E-08
  6.9541E-05 -4.3107E-05 -8.4306E-09 -2.8335E-08
  7.0538E-05 -4.4092E-05 -8.6739E-09 -2.9153E-08
  7.1541E-05 -4.5092E-05 -8.9224E-09 -2.9988E-08
  7.2552E-05 -4.6107E-05 -9.1762E-09 -3.0841E-08
  7.3569E-05 -4.7138E-05 -9.4354E-09 -3.1712E-08
  7.4594E-05 -4.8185E-05 -9.7000E-09 -3.2601E-08
  7.5625E-05 -4.9247E-05 -9.9702E-09 -3.3509E-08
  7.6664E-05 -5.0326E-05 -1.0246E-08 -3.4436E-08
  7.7710E-05 -5.1421E-05 -1.0528E-08 -3.5383E-08
  7.8764E-05 -5.2532E-05 -1.0815E-08 -3.6348E-08
  7.9824E-05 -5.3660E-05 -1.1108E-08 -3.7334E-08
  8.0893E-05 -5.4805E-05 -1.1407E-08 -3.8340E-08
  8.1968E-05 -5.5966E-05 -1.1713E-08 -3.9366E-08
  8.3051E-05 -5.7145E-05 -1.2024E-08 -4.0414E-08
  8.4142E-05 -5.8342E-05 -1.2342E-08 -4.1482E-08
  8.5241E-05 -5.9556E-05 -1.2667E-08 -4.2572E-08
  8.6347E-05 -6.0788E-05 -1.2997E-08 -4.3684E-08
  8.7460E-05 -6.2037E-05 -1.3335E-08 -4.4818E-08
  8.8582E-05 -6.3305E-05 -1.3679E-08 -4.5975E-08
  8.9711E-05 -6.4592E-05 -1.4030E-08 -4.7155E-08
  9.0848E-05 -6.5897E-05 -1.4388E-08 -4.8358E-08
  9.1993E-05 -6.7221E-05 -1.4753E-08 -4.9585E-08
  9.3146E-05 -6.8564E-05 -1.5125E-08 -5.0835E-08
  9.4308E-05 -6.9926E-05 -1.5505E-08 -5.2111E-08
  9.5477E-05 -7.1308E-05 -1.5892E-08 -5.3411E-08
  9.6654E-05 -7.2710E-05 -1.6286E-08 -5.4736E-08
  9.7840E-05 -7.4132E-05 -1.6688E-08 -5.6088E-08
  9.9034E-05 -7.5573E-05 -1.7098E-08 -5.7465E-08
  1.0024E-04 -7.7036E-05 -1.7515E-08 -5.8869E-08
  1.0145E-04 -7.8519E-05 -1.7941E-08 -6.0299E-08
  1.0267E-04 -8.0022E-05 -1.8375E-08 -6.1757E-08
  1.0389E-04 -8.1547E-05 -1.8817E-08 -6.3243E-08
  1.0513E-04 -8.3094E-05 -1.9267E-08 -6.4757E-08
  1.0637E-04 -8.4662E-05 -1.9726E-08 -6.6299E-08
  1.0763E-04 -8.6252E-05 -2.0194E-08 -6.7871E-08
  1.0889E-04 -8.7864E-05 -2.0670E-08 -6.9473E-08
  1.1016E-04 -8.9498E-05 -2.1156E-08 -7.1104E-08
  1.1144E-04 -9.1155E-05 -2.1650E-08 -7.2766E-08
  1.1273E-04 -9.2836E-05 -2.2154E-08 -7.4459E-08
  1.1403E-04 -9.4539E-05 -2.2667E-08 -7.6183E-08
  1.1534E-04 -9.6266E-05 -2.3190E-08 -7.7939E-08
  1.1665E-04 -9.8016E-05 -2.3722E-08 -7.9728E-08
  1.1798E-04 -9.9791E-05 -2.4264E-08 -8.1550E-08
  1.1931E-04 -1.0159E-04 -2.4816E-08 -8.3405E-08
  1.2065E-04 -1.0341E-04 -2.5378E-08 -8.5295E-08
  1.2201E-04 -1.0526E-04 -2.5950E-08 -8.7219E-08
  1.2337E-04 -1.0713E-04 -2.6533E-08 -8.9178E-08
  1.2474E-04 -1.0903E-04 -2.7127E-08 -9.1172E-08
  1.2612E-04 -1.1096E-04 -2.7731E-08 -9.3203E-08
  1.2752E-04 -1.1291E-04 -2.8346E-08 -9.5271E-08
  1.2892E-04 -1.1488E-04 -2.8973E-08 -9.7376E-08
  1.3033E-04 -1.1689E-04 -2.9610E-08 -9.9519E-08
  1.3175E-04 -1.1892E-04 -3.0259E-08 -1.0170E-07
  1.3318E-04 -1.2098E-04 -3.0920E-08 -1.0392E-07
  1.3462E-04 -1.2306E-04 -3.1593E-08 -1.0618E-07
  1.3607E-04 -1.2517E-04 -3.2277E-08 -1.0848E-07
  1.3753E-04 -1.2732E-04 -3.2974E-08 -1.1082E-07
  1.3900E-04 -1.2948E-04 -3.3683E-08 -1.1321E-07
  1.4048E-04 -1.3168E-04 -3.4405E-08 -1.1563E-07
  1.4197E-04 -1.3391E-04 -3.5139E-08 -1.1810E-07
  1.4348E-04 -1.3617E-04 -3.5887E-08 -1.2061E-07
  1.4499E-04 -1.3846E-04 -3.6647E-08 -1.2317E-07
  1.4651E-04 -1.4077E-04 -3.7421E-08 -1.2577E-07
  1.4805E-04 -1.4312E-04 -3.8209E-08 -1.2842E-07
  1.4959E-04 -1.4550E-04 -3.9010E-08 -1.3111E-07
  1.5115E-04 -1.4791E-04 -3.9825E-08 -1.3385E-07
  1.5271E-04 -1.5035E-04 -4.0655E-08 -1.3664E-07
  1.5429E-04 -1.5282E-04 -4.1499E-08 -1.3948E-07
  1.5588E-04 -1.5533E-04 -4.2357E-08 -1.4236E-07
  1.5748E-04 -1.5787E-04 -4.3231E-08 -1.4530E-07
  1.5909E-04 -1.6044E-04 -4.4119E-08 -1.4828E-07
  1.6071E-04 -1.6305E-04 -4.5023E-08 -1.5132E-07
  1.6234E-04 -1.6569E-04 -4.5943E-08 -1.5441E-07
  1.6398E-04 -1.6836E-04 -4.6878E-08 -1.5756E-07
  1.6564E-04 -1.7107E-04 -4.7829E-08 -1.6075E-07
  1.6731E-04 -1.7381E-04 -4.8797E-08 -1.6401E-07
  1.6899E-04 -1.7659E-04 -4.9781E-08 -1.6731E-07
  1.7068E-04 -1.7940E-04 -5.0782E-08 -1.7068E-07
  1.7238E-04 -1.8226E-04 -5.1800E-08 -1.7410E-07
  1.7409E-04 -1.8514E-04 -5.2836E-08 -1.7758E-07
  1.7582E-04 -1.8807E-04 -5.3889E-08 -1.8112E-07
  1.7756E-04 -1.9103E-04 -5.4959E-08 -1.8472E-07
  1.7931E-04 -1.9403E-04 -5.6048E-08 -1.8838E-07
  1.8107E-04 -1.9707E-04 -5.7156E-08 -1.9210E-07
  1.8284E-04 -2.0015E-04 -5.8282E-08 -1.9588E-07
  1.8463E-04 -2.0326E-04 -5.9427E-08 -1.9973E-07
  1.8643E-04 -2.0642E-04 -6.0591E-08 -2.0364E-07
  1.8824E-04 -2.0962E-04 -6.1775E-08 -2.0762E-07
  1.9007E-04 -2.1285E-04 -6.2978E-08 -2.1167E-07
  1.9191E-04 -2.1613E-04 -6.4202E-08 -2.1578E-07
  1.9376E-04 -2.1945E-04 -6.5446E-08 -2.1996E-07
  1.9562E-04 -2.2282E-04 -6.6711E-08 -2.2421E-07
  1.9750E-04 -2.2622E-04 -6.7997E-08 -2.2853E-07
  1.9939E-04 -2.2967E-04 -6.9304E-08 -2.3293E-07
  2.0129E-04 -2.3316E-04 -7.0633E-08 -2.3740E-07
  2.0320E-04 -2.3670E-04 -7.1984E-08 -2.4194E-07
  2.0513E-04 -2.4028E-04 -7.3358E-08 -2.4655E-07
  2.0708E-04 -2.4390E-04 -7.4754E-08 -2.5124E-07
  2.0903E-04 -2.4757E-04 -7.6173E-08 -2.5601E-07
  2.1100E-04 -2.5129E-04 -7.7615E-08 -2.6086E-07
  2.1299E-04 -2.5505E-04 -7.9082E-08 -2.6579E-07
  2.1498E-04 -2.5887E-04 -8.0572E-08 -2.7080E-07
  2.1700E-04 -2.6272E-04 -8.2087E-08 -2.7589E-07
  2.1902E-04 -2.6663E-04 -8.3627E-08 -2.8107E-07
  2.2106E-04 -2.7059E-04 -8.5191E-08 -2.8633E-07
  2.2312E-04 -2.7459E-04 -8.6782E-08 -2.9167E-07
  2.2518E-04 -2.7865E-04 -8.8398E-08 -2.9710E-07
  2.2727E-04 -2.8275E-04 -9.0041E-08 -3.0263E-07
  2.2936E-04 -2.8691E-04 -9.1711E-08 -3.0824E-07
  2.3148E-04 -2.9112E-04 -9.3407E-08 -3.1394E-07
  2.3360E-04 -2.9538E-04 -9.5132E-08 -3.1973E-07
  2.3574E-04 -2.9969E-04 -9.6884E-08 -3.2562E-07
  2.3790E-04 -3.0406E-04 -9.8664E-08 -3.3161E-07
  2.4007E-04 -3.0848E-04 -1.0047E-07 -3.3769E-07
  2.4226E-04 -3.1296E-04 -1.0231E-07 -3.4387E-07
  2.4446E-04 -3.1749E-04 -1.0418E-07 -3.5015E-07
  2.4668E-04 -3.2208E-04 -1.0608E-07 -3.5653E-07
  2.4891E-04 -3.2672E-04 -1.0801E-07 -3.6301E-07
  2.5116E-04 -3.3142E-04 -1.0997E-07 -3.6960E-07
  2.5342E-04 -3.3618E-04 -1.1196E-07 -3.7629E-07
  2.5570E-04 -3.4100E-04 -1.1398E-07 -3.8309E-07
  2.5800E-04 -3.4588E-04 -1.1604E-07 -3.9000E-07
  2.6031E-04 -3.5082E-04 -1.1813E-07 -3.9703E-07
  2.6264E-04 -3.5581E-04 -1.2025E-07 -4.0416E-07
  2.6498E-04 -3.6087E-04 -1.2241E-07 -4.1141E-07
  2.6734E-04 -3.6600E-04 -1.2460E-07 -4.1877E-07
  2.6972E-04 -3.7118E-04 -1.2682E-07 -4.2625E-07
  2.7211E-04 -3.7643E-04 -1.2908E-07 -4.3385E-07
  2.7452E-04 -3.8174E-04 -1.3138E-07 -4.4157E-07
  2.7695E-04 -3.8711E-04 -1.3371E-07 -4.4941E-07
  2.7940E-04 -3.9256E-04 -1.3608E-07 -4.5738E-07
  2.8186E-04 -3.9807E-04 -1.3849E-07 -4.6547E-07
  2.8434E-04 -4.0364E-04 -1.4094E-07 -4.7369E-07
  2.8683E-04 -4.0929E-04 -1.4342E-07 -4.8204E-07
  2.8934E-04 -4.1500E-04 -1.4595E-07 -4.9053E-07
  2.9187E-04 -4.2078E-04 -1.4851E-07 -4.9914E-07
  2.9442E-04 -4.2663E-04 -1.5112E-07 -5.0790E-07
  2.9699E-04 -4.3256E-04 -1.5376E-07 -5.1679E-07
  2.9957E-04 -4.3855E-04 -1.5645E-07 -5.2582E-07
  3.0217E-04 -4.4462E-04 -1.5918E-07 -5.3500E-07
  3.0479E-04 -4.5076E-04 -1.6195E-07 -5.4431E-07
  3.0743E-04 -4.5698E-04 -1.6477E-07 -5.5378E-07
  3.1009E-04 -4.6327E-04 -1.6763E-07 -5.6339E-07
  3.1277E-04 -4.6963E-04 -1.7053E-07 -5.7315E-07
  3.1546E-04 -4.7608E-04 -1.7348E-07 -5.8307E-07
  3.1817E-04 -4.8260E-04 -1.7648E-07 -5.9314E-07
  3.2090E-04 -4.8920E-04 -1.7952E-07 -6.0337E-07
  3.2366E-04 -4.9588E-04 -1.8261E-07 -6.1376E-07
  3.2643E-04 -5.0264E-04 -1.8575E-07 -6.2431E-07
  3.2921E-04 -5.0948E-04 -1.8894E-07 -6.3503E-07
  3.3202E-04 -5.1641E-04 -1.9218E-07 -6.4591E-07
  3.3485E-04 -5.2342E-04 -1.9547E-07 -6.5696E-07
  3.3770E-04 -5.3051E-04 -1.9881E-07 -6.6819E-07
  3.4057E-04 -5.3769E-04 -2.0220E-07 -6.7958E-07
  3.4346E-04 -5.4495E-04 -2.0564E-07 -6.9116E-07
  3.4636E-04 -5.5230E-04 -2.0914E-07 -7.0291E-07
  3.4929E-04 -5.5974E-04 -2.1269E-07 -7.1485E-07
  3.5224E-04 -5.6727E-04 -2.1630E-07 -7.2697E-07
  3.5521E-04 -5.7489E-04 -2.1996E-07 -7.3928E-07
  3.5820E-04 -5.8259E-04 -2.2368E-07 -7.5178E-07
  3.6121E-04 -5.9040E-04 -2.2746E-07 -7.6447E-07
  3.6425E-04 -5.9829E-04 -2.3129E-07 -7.7736E-07
  3.6730E-04 -6.0628E-04 -2.3518E-07 -7.9045E-07
  3.7037E-04 -6.1436E-04 -2.3914E-07 -8.0374E-07
  3.7347E-04 -6.2255E-04 -2.4315E-07 -8.1723E-07
  3.7659E-04 -6.3082E-04 -2.4723E-07 -8.3093E-07
  3.7973E-04 -6.3920E-04 -2.5137E-07 -8.4485E-07
  3.8289E-04 -6.4768E-04 -2.5557E-07 -8.5897E-07
  3.8607E-04 -6.5626E-04 -2.5984E-07 -8.7332E-07
  3.8928E-04 -6.6494E-04 -2.6417E-07 -8.8788E-07
  3.9251E-04 -6.7372E-04 -2.6857E-07 -9.0267E-07
  3.9576E-04 -6.8261E-04 -2.7304E-07 -9.1768E-07
  3.9903E-04 -6.9160E-04 -2.7758E-07 -9.3292E-07
  4.0233E-04 -7.0070E-04 -2.8218E-07 -9.4840E-07
  4.0565E-04 -7.0991E-04 -2.8686E-07 -9.6411E-07
  4.0899E-04 -7.1922E-04 -2.9160E-07 -9.8006E-07
  4.1235E-04 -7.2865E-04 -2.9642E-07 -9.9626E-07
  4.1574E-04 -7.3819E-04 -3.0131E-07 -1.0127E-06
  4.1916E-04 -7.4784E-04 -3.0628E-07 -1.0294E-06
  4.2259E-04 -7.5761E-04 -3.1132E-07 -1.0463E-06
  4.2605E-04 -7.6749E-04 -3.1644E-07 -1.0636E-06
  4.2954E-04 -7.7749E-04 -3.2164E-07 -1.0810E-06
  4.3305E-04 -7.8761E-04 -3.2692E-07 -1.0988E-06
  4.3658E-04 -7.9784E-04 -3.3228E-07 -1.1168E-06
  4.4014E-04 -8.0820E-04 -3.3771E-07 -1.1350E-06
  4.4372E-04 -8.1868E-04 -3.4323E-07 -1.1536E-06
  4.4733E-04 -8.2928E-04 -3.4884E-07 -1.1724E-06
  4.5096E-04 -8.4001E-04 -3.5453E-07 -1.1916E-06
  4.5462E-04 -8.5086E-04 -3.6030E-07 -1.2110E-06
  4.5831E-04 -8.6185E-04 -3.6617E-07 -1.2307E-06
  4.6202E-04 -8.7296E-04 -3.7212E-07 -1.2507E-06
  4.6575E-04 -8.8420E-04 -3.7816E-07 -1.2710E-06
  4.6951E-04 -8.9557E-04 -3.8430E-07 -1.2916E-06
  4.7330E-04 -9.0708E-04 -3.9052E-07 -1.3125E-06
  4.7712E-04 -9.1872E-04 -3.9684E-07 -1.3338E-06
  4.8096E-04 -9.3050E-04 -4.0326E-07 -1.3553E-06
  4.8483E-04 -9.4242E-04 -4.0977E-07 -1.3772E-06
  4.8872E-04 -9.5448E-04 -4.1638E-07 -1.3994E-06
  4.9264E-04 -9.6668E-04 -4.2309E-07 -1.4220E-06
  4.9659E-04 -9.7902E-04 -4.2990E-07 -1.4449E-06
  5.0057E-04 -9.9151E-04 -4.3682E-07 -1.4681E-06
  5.0457E-04 -1.0041E-03 -4.4383E-07 -1.4917E-06
  5.0861E-04 -1.0169E-03 -4.5096E-07 -1.5157E-06
  5.1267E-04 -1.0299E-03 -4.5819E-07 -1.5400E-06
  5.1676E-04 -1.0429E-03 -4.6552E-07 -1.5646E-06
  5.2088E-04 -1.0562E-03 -4.7297E-07 -1.5897E-06
  5.2502E-04 -1.0696E-03 -4.8053E-07 -1.6151E-06
  5.2920E-04 -1.0831E-03 -4.8821E-07 -1.6409E-06
  5.3340E-04 -1.0968E-03 -4.9600E-07 -1.6670E-06
  5.3764E-04 -1.1107E-03 -5.0390E-07 -1.6936E-06
  5.4190E-04 -1.1247E-03 -5.1193E-07 -1.7206E-06
  5.4619E-04 -1.1389E-03 -5.2007E-07 -1.7479E-06
  5.5052E-04 -1.1532E-03 -5.2834E-07 -1.7757E-06
  5.5487E-04 -1.1678E-03 -5.3673E-07 -1.8039E-06
  5.5925E-04 -1.1825E-03 -5.4524E-07 -1.8325E-06
  5.6367E-04 -1.1973E-03 -5.5388E-07 -1.8616E-06
  5.6811E-04 -1.2124E-03 -5.6265E-07 -1.8911E-06
  5.7259E-04 -1.2276E-03 -5.7155E-07 -1.9210E-06
  5.7710E-04 -1.2430E-03 -5.8059E-07 -1.9513E-06
  5.8164E-04 -1.2585E-03 -5.8976E-07 -1.9822E-06
  5.8621E-04 -1.2743E-03 -5.9906E-07 -2.0134E-06
  5.9081E-04 -1.2902E-03 -6.0851E-07 -2.0452E-06
  5.9545E-04 -1.3063E-03 -6.1809E-07 -2.0774E-06
  6.0011E-04 -1.3226E-03 -6.2782E-07 -2.1101E-06
  6.0481E-04 -1.3391E-03 -6.3769E-07 -2.1433E-06
  6.0954E-04 -1.3558E-03 -6.4771E-07 -2.1769E-06
  6.1431E-04 -1.3727E-03 -6.5788E-07 -2.2111E-06
  6.1911E-04 -1.3897E-03 -6.6819E-07 -2.2458E-06
  6.2394E-04 -1.4070E-03 -6.7867E-07 -2.2810E-06
  6.2881E-04 -1.4245E-03 -6.8929E-07 -2.3167E-06
  6.3371E-04 -1.4421E-03 -7.0008E-07 -2.3529E-06
  6.3864E-04 -1.4600E-03 -7.1102E-07 -2.3897E-06
  6.4361E-04 -1.4781E-03 -7.2213E-07 -2.4271E-06
  6.4861E-04 -1.4964E-03 -7.3340E-07 -2.4649E-06
  6.5365E-04 -1.5149E-03 -7.4484E-07 -2.5034E-06
  6.5872E-04 -1.5336E-03 -7.5644E-07 -2.5424E-06
  6.6383E-04 -1.5525E-03 -7.6822E-07 -2.5820E-06
  6.6898E-04 -1.5717E-03 -7.8018E-07 -2.6221E-06
  6.7416E-04 -1.5910E-03 -7.9231E-07 -2.6629E-06
  6.7937E-04 -1.6106E-03 -8.0461E-07 -2.7043E-06
  6.8463E-04 -1.6305E-03 -8.1711E-07 -2.7463E-06
  6.8992E-04 -1.6505E-03 -8.2978E-07 -2.7889E-06
  6.9524E-04 -1.6708E-03 -8.4264E-07 -2.8321E-06
  7.0061E-04 -1.6913E-03 -8.5569E-07 -2.8760E-06
  7.0601E-04 -1.7121E-03 -8.6894E-07 -2.9205E-06
  7.1145E-04 -1.7330E-03 -8.8238E-07 -2.9656E-06
  7.1692E-04 -1.7543E-03 -8.9602E-07 -3.0115E-06
  7.2244E-04 -1.7757E-03 -9.0985E-07 -3.0580E-06
  7.2799E-04 -1.7975E-03 -9.2390E-07 -3.1052E-06
  7.3359E-04 -1.8194E-03 -9.3815E-07 -3.1531E-06
  7.3922E-04 -1.8417E-03 -9.5260E-07 -3.2017E-06
  7.4489E-04 -1.8641E-03 -9.6727E-07 -3.2510E-06
  7.5060E-04 -1.8869E-03 -9.8216E-07 -3.3010E-06
  7.5635E-04 -1.9099E-03 -9.9727E-07 -3.3518E-06
  7.6214E-04 -1.9331E-03 -1.0126E-06 -3.4033E-06
  7.6797E-04 -1.9567E-03 -1.0281E-06 -3.4556E-06
  7.7384E-04 -1.9805E-03 -1.0439E-06 -3.5086E-06
  7.7975E-04 -2.0045E-03 -1.0599E-06 -3.5624E-06
  7.8571E-04 -2.0289E-03 -1.0762E-06 -3.6170E-06
  7.9170E-04 -2.0535E-03 -1.0927E-06 -3.6724E-06
  7.9774E-04 -2.0784E-03 -1.1094E-06 -3.7287E-06
  8.0382E-04 -2.1036E-03 -1.1264E-06 -3.7857E-06
  8.0994E-04 -2.1291E-03 -1.1436E-06 -3.8436E-06
  8.1610E-04 -2.1549E-03 -1.1611E-06 -3.9023E-06
  8.2231E-04 -2.1809E-03 -1.1788E-06 -3.9619E-06
  8.2856E-04 -2.2073E-03 -1.1968E-06 -4.0224E-06
  8.3485E-04 -2.2340E-03 -1.2150E-06 -4.0837E-06
  8.4119E-04 -2.2609E-03 -1.2336E-06 -4.1459E-06
  8.4757E-04 -2.2882E-03 -1.2523E-06 -4.2091E-06
  8.5400E-04 -2.3158E-03 -1.2714E-06 -4.2732E-06
  8.6047E-04 -2.3437E-03 -1.2908E-06 -4.3382E-06
  8.6699E-04 -2.3719E-03 -1.3104E-06 -4.4041E-06
  8.7355E-04 -2.4005E-03 -1.3303E-06 -4.4711E-06
  8.8016E-04 -2.4293E-03 -1.3505E-06 -4.5390E-06
  8.8682E-04 -2.4585E-03 -1.3710E-06 -4.6079E-06
  8.9352E-04 -2.4881E-03 -1.3918E-06 -4.6778E-06
  9.0026E-04 -2.5179E-03 -1.4129E-06 -4.7487E-06
  9.0706E-04 -2.5482E-03 -1.4343E-06 -4.8206E-06
  9.1390E-04 -2.5787E-03 -1.4560E-06 -4.8936E-06
  9.2079E-04 -2.6096E-03 -1.4781E-06 -4.9677E-06
  9.2773E-04 -2.6409E-03 -1.5004E-06 -5.0428E-06
  9.3471E-04 -2.6725E-03 -1.5231E-06 -5.1191E-06
  9.4175E-04 -2.7044E-03 -1.5461E-06 -5.1964E-06
  9.4883E-04 -2.7368E-03 -1.5695E-06 -5.2749E-06
  9.5597E-04 -2.7695E-03 -1.5931E-06 -5.3545E-06
  9.6315E-04 -2.8025E-03 -1.6172E-06 -5.4353E-06
  9.7038E-04 -2.8360E-03 -1.6416E-06 -5.5172E-06
  9.7767E-04 -2.8698E-03 -1.6663E-06 -5.6004E-06
  9.8500E-04 -2.9040E-03 -1.6914E-06 -5.6847E-06
  9.9239E-04 -2.9386E-03 -1.7169E-06 -5.7703E-06
  9.9983E-04 -2.9736E-03 -1.7427E-06 -5.8571E-06
  1.0073E-03 -3.0090E-03 -1.7689E-06 -5.9452E-06
  1.0149E-03 -3.0447E-03 -1.7955E-06 -6.0346E-06
  1.0225E-03 -3.0809E-03 -1.8225E-06 -6.1252E-06
  1.0301E-03 -3.1175E-03 -1.8498E-06 -6.2172E-06
  1.0378E-03 -3.1545E-03 -1.8776E-06 -6.3105E-06
  1.0456E-03 -3.1920E-03 -1.9057E-06 -6.4051E-06
  1.0534E-03 -3.2298E-03 -1.9343E-06 -6.5012E-06
  1.0612E-03 -3.2681E-03 -1.9633E-06 -6.5986E-06
  1.0691E-03 -3.3068E-03 -1.9927E-06 -6.6974E-06
  1.0771E-03 -3.3460E-03 -2.0225E-06 -6.7977E-06
  1.0851E-03 -3.3856E-03 -2.0528E-06 -6.8994E-06
  1.0932E-03 -3.4256E-03 -2.0835E-06 -7.0026E-06
  1.1014E-03 -3.4661E-03 -2.1147E-06 -7.1073E-06
  1.1096E-03 -3.5071E-03 -2.1463E-06 -7.2135E-06
  1.1178E-03 -3.5485E-03 -2.1783E-06 -7.3212E-06
  1.1261E-03 -3.5903E-03 -2.2108E-06 -7.4306E-06
  1.1345E-03 -3.6327E-03 -2.2438E-06 -7.5414E-06
  1.1429E-03 -3.6755E-03 -2.2773E-06 -7.6539E-06
  1.1514E-03 -3.7188E-03 -2.3112E-06 -7.7680E-06
  1.1600E-03 -3.7626E-03 -2.3457E-06 -7.8838E-06
  1.1686E-03 -3.8069E-03 -2.3806E-06 -8.0012E-06
  1.1773E-03 -3.8517E-03 -2.4161E-06 -8.1204E-06
  1.1860E-03 -3.8970E-03 -2.4520E-06 -8.2412E-06
  1.1948E-03 -3.9428E-03 -2.4885E-06 -8.3638E-06
  1.2036E-03 -3.9891E-03 -2.5255E-06 -8.4882E-06
  1.2125E-03 -4.0359E-03 -2.5631E-06 -8.6143E-06
  1.2215E-03 -4.0833E-03 -2.6011E-06 -8.7423E-06
  1.2305E-03 -4.1312E-03 -2.6398E-06 -8.8722E-06
  1.2396E-03 -4.1796E-03 -2.6789E-06 -9.0039E-06
  1.2488E-03 -4.2286E-03 -2.7187E-06 -9.1375E-06
  1.2580E-03 -4.2781E-03 -2.7590E-06 -9.2730E-06
  1.2673E-03 -4.3282E-03 -2.7999E-06 -9.4105E-06
  1.2767E-03 -4.3788E-03 -2.8414E-06 -9.5500E-06
  1.2861E-03 -4.4300E-03 -2.8835E-06 -9.6914E-06
  1.2956E-03 -4.4818E-03 -2.9262E-06 -9.8350E-06
  1.3051E-03 -4.5342E-03 -2.9695E-06 -9.9805E-06
  1.3148E-03 -4.5871E-03 -3.0135E-06 -1.0128E-05
  1.3245E-03 -4.6406E-03 -3.0581E-06 -1.0278E-05
  1.3342E-03 -4.6948E-03 -3.1033E-06 -1.0430E-05
  1.3440E-03 -4.7495E-03 -3.1491E-06 -1.0584E-05
  1.3539E-03 -4.8048E-03 -3.1957E-06 -1.0741E-05
  1.3639E-03 -4.8608E-03 -3.2429E-06 -1.0899E-05
  1.3739E-03 -4.9174E-03 -3.2907E-06 -1.1060E-05
  1.3840E-03 -4.9746E-03 -3.3393E-06 -1.1223E-05
  1.3942E-03 -5.0325E-03 -3.3886E-06 -1.1389E-05
  1.4044E-03 -5.0910E-03 -3.4385E-06 -1.1557E-05
  1.4147E-03 -5.1501E-03 -3.4892E-06 -1.1727E-05
  1.4251E-03 -5.2099E-03 -3.5406E-06 -1.1900E-05
  1.4356E-03 -5.2704E-03 -3.5928E-06 -1.2075E-05
  1.4461E-03 -5.3316E-03 -3.6457E-06 -1.2253E-05
  1.4567E-03 -5.3934E-03 -3.6994E-06 -1.2433E-05
  1.4674E-03 -5.4559E-03 -3.7538E-06 -1.2616E-05
  1.4782E-03 -5.5191E-03 -3.8090E-06 -1.2802E-05
  1.4890E-03 -5.5831E-03 -3.8650E-06 -1.2990E-05
  1.4999E-03 -5.6477E-03 -3.9218E-06 -1.3181E-05
  1.5109E-03 -5.7130E-03 -3.9795E-06 -1.3375E-05
  1.5219E-03 -5.7791E-03 -4.0379E-06 -1.3571E-05
  1.5331E-03 -5.8459E-03 -4.0972E-06 -1.3771E-05
  1.5443E-03 -5.9134E-03 -4.1574E-06 -1.3973E-05
  1.5556E-03 -5.9817E-03 -4.2184E-06 -1.4178E-05
  1.5669E-03 -6.0508E-03 -4.2803E-06 -1.4386E-05
  1.5784E-03 -6.1206E-03 -4.3430E-06 -1.4597E-05
  1.5899E-03 -6.1912E-03 -4.4067E-06 -1.4811E-05
  1.6015E-03 -6.2625E-03 -4.4713E-06 -1.5028E-05
  1.6132E-03 -6.3347E-03 -4.5368E-06 -1.5248E-05
  1.6250E-03 -6.4076E-03 -4.6032E-06 -1.5471E-05
  1.6368E-03 -6.4814E-03 -4.6706E-06 -1.5698E-05
  1.6488E-03 -6.5560E-03 -4.7390E-06 -1.5928E-05
  1.6608E-03 -6.6313E-03 -4.8083E-06 -1.6161E-05
  1.6729E-03 -6.7076E-03 -4.8787E-06 -1.6397E-05
  1.6851E-03 -6.7846E-03 -4.9500E-06 -1.6637E-05
  1.6973E-03 -6.8625E-03 -5.0224E-06 -1.6880E-05
  1.7097E-03 -6.9413E-03 -5.0958E-06 -1.7127E-05
  1.7222E-03 -7.0209E-03 -5.1702E-06 -1.7377E-05
  1.7347E-03 -7.1015E-03 -5.2458E-06 -1.7631E-05
  1.7473E-03 -7.1829E-03 -5.3223E-06 -1.7888E-05
  1.7600E-03 -7.2651E-03 -5.4000E-06 -1.8149E-05
  1.7728E-03 -7.3483E-03 -5.4788E-06 -1.8414E-05
  1.7857E-03 -7.4324E-03 -5.5588E-06 -1.8683E-05
  1.7987E-03 -7.5175E-03 -5.6398E-06 -1.8955E-05
  1.8117E-03 -7.6034E-03 -5.7221E-06 -1.9232E-05
  1.8249E-03 -7.6903E-03 -5.8055E-06 -1.9512E-05
  1.8381E-03 -7.7782E-03 -5.8901E-06 -1.9796E-05
  1.8515E-03 -7.8670E-03 -5.9759E-06 -2.0085E-05
  1.8649E-03 -7.9568E-03 -6.0629E-06 -2.0377E-05
  1.8784E-03 -8.0476E-03 -6.1512E-06 -2.0674E-05
  1.8921E-03 -8.1394E-03 -6.2407E-06 -2.0975E-05
  1.9058E-03 -8.2321E-03 -6.3316E-06 -2.1280E-05
  1.9196E-03 -8.3259E-03 -6.4237E-06 -2.1590E-05
  1.9335E-03 -8.4207E-03 -6.5171E-06 -2.1904E-05
  1.9475E-03 -8.5165E-03 -6.6119E-06 -2.2222E-05
  1.9616E-03 -8.6134E-03 -6.7080E-06 -2.2545E-05
  1.9758E-03 -8.7114E-03 -6.8055E-06 -2.2873E-05
  1.9901E-03 -8.8104E-03 -6.9043E-06 -2.3205E-05
  2.0045E-03 -8.9105E-03 -7.0046E-06 -2.3542E-05
  2.0190E-03 -9.0116E-03 -7.1064E-06 -2.3884E-05
  2.0336E-03 -9.1139E-03 -7.2095E-06 -2.4231E-05
  2.0483E-03 -9.2173E-03 -7.3142E-06 -2.4583E-05
  2.0631E-03 -9.3218E-03 -7.4203E-06 -2.4939E-05
  2.0780E-03 -9.4274E-03 -7.5279E-06 -2.5301E-05
  2.0931E-03 -9.5342E-03 -7.6371E-06 -2.5668E-05
  2.1082E-03 -9.6421E-03 -7.7479E-06 -2.6040E-05
  2.1234E-03 -9.7512E-03 -7.8602E-06 -2.6418E-05
  2.1387E-03 -9.8615E-03 -7.9741E-06 -2.6801E-05
  2.1542E-03 -9.9730E-03 -8.0896E-06 -2.7189E-05
  2.1697E-03 -1.0086E-02 -8.2068E-06 -2.7583E-05
  2.1854E-03 -1.0200E-02 -8.3257E-06 -2.7982E-05
  2.2011E-03 -1.0315E-02 -8.4462E-06 -2.8388E-05
  2.2170E-03 -1.0431E-02 -8.5685E-06 -2.8798E-05
  2.2330E-03 -1.0549E-02 -8.6925E-06 -2.9215E-05
  2.2491E-03 -1.0668E-02 -8.8183E-06 -2.9638E-05
  2.2653E-03 -1.0788E-02 -8.9459E-06 -3.0067E-05
  2.2816E-03 -1.0909E-02 -9.0752E-06 -3.0502E-05
  2.2981E-03 -1.1032E-02 -9.2065E-06 -3.0943E-05
  2.3146E-03 -1.1156E-02 -9.3395E-06 -3.1390E-05
  2.3313E-03 -1.1282E-02 -9.4745E-06 -3.1844E-05
  2.3481E-03 -1.1408E-02 -9.6114E-06 -3.2304E-05
  2.3650E-03 -1.1536E-02 -9.7503E-06 -3.2770E-05
  2.3820E-03 -1.1666E-02 -9.8911E-06 -3.3244E-05
  2.3991E-03 -1.1797E-02 -1.0034E-05 -3.3724E-05
  2.4164E-03 -1.1929E-02 -1.0179E-05 -3.4211E-05
  2.4338E-03 -1.2063E-02 -1.0326E-05 -3.4704E-05
  2.4513E-03 -1.2198E-02 -1.0475E-05 -3.5205E-05
  2.4689E-03 -1.2335E-02 -1.0626E-05 -3.5713E-05
  2.4866E-03 -1.2473E-02 -1.0779E-05 -3.6228E-05
  2.5045E-03 -1.2612E-02 -1.0935E-05 -3.6751E-05
  2.5225E-03 -1.2753E-02 -1.1092E-05 -3.7281E-05
  2.5406E-03 -1.2896E-02 -1.1252E-05 -3.7818E-05
  2.5588E-03 -1.3040E-02 -1.1414E-05 -3.8363E-05
  2.5772E-03 -1.3185E-02 -1.1579E-05 -3.8916E-05
  2.5957E-03 -1.3332E-02 -1.1746E-05 -3.9477E-05
  2.6143E-03 -1.3481E-02 -1.1915E-05 -4.0046E-05
  2.6331E-03 -1.3631E-02 -1.2086E-05 -4.0622E-05
  2.6520E-03 -1.3783E-02 -1.2261E-05 -4.1207E-05
  2.6710E-03 -1.3936E-02 -1.2437E-05 -4.1800E-05
  2.6902E-03 -1.4091E-02 -1.2616E-05 -4.2402E-05
  2.7094E-03 -1.4248E-02 -1.2798E-05 -4.3012E-05
  2.7289E-03 -1.4406E-02 -1.2982E-05 -4.3631E-05
  2.7484E-03 -1.4566E-02 -1.3168E-05 -4.4259E-05
  2.7681E-03 -1.4728E-02 -1.3358E-05 -4.4895E-05
  2.7880E-03 -1.4891E-02 -1.3550E-05 -4.5541E-05
  2.8079E-03 -1.5056E-02 -1.3745E-05 -4.6196E-05
  2.8280E-03 -1.5223E-02 -1.3942E-05 -4.6860E-05
  2.8483E-03 -1.5392E-02 -1.4143E-05 -4.7533E-05
  2.8687E-03 -1.5562E-02 -1.4346E-05 -4.8216E-05
  2.8892E-03 -1.5734E-02 -1.4552E-05 -4.8909E-05
  2.9099E-03 -1.5908E-02 -1.4761E-05 -4.9612E-05
  2.9307E-03 -1.6084E-02 -1.4973E-05 -5.0324E-05
  2.9517E-03 -1.6261E-02 -1.5188E-05 -5.1047E-05
  2.9728E-03 -1.6441E-02 -1.5406E-05 -5.1780E-05
  2.9940E-03 -1.6622E-02 -1.5627E-05 -5.2523E-05
  3.0155E-03 -1.6805E-02 -1.5852E-05 -5.3277E-05
  3.0370E-03 -1.6990E-02 -1.6079E-05 -5.4041E-05
  3.0587E-03 -1.7177E-02 -1.6310E-05 -5.4816E-05
  3.0806E-03 -1.7366E-02 -1.6544E-05 -5.5603E-05
  3.1026E-03 -1.7557E-02 -1.6781E-05 -5.6400E-05
  3.1248E-03 -1.7750E-02 -1.7022E-05 -5.7209E-05
  3.1471E-03 -1.7945E-02 -1.7266E-05 -5.8029E-05
  3.1696E-03 -1.8142E-02 -1.7513E-05 -5.8861E-05
  3.1922E-03 -1.8340E-02 -1.7764E-05 -5.9705E-05
  3.2150E-03 -1.8541E-02 -1.8019E-05 -6.0560E-05
  3.2379E-03 -1.8744E-02 -1.8277E-05 -6.1428E-05
  3.2610E-03 -1.8950E-02 -1.8539E-05 -6.2308E-05
  3.2843E-03 -1.9157E-02 -1.8804E-05 -6.3201E-05
  3.3078E-03 -1.9366E-02 -1.9074E-05 -6.4106E-05
  3.3314E-03 -1.9578E-02 -1.9347E-05 -6.5024E-05
  3.3551E-03 -1.9791E-02 -1.9624E-05 -6.5955E-05
  3.3790E-03 -2.0007E-02 -1.9905E-05 -6.6899E-05
  3.4031E-03 -2.0225E-02 -2.0190E-05 -6.7856E-05
  3.4274E-03 -2.0446E-02 -2.0478E-05 -6.8827E-05
  3.4518E-03 -2.0668E-02 -2.0771E-05 -6.9812E-05
  3.4764E-03 -2.0893E-02 -2.1069E-05 -7.0811E-05
  3.5012E-03 -2.1120E-02 -2.1370E-05 -7.1824E-05
  3.5262E-03 -2.1349E-02 -2.1676E-05 -7.2851E-05
  3.5513E-03 -2.1581E-02 -2.1986E-05 -7.3893E-05
  3.5766E-03 -2.1815E-02 -2.2300E-05 -7.4949E-05
  3.6021E-03 -2.2051E-02 -2.2619E-05 -7.6021E-05
  3.6277E-03 -2.2290E-02 -2.2942E-05 -7.7107E-05
  3.6535E-03 -2.2531E-02 -2.3270E-05 -7.8210E-05
  3.6796E-03 -2.2775E-02 -2.3602E-05 -7.9327E-05
  3.7058E-03 -2.3021E-02 -2.3940E-05 -8.0461E-05
  3.7321E-03 -2.3270E-02 -2.4282E-05 -8.1610E-05
  3.7587E-03 -2.3521E-02 -2.4629E-05 -8.2776E-05
  3.7854E-03 -2.3774E-02 -2.4980E-05 -8.3958E-05
  3.8124E-03 -2.4030E-02 -2.5337E-05 -8.5157E-05
  3.8395E-03 -2.4289E-02 -2.5699E-05 -8.6373E-05
  3.8668E-03 -2.4550E-02 -2.6066E-05 -8.7606E-05
  3.8943E-03 -2.4814E-02 -2.6438E-05 -8.8856E-05
  3.9220E-03 -2.5081E-02 -2.6815E-05 -9.0124E-05
  3.9499E-03 -2.5350E-02 -2.7198E-05 -9.1411E-05
  3.9780E-03 -2.5621E-02 -2.7586E-05 -9.2715E-05
  4.0062E-03 -2.5896E-02 -2.7979E-05 -9.4038E-05
  4.0347E-03 -2.6173E-02 -2.8378E-05 -9.5379E-05
  4.0634E-03 -2.6453E-02 -2.8783E-05 -9.6740E-05
  4.0923E-03 -2.6736E-02 -2.9194E-05 -9.8119E-05
  4.1213E-03 -2.7021E-02 -2.9610E-05 -9.9518E-05
  4.1506E-03 -2.7309E-02 -3.0032E-05 -1.0094E-04
  4.1801E-03 -2.7600E-02 -3.0460E-05 -1.0238E-04
  4.2098E-03 -2.7894E-02 -3.0895E-05 -1.0384E-04
  4.2397E-03 -2.8191E-02 -3.1335E-05 -1.0532E-04
  4.2698E-03 -2.8491E-02 -3.1781E-05 -1.0682E-04
  4.3001E-03 -2.8793E-02 -3.2234E-05 -1.0834E-04
  4.3306E-03 -2.9099E-02 -3.2693E-05 -1.0988E-04
  4.3613E-03 -2.9407E-02 -3.3159E-05 -1.1145E-04
  4.3923E-03 -2.9719E-02 -3.3632E-05 -1.1303E-04
  4.4235E-03 -3.0033E-02 -3.4111E-05 -1.1464E-04
  4.4549E-03 -3.0351E-02 -3.4596E-05 -1.1628E-04
  4.4865E-03 -3.0671E-02 -3.5089E-05 -1.1793E-04
  4.5183E-03 -3.0995E-02 -3.5589E-05 -1.1961E-04
  4.5503E-03 -3.1321E-02 -3.6095E-05 -1.2131E-04
  4.5826E-03 -3.1651E-02 -3.6609E-05 -1.2304E-04
  4.6151E-03 -3.1984E-02 -3.7130E-05 -1.2479E-04
  4.6478E-03 -3.2320E-02 -3.7658E-05 -1.2657E-04
  4.6808E-03 -3.2660E-02 -3.8194E-05 -1.2837E-04
  4.7140E-03 -3.3002E-02 -3.8738E-05 -1.3020E-04
  4.7474E-03 -3.3348E-02 -3.9289E-05 -1.3205E-04
  4.7810E-03 -3.3697E-02 -3.9848E-05 -1.3393E-04
  4.8149E-03 -3.4050E-02 -4.0414E-05 -1.3583E-04
  4.8490E-03 -3.4406E-02 -4.0989E-05 -1.3776E-04
  4.8834E-03 -3.4765E-02 -4.1572E-05 -1.3972E-04
  4.9180E-03 -3.5127E-02 -4.2163E-05 -1.4171E-04
  4.9528E-03 -3.5493E-02 -4.2763E-05 -1.4372E-04
  4.9879E-03 -3.5862E-02 -4.3371E-05 -1.4577E-04
  5.0232E-03 -3.6235E-02 -4.3987E-05 -1.4784E-04
  5.0588E-03 -3.6611E-02 -4.4612E-05 -1.4994E-04
  5.0946E-03 -3.6991E-02 -4.5246E-05 -1.5207E-04
  5.1307E-03 -3.7374E-02 -4.5889E-05 -1.5423E-04
  5.1670E-03 -3.7760E-02 -4.6541E-05 -1.5642E-04
  5.2036E-03 -3.8151E-02 -4.7202E-05 -1.5865E-04
  5.2404E-03 -3.8544E-02 -4.7873E-05 -1.6090E-04
  5.2775E-03 -3.8942E-02 -4.8553E-05 -1.6318E-04
  5.3148E-03 -3.9343E-02 -4.9243E-05 -1.6550E-04
  5.3524E-03 -3.9748E-02 -4.9942E-05 -1.6785E-04
  5.3903E-03 -4.0156E-02 -5.0651E-05 -1.7024E-04
  5.4284E-03 -4.0568E-02 -5.1370E-05 -1.7265E-04
  5.4668E-03 -4.0984E-02 -5.2100E-05 -1.7511E-04
  5.5055E-03 -4.1403E-02 -5.2839E-05 -1.7759E-04
  5.5445E-03 -4.1827E-02 -5.3589E-05 -1.8011E-04
  5.5837E-03 -4.2254E-02 -5.4350E-05 -1.8267E-04
  5.6231E-03 -4.2685E-02 -5.5121E-05 -1.8526E-04
  5.6629E-03 -4.3120E-02 -5.5903E-05 -1.8789E-04
  5.7029E-03 -4.3558E-02 -5.6697E-05 -1.9056E-04
  5.7433E-03 -4.4001E-02 -5.7501E-05 -1.9326E-04
  5.7839E-03 -4.4447E-02 -5.8317E-05 -1.9600E-04
  5.8247E-03 -4.4898E-02 -5.9144E-05 -1.9878E-04
  5.8659E-03 -4.5352E-02 -5.9983E-05 -2.0160E-04
  5.9074E-03 -4.5810E-02 -6.0834E-05 -2.0446E-04
  5.9491E-03 -4.6273E-02 -6.1697E-05 -2.0736E-04
  5.9911E-03 -4.6739E-02 -6.2572E-05 -2.1030E-04
  6.0335E-03 -4.7209E-02 -6.3459E-05 -2.1328E-04
  6.0761E-03 -4.7684E-02 -6.4359E-05 -2.1631E-04
  6.1190E-03 -4.8162E-02 -6.5271E-05 -2.1937E-04
  6.1622E-03 -4.8645E-02 -6.6196E-05 -2.2248E-04
  6.2058E-03 -4.9132E-02 -6.7135E-05 -2.2564E-04
  6.2496E-03 -4.9623E-02 -6.8086E-05 -2.2884E-04
  6.2937E-03 -5.0118E-02 -6.9051E-05 -2.3208E-04
  6.3382E-03 -5.0617E-02 -7.0030E-05 -2.3537E-04
  6.3829E-03 -5.1121E-02 -7.1022E-05 -2.3870E-04
  6.4280E-03 -5.1629E-02 -7.2028E-05 -2.4208E-04
  6.4733E-03 -5.2141E-02 -7.3049E-05 -2.4551E-04
  6.5190E-03 -5.2657E-02 -7.4084E-05 -2.4899E-04
  6.5650E-03 -5.3178E-02 -7.5133E-05 -2.5252E-04
  6.6114E-03 -5.3703E-02 -7.6197E-05 -2.5610E-04
  6.6580E-03 -5.4232E-02 -7.7277E-05 -2.5972E-04
  6.7050E-03 -5.4766E-02 -7.8371E-05 -2.6340E-04
  6.7523E-03 -5.5304E-02 -7.9481E-05 -2.6713E-04
  6.8000E-03 -5.5847E-02 -8.0606E-05 -2.7092E-04
  6.8479E-03 -5.6393E-02 -8.1748E-05 -2.7475E-04
  6.8963E-03 -5.6945E-02 -8.2905E-05 -2.7864E-04
  6.9449E-03 -5.7501E-02 -8.4079E-05 -2.8259E-04
  6.9939E-03 -5.8061E-02 -8.5269E-05 -2.8659E-04
  7.0432E-03 -5.8625E-02 -8.6476E-05 -2.9064E-04
  7.0929E-03 -5.9195E-02 -8.7700E-05 -2.9476E-04
  7.1429E-03 -5.9768E-02 -8.8941E-05 -2.9893E-04
  7.1933E-03 -6.0347E-02 -9.0200E-05 -3.0316E-04
  7.2440E-03 -6.0929E-02 -9.1476E-05 -3.0745E-04
  7.2951E-03 -6.1517E-02 -9.2771E-05 -3.1180E-04
  7.3465E-03 -6.2109E-02 -9.4083E-05 -3.1621E-04
  7.3983E-03 -6.2705E-02 -9.5414E-05 -3.2068E-04
  7.4504E-03 -6.3306E-02 -9.6764E-05 -3.2522E-04
  7.5029E-03 -6.3912E-02 -9.8133E-05 -3.2982E-04
  7.5558E-03 -6.4523E-02 -9.9521E-05 -3.3449E-04
  7.6091E-03 -6.5138E-02 -1.0093E-04 -3.3922E-04
  7.6627E-03 -6.5757E-02 -1.0236E-04 -3.4402E-04
  7.7167E-03 -6.6382E-02 -1.0380E-04 -3.4888E-04
  7.7711E-03 -6.7011E-02 -1.0527E-04 -3.5381E-04
  7.8258E-03 -6.7644E-02 -1.0676E-04 -3.5882E-04
  7.8809E-03 -6.8283E-02 -1.0827E-04 -3.6389E-04
  7.9365E-03 -6.8926E-02 -1.0980E-04 -3.6903E-04
  7.9924E-03 -6.9573E-02 -1.1135E-04 -3.7425E-04
  8.0487E-03 -7.0226E-02 -1.1293E-04 -3.7954E-04
  8.1053E-03 -7.0883E-02 -1.1452E-04 -3.8491E-04
  8.1624E-03 -7.1545E-02 -1.1614E-04 -3.9035E-04
  8.2199E-03 -7.2212E-02 -1.1778E-04 -3.9587E-04
  8.2778E-03 -7.2883E-02 -1.1945E-04 -4.0146E-04
  8.3361E-03 -7.3559E-02 -1.2114E-04 -4.0713E-04
  8.3948E-03 -7.4240E-02 -1.2285E-04 -4.1289E-04
  8.4539E-03 -7.4926E-02 -1.2458E-04 -4.1872E-04
  8.5134E-03 -7.5616E-02 -1.2634E-04 -4.2464E-04
  8.5733E-03 -7.6311E-02 -1.2813E-04 -4.3064E-04
  8.6337E-03 -7.7011E-02 -1.2994E-04 -4.3672E-04
  8.6945E-03 -7.7715E-02 -1.3177E-04 -4.4289E-04
  8.7557E-03 -7.8425E-02 -1.3364E-04 -4.4915E-04
  8.8173E-03 -7.9139E-02 -1.3552E-04 -4.5549E-04
  8.8793E-03 -7.9858E-02 -1.3744E-04 -4.6192E-04
  8.9418E-03 -8.0581E-02 -1.3938E-04 -4.6845E-04
  9.0047E-03 -8.1309E-02 -1.4135E-04 -4.7506E-04
  9.0681E-03 -8.2042E-02 -1.4334E-04 -4.8177E-04
  9.1319E-03 -8.2780E-02 -1.4537E-04 -4.8857E-04
  9.1962E-03 -8.3522E-02 -1.4742E-04 -4.9547E-04
  9.2609E-03 -8.4269E-02 -1.4950E-04 -5.0247E-04
  9.3260E-03 -8.5021E-02 -1.5161E-04 -5.0956E-04
  9.3916E-03 -8.5777E-02 -1.5375E-04 -5.1676E-04
  9.4577E-03 -8.6538E-02 -1.5592E-04 -5.2405E-04
  9.5242E-03 -8.7304E-02 -1.5812E-04 -5.3145E-04
  9.5912E-03 -8.8074E-02 -1.6036E-04 -5.3895E-04
  9.6586E-03 -8.8849E-02 -1.6262E-04 -5.4656E-04
  9.7266E-03 -8.9629E-02 -1.6491E-04 -5.5427E-04
  9.7950E-03 -9.0413E-02 -1.6724E-04 -5.6209E-04
  9.8638E-03 -9.1201E-02 -1.6960E-04 -5.7003E-04
  9.9332E-03 -9.1995E-02 -1.7200E-04 -5.7807E-04
  1.0003E-02 -9.2792E-02 -1.7442E-04 -5.8623E-04
  1.0073E-02 -9.3594E-02 -1.7688E-04 -5.9450E-04
  1.0144E-02 -9.4401E-02 -1.7938E-04 -6.0289E-04
  1.0216E-02 -9.5212E-02 -1.8191E-04 -6.1139E-04
  1.0287E-02 -9.6027E-02 -1.8448E-04 -6.2002E-04
  1.0360E-02 -9.6847E-02 -1.8708E-04 -6.2877E-04
  1.0432E-02 -9.7671E-02 -1.8972E-04 -6.3764E-04
  1.0506E-02 -9.8500E-02 -1.9239E-04 -6.4663E-04
  1.0580E-02 -9.9332E-02 -1.9511E-04 -6.5575E-04
  1.0654E-02 -1.0017E-01 -1.9786E-04 -6.6500E-04
  1.0729E-02 -1.0101E-01 -2.0065E-04 -6.7438E-04
  1.0804E-02 -1.0186E-01 -2.0348E-04 -6.8389E-04
  1.0880E-02 -1.0271E-01 -2.0635E-04 -6.9353E-04
  1.0957E-02 -1.0356E-01 -2.0926E-04 -7.0331E-04
  1.1034E-02 -1.0442E-01 -2.1221E-04 -7.1323E-04
  1.1111E-02 -1.0528E-01 -2.1520E-04 -7.2329E-04
  1.1189E-02 -1.0614E-01 -2.1824E-04 -7.3349E-04
  1.1268E-02 -1.0701E-01 -2.2131E-04 -7.4383E-04
  1.1347E-02 -1.0789E-01 -2.2443E-04 -7.5432E-04
  1.1427E-02 -1.0876E-01 -2.2760E-04 -7.6495E-04
  1.1507E-02 -1.0964E-01 -2.3081E-04 -7.7573E-04
  1.1588E-02 -1.1053E-01 -2.3406E-04 -7.8667E-04
  1.1669E-02 -1.1142E-01 -2.3736E-04 -7.9776E-04
  1.1751E-02 -1.1231E-01 -2.4070E-04 -8.0900E-04
  1.1834E-02 -1.1320E-01 -2.4410E-04 -8.2040E-04
  1.1917E-02 -1.1410E-01 -2.4754E-04 -8.3197E-04
  1.2000E-02 -1.1500E-01 -2.5103E-04 -8.4369E-04
  1.2085E-02 -1.1591E-01 -2.5456E-04 -8.5558E-04
  1.2170E-02 -1.1682E-01 -2.5815E-04 -8.6764E-04
  1.2255E-02 -1.1773E-01 -2.6179E-04 -8.7986E-04
  1.2341E-02 -1.1865E-01 -2.6548E-04 -8.9226E-04
  1.2428E-02 -1.1956E-01 -2.6922E-04 -9.0483E-04
  1.2515E-02 -1.2048E-01 -2.7301E-04 -9.1758E-04
  1.2603E-02 -1.2141E-01 -2.7686E-04 -9.3051E-04
  1.2691E-02 -1.2233E-01 -2.8076E-04 -9.4362E-04
  1.2780E-02 -1.2326E-01 -2.8471E-04 -9.5691E-04
  1.2870E-02 -1.2420E-01 -2.8872E-04 -9.7039E-04
  1.2960E-02 -1.2513E-01 -2.9279E-04 -9.8406E-04
  1.3051E-02 -1.2607E-01 -2.9692E-04 -9.9792E-04
  1.3143E-02 -1.2701E-01 -3.0110E-04 -1.0120E-03
  1.3235E-02 -1.2795E-01 -3.0534E-04 -1.0262E-03
  1.3328E-02 -1.2889E-01 -3.0964E-04 -1.0407E-03
  1.3422E-02 -1.2984E-01 -3.1400E-04 -1.0553E-03
  1.3516E-02 -1.3078E-01 -3.1842E-04 -1.0702E-03
  1.3611E-02 -1.3173E-01 -3.2291E-04 -1.0853E-03
  1.3706E-02 -1.3268E-01 -3.2745E-04 -1.1006E-03
  1.3802E-02 -1.3364E-01 -3.3206E-04 -1.1161E-03
  1.3899E-02 -1.3459E-01 -3.3674E-04 -1.1318E-03
  1.3997E-02 -1.3554E-01 -3.4148E-04 -1.1477E-03
  1.4095E-02 -1.3650E-01 -3.4629E-04 -1.1639E-03
  1.4194E-02 -1.3746E-01 -3.5117E-04 -1.1803E-03
  1.4294E-02 -1.3842E-01 -3.5611E-04 -1.1969E-03
  1.4394E-02 -1.3938E-01 -3.6112E-04 -1.2137E-03
  1.4495E-02 -1.4034E-01 -3.6621E-04 -1.2308E-03
  1.4596E-02 -1.4130E-01 -3.7136E-04 -1.2481E-03
  1.4699E-02 -1.4226E-01 -3.7659E-04 -1.2657E-03
  1.4802E-02 -1.4322E-01 -3.8189E-04 -1.2835E-03
  1.4906E-02 -1.4418E-01 -3.8727E-04 -1.3016E-03
  1.5010E-02 -1.4515E-01 -3.9272E-04 -1.3199E-03
  1.5116E-02 -1.4611E-01 -3.9824E-04 -1.3385E-03
  1.5222E-02 -1.4707E-01 -4.0385E-04 -1.3573E-03
  1.5328E-02 -1.4803E-01 -4.0953E-04 -1.3764E-03
  1.5436E-02 -1.4899E-01 -4.1530E-04 -1.3958E-03
  1.5544E-02 -1.4995E-01 -4.2114E-04 -1.4154E-03
  1.5653E-02 -1.5091E-01 -4.2707E-04 -1.4354E-03
  1.5763E-02 -1.5187E-01 -4.3308E-04 -1.4555E-03
  1.5873E-02 -1.5282E-01 -4.3917E-04 -1.4760E-03
  1.5985E-02 -1.5378E-01 -4.4535E-04 -1.4968E-03
  1.6097E-02 -1.5473E-01 -4.5162E-04 -1.5179E-03
  1.6210E-02 -1.5568E-01 -4.5797E-04 -1.5392E-03
  1.6323E-02 -1.5663E-01 -4.6441E-04 -1.5609E-03
  1.6438E-02 -1.5758E-01 -4.7095E-04 -1.5828E-03
  1.6553E-02 -1.5852E-01 -4.7757E-04 -1.6051E-03
  1.6669E-02 -1.5947E-01 -4.8429E-04 -1.6277E-03
  1.6786E-02 -1.6041E-01 -4.9110E-04 -1.6506E-03
  1.6904E-02 -1.6134E-01 -4.9801E-04 -1.6738E-03
  1.7022E-02 -1.6228E-01 -5.0502E-04 -1.6973E-03
  1.7141E-02 -1.6321E-01 -5.1212E-04 -1.7212E-03
  1.7262E-02 -1.6413E-01 -5.1932E-04 -1.7454E-03
  1.7383E-02 -1.6506E-01 -5.2663E-04 -1.7700E-03
  1.7504E-02 -1.6597E-01 -5.3403E-04 -1.7949E-03
  1.7627E-02 -1.6689E-01 -5.4154E-04 -1.8201E-03
  1.7751E-02 -1.6780E-01 -5.4916E-04 -1.8457E-03
  1.7875E-02 -1.6870E-01 -5.5688E-04 -1.8717E-03
  1.8000E-02 -1.6960E-01 -5.6471E-04 -1.8980E-03
  1.8126E-02 -1.7050E-01 -5.7265E-04 -1.9247E-03
  1.8253E-02 -1.7139E-01 -5.8071E-04 -1.9517E-03
  1.8381E-02 -1.7227E-01 -5.8887E-04 -1.9792E-03
  1.8510E-02 -1.7315E-01 -5.9715E-04 -2.0070E-03
  1.8640E-02 -1.7402E-01 -6.0555E-04 -2.0352E-03
  1.8771E-02 -1.7489E-01 -6.1406E-04 -2.0638E-03
  1.8902E-02 -1.7575E-01 -6.2270E-04 -2.0929E-03
  1.9034E-02 -1.7660E-01 -6.3145E-04 -2.1223E-03
  1.9168E-02 -1.7744E-01 -6.4033E-04 -2.1521E-03
  1.9302E-02 -1.7828E-01 -6.4933E-04 -2.1824E-03
  1.9437E-02 -1.7911E-01 -6.5846E-04 -2.2130E-03
  1.9574E-02 -1.7993E-01 -6.6771E-04 -2.2442E-03
  1.9711E-02 -1.8074E-01 -6.7710E-04 -2.2757E-03
  1.9849E-02 -1.8155E-01 -6.8662E-04 -2.3077E-03
  1.9988E-02 -1.8234E-01 -6.9627E-04 -2.3401E-03
  2.0128E-02 -1.8313E-01 -7.0606E-04 -2.3730E-03
  2.0269E-02 -1.8391E-01 -7.1598E-04 -2.4064E-03
  2.0411E-02 -1.8467E-01 -7.2604E-04 -2.4402E-03
  2.0554E-02 -1.8543E-01 -7.3625E-04 -2.4745E-03
  2.0698E-02 -1.8617E-01 -7.4659E-04 -2.5093E-03
  2.0843E-02 -1.8691E-01 -7.5709E-04 -2.5445E-03
  2.0989E-02 -1.8763E-01 -7.6773E-04 -2.5803E-03
  2.1136E-02 -1.8835E-01 -7.7851E-04 -2.6165E-03
  2.1284E-02 -1.8905E-01 -7.8946E-04 -2.6533E-03
  2.1433E-02 -1.8974E-01 -8.0055E-04 -2.6906E-03
  2.1583E-02 -1.9041E-01 -8.1180E-04 -2.7284E-03
  2.1734E-02 -1.9108E-01 -8.2320E-04 -2.7667E-03
  2.1886E-02 -1.9173E-01 -8.3477E-04 -2.8056E-03
  2.2040E-02 -1.9237E-01 -8.4650E-04 -2.8450E-03
  2.2194E-02 -1.9299E-01 -8.5839E-04 -2.8850E-03
  2.2349E-02 -1.9360E-01 -8.7045E-04 -2.9255E-03
  2.2506E-02 -1.9420E-01 -8.8268E-04 -2.9666E-03
  2.2663E-02 -1.9478E-01 -8.9508E-04 -3.0083E-03
  2.2822E-02 -1.9534E-01 -9.0766E-04 -3.0506E-03
  2.2982E-02 -1.9589E-01 -9.2041E-04 -3.0934E-03
  2.3143E-02 -1.9643E-01 -9.3334E-04 -3.1369E-03
  2.3305E-02 -1.9694E-01 -9.4645E-04 -3.1810E-03
  2.3468E-02 -1.9744E-01 -9.5974E-04 -3.2256E-03
  2.3632E-02 -1.9793E-01 -9.7322E-04 -3.2710E-03
  2.3798E-02 -1.9839E-01 -9.8689E-04 -3.3169E-03
  2.3965E-02 -1.9884E-01 -1.0008E-03 -3.3635E-03
  2.4132E-02 -1.9927E-01 -1.0148E-03 -3.4107E-03
  2.4301E-02 -1.9969E-01 -1.0291E-03 -3.4586E-03
  2.4471E-02 -2.0008E-01 -1.0435E-03 -3.5072E-03
  2.4643E-02 -2.0045E-01 -1.0582E-03 -3.5565E-03
  2.4815E-02 -2.0081E-01 -1.0730E-03 -3.6064E-03
  2.4989E-02 -2.0114E-01 -1.0881E-03 -3.6571E-03
  2.5164E-02 -2.0146E-01 -1.1034E-03 -3.7084E-03
  2.5340E-02 -2.0175E-01 -1.1189E-03 -3.7605E-03
  2.5517E-02 -2.0202E-01 -1.1346E-03 -3.8133E-03
  2.5696E-02 -2.0227E-01 -1.1505E-03 -3.8668E-03
  2.5876E-02 -2.0250E-01 -1.1667E-03 -3.9211E-03
  2.6057E-02 -2.0270E-01 -1.1831E-03 -3.9762E-03
  2.6239E-02 -2.0288E-01 -1.1997E-03 -4.0320E-03
  2.6423E-02 -2.0304E-01 -1.2165E-03 -4.0886E-03
  2.6608E-02 -2.0318E-01 -1.2336E-03 -4.1460E-03
  2.6794E-02 -2.0329E-01 -1.2509E-03 -4.2042E-03
  2.6982E-02 -2.0338E-01 -1.2685E-03 -4.2633E-03
  2.7171E-02 -2.0344E-01 -1.2863E-03 -4.3231E-03
  2.7361E-02 -2.0347E-01 -1.3043E-03 -4.3838E-03
  2.7552E-02 -2.0348E-01 -1.3227E-03 -4.4453E-03
  2.7745E-02 -2.0347E-01 -1.3412E-03 -4.5077E-03
  2.7939E-02 -2.0342E-01 -1.3600E-03 -4.5710E-03
  2.8135E-02 -2.0335E-01 -1.3791E-03 -4.6352E-03
  2.8332E-02 -2.0325E-01 -1.3985E-03 -4.7003E-03
  2.8530E-02 -2.0313E-01 -1.4181E-03 -4.7662E-03
  2.8729E-02 -2.0297E-01 -1.4380E-03 -4.8331E-03
  2.8931E-02 -2.0279E-01 -1.4582E-03 -4.9010E-03
  2.9133E-02 -2.0258E-01 -1.4787E-03 -4.9697E-03
  2.9337E-02 -2.0234E-01 -1.4994E-03 -5.0395E-03
  2.9542E-02 -2.0206E-01 -1.5205E-03 -5.1102E-03
  2.9749E-02 -2.0176E-01 -1.5418E-03 -5.1819E-03
  2.9957E-02 -2.0143E-01 -1.5635E-03 -5.2547E-03
  3.0167E-02 -2.0106E-01 -1.5854E-03 -5.3284E-03
  3.0378E-02 -2.0066E-01 -1.6076E-03 -5.4032E-03
  3.0590E-02 -2.0024E-01 -1.6302E-03 -5.4790E-03
  3.0804E-02 -1.9977E-01 -1.6531E-03 -5.5559E-03
  3.1020E-02 -1.9928E-01 -1.6763E-03 -5.6338E-03
  3.1237E-02 -1.9875E-01 -1.6998E-03 -5.7129E-03
  3.1455E-02 -1.9819E-01 -1.7236E-03 -5.7930E-03
  3.1675E-02 -1.9759E-01 -1.7478E-03 -5.8743E-03
  3.1897E-02 -1.9696E-01 -1.7724E-03 -5.9567E-03
  3.2120E-02 -1.9630E-01 -1.7972E-03 -6.0403E-03
  3.2345E-02 -1.9559E-01 -1.8224E-03 -6.1251E-03
  3.2571E-02 -1.9486E-01 -1.8480E-03 -6.2110E-03
  3.2799E-02 -1.9408E-01 -1.8739E-03 -6.2981E-03
  3.3028E-02 -1.9327E-01 -1.9002E-03 -6.3865E-03
  3.3259E-02 -1.9243E-01 -1.9269E-03 -6.4761E-03
  3.3492E-02 -1.9154E-01 -1.9539E-03 -6.5669E-03
  3.3726E-02 -1.9062E-01 -1.9813E-03 -6.6590E-03
  3.3962E-02 -1.8966E-01 -2.0091E-03 -6.7524E-03
  3.4200E-02 -1.8866E-01 -2.0373E-03 -6.8471E-03
  3.4439E-02 -1.8762E-01 -2.0659E-03 -6.9432E-03
  3.4680E-02 -1.8654E-01 -2.0948E-03 -7.0406E-03
  3.4922E-02 -1.8543E-01 -2.1242E-03 -7.1393E-03
  3.5167E-02 -1.8427E-01 -2.1540E-03 -7.2395E-03
  3.5413E-02 -1.8307E-01 -2.1842E-03 -7.3410E-03
  3.5660E-02 -1.8184E-01 -2.2149E-03 -7.4439E-03
  3.5910E-02 -1.8056E-01 -2.2459E-03 -7.5483E-03
  3.6161E-02 -1.7924E-01 -2.2774E-03 -7.6542E-03
  3.6414E-02 -1.7788E-01 -2.3094E-03 -7.7615E-03
  3.6668E-02 -1.7648E-01 -2.3417E-03 -7.8704E-03
  3.6925E-02 -1.7503E-01 -2.3746E-03 -7.9807E-03
  3.7183E-02 -1.7354E-01 -2.4079E-03 -8.0926E-03
  3.7443E-02 -1.7201E-01 -2.4416E-03 -8.2061E-03
  3.7705E-02 -1.7044E-01 -2.4759E-03 -8.3212E-03
  3.7969E-02 -1.6883E-01 -2.5106E-03 -8.4378E-03
  3.8234E-02 -1.6717E-01 -2.5458E-03 -8.5561E-03
  3.8502E-02 -1.6547E-01 -2.5815E-03 -8.6761E-03
  3.8771E-02 -1.6372E-01 -2.6177E-03 -8.7977E-03
  3.9042E-02 -1.6193E-01 -2.6544E-03 -8.9211E-03
  3.9315E-02 -1.6010E-01 -2.6916E-03 -9.0461E-03
  3.9590E-02 -1.5822E-01 -2.7293E-03 -9.1729E-03
  3.9867E-02 -1.5629E-01 -2.7676E-03 -9.3015E-03
  4.0146E-02 -1.5433E-01 -2.8064E-03 -9.4319E-03
  4.0426E-02 -1.5231E-01 -2.8457E-03 -9.5641E-03
  4.0709E-02 -1.5026E-01 -2.8856E-03 -9.6982E-03
  4.0994E-02 -1.4816E-01 -2.9260E-03 -9.8341E-03
  4.1280E-02 -1.4601E-01 -2.9671E-03 -9.9719E-03
  4.1569E-02 -1.4382E-01 -3.0086E-03 -1.0112E-02
  4.1860E-02 -1.4158E-01 -3.0508E-03 -1.0253E-02
  4.2152E-02 -1.3929E-01 -3.0936E-03 -1.0397E-02
  4.2447E-02 -1.3697E-01 -3.1369E-03 -1.0543E-02
  4.2744E-02 -1.3459E-01 -3.1809E-03 -1.0691E-02
  4.3043E-02 -1.3217E-01 -3.2255E-03 -1.0840E-02
  4.3344E-02 -1.2971E-01 -3.2707E-03 -1.0992E-02
  4.3647E-02 -1.2720E-01 -3.3165E-03 -1.1146E-02
  4.3952E-02 -1.2464E-01 -3.3630E-03 -1.1302E-02
  4.4259E-02 -1.2204E-01 -3.4101E-03 -1.1461E-02
  4.4568E-02 -1.1939E-01 -3.4579E-03 -1.1621E-02
  4.4880E-02 -1.1670E-01 -3.5063E-03 -1.1784E-02
  4.5194E-02 -1.1397E-01 -3.5554E-03 -1.1949E-02
  4.5510E-02 -1.1119E-01 -3.6053E-03 -1.2117E-02
  4.5828E-02 -1.0836E-01 -3.6558E-03 -1.2287E-02
  4.6148E-02 -1.0549E-01 -3.7070E-03 -1.2459E-02
  4.6471E-02 -1.0258E-01 -3.7589E-03 -1.2633E-02
  4.6796E-02 -9.9618E-02 -3.8116E-03 -1.2810E-02
  4.7123E-02 -9.6615E-02 -3.8650E-03 -1.2990E-02
  4.7452E-02 -9.3569E-02 -3.9191E-03 -1.3172E-02
  4.7784E-02 -9.0480E-02 -3.9740E-03 -1.3356E-02
  4.8118E-02 -8.7348E-02 -4.0297E-03 -1.3543E-02
  4.8454E-02 -8.4173E-02 -4.0861E-03 -1.3733E-02
  4.8793E-02 -8.0956E-02 -4.1433E-03 -1.3925E-02
  4.9134E-02 -7.7697E-02 -4.2013E-03 -1.4120E-02
  4.9478E-02 -7.4397E-02 -4.2602E-03 -1.4318E-02
  4.9824E-02 -7.1055E-02 -4.3198E-03 -1.4518E-02
  5.0172E-02 -6.7673E-02 -4.3803E-03 -1.4722E-02
  5.0523E-02 -6.4251E-02 -4.4417E-03 -1.4928E-02
  5.0876E-02 -6.0789E-02 -4.5039E-03 -1.5137E-02
  5.1231E-02 -5.7288E-02 -4.5669E-03 -1.5349E-02
  5.1589E-02 -5.3748E-02 -4.6309E-03 -1.5564E-02
  5.1950E-02 -5.0170E-02 -4.6957E-03 -1.5782E-02
  5.2313E-02 -4.6555E-02 -4.7615E-03 -1.6002E-02
  5.2679E-02 -4.2903E-02 -4.8281E-03 -1.6226E-02
  5.3047E-02 -3.9215E-02 -4.8957E-03 -1.6454E-02
  5.3418E-02 -3.5492E-02 -4.9643E-03 -1.6684E-02
  5.3791E-02 -3.1734E-02 -5.0337E-03 -1.6918E-02
  5.4167E-02 -2.7941E-02 -5.1042E-03 -1.7154E-02
  5.4546E-02 -2.4116E-02 -5.1757E-03 -1.7394E-02
  5.4927E-02 -2.0259E-02 -5.2481E-03 -1.7638E-02
  5.5311E-02 -1.6369E-02 -5.3215E-03 -1.7885E-02
  5.5697E-02 -1.2449E-02 -5.3960E-03 -1.8135E-02
  5.6087E-02 -8.4995E-03 -5.4715E-03 -1.8389E-02
  5.6479E-02 -4.5208E-03 -5.5481E-03 -1.8646E-02
  5.6873E-02 -5.1409E-04 -5.6258E-03 -1.8907E-02
  5.7271E-02  3.5196E-03 -5.7045E-03 -1.9172E-02
  5.7671E-02  7.5793E-03 -5.7843E-03 -1.9440E-02
  5.8074E-02  1.1664E-02 -5.8652E-03 -1.9712E-02
  5.8480E-02  1.5773E-02 -5.9473E-03 -1.9988E-02
  5.8889E-02  1.9904E-02 -6.0305E-03 -2.0267E-02
  5.9300E-02  2.4057E-02 -6.1149E-03 -2.0551E-02
  5.9715E-02  2.8231E-02 -6.2004E-03 -2.0838E-02
  6.0132E-02  3.2424E-02 -6.2872E-03 -2.1130E-02
  6.0552E-02  3.6635E-02 -6.3751E-03 -2.1425E-02
  6.0975E-02  4.0863E-02 -6.4643E-03 -2.1725E-02
  6.1401E-02  4.5106E-02 -6.5547E-03 -2.2029E-02
  6.1830E-02  4.9364E-02 -6.6464E-03 -2.2337E-02
  6.2262E-02  5.3635E-02 -6.7394E-03 -2.2649E-02
  6.2698E-02  5.7918E-02 -6.8336E-03 -2.2966E-02
  6.3136E-02  6.2211E-02 -6.9292E-03 -2.3287E-02
  6.3577E-02  6.6513E-02 -7.0261E-03 -2.3613E-02
  6.4021E-02  7.0822E-02 -7.1243E-03 -2.3943E-02
  6.4468E-02  7.5137E-02 -7.2239E-03 -2.4278E-02
  6.4919E-02  7.9456E-02 -7.3249E-03 -2.4617E-02
  6.5373E-02  8.3778E-02 -7.4273E-03 -2.4961E-02
  6.5829E-02  8.8101E-02 -7.5312E-03 -2.5310E-02
  6.6289E-02  9.2424E-02 -7.6365E-03 -2.5664E-02
  6.6753E-02  9.6746E-02 -7.7432E-03 -2.6023E-02
  6.7219E-02  1.0106E-01 -7.8515E-03 -2.6387E-02
  6.7689E-02  1.0538E-01 -7.9612E-03 -2.6755E-02
  6.8162E-02  1.0968E-01 -8.0725E-03 -2.7129E-02
  6.8638E-02  1.1398E-01 -8.1853E-03 -2.7508E-02
  6.9118E-02  1.1826E-01 -8.2997E-03 -2.7893E-02
  6.9600E-02  1.2254E-01 -8.4157E-03 -2.8283E-02
  7.0087E-02  1.2680E-01 -8.5333E-03 -2.8678E-02
  7.0576E-02  1.3104E-01 -8.6525E-03 -2.9078E-02
  7.1070E-02  1.3526E-01 -8.7734E-03 -2.9485E-02
  7.1566E-02  1.3947E-01 -8.8960E-03 -2.9897E-02
  7.2066E-02  1.4365E-01 -9.0203E-03 -3.0314E-02
  7.2570E-02  1.4781E-01 -9.1463E-03 -3.0738E-02
  7.3077E-02  1.5195E-01 -9.2740E-03 -3.1167E-02
  7.3587E-02  1.5606E-01 -9.4036E-03 -3.1602E-02
  7.4101E-02  1.6014E-01 -9.5349E-03 -3.2044E-02
  7.4619E-02  1.6418E-01 -9.6681E-03 -3.2491E-02
  7.5140E-02  1.6819E-01 -9.8031E-03 -3.2945E-02
  7.5665E-02  1.7217E-01 -9.9400E-03 -3.3405E-02
  7.6194E-02  1.7611E-01 -1.0079E-02 -3.3871E-02
  7.6726E-02  1.8001E-01 -1.0220E-02 -3.4344E-02
  7.7262E-02  1.8387E-01 -1.0362E-02 -3.4824E-02
  7.7802E-02  1.8768E-01 -1.0507E-02 -3.5310E-02
  7.8346E-02  1.9145E-01 -1.0654E-02 -3.5803E-02
  7.8893E-02  1.9516E-01 -1.0802E-02 -3.6302E-02
  7.9444E-02  1.9883E-01 -1.0953E-02 -3.6809E-02
  7.9999E-02  2.0245E-01 -1.1106E-02 -3.7323E-02
  8.0558E-02  2.0601E-01 -1.1261E-02 -3.7843E-02
  8.1121E-02  2.0951E-01 -1.1418E-02 -3.8371E-02
  8.1688E-02  2.1295E-01 -1.1577E-02 -3.8907E-02
  8.2258E-02  2.1633E-01 -1.1739E-02 -3.9450E-02
  8.2833E-02  2.1965E-01 -1.1903E-02 -4.0000E-02
  8.3412E-02  2.2290E-01 -1.2069E-02 -4.0558E-02
  8.3994E-02  2.2608E-01 -1.2237E-02 -4.1124E-02
  8.4581E-02  2.2920E-01 -1.2408E-02 -4.1697E-02
  8.5172E-02  2.3223E-01 -1.2581E-02 -4.2279E-02
  8.5767E-02  2.3520E-01 -1.2756E-02 -4.2868E-02
  8.6366E-02  2.3808E-01 -1.2934E-02 -4.3466E-02
  8.6970E-02  2.4089E-01 -1.3115E-02 -4.4072E-02
  8.7577E-02  2.4361E-01 -1.3297E-02 -4.4686E-02
  8.8189E-02  2.4626E-01 -1.3483E-02 -4.5309E-02
  8.8805E-02  2.4881E-01 -1.3671E-02 -4.5941E-02
  8.9425E-02  2.5127E-01 -1.3861E-02 -4.6581E-02
  9.0050E-02  2.5365E-01 -1.4055E-02 -4.7230E-02
  9.0679E-02  2.5593E-01 -1.4250E-02 -4.7888E-02
  9.1312E-02  2.5812E-01 -1.4449E-02 -4.8556E-02
  9.1950E-02  2.6021E-01 -1.4650E-02 -4.9232E-02
  9.2593E-02  2.6219E-01 -1.4855E-02 -4.9918E-02
  9.3239E-02  2.6408E-01 -1.5061E-02 -5.0613E-02
  9.3891E-02  2.6587E-01 -1.5271E-02 -5.1318E-02
  9.4547E-02  2.6754E-01 -1.5484E-02 -5.2033E-02
  9.5207E-02  2.6911E-01 -1.5700E-02 -5.2758E-02
  9.5872E-02  2.7057E-01 -1.5918E-02 -5.3492E-02
  9.6542E-02  2.7192E-01 -1.6140E-02 -5.4237E-02
  9.7216E-02  2.7316E-01 -1.6365E-02 -5.4992E-02
  9.7895E-02  2.7428E-01 -1.6593E-02 -5.5757E-02
  9.8579E-02  2.7528E-01 -1.6824E-02 -5.6533E-02
  9.9267E-02  2.7616E-01 -1.7058E-02 -5.7320E-02
  9.9961E-02  2.7692E-01 -1.7295E-02 -5.8118E-02
  1.0066E-01  2.7755E-01 -1.7536E-02 -5.8926E-02
  1.0136E-01  2.7806E-01 -1.7780E-02 -5.9746E-02
  1.0207E-01  2.7845E-01 -1.8027E-02 -6.0577E-02
  1.0278E-01  2.7870E-01 -1.8278E-02 -6.1420E-02
  1.0350E-01  2.7883E-01 -1.8532E-02 -6.2274E-02
  1.0422E-01  2.7882E-01 -1.8790E-02 -6.3140E-02
  1.0495E-01  2.7868E-01 -1.9051E-02 -6.4018E-02
  1.0568E-01  2.7841E-01 -1.9316E-02 -6.4908E-02
  1.0642E-01  2.7800E-01 -1.9585E-02 -6.5810E-02
  1.0717E-01  2.7745E-01 -1.9857E-02 -6.6725E-02
  1.0791E-01  2.7676E-01 -2.0133E-02 -6.7652E-02
  1.0867E-01  2.7593E-01 -2.0413E-02 -6.8592E-02
  1.0943E-01  2.7496E-01 -2.0697E-02 -6.9545E-02
  1.1019E-01  2.7385E-01 -2.0984E-02 -7.0511E-02
  1.1096E-01  2.7260E-01 -2.1276E-02 -7.1491E-02
  1.1174E-01  2.7120E-01 -2.1571E-02 -7.2483E-02
  1.1252E-01  2.6966E-01 -2.1871E-02 -7.3490E-02
  1.1330E-01  2.6797E-01 -2.2175E-02 -7.4510E-02
  1.1409E-01  2.6613E-01 -2.2483E-02 -7.5545E-02
  1.1489E-01  2.6415E-01 -2.2795E-02 -7.6593E-02
  1.1569E-01  2.6201E-01 -2.3111E-02 -7.7656E-02
  1.1650E-01  2.5973E-01 -2.3432E-02 -7.8734E-02
  1.1732E-01  2.5730E-01 -2.3757E-02 -7.9826E-02
  1.1813E-01  2.5472E-01 -2.4087E-02 -8.0933E-02
  1.1896E-01  2.5199E-01 -2.4421E-02 -8.2056E-02
  1.1979E-01  2.4911E-01 -2.4760E-02 -8.3194E-02
  1.2063E-01  2.4608E-01 -2.5104E-02 -8.4347E-02
  1.2147E-01  2.4290E-01 -2.5452E-02 -8.5517E-02
  1.2232E-01  2.3957E-01 -2.5805E-02 -8.6702E-02
  1.2317E-01  2.3609E-01 -2.6162E-02 -8.7903E-02
  1.2403E-01  2.3246E-01 -2.6525E-02 -8.9121E-02
  1.2490E-01  2.2869E-01 -2.6893E-02 -9.0356E-02
  1.2577E-01  2.2476E-01 -2.7265E-02 -9.1608E-02
  1.2665E-01  2.2068E-01 -2.7643E-02 -9.2876E-02
  1.2753E-01  2.1646E-01 -2.8026E-02 -9.4162E-02
  1.2842E-01  2.1209E-01 -2.8414E-02 -9.5466E-02
  1.2932E-01  2.0758E-01 -2.8808E-02 -9.6787E-02
  1.3022E-01  2.0292E-01 -2.9207E-02 -9.8127E-02
  1.3113E-01  1.9811E-01 -2.9611E-02 -9.9485E-02
  1.3205E-01  1.9317E-01 -3.0021E-02 -1.0086E-01
  1.3297E-01  1.8808E-01 -3.0436E-02 -1.0226E-01
  1.3390E-01  1.8285E-01 -3.0857E-02 -1.0367E-01
  1.3484E-01  1.7749E-01 -3.1284E-02 -1.0510E-01
  1.3578E-01  1.7199E-01 -3.1717E-02 -1.0656E-01
  1.3673E-01  1.6635E-01 -3.2155E-02 -1.0803E-01
  1.3768E-01  1.6058E-01 -3.2600E-02 -1.0952E-01
  1.3864E-01  1.5468E-01 -3.3051E-02 -1.1103E-01
  1.3961E-01  1.4865E-01 -3.3507E-02 -1.1257E-01
  1.4058E-01  1.4250E-01 -3.3970E-02 -1.1412E-01
  1.4157E-01  1.3622E-01 -3.4440E-02 -1.1570E-01
  1.4256E-01  1.2982E-01 -3.4915E-02 -1.1729E-01
  1.4355E-01  1.2330E-01 -3.5397E-02 -1.1891E-01
  1.4455E-01  1.1666E-01 -3.5886E-02 -1.2055E-01
  1.4556E-01  1.0991E-01 -3.6381E-02 -1.2222E-01
  1.4658E-01  1.0305E-01 -3.6883E-02 -1.2390E-01
  1.4760E-01  9.6077E-02 -3.7392E-02 -1.2561E-01
  1.4863E-01  8.9003E-02 -3.7908E-02 -1.2734E-01
  1.4967E-01  8.1827E-02 -3.8431E-02 -1.2910E-01
  1.5072E-01  7.4553E-02 -3.8960E-02 -1.3087E-01
  1.5177E-01  6.7185E-02 -3.9497E-02 -1.3268E-01
  1.5283E-01  5.9725E-02 -4.0042E-02 -1.3450E-01
  1.5390E-01  5.2178E-02 -4.0593E-02 -1.3635E-01
  1.5497E-01  4.4548E-02 -4.1153E-02 -1.3823E-01
  1.5605E-01  3.6838E-02 -4.1719E-02 -1.4013E-01
  1.5714E-01  2.9053E-02 -4.2293E-02 -1.4206E-01
  1.5824E-01  2.1196E-02 -4.2876E-02 -1.4401E-01
  1.5935E-01  1.3273E-02 -4.3465E-02 -1.4599E-01
  1.6046E-01  5.2859E-03 -4.4063E-02 -1.4800E-01
  1.6158E-01 -2.7590E-03 -4.4669E-02 -1.5003E-01
  1.6271E-01 -1.0858E-02 -4.5283E-02 -1.5209E-01
  1.6384E-01 -1.9006E-02 -4.5906E-02 -1.5418E-01
  1.6499E-01 -2.7198E-02 -4.6537E-02 -1.5630E-01
  1.6614E-01 -3.5430E-02 -4.7176E-02 -1.5844E-01
  1.6730E-01 -4.3696E-02 -4.7824E-02 -1.6062E-01
  1.6847E-01 -5.1992E-02 -4.8480E-02 -1.6282E-01
  1.6964E-01 -6.0313E-02 -4.9146E-02 -1.6505E-01
  1.7083E-01 -6.8653E-02 -4.9820E-02 -1.6731E-01
  1.7202E-01 -7.7007E-02 -5.0503E-02 -1.6960E-01
  1.7322E-01 -8.5370E-02 -5.1196E-02 -1.7193E-01
  1.7443E-01 -9.3735E-02 -5.1897E-02 -1.7428E-01
  1.7565E-01 -1.0210E-01 -5.2609E-02 -1.7667E-01
  1.7688E-01 -1.1045E-01 -5.3329E-02 -1.7908E-01
  1.7811E-01 -1.1880E-01 -5.4060E-02 -1.8153E-01
  1.7936E-01 -1.2712E-01 -5.4800E-02 -1.8401E-01
  1.8061E-01 -1.3542E-01 -5.5550E-02 -1.8653E-01
  1.8187E-01 -1.4369E-01 -5.6310E-02 -1.8908E-01
  1.8314E-01 -1.5192E-01 -5.7080E-02 -1.9166E-01
  1.8442E-01 -1.6011E-01 -5.7860E-02 -1.9427E-01
  1.8570E-01 -1.6825E-01 -5.8651E-02 -1.9693E-01
  1.8700E-01 -1.7633E-01 -5.9452E-02 -1.9961E-01
  1.8831E-01 -1.8436E-01 -6.0264E-02 -2.0233E-01
  1.8962E-01 -1.9232E-01 -6.1086E-02 -2.0509E-01
  1.9095E-01 -2.0020E-01 -6.1920E-02 -2.0788E-01
  1.9228E-01 -2.0801E-01 -6.2765E-02 -2.1071E-01
  1.9362E-01 -2.1573E-01 -6.3620E-02 -2.1358E-01
  1.9497E-01 -2.2336E-01 -6.4488E-02 -2.1649E-01
  1.9634E-01 -2.3090E-01 -6.5366E-02 -2.1943E-01
  1.9771E-01 -2.3833E-01 -6.6256E-02 -2.2242E-01
  1.9909E-01 -2.4565E-01 -6.7158E-02 -2.2544E-01
  2.0048E-01 -2.5285E-01 -6.8072E-02 -2.2850E-01
  2.0188E-01 -2.5994E-01 -6.8998E-02 -2.3160E-01
  2.0329E-01 -2.6689E-01 -6.9936E-02 -2.3474E-01
  2.0471E-01 -2.7371E-01 -7.0887E-02 -2.3793E-01
  2.0613E-01 -2.8040E-01 -7.1849E-02 -2.4115E-01
  2.0757E-01 -2.8693E-01 -7.2825E-02 -2.4442E-01
  2.0902E-01 -2.9331E-01 -7.3813E-02 -2.4773E-01
  2.1048E-01 -2.9954E-01 -7.4815E-02 -2.5108E-01
  2.1195E-01 -3.0560E-01 -7.5829E-02 -2.5448E-01
  2.1343E-01 -3.1149E-01 -7.6857E-02 -2.5792E-01
  2.1492E-01 -3.1720E-01 -7.7898E-02 -2.6140E-01
  2.1642E-01 -3.2274E-01 -7.8953E-02 -2.6493E-01
  2.1793E-01 -3.2808E-01 -8.0021E-02 -2.6851E-01
  2.1946E-01 -3.3323E-01 -8.1103E-02 -2.7213E-01
  2.2099E-01 -3.3819E-01 -8.2200E-02 -2.7580E-01
  2.2253E-01 -3.4294E-01 -8.3310E-02 -2.7951E-01
  2.2409E-01 -3.4748E-01 -8.4435E-02 -2.8327E-01
  2.2565E-01 -3.5180E-01 -8.5575E-02 -2.8709E-01
  2.2723E-01 -3.5591E-01 -8.6730E-02 -2.9095E-01
  2.2881E-01 -3.5979E-01 -8.7899E-02 -2.9486E-01
  2.3041E-01 -3.6344E-01 -8.9083E-02 -2.9882E-01
  2.3202E-01 -3.6686E-01 -9.0283E-02 -3.0283E-01
  2.3364E-01 -3.7003E-01 -9.1498E-02 -3.0689E-01
  2.3527E-01 -3.7297E-01 -9.2729E-02 -3.1100E-01
  2.3691E-01 -3.7565E-01 -9.3976E-02 -3.1517E-01
  2.3857E-01 -3.7809E-01 -9.5238E-02 -3.1939E-01
  2.4023E-01 -3.8026E-01 -9.6517E-02 -3.2366E-01
  2.4191E-01 -3.8218E-01 -9.7812E-02 -3.2799E-01
  2.4360E-01 -3.8383E-01 -9.9124E-02 -3.3237E-01
  2.4530E-01 -3.8521E-01 -1.0045E-01 -3.3680E-01
  2.4701E-01 -3.8632E-01 -1.0180E-01 -3.4130E-01
  2.4874E-01 -3.8716E-01 -1.0316E-01 -3.4585E-01
  2.5047E-01 -3.8772E-01 -1.0454E-01 -3.5045E-01
  2.5222E-01 -3.8800E-01 -1.0594E-01 -3.5511E-01
  2.5398E-01 -3.8799E-01 -1.0735E-01 -3.5984E-01
  2.5576E-01 -3.8770E-01 -1.0879E-01 -3.6462E-01
  2.5754E-01 -3.8712E-01 -1.1024E-01 -3.6945E-01
  2.5934E-01 -3.8625E-01 -1.1171E-01 -3.7435E-01
  2.6115E-01 -3.8509E-01 -1.1319E-01 -3.7932E-01
  2.6297E-01 -3.8364E-01 -1.1470E-01 -3.8434E-01
  2.6481E-01 -3.8188E-01 -1.1623E-01 -3.8942E-01
  2.6666E-01 -3.7983E-01 -1.1777E-01 -3.9457E-01
  2.6852E-01 -3.7749E-01 -1.1933E-01 -3.9978E-01
  2.7039E-01 -3.7484E-01 -1.2092E-01 -4.0505E-01
  2.7228E-01 -3.7190E-01 -1.2252E-01 -4.1039E-01
  2.7418E-01 -3.6865E-01 -1.2414E-01 -4.1579E-01
  2.7610E-01 -3.6511E-01 -1.2579E-01 -4.2126E-01
  2.7803E-01 -3.6126E-01 -1.2745E-01 -4.2679E-01
  2.7997E-01 -3.5712E-01 -1.2913E-01 -4.3240E-01
  2.8192E-01 -3.5267E-01 -1.3084E-01 -4.3807E-01
  2.8389E-01 -3.4793E-01 -1.3257E-01 -4.4380E-01
  2.8587E-01 -3.4290E-01 -1.3431E-01 -4.4961E-01
  2.8787E-01 -3.3756E-01 -1.3608E-01 -4.5549E-01
  2.8988E-01 -3.3193E-01 -1.3787E-01 -4.6143E-01
  2.9190E-01 -3.2601E-01 -1.3968E-01 -4.6745E-01
  2.9394E-01 -3.1980E-01 -1.4152E-01 -4.7354E-01
  2.9599E-01 -3.1331E-01 -1.4337E-01 -4.7970E-01
  2.9806E-01 -3.0652E-01 -1.4525E-01 -4.8594E-01
  3.0014E-01 -2.9946E-01 -1.4715E-01 -4.9224E-01
  3.0223E-01 -2.9211E-01 -1.4908E-01 -4.9862E-01
  3.0434E-01 -2.8449E-01 -1.5103E-01 -5.0508E-01
  3.0647E-01 -2.7660E-01 -1.5300E-01 -5.1161E-01
  3.0861E-01 -2.6844E-01 -1.5499E-01 -5.1822E-01
  3.1076E-01 -2.6001E-01 -1.5701E-01 -5.2490E-01
  3.1293E-01 -2.5133E-01 -1.5905E-01 -5.3166E-01
  3.1512E-01 -2.4238E-01 -1.6112E-01 -5.3850E-01
  3.1732E-01 -2.3319E-01 -1.6321E-01 -5.4541E-01
  3.1953E-01 -2.2376E-01 -1.6533E-01 -5.5241E-01
  3.2176E-01 -2.1408E-01 -1.6747E-01 -5.5948E-01
  3.2401E-01 -2.0417E-01 -1.6964E-01 -5.6664E-01
  3.2627E-01 -1.9403E-01 -1.7183E-01 -5.7387E-01
  3.2855E-01 -1.8367E-01 -1.7405E-01 -5.8119E-01
  3.3084E-01 -1.7310E-01 -1.7629E-01 -5.8859E-01
  3.3315E-01 -1.6231E-01 -1.7856E-01 -5.9607E-01
  3.3548E-01 -1.5132E-01 -1.8085E-01 -6.0363E-01
  3.3782E-01 -1.4014E-01 -1.8318E-01 -6.1128E-01
  3.4018E-01 -1.2877E-01 -1.8552E-01 -6.1901E-01
  3.4255E-01 -1.1722E-01 -1.8790E-01 -6.2682E-01
  3.4494E-01 -1.0549E-01 -1.9030E-01 -6.3472E-01
  3.4735E-01 -9.3602E-02 -1.9273E-01 -6.4271E-01
  3.4978E-01 -8.1556E-02 -1.9519E-01 -6.5078E-01
  3.5222E-01 -6.9362E-02 -1.9768E-01 -6.5893E-01
  3.5468E-01 -5.7028E-02 -2.0019E-01 -6.6718E-01
  3.5715E-01 -4.4563E-02 -2.0273E-01 -6.7551E-01
  3.5965E-01 -3.1976E-02 -2.0530E-01 -6.8392E-01
  3.6216E-01 -1.9276E-02 -2.0790E-01 -6.9243E-01
  3.6469E-01 -6.4718E-03 -2.1053E-01 -7.0103E-01
  3.6723E-01  6.4263E-03 -2.1319E-01 -7.0971E-01
  3.6980E-01  1.9409E-02 -2.1587E-01 -7.1848E-01
  3.7238E-01  3.2466E-02 -2.1859E-01 -7.2734E-01
  3.7498E-01  4.5589E-02 -2.2133E-01 -7.3629E-01
  3.7760E-01  5.8766E-02 -2.2411E-01 -7.4533E-01
  3.8023E-01  7.1988E-02 -2.2691E-01 -7.5447E-01
  3.8289E-01  8.5244E-02 -2.2975E-01 -7.6369E-01
  3.8556E-01  9.8523E-02 -2.3262E-01 -7.7300E-01
  3.8825E-01  1.1182E-01 -2.3551E-01 -7.8240E-01
  3.9096E-01  1.2511E-01 -2.3844E-01 -7.9190E-01
  3.9369E-01  1.3840E-01 -2.4140E-01 -8.0148E-01
  3.9644E-01  1.5167E-01 -2.4439E-01 -8.1116E-01
  3.9921E-01  1.6491E-01 -2.4741E-01 -8.2093E-01
  4.0199E-01  1.7810E-01 -2.5046E-01 -8.3078E-01
  4.0480E-01  1.9125E-01 -2.5354E-01 -8.4073E-01
  4.0763E-01  2.0433E-01 -2.5665E-01 -8.5077E-01
  4.1047E-01  2.1734E-01 -2.5980E-01 -8.6091E-01
  4.1334E-01  2.3026E-01 -2.6298E-01 -8.7113E-01
  4.1622E-01  2.4309E-01 -2.6619E-01 -8.8144E-01
  4.1913E-01  2.5580E-01 -2.6943E-01 -8.9185E-01
  4.2205E-01  2.6840E-01 -2.7271E-01 -9.0234E-01
  4.2500E-01  2.8087E-01 -2.7602E-01 -9.1293E-01
  4.2797E-01  2.9320E-01 -2.7936E-01 -9.2360E-01
  4.3095E-01  3.0537E-01 -2.8273E-01 -9.3436E-01
  4.3396E-01  3.1738E-01 -2.8613E-01 -9.4522E-01
  4.3699E-01  3.2922E-01 -2.8957E-01 -9.5616E-01
  4.4004E-01  3.4087E-01 -2.9304E-01 -9.6719E-01
  4.4312E-01  3.5232E-01 -2.9655E-01 -9.7830E-01
  4.4621E-01  3.6356E-01 -3.0008E-01 -9.8951E-01
  4.4932E-01  3.7459E-01 -3.0365E-01 -1.0008E+00
  4.5246E-01  3.8538E-01 -3.0726E-01 -1.0122E+00
  4.5562E-01  3.9594E-01 -3.1089E-01 -1.0236E+00
  4.5880E-01  4.0624E-01 -3.1456E-01 -1.0352E+00
  4.6200E-01  4.1629E-01 -3.1826E-01 -1.0468E+00
  4.6523E-01  4.2606E-01 -3.2200E-01 -1.0585E+00
  4.6848E-01  4.3555E-01 -3.2577E-01 -1.0703E+00
  4.7175E-01  4.4475E-01 -3.2957E-01 -1.0821E+00
  4.7504E-01  4.5365E-01 -3.3340E-01 -1.0941E+00
  4.7836E-01  4.6224E-01 -3.3727E-01 -1.1061E+00
  4.8169E-01  4.7050E-01 -3.4117E-01 -1.1182E+00
  4.8506E-01  4.7844E-01 -3.4510E-01 -1.1304E+00
  4.8844E-01  4.8604E-01 -3.4907E-01 -1.1426E+00
  4.9185E-01  4.9330E-01 -3.5306E-01 -1.1549E+00
  4.9529E-01  5.0019E-01 -3.5709E-01 -1.1673E+00
  4.9874E-01  5.0673E-01 -3.6116E-01 -1.1798E+00
  5.0223E-01  5.1289E-01 -3.6525E-01 -1.1923E+00
  5.0573E-01  5.1867E-01 -3.6938E-01 -1.2048E+00
  5.0926E-01  5.2406E-01 -3.7353E-01 -1.2175E+00
  5.1282E-01  5.2906E-01 -3.7772E-01 -1.2302E+00
  5.1640E-01  5.3366E-01 -3.8194E-01 -1.2429E+00
  5.2000E-01  5.3784E-01 -3.8620E-01 -1.2557E+00
  5.2363E-01  5.4161E-01 -3.9048E-01 -1.2686E+00
  5.2729E-01  5.4496E-01 -3.9479E-01 -1.2815E+00
  5.3097E-01  5.4788E-01 -3.9913E-01 -1.2945E+00
  5.3467E-01  5.5037E-01 -4.0351E-01 -1.3074E+00
  5.3841E-01  5.5242E-01 -4.0791E-01 -1.3205E+00
  5.4217E-01  5.5402E-01 -4.1234E-01 -1.3336E+00
  5.4595E-01  5.5518E-01 -4.1680E-01 -1.3467E+00
  5.4976E-01  5.5588E-01 -4.2129E-01 -1.3598E+00
  5.5360E-01  5.5613E-01 -4.2580E-01 -1.3730E+00
  5.5746E-01  5.5591E-01 -4.3034E-01 -1.3861E+00
  5.6135E-01  5.5523E-01 -4.3491E-01 -1.3993E+00
  5.6527E-01  5.5409E-01 -4.3951E-01 -1.4126E+00
  5.6922E-01  5.5247E-01 -4.4413E-01 -1.4258E+00
  5.7319E-01  5.5039E-01 -4.4878E-01 -1.4390E+00
  5.7719E-01  5.4783E-01 -4.5345E-01 -1.4523E+00
  5.8122E-01  5.4480E-01 -4.5814E-01 -1.4655E+00
  5.8528E-01  5.4129E-01 -4.6286E-01 -1.4787E+00
  5.8937E-01  5.3730E-01 -4.6760E-01 -1.4920E+00
  5.9348E-01  5.3284E-01 -4.7236E-01 -1.5052E+00
  5.9762E-01  5.2791E-01 -4.7714E-01 -1.5183E+00
  6.0180E-01  5.2249E-01 -4.8195E-01 -1.5315E+00
  6.0600E-01  5.1661E-01 -4.8677E-01 -1.5446E+00
  6.1023E-01  5.1025E-01 -4.9161E-01 -1.5577E+00
  6.1449E-01  5.0342E-01 -4.9647E-01 -1.5707E+00
  6.1878E-01  4.9613E-01 -5.0134E-01 -1.5837E+00
  6.2310E-01  4.8836E-01 -5.0623E-01 -1.5966E+00
  6.2744E-01  4.8014E-01 -5.1113E-01 -1.6095E+00
  6.3182E-01  4.7146E-01 -5.1605E-01 -1.6223E+00
  6.3624E-01  4.6232E-01 -5.2098E-01 -1.6350E+00
  6.4068E-01  4.5273E-01 -5.2592E-01 -1.6476E+00
  6.4515E-01  4.4270E-01 -5.3087E-01 -1.6602E+00
  6.4965E-01  4.3222E-01 -5.3583E-01 -1.6726E+00
  6.5419E-01  4.2132E-01 -5.4080E-01 -1.6850E+00
  6.5875E-01  4.0998E-01 -5.4577E-01 -1.6972E+00
  6.6335E-01  3.9822E-01 -5.5075E-01 -1.7093E+00
  6.6798E-01  3.8605E-01 -5.5573E-01 -1.7213E+00
  6.7265E-01  3.7347E-01 -5.6071E-01 -1.7331E+00
  6.7734E-01  3.6049E-01 -5.6569E-01 -1.7448E+00
  6.8207E-01  3.4712E-01 -5.7067E-01 -1.7563E+00
  6.8683E-01  3.3336E-01 -5.7565E-01 -1.7677E+00
  6.9163E-01  3.1923E-01 -5.8062E-01 -1.7789E+00
  6.9645E-01  3.0473E-01 -5.8559E-01 -1.7899E+00
  7.0131E-01  2.8988E-01 -5.9054E-01 -1.8007E+00
  7.0621E-01  2.7469E-01 -5.9549E-01 -1.8113E+00
  7.1114E-01  2.5915E-01 -6.0043E-01 -1.8217E+00
  7.1610E-01  2.4330E-01 -6.0535E-01 -1.8319E+00
  7.2110E-01  2.2713E-01 -6.1025E-01 -1.8418E+00
  7.2614E-01  2.1065E-01 -6.1514E-01 -1.8515E+00
  7.3121E-01  1.9389E-01 -6.2001E-01 -1.8610E+00
  7.3631E-01  1.7685E-01 -6.2485E-01 -1.8701E+00
  7.4145E-01  1.5954E-01 -6.2967E-01 -1.8790E+00
  7.4662E-01  1.4198E-01 -6.3446E-01 -1.8877E+00
  7.5184E-01  1.2418E-01 -6.3923E-01 -1.8960E+00
  7.5708E-01  1.0615E-01 -6.4396E-01 -1.9040E+00
  7.6237E-01  8.7902E-02 -6.4865E-01 -1.9116E+00
  7.6769E-01  6.9457E-02 -6.5331E-01 -1.9190E+00
  7.7305E-01  5.0826E-02 -6.5793E-01 -1.9260E+00
  7.7845E-01  3.2023E-02 -6.6251E-01 -1.9326E+00
  7.8388E-01  1.3061E-02 -6.6704E-01 -1.9389E+00
  7.8935E-01 -6.0428E-03 -6.7152E-01 -1.9447E+00
  7.9486E-01 -2.5275E-02 -6.7595E-01 -1.9502E+00
  8.0041E-01 -4.4621E-02 -6.8033E-01 -1.9553E+00
  8.0600E-01 -6.4064E-02 -6.8465E-01 -1.9599E+00
  8.1162E-01 -8.3590E-02 -6.8891E-01 -1.9642E+00
  8.1729E-01 -1.0318E-01 -6.9310E-01 -1.9679E+00
  8.2299E-01 -1.2283E-01 -6.9723E-01 -1.9712E+00
  8.2874E-01 -1.4251E-01 -7.0129E-01 -1.9740E+00
  8.3452E-01 -1.6220E-01 -7.0527E-01 -1.9764E+00
  8.4035E-01 -1.8190E-01 -7.0917E-01 -1.9782E+00
  8.4622E-01 -2.0159E-01 -7.1300E-01 -1.9796E+00
  8.5212E-01 -2.2125E-01 -7.1674E-01 -1.9803E+00
  8.5807E-01 -2.4086E-01 -7.2039E-01 -1.9806E+00
  8.6406E-01 -2.6041E-01 -7.2394E-01 -1.9803E+00
  8.7009E-01 -2.7988E-01 -7.2740E-01 -1.9794E+00
  8.7617E-01 -2.9926E-01 -7.3076E-01 -1.9780E+00
  8.8228E-01 -3.1852E-01 -7.3402E-01 -1.9760E+00
  8.8844E-01 -3.3765E-01 -7.3716E-01 -1.9733E+00
  8.9464E-01 -3.5664E-01 -7.4020E-01 -1.9701E+00
  9.0089E-01 -3.7547E-01 -7.4311E-01 -1.9662E+00
  9.0717E-01 -3.9411E-01 -7.4590E-01 -1.9617E+00
  9.1351E-01 -4.1256E-01 -7.4857E-01 -1.9565E+00
  9.1988E-01 -4.3080E-01 -7.5110E-01 -1.9507E+00
  9.2631E-01 -4.4881E-01 -7.5350E-01 -1.9442E+00
  9.3277E-01 -4.6658E-01 -7.5576E-01 -1.9370E+00
  9.3928E-01 -4.8409E-01 -7.5787E-01 -1.9291E+00
  9.4584E-01 -5.0131E-01 -7.5983E-01 -1.9205E+00
  9.5244E-01 -5.1825E-01 -7.6164E-01 -1.9112E+00
  9.5909E-01 -5.3487E-01 -7.6328E-01 -1.9011E+00
  9.6578E-01 -5.5117E-01 -7.6476E-01 -1.8904E+00
  9.7253E-01 -5.6713E-01 -7.6607E-01 -1.8789E+00
  9.7931E-01 -5.8273E-01 -7.6720E-01 -1.8666E+00
  9.8615E-01 -5.9795E-01 -7.6815E-01 -1.8536E+00
  9.9303E-01 -6.1279E-01 -7.6891E-01 -1.8398E+00
  9.9997E-01 -6.2723E-01 -7.6948E-01 -1.8253E+00
  1.0069E+00 -6.4125E-01 -7.6986E-01 -1.8100E+00
  1.0140E+00 -6.5484E-01 -7.7003E-01 -1.7939E+00
  1.0211E+00 -6.6798E-01 -7.6999E-01 -1.7770E+00
  1.0282E+00 -6.8066E-01 -7.6973E-01 -1.7593E+00
  1.0354E+00 -6.9287E-01 -7.6926E-01 -1.7409E+00
  1.0426E+00 -7.0459E-01 -7.6856E-01 -1.7217E+00
  1.0499E+00 -7.1581E-01 -7.6762E-01 -1.7017E+00
  1.0572E+00 -7.2651E-01 -7.6645E-01 -1.6809E+00
  1.0646E+00 -7.3668E-01 -7.6504E-01 -1.6593E+00
  1.0720E+00 -7.4632E-01 -7.6337E-01 -1.6370E+00
  1.0795E+00 -7.5540E-01 -7.6145E-01 -1.6139E+00
  1.0870E+00 -7.6392E-01 -7.5927E-01 -1.5900E+00
  1.0946E+00 -7.7186E-01 -7.5681E-01 -1.5653E+00
  1.1022E+00 -7.7922E-01 -7.5409E-01 -1.5399E+00
  1.1099E+00 -7.8598E-01 -7.5108E-01 -1.5138E+00
  1.1177E+00 -7.9213E-01 -7.4779E-01 -1.4869E+00
  1.1255E+00 -7.9766E-01 -7.4421E-01 -1.4593E+00
  1.1333E+00 -8.0257E-01 -7.4033E-01 -1.4309E+00
  1.1413E+00 -8.0684E-01 -7.3614E-01 -1.4019E+00
  1.1492E+00 -8.1046E-01 -7.3165E-01 -1.3722E+00
  1.1572E+00 -8.1343E-01 -7.2684E-01 -1.3419E+00
  1.1653E+00 -8.1574E-01 -7.2170E-01 -1.3109E+00
  1.1735E+00 -8.1737E-01 -7.1624E-01 -1.2793E+00
  1.1816E+00 -8.1833E-01 -7.1045E-01 -1.2470E+00
  1.1899E+00 -8.1861E-01 -7.0432E-01 -1.2142E+00
  1.1982E+00 -8.1820E-01 -6.9784E-01 -1.1809E+00
  1.2066E+00 -8.1710E-01 -6.9101E-01 -1.1470E+00
  1.2150E+00 -8.1529E-01 -6.8383E-01 -1.1126E+00
  1.2235E+00 -8.1278E-01 -6.7629E-01 -1.0777E+00
  1.2320E+00 -8.0956E-01 -6.6838E-01 -1.0424E+00
  1.2406E+00 -8.0563E-01 -6.6010E-01 -1.0067E+00
  1.2493E+00 -8.0099E-01 -6.5144E-01 -9.7060E-01
  1.2580E+00 -7.9562E-01 -6.4240E-01 -9.3417E-01
  1.2668E+00 -7.8954E-01 -6.3298E-01 -8.9742E-01
  1.2756E+00 -7.8274E-01 -6.2316E-01 -8.6041E-01
  1.2845E+00 -7.7522E-01 -6.1295E-01 -8.2316E-01
  1.2935E+00 -7.6697E-01 -6.0235E-01 -7.8573E-01
  1.3025E+00 -7.5800E-01 -5.9134E-01 -7.4815E-01
  1.3116E+00 -7.4832E-01 -5.7992E-01 -7.1047E-01
  1.3208E+00 -7.3792E-01 -5.6810E-01 -6.7272E-01
  1.3300E+00 -7.2680E-01 -5.5586E-01 -6.3496E-01
  1.3393E+00 -7.1496E-01 -5.4321E-01 -5.9723E-01
  1.3486E+00 -7.0242E-01 -5.3014E-01 -5.5957E-01
  1.3580E+00 -6.8918E-01 -5.1665E-01 -5.2205E-01
  1.3675E+00 -6.7523E-01 -5.0274E-01 -4.8469E-01
  1.3770E+00 -6.6059E-01 -4.8841E-01 -4.4756E-01
  1.3867E+00 -6.4527E-01 -4.7365E-01 -4.1071E-01
  1.3963E+00 -6.2926E-01 -4.5847E-01 -3.7417E-01
  1.4061E+00 -6.1258E-01 -4.4286E-01 -3.3802E-01
  1.4159E+00 -5.9523E-01 -4.2682E-01 -3.0229E-01
  1.4258E+00 -5.7723E-01 -4.1037E-01 -2.6704E-01
  1.4357E+00 -5.5858E-01 -3.9348E-01 -2.3231E-01
  1.4458E+00 -5.3930E-01 -3.7618E-01 -1.9817E-01
  1.4558E+00 -5.1940E-01 -3.5845E-01 -1.6466E-01
  1.4660E+00 -4.9888E-01 -3.4031E-01 -1.3182E-01
  1.4762E+00 -4.7776E-01 -3.2175E-01 -9.9723E-02
  1.4865E+00 -4.5606E-01 -3.0278E-01 -6.8401E-02
  1.4969E+00 -4.3379E-01 -2.8340E-01 -3.7906E-02
  1.5074E+00 -4.1095E-01 -2.6362E-01 -8.2849E-03
  1.5179E+00 -3.8758E-01 -2.4344E-01  2.0417E-02
  1.5285E+00 -3.6369E-01 -2.2287E-01  4.8155E-02
  1.5392E+00 -3.3928E-01 -2.0191E-01  7.4889E-02
  1.5499E+00 -3.1439E-01 -1.8058E-01  1.0058E-01
  1.5607E+00 -2.8903E-01 -1.5888E-01  1.2518E-01
  1.5716E+00 -2.6322E-01 -1.3681E-01  1.4866E-01
  1.5826E+00 -2.3697E-01 -1.1440E-01  1.7099E-01
  1.5936E+00 -2.1032E-01 -9.1645E-02  1.9214E-01
  1.6048E+00 -1.8327E-01 -6.8560E-02  2.1207E-01
  1.6160E+00 -1.5587E-01 -4.5156E-02  2.3076E-01
  1.6272E+00 -1.2812E-01 -2.1448E-02  2.4819E-01
  1.6386E+00 -1.0005E-01  2.5531E-03  2.6435E-01
  1.6500E+00 -7.1683E-02  2.6831E-02  2.7921E-01
  1.6615E+00 -4.3052E-02  5.1372E-02  2.9276E-01
  1.6731E+00 -1.4177E-02  7.6158E-02  3.0500E-01
  1.6848E+00  1.4912E-02  1.0117E-01  3.1591E-01
  1.6966E+00  4.4190E-02  1.2640E-01  3.2551E-01
  1.7084E+00  7.3628E-02  1.5182E-01  3.3379E-01
  1.7203E+00  1.0320E-01  1.7741E-01  3.4077E-01
  1.7324E+00  1.3287E-01  2.0315E-01  3.4645E-01
  1.7445E+00  1.6261E-01  2.2902E-01  3.5085E-01
  1.7566E+00  1.9239E-01  2.5500E-01  3.5399E-01
  1.7689E+00  2.2218E-01  2.8107E-01  3.5589E-01
  1.7812E+00  2.5195E-01  3.0719E-01  3.5660E-01
  1.7937E+00  2.8166E-01  3.3334E-01  3.5612E-01
  1.8062E+00  3.1128E-01  3.5950E-01  3.5452E-01
  1.8188E+00  3.4078E-01  3.8564E-01  3.5181E-01
  1.8315E+00  3.7012E-01  4.1172E-01  3.4806E-01
  1.8443E+00  3.9927E-01  4.3773E-01  3.4330E-01
  1.8571E+00  4.2819E-01  4.6363E-01  3.3759E-01
  1.8701E+00  4.5685E-01  4.8938E-01  3.3099E-01
  1.8832E+00  4.8521E-01  5.1496E-01  3.2354E-01
  1.8963E+00  5.1323E-01  5.4033E-01  3.1532E-01
  1.9095E+00  5.4088E-01  5.6546E-01  3.0637E-01
  1.9229E+00  5.6812E-01  5.9031E-01  2.9677E-01
  1.9363E+00  5.9492E-01  6.1485E-01  2.8657E-01
  1.9498E+00  6.2122E-01  6.3904E-01  2.7585E-01
  1.9634E+00  6.4701E-01  6.6283E-01  2.6466E-01
  1.9771E+00  6.7223E-01  6.8620E-01  2.5307E-01
  1.9909E+00  6.9685E-01  7.0911E-01  2.4115E-01
  2.0048E+00  7.2083E-01  7.3151E-01  2.2896E-01
  2.0188E+00  7.4414E-01  7.5336E-01  2.1656E-01
  2.0329E+00  7.6673E-01  7.7462E-01  2.0400E-01
  2.0471E+00  7.8856E-01  7.9525E-01  1.9135E-01
  2.0614E+00  8.0960E-01  8.1522E-01  1.7866E-01
  2.0758E+00  8.2982E-01  8.3447E-01  1.6597E-01
  2.0903E+00  8.4916E-01  8.5296E-01  1.5333E-01
  2.1049E+00  8.6760E-01  8.7065E-01  1.4079E-01
  2.1195E+00  8.8509E-01  8.8750E-01  1.2837E-01
  2.1343E+00  9.0161E-01  9.0347E-01  1.1612E-01
  2.1492E+00  9.1711E-01  9.1851E-01  1.0406E-01
  2.1642E+00  9.3155E-01  9.3257E-01  9.2213E-02
  2.1793E+00  9.4491E-01  9.4563E-01  8.0603E-02
  2.1946E+00  9.5714E-01  9.5763E-01  6.9244E-02
  2.2099E+00  9.6822E-01  9.6852E-01  5.8151E-02
  2.2253E+00  9.7811E-01  9.7828E-01  4.7337E-02
  2.2408E+00  9.8678E-01  9.8687E-01  3.6812E-02
  2.2565E+00  9.9419E-01  9.9423E-01  2.6589E-02
  2.2722E+00  1.0003E+00  1.0003E+00  1.6679E-02
  2.2881E+00  1.0051E+00  1.0051E+00  7.1009E-03
  2.3041E+00  1.0086E+00  1.0086E+00 -1.0235E-03
  2.3201E+00  1.0107E+00  1.0107E+00 -1.5212E-03
  2.3363E+00  1.0115E+00  1.0115E+00 -8.2444E-04
  2.3526E+00  1.0108E+00  1.0108E+00 -4.4400E-04
  2.3691E+00  1.0086E+00  1.0086E+00 -2.2588E-04
  2.3856E+00  1.0051E+00  1.0051E+00 -1.3582E-04
  2.4022E+00  1.0000E+00  1.0000E+00  0.0000E+00
  2.4190E+00  9.9345E-01  9.9345E-01  0.0000E+00
  2.4359E+00  9.8540E-01  9.8540E-01  0.0000E+00
  2.4529E+00  9.7582E-01  9.7582E-01  0.0000E+00
  2.4700E+00  9.6472E-01  9.6472E-01  0.0000E+00
  2.4873E+00  9.5208E-01  9.5208E-01  0.0000E+00
  2.5046E+00  9.3790E-01  9.3790E-01  0.0000E+00
  2.5221E+00  9.2218E-01  9.2218E-01  0.0000E+00
  2.5397E+00  9.0491E-01  9.0491E-01  0.0000E+00
  2.5574E+00  8.8609E-01  8.8609E-01  0.0000E+00
  2.5753E+00  8.6574E-01  8.6574E-01  0.0000E+00
  2.5933E+00  8.4385E-01  8.4385E-01  0.0000E+00
  2.6114E+00  8.2045E-01  8.2045E-01  0.0000E+00
  2.6296E+00  7.9554E-01  7.9554E-01  0.0000E+00
  2.6480E+00  7.6913E-01  7.6913E-01  0.0000E+00
  2.6664E+00  7.4126E-01  7.4126E-01  0.0000E+00
  2.6850E+00  7.1195E-01  7.1195E-01  0.0000E+00
  2.7038E+00  6.8121E-01  6.8121E-01  0.0000E+00
  2.7227E+00  6.4908E-01  6.4908E-01  0.0000E+00
  2.7417E+00  6.1560E-01  6.1560E-01  0.0000E+00
  2.7608E+00  5.8080E-01  5.8080E-01  0.0000E+00
  2.7801E+00  5.4473E-01  5.4473E-01  0.0000E+00
  2.7995E+00  5.0742E-01  5.0742E-01  0.0000E+00
  2.8190E+00  4.6893E-01  4.6893E-01  0.0000E+00
  2.8387E+00  4.2930E-01  4.2930E-01  0.0000E+00
  2.8585E+00  3.8861E-01  3.8861E-01  0.0000E+00
  2.8785E+00  3.4689E-01  3.4689E-01  0.0000E+00
  2.8985E+00  3.0423E-01  3.0423E-01  0.0000E+00
  2.9188E+00  2.6069E-01  2.6069E-01  0.0000E+00
  2.9392E+00  2.1633E-01  2.1633E-01  0.0000E+00
  2.9597E+00  1.7125E-01  1.7125E-01  0.0000E+00
  2.9803E+00  1.2550E-01  1.2550E-01  0.0000E+00
  3.0011E+00  7.9186E-02  7.9186E-02  0.0000E+00
  3.0221E+00  3.2386E-02  3.2386E-02  0.0000E+00
  3.0432E+00 -1.4806E-02 -1.4806E-02  0.0000E+00
  3.0644E+00 -6.2297E-02 -6.2297E-02  0.0000E+00
  3.0858E+00 -1.0999E-01 -1.0999E-01  0.0000E+00
  3.1073E+00 -1.5778E-01 -1.5778E-01  0.0000E+00
  3.1290E+00 -2.0556E-01 -2.0556E-01  0.0000E+00
  3.1509E+00 -2.5323E-01 -2.5323E-01  0.0000E+00
  3.1729E+00 -3.0067E-01 -3.0067E-01  0.0000E+00
  3.1950E+00 -3.4777E-01 -3.4777E-01  0.0000E+00
  3.2173E+00 -3.9442E-01 -3.9442E-01  0.0000E+00
  3.2398E+00 -4.4049E-01 -4.4049E-01  0.0000E+00
  3.2624E+00 -4.8586E-01 -4.8586E-01  0.0000E+00
  3.2852E+00 -5.3041E-01 -5.3041E-01  0.0000E+00
  3.3081E+00 -5.7402E-01 -5.7402E-01  0.0000E+00
  3.3312E+00 -6.1655E-01 -6.1655E-01  0.0000E+00
  3.3544E+00 -6.5788E-01 -6.5788E-01  0.0000E+00
  3.3778E+00 -6.9789E-01 -6.9789E-01  0.0000E+00
  3.4014E+00 -7.3643E-01 -7.3643E-01  0.0000E+00
