 # l=           1 basis function with energy     4.00000000000000     
  0.0000E+00  0.0000E+00  0.0000E+00  0.0000E+00
  5.1103E-07 -1.0185E-08 -3.1702E-13 -1.3405E-12
  1.0256E-06 -3.0773E-08 -1.2770E-12 -5.4001E-12
  1.5438E-06 -5.8895E-08 -2.8933E-12 -1.2236E-11
  2.0656E-06 -9.3497E-08 -5.1796E-12 -2.1905E-11
  2.5911E-06 -1.3398E-07 -8.1499E-12 -3.4467E-11
  3.1202E-06 -1.7995E-07 -1.1818E-11 -4.9982E-11
  3.6530E-06 -2.3112E-07 -1.6199E-11 -6.8509E-11
  4.1895E-06 -2.8728E-07 -2.1307E-11 -9.0111E-11
  4.7298E-06 -3.4828E-07 -2.7157E-11 -1.1485E-10
  5.2739E-06 -4.1398E-07 -3.3764E-11 -1.4279E-10
  5.8217E-06 -4.8429E-07 -4.1143E-11 -1.7400E-10
  6.3734E-06 -5.5914E-07 -4.9309E-11 -2.0854E-10
  6.9289E-06 -6.3846E-07 -5.8280E-11 -2.4647E-10
  7.4883E-06 -7.2220E-07 -6.8070E-11 -2.8788E-10
  8.0516E-06 -8.1032E-07 -7.8696E-11 -3.3282E-10
  8.6188E-06 -9.0279E-07 -9.0175E-11 -3.8136E-10
  9.1900E-06 -9.9959E-07 -1.0252E-10 -4.3359E-10
  9.7652E-06 -1.1007E-06 -1.1576E-10 -4.8956E-10
  1.0344E-05 -1.2061E-06 -1.2990E-10 -5.4935E-10
  1.0928E-05 -1.3159E-06 -1.4496E-10 -6.1305E-10
  1.1515E-05 -1.4299E-06 -1.6096E-10 -6.8072E-10
  1.2106E-05 -1.5482E-06 -1.7792E-10 -7.5243E-10
  1.2702E-05 -1.6708E-06 -1.9585E-10 -8.2828E-10
  1.3302E-05 -1.7978E-06 -2.1478E-10 -9.0834E-10
  1.3905E-05 -1.9290E-06 -2.3473E-10 -9.9269E-10
  1.4514E-05 -2.0647E-06 -2.5570E-10 -1.0814E-09
  1.5126E-05 -2.2046E-06 -2.7774E-10 -1.1746E-09
  1.5742E-05 -2.3490E-06 -3.0084E-10 -1.2723E-09
  1.6363E-05 -2.4978E-06 -3.2504E-10 -1.3746E-09
  1.6989E-05 -2.6510E-06 -3.5035E-10 -1.4817E-09
  1.7618E-05 -2.8086E-06 -3.7680E-10 -1.5936E-09
  1.8252E-05 -2.9708E-06 -4.0441E-10 -1.7103E-09
  1.8891E-05 -3.1374E-06 -4.3320E-10 -1.8321E-09
  1.9534E-05 -3.3086E-06 -4.6318E-10 -1.9589E-09
  2.0181E-05 -3.4843E-06 -4.9439E-10 -2.0909E-09
  2.0833E-05 -3.6647E-06 -5.2685E-10 -2.2281E-09
  2.1489E-05 -3.8497E-06 -5.6058E-10 -2.3708E-09
  2.2150E-05 -4.0394E-06 -5.9559E-10 -2.5188E-09
  2.2816E-05 -4.2338E-06 -6.3193E-10 -2.6725E-09
  2.3486E-05 -4.4329E-06 -6.6960E-10 -2.8318E-09
  2.4161E-05 -4.6369E-06 -7.0864E-10 -2.9969E-09
  2.4841E-05 -4.8456E-06 -7.4907E-10 -3.1679E-09
  2.5525E-05 -5.0593E-06 -7.9092E-10 -3.3449E-09
  2.6214E-05 -5.2779E-06 -8.3420E-10 -3.5280E-09
  2.6908E-05 -5.5014E-06 -8.7896E-10 -3.7172E-09
  2.7607E-05 -5.7299E-06 -9.2521E-10 -3.9128E-09
  2.8311E-05 -5.9635E-06 -9.7298E-10 -4.1149E-09
  2.9020E-05 -6.2023E-06 -1.0223E-09 -4.3234E-09
  2.9733E-05 -6.4461E-06 -1.0732E-09 -4.5387E-09
  3.0452E-05 -6.6952E-06 -1.1257E-09 -4.7607E-09
  3.1175E-05 -6.9495E-06 -1.1798E-09 -4.9896E-09
  3.1904E-05 -7.2091E-06 -1.2356E-09 -5.2256E-09
  3.2638E-05 -7.4741E-06 -1.2931E-09 -5.4687E-09
  3.3377E-05 -7.7445E-06 -1.3523E-09 -5.7191E-09
  3.4121E-05 -8.0204E-06 -1.4133E-09 -5.9769E-09
  3.4870E-05 -8.3017E-06 -1.4760E-09 -6.2423E-09
  3.5624E-05 -8.5887E-06 -1.5406E-09 -6.5153E-09
  3.6384E-05 -8.8813E-06 -1.6070E-09 -6.7961E-09
  3.7149E-05 -9.1796E-06 -1.6753E-09 -7.0849E-09
  3.7919E-05 -9.4836E-06 -1.7455E-09 -7.3818E-09
  3.8695E-05 -9.7935E-06 -1.8176E-09 -7.6869E-09
  3.9476E-05 -1.0109E-05 -1.8917E-09 -8.0004E-09
  4.0263E-05 -1.0431E-05 -1.9679E-09 -8.3224E-09
  4.1055E-05 -1.0759E-05 -2.0460E-09 -8.6530E-09
  4.1852E-05 -1.1092E-05 -2.1263E-09 -8.9925E-09
  4.2655E-05 -1.1432E-05 -2.2087E-09 -9.3409E-09
  4.3464E-05 -1.1778E-05 -2.2933E-09 -9.6985E-09
  4.4279E-05 -1.2130E-05 -2.3800E-09 -1.0065E-08
  4.5099E-05 -1.2489E-05 -2.4690E-09 -1.0442E-08
  4.5924E-05 -1.2854E-05 -2.5602E-09 -1.0828E-08
  4.6756E-05 -1.3226E-05 -2.6538E-09 -1.1223E-08
  4.7593E-05 -1.3604E-05 -2.7497E-09 -1.1629E-08
  4.8437E-05 -1.3988E-05 -2.8480E-09 -1.2045E-08
  4.9286E-05 -1.4380E-05 -2.9487E-09 -1.2471E-08
  5.0141E-05 -1.4778E-05 -3.0519E-09 -1.2907E-08
  5.1002E-05 -1.5183E-05 -3.1576E-09 -1.3354E-08
  5.1869E-05 -1.5595E-05 -3.2659E-09 -1.3812E-08
  5.2742E-05 -1.6013E-05 -3.3768E-09 -1.4281E-08
  5.3621E-05 -1.6439E-05 -3.4903E-09 -1.4761E-08
  5.4506E-05 -1.6872E-05 -3.6065E-09 -1.5252E-08
  5.5398E-05 -1.7313E-05 -3.7254E-09 -1.5755E-08
  5.6295E-05 -1.7760E-05 -3.8471E-09 -1.6270E-08
  5.7199E-05 -1.8215E-05 -3.9717E-09 -1.6797E-08
  5.8110E-05 -1.8678E-05 -4.0991E-09 -1.7336E-08
  5.9026E-05 -1.9148E-05 -4.2294E-09 -1.7887E-08
  5.9949E-05 -1.9625E-05 -4.3627E-09 -1.8451E-08
  6.0879E-05 -2.0110E-05 -4.4991E-09 -1.9027E-08
  6.1815E-05 -2.0604E-05 -4.6385E-09 -1.9617E-08
  6.2757E-05 -2.1105E-05 -4.7810E-09 -2.0220E-08
  6.3706E-05 -2.1614E-05 -4.9267E-09 -2.0836E-08
  6.4662E-05 -2.2131E-05 -5.0756E-09 -2.1466E-08
  6.5624E-05 -2.2656E-05 -5.2278E-09 -2.2109E-08
  6.6593E-05 -2.3190E-05 -5.3834E-09 -2.2767E-08
  6.7569E-05 -2.3732E-05 -5.5423E-09 -2.3439E-08
  6.8552E-05 -2.4282E-05 -5.7047E-09 -2.4126E-08
  6.9541E-05 -2.4841E-05 -5.8705E-09 -2.4827E-08
  7.0538E-05 -2.5408E-05 -6.0400E-09 -2.5544E-08
  7.1541E-05 -2.5985E-05 -6.2130E-09 -2.6276E-08
  7.2552E-05 -2.6570E-05 -6.3898E-09 -2.7023E-08
  7.3569E-05 -2.7164E-05 -6.5702E-09 -2.7786E-08
  7.4594E-05 -2.7767E-05 -6.7545E-09 -2.8566E-08
  7.5625E-05 -2.8379E-05 -6.9426E-09 -2.9361E-08
  7.6664E-05 -2.9001E-05 -7.1347E-09 -3.0174E-08
  7.7710E-05 -2.9632E-05 -7.3307E-09 -3.1003E-08
  7.8764E-05 -3.0272E-05 -7.5308E-09 -3.1849E-08
  7.9824E-05 -3.0922E-05 -7.7351E-09 -3.2713E-08
  8.0893E-05 -3.1582E-05 -7.9435E-09 -3.3594E-08
  8.1968E-05 -3.2251E-05 -8.1561E-09 -3.4493E-08
  8.3051E-05 -3.2931E-05 -8.3731E-09 -3.5411E-08
  8.4142E-05 -3.3620E-05 -8.5945E-09 -3.6347E-08
  8.5241E-05 -3.4320E-05 -8.8203E-09 -3.7302E-08
  8.6347E-05 -3.5030E-05 -9.0507E-09 -3.8277E-08
  8.7460E-05 -3.5750E-05 -9.2856E-09 -3.9270E-08
  8.8582E-05 -3.6481E-05 -9.5253E-09 -4.0284E-08
  8.9711E-05 -3.7222E-05 -9.7697E-09 -4.1318E-08
  9.0848E-05 -3.7974E-05 -1.0019E-08 -4.2372E-08
  9.1993E-05 -3.8737E-05 -1.0273E-08 -4.3447E-08
  9.3146E-05 -3.9511E-05 -1.0532E-08 -4.4543E-08
  9.4308E-05 -4.0296E-05 -1.0797E-08 -4.5660E-08
  9.5477E-05 -4.1092E-05 -1.1066E-08 -4.6799E-08
  9.6654E-05 -4.1900E-05 -1.1341E-08 -4.7961E-08
  9.7840E-05 -4.2719E-05 -1.1620E-08 -4.9145E-08
  9.9034E-05 -4.3550E-05 -1.1906E-08 -5.0351E-08
  1.0024E-04 -4.4393E-05 -1.2197E-08 -5.1581E-08
  1.0145E-04 -4.5247E-05 -1.2493E-08 -5.2835E-08
  1.0267E-04 -4.6114E-05 -1.2795E-08 -5.4112E-08
  1.0389E-04 -4.6993E-05 -1.3103E-08 -5.5414E-08
  1.0513E-04 -4.7884E-05 -1.3417E-08 -5.6741E-08
  1.0637E-04 -4.8788E-05 -1.3736E-08 -5.8092E-08
  1.0763E-04 -4.9704E-05 -1.4062E-08 -5.9470E-08
  1.0889E-04 -5.0633E-05 -1.4394E-08 -6.0873E-08
  1.1016E-04 -5.1575E-05 -1.4732E-08 -6.2302E-08
  1.1144E-04 -5.2530E-05 -1.5076E-08 -6.3758E-08
  1.1273E-04 -5.3498E-05 -1.5427E-08 -6.5242E-08
  1.1403E-04 -5.4479E-05 -1.5784E-08 -6.6752E-08
  1.1534E-04 -5.5474E-05 -1.6148E-08 -6.8291E-08
  1.1665E-04 -5.6483E-05 -1.6518E-08 -6.9859E-08
  1.1798E-04 -5.7506E-05 -1.6896E-08 -7.1455E-08
  1.1931E-04 -5.8542E-05 -1.7280E-08 -7.3081E-08
  1.2065E-04 -5.9593E-05 -1.7672E-08 -7.4736E-08
  1.2201E-04 -6.0658E-05 -1.8070E-08 -7.6422E-08
  1.2337E-04 -6.1738E-05 -1.8476E-08 -7.8139E-08
  1.2474E-04 -6.2832E-05 -1.8889E-08 -7.9886E-08
  1.2612E-04 -6.3941E-05 -1.9310E-08 -8.1666E-08
  1.2752E-04 -6.5065E-05 -1.9739E-08 -8.3478E-08
  1.2892E-04 -6.6204E-05 -2.0175E-08 -8.5322E-08
  1.3033E-04 -6.7358E-05 -2.0619E-08 -8.7200E-08
  1.3175E-04 -6.8528E-05 -2.1071E-08 -8.9111E-08
  1.3318E-04 -6.9714E-05 -2.1531E-08 -9.1057E-08
  1.3462E-04 -7.0916E-05 -2.1999E-08 -9.3038E-08
  1.3607E-04 -7.2133E-05 -2.2476E-08 -9.5054E-08
  1.3753E-04 -7.3367E-05 -2.2961E-08 -9.7105E-08
  1.3900E-04 -7.4618E-05 -2.3455E-08 -9.9194E-08
  1.4048E-04 -7.5884E-05 -2.3957E-08 -1.0132E-07
  1.4197E-04 -7.7168E-05 -2.4469E-08 -1.0348E-07
  1.4348E-04 -7.8469E-05 -2.4989E-08 -1.0568E-07
  1.4499E-04 -7.9787E-05 -2.5519E-08 -1.0792E-07
  1.4651E-04 -8.1122E-05 -2.6058E-08 -1.1020E-07
  1.4805E-04 -8.2475E-05 -2.6606E-08 -1.1252E-07
  1.4959E-04 -8.3846E-05 -2.7164E-08 -1.1488E-07
  1.5115E-04 -8.5235E-05 -2.7732E-08 -1.1728E-07
  1.5271E-04 -8.6642E-05 -2.8310E-08 -1.1973E-07
  1.5429E-04 -8.8068E-05 -2.8897E-08 -1.2221E-07
  1.5588E-04 -8.9512E-05 -2.9495E-08 -1.2474E-07
  1.5748E-04 -9.0975E-05 -3.0103E-08 -1.2731E-07
  1.5909E-04 -9.2457E-05 -3.0722E-08 -1.2993E-07
  1.6071E-04 -9.3958E-05 -3.1352E-08 -1.3259E-07
  1.6234E-04 -9.5479E-05 -3.1992E-08 -1.3530E-07
  1.6398E-04 -9.7020E-05 -3.2643E-08 -1.3805E-07
  1.6564E-04 -9.8580E-05 -3.3306E-08 -1.4085E-07
  1.6731E-04 -1.0016E-04 -3.3979E-08 -1.4370E-07
  1.6899E-04 -1.0176E-04 -3.4665E-08 -1.4660E-07
  1.7068E-04 -1.0338E-04 -3.5362E-08 -1.4955E-07
  1.7238E-04 -1.0503E-04 -3.6071E-08 -1.5255E-07
  1.7409E-04 -1.0669E-04 -3.6792E-08 -1.5560E-07
  1.7582E-04 -1.0838E-04 -3.7525E-08 -1.5870E-07
  1.7756E-04 -1.1008E-04 -3.8271E-08 -1.6185E-07
  1.7931E-04 -1.1181E-04 -3.9029E-08 -1.6506E-07
  1.8107E-04 -1.1356E-04 -3.9800E-08 -1.6832E-07
  1.8284E-04 -1.1534E-04 -4.0584E-08 -1.7164E-07
  1.8463E-04 -1.1713E-04 -4.1381E-08 -1.7501E-07
  1.8643E-04 -1.1895E-04 -4.2192E-08 -1.7844E-07
  1.8824E-04 -1.2079E-04 -4.3016E-08 -1.8192E-07
  1.9007E-04 -1.2266E-04 -4.3854E-08 -1.8547E-07
  1.9191E-04 -1.2455E-04 -4.4706E-08 -1.8907E-07
  1.9376E-04 -1.2646E-04 -4.5573E-08 -1.9273E-07
  1.9562E-04 -1.2840E-04 -4.6453E-08 -1.9646E-07
  1.9750E-04 -1.3036E-04 -4.7349E-08 -2.0025E-07
  1.9939E-04 -1.3235E-04 -4.8259E-08 -2.0410E-07
  2.0129E-04 -1.3436E-04 -4.9185E-08 -2.0801E-07
  2.0320E-04 -1.3640E-04 -5.0125E-08 -2.1199E-07
  2.0513E-04 -1.3846E-04 -5.1082E-08 -2.1603E-07
  2.0708E-04 -1.4055E-04 -5.2054E-08 -2.2014E-07
  2.0903E-04 -1.4267E-04 -5.3042E-08 -2.2432E-07
  2.1100E-04 -1.4481E-04 -5.4047E-08 -2.2857E-07
  2.1299E-04 -1.4698E-04 -5.5068E-08 -2.3289E-07
  2.1498E-04 -1.4917E-04 -5.6106E-08 -2.3728E-07
  2.1700E-04 -1.5140E-04 -5.7160E-08 -2.4174E-07
  2.1902E-04 -1.5365E-04 -5.8233E-08 -2.4627E-07
  2.2106E-04 -1.5593E-04 -5.9322E-08 -2.5088E-07
  2.2312E-04 -1.5824E-04 -6.0430E-08 -2.5557E-07
  2.2518E-04 -1.6057E-04 -6.1555E-08 -2.6033E-07
  2.2727E-04 -1.6294E-04 -6.2699E-08 -2.6516E-07
  2.2936E-04 -1.6534E-04 -6.3862E-08 -2.7008E-07
  2.3148E-04 -1.6776E-04 -6.5043E-08 -2.7508E-07
  2.3360E-04 -1.7022E-04 -6.6244E-08 -2.8016E-07
  2.3574E-04 -1.7270E-04 -6.7464E-08 -2.8532E-07
  2.3790E-04 -1.7522E-04 -6.8704E-08 -2.9056E-07
  2.4007E-04 -1.7777E-04 -6.9964E-08 -2.9589E-07
  2.4226E-04 -1.8035E-04 -7.1244E-08 -3.0130E-07
  2.4446E-04 -1.8296E-04 -7.2545E-08 -3.0680E-07
  2.4668E-04 -1.8560E-04 -7.3867E-08 -3.1240E-07
  2.4891E-04 -1.8828E-04 -7.5211E-08 -3.1808E-07
  2.5116E-04 -1.9099E-04 -7.6575E-08 -3.2385E-07
  2.5342E-04 -1.9373E-04 -7.7962E-08 -3.2971E-07
  2.5570E-04 -1.9651E-04 -7.9371E-08 -3.3567E-07
  2.5800E-04 -1.9932E-04 -8.0803E-08 -3.4173E-07
  2.6031E-04 -2.0216E-04 -8.2258E-08 -3.4788E-07
  2.6264E-04 -2.0504E-04 -8.3735E-08 -3.5413E-07
  2.6498E-04 -2.0796E-04 -8.5237E-08 -3.6048E-07
  2.6734E-04 -2.1091E-04 -8.6762E-08 -3.6693E-07
  2.6972E-04 -2.1390E-04 -8.8312E-08 -3.7348E-07
  2.7211E-04 -2.1692E-04 -8.9886E-08 -3.8014E-07
  2.7452E-04 -2.1998E-04 -9.1486E-08 -3.8691E-07
  2.7695E-04 -2.2308E-04 -9.3111E-08 -3.9378E-07
  2.7940E-04 -2.2622E-04 -9.4761E-08 -4.0076E-07
  2.8186E-04 -2.2939E-04 -9.6438E-08 -4.0785E-07
  2.8434E-04 -2.3260E-04 -9.8141E-08 -4.1505E-07
  2.8683E-04 -2.3586E-04 -9.9872E-08 -4.2237E-07
  2.8934E-04 -2.3915E-04 -1.0163E-07 -4.2981E-07
  2.9187E-04 -2.4248E-04 -1.0341E-07 -4.3736E-07
  2.9442E-04 -2.4585E-04 -1.0523E-07 -4.4503E-07
  2.9699E-04 -2.4927E-04 -1.0707E-07 -4.5282E-07
  2.9957E-04 -2.5272E-04 -1.0894E-07 -4.6073E-07
  3.0217E-04 -2.5622E-04 -1.1084E-07 -4.6877E-07
  3.0479E-04 -2.5976E-04 -1.1277E-07 -4.7693E-07
  3.0743E-04 -2.6334E-04 -1.1473E-07 -4.8523E-07
  3.1009E-04 -2.6696E-04 -1.1673E-07 -4.9365E-07
  3.1277E-04 -2.7063E-04 -1.1875E-07 -5.0221E-07
  3.1546E-04 -2.7435E-04 -1.2080E-07 -5.1089E-07
  3.1817E-04 -2.7811E-04 -1.2289E-07 -5.1972E-07
  3.2090E-04 -2.8191E-04 -1.2501E-07 -5.2868E-07
  3.2366E-04 -2.8576E-04 -1.2716E-07 -5.3779E-07
  3.2643E-04 -2.8965E-04 -1.2935E-07 -5.4703E-07
  3.2921E-04 -2.9360E-04 -1.3157E-07 -5.5642E-07
  3.3202E-04 -2.9759E-04 -1.3382E-07 -5.6595E-07
  3.3485E-04 -3.0163E-04 -1.3611E-07 -5.7564E-07
  3.3770E-04 -3.0571E-04 -1.3844E-07 -5.8547E-07
  3.4057E-04 -3.0985E-04 -1.4080E-07 -5.9546E-07
  3.4346E-04 -3.1403E-04 -1.4320E-07 -6.0560E-07
  3.4636E-04 -3.1827E-04 -1.4563E-07 -6.1590E-07
  3.4929E-04 -3.2256E-04 -1.4811E-07 -6.2636E-07
  3.5224E-04 -3.2690E-04 -1.5062E-07 -6.3698E-07
  3.5521E-04 -3.3129E-04 -1.5317E-07 -6.4777E-07
  3.5820E-04 -3.3573E-04 -1.5576E-07 -6.5872E-07
  3.6121E-04 -3.4022E-04 -1.5839E-07 -6.6984E-07
  3.6425E-04 -3.4477E-04 -1.6106E-07 -6.8113E-07
  3.6730E-04 -3.4938E-04 -1.6377E-07 -6.9260E-07
  3.7037E-04 -3.5404E-04 -1.6652E-07 -7.0425E-07
  3.7347E-04 -3.5875E-04 -1.6932E-07 -7.1607E-07
  3.7659E-04 -3.6352E-04 -1.7216E-07 -7.2808E-07
  3.7973E-04 -3.6835E-04 -1.7504E-07 -7.4027E-07
  3.8289E-04 -3.7323E-04 -1.7797E-07 -7.5264E-07
  3.8607E-04 -3.7818E-04 -1.8094E-07 -7.6521E-07
  3.8928E-04 -3.8318E-04 -1.8395E-07 -7.7797E-07
  3.9251E-04 -3.8824E-04 -1.8702E-07 -7.9093E-07
  3.9576E-04 -3.9336E-04 -1.9013E-07 -8.0408E-07
  3.9903E-04 -3.9854E-04 -1.9329E-07 -8.1744E-07
  4.0233E-04 -4.0379E-04 -1.9649E-07 -8.3100E-07
  4.0565E-04 -4.0909E-04 -1.9975E-07 -8.4477E-07
  4.0899E-04 -4.1446E-04 -2.0305E-07 -8.5875E-07
  4.1235E-04 -4.1989E-04 -2.0641E-07 -8.7294E-07
  4.1574E-04 -4.2539E-04 -2.0982E-07 -8.8735E-07
  4.1916E-04 -4.3095E-04 -2.1328E-07 -9.0197E-07
  4.2259E-04 -4.3658E-04 -2.1679E-07 -9.1683E-07
  4.2605E-04 -4.4228E-04 -2.2035E-07 -9.3190E-07
  4.2954E-04 -4.4804E-04 -2.2397E-07 -9.4721E-07
  4.3305E-04 -4.5387E-04 -2.2765E-07 -9.6275E-07
  4.3658E-04 -4.5977E-04 -2.3138E-07 -9.7852E-07
  4.4014E-04 -4.6574E-04 -2.3516E-07 -9.9454E-07
  4.4372E-04 -4.7177E-04 -2.3901E-07 -1.0108E-06
  4.4733E-04 -4.7788E-04 -2.4291E-07 -1.0273E-06
  4.5096E-04 -4.8407E-04 -2.4687E-07 -1.0441E-06
  4.5462E-04 -4.9032E-04 -2.5089E-07 -1.0611E-06
  4.5831E-04 -4.9665E-04 -2.5498E-07 -1.0783E-06
  4.6202E-04 -5.0305E-04 -2.5912E-07 -1.0959E-06
  4.6575E-04 -5.0953E-04 -2.6333E-07 -1.1137E-06
  4.6951E-04 -5.1609E-04 -2.6760E-07 -1.1317E-06
  4.7330E-04 -5.2272E-04 -2.7194E-07 -1.1501E-06
  4.7712E-04 -5.2943E-04 -2.7634E-07 -1.1687E-06
  4.8096E-04 -5.3622E-04 -2.8080E-07 -1.1876E-06
  4.8483E-04 -5.4308E-04 -2.8534E-07 -1.2067E-06
  4.8872E-04 -5.5003E-04 -2.8994E-07 -1.2262E-06
  4.9264E-04 -5.5706E-04 -2.9462E-07 -1.2460E-06
  4.9659E-04 -5.6417E-04 -2.9936E-07 -1.2660E-06
  5.0057E-04 -5.7137E-04 -3.0417E-07 -1.2864E-06
  5.0457E-04 -5.7865E-04 -3.0906E-07 -1.3071E-06
  5.0861E-04 -5.8602E-04 -3.1402E-07 -1.3280E-06
  5.1267E-04 -5.9347E-04 -3.1905E-07 -1.3493E-06
  5.1676E-04 -6.0101E-04 -3.2416E-07 -1.3709E-06
  5.2088E-04 -6.0863E-04 -3.2935E-07 -1.3929E-06
  5.2502E-04 -6.1635E-04 -3.3462E-07 -1.4151E-06
  5.2920E-04 -6.2415E-04 -3.3996E-07 -1.4377E-06
  5.3340E-04 -6.3205E-04 -3.4538E-07 -1.4607E-06
  5.3764E-04 -6.4004E-04 -3.5089E-07 -1.4840E-06
  5.4190E-04 -6.4812E-04 -3.5648E-07 -1.5076E-06
  5.4619E-04 -6.5630E-04 -3.6215E-07 -1.5316E-06
  5.5052E-04 -6.6457E-04 -3.6790E-07 -1.5559E-06
  5.5487E-04 -6.7294E-04 -3.7374E-07 -1.5806E-06
  5.5925E-04 -6.8141E-04 -3.7967E-07 -1.6057E-06
  5.6367E-04 -6.8997E-04 -3.8569E-07 -1.6311E-06
  5.6811E-04 -6.9863E-04 -3.9180E-07 -1.6570E-06
  5.7259E-04 -7.0740E-04 -3.9800E-07 -1.6832E-06
  5.7710E-04 -7.1627E-04 -4.0429E-07 -1.7098E-06
  5.8164E-04 -7.2524E-04 -4.1067E-07 -1.7368E-06
  5.8621E-04 -7.3431E-04 -4.1715E-07 -1.7642E-06
  5.9081E-04 -7.4349E-04 -4.2373E-07 -1.7920E-06
  5.9545E-04 -7.5278E-04 -4.3040E-07 -1.8202E-06
  6.0011E-04 -7.6217E-04 -4.3718E-07 -1.8489E-06
  6.0481E-04 -7.7167E-04 -4.4405E-07 -1.8780E-06
  6.0954E-04 -7.8128E-04 -4.5103E-07 -1.9075E-06
  6.1431E-04 -7.9101E-04 -4.5811E-07 -1.9374E-06
  6.1911E-04 -8.0085E-04 -4.6529E-07 -1.9678E-06
  6.2394E-04 -8.1080E-04 -4.7258E-07 -1.9986E-06
  6.2881E-04 -8.2086E-04 -4.7998E-07 -2.0299E-06
  6.3371E-04 -8.3105E-04 -4.8749E-07 -2.0617E-06
  6.3864E-04 -8.4135E-04 -4.9511E-07 -2.0939E-06
  6.4361E-04 -8.5177E-04 -5.0285E-07 -2.1266E-06
  6.4861E-04 -8.6231E-04 -5.1070E-07 -2.1598E-06
  6.5365E-04 -8.7297E-04 -5.1866E-07 -2.1935E-06
  6.5872E-04 -8.8375E-04 -5.2674E-07 -2.2277E-06
  6.6383E-04 -8.9466E-04 -5.3495E-07 -2.2624E-06
  6.6898E-04 -9.0570E-04 -5.4327E-07 -2.2976E-06
  6.7416E-04 -9.1686E-04 -5.5171E-07 -2.3333E-06
  6.7937E-04 -9.2815E-04 -5.6029E-07 -2.3695E-06
  6.8463E-04 -9.3957E-04 -5.6898E-07 -2.4063E-06
  6.8992E-04 -9.5113E-04 -5.7781E-07 -2.4436E-06
  6.9524E-04 -9.6281E-04 -5.8677E-07 -2.4815E-06
  7.0061E-04 -9.7464E-04 -5.9585E-07 -2.5200E-06
  7.0601E-04 -9.8659E-04 -6.0508E-07 -2.5590E-06
  7.1145E-04 -9.9869E-04 -6.1444E-07 -2.5985E-06
  7.1692E-04 -1.0109E-03 -6.2393E-07 -2.6387E-06
  7.2244E-04 -1.0233E-03 -6.3357E-07 -2.6795E-06
  7.2799E-04 -1.0358E-03 -6.4335E-07 -2.7208E-06
  7.3359E-04 -1.0485E-03 -6.5327E-07 -2.7628E-06
  7.3922E-04 -1.0613E-03 -6.6334E-07 -2.8053E-06
  7.4489E-04 -1.0742E-03 -6.7355E-07 -2.8486E-06
  7.5060E-04 -1.0873E-03 -6.8392E-07 -2.8924E-06
  7.5635E-04 -1.1006E-03 -6.9444E-07 -2.9369E-06
  7.6214E-04 -1.1140E-03 -7.0511E-07 -2.9820E-06
  7.6797E-04 -1.1276E-03 -7.1594E-07 -3.0278E-06
  7.7384E-04 -1.1413E-03 -7.2693E-07 -3.0743E-06
  7.7975E-04 -1.1551E-03 -7.3808E-07 -3.1214E-06
  7.8571E-04 -1.1692E-03 -7.4939E-07 -3.1693E-06
  7.9170E-04 -1.1834E-03 -7.6087E-07 -3.2178E-06
  7.9774E-04 -1.1977E-03 -7.7252E-07 -3.2671E-06
  8.0382E-04 -1.2122E-03 -7.8434E-07 -3.3171E-06
  8.0994E-04 -1.2269E-03 -7.9633E-07 -3.3678E-06
  8.1610E-04 -1.2418E-03 -8.0850E-07 -3.4193E-06
  8.2231E-04 -1.2568E-03 -8.2084E-07 -3.4715E-06
  8.2856E-04 -1.2720E-03 -8.3337E-07 -3.5244E-06
  8.3485E-04 -1.2873E-03 -8.4608E-07 -3.5782E-06
  8.4119E-04 -1.3029E-03 -8.5898E-07 -3.6327E-06
  8.4757E-04 -1.3186E-03 -8.7206E-07 -3.6881E-06
  8.5400E-04 -1.3345E-03 -8.8534E-07 -3.7442E-06
  8.6047E-04 -1.3506E-03 -8.9880E-07 -3.8012E-06
  8.6699E-04 -1.3669E-03 -9.1247E-07 -3.8590E-06
  8.7355E-04 -1.3833E-03 -9.2634E-07 -3.9176E-06
  8.8016E-04 -1.3999E-03 -9.4040E-07 -3.9771E-06
  8.8682E-04 -1.4168E-03 -9.5468E-07 -4.0375E-06
  8.9352E-04 -1.4338E-03 -9.6916E-07 -4.0987E-06
  9.0026E-04 -1.4510E-03 -9.8385E-07 -4.1609E-06
  9.0706E-04 -1.4684E-03 -9.9876E-07 -4.2239E-06
  9.1390E-04 -1.4860E-03 -1.0139E-06 -4.2879E-06
  9.2079E-04 -1.5038E-03 -1.0292E-06 -4.3528E-06
  9.2773E-04 -1.5218E-03 -1.0448E-06 -4.4186E-06
  9.3471E-04 -1.5400E-03 -1.0606E-06 -4.4854E-06
  9.4175E-04 -1.5585E-03 -1.0766E-06 -4.5532E-06
  9.4883E-04 -1.5771E-03 -1.0929E-06 -4.6219E-06
  9.5597E-04 -1.5959E-03 -1.1094E-06 -4.6917E-06
  9.6315E-04 -1.6150E-03 -1.1261E-06 -4.7625E-06
  9.7038E-04 -1.6343E-03 -1.1431E-06 -4.8343E-06
  9.7767E-04 -1.6537E-03 -1.1603E-06 -4.9071E-06
  9.8500E-04 -1.6735E-03 -1.1778E-06 -4.9810E-06
  9.9239E-04 -1.6934E-03 -1.1955E-06 -5.0560E-06
  9.9983E-04 -1.7136E-03 -1.2135E-06 -5.1321E-06
  1.0073E-03 -1.7339E-03 -1.2318E-06 -5.2093E-06
  1.0149E-03 -1.7546E-03 -1.2503E-06 -5.2875E-06
  1.0225E-03 -1.7754E-03 -1.2690E-06 -5.3670E-06
  1.0301E-03 -1.7965E-03 -1.2881E-06 -5.4476E-06
  1.0378E-03 -1.8178E-03 -1.3074E-06 -5.5293E-06
  1.0456E-03 -1.8394E-03 -1.3270E-06 -5.6123E-06
  1.0534E-03 -1.8612E-03 -1.3469E-06 -5.6964E-06
  1.0612E-03 -1.8833E-03 -1.3671E-06 -5.7818E-06
  1.0691E-03 -1.9056E-03 -1.3876E-06 -5.8684E-06
  1.0771E-03 -1.9282E-03 -1.4084E-06 -5.9562E-06
  1.0851E-03 -1.9510E-03 -1.4295E-06 -6.0454E-06
  1.0932E-03 -1.9740E-03 -1.4508E-06 -6.1358E-06
  1.1014E-03 -1.9974E-03 -1.4725E-06 -6.2275E-06
  1.1096E-03 -2.0210E-03 -1.4945E-06 -6.3206E-06
  1.1178E-03 -2.0448E-03 -1.5168E-06 -6.4150E-06
  1.1261E-03 -2.0690E-03 -1.5395E-06 -6.5107E-06
  1.1345E-03 -2.0934E-03 -1.5625E-06 -6.6079E-06
  1.1429E-03 -2.1180E-03 -1.5858E-06 -6.7065E-06
  1.1514E-03 -2.1430E-03 -1.6094E-06 -6.8064E-06
  1.1600E-03 -2.1682E-03 -1.6334E-06 -6.9079E-06
  1.1686E-03 -2.1938E-03 -1.6577E-06 -7.0108E-06
  1.1773E-03 -2.2196E-03 -1.6824E-06 -7.1152E-06
  1.1860E-03 -2.2457E-03 -1.7074E-06 -7.2210E-06
  1.1948E-03 -2.2721E-03 -1.7329E-06 -7.3285E-06
  1.2036E-03 -2.2988E-03 -1.7586E-06 -7.4374E-06
  1.2125E-03 -2.3257E-03 -1.7848E-06 -7.5480E-06
  1.2215E-03 -2.3530E-03 -1.8113E-06 -7.6601E-06
  1.2305E-03 -2.3806E-03 -1.8382E-06 -7.7739E-06
  1.2396E-03 -2.4085E-03 -1.8655E-06 -7.8893E-06
  1.2488E-03 -2.4368E-03 -1.8931E-06 -8.0064E-06
  1.2580E-03 -2.4653E-03 -1.9212E-06 -8.1251E-06
  1.2673E-03 -2.4942E-03 -1.9497E-06 -8.2456E-06
  1.2767E-03 -2.5233E-03 -1.9786E-06 -8.3678E-06
  1.2861E-03 -2.5528E-03 -2.0079E-06 -8.4918E-06
  1.2956E-03 -2.5827E-03 -2.0376E-06 -8.6175E-06
  1.3051E-03 -2.6128E-03 -2.0678E-06 -8.7451E-06
  1.3148E-03 -2.6433E-03 -2.0984E-06 -8.8745E-06
  1.3245E-03 -2.6742E-03 -2.1294E-06 -9.0057E-06
  1.3342E-03 -2.7054E-03 -2.1609E-06 -9.1389E-06
  1.3440E-03 -2.7369E-03 -2.1929E-06 -9.2740E-06
  1.3539E-03 -2.7688E-03 -2.2253E-06 -9.4110E-06
  1.3639E-03 -2.8011E-03 -2.2581E-06 -9.5500E-06
  1.3739E-03 -2.8337E-03 -2.2915E-06 -9.6909E-06
  1.3840E-03 -2.8667E-03 -2.3253E-06 -9.8340E-06
  1.3942E-03 -2.9000E-03 -2.3596E-06 -9.9790E-06
  1.4044E-03 -2.9337E-03 -2.3944E-06 -1.0126E-05
  1.4147E-03 -2.9678E-03 -2.4297E-06 -1.0275E-05
  1.4251E-03 -3.0023E-03 -2.4655E-06 -1.0427E-05
  1.4356E-03 -3.0371E-03 -2.5018E-06 -1.0580E-05
  1.4461E-03 -3.0724E-03 -2.5386E-06 -1.0736E-05
  1.4567E-03 -3.1080E-03 -2.5760E-06 -1.0894E-05
  1.4674E-03 -3.1440E-03 -2.6139E-06 -1.1055E-05
  1.4782E-03 -3.1804E-03 -2.6524E-06 -1.1217E-05
  1.4890E-03 -3.2173E-03 -2.6914E-06 -1.1382E-05
  1.4999E-03 -3.2545E-03 -2.7309E-06 -1.1549E-05
  1.5109E-03 -3.2922E-03 -2.7711E-06 -1.1719E-05
  1.5219E-03 -3.3302E-03 -2.8118E-06 -1.1891E-05
  1.5331E-03 -3.3687E-03 -2.8531E-06 -1.2066E-05
  1.5443E-03 -3.4077E-03 -2.8949E-06 -1.2243E-05
  1.5556E-03 -3.4470E-03 -2.9374E-06 -1.2423E-05
  1.5669E-03 -3.4868E-03 -2.9805E-06 -1.2605E-05
  1.5784E-03 -3.5270E-03 -3.0242E-06 -1.2790E-05
  1.5899E-03 -3.5677E-03 -3.0686E-06 -1.2977E-05
  1.6015E-03 -3.6088E-03 -3.1135E-06 -1.3168E-05
  1.6132E-03 -3.6504E-03 -3.1591E-06 -1.3360E-05
  1.6250E-03 -3.6924E-03 -3.2054E-06 -1.3556E-05
  1.6368E-03 -3.7349E-03 -3.2523E-06 -1.3755E-05
  1.6488E-03 -3.7779E-03 -3.3000E-06 -1.3956E-05
  1.6608E-03 -3.8213E-03 -3.3482E-06 -1.4160E-05
  1.6729E-03 -3.8653E-03 -3.3972E-06 -1.4367E-05
  1.6851E-03 -3.9097E-03 -3.4469E-06 -1.4577E-05
  1.6973E-03 -3.9546E-03 -3.4973E-06 -1.4791E-05
  1.7097E-03 -4.0000E-03 -3.5484E-06 -1.5007E-05
  1.7222E-03 -4.0459E-03 -3.6002E-06 -1.5226E-05
  1.7347E-03 -4.0922E-03 -3.6528E-06 -1.5448E-05
  1.7473E-03 -4.1392E-03 -3.7062E-06 -1.5674E-05
  1.7600E-03 -4.1866E-03 -3.7603E-06 -1.5903E-05
  1.7728E-03 -4.2345E-03 -3.8151E-06 -1.6135E-05
  1.7857E-03 -4.2830E-03 -3.8708E-06 -1.6370E-05
  1.7987E-03 -4.3320E-03 -3.9273E-06 -1.6609E-05
  1.8117E-03 -4.3815E-03 -3.9845E-06 -1.6851E-05
  1.8249E-03 -4.4316E-03 -4.0426E-06 -1.7097E-05
  1.8381E-03 -4.4822E-03 -4.1015E-06 -1.7346E-05
  1.8515E-03 -4.5334E-03 -4.1613E-06 -1.7599E-05
  1.8649E-03 -4.5851E-03 -4.2219E-06 -1.7855E-05
  1.8784E-03 -4.6374E-03 -4.2833E-06 -1.8115E-05
  1.8921E-03 -4.6903E-03 -4.3457E-06 -1.8378E-05
  1.9058E-03 -4.7438E-03 -4.4089E-06 -1.8646E-05
  1.9196E-03 -4.7978E-03 -4.4731E-06 -1.8917E-05
  1.9335E-03 -4.8525E-03 -4.5381E-06 -1.9192E-05
  1.9475E-03 -4.9077E-03 -4.6041E-06 -1.9471E-05
  1.9616E-03 -4.9635E-03 -4.6710E-06 -1.9754E-05
  1.9758E-03 -5.0199E-03 -4.7389E-06 -2.0042E-05
  1.9901E-03 -5.0770E-03 -4.8078E-06 -2.0333E-05
  2.0045E-03 -5.1347E-03 -4.8776E-06 -2.0628E-05
  2.0190E-03 -5.1930E-03 -4.9484E-06 -2.0928E-05
  2.0336E-03 -5.2519E-03 -5.0203E-06 -2.1231E-05
  2.0483E-03 -5.3115E-03 -5.0931E-06 -2.1540E-05
  2.0631E-03 -5.3717E-03 -5.1671E-06 -2.1852E-05
  2.0780E-03 -5.4326E-03 -5.2420E-06 -2.2169E-05
  2.0931E-03 -5.4941E-03 -5.3180E-06 -2.2491E-05
  2.1082E-03 -5.5563E-03 -5.3951E-06 -2.2817E-05
  2.1234E-03 -5.6192E-03 -5.4734E-06 -2.3148E-05
  2.1387E-03 -5.6827E-03 -5.5527E-06 -2.3483E-05
  2.1542E-03 -5.7470E-03 -5.6331E-06 -2.3823E-05
  2.1697E-03 -5.8119E-03 -5.7147E-06 -2.4168E-05
  2.1854E-03 -5.8775E-03 -5.7975E-06 -2.4518E-05
  2.2011E-03 -5.9439E-03 -5.8815E-06 -2.4873E-05
  2.2170E-03 -6.0109E-03 -5.9666E-06 -2.5234E-05
  2.2330E-03 -6.0787E-03 -6.0529E-06 -2.5599E-05
  2.2491E-03 -6.1472E-03 -6.1405E-06 -2.5969E-05
  2.2653E-03 -6.2165E-03 -6.2294E-06 -2.6345E-05
  2.2816E-03 -6.2865E-03 -6.3194E-06 -2.6726E-05
  2.2981E-03 -6.3572E-03 -6.4108E-06 -2.7112E-05
  2.3146E-03 -6.4287E-03 -6.5035E-06 -2.7504E-05
  2.3313E-03 -6.5010E-03 -6.5975E-06 -2.7902E-05
  2.3481E-03 -6.5740E-03 -6.6928E-06 -2.8305E-05
  2.3650E-03 -6.6479E-03 -6.7895E-06 -2.8714E-05
  2.3820E-03 -6.7225E-03 -6.8876E-06 -2.9129E-05
  2.3991E-03 -6.7979E-03 -6.9870E-06 -2.9549E-05
  2.4164E-03 -6.8741E-03 -7.0879E-06 -2.9976E-05
  2.4338E-03 -6.9512E-03 -7.1902E-06 -3.0408E-05
  2.4513E-03 -7.0291E-03 -7.2940E-06 -3.0847E-05
  2.4689E-03 -7.1077E-03 -7.3992E-06 -3.1292E-05
  2.4866E-03 -7.1873E-03 -7.5059E-06 -3.1744E-05
  2.5045E-03 -7.2677E-03 -7.6142E-06 -3.2202E-05
  2.5225E-03 -7.3489E-03 -7.7240E-06 -3.2666E-05
  2.5406E-03 -7.4310E-03 -7.8353E-06 -3.3137E-05
  2.5588E-03 -7.5140E-03 -7.9483E-06 -3.3614E-05
  2.5772E-03 -7.5978E-03 -8.0628E-06 -3.4099E-05
  2.5957E-03 -7.6826E-03 -8.1790E-06 -3.4590E-05
  2.6143E-03 -7.7682E-03 -8.2968E-06 -3.5088E-05
  2.6331E-03 -7.8548E-03 -8.4163E-06 -3.5594E-05
  2.6520E-03 -7.9422E-03 -8.5375E-06 -3.6106E-05
  2.6710E-03 -8.0306E-03 -8.6604E-06 -3.6626E-05
  2.6902E-03 -8.1200E-03 -8.7850E-06 -3.7153E-05
  2.7094E-03 -8.2102E-03 -8.9115E-06 -3.7688E-05
  2.7289E-03 -8.3014E-03 -9.0397E-06 -3.8230E-05
  2.7484E-03 -8.3936E-03 -9.1697E-06 -3.8780E-05
  2.7681E-03 -8.4868E-03 -9.3016E-06 -3.9338E-05
  2.7880E-03 -8.5809E-03 -9.4354E-06 -3.9903E-05
  2.8079E-03 -8.6760E-03 -9.5710E-06 -4.0477E-05
  2.8280E-03 -8.7722E-03 -9.7086E-06 -4.1059E-05
  2.8483E-03 -8.8693E-03 -9.8481E-06 -4.1649E-05
  2.8687E-03 -8.9674E-03 -9.9896E-06 -4.2248E-05
  2.8892E-03 -9.0666E-03 -1.0133E-05 -4.2855E-05
  2.9099E-03 -9.1668E-03 -1.0279E-05 -4.3470E-05
  2.9307E-03 -9.2681E-03 -1.0426E-05 -4.4094E-05
  2.9517E-03 -9.3704E-03 -1.0576E-05 -4.4728E-05
  2.9728E-03 -9.4738E-03 -1.0728E-05 -4.5370E-05
  2.9940E-03 -9.5782E-03 -1.0882E-05 -4.6021E-05
  3.0155E-03 -9.6838E-03 -1.1038E-05 -4.6682E-05
  3.0370E-03 -9.7904E-03 -1.1196E-05 -4.7351E-05
  3.0587E-03 -9.8982E-03 -1.1357E-05 -4.8031E-05
  3.0806E-03 -1.0007E-02 -1.1520E-05 -4.8720E-05
  3.1026E-03 -1.0117E-02 -1.1685E-05 -4.9418E-05
  3.1248E-03 -1.0228E-02 -1.1853E-05 -5.0127E-05
  3.1471E-03 -1.0340E-02 -1.2023E-05 -5.0846E-05
  3.1696E-03 -1.0454E-02 -1.2195E-05 -5.1575E-05
  3.1922E-03 -1.0569E-02 -1.2370E-05 -5.2314E-05
  3.2150E-03 -1.0684E-02 -1.2547E-05 -5.3064E-05
  3.2379E-03 -1.0801E-02 -1.2727E-05 -5.3824E-05
  3.2610E-03 -1.0920E-02 -1.2909E-05 -5.4595E-05
  3.2843E-03 -1.1039E-02 -1.3094E-05 -5.5377E-05
  3.3078E-03 -1.1160E-02 -1.3282E-05 -5.6170E-05
  3.3314E-03 -1.1281E-02 -1.3472E-05 -5.6974E-05
  3.3551E-03 -1.1405E-02 -1.3665E-05 -5.7790E-05
  3.3790E-03 -1.1529E-02 -1.3860E-05 -5.8617E-05
  3.4031E-03 -1.1655E-02 -1.4059E-05 -5.9456E-05
  3.4274E-03 -1.1781E-02 -1.4260E-05 -6.0307E-05
  3.4518E-03 -1.1910E-02 -1.4464E-05 -6.1170E-05
  3.4764E-03 -1.2039E-02 -1.4671E-05 -6.2045E-05
  3.5012E-03 -1.2170E-02 -1.4881E-05 -6.2933E-05
  3.5262E-03 -1.2302E-02 -1.5094E-05 -6.3833E-05
  3.5513E-03 -1.2436E-02 -1.5309E-05 -6.4746E-05
  3.5766E-03 -1.2571E-02 -1.5528E-05 -6.5671E-05
  3.6021E-03 -1.2707E-02 -1.5750E-05 -6.6610E-05
  3.6277E-03 -1.2844E-02 -1.5975E-05 -6.7562E-05
  3.6535E-03 -1.2983E-02 -1.6204E-05 -6.8528E-05
  3.6796E-03 -1.3124E-02 -1.6435E-05 -6.9507E-05
  3.7058E-03 -1.3266E-02 -1.6670E-05 -7.0500E-05
  3.7321E-03 -1.3409E-02 -1.6908E-05 -7.1507E-05
  3.7587E-03 -1.3553E-02 -1.7150E-05 -7.2529E-05
  3.7854E-03 -1.3700E-02 -1.7395E-05 -7.3565E-05
  3.8124E-03 -1.3847E-02 -1.7643E-05 -7.4615E-05
  3.8395E-03 -1.3996E-02 -1.7895E-05 -7.5680E-05
  3.8668E-03 -1.4147E-02 -1.8150E-05 -7.6761E-05
  3.8943E-03 -1.4299E-02 -1.8410E-05 -7.7857E-05
  3.9220E-03 -1.4452E-02 -1.8672E-05 -7.8968E-05
  3.9499E-03 -1.4607E-02 -1.8939E-05 -8.0095E-05
  3.9780E-03 -1.4764E-02 -1.9209E-05 -8.1238E-05
  4.0062E-03 -1.4922E-02 -1.9483E-05 -8.2397E-05
  4.0347E-03 -1.5082E-02 -1.9761E-05 -8.3572E-05
  4.0634E-03 -1.5243E-02 -2.0043E-05 -8.4764E-05
  4.0923E-03 -1.5406E-02 -2.0329E-05 -8.5973E-05
  4.1213E-03 -1.5570E-02 -2.0619E-05 -8.7199E-05
  4.1506E-03 -1.5736E-02 -2.0913E-05 -8.8442E-05
  4.1801E-03 -1.5904E-02 -2.1211E-05 -8.9703E-05
  4.2098E-03 -1.6073E-02 -2.1513E-05 -9.0981E-05
  4.2397E-03 -1.6244E-02 -2.1820E-05 -9.2278E-05
  4.2698E-03 -1.6417E-02 -2.2131E-05 -9.3593E-05
  4.3001E-03 -1.6591E-02 -2.2446E-05 -9.4927E-05
  4.3306E-03 -1.6767E-02 -2.2766E-05 -9.6279E-05
  4.3613E-03 -1.6945E-02 -2.3090E-05 -9.7651E-05
  4.3923E-03 -1.7125E-02 -2.3419E-05 -9.9042E-05
  4.4235E-03 -1.7306E-02 -2.3752E-05 -1.0045E-04
  4.4549E-03 -1.7489E-02 -2.4091E-05 -1.0188E-04
  4.4865E-03 -1.7673E-02 -2.4434E-05 -1.0333E-04
  4.5183E-03 -1.7860E-02 -2.4782E-05 -1.0480E-04
  4.5503E-03 -1.8048E-02 -2.5134E-05 -1.0630E-04
  4.5826E-03 -1.8238E-02 -2.5492E-05 -1.0781E-04
  4.6151E-03 -1.8430E-02 -2.5855E-05 -1.0934E-04
  4.6478E-03 -1.8624E-02 -2.6223E-05 -1.1090E-04
  4.6808E-03 -1.8819E-02 -2.6596E-05 -1.1248E-04
  4.7140E-03 -1.9017E-02 -2.6974E-05 -1.1408E-04
  4.7474E-03 -1.9216E-02 -2.7358E-05 -1.1570E-04
  4.7810E-03 -1.9417E-02 -2.7747E-05 -1.1735E-04
  4.8149E-03 -1.9620E-02 -2.8142E-05 -1.1902E-04
  4.8490E-03 -1.9825E-02 -2.8542E-05 -1.2071E-04
  4.8834E-03 -2.0032E-02 -2.8948E-05 -1.2243E-04
  4.9180E-03 -2.0241E-02 -2.9360E-05 -1.2417E-04
  4.9528E-03 -2.0452E-02 -2.9777E-05 -1.2593E-04
  4.9879E-03 -2.0664E-02 -3.0200E-05 -1.2772E-04
  5.0232E-03 -2.0879E-02 -3.0630E-05 -1.2954E-04
  5.0588E-03 -2.1096E-02 -3.1065E-05 -1.3138E-04
  5.0946E-03 -2.1314E-02 -3.1506E-05 -1.3325E-04
  5.1307E-03 -2.1535E-02 -3.1954E-05 -1.3514E-04
  5.1670E-03 -2.1758E-02 -3.2408E-05 -1.3706E-04
  5.2036E-03 -2.1983E-02 -3.2869E-05 -1.3901E-04
  5.2404E-03 -2.2210E-02 -3.3336E-05 -1.4098E-04
  5.2775E-03 -2.2439E-02 -3.3809E-05 -1.4298E-04
  5.3148E-03 -2.2670E-02 -3.4289E-05 -1.4501E-04
  5.3524E-03 -2.2903E-02 -3.4776E-05 -1.4707E-04
  5.3903E-03 -2.3138E-02 -3.5270E-05 -1.4916E-04
  5.4284E-03 -2.3376E-02 -3.5771E-05 -1.5128E-04
  5.4668E-03 -2.3615E-02 -3.6279E-05 -1.5343E-04
  5.5055E-03 -2.3857E-02 -3.6794E-05 -1.5561E-04
  5.5445E-03 -2.4101E-02 -3.7316E-05 -1.5781E-04
  5.5837E-03 -2.4347E-02 -3.7846E-05 -1.6005E-04
  5.6231E-03 -2.4595E-02 -3.8383E-05 -1.6233E-04
  5.6629E-03 -2.4846E-02 -3.8927E-05 -1.6463E-04
  5.7029E-03 -2.5098E-02 -3.9480E-05 -1.6697E-04
  5.7433E-03 -2.5353E-02 -4.0040E-05 -1.6933E-04
  5.7839E-03 -2.5611E-02 -4.0608E-05 -1.7174E-04
  5.8247E-03 -2.5870E-02 -4.1184E-05 -1.7417E-04
  5.8659E-03 -2.6132E-02 -4.1768E-05 -1.7664E-04
  5.9074E-03 -2.6396E-02 -4.2361E-05 -1.7915E-04
  5.9491E-03 -2.6662E-02 -4.2961E-05 -1.8169E-04
  5.9911E-03 -2.6931E-02 -4.3571E-05 -1.8427E-04
  6.0335E-03 -2.7202E-02 -4.4188E-05 -1.8688E-04
  6.0761E-03 -2.7475E-02 -4.4815E-05 -1.8953E-04
  6.1190E-03 -2.7751E-02 -4.5450E-05 -1.9222E-04
  6.1622E-03 -2.8029E-02 -4.6095E-05 -1.9494E-04
  6.2058E-03 -2.8310E-02 -4.6748E-05 -1.9770E-04
  6.2496E-03 -2.8592E-02 -4.7411E-05 -2.0051E-04
  6.2937E-03 -2.8878E-02 -4.8082E-05 -2.0335E-04
  6.3382E-03 -2.9165E-02 -4.8764E-05 -2.0623E-04
  6.3829E-03 -2.9456E-02 -4.9455E-05 -2.0915E-04
  6.4280E-03 -2.9748E-02 -5.0156E-05 -2.1212E-04
  6.4733E-03 -3.0043E-02 -5.0866E-05 -2.1512E-04
  6.5190E-03 -3.0341E-02 -5.1587E-05 -2.1817E-04
  6.5650E-03 -3.0641E-02 -5.2318E-05 -2.2126E-04
  6.6114E-03 -3.0943E-02 -5.3059E-05 -2.2439E-04
  6.6580E-03 -3.1248E-02 -5.3810E-05 -2.2757E-04
  6.7050E-03 -3.1555E-02 -5.4572E-05 -2.3079E-04
  6.7523E-03 -3.1865E-02 -5.5345E-05 -2.3406E-04
  6.8000E-03 -3.2178E-02 -5.6129E-05 -2.3738E-04
  6.8479E-03 -3.2493E-02 -5.6923E-05 -2.4074E-04
  6.8963E-03 -3.2811E-02 -5.7729E-05 -2.4415E-04
  6.9449E-03 -3.3131E-02 -5.8547E-05 -2.4760E-04
  6.9939E-03 -3.3453E-02 -5.9375E-05 -2.5111E-04
  7.0432E-03 -3.3779E-02 -6.0216E-05 -2.5466E-04
  7.0929E-03 -3.4107E-02 -6.1068E-05 -2.5827E-04
  7.1429E-03 -3.4437E-02 -6.1932E-05 -2.6192E-04
  7.1933E-03 -3.4770E-02 -6.2809E-05 -2.6563E-04
  7.2440E-03 -3.5106E-02 -6.3697E-05 -2.6939E-04
  7.2951E-03 -3.5444E-02 -6.4599E-05 -2.7320E-04
  7.3465E-03 -3.5785E-02 -6.5513E-05 -2.7706E-04
  7.3983E-03 -3.6129E-02 -6.6440E-05 -2.8098E-04
  7.4504E-03 -3.6475E-02 -6.7380E-05 -2.8496E-04
  7.5029E-03 -3.6824E-02 -6.8333E-05 -2.8899E-04
  7.5558E-03 -3.7176E-02 -6.9299E-05 -2.9308E-04
  7.6091E-03 -3.7530E-02 -7.0279E-05 -2.9722E-04
  7.6627E-03 -3.7887E-02 -7.1273E-05 -3.0142E-04
  7.7167E-03 -3.8247E-02 -7.2281E-05 -3.0569E-04
  7.7711E-03 -3.8609E-02 -7.3303E-05 -3.1001E-04
  7.8258E-03 -3.8974E-02 -7.4340E-05 -3.1439E-04
  7.8809E-03 -3.9342E-02 -7.5391E-05 -3.1884E-04
  7.9365E-03 -3.9712E-02 -7.6457E-05 -3.2335E-04
  7.9924E-03 -4.0085E-02 -7.7538E-05 -3.2792E-04
  8.0487E-03 -4.0461E-02 -7.8634E-05 -3.3255E-04
  8.1053E-03 -4.0840E-02 -7.9745E-05 -3.3725E-04
  8.1624E-03 -4.1221E-02 -8.0872E-05 -3.4202E-04
  8.2199E-03 -4.1605E-02 -8.2015E-05 -3.4685E-04
  8.2778E-03 -4.1992E-02 -8.3174E-05 -3.5176E-04
  8.3361E-03 -4.2381E-02 -8.4350E-05 -3.5673E-04
  8.3948E-03 -4.2773E-02 -8.5542E-05 -3.6177E-04
  8.4539E-03 -4.3168E-02 -8.6750E-05 -3.6688E-04
  8.5134E-03 -4.3566E-02 -8.7976E-05 -3.7206E-04
  8.5733E-03 -4.3966E-02 -8.9219E-05 -3.7732E-04
  8.6337E-03 -4.4369E-02 -9.0479E-05 -3.8265E-04
  8.6945E-03 -4.4775E-02 -9.1758E-05 -3.8806E-04
  8.7557E-03 -4.5184E-02 -9.3054E-05 -3.9354E-04
  8.8173E-03 -4.5595E-02 -9.4368E-05 -3.9910E-04
  8.8793E-03 -4.6009E-02 -9.5701E-05 -4.0473E-04
  8.9418E-03 -4.6426E-02 -9.7053E-05 -4.1045E-04
  9.0047E-03 -4.6845E-02 -9.8423E-05 -4.1625E-04
  9.0681E-03 -4.7267E-02 -9.9813E-05 -4.2212E-04
  9.1319E-03 -4.7692E-02 -1.0122E-04 -4.2808E-04
  9.1962E-03 -4.8120E-02 -1.0265E-04 -4.3413E-04
  9.2609E-03 -4.8550E-02 -1.0410E-04 -4.4026E-04
  9.3260E-03 -4.8983E-02 -1.0557E-04 -4.4647E-04
  9.3916E-03 -4.9419E-02 -1.0706E-04 -4.5278E-04
  9.4577E-03 -4.9857E-02 -1.0857E-04 -4.5917E-04
  9.5242E-03 -5.0298E-02 -1.1010E-04 -4.6565E-04
  9.5912E-03 -5.0742E-02 -1.1166E-04 -4.7222E-04
  9.6586E-03 -5.1188E-02 -1.1324E-04 -4.7889E-04
  9.7266E-03 -5.1637E-02 -1.1483E-04 -4.8565E-04
  9.7950E-03 -5.2088E-02 -1.1645E-04 -4.9250E-04
  9.8638E-03 -5.2543E-02 -1.1810E-04 -4.9945E-04
  9.9332E-03 -5.2999E-02 -1.1976E-04 -5.0650E-04
  1.0003E-02 -5.3459E-02 -1.2145E-04 -5.1364E-04
  1.0073E-02 -5.3921E-02 -1.2317E-04 -5.2089E-04
  1.0144E-02 -5.4385E-02 -1.2491E-04 -5.2824E-04
  1.0216E-02 -5.4852E-02 -1.2667E-04 -5.3569E-04
  1.0287E-02 -5.5322E-02 -1.2845E-04 -5.4325E-04
  1.0360E-02 -5.5794E-02 -1.3027E-04 -5.5091E-04
  1.0432E-02 -5.6268E-02 -1.3210E-04 -5.5869E-04
  1.0506E-02 -5.6746E-02 -1.3397E-04 -5.6657E-04
  1.0580E-02 -5.7225E-02 -1.3586E-04 -5.7456E-04
  1.0654E-02 -5.7707E-02 -1.3777E-04 -5.8266E-04
  1.0729E-02 -5.8191E-02 -1.3972E-04 -5.9088E-04
  1.0804E-02 -5.8678E-02 -1.4169E-04 -5.9921E-04
  1.0880E-02 -5.9167E-02 -1.4368E-04 -6.0766E-04
  1.0957E-02 -5.9659E-02 -1.4571E-04 -6.1623E-04
  1.1034E-02 -6.0153E-02 -1.4776E-04 -6.2492E-04
  1.1111E-02 -6.0649E-02 -1.4985E-04 -6.3373E-04
  1.1189E-02 -6.1147E-02 -1.5196E-04 -6.4266E-04
  1.1268E-02 -6.1648E-02 -1.5410E-04 -6.5173E-04
  1.1347E-02 -6.2151E-02 -1.5628E-04 -6.6091E-04
  1.1427E-02 -6.2656E-02 -1.5848E-04 -6.7023E-04
  1.1507E-02 -6.3163E-02 -1.6071E-04 -6.7968E-04
  1.1588E-02 -6.3672E-02 -1.6298E-04 -6.8926E-04
  1.1669E-02 -6.4183E-02 -1.6528E-04 -6.9897E-04
  1.1751E-02 -6.4697E-02 -1.6761E-04 -7.0883E-04
  1.1834E-02 -6.5212E-02 -1.6997E-04 -7.1882E-04
  1.1917E-02 -6.5730E-02 -1.7236E-04 -7.2895E-04
  1.2000E-02 -6.6249E-02 -1.7479E-04 -7.3922E-04
  1.2085E-02 -6.6770E-02 -1.7725E-04 -7.4964E-04
  1.2170E-02 -6.7293E-02 -1.7975E-04 -7.6020E-04
  1.2255E-02 -6.7818E-02 -1.8229E-04 -7.7091E-04
  1.2341E-02 -6.8345E-02 -1.8485E-04 -7.8177E-04
  1.2428E-02 -6.8873E-02 -1.8746E-04 -7.9279E-04
  1.2515E-02 -6.9404E-02 -1.9010E-04 -8.0396E-04
  1.2603E-02 -6.9935E-02 -1.9278E-04 -8.1528E-04
  1.2691E-02 -7.0469E-02 -1.9549E-04 -8.2677E-04
  1.2780E-02 -7.1003E-02 -1.9825E-04 -8.3841E-04
  1.2870E-02 -7.1540E-02 -2.0104E-04 -8.5023E-04
  1.2960E-02 -7.2078E-02 -2.0387E-04 -8.6220E-04
  1.3051E-02 -7.2617E-02 -2.0674E-04 -8.7435E-04
  1.3143E-02 -7.3157E-02 -2.0966E-04 -8.8666E-04
  1.3235E-02 -7.3699E-02 -2.1261E-04 -8.9915E-04
  1.3328E-02 -7.4242E-02 -2.1560E-04 -9.1181E-04
  1.3422E-02 -7.4786E-02 -2.1864E-04 -9.2465E-04
  1.3516E-02 -7.5332E-02 -2.2172E-04 -9.3767E-04
  1.3611E-02 -7.5878E-02 -2.2484E-04 -9.5088E-04
  1.3706E-02 -7.6425E-02 -2.2801E-04 -9.6427E-04
  1.3802E-02 -7.6973E-02 -2.3122E-04 -9.7784E-04
  1.3899E-02 -7.7522E-02 -2.3447E-04 -9.9161E-04
  1.3997E-02 -7.8072E-02 -2.3777E-04 -1.0056E-03
  1.4095E-02 -7.8623E-02 -2.4112E-04 -1.0197E-03
  1.4194E-02 -7.9174E-02 -2.4451E-04 -1.0341E-03
  1.4294E-02 -7.9725E-02 -2.4796E-04 -1.0486E-03
  1.4394E-02 -8.0278E-02 -2.5145E-04 -1.0634E-03
  1.4495E-02 -8.0830E-02 -2.5499E-04 -1.0784E-03
  1.4596E-02 -8.1383E-02 -2.5858E-04 -1.0936E-03
  1.4699E-02 -8.1936E-02 -2.6222E-04 -1.1089E-03
  1.4802E-02 -8.2490E-02 -2.6591E-04 -1.1246E-03
  1.4906E-02 -8.3043E-02 -2.6965E-04 -1.1404E-03
  1.5010E-02 -8.3596E-02 -2.7344E-04 -1.1564E-03
  1.5116E-02 -8.4150E-02 -2.7729E-04 -1.1727E-03
  1.5222E-02 -8.4703E-02 -2.8120E-04 -1.1892E-03
  1.5328E-02 -8.5256E-02 -2.8515E-04 -1.2059E-03
  1.5436E-02 -8.5808E-02 -2.8916E-04 -1.2229E-03
  1.5544E-02 -8.6360E-02 -2.9323E-04 -1.2401E-03
  1.5653E-02 -8.6912E-02 -2.9736E-04 -1.2576E-03
  1.5763E-02 -8.7462E-02 -3.0154E-04 -1.2753E-03
  1.5873E-02 -8.8012E-02 -3.0579E-04 -1.2932E-03
  1.5985E-02 -8.8562E-02 -3.1009E-04 -1.3114E-03
  1.6097E-02 -8.9110E-02 -3.1445E-04 -1.3299E-03
  1.6210E-02 -8.9657E-02 -3.1888E-04 -1.3486E-03
  1.6323E-02 -9.0203E-02 -3.2336E-04 -1.3675E-03
  1.6438E-02 -9.0748E-02 -3.2791E-04 -1.3868E-03
  1.6553E-02 -9.1291E-02 -3.3252E-04 -1.4063E-03
  1.6669E-02 -9.1833E-02 -3.3720E-04 -1.4261E-03
  1.6786E-02 -9.2374E-02 -3.4194E-04 -1.4461E-03
  1.6904E-02 -9.2912E-02 -3.4675E-04 -1.4665E-03
  1.7022E-02 -9.3449E-02 -3.5163E-04 -1.4871E-03
  1.7141E-02 -9.3984E-02 -3.5658E-04 -1.5080E-03
  1.7262E-02 -9.4516E-02 -3.6159E-04 -1.5292E-03
  1.7383E-02 -9.5047E-02 -3.6668E-04 -1.5507E-03
  1.7504E-02 -9.5575E-02 -3.7183E-04 -1.5725E-03
  1.7627E-02 -9.6100E-02 -3.7706E-04 -1.5946E-03
  1.7751E-02 -9.6623E-02 -3.8236E-04 -1.6171E-03
  1.7875E-02 -9.7144E-02 -3.8774E-04 -1.6398E-03
  1.8000E-02 -9.7661E-02 -3.9319E-04 -1.6629E-03
  1.8126E-02 -9.8175E-02 -3.9872E-04 -1.6862E-03
  1.8253E-02 -9.8687E-02 -4.0433E-04 -1.7099E-03
  1.8381E-02 -9.9194E-02 -4.1001E-04 -1.7340E-03
  1.8510E-02 -9.9699E-02 -4.1578E-04 -1.7584E-03
  1.8640E-02 -1.0020E-01 -4.2162E-04 -1.7831E-03
  1.8771E-02 -1.0070E-01 -4.2755E-04 -1.8082E-03
  1.8902E-02 -1.0119E-01 -4.3356E-04 -1.8336E-03
  1.9034E-02 -1.0168E-01 -4.3965E-04 -1.8593E-03
  1.9168E-02 -1.0216E-01 -4.4583E-04 -1.8855E-03
  1.9302E-02 -1.0264E-01 -4.5210E-04 -1.9120E-03
  1.9437E-02 -1.0312E-01 -4.5845E-04 -1.9389E-03
  1.9574E-02 -1.0359E-01 -4.6490E-04 -1.9661E-03
  1.9711E-02 -1.0406E-01 -4.7143E-04 -1.9938E-03
  1.9849E-02 -1.0452E-01 -4.7806E-04 -2.0218E-03
  1.9988E-02 -1.0498E-01 -4.8478E-04 -2.0502E-03
  2.0128E-02 -1.0543E-01 -4.9159E-04 -2.0790E-03
  2.0269E-02 -1.0587E-01 -4.9850E-04 -2.1082E-03
  2.0411E-02 -1.0631E-01 -5.0550E-04 -2.1378E-03
  2.0554E-02 -1.0675E-01 -5.1261E-04 -2.1679E-03
  2.0698E-02 -1.0718E-01 -5.1981E-04 -2.1983E-03
  2.0843E-02 -1.0760E-01 -5.2712E-04 -2.2292E-03
  2.0989E-02 -1.0801E-01 -5.3452E-04 -2.2606E-03
  2.1136E-02 -1.0842E-01 -5.4203E-04 -2.2923E-03
  2.1284E-02 -1.0882E-01 -5.4965E-04 -2.3245E-03
  2.1433E-02 -1.0922E-01 -5.5737E-04 -2.3572E-03
  2.1583E-02 -1.0961E-01 -5.6520E-04 -2.3903E-03
  2.1734E-02 -1.0999E-01 -5.7314E-04 -2.4239E-03
  2.1886E-02 -1.1036E-01 -5.8119E-04 -2.4579E-03
  2.2040E-02 -1.1072E-01 -5.8936E-04 -2.4925E-03
  2.2194E-02 -1.1108E-01 -5.9764E-04 -2.5275E-03
  2.2349E-02 -1.1143E-01 -6.0603E-04 -2.5630E-03
  2.2506E-02 -1.1177E-01 -6.1455E-04 -2.5990E-03
  2.2663E-02 -1.1210E-01 -6.2318E-04 -2.6355E-03
  2.2822E-02 -1.1243E-01 -6.3193E-04 -2.6725E-03
  2.2982E-02 -1.1274E-01 -6.4081E-04 -2.7101E-03
  2.3143E-02 -1.1305E-01 -6.4981E-04 -2.7481E-03
  2.3305E-02 -1.1334E-01 -6.5893E-04 -2.7867E-03
  2.3468E-02 -1.1363E-01 -6.6819E-04 -2.8259E-03
  2.3632E-02 -1.1390E-01 -6.7757E-04 -2.8655E-03
  2.3798E-02 -1.1417E-01 -6.8709E-04 -2.9058E-03
  2.3965E-02 -1.1443E-01 -6.9674E-04 -2.9466E-03
  2.4132E-02 -1.1467E-01 -7.0652E-04 -2.9880E-03
  2.4301E-02 -1.1491E-01 -7.1644E-04 -3.0299E-03
  2.4471E-02 -1.1513E-01 -7.2650E-04 -3.0725E-03
  2.4643E-02 -1.1534E-01 -7.3670E-04 -3.1156E-03
  2.4815E-02 -1.1554E-01 -7.4705E-04 -3.1594E-03
  2.4989E-02 -1.1573E-01 -7.5754E-04 -3.2037E-03
  2.5164E-02 -1.1591E-01 -7.6817E-04 -3.2487E-03
  2.5340E-02 -1.1608E-01 -7.7896E-04 -3.2943E-03
  2.5517E-02 -1.1623E-01 -7.8989E-04 -3.3406E-03
  2.5696E-02 -1.1637E-01 -8.0098E-04 -3.3875E-03
  2.5876E-02 -1.1650E-01 -8.1223E-04 -3.4350E-03
  2.6057E-02 -1.1661E-01 -8.2363E-04 -3.4832E-03
  2.6239E-02 -1.1671E-01 -8.3519E-04 -3.5321E-03
  2.6423E-02 -1.1680E-01 -8.4692E-04 -3.5817E-03
  2.6608E-02 -1.1688E-01 -8.5880E-04 -3.6320E-03
  2.6794E-02 -1.1694E-01 -8.7086E-04 -3.6830E-03
  2.6982E-02 -1.1698E-01 -8.8308E-04 -3.7347E-03
  2.7171E-02 -1.1701E-01 -8.9548E-04 -3.7871E-03
  2.7361E-02 -1.1703E-01 -9.0804E-04 -3.8402E-03
  2.7552E-02 -1.1703E-01 -9.2079E-04 -3.8941E-03
  2.7745E-02 -1.1702E-01 -9.3371E-04 -3.9488E-03
  2.7939E-02 -1.1699E-01 -9.4682E-04 -4.0042E-03
  2.8135E-02 -1.1695E-01 -9.6010E-04 -4.0604E-03
  2.8332E-02 -1.1689E-01 -9.7358E-04 -4.1174E-03
  2.8530E-02 -1.1681E-01 -9.8724E-04 -4.1751E-03
  2.8729E-02 -1.1672E-01 -1.0011E-03 -4.2337E-03
  2.8931E-02 -1.1661E-01 -1.0151E-03 -4.2931E-03
  2.9133E-02 -1.1648E-01 -1.0294E-03 -4.3534E-03
  2.9337E-02 -1.1634E-01 -1.0438E-03 -4.4144E-03
  2.9542E-02 -1.1618E-01 -1.0585E-03 -4.4764E-03
  2.9749E-02 -1.1600E-01 -1.0733E-03 -4.5392E-03
  2.9957E-02 -1.1580E-01 -1.0884E-03 -4.6029E-03
  3.0167E-02 -1.1559E-01 -1.1036E-03 -4.6674E-03
  3.0378E-02 -1.1535E-01 -1.1191E-03 -4.7329E-03
  3.0590E-02 -1.1510E-01 -1.1348E-03 -4.7993E-03
  3.0804E-02 -1.1483E-01 -1.1508E-03 -4.8666E-03
  3.1020E-02 -1.1454E-01 -1.1669E-03 -4.9349E-03
  3.1237E-02 -1.1423E-01 -1.1833E-03 -5.0041E-03
  3.1455E-02 -1.1390E-01 -1.1999E-03 -5.0743E-03
  3.1675E-02 -1.1355E-01 -1.2167E-03 -5.1455E-03
  3.1897E-02 -1.1319E-01 -1.2338E-03 -5.2177E-03
  3.2120E-02 -1.1280E-01 -1.2511E-03 -5.2908E-03
  3.2345E-02 -1.1239E-01 -1.2686E-03 -5.3651E-03
  3.2571E-02 -1.1196E-01 -1.2864E-03 -5.4403E-03
  3.2799E-02 -1.1151E-01 -1.3044E-03 -5.5166E-03
  3.3028E-02 -1.1104E-01 -1.3227E-03 -5.5940E-03
  3.3259E-02 -1.1054E-01 -1.3413E-03 -5.6724E-03
  3.3492E-02 -1.1003E-01 -1.3601E-03 -5.7519E-03
  3.3726E-02 -1.0949E-01 -1.3792E-03 -5.8326E-03
  3.3962E-02 -1.0893E-01 -1.3985E-03 -5.9144E-03
  3.4200E-02 -1.0835E-01 -1.4181E-03 -5.9973E-03
  3.4439E-02 -1.0775E-01 -1.4380E-03 -6.0814E-03
  3.4680E-02 -1.0712E-01 -1.4582E-03 -6.1667E-03
  3.4922E-02 -1.0647E-01 -1.4786E-03 -6.2531E-03
  3.5167E-02 -1.0580E-01 -1.4993E-03 -6.3408E-03
  3.5413E-02 -1.0510E-01 -1.5203E-03 -6.4297E-03
  3.5660E-02 -1.0439E-01 -1.5417E-03 -6.5198E-03
  3.5910E-02 -1.0364E-01 -1.5633E-03 -6.6112E-03
  3.6161E-02 -1.0288E-01 -1.5852E-03 -6.7039E-03
  3.6414E-02 -1.0209E-01 -1.6074E-03 -6.7978E-03
  3.6668E-02 -1.0127E-01 -1.6299E-03 -6.8931E-03
  3.6925E-02 -1.0044E-01 -1.6528E-03 -6.9897E-03
  3.7183E-02 -9.9573E-02 -1.6759E-03 -7.0877E-03
  3.7443E-02 -9.8686E-02 -1.6994E-03 -7.1870E-03
  3.7705E-02 -9.7774E-02 -1.7233E-03 -7.2878E-03
  3.7969E-02 -9.6837E-02 -1.7474E-03 -7.3899E-03
  3.8234E-02 -9.5875E-02 -1.7719E-03 -7.4935E-03
  3.8502E-02 -9.4888E-02 -1.7967E-03 -7.5985E-03
  3.8771E-02 -9.3876E-02 -1.8219E-03 -7.7049E-03
  3.9042E-02 -9.2838E-02 -1.8474E-03 -7.8129E-03
  3.9315E-02 -9.1775E-02 -1.8733E-03 -7.9224E-03
  3.9590E-02 -9.0687E-02 -1.8996E-03 -8.0334E-03
  3.9867E-02 -8.9573E-02 -1.9262E-03 -8.1459E-03
  4.0146E-02 -8.8432E-02 -1.9532E-03 -8.2601E-03
  4.0426E-02 -8.7267E-02 -1.9805E-03 -8.3758E-03
  4.0709E-02 -8.6075E-02 -2.0083E-03 -8.4931E-03
  4.0994E-02 -8.4857E-02 -2.0364E-03 -8.6121E-03
  4.1280E-02 -8.3613E-02 -2.0649E-03 -8.7327E-03
  4.1569E-02 -8.2344E-02 -2.0939E-03 -8.8551E-03
  4.1860E-02 -8.1048E-02 -2.1232E-03 -8.9791E-03
  4.2152E-02 -7.9726E-02 -2.1529E-03 -9.1049E-03
  4.2447E-02 -7.8377E-02 -2.1831E-03 -9.2324E-03
  4.2744E-02 -7.7003E-02 -2.2137E-03 -9.3617E-03
  4.3043E-02 -7.5602E-02 -2.2447E-03 -9.4928E-03
  4.3344E-02 -7.4176E-02 -2.2761E-03 -9.6258E-03
  4.3647E-02 -7.2723E-02 -2.3080E-03 -9.7606E-03
  4.3952E-02 -7.1244E-02 -2.3403E-03 -9.8972E-03
  4.4259E-02 -6.9739E-02 -2.3731E-03 -1.0036E-02
  4.4568E-02 -6.8208E-02 -2.4063E-03 -1.0176E-02
  4.4880E-02 -6.6651E-02 -2.4400E-03 -1.0319E-02
  4.5194E-02 -6.5068E-02 -2.4741E-03 -1.0463E-02
  4.5510E-02 -6.3459E-02 -2.5088E-03 -1.0610E-02
  4.5828E-02 -6.1824E-02 -2.5439E-03 -1.0758E-02
  4.6148E-02 -6.0164E-02 -2.5795E-03 -1.0909E-02
  4.6471E-02 -5.8479E-02 -2.6156E-03 -1.1062E-02
  4.6796E-02 -5.6768E-02 -2.6523E-03 -1.1216E-02
  4.7123E-02 -5.5032E-02 -2.6894E-03 -1.1374E-02
  4.7452E-02 -5.3270E-02 -2.7270E-03 -1.1533E-02
  4.7784E-02 -5.1484E-02 -2.7652E-03 -1.1694E-02
  4.8118E-02 -4.9673E-02 -2.8039E-03 -1.1858E-02
  4.8454E-02 -4.7838E-02 -2.8431E-03 -1.2024E-02
  4.8793E-02 -4.5978E-02 -2.8829E-03 -1.2192E-02
  4.9134E-02 -4.4095E-02 -2.9233E-03 -1.2363E-02
  4.9478E-02 -4.2187E-02 -2.9642E-03 -1.2536E-02
  4.9824E-02 -4.0256E-02 -3.0056E-03 -1.2711E-02
  5.0172E-02 -3.8301E-02 -3.0477E-03 -1.2889E-02
  5.0523E-02 -3.6324E-02 -3.0903E-03 -1.3069E-02
  5.0876E-02 -3.4323E-02 -3.1336E-03 -1.3252E-02
  5.1231E-02 -3.2301E-02 -3.1774E-03 -1.3437E-02
  5.1589E-02 -3.0256E-02 -3.2219E-03 -1.3625E-02
  5.1950E-02 -2.8189E-02 -3.2669E-03 -1.3816E-02
  5.2313E-02 -2.6101E-02 -3.3126E-03 -1.4009E-02
  5.2679E-02 -2.3992E-02 -3.3590E-03 -1.4205E-02
  5.3047E-02 -2.1862E-02 -3.4060E-03 -1.4404E-02
  5.3418E-02 -1.9711E-02 -3.4536E-03 -1.4605E-02
  5.3791E-02 -1.7541E-02 -3.5019E-03 -1.4810E-02
  5.4167E-02 -1.5352E-02 -3.5509E-03 -1.5017E-02
  5.4546E-02 -1.3144E-02 -3.6005E-03 -1.5227E-02
  5.4927E-02 -1.0917E-02 -3.6509E-03 -1.5440E-02
  5.5311E-02 -8.6717E-03 -3.7019E-03 -1.5655E-02
  5.5697E-02 -6.4092E-03 -3.7537E-03 -1.5874E-02
  5.6087E-02 -4.1298E-03 -3.8062E-03 -1.6096E-02
  5.6479E-02 -1.8338E-03 -3.8594E-03 -1.6321E-02
  5.6873E-02  4.7809E-04 -3.9133E-03 -1.6549E-02
  5.7271E-02  2.8053E-03 -3.9680E-03 -1.6781E-02
  5.7671E-02  5.1473E-03 -4.0235E-03 -1.7015E-02
  5.8074E-02  7.5035E-03 -4.0797E-03 -1.7253E-02
  5.8480E-02  9.8732E-03 -4.1367E-03 -1.7494E-02
  5.8889E-02  1.2256E-02 -4.1945E-03 -1.7739E-02
  5.9300E-02  1.4651E-02 -4.2532E-03 -1.7987E-02
  5.9715E-02  1.7057E-02 -4.3126E-03 -1.8238E-02
  6.0132E-02  1.9475E-02 -4.3728E-03 -1.8493E-02
  6.0552E-02  2.1902E-02 -4.4339E-03 -1.8751E-02
  6.0975E-02  2.4339E-02 -4.4959E-03 -1.9013E-02
  6.1401E-02  2.6785E-02 -4.5587E-03 -1.9279E-02
  6.1830E-02  2.9238E-02 -4.6224E-03 -1.9548E-02
  6.2262E-02  3.1699E-02 -4.6869E-03 -1.9821E-02
  6.2698E-02  3.4167E-02 -4.7524E-03 -2.0098E-02
  6.3136E-02  3.6639E-02 -4.8188E-03 -2.0378E-02
  6.3577E-02  3.9117E-02 -4.8861E-03 -2.0663E-02
  6.4021E-02  4.1598E-02 -4.9543E-03 -2.0952E-02
  6.4468E-02  4.4083E-02 -5.0235E-03 -2.1244E-02
  6.4919E-02  4.6569E-02 -5.0936E-03 -2.1541E-02
  6.5373E-02  4.9057E-02 -5.1648E-03 -2.1841E-02
  6.5829E-02  5.1545E-02 -5.2369E-03 -2.2146E-02
  6.6289E-02  5.4033E-02 -5.3100E-03 -2.2456E-02
  6.6753E-02  5.6519E-02 -5.3841E-03 -2.2769E-02
  6.7219E-02  5.9003E-02 -5.4592E-03 -2.3087E-02
  6.7689E-02  6.1483E-02 -5.5354E-03 -2.3409E-02
  6.8162E-02  6.3958E-02 -5.6127E-03 -2.3736E-02
  6.8638E-02  6.6428E-02 -5.6910E-03 -2.4067E-02
  6.9118E-02  6.8892E-02 -5.7704E-03 -2.4403E-02
  6.9600E-02  7.1348E-02 -5.8509E-03 -2.4743E-02
  7.0087E-02  7.3795E-02 -5.9325E-03 -2.5088E-02
  7.0576E-02  7.6232E-02 -6.0153E-03 -2.5438E-02
  7.1070E-02  7.8659E-02 -6.0992E-03 -2.5793E-02
  7.1566E-02  8.1074E-02 -6.1843E-03 -2.6153E-02
  7.2066E-02  8.3476E-02 -6.2705E-03 -2.6517E-02
  7.2570E-02  8.5863E-02 -6.3580E-03 -2.6887E-02
  7.3077E-02  8.8236E-02 -6.4466E-03 -2.7262E-02
  7.3587E-02  9.0592E-02 -6.5365E-03 -2.7642E-02
  7.4101E-02  9.2930E-02 -6.6276E-03 -2.8028E-02
  7.4619E-02  9.5249E-02 -6.7200E-03 -2.8418E-02
  7.5140E-02  9.7549E-02 -6.8137E-03 -2.8814E-02
  7.5665E-02  9.9827E-02 -6.9087E-03 -2.9216E-02
  7.6194E-02  1.0208E-01 -7.0050E-03 -2.9623E-02
  7.6726E-02  1.0432E-01 -7.1026E-03 -3.0036E-02
  7.7262E-02  1.0652E-01 -7.2016E-03 -3.0454E-02
  7.7802E-02  1.0870E-01 -7.3019E-03 -3.0879E-02
  7.8346E-02  1.1086E-01 -7.4036E-03 -3.1309E-02
  7.8893E-02  1.1298E-01 -7.5068E-03 -3.1745E-02
  7.9444E-02  1.1508E-01 -7.6113E-03 -3.2187E-02
  7.9999E-02  1.1714E-01 -7.7173E-03 -3.2635E-02
  8.0558E-02  1.1917E-01 -7.8248E-03 -3.3090E-02
  8.1121E-02  1.2117E-01 -7.9338E-03 -3.3551E-02
  8.1688E-02  1.2313E-01 -8.0442E-03 -3.4018E-02
  8.2258E-02  1.2506E-01 -8.1562E-03 -3.4491E-02
  8.2833E-02  1.2695E-01 -8.2698E-03 -3.4971E-02
  8.3412E-02  1.2880E-01 -8.3849E-03 -3.5458E-02
  8.3994E-02  1.3061E-01 -8.5016E-03 -3.5951E-02
  8.4581E-02  1.3238E-01 -8.6199E-03 -3.6452E-02
  8.5172E-02  1.3410E-01 -8.7398E-03 -3.6959E-02
  8.5767E-02  1.3578E-01 -8.8614E-03 -3.7473E-02
  8.6366E-02  1.3742E-01 -8.9847E-03 -3.7994E-02
  8.6970E-02  1.3901E-01 -9.1096E-03 -3.8523E-02
  8.7577E-02  1.4055E-01 -9.2363E-03 -3.9058E-02
  8.8189E-02  1.4204E-01 -9.3648E-03 -3.9601E-02
  8.8805E-02  1.4348E-01 -9.4950E-03 -4.0152E-02
  8.9425E-02  1.4487E-01 -9.6270E-03 -4.0710E-02
  9.0050E-02  1.4621E-01 -9.7608E-03 -4.1276E-02
  9.0679E-02  1.4749E-01 -9.8965E-03 -4.1850E-02
  9.1312E-02  1.4871E-01 -1.0034E-02 -4.2431E-02
  9.1950E-02  1.4988E-01 -1.0173E-02 -4.3021E-02
  9.2593E-02  1.5099E-01 -1.0315E-02 -4.3618E-02
  9.3239E-02  1.5204E-01 -1.0458E-02 -4.4224E-02
  9.3891E-02  1.5303E-01 -1.0603E-02 -4.4838E-02
  9.4547E-02  1.5396E-01 -1.0751E-02 -4.5461E-02
  9.5207E-02  1.5482E-01 -1.0900E-02 -4.6092E-02
  9.5872E-02  1.5562E-01 -1.1051E-02 -4.6732E-02
  9.6542E-02  1.5636E-01 -1.1205E-02 -4.7381E-02
  9.7216E-02  1.5703E-01 -1.1360E-02 -4.8038E-02
  9.7895E-02  1.5763E-01 -1.1518E-02 -4.8705E-02
  9.8579E-02  1.5816E-01 -1.1678E-02 -4.9381E-02
  9.9267E-02  1.5862E-01 -1.1840E-02 -5.0066E-02
  9.9961E-02  1.5901E-01 -1.2004E-02 -5.0760E-02
  1.0066E-01  1.5933E-01 -1.2170E-02 -5.1464E-02
  1.0136E-01  1.5958E-01 -1.2339E-02 -5.2178E-02
  1.0207E-01  1.5975E-01 -1.2510E-02 -5.2901E-02
  1.0278E-01  1.5984E-01 -1.2684E-02 -5.3634E-02
  1.0350E-01  1.5987E-01 -1.2860E-02 -5.4378E-02
  1.0422E-01  1.5981E-01 -1.3038E-02 -5.5131E-02
  1.0495E-01  1.5968E-01 -1.3218E-02 -5.5895E-02
  1.0568E-01  1.5946E-01 -1.3402E-02 -5.6669E-02
  1.0642E-01  1.5917E-01 -1.3587E-02 -5.7454E-02
  1.0717E-01  1.5880E-01 -1.3775E-02 -5.8250E-02
  1.0791E-01  1.5835E-01 -1.3966E-02 -5.9056E-02
  1.0867E-01  1.5781E-01 -1.4159E-02 -5.9873E-02
  1.0943E-01  1.5720E-01 -1.4355E-02 -6.0702E-02
  1.1019E-01  1.5650E-01 -1.4554E-02 -6.1542E-02
  1.1096E-01  1.5572E-01 -1.4756E-02 -6.2393E-02
  1.1174E-01  1.5485E-01 -1.4960E-02 -6.3256E-02
  1.1252E-01  1.5390E-01 -1.5167E-02 -6.4131E-02
  1.1330E-01  1.5286E-01 -1.5376E-02 -6.5018E-02
  1.1409E-01  1.5174E-01 -1.5589E-02 -6.5917E-02
  1.1489E-01  1.5053E-01 -1.5804E-02 -6.6828E-02
  1.1569E-01  1.4924E-01 -1.6023E-02 -6.7751E-02
  1.1650E-01  1.4786E-01 -1.6244E-02 -6.8687E-02
  1.1732E-01  1.4639E-01 -1.6469E-02 -6.9636E-02
  1.1813E-01  1.4484E-01 -1.6696E-02 -7.0597E-02
  1.1896E-01  1.4320E-01 -1.6927E-02 -7.1572E-02
  1.1979E-01  1.4147E-01 -1.7160E-02 -7.2560E-02
  1.2063E-01  1.3966E-01 -1.7397E-02 -7.3561E-02
  1.2147E-01  1.3776E-01 -1.7637E-02 -7.4576E-02
  1.2232E-01  1.3577E-01 -1.7881E-02 -7.5605E-02
  1.2317E-01  1.3370E-01 -1.8127E-02 -7.6647E-02
  1.2403E-01  1.3154E-01 -1.8377E-02 -7.7704E-02
  1.2490E-01  1.2929E-01 -1.8631E-02 -7.8775E-02
  1.2577E-01  1.2696E-01 -1.8887E-02 -7.9860E-02
  1.2665E-01  1.2454E-01 -1.9148E-02 -8.0961E-02
  1.2753E-01  1.2203E-01 -1.9412E-02 -8.2076E-02
  1.2842E-01  1.1944E-01 -1.9679E-02 -8.3206E-02
  1.2932E-01  1.1677E-01 -1.9950E-02 -8.4351E-02
  1.3022E-01  1.1401E-01 -2.0225E-02 -8.5512E-02
  1.3113E-01  1.1118E-01 -2.0503E-02 -8.6689E-02
  1.3205E-01  1.0826E-01 -2.0785E-02 -8.7881E-02
  1.3297E-01  1.0525E-01 -2.1071E-02 -8.9090E-02
  1.3390E-01  1.0217E-01 -2.1361E-02 -9.0314E-02
  1.3484E-01  9.9009E-02 -2.1654E-02 -9.1556E-02
  1.3578E-01  9.5769E-02 -2.1952E-02 -9.2814E-02
  1.3673E-01  9.2452E-02 -2.2254E-02 -9.4088E-02
  1.3768E-01  8.9058E-02 -2.2559E-02 -9.5380E-02
  1.3864E-01  8.5590E-02 -2.2869E-02 -9.6690E-02
  1.3961E-01  8.2048E-02 -2.3183E-02 -9.8017E-02
  1.4058E-01  7.8433E-02 -2.3501E-02 -9.9361E-02
  1.4157E-01  7.4748E-02 -2.3824E-02 -1.0072E-01
  1.4256E-01  7.0994E-02 -2.4150E-02 -1.0211E-01
  1.4355E-01  6.7171E-02 -2.4482E-02 -1.0350E-01
  1.4455E-01  6.3283E-02 -2.4817E-02 -1.0492E-01
  1.4556E-01  5.9330E-02 -2.5157E-02 -1.0636E-01
  1.4658E-01  5.5314E-02 -2.5502E-02 -1.0782E-01
  1.4760E-01  5.1238E-02 -2.5851E-02 -1.0929E-01
  1.4863E-01  4.7102E-02 -2.6205E-02 -1.1079E-01
  1.4967E-01  4.2909E-02 -2.6564E-02 -1.1230E-01
  1.5072E-01  3.8662E-02 -2.6927E-02 -1.1384E-01
  1.5177E-01  3.4361E-02 -2.7295E-02 -1.1539E-01
  1.5283E-01  3.0010E-02 -2.7668E-02 -1.1697E-01
  1.5390E-01  2.5610E-02 -2.8046E-02 -1.1857E-01
  1.5497E-01  2.1165E-02 -2.8430E-02 -1.2019E-01
  1.5605E-01  1.6675E-02 -2.8818E-02 -1.2183E-01
  1.5714E-01  1.2144E-02 -2.9211E-02 -1.2349E-01
  1.5824E-01  7.5738E-03 -2.9610E-02 -1.2517E-01
  1.5935E-01  2.9675E-03 -3.0014E-02 -1.2688E-01
  1.6046E-01 -1.6726E-03 -3.0423E-02 -1.2861E-01
  1.6158E-01 -6.3437E-03 -3.0837E-02 -1.3036E-01
  1.6271E-01 -1.1043E-02 -3.1258E-02 -1.3214E-01
  1.6384E-01 -1.5768E-02 -3.1683E-02 -1.3393E-01
  1.6499E-01 -2.0516E-02 -3.2115E-02 -1.3576E-01
  1.6614E-01 -2.5283E-02 -3.2551E-02 -1.3760E-01
  1.6730E-01 -3.0067E-02 -3.2994E-02 -1.3947E-01
  1.6847E-01 -3.4865E-02 -3.3443E-02 -1.4137E-01
  1.6964E-01 -3.9674E-02 -3.3897E-02 -1.4329E-01
  1.7083E-01 -4.4490E-02 -3.4358E-02 -1.4523E-01
  1.7202E-01 -4.9311E-02 -3.4824E-02 -1.4720E-01
  1.7322E-01 -5.4133E-02 -3.5297E-02 -1.4920E-01
  1.7443E-01 -5.8953E-02 -3.5775E-02 -1.5122E-01
  1.7565E-01 -6.3767E-02 -3.6260E-02 -1.5327E-01
  1.7688E-01 -6.8574E-02 -3.6752E-02 -1.5534E-01
  1.7811E-01 -7.3368E-02 -3.7249E-02 -1.5744E-01
  1.7936E-01 -7.8146E-02 -3.7754E-02 -1.5957E-01
  1.8061E-01 -8.2906E-02 -3.8265E-02 -1.6173E-01
  1.8187E-01 -8.7643E-02 -3.8782E-02 -1.6392E-01
  1.8314E-01 -9.2355E-02 -3.9306E-02 -1.6613E-01
  1.8442E-01 -9.7037E-02 -3.9837E-02 -1.6837E-01
  1.8570E-01 -1.0169E-01 -4.0375E-02 -1.7064E-01
  1.8700E-01 -1.0630E-01 -4.0920E-02 -1.7294E-01
  1.8831E-01 -1.1087E-01 -4.1472E-02 -1.7527E-01
  1.8962E-01 -1.1540E-01 -4.2031E-02 -1.7763E-01
  1.9095E-01 -1.1988E-01 -4.2597E-02 -1.8003E-01
  1.9228E-01 -1.2431E-01 -4.3171E-02 -1.8245E-01
  1.9362E-01 -1.2869E-01 -4.3751E-02 -1.8490E-01
  1.9497E-01 -1.3300E-01 -4.4340E-02 -1.8738E-01
  1.9634E-01 -1.3726E-01 -4.4936E-02 -1.8990E-01
  1.9771E-01 -1.4145E-01 -4.5539E-02 -1.9245E-01
  1.9909E-01 -1.4557E-01 -4.6151E-02 -1.9503E-01
  2.0048E-01 -1.4962E-01 -4.6770E-02 -1.9764E-01
  2.0188E-01 -1.5359E-01 -4.7397E-02 -2.0029E-01
  2.0329E-01 -1.5748E-01 -4.8032E-02 -2.0297E-01
  2.0471E-01 -1.6128E-01 -4.8675E-02 -2.0568E-01
  2.0613E-01 -1.6500E-01 -4.9326E-02 -2.0843E-01
  2.0757E-01 -1.6863E-01 -4.9986E-02 -2.1121E-01
  2.0902E-01 -1.7216E-01 -5.0654E-02 -2.1403E-01
  2.1048E-01 -1.7559E-01 -5.1330E-02 -2.1688E-01
  2.1195E-01 -1.7892E-01 -5.2015E-02 -2.1977E-01
  2.1343E-01 -1.8215E-01 -5.2708E-02 -2.2270E-01
  2.1492E-01 -1.8527E-01 -5.3411E-02 -2.2566E-01
  2.1642E-01 -1.8828E-01 -5.4122E-02 -2.2866E-01
  2.1793E-01 -1.9117E-01 -5.4842E-02 -2.3170E-01
  2.1946E-01 -1.9394E-01 -5.5571E-02 -2.3477E-01
  2.2099E-01 -1.9659E-01 -5.6309E-02 -2.3788E-01
  2.2253E-01 -1.9911E-01 -5.7056E-02 -2.4104E-01
  2.2409E-01 -2.0151E-01 -5.7813E-02 -2.4423E-01
  2.2565E-01 -2.0377E-01 -5.8579E-02 -2.4746E-01
  2.2723E-01 -2.0590E-01 -5.9354E-02 -2.5073E-01
  2.2881E-01 -2.0789E-01 -6.0139E-02 -2.5404E-01
  2.3041E-01 -2.0974E-01 -6.0934E-02 -2.5739E-01
  2.3202E-01 -2.1145E-01 -6.1739E-02 -2.6078E-01
  2.3364E-01 -2.1302E-01 -6.2554E-02 -2.6421E-01
  2.3527E-01 -2.1443E-01 -6.3378E-02 -2.6769E-01
  2.3691E-01 -2.1569E-01 -6.4213E-02 -2.7121E-01
  2.3857E-01 -2.1680E-01 -6.5058E-02 -2.7477E-01
  2.4023E-01 -2.1776E-01 -6.5913E-02 -2.7837E-01
  2.4191E-01 -2.1855E-01 -6.6778E-02 -2.8202E-01
  2.4360E-01 -2.1919E-01 -6.7655E-02 -2.8571E-01
  2.4530E-01 -2.1966E-01 -6.8541E-02 -2.8944E-01
  2.4701E-01 -2.1997E-01 -6.9439E-02 -2.9322E-01
  2.4874E-01 -2.2012E-01 -7.0347E-02 -2.9705E-01
  2.5047E-01 -2.2009E-01 -7.1266E-02 -3.0092E-01
  2.5222E-01 -2.1990E-01 -7.2197E-02 -3.0484E-01
  2.5398E-01 -2.1953E-01 -7.3138E-02 -3.0880E-01
  2.5576E-01 -2.1900E-01 -7.4091E-02 -3.1281E-01
  2.5754E-01 -2.1829E-01 -7.5055E-02 -3.1687E-01
  2.5934E-01 -2.1740E-01 -7.6030E-02 -3.2098E-01
  2.6115E-01 -2.1634E-01 -7.7017E-02 -3.2513E-01
  2.6297E-01 -2.1511E-01 -7.8016E-02 -3.2933E-01
  2.6481E-01 -2.1369E-01 -7.9026E-02 -3.3358E-01
  2.6666E-01 -2.1210E-01 -8.0048E-02 -3.3789E-01
  2.6852E-01 -2.1033E-01 -8.1083E-02 -3.4224E-01
  2.7039E-01 -2.0839E-01 -8.2129E-02 -3.4664E-01
  2.7228E-01 -2.0626E-01 -8.3187E-02 -3.5109E-01
  2.7418E-01 -2.0396E-01 -8.4258E-02 -3.5559E-01
  2.7610E-01 -2.0147E-01 -8.5341E-02 -3.6014E-01
  2.7803E-01 -1.9881E-01 -8.6437E-02 -3.6475E-01
  2.7997E-01 -1.9598E-01 -8.7545E-02 -3.6941E-01
  2.8192E-01 -1.9296E-01 -8.8666E-02 -3.7412E-01
  2.8389E-01 -1.8977E-01 -8.9800E-02 -3.7888E-01
  2.8587E-01 -1.8641E-01 -9.0946E-02 -3.8370E-01
  2.8787E-01 -1.8287E-01 -9.2106E-02 -3.8857E-01
  2.8988E-01 -1.7915E-01 -9.3278E-02 -3.9349E-01
  2.9190E-01 -1.7527E-01 -9.4464E-02 -3.9847E-01
  2.9394E-01 -1.7122E-01 -9.5663E-02 -4.0350E-01
  2.9599E-01 -1.6700E-01 -9.6875E-02 -4.0859E-01
  2.9806E-01 -1.6261E-01 -9.8101E-02 -4.1374E-01
  3.0014E-01 -1.5806E-01 -9.9341E-02 -4.1894E-01
  3.0223E-01 -1.5334E-01 -1.0059E-01 -4.2419E-01
  3.0434E-01 -1.4847E-01 -1.0186E-01 -4.2951E-01
  3.0647E-01 -1.4344E-01 -1.0314E-01 -4.3488E-01
  3.0861E-01 -1.3826E-01 -1.0444E-01 -4.4030E-01
  3.1076E-01 -1.3292E-01 -1.0574E-01 -4.4579E-01
  3.1293E-01 -1.2744E-01 -1.0707E-01 -4.5133E-01
  3.1512E-01 -1.2181E-01 -1.0840E-01 -4.5693E-01
  3.1732E-01 -1.1604E-01 -1.0975E-01 -4.6259E-01
  3.1953E-01 -1.1013E-01 -1.1112E-01 -4.6830E-01
  3.2176E-01 -1.0409E-01 -1.1250E-01 -4.7408E-01
  3.2401E-01 -9.7919E-02 -1.1389E-01 -4.7992E-01
  3.2627E-01 -9.1619E-02 -1.1530E-01 -4.8581E-01
  3.2855E-01 -8.5197E-02 -1.1672E-01 -4.9176E-01
  3.3084E-01 -7.8658E-02 -1.1816E-01 -4.9778E-01
  3.3315E-01 -7.2004E-02 -1.1962E-01 -5.0385E-01
  3.3548E-01 -6.5242E-02 -1.2108E-01 -5.0998E-01
  3.3782E-01 -5.8375E-02 -1.2257E-01 -5.1617E-01
  3.4018E-01 -5.1409E-02 -1.2406E-01 -5.2243E-01
  3.4255E-01 -4.4349E-02 -1.2557E-01 -5.2874E-01
  3.4494E-01 -3.7200E-02 -1.2710E-01 -5.3512E-01
  3.4735E-01 -2.9967E-02 -1.2864E-01 -5.4155E-01
  3.4978E-01 -2.2656E-02 -1.3020E-01 -5.4805E-01
  3.5222E-01 -1.5272E-02 -1.3177E-01 -5.5460E-01
  3.5468E-01 -7.8209E-03 -1.3336E-01 -5.6122E-01
  3.5715E-01 -3.0895E-04 -1.3496E-01 -5.6790E-01
  3.5965E-01  7.2582E-03 -1.3658E-01 -5.7464E-01
  3.6216E-01  1.4874E-02 -1.3822E-01 -5.8144E-01
  3.6469E-01  2.2533E-02 -1.3986E-01 -5.8830E-01
  3.6723E-01  3.0229E-02 -1.4153E-01 -5.9522E-01
  3.6980E-01  3.7955E-02 -1.4321E-01 -6.0220E-01
  3.7238E-01  4.5704E-02 -1.4490E-01 -6.0924E-01
  3.7498E-01  5.3471E-02 -1.4661E-01 -6.1634E-01
  3.7760E-01  6.1247E-02 -1.4833E-01 -6.2350E-01
  3.8023E-01  6.9027E-02 -1.5007E-01 -6.3073E-01
  3.8289E-01  7.6804E-02 -1.5183E-01 -6.3801E-01
  3.8556E-01  8.4571E-02 -1.5360E-01 -6.4535E-01
  3.8825E-01  9.2320E-02 -1.5539E-01 -6.5274E-01
  3.9096E-01  1.0005E-01 -1.5719E-01 -6.6020E-01
  3.9369E-01  1.0774E-01 -1.5900E-01 -6.6772E-01
  3.9644E-01  1.1539E-01 -1.6083E-01 -6.7529E-01
  3.9921E-01  1.2300E-01 -1.6268E-01 -6.8292E-01
  4.0199E-01  1.3056E-01 -1.6454E-01 -6.9061E-01
  4.0480E-01  1.3805E-01 -1.6641E-01 -6.9835E-01
  4.0763E-01  1.4548E-01 -1.6830E-01 -7.0615E-01
  4.1047E-01  1.5283E-01 -1.7021E-01 -7.1400E-01
  4.1334E-01  1.6010E-01 -1.7212E-01 -7.2191E-01
  4.1622E-01  1.6728E-01 -1.7406E-01 -7.2987E-01
  4.1913E-01  1.7436E-01 -1.7600E-01 -7.3789E-01
  4.2205E-01  1.8134E-01 -1.7797E-01 -7.4595E-01
  4.2500E-01  1.8820E-01 -1.7994E-01 -7.5407E-01
  4.2797E-01  1.9495E-01 -1.8193E-01 -7.6224E-01
  4.3095E-01  2.0157E-01 -1.8393E-01 -7.7045E-01
  4.3396E-01  2.0805E-01 -1.8595E-01 -7.7872E-01
  4.3699E-01  2.1439E-01 -1.8798E-01 -7.8703E-01
  4.4004E-01  2.2059E-01 -1.9002E-01 -7.9539E-01
  4.4312E-01  2.2663E-01 -1.9207E-01 -8.0379E-01
  4.4621E-01  2.3250E-01 -1.9414E-01 -8.1224E-01
  4.4932E-01  2.3821E-01 -1.9622E-01 -8.2073E-01
  4.5246E-01  2.4373E-01 -1.9831E-01 -8.2925E-01
  4.5562E-01  2.4908E-01 -2.0042E-01 -8.3782E-01
  4.5880E-01  2.5423E-01 -2.0253E-01 -8.4643E-01
  4.6200E-01  2.5918E-01 -2.0466E-01 -8.5507E-01
  4.6523E-01  2.6394E-01 -2.0680E-01 -8.6375E-01
  4.6848E-01  2.6848E-01 -2.0894E-01 -8.7246E-01
  4.7175E-01  2.7280E-01 -2.1110E-01 -8.8120E-01
  4.7504E-01  2.7690E-01 -2.1327E-01 -8.8997E-01
  4.7836E-01  2.8077E-01 -2.1545E-01 -8.9877E-01
  4.8169E-01  2.8440E-01 -2.1763E-01 -9.0760E-01
  4.8506E-01  2.8780E-01 -2.1983E-01 -9.1644E-01
  4.8844E-01  2.9094E-01 -2.2203E-01 -9.2531E-01
  4.9185E-01  2.9384E-01 -2.2424E-01 -9.3420E-01
  4.9529E-01  2.9647E-01 -2.2646E-01 -9.4310E-01
  4.9874E-01  2.9885E-01 -2.2868E-01 -9.5201E-01
  5.0223E-01  3.0095E-01 -2.3092E-01 -9.6094E-01
  5.0573E-01  3.0278E-01 -2.3315E-01 -9.6988E-01
  5.0926E-01  3.0434E-01 -2.3539E-01 -9.7882E-01
  5.1282E-01  3.0561E-01 -2.3764E-01 -9.8776E-01
  5.1640E-01  3.0659E-01 -2.3989E-01 -9.9671E-01
  5.2000E-01  3.0729E-01 -2.4214E-01 -1.0056E+00
  5.2363E-01  3.0769E-01 -2.4440E-01 -1.0146E+00
  5.2729E-01  3.0779E-01 -2.4666E-01 -1.0235E+00
  5.3097E-01  3.0759E-01 -2.4892E-01 -1.0324E+00
  5.3467E-01  3.0708E-01 -2.5118E-01 -1.0413E+00
  5.3841E-01  3.0627E-01 -2.5344E-01 -1.0502E+00
  5.4217E-01  3.0515E-01 -2.5569E-01 -1.0590E+00
  5.4595E-01  3.0372E-01 -2.5795E-01 -1.0679E+00
  5.4976E-01  3.0197E-01 -2.6021E-01 -1.0767E+00
  5.5360E-01  2.9991E-01 -2.6246E-01 -1.0854E+00
  5.5746E-01  2.9752E-01 -2.6470E-01 -1.0941E+00
  5.6135E-01  2.9482E-01 -2.6694E-01 -1.1028E+00
  5.6527E-01  2.9180E-01 -2.6918E-01 -1.1114E+00
  5.6922E-01  2.8846E-01 -2.7140E-01 -1.1200E+00
  5.7319E-01  2.8479E-01 -2.7362E-01 -1.1285E+00
  5.7719E-01  2.8081E-01 -2.7583E-01 -1.1370E+00
  5.8122E-01  2.7650E-01 -2.7803E-01 -1.1453E+00
  5.8528E-01  2.7187E-01 -2.8021E-01 -1.1536E+00
  5.8937E-01  2.6693E-01 -2.8238E-01 -1.1619E+00
  5.9348E-01  2.6166E-01 -2.8454E-01 -1.1700E+00
  5.9762E-01  2.5608E-01 -2.8668E-01 -1.1781E+00
  6.0180E-01  2.5018E-01 -2.8881E-01 -1.1860E+00
  6.0600E-01  2.4396E-01 -2.9092E-01 -1.1939E+00
  6.1023E-01  2.3744E-01 -2.9301E-01 -1.2016E+00
  6.1449E-01  2.3061E-01 -2.9507E-01 -1.2093E+00
  6.1878E-01  2.2347E-01 -2.9712E-01 -1.2168E+00
  6.2310E-01  2.1604E-01 -2.9914E-01 -1.2242E+00
  6.2744E-01  2.0830E-01 -3.0113E-01 -1.2315E+00
  6.3182E-01  2.0027E-01 -3.0310E-01 -1.2386E+00
  6.3624E-01  1.9195E-01 -3.0504E-01 -1.2455E+00
  6.4068E-01  1.8335E-01 -3.0695E-01 -1.2524E+00
  6.4515E-01  1.7447E-01 -3.0882E-01 -1.2590E+00
  6.4965E-01  1.6531E-01 -3.1066E-01 -1.2655E+00
  6.5419E-01  1.5589E-01 -3.1247E-01 -1.2718E+00
  6.5875E-01  1.4620E-01 -3.1424E-01 -1.2780E+00
  6.6335E-01  1.3626E-01 -3.1596E-01 -1.2839E+00
  6.6798E-01  1.2607E-01 -3.1765E-01 -1.2897E+00
  6.7265E-01  1.1564E-01 -3.1929E-01 -1.2952E+00
  6.7734E-01  1.0497E-01 -3.2089E-01 -1.3005E+00
  6.8207E-01  9.4079E-02 -3.2243E-01 -1.3056E+00
  6.8683E-01  8.2970E-02 -3.2393E-01 -1.3105E+00
  6.9163E-01  7.1652E-02 -3.2537E-01 -1.3151E+00
  6.9645E-01  6.0133E-02 -3.2676E-01 -1.3195E+00
  7.0131E-01  4.8422E-02 -3.2809E-01 -1.3236E+00
  7.0621E-01  3.6529E-02 -3.2936E-01 -1.3275E+00
  7.1114E-01  2.4464E-02 -3.3057E-01 -1.3310E+00
  7.1610E-01  1.2236E-02 -3.3171E-01 -1.3343E+00
  7.2110E-01 -1.4325E-04 -3.3279E-01 -1.3373E+00
  7.2614E-01 -1.2664E-02 -3.3379E-01 -1.3400E+00
  7.3121E-01 -2.5315E-02 -3.3472E-01 -1.3424E+00
  7.3631E-01 -3.8086E-02 -3.3557E-01 -1.3444E+00
  7.4145E-01 -5.0964E-02 -3.3635E-01 -1.3461E+00
  7.4662E-01 -6.3939E-02 -3.3704E-01 -1.3475E+00
  7.5184E-01 -7.6997E-02 -3.3764E-01 -1.3485E+00
  7.5708E-01 -9.0127E-02 -3.3816E-01 -1.3492E+00
  7.6237E-01 -1.0332E-01 -3.3858E-01 -1.3494E+00
  7.6769E-01 -1.1655E-01 -3.3891E-01 -1.3493E+00
  7.7305E-01 -1.2982E-01 -3.3914E-01 -1.3488E+00
  7.7845E-01 -1.4311E-01 -3.3927E-01 -1.3479E+00
  7.8388E-01 -1.5641E-01 -3.3929E-01 -1.3466E+00
  7.8935E-01 -1.6969E-01 -3.3920E-01 -1.3449E+00
  7.9486E-01 -1.8296E-01 -3.3900E-01 -1.3427E+00
  8.0041E-01 -1.9619E-01 -3.3868E-01 -1.3401E+00
  8.0600E-01 -2.0938E-01 -3.3825E-01 -1.3370E+00
  8.1162E-01 -2.2250E-01 -3.3768E-01 -1.3334E+00
  8.1729E-01 -2.3554E-01 -3.3699E-01 -1.3294E+00
  8.2299E-01 -2.4849E-01 -3.3617E-01 -1.3249E+00
  8.2874E-01 -2.6133E-01 -3.3520E-01 -1.3199E+00
  8.3452E-01 -2.7404E-01 -3.3410E-01 -1.3144E+00
  8.4035E-01 -2.8662E-01 -3.3285E-01 -1.3083E+00
  8.4622E-01 -2.9905E-01 -3.3145E-01 -1.3018E+00
  8.5212E-01 -3.1130E-01 -3.2990E-01 -1.2947E+00
  8.5807E-01 -3.2337E-01 -3.2819E-01 -1.2871E+00
  8.6406E-01 -3.3524E-01 -3.2631E-01 -1.2789E+00
  8.7009E-01 -3.4689E-01 -3.2427E-01 -1.2702E+00
  8.7617E-01 -3.5832E-01 -3.2205E-01 -1.2608E+00
  8.8228E-01 -3.6949E-01 -3.1965E-01 -1.2510E+00
  8.8844E-01 -3.8040E-01 -3.1707E-01 -1.2405E+00
  8.9464E-01 -3.9103E-01 -3.1430E-01 -1.2294E+00
  9.0089E-01 -4.0136E-01 -3.1134E-01 -1.2177E+00
  9.0717E-01 -4.1138E-01 -3.0818E-01 -1.2055E+00
  9.1351E-01 -4.2108E-01 -3.0482E-01 -1.1926E+00
  9.1988E-01 -4.3043E-01 -3.0125E-01 -1.1791E+00
  9.2631E-01 -4.3942E-01 -2.9746E-01 -1.1649E+00
  9.3277E-01 -4.4803E-01 -2.9345E-01 -1.1502E+00
  9.3928E-01 -4.5626E-01 -2.8922E-01 -1.1348E+00
  9.4584E-01 -4.6407E-01 -2.8475E-01 -1.1188E+00
  9.5244E-01 -4.7146E-01 -2.8005E-01 -1.1021E+00
  9.5909E-01 -4.7842E-01 -2.7510E-01 -1.0848E+00
  9.6578E-01 -4.8492E-01 -2.6991E-01 -1.0668E+00
  9.7253E-01 -4.9094E-01 -2.6446E-01 -1.0482E+00
  9.7931E-01 -4.9649E-01 -2.5875E-01 -1.0289E+00
  9.8615E-01 -5.0153E-01 -2.5277E-01 -1.0090E+00
  9.9303E-01 -5.0605E-01 -2.4652E-01 -9.8843E-01
  9.9997E-01 -5.1005E-01 -2.3999E-01 -9.6723E-01
  1.0069E+00 -5.1350E-01 -2.3317E-01 -9.4537E-01
  1.0140E+00 -5.1639E-01 -2.2607E-01 -9.2288E-01
  1.0211E+00 -5.1871E-01 -2.1866E-01 -8.9976E-01
  1.0282E+00 -5.2043E-01 -2.1096E-01 -8.7600E-01
  1.0354E+00 -5.2156E-01 -2.0294E-01 -8.5162E-01
  1.0426E+00 -5.2207E-01 -1.9460E-01 -8.2662E-01
  1.0499E+00 -5.2195E-01 -1.8594E-01 -8.0101E-01
  1.0572E+00 -5.2118E-01 -1.7696E-01 -7.7480E-01
  1.0646E+00 -5.1976E-01 -1.6763E-01 -7.4800E-01
  1.0720E+00 -5.1768E-01 -1.5797E-01 -7.2062E-01
  1.0795E+00 -5.1491E-01 -1.4795E-01 -6.9268E-01
  1.0870E+00 -5.1145E-01 -1.3758E-01 -6.6418E-01
  1.0946E+00 -5.0728E-01 -1.2685E-01 -6.3515E-01
  1.1022E+00 -5.0241E-01 -1.1575E-01 -6.0560E-01
  1.1099E+00 -4.9680E-01 -1.0427E-01 -5.7555E-01
  1.1177E+00 -4.9046E-01 -9.2419E-02 -5.4501E-01
  1.1255E+00 -4.8337E-01 -8.0177E-02 -5.1401E-01
  1.1333E+00 -4.7553E-01 -6.7542E-02 -4.8256E-01
  1.1413E+00 -4.6692E-01 -5.4508E-02 -4.5070E-01
  1.1492E+00 -4.5754E-01 -4.1068E-02 -4.1844E-01
  1.1572E+00 -4.4738E-01 -2.7217E-02 -3.8581E-01
  1.1653E+00 -4.3643E-01 -1.2949E-02 -3.5284E-01
  1.1735E+00 -4.2468E-01  1.7426E-03 -3.1955E-01
  1.1816E+00 -4.1213E-01  1.6863E-02 -2.8598E-01
  1.1899E+00 -3.9877E-01  3.2417E-02 -2.5215E-01
  1.1982E+00 -3.8459E-01  4.8411E-02 -2.1810E-01
  1.2066E+00 -3.6960E-01  6.4850E-02 -1.8386E-01
  1.2150E+00 -3.5378E-01  8.1739E-02 -1.4947E-01
  1.2235E+00 -3.3713E-01  9.9083E-02 -1.1496E-01
  1.2320E+00 -3.1965E-01  1.1689E-01 -8.0366E-02
  1.2406E+00 -3.0133E-01  1.3515E-01 -4.5731E-02
  1.2493E+00 -2.8218E-01  1.5389E-01 -1.1092E-02
  1.2580E+00 -2.6220E-01  1.7310E-01  2.3509E-02
  1.2668E+00 -2.4137E-01  1.9278E-01  5.8029E-02
  1.2756E+00 -2.1971E-01  2.1295E-01  9.2427E-02
  1.2845E+00 -1.9722E-01  2.3360E-01  1.2666E-01
  1.2935E+00 -1.7389E-01  2.5473E-01  1.6068E-01
  1.3025E+00 -1.4973E-01  2.7635E-01  1.9444E-01
  1.3116E+00 -1.2474E-01  2.9847E-01  2.2790E-01
  1.3208E+00 -9.8922E-02  3.2107E-01  2.6101E-01
  1.3300E+00 -7.2288E-02  3.4417E-01  2.9372E-01
  1.3393E+00 -4.4841E-02  3.6777E-01  3.2598E-01
  1.3486E+00 -1.6587E-02  3.9186E-01  3.5775E-01
  1.3580E+00  1.2467E-02  4.1645E-01  3.8897E-01
  1.3675E+00  4.2312E-02  4.4153E-01  4.1960E-01
  1.3770E+00  7.2939E-02  4.6711E-01  4.4959E-01
  1.3867E+00  1.0434E-01  4.9319E-01  4.7889E-01
  1.3963E+00  1.3650E-01  5.1975E-01  5.0744E-01
  1.4061E+00  1.6940E-01  5.4681E-01  5.3521E-01
  1.4159E+00  2.0305E-01  5.7435E-01  5.6214E-01
  1.4258E+00  2.3741E-01  6.0238E-01  5.8819E-01
  1.4357E+00  2.7248E-01  6.3089E-01  6.1331E-01
  1.4458E+00  3.0824E-01  6.5987E-01  6.3745E-01
  1.4558E+00  3.4468E-01  6.8932E-01  6.6057E-01
  1.4660E+00  3.8177E-01  7.1923E-01  6.8263E-01
  1.4762E+00  4.1949E-01  7.4960E-01  7.0359E-01
  1.4865E+00  4.5784E-01  7.8041E-01  7.2340E-01
  1.4969E+00  4.9678E-01  8.1166E-01  7.4203E-01
  1.5074E+00  5.3629E-01  8.4335E-01  7.5945E-01
  1.5179E+00  5.7635E-01  8.7545E-01  7.7561E-01
  1.5285E+00  6.1693E-01  9.0796E-01  7.9050E-01
  1.5392E+00  6.5802E-01  9.4087E-01  8.0407E-01
  1.5499E+00  6.9958E-01  9.7416E-01  8.1631E-01
  1.5607E+00  7.4158E-01  1.0078E+00  8.2718E-01
  1.5716E+00  7.8400E-01  1.0418E+00  8.3669E-01
  1.5826E+00  8.2681E-01  1.0762E+00  8.4479E-01
  1.5936E+00  8.6997E-01  1.1109E+00  8.5149E-01
  1.6048E+00  9.1346E-01  1.1458E+00  8.5678E-01
  1.6160E+00  9.5723E-01  1.1811E+00  8.6065E-01
  1.6272E+00  1.0013E+00  1.2166E+00  8.6309E-01
  1.6386E+00  1.0455E+00  1.2524E+00  8.6411E-01
  1.6500E+00  1.0900E+00  1.2884E+00  8.6373E-01
  1.6615E+00  1.1345E+00  1.3245E+00  8.6194E-01
  1.6731E+00  1.1792E+00  1.3609E+00  8.5877E-01
  1.6848E+00  1.2240E+00  1.3974E+00  8.5424E-01
  1.6966E+00  1.2688E+00  1.4340E+00  8.4836E-01
  1.7084E+00  1.3135E+00  1.4707E+00  8.4117E-01
  1.7203E+00  1.3582E+00  1.5074E+00  8.3271E-01
  1.7324E+00  1.4028E+00  1.5442E+00  8.2301E-01
  1.7445E+00  1.4473E+00  1.5809E+00  8.1210E-01
  1.7566E+00  1.4916E+00  1.6177E+00  8.0005E-01
  1.7689E+00  1.5356E+00  1.6543E+00  7.8689E-01
  1.7812E+00  1.5793E+00  1.6908E+00  7.7269E-01
  1.7937E+00  1.6227E+00  1.7272E+00  7.5749E-01
  1.8062E+00  1.6657E+00  1.7633E+00  7.4136E-01
  1.8188E+00  1.7083E+00  1.7993E+00  7.2436E-01
  1.8315E+00  1.7504E+00  1.8349E+00  7.0655E-01
  1.8443E+00  1.7919E+00  1.8702E+00  6.8801E-01
  1.8571E+00  1.8328E+00  1.9052E+00  6.6880E-01
  1.8701E+00  1.8731E+00  1.9397E+00  6.4899E-01
  1.8832E+00  1.9127E+00  1.9738E+00  6.2866E-01
  1.8963E+00  1.9515E+00  2.0073E+00  6.0787E-01
  1.9095E+00  1.9895E+00  2.0403E+00  5.8669E-01
  1.9229E+00  2.0266E+00  2.0726E+00  5.6518E-01
  1.9363E+00  2.0628E+00  2.1043E+00  5.4343E-01
  1.9498E+00  2.0981E+00  2.1352E+00  5.2148E-01
  1.9634E+00  2.1322E+00  2.1654E+00  4.9940E-01
  1.9771E+00  2.1653E+00  2.1947E+00  4.7723E-01
  1.9909E+00  2.1972E+00  2.2231E+00  4.5504E-01
  2.0048E+00  2.2279E+00  2.2506E+00  4.3287E-01
  2.0188E+00  2.2573E+00  2.2770E+00  4.1074E-01
  2.0329E+00  2.2854E+00  2.3023E+00  3.8870E-01
  2.0471E+00  2.3120E+00  2.3265E+00  3.6676E-01
  2.0614E+00  2.3372E+00  2.3494E+00  3.4493E-01
  2.0758E+00  2.3610E+00  2.3711E+00  3.2324E-01
  2.0903E+00  2.3831E+00  2.3914E+00  3.0166E-01
  2.1049E+00  2.4036E+00  2.4104E+00  2.8019E-01
  2.1195E+00  2.4224E+00  2.4278E+00  2.5881E-01
  2.1343E+00  2.4395E+00  2.4437E+00  2.3750E-01
  2.1492E+00  2.4548E+00  2.4580E+00  2.1621E-01
  2.1642E+00  2.4683E+00  2.4706E+00  1.9490E-01
  2.1793E+00  2.4798E+00  2.4815E+00  1.7354E-01
  2.1946E+00  2.4894E+00  2.4905E+00  1.5206E-01
  2.2099E+00  2.4970E+00  2.4977E+00  1.3041E-01
  2.2253E+00  2.5025E+00  2.5029E+00  1.0855E-01
  2.2408E+00  2.5059E+00  2.5061E+00  8.6420E-02
  2.2565E+00  2.5072E+00  2.5073E+00  6.3983E-02
  2.2722E+00  2.5063E+00  2.5063E+00  4.1203E-02
  2.2881E+00  2.5031E+00  2.5031E+00  1.8062E-02
  2.3041E+00  2.4976E+00  2.4976E+00 -2.5563E-03
  2.3201E+00  2.4899E+00  2.4899E+00 -3.8342E-03
  2.3363E+00  2.4797E+00  2.4797E+00 -2.0126E-03
  2.3526E+00  2.4672E+00  2.4672E+00 -1.0242E-03
  2.3691E+00  2.4522E+00  2.4522E+00 -4.6241E-04
  2.3856E+00  2.4348E+00  2.4348E+00 -2.3325E-04
  2.4022E+00  2.4149E+00  2.4149E+00  0.0000E+00
  2.4190E+00  2.3926E+00  2.3926E+00  0.0000E+00
  2.4359E+00  2.3676E+00  2.3676E+00  0.0000E+00
  2.4529E+00  2.3402E+00  2.3402E+00  0.0000E+00
  2.4700E+00  2.3102E+00  2.3102E+00  0.0000E+00
  2.4873E+00  2.2776E+00  2.2776E+00  0.0000E+00
  2.5046E+00  2.2425E+00  2.2425E+00  0.0000E+00
  2.5221E+00  2.2048E+00  2.2048E+00  0.0000E+00
  2.5397E+00  2.1645E+00  2.1645E+00  0.0000E+00
  2.5574E+00  2.1217E+00  2.1217E+00  0.0000E+00
  2.5753E+00  2.0763E+00  2.0763E+00  0.0000E+00
  2.5933E+00  2.0284E+00  2.0284E+00  0.0000E+00
  2.6114E+00  1.9780E+00  1.9780E+00  0.0000E+00
  2.6296E+00  1.9251E+00  1.9251E+00  0.0000E+00
  2.6480E+00  1.8697E+00  1.8697E+00  0.0000E+00
  2.6664E+00  1.8120E+00  1.8120E+00  0.0000E+00
  2.6850E+00  1.7519E+00  1.7519E+00  0.0000E+00
  2.7038E+00  1.6894E+00  1.6894E+00  0.0000E+00
  2.7227E+00  1.6247E+00  1.6247E+00  0.0000E+00
  2.7417E+00  1.5578E+00  1.5578E+00  0.0000E+00
  2.7608E+00  1.4887E+00  1.4887E+00  0.0000E+00
  2.7801E+00  1.4176E+00  1.4176E+00  0.0000E+00
  2.7995E+00  1.3445E+00  1.3445E+00  0.0000E+00
  2.8190E+00  1.2695E+00  1.2695E+00  0.0000E+00
  2.8387E+00  1.1926E+00  1.1926E+00  0.0000E+00
  2.8585E+00  1.1141E+00  1.1141E+00  0.0000E+00
  2.8785E+00  1.0339E+00  1.0339E+00  0.0000E+00
  2.8985E+00  9.5226E-01  9.5226E-01  0.0000E+00
  2.9188E+00  8.6921E-01  8.6921E-01  0.0000E+00
  2.9392E+00  7.8490E-01  7.8490E-01  0.0000E+00
  2.9597E+00  6.9945E-01  6.9945E-01  0.0000E+00
  2.9803E+00  6.1301E-01  6.1301E-01  0.0000E+00
  3.0011E+00  5.2571E-01  5.2571E-01  0.0000E+00
  3.0221E+00  4.3771E-01  4.3771E-01  0.0000E+00
  3.0432E+00  3.4915E-01  3.4915E-01  0.0000E+00
  3.0644E+00  2.6021E-01  2.6021E-01  0.0000E+00
  3.0858E+00  1.7105E-01  1.7105E-01  0.0000E+00
  3.1073E+00  8.1838E-02  8.1838E-02  0.0000E+00
  3.1290E+00 -7.2430E-03 -7.2430E-03  0.0000E+00
  3.1509E+00 -9.6011E-02 -9.6011E-02  0.0000E+00
  3.1729E+00 -1.8428E-01 -1.8428E-01  0.0000E+00
  3.1950E+00 -2.7185E-01 -2.7185E-01  0.0000E+00
  3.2173E+00 -3.5852E-01 -3.5852E-01  0.0000E+00
  3.2398E+00 -4.4410E-01 -4.4410E-01  0.0000E+00
  3.2624E+00 -5.2838E-01 -5.2838E-01  0.0000E+00
  3.2852E+00 -6.1115E-01 -6.1115E-01  0.0000E+00
  3.3081E+00 -6.9219E-01 -6.9219E-01  0.0000E+00
  3.3312E+00 -7.7130E-01 -7.7130E-01  0.0000E+00
  3.3544E+00 -8.4826E-01 -8.4826E-01  0.0000E+00
  3.3778E+00 -9.2285E-01 -9.2285E-01  0.0000E+00
  3.4014E+00 -9.9486E-01 -9.9486E-01  0.0000E+00
