 # l=           0 basis function with energy   -0.300349663352453     
  0.0000E+00  0.0000E+00  0.0000E+00  0.0000E+00
  4.8464E-07 -8.4279E-04 -6.5004E-07  1.3508E-07
  9.7268E-07 -1.3495E-03 -1.3046E-06  2.7111E-07
  1.4641E-06 -1.7790E-03 -1.9638E-06  4.0809E-07
  1.9590E-06 -2.1658E-03 -2.6276E-06  5.4603E-07
  2.4574E-06 -2.5236E-03 -3.2961E-06  6.8494E-07
  2.9593E-06 -2.8610E-03 -3.9692E-06  8.2482E-07
  3.4647E-06 -3.1825E-03 -4.6471E-06  9.6568E-07
  3.9736E-06 -3.4911E-03 -5.3297E-06  1.1075E-06
  4.4861E-06 -3.7891E-03 -6.0171E-06  1.2504E-06
  5.0021E-06 -4.0782E-03 -6.7093E-06  1.3942E-06
  5.5218E-06 -4.3596E-03 -7.4064E-06  1.5391E-06
  6.0452E-06 -4.6344E-03 -8.1084E-06  1.6849E-06
  6.5722E-06 -4.9034E-03 -8.8152E-06  1.8318E-06
  7.1029E-06 -5.1673E-03 -9.5271E-06  1.9798E-06
  7.6373E-06 -5.4265E-03 -1.0244E-05  2.1287E-06
  8.1755E-06 -5.6817E-03 -1.0966E-05  2.2787E-06
  8.7174E-06 -5.9332E-03 -1.1693E-05  2.4298E-06
  9.2632E-06 -6.1812E-03 -1.2425E-05  2.5819E-06
  9.8127E-06 -6.4263E-03 -1.3162E-05  2.7350E-06
  1.0366E-05 -6.6686E-03 -1.3904E-05  2.8893E-06
  1.0923E-05 -6.9083E-03 -1.4652E-05  3.0446E-06
  1.1485E-05 -7.1456E-03 -1.5404E-05  3.2010E-06
  1.2050E-05 -7.3809E-03 -1.6162E-05  3.3586E-06
  1.2619E-05 -7.6141E-03 -1.6926E-05  3.5172E-06
  1.3192E-05 -7.8455E-03 -1.7694E-05  3.6769E-06
  1.3769E-05 -8.0752E-03 -1.8468E-05  3.8378E-06
  1.4350E-05 -8.3034E-03 -1.9248E-05  3.9997E-06
  1.4935E-05 -8.5301E-03 -2.0033E-05  4.1629E-06
  1.5525E-05 -8.7554E-03 -2.0823E-05  4.3271E-06
  1.6118E-05 -8.9795E-03 -2.1619E-05  4.4925E-06
  1.6716E-05 -9.2024E-03 -2.2421E-05  4.6591E-06
  1.7318E-05 -9.4243E-03 -2.3228E-05  4.8268E-06
  1.7924E-05 -9.6451E-03 -2.4041E-05  4.9957E-06
  1.8534E-05 -9.8651E-03 -2.4859E-05  5.1658E-06
  1.9148E-05 -1.0084E-02 -2.5684E-05  5.3371E-06
  1.9767E-05 -1.0302E-02 -2.6514E-05  5.5096E-06
  2.0390E-05 -1.0520E-02 -2.7349E-05  5.6833E-06
  2.1018E-05 -1.0737E-02 -2.8191E-05  5.8582E-06
  2.1650E-05 -1.0953E-02 -2.9039E-05  6.0343E-06
  2.2286E-05 -1.1169E-02 -2.9892E-05  6.2117E-06
  2.2927E-05 -1.1384E-02 -3.0752E-05  6.3903E-06
  2.3572E-05 -1.1598E-02 -3.1617E-05  6.5702E-06
  2.4222E-05 -1.1812E-02 -3.2489E-05  6.7513E-06
  2.4877E-05 -1.2026E-02 -3.3367E-05  6.9337E-06
  2.5536E-05 -1.2239E-02 -3.4251E-05  7.1174E-06
  2.6199E-05 -1.2452E-02 -3.5141E-05  7.3024E-06
  2.6868E-05 -1.2665E-02 -3.6037E-05  7.4886E-06
  2.7540E-05 -1.2877E-02 -3.6940E-05  7.6762E-06
  2.8218E-05 -1.3089E-02 -3.7849E-05  7.8651E-06
  2.8901E-05 -1.3301E-02 -3.8764E-05  8.0553E-06
  2.9588E-05 -1.3513E-02 -3.9686E-05  8.2468E-06
  3.0280E-05 -1.3724E-02 -4.0614E-05  8.4397E-06
  3.0977E-05 -1.3936E-02 -4.1549E-05  8.6339E-06
  3.1678E-05 -1.4147E-02 -4.2490E-05  8.8295E-06
  3.2385E-05 -1.4358E-02 -4.3438E-05  9.0265E-06
  3.3097E-05 -1.4569E-02 -4.4392E-05  9.2248E-06
  3.3813E-05 -1.4780E-02 -4.5353E-05  9.4246E-06
  3.4535E-05 -1.4991E-02 -4.6321E-05  9.6257E-06
  3.5262E-05 -1.5202E-02 -4.7296E-05  9.8282E-06
  3.5993E-05 -1.5413E-02 -4.8277E-05  1.0032E-05
  3.6730E-05 -1.5624E-02 -4.9266E-05  1.0238E-05
  3.7472E-05 -1.5835E-02 -5.0261E-05  1.0444E-05
  3.8220E-05 -1.6046E-02 -5.1264E-05  1.0653E-05
  3.8972E-05 -1.6257E-02 -5.2273E-05  1.0862E-05
  3.9730E-05 -1.6469E-02 -5.3289E-05  1.1074E-05
  4.0493E-05 -1.6680E-02 -5.4313E-05  1.1286E-05
  4.1261E-05 -1.6892E-02 -5.5343E-05  1.1501E-05
  4.2035E-05 -1.7103E-02 -5.6381E-05  1.1716E-05
  4.2814E-05 -1.7315E-02 -5.7427E-05  1.1933E-05
  4.3599E-05 -1.7527E-02 -5.8479E-05  1.2152E-05
  4.4389E-05 -1.7739E-02 -5.9539E-05  1.2372E-05
  4.5185E-05 -1.7952E-02 -6.0606E-05  1.2594E-05
  4.5986E-05 -1.8164E-02 -6.1681E-05  1.2818E-05
  4.6793E-05 -1.8377E-02 -6.2763E-05  1.3042E-05
  4.7606E-05 -1.8590E-02 -6.3853E-05  1.3269E-05
  4.8424E-05 -1.8803E-02 -6.4951E-05  1.3497E-05
  4.9248E-05 -1.9017E-02 -6.6056E-05  1.3727E-05
  5.0078E-05 -1.9231E-02 -6.7169E-05  1.3958E-05
  5.0914E-05 -1.9445E-02 -6.8290E-05  1.4191E-05
  5.1755E-05 -1.9659E-02 -6.9419E-05  1.4425E-05
  5.2603E-05 -1.9874E-02 -7.0555E-05  1.4662E-05
  5.3456E-05 -2.0089E-02 -7.1700E-05  1.4899E-05
  5.4315E-05 -2.0304E-02 -7.2852E-05  1.5139E-05
  5.5180E-05 -2.0520E-02 -7.4013E-05  1.5380E-05
  5.6052E-05 -2.0736E-02 -7.5182E-05  1.5623E-05
  5.6929E-05 -2.0952E-02 -7.6359E-05  1.5868E-05
  5.7813E-05 -2.1169E-02 -7.7544E-05  1.6114E-05
  5.8703E-05 -2.1386E-02 -7.8737E-05  1.6362E-05
  5.9599E-05 -2.1603E-02 -7.9939E-05  1.6612E-05
  6.0501E-05 -2.1821E-02 -8.1150E-05  1.6863E-05
  6.1410E-05 -2.2039E-02 -8.2368E-05  1.7116E-05
  6.2325E-05 -2.2258E-02 -8.3596E-05  1.7371E-05
  6.3246E-05 -2.2477E-02 -8.4832E-05  1.7628E-05
  6.4174E-05 -2.2697E-02 -8.6076E-05  1.7887E-05
  6.5109E-05 -2.2917E-02 -8.7330E-05  1.8147E-05
  6.6050E-05 -2.3137E-02 -8.8592E-05  1.8410E-05
  6.6997E-05 -2.3358E-02 -8.9863E-05  1.8674E-05
  6.7951E-05 -2.3579E-02 -9.1142E-05  1.8940E-05
  6.8912E-05 -2.3801E-02 -9.2431E-05  1.9208E-05
  6.9880E-05 -2.4023E-02 -9.3729E-05  1.9477E-05
  7.0854E-05 -2.4246E-02 -9.5036E-05  1.9749E-05
  7.1835E-05 -2.4469E-02 -9.6352E-05  2.0022E-05
  7.2824E-05 -2.4692E-02 -9.7678E-05  2.0298E-05
  7.3819E-05 -2.4917E-02 -9.9012E-05  2.0575E-05
  7.4821E-05 -2.5141E-02 -1.0036E-04  2.0854E-05
  7.5830E-05 -2.5366E-02 -1.0171E-04  2.1136E-05
  7.6846E-05 -2.5592E-02 -1.0307E-04  2.1419E-05
  7.7869E-05 -2.5818E-02 -1.0444E-04  2.1704E-05
  7.8899E-05 -2.6045E-02 -1.0583E-04  2.1991E-05
  7.9937E-05 -2.6272E-02 -1.0722E-04  2.2280E-05
  8.0982E-05 -2.6500E-02 -1.0862E-04  2.2572E-05
  8.2034E-05 -2.6729E-02 -1.1003E-04  2.2865E-05
  8.3094E-05 -2.6958E-02 -1.1145E-04  2.3160E-05
  8.4161E-05 -2.7187E-02 -1.1288E-04  2.3458E-05
  8.5235E-05 -2.7417E-02 -1.1433E-04  2.3757E-05
  8.6317E-05 -2.7648E-02 -1.1578E-04  2.4059E-05
  8.7407E-05 -2.7879E-02 -1.1724E-04  2.4362E-05
  8.8504E-05 -2.8111E-02 -1.1871E-04  2.4668E-05
  8.9609E-05 -2.8344E-02 -1.2019E-04  2.4976E-05
  9.0722E-05 -2.8577E-02 -1.2168E-04  2.5286E-05
  9.1842E-05 -2.8810E-02 -1.2319E-04  2.5599E-05
  9.2970E-05 -2.9045E-02 -1.2470E-04  2.5913E-05
  9.4107E-05 -2.9279E-02 -1.2622E-04  2.6230E-05
  9.5251E-05 -2.9515E-02 -1.2776E-04  2.6549E-05
  9.6403E-05 -2.9751E-02 -1.2930E-04  2.6870E-05
  9.7563E-05 -2.9988E-02 -1.3086E-04  2.7193E-05
  9.8732E-05 -3.0225E-02 -1.3243E-04  2.7519E-05
  9.9908E-05 -3.0464E-02 -1.3401E-04  2.7847E-05
  1.0109E-04 -3.0702E-02 -1.3560E-04  2.8177E-05
  1.0229E-04 -3.0942E-02 -1.3720E-04  2.8510E-05
  1.0349E-04 -3.1182E-02 -1.3881E-04  2.8845E-05
  1.0470E-04 -3.1423E-02 -1.4043E-04  2.9182E-05
  1.0592E-04 -3.1664E-02 -1.4206E-04  2.9521E-05
  1.0714E-04 -3.1906E-02 -1.4371E-04  2.9863E-05
  1.0838E-04 -3.2149E-02 -1.4537E-04  3.0208E-05
  1.0962E-04 -3.2392E-02 -1.4704E-04  3.0555E-05
  1.1088E-04 -3.2637E-02 -1.4872E-04  3.0904E-05
  1.1214E-04 -3.2882E-02 -1.5041E-04  3.1255E-05
  1.1341E-04 -3.3127E-02 -1.5211E-04  3.1610E-05
  1.1469E-04 -3.3373E-02 -1.5383E-04  3.1966E-05
  1.1598E-04 -3.3621E-02 -1.5556E-04  3.2325E-05
  1.1727E-04 -3.3868E-02 -1.5730E-04  3.2687E-05
  1.1858E-04 -3.4117E-02 -1.5905E-04  3.3051E-05
  1.1990E-04 -3.4366E-02 -1.6082E-04  3.3418E-05
  1.2122E-04 -3.4616E-02 -1.6259E-04  3.3787E-05
  1.2256E-04 -3.4867E-02 -1.6438E-04  3.4159E-05
  1.2390E-04 -3.5118E-02 -1.6618E-04  3.4534E-05
  1.2525E-04 -3.5370E-02 -1.6800E-04  3.4911E-05
  1.2661E-04 -3.5623E-02 -1.6983E-04  3.5290E-05
  1.2799E-04 -3.5877E-02 -1.7167E-04  3.5673E-05
  1.2937E-04 -3.6132E-02 -1.7352E-04  3.6058E-05
  1.3076E-04 -3.6387E-02 -1.7539E-04  3.6446E-05
  1.3216E-04 -3.6643E-02 -1.7727E-04  3.6836E-05
  1.3357E-04 -3.6900E-02 -1.7916E-04  3.7229E-05
  1.3499E-04 -3.7157E-02 -1.8106E-04  3.7625E-05
  1.3642E-04 -3.7416E-02 -1.8298E-04  3.8024E-05
  1.3786E-04 -3.7675E-02 -1.8491E-04  3.8426E-05
  1.3931E-04 -3.7935E-02 -1.8686E-04  3.8830E-05
  1.4078E-04 -3.8196E-02 -1.8882E-04  3.9237E-05
  1.4225E-04 -3.8458E-02 -1.9079E-04  3.9648E-05
  1.4373E-04 -3.8720E-02 -1.9278E-04  4.0060E-05
  1.4522E-04 -3.8983E-02 -1.9478E-04  4.0476E-05
  1.4672E-04 -3.9247E-02 -1.9680E-04  4.0895E-05
  1.4824E-04 -3.9512E-02 -1.9883E-04  4.1317E-05
  1.4976E-04 -3.9778E-02 -2.0087E-04  4.1741E-05
  1.5129E-04 -4.0045E-02 -2.0293E-04  4.2169E-05
  1.5284E-04 -4.0312E-02 -2.0500E-04  4.2600E-05
  1.5439E-04 -4.0580E-02 -2.0709E-04  4.3033E-05
  1.5596E-04 -4.0850E-02 -2.0919E-04  4.3470E-05
  1.5754E-04 -4.1120E-02 -2.1130E-04  4.3910E-05
  1.5913E-04 -4.1390E-02 -2.1344E-04  4.4353E-05
  1.6073E-04 -4.1662E-02 -2.1558E-04  4.4799E-05
  1.6234E-04 -4.1935E-02 -2.1774E-04  4.5248E-05
  1.6396E-04 -4.2208E-02 -2.1992E-04  4.5700E-05
  1.6559E-04 -4.2483E-02 -2.2211E-04  4.6155E-05
  1.6724E-04 -4.2758E-02 -2.2432E-04  4.6614E-05
  1.6890E-04 -4.3034E-02 -2.2654E-04  4.7075E-05
  1.7056E-04 -4.3311E-02 -2.2878E-04  4.7540E-05
  1.7224E-04 -4.3589E-02 -2.3103E-04  4.8009E-05
  1.7394E-04 -4.3868E-02 -2.3330E-04  4.8480E-05
  1.7564E-04 -4.4147E-02 -2.3558E-04  4.8955E-05
  1.7736E-04 -4.4428E-02 -2.3789E-04  4.9433E-05
  1.7908E-04 -4.4709E-02 -2.4020E-04  4.9915E-05
  1.8082E-04 -4.4992E-02 -2.4254E-04  5.0400E-05
  1.8258E-04 -4.5275E-02 -2.4489E-04  5.0888E-05
  1.8434E-04 -4.5559E-02 -2.4725E-04  5.1380E-05
  1.8612E-04 -4.5845E-02 -2.4964E-04  5.1875E-05
  1.8791E-04 -4.6131E-02 -2.5204E-04  5.2374E-05
  1.8971E-04 -4.6418E-02 -2.5445E-04  5.2876E-05
  1.9152E-04 -4.6706E-02 -2.5689E-04  5.3382E-05
  1.9335E-04 -4.6995E-02 -2.5934E-04  5.3891E-05
  1.9519E-04 -4.7285E-02 -2.6180E-04  5.4403E-05
  1.9704E-04 -4.7576E-02 -2.6429E-04  5.4920E-05
  1.9891E-04 -4.7867E-02 -2.6679E-04  5.5440E-05
  2.0078E-04 -4.8160E-02 -2.6931E-04  5.5963E-05
  2.0268E-04 -4.8454E-02 -2.7185E-04  5.6491E-05
  2.0458E-04 -4.8749E-02 -2.7440E-04  5.7022E-05
  2.0650E-04 -4.9044E-02 -2.7698E-04  5.7557E-05
  2.0843E-04 -4.9341E-02 -2.7957E-04  5.8095E-05
  2.1038E-04 -4.9638E-02 -2.8218E-04  5.8637E-05
  2.1234E-04 -4.9937E-02 -2.8480E-04  5.9183E-05
  2.1431E-04 -5.0237E-02 -2.8745E-04  5.9733E-05
  2.1630E-04 -5.0537E-02 -2.9012E-04  6.0287E-05
  2.1830E-04 -5.0839E-02 -2.9280E-04  6.0844E-05
  2.2031E-04 -5.1141E-02 -2.9550E-04  6.1406E-05
  2.2234E-04 -5.1445E-02 -2.9822E-04  6.1971E-05
  2.2438E-04 -5.1750E-02 -3.0096E-04  6.2541E-05
  2.2644E-04 -5.2055E-02 -3.0372E-04  6.3114E-05
  2.2851E-04 -5.2362E-02 -3.0650E-04  6.3692E-05
  2.3060E-04 -5.2669E-02 -3.0930E-04  6.4273E-05
  2.3270E-04 -5.2978E-02 -3.1212E-04  6.4859E-05
  2.3481E-04 -5.3288E-02 -3.1495E-04  6.5448E-05
  2.3694E-04 -5.3598E-02 -3.1781E-04  6.6042E-05
  2.3909E-04 -5.3910E-02 -3.2069E-04  6.6640E-05
  2.4125E-04 -5.4223E-02 -3.2359E-04  6.7242E-05
  2.4343E-04 -5.4537E-02 -3.2650E-04  6.7849E-05
  2.4562E-04 -5.4851E-02 -3.2944E-04  6.8459E-05
  2.4782E-04 -5.5167E-02 -3.3240E-04  6.9074E-05
  2.5004E-04 -5.5484E-02 -3.3538E-04  6.9693E-05
  2.5228E-04 -5.5802E-02 -3.3838E-04  7.0317E-05
  2.5453E-04 -5.6121E-02 -3.4140E-04  7.0945E-05
  2.5680E-04 -5.6441E-02 -3.4445E-04  7.1577E-05
  2.5909E-04 -5.6763E-02 -3.4751E-04  7.2214E-05
  2.6139E-04 -5.7085E-02 -3.5060E-04  7.2855E-05
  2.6370E-04 -5.7408E-02 -3.5370E-04  7.3501E-05
  2.6604E-04 -5.7732E-02 -3.5683E-04  7.4151E-05
  2.6839E-04 -5.8058E-02 -3.5998E-04  7.4806E-05
  2.7075E-04 -5.8384E-02 -3.6316E-04  7.5465E-05
  2.7313E-04 -5.8712E-02 -3.6635E-04  7.6129E-05
  2.7553E-04 -5.9041E-02 -3.6957E-04  7.6797E-05
  2.7795E-04 -5.9371E-02 -3.7281E-04  7.7471E-05
  2.8038E-04 -5.9701E-02 -3.7607E-04  7.8149E-05
  2.8283E-04 -6.0033E-02 -3.7936E-04  7.8832E-05
  2.8530E-04 -6.0366E-02 -3.8267E-04  7.9519E-05
  2.8778E-04 -6.0701E-02 -3.8600E-04  8.0212E-05
  2.9028E-04 -6.1036E-02 -3.8935E-04  8.0909E-05
  2.9280E-04 -6.1372E-02 -3.9273E-04  8.1611E-05
  2.9534E-04 -6.1710E-02 -3.9614E-04  8.2318E-05
  2.9789E-04 -6.2048E-02 -3.9956E-04  8.3030E-05
  3.0047E-04 -6.2388E-02 -4.0301E-04  8.3747E-05
  3.0306E-04 -6.2729E-02 -4.0649E-04  8.4469E-05
  3.0567E-04 -6.3071E-02 -4.0999E-04  8.5196E-05
  3.0829E-04 -6.3414E-02 -4.1351E-04  8.5928E-05
  3.1094E-04 -6.3758E-02 -4.1706E-04  8.6666E-05
  3.1360E-04 -6.4104E-02 -4.2063E-04  8.7408E-05
  3.1628E-04 -6.4450E-02 -4.2423E-04  8.8156E-05
  3.1899E-04 -6.4798E-02 -4.2785E-04  8.8909E-05
  3.2171E-04 -6.5146E-02 -4.3150E-04  8.9667E-05
  3.2444E-04 -6.5496E-02 -4.3517E-04  9.0430E-05
  3.2720E-04 -6.5847E-02 -4.3887E-04  9.1199E-05
  3.2998E-04 -6.6199E-02 -4.4260E-04  9.1974E-05
  3.3278E-04 -6.6553E-02 -4.4635E-04  9.2753E-05
  3.3560E-04 -6.6907E-02 -4.5013E-04  9.3538E-05
  3.3843E-04 -6.7263E-02 -4.5394E-04  9.4329E-05
  3.4129E-04 -6.7620E-02 -4.5777E-04  9.5125E-05
  3.4417E-04 -6.7978E-02 -4.6163E-04  9.5927E-05
  3.4706E-04 -6.8337E-02 -4.6551E-04  9.6734E-05
  3.4998E-04 -6.8697E-02 -4.6942E-04  9.7547E-05
  3.5292E-04 -6.9058E-02 -4.7336E-04  9.8366E-05
  3.5587E-04 -6.9421E-02 -4.7733E-04  9.9191E-05
  3.5885E-04 -6.9785E-02 -4.8133E-04  1.0002E-04
  3.6185E-04 -7.0150E-02 -4.8535E-04  1.0086E-04
  3.6487E-04 -7.0516E-02 -4.8940E-04  1.0170E-04
  3.6792E-04 -7.0883E-02 -4.9348E-04  1.0255E-04
  3.7098E-04 -7.1252E-02 -4.9759E-04  1.0340E-04
  3.7406E-04 -7.1621E-02 -5.0173E-04  1.0426E-04
  3.7717E-04 -7.1992E-02 -5.0589E-04  1.0513E-04
  3.8030E-04 -7.2364E-02 -5.1009E-04  1.0600E-04
  3.8345E-04 -7.2737E-02 -5.1431E-04  1.0688E-04
  3.8662E-04 -7.3112E-02 -5.1857E-04  1.0776E-04
  3.8981E-04 -7.3487E-02 -5.2285E-04  1.0865E-04
  3.9303E-04 -7.3864E-02 -5.2717E-04  1.0955E-04
  3.9627E-04 -7.4242E-02 -5.3151E-04  1.1045E-04
  3.9953E-04 -7.4621E-02 -5.3589E-04  1.1136E-04
  4.0282E-04 -7.5002E-02 -5.4029E-04  1.1227E-04
  4.0612E-04 -7.5383E-02 -5.4473E-04  1.1320E-04
  4.0946E-04 -7.5766E-02 -5.4920E-04  1.1412E-04
  4.1281E-04 -7.6150E-02 -5.5370E-04  1.1506E-04
  4.1619E-04 -7.6535E-02 -5.5823E-04  1.1600E-04
  4.1959E-04 -7.6922E-02 -5.6279E-04  1.1695E-04
  4.2301E-04 -7.7309E-02 -5.6739E-04  1.1790E-04
  4.2646E-04 -7.7698E-02 -5.7201E-04  1.1887E-04
  4.2994E-04 -7.8088E-02 -5.7667E-04  1.1983E-04
  4.3344E-04 -7.8479E-02 -5.8136E-04  1.2081E-04
  4.3696E-04 -7.8872E-02 -5.8609E-04  1.2179E-04
  4.4051E-04 -7.9265E-02 -5.9085E-04  1.2278E-04
  4.4408E-04 -7.9660E-02 -5.9564E-04  1.2377E-04
  4.4767E-04 -8.0056E-02 -6.0046E-04  1.2478E-04
  4.5130E-04 -8.0454E-02 -6.0532E-04  1.2579E-04
  4.5494E-04 -8.0852E-02 -6.1021E-04  1.2680E-04
  4.5862E-04 -8.1252E-02 -6.1514E-04  1.2783E-04
  4.6232E-04 -8.1653E-02 -6.2010E-04  1.2886E-04
  4.6604E-04 -8.2055E-02 -6.2510E-04  1.2990E-04
  4.6979E-04 -8.2458E-02 -6.3013E-04  1.3094E-04
  4.7357E-04 -8.2863E-02 -6.3519E-04  1.3199E-04
  4.7737E-04 -8.3269E-02 -6.4029E-04  1.3305E-04
  4.8120E-04 -8.3676E-02 -6.4543E-04  1.3412E-04
  4.8506E-04 -8.4084E-02 -6.5061E-04  1.3520E-04
  4.8894E-04 -8.4493E-02 -6.5582E-04  1.3628E-04
  4.9286E-04 -8.4904E-02 -6.6106E-04  1.3737E-04
  4.9679E-04 -8.5316E-02 -6.6635E-04  1.3847E-04
  5.0076E-04 -8.5729E-02 -6.7167E-04  1.3957E-04
  5.0476E-04 -8.6143E-02 -6.7702E-04  1.4069E-04
  5.0878E-04 -8.6559E-02 -6.8242E-04  1.4181E-04
  5.1283E-04 -8.6975E-02 -6.8785E-04  1.4294E-04
  5.1691E-04 -8.7393E-02 -6.9332E-04  1.4407E-04
  5.2101E-04 -8.7813E-02 -6.9883E-04  1.4522E-04
  5.2515E-04 -8.8233E-02 -7.0438E-04  1.4637E-04
  5.2932E-04 -8.8655E-02 -7.0997E-04  1.4753E-04
  5.3351E-04 -8.9078E-02 -7.1559E-04  1.4870E-04
  5.3773E-04 -8.9502E-02 -7.2126E-04  1.4988E-04
  5.4199E-04 -8.9927E-02 -7.2696E-04  1.5106E-04
  5.4627E-04 -9.0353E-02 -7.3271E-04  1.5226E-04
  5.5058E-04 -9.0781E-02 -7.3849E-04  1.5346E-04
  5.5493E-04 -9.1210E-02 -7.4432E-04  1.5467E-04
  5.5930E-04 -9.1640E-02 -7.5018E-04  1.5589E-04
  5.6371E-04 -9.2072E-02 -7.5609E-04  1.5712E-04
  5.6814E-04 -9.2504E-02 -7.6204E-04  1.5835E-04
  5.7261E-04 -9.2938E-02 -7.6803E-04  1.5960E-04
  5.7711E-04 -9.3373E-02 -7.7407E-04  1.6085E-04
  5.8163E-04 -9.3809E-02 -7.8014E-04  1.6211E-04
  5.8620E-04 -9.4246E-02 -7.8626E-04  1.6339E-04
  5.9079E-04 -9.4685E-02 -7.9242E-04  1.6467E-04
  5.9541E-04 -9.5125E-02 -7.9862E-04  1.6596E-04
  6.0007E-04 -9.5566E-02 -8.0487E-04  1.6725E-04
  6.0476E-04 -9.6008E-02 -8.1116E-04  1.6856E-04
  6.0948E-04 -9.6451E-02 -8.1750E-04  1.6988E-04
  6.1424E-04 -9.6896E-02 -8.2388E-04  1.7120E-04
  6.1903E-04 -9.7341E-02 -8.3030E-04  1.7254E-04
  6.2385E-04 -9.7788E-02 -8.3677E-04  1.7388E-04
  6.2871E-04 -9.8236E-02 -8.4328E-04  1.7524E-04
  6.3360E-04 -9.8686E-02 -8.4984E-04  1.7660E-04
  6.3853E-04 -9.9136E-02 -8.5645E-04  1.7797E-04
  6.4349E-04 -9.9588E-02 -8.6310E-04  1.7935E-04
  6.4848E-04 -1.0004E-01 -8.6980E-04  1.8075E-04
  6.5351E-04 -1.0049E-01 -8.7655E-04  1.8215E-04
  6.5858E-04 -1.0095E-01 -8.8334E-04  1.8356E-04
  6.6368E-04 -1.0141E-01 -8.9018E-04  1.8498E-04
  6.6881E-04 -1.0186E-01 -8.9707E-04  1.8641E-04
  6.7398E-04 -1.0232E-01 -9.0401E-04  1.8785E-04
  6.7919E-04 -1.0278E-01 -9.1099E-04  1.8931E-04
  6.8444E-04 -1.0324E-01 -9.1803E-04  1.9077E-04
  6.8972E-04 -1.0370E-01 -9.2511E-04  1.9224E-04
  6.9504E-04 -1.0417E-01 -9.3225E-04  1.9372E-04
  7.0039E-04 -1.0463E-01 -9.3943E-04  1.9522E-04
  7.0579E-04 -1.0510E-01 -9.4666E-04  1.9672E-04
  7.1122E-04 -1.0556E-01 -9.5395E-04  1.9823E-04
  7.1669E-04 -1.0603E-01 -9.6128E-04  1.9976E-04
  7.2219E-04 -1.0650E-01 -9.6867E-04  2.0129E-04
  7.2774E-04 -1.0697E-01 -9.7611E-04  2.0284E-04
  7.3333E-04 -1.0744E-01 -9.8360E-04  2.0439E-04
  7.3895E-04 -1.0791E-01 -9.9115E-04  2.0596E-04
  7.4461E-04 -1.0839E-01 -9.9874E-04  2.0754E-04
  7.5032E-04 -1.0886E-01 -1.0064E-03  2.0913E-04
  7.5606E-04 -1.0934E-01 -1.0141E-03  2.1073E-04
  7.6184E-04 -1.0981E-01 -1.0219E-03  2.1234E-04
  7.6767E-04 -1.1029E-01 -1.0297E-03  2.1397E-04
  7.7353E-04 -1.1077E-01 -1.0375E-03  2.1560E-04
  7.7944E-04 -1.1125E-01 -1.0455E-03  2.1725E-04
  7.8539E-04 -1.1173E-01 -1.0534E-03  2.1890E-04
  7.9138E-04 -1.1221E-01 -1.0615E-03  2.2057E-04
  7.9741E-04 -1.1270E-01 -1.0696E-03  2.2225E-04
  8.0348E-04 -1.1318E-01 -1.0777E-03  2.2395E-04
  8.0960E-04 -1.1366E-01 -1.0859E-03  2.2565E-04
  8.1575E-04 -1.1415E-01 -1.0942E-03  2.2737E-04
  8.2196E-04 -1.1464E-01 -1.1025E-03  2.2910E-04
  8.2820E-04 -1.1512E-01 -1.1109E-03  2.3084E-04
  8.3449E-04 -1.1561E-01 -1.1193E-03  2.3259E-04
  8.4082E-04 -1.1610E-01 -1.1278E-03  2.3436E-04
  8.4720E-04 -1.1659E-01 -1.1363E-03  2.3613E-04
  8.5362E-04 -1.1709E-01 -1.1450E-03  2.3792E-04
  8.6009E-04 -1.1758E-01 -1.1536E-03  2.3973E-04
  8.6660E-04 -1.1807E-01 -1.1624E-03  2.4154E-04
  8.7316E-04 -1.1857E-01 -1.1712E-03  2.4337E-04
  8.7977E-04 -1.1906E-01 -1.1800E-03  2.4521E-04
  8.8642E-04 -1.1956E-01 -1.1889E-03  2.4706E-04
  8.9311E-04 -1.2006E-01 -1.1979E-03  2.4893E-04
  8.9986E-04 -1.2056E-01 -1.2070E-03  2.5081E-04
  9.0665E-04 -1.2106E-01 -1.2161E-03  2.5270E-04
  9.1349E-04 -1.2156E-01 -1.2253E-03  2.5461E-04
  9.2038E-04 -1.2206E-01 -1.2345E-03  2.5653E-04
  9.2731E-04 -1.2256E-01 -1.2438E-03  2.5846E-04
  9.3429E-04 -1.2306E-01 -1.2532E-03  2.6041E-04
  9.4133E-04 -1.2357E-01 -1.2626E-03  2.6237E-04
  9.4841E-04 -1.2407E-01 -1.2721E-03  2.6434E-04
  9.5554E-04 -1.2458E-01 -1.2817E-03  2.6633E-04
  9.6272E-04 -1.2508E-01 -1.2913E-03  2.6833E-04
  9.6995E-04 -1.2559E-01 -1.3010E-03  2.7035E-04
  9.7724E-04 -1.2610E-01 -1.3108E-03  2.7238E-04
  9.8457E-04 -1.2661E-01 -1.3206E-03  2.7442E-04
  9.9196E-04 -1.2712E-01 -1.3305E-03  2.7648E-04
  9.9939E-04 -1.2763E-01 -1.3405E-03  2.7855E-04
  1.0069E-03 -1.2814E-01 -1.3505E-03  2.8064E-04
  1.0144E-03 -1.2865E-01 -1.3606E-03  2.8274E-04
  1.0220E-03 -1.2916E-01 -1.3708E-03  2.8486E-04
  1.0297E-03 -1.2968E-01 -1.3811E-03  2.8699E-04
  1.0374E-03 -1.3019E-01 -1.3914E-03  2.8913E-04
  1.0451E-03 -1.3070E-01 -1.4018E-03  2.9130E-04
  1.0529E-03 -1.3122E-01 -1.4123E-03  2.9347E-04
  1.0608E-03 -1.3173E-01 -1.4228E-03  2.9566E-04
  1.0687E-03 -1.3225E-01 -1.4335E-03  2.9787E-04
  1.0767E-03 -1.3277E-01 -1.4441E-03  3.0009E-04
  1.0847E-03 -1.3329E-01 -1.4549E-03  3.0233E-04
  1.0928E-03 -1.3380E-01 -1.4658E-03  3.0459E-04
  1.1010E-03 -1.3432E-01 -1.4767E-03  3.0686E-04
  1.1092E-03 -1.3484E-01 -1.4877E-03  3.0914E-04
  1.1174E-03 -1.3536E-01 -1.4988E-03  3.1144E-04
  1.1257E-03 -1.3588E-01 -1.5099E-03  3.1376E-04
  1.1341E-03 -1.3640E-01 -1.5212E-03  3.1609E-04
  1.1425E-03 -1.3693E-01 -1.5325E-03  3.1845E-04
  1.1510E-03 -1.3745E-01 -1.5439E-03  3.2081E-04
  1.1596E-03 -1.3797E-01 -1.5553E-03  3.2320E-04
  1.1682E-03 -1.3849E-01 -1.5669E-03  3.2560E-04
  1.1769E-03 -1.3902E-01 -1.5785E-03  3.2801E-04
  1.1856E-03 -1.3954E-01 -1.5902E-03  3.3045E-04
  1.1944E-03 -1.4007E-01 -1.6020E-03  3.3290E-04
  1.2032E-03 -1.4059E-01 -1.6139E-03  3.3537E-04
  1.2122E-03 -1.4112E-01 -1.6259E-03  3.3785E-04
  1.2211E-03 -1.4164E-01 -1.6379E-03  3.4035E-04
  1.2302E-03 -1.4217E-01 -1.6500E-03  3.4287E-04
  1.2393E-03 -1.4269E-01 -1.6622E-03  3.4541E-04
  1.2485E-03 -1.4322E-01 -1.6745E-03  3.4797E-04
  1.2577E-03 -1.4375E-01 -1.6869E-03  3.5054E-04
  1.2670E-03 -1.4427E-01 -1.6994E-03  3.5313E-04
  1.2764E-03 -1.4480E-01 -1.7120E-03  3.5574E-04
  1.2858E-03 -1.4533E-01 -1.7246E-03  3.5837E-04
  1.2953E-03 -1.4585E-01 -1.7373E-03  3.6102E-04
  1.3048E-03 -1.4638E-01 -1.7502E-03  3.6368E-04
  1.3145E-03 -1.4691E-01 -1.7631E-03  3.6637E-04
  1.3242E-03 -1.4744E-01 -1.7761E-03  3.6907E-04
  1.3339E-03 -1.4797E-01 -1.7892E-03  3.7179E-04
  1.3438E-03 -1.4849E-01 -1.8024E-03  3.7453E-04
  1.3537E-03 -1.4902E-01 -1.8157E-03  3.7729E-04
  1.3636E-03 -1.4955E-01 -1.8290E-03  3.8007E-04
  1.3737E-03 -1.5008E-01 -1.8425E-03  3.8287E-04
  1.3838E-03 -1.5061E-01 -1.8561E-03  3.8569E-04
  1.3940E-03 -1.5113E-01 -1.8697E-03  3.8853E-04
  1.4042E-03 -1.5166E-01 -1.8835E-03  3.9138E-04
  1.4146E-03 -1.5219E-01 -1.8973E-03  3.9426E-04
  1.4250E-03 -1.5272E-01 -1.9113E-03  3.9716E-04
  1.4354E-03 -1.5324E-01 -1.9253E-03  4.0008E-04
  1.4460E-03 -1.5377E-01 -1.9395E-03  4.0302E-04
  1.4566E-03 -1.5430E-01 -1.9537E-03  4.0598E-04
  1.4673E-03 -1.5483E-01 -1.9681E-03  4.0896E-04
  1.4781E-03 -1.5535E-01 -1.9825E-03  4.1196E-04
  1.4889E-03 -1.5588E-01 -1.9970E-03  4.1498E-04
  1.4998E-03 -1.5641E-01 -2.0117E-03  4.1802E-04
  1.5108E-03 -1.5693E-01 -2.0264E-03  4.2109E-04
  1.5219E-03 -1.5746E-01 -2.0413E-03  4.2417E-04
  1.5330E-03 -1.5798E-01 -2.0562E-03  4.2728E-04
  1.5443E-03 -1.5851E-01 -2.0713E-03  4.3041E-04
  1.5556E-03 -1.5903E-01 -2.0865E-03  4.3356E-04
  1.5670E-03 -1.5955E-01 -2.1018E-03  4.3674E-04
  1.5784E-03 -1.6008E-01 -2.1171E-03  4.3993E-04
  1.5900E-03 -1.6060E-01 -2.1326E-03  4.4315E-04
  1.6016E-03 -1.6112E-01 -2.1482E-03  4.4639E-04
  1.6133E-03 -1.6164E-01 -2.1639E-03  4.4965E-04
  1.6251E-03 -1.6216E-01 -2.1797E-03  4.5294E-04
  1.6370E-03 -1.6268E-01 -2.1957E-03  4.5625E-04
  1.6489E-03 -1.6320E-01 -2.2117E-03  4.5958E-04
  1.6610E-03 -1.6372E-01 -2.2279E-03  4.6294E-04
  1.6731E-03 -1.6424E-01 -2.2441E-03  4.6632E-04
  1.6853E-03 -1.6475E-01 -2.2605E-03  4.6972E-04
  1.6976E-03 -1.6527E-01 -2.2770E-03  4.7315E-04
  1.7100E-03 -1.6578E-01 -2.2936E-03  4.7660E-04
  1.7225E-03 -1.6630E-01 -2.3103E-03  4.8007E-04
  1.7350E-03 -1.6681E-01 -2.3272E-03  4.8357E-04
  1.7477E-03 -1.6732E-01 -2.3441E-03  4.8710E-04
  1.7604E-03 -1.6783E-01 -2.3612E-03  4.9064E-04
  1.7732E-03 -1.6834E-01 -2.3784E-03  4.9422E-04
  1.7861E-03 -1.6885E-01 -2.3957E-03  4.9782E-04
  1.7991E-03 -1.6936E-01 -2.4132E-03  5.0144E-04
  1.8122E-03 -1.6987E-01 -2.4307E-03  5.0509E-04
  1.8254E-03 -1.7037E-01 -2.4484E-03  5.0876E-04
  1.8387E-03 -1.7088E-01 -2.4662E-03  5.1246E-04
  1.8521E-03 -1.7138E-01 -2.4841E-03  5.1619E-04
  1.8655E-03 -1.7188E-01 -2.5022E-03  5.1994E-04
  1.8791E-03 -1.7238E-01 -2.5204E-03  5.2372E-04
  1.8928E-03 -1.7288E-01 -2.5387E-03  5.2753E-04
  1.9065E-03 -1.7337E-01 -2.5572E-03  5.3136E-04
  1.9203E-03 -1.7387E-01 -2.5757E-03  5.3522E-04
  1.9343E-03 -1.7436E-01 -2.5944E-03  5.3910E-04
  1.9483E-03 -1.7486E-01 -2.6133E-03  5.4302E-04
  1.9625E-03 -1.7535E-01 -2.6322E-03  5.4696E-04
  1.9767E-03 -1.7583E-01 -2.6513E-03  5.5092E-04
  1.9911E-03 -1.7632E-01 -2.6706E-03  5.5492E-04
  2.0055E-03 -1.7681E-01 -2.6899E-03  5.5894E-04
  2.0200E-03 -1.7729E-01 -2.7094E-03  5.6300E-04
  2.0347E-03 -1.7777E-01 -2.7291E-03  5.6708E-04
  2.0494E-03 -1.7825E-01 -2.7488E-03  5.7119E-04
  2.0643E-03 -1.7873E-01 -2.7688E-03  5.7532E-04
  2.0792E-03 -1.7920E-01 -2.7888E-03  5.7949E-04
  2.0943E-03 -1.7968E-01 -2.8090E-03  5.8369E-04
  2.1094E-03 -1.8015E-01 -2.8293E-03  5.8791E-04
  2.1247E-03 -1.8062E-01 -2.8498E-03  5.9217E-04
  2.1401E-03 -1.8108E-01 -2.8704E-03  5.9645E-04
  2.1556E-03 -1.8155E-01 -2.8912E-03  6.0077E-04
  2.1712E-03 -1.8201E-01 -2.9121E-03  6.0511E-04
  2.1869E-03 -1.8247E-01 -2.9332E-03  6.0949E-04
  2.2027E-03 -1.8293E-01 -2.9544E-03  6.1389E-04
  2.2186E-03 -1.8338E-01 -2.9757E-03  6.1833E-04
  2.2346E-03 -1.8383E-01 -2.9972E-03  6.2280E-04
  2.2508E-03 -1.8428E-01 -3.0189E-03  6.2730E-04
  2.2670E-03 -1.8473E-01 -3.0407E-03  6.3183E-04
  2.2834E-03 -1.8517E-01 -3.0627E-03  6.3639E-04
  2.2999E-03 -1.8562E-01 -3.0848E-03  6.4098E-04
  2.3165E-03 -1.8605E-01 -3.1071E-03  6.4561E-04
  2.3332E-03 -1.8649E-01 -3.1295E-03  6.5027E-04
  2.3501E-03 -1.8692E-01 -3.1521E-03  6.5496E-04
  2.3670E-03 -1.8735E-01 -3.1748E-03  6.5969E-04
  2.3841E-03 -1.8778E-01 -3.1977E-03  6.6444E-04
  2.4013E-03 -1.8820E-01 -3.2208E-03  6.6923E-04
  2.4186E-03 -1.8862E-01 -3.2440E-03  6.7406E-04
  2.4360E-03 -1.8904E-01 -3.2674E-03  6.7892E-04
  2.4536E-03 -1.8945E-01 -3.2909E-03  6.8381E-04
  2.4713E-03 -1.8986E-01 -3.3146E-03  6.8874E-04
  2.4891E-03 -1.9027E-01 -3.3385E-03  6.9370E-04
  2.5070E-03 -1.9067E-01 -3.3626E-03  6.9869E-04
  2.5251E-03 -1.9107E-01 -3.3868E-03  7.0372E-04
  2.5432E-03 -1.9147E-01 -3.4112E-03  7.0879E-04
  2.5615E-03 -1.9186E-01 -3.4357E-03  7.1389E-04
  2.5800E-03 -1.9225E-01 -3.4605E-03  7.1903E-04
  2.5985E-03 -1.9263E-01 -3.4854E-03  7.2420E-04
  2.6172E-03 -1.9301E-01 -3.5104E-03  7.2941E-04
  2.6361E-03 -1.9339E-01 -3.5357E-03  7.3466E-04
  2.6550E-03 -1.9376E-01 -3.5611E-03  7.3994E-04
  2.6741E-03 -1.9413E-01 -3.5867E-03  7.4526E-04
  2.6934E-03 -1.9450E-01 -3.6125E-03  7.5062E-04
  2.7127E-03 -1.9486E-01 -3.6385E-03  7.5601E-04
  2.7322E-03 -1.9521E-01 -3.6646E-03  7.6145E-04
  2.7518E-03 -1.9556E-01 -3.6910E-03  7.6692E-04
  2.7716E-03 -1.9591E-01 -3.7175E-03  7.7242E-04
  2.7915E-03 -1.9625E-01 -3.7442E-03  7.7797E-04
  2.8116E-03 -1.9659E-01 -3.7711E-03  7.8356E-04
  2.8318E-03 -1.9692E-01 -3.7981E-03  7.8918E-04
  2.8521E-03 -1.9725E-01 -3.8254E-03  7.9485E-04
  2.8726E-03 -1.9757E-01 -3.8529E-03  8.0055E-04
  2.8932E-03 -1.9789E-01 -3.8805E-03  8.0630E-04
  2.9139E-03 -1.9821E-01 -3.9084E-03  8.1208E-04
  2.9349E-03 -1.9851E-01 -3.9364E-03  8.1791E-04
  2.9559E-03 -1.9882E-01 -3.9647E-03  8.2377E-04
  2.9771E-03 -1.9911E-01 -3.9931E-03  8.2968E-04
  2.9985E-03 -1.9941E-01 -4.0217E-03  8.3563E-04
  3.0200E-03 -1.9969E-01 -4.0506E-03  8.4162E-04
  3.0416E-03 -1.9998E-01 -4.0796E-03  8.4765E-04
  3.0634E-03 -2.0025E-01 -4.1088E-03  8.5372E-04
  3.0854E-03 -2.0052E-01 -4.1383E-03  8.5984E-04
  3.1075E-03 -2.0079E-01 -4.1679E-03  8.6600E-04
  3.1297E-03 -2.0105E-01 -4.1978E-03  8.7220E-04
  3.1522E-03 -2.0130E-01 -4.2279E-03  8.7845E-04
  3.1747E-03 -2.0155E-01 -4.2581E-03  8.8474E-04
  3.1975E-03 -2.0179E-01 -4.2886E-03  8.9107E-04
  3.2204E-03 -2.0202E-01 -4.3193E-03  8.9745E-04
  3.2434E-03 -2.0225E-01 -4.3503E-03  9.0387E-04
  3.2666E-03 -2.0247E-01 -4.3814E-03  9.1034E-04
  3.2900E-03 -2.0269E-01 -4.4128E-03  9.1685E-04
  3.3136E-03 -2.0290E-01 -4.4443E-03  9.2341E-04
  3.3373E-03 -2.0310E-01 -4.4761E-03  9.3002E-04
  3.3611E-03 -2.0329E-01 -4.5082E-03  9.3667E-04
  3.3852E-03 -2.0348E-01 -4.5404E-03  9.4336E-04
  3.4094E-03 -2.0366E-01 -4.5729E-03  9.5011E-04
  3.4338E-03 -2.0384E-01 -4.6056E-03  9.5690E-04
  3.4583E-03 -2.0401E-01 -4.6385E-03  9.6374E-04
  3.4830E-03 -2.0417E-01 -4.6716E-03  9.7063E-04
  3.5079E-03 -2.0432E-01 -4.7050E-03  9.7756E-04
  3.5330E-03 -2.0447E-01 -4.7387E-03  9.8455E-04
  3.5583E-03 -2.0461E-01 -4.7725E-03  9.9158E-04
  3.5837E-03 -2.0474E-01 -4.8066E-03  9.9866E-04
  3.6093E-03 -2.0486E-01 -4.8410E-03  1.0058E-03
  3.6351E-03 -2.0498E-01 -4.8755E-03  1.0130E-03
  3.6610E-03 -2.0508E-01 -4.9103E-03  1.0202E-03
  3.6872E-03 -2.0518E-01 -4.9454E-03  1.0275E-03
  3.7135E-03 -2.0528E-01 -4.9807E-03  1.0348E-03
  3.7400E-03 -2.0536E-01 -5.0163E-03  1.0422E-03
  3.7667E-03 -2.0544E-01 -5.0521E-03  1.0496E-03
  3.7936E-03 -2.0550E-01 -5.0881E-03  1.0571E-03
  3.8207E-03 -2.0556E-01 -5.1244E-03  1.0647E-03
  3.8479E-03 -2.0561E-01 -5.1610E-03  1.0723E-03
  3.8754E-03 -2.0565E-01 -5.1978E-03  1.0799E-03
  3.9030E-03 -2.0569E-01 -5.2349E-03  1.0876E-03
  3.9309E-03 -2.0571E-01 -5.2722E-03  1.0954E-03
  3.9589E-03 -2.0572E-01 -5.3098E-03  1.1032E-03
  3.9871E-03 -2.0573E-01 -5.3477E-03  1.1110E-03
  4.0155E-03 -2.0573E-01 -5.3858E-03  1.1190E-03
  4.0442E-03 -2.0571E-01 -5.4242E-03  1.1269E-03
  4.0730E-03 -2.0569E-01 -5.4629E-03  1.1350E-03
  4.1020E-03 -2.0566E-01 -5.5018E-03  1.1430E-03
  4.1313E-03 -2.0562E-01 -5.5410E-03  1.1512E-03
  4.1607E-03 -2.0557E-01 -5.5805E-03  1.1594E-03
  4.1904E-03 -2.0551E-01 -5.6203E-03  1.1676E-03
  4.2202E-03 -2.0544E-01 -5.6603E-03  1.1759E-03
  4.2503E-03 -2.0535E-01 -5.7006E-03  1.1843E-03
  4.2805E-03 -2.0526E-01 -5.7412E-03  1.1928E-03
  4.3110E-03 -2.0516E-01 -5.7821E-03  1.2012E-03
  4.3417E-03 -2.0505E-01 -5.8233E-03  1.2098E-03
  4.3726E-03 -2.0493E-01 -5.8647E-03  1.2184E-03
  4.4038E-03 -2.0480E-01 -5.9065E-03  1.2271E-03
  4.4351E-03 -2.0465E-01 -5.9485E-03  1.2358E-03
  4.4667E-03 -2.0450E-01 -5.9909E-03  1.2446E-03
  4.4985E-03 -2.0433E-01 -6.0335E-03  1.2534E-03
  4.5305E-03 -2.0416E-01 -6.0764E-03  1.2624E-03
  4.5627E-03 -2.0397E-01 -6.1197E-03  1.2713E-03
  4.5952E-03 -2.0377E-01 -6.1632E-03  1.2804E-03
  4.6279E-03 -2.0356E-01 -6.2070E-03  1.2895E-03
  4.6608E-03 -2.0334E-01 -6.2512E-03  1.2986E-03
  4.6939E-03 -2.0310E-01 -6.2956E-03  1.3079E-03
  4.7273E-03 -2.0286E-01 -6.3404E-03  1.3172E-03
  4.7609E-03 -2.0260E-01 -6.3855E-03  1.3265E-03
  4.7948E-03 -2.0233E-01 -6.4309E-03  1.3360E-03
  4.8289E-03 -2.0205E-01 -6.4766E-03  1.3454E-03
  4.8632E-03 -2.0175E-01 -6.5226E-03  1.3550E-03
  4.8978E-03 -2.0145E-01 -6.5690E-03  1.3646E-03
  4.9326E-03 -2.0113E-01 -6.6157E-03  1.3743E-03
  4.9677E-03 -2.0080E-01 -6.6627E-03  1.3841E-03
  5.0030E-03 -2.0045E-01 -6.7100E-03  1.3939E-03
  5.0385E-03 -2.0010E-01 -6.7577E-03  1.4038E-03
  5.0743E-03 -1.9973E-01 -6.8057E-03  1.4138E-03
  5.1103E-03 -1.9934E-01 -6.8541E-03  1.4238E-03
  5.1466E-03 -1.9895E-01 -6.9027E-03  1.4339E-03
  5.1832E-03 -1.9854E-01 -6.9518E-03  1.4441E-03
  5.2200E-03 -1.9812E-01 -7.0011E-03  1.4543E-03
  5.2571E-03 -1.9768E-01 -7.0508E-03  1.4647E-03
  5.2944E-03 -1.9723E-01 -7.1009E-03  1.4750E-03
  5.3320E-03 -1.9676E-01 -7.1513E-03  1.4855E-03
  5.3699E-03 -1.9629E-01 -7.2021E-03  1.4960E-03
  5.4080E-03 -1.9579E-01 -7.2532E-03  1.5067E-03
  5.4464E-03 -1.9529E-01 -7.3047E-03  1.5173E-03
  5.4850E-03 -1.9477E-01 -7.3565E-03  1.5281E-03
  5.5239E-03 -1.9423E-01 -7.4087E-03  1.5389E-03
  5.5631E-03 -1.9368E-01 -7.4613E-03  1.5498E-03
  5.6026E-03 -1.9312E-01 -7.5142E-03  1.5608E-03
  5.6424E-03 -1.9254E-01 -7.5675E-03  1.5719E-03
  5.6824E-03 -1.9194E-01 -7.6212E-03  1.5830E-03
  5.7227E-03 -1.9134E-01 -7.6753E-03  1.5943E-03
  5.7633E-03 -1.9071E-01 -7.7297E-03  1.6055E-03
  5.8042E-03 -1.9007E-01 -7.7845E-03  1.6169E-03
  5.8453E-03 -1.8942E-01 -7.8397E-03  1.6284E-03
  5.8868E-03 -1.8875E-01 -7.8953E-03  1.6399E-03
  5.9285E-03 -1.8806E-01 -7.9513E-03  1.6515E-03
  5.9706E-03 -1.8736E-01 -8.0076E-03  1.6632E-03
  6.0129E-03 -1.8664E-01 -8.0644E-03  1.6750E-03
  6.0555E-03 -1.8591E-01 -8.1216E-03  1.6869E-03
  6.0985E-03 -1.8516E-01 -8.1791E-03  1.6988E-03
  6.1417E-03 -1.8439E-01 -8.2371E-03  1.7108E-03
  6.1852E-03 -1.8361E-01 -8.2955E-03  1.7229E-03
  6.2290E-03 -1.8281E-01 -8.3542E-03  1.7351E-03
  6.2732E-03 -1.8199E-01 -8.4134E-03  1.7474E-03
  6.3176E-03 -1.8116E-01 -8.4730E-03  1.7598E-03
  6.3624E-03 -1.8031E-01 -8.5331E-03  1.7722E-03
  6.4075E-03 -1.7945E-01 -8.5935E-03  1.7848E-03
  6.4529E-03 -1.7857E-01 -8.6544E-03  1.7974E-03
  6.4986E-03 -1.7767E-01 -8.7157E-03  1.8101E-03
  6.5446E-03 -1.7675E-01 -8.7774E-03  1.8229E-03
  6.5910E-03 -1.7581E-01 -8.8396E-03  1.8358E-03
  6.6376E-03 -1.7486E-01 -8.9021E-03  1.8488E-03
  6.6846E-03 -1.7389E-01 -8.9652E-03  1.8619E-03
  6.7320E-03 -1.7290E-01 -9.0286E-03  1.8751E-03
  6.7796E-03 -1.7190E-01 -9.0926E-03  1.8883E-03
  6.8276E-03 -1.7088E-01 -9.1569E-03  1.9017E-03
  6.8760E-03 -1.6983E-01 -9.2217E-03  1.9151E-03
  6.9247E-03 -1.6877E-01 -9.2870E-03  1.9286E-03
  6.9737E-03 -1.6770E-01 -9.3527E-03  1.9423E-03
  7.0230E-03 -1.6660E-01 -9.4189E-03  1.9560E-03
  7.0727E-03 -1.6549E-01 -9.4856E-03  1.9698E-03
  7.1228E-03 -1.6435E-01 -9.5527E-03  1.9837E-03
  7.1732E-03 -1.6320E-01 -9.6203E-03  1.9978E-03
  7.2240E-03 -1.6203E-01 -9.6883E-03  2.0119E-03
  7.2751E-03 -1.6084E-01 -9.7569E-03  2.0261E-03
  7.3265E-03 -1.5964E-01 -9.8259E-03  2.0404E-03
  7.3784E-03 -1.5841E-01 -9.8954E-03  2.0548E-03
  7.4306E-03 -1.5716E-01 -9.9654E-03  2.0693E-03
  7.4831E-03 -1.5590E-01 -1.0036E-02  2.0839E-03
  7.5361E-03 -1.5461E-01 -1.0107E-02  2.0986E-03
  7.5894E-03 -1.5331E-01 -1.0178E-02  2.1135E-03
  7.6430E-03 -1.5199E-01 -1.0250E-02  2.1284E-03
  7.6971E-03 -1.5064E-01 -1.0323E-02  2.1434E-03
  7.7515E-03 -1.4928E-01 -1.0396E-02  2.1585E-03
  7.8063E-03 -1.4790E-01 -1.0469E-02  2.1738E-03
  7.8615E-03 -1.4650E-01 -1.0543E-02  2.1891E-03
  7.9171E-03 -1.4507E-01 -1.0618E-02  2.2046E-03
  7.9731E-03 -1.4363E-01 -1.0693E-02  2.2201E-03
  8.0295E-03 -1.4217E-01 -1.0768E-02  2.2358E-03
  8.0862E-03 -1.4069E-01 -1.0844E-02  2.2515E-03
  8.1434E-03 -1.3919E-01 -1.0921E-02  2.2674E-03
  8.2009E-03 -1.3767E-01 -1.0998E-02  2.2834E-03
  8.2589E-03 -1.3612E-01 -1.1076E-02  2.2995E-03
  8.3173E-03 -1.3456E-01 -1.1154E-02  2.3157E-03
  8.3760E-03 -1.3298E-01 -1.1233E-02  2.3321E-03
  8.4352E-03 -1.3137E-01 -1.1312E-02  2.3485E-03
  8.4948E-03 -1.2975E-01 -1.1392E-02  2.3651E-03
  8.5548E-03 -1.2811E-01 -1.1473E-02  2.3817E-03
  8.6153E-03 -1.2644E-01 -1.1554E-02  2.3985E-03
  8.6762E-03 -1.2476E-01 -1.1635E-02  2.4154E-03
  8.7374E-03 -1.2305E-01 -1.1717E-02  2.4325E-03
  8.7992E-03 -1.2132E-01 -1.1800E-02  2.4496E-03
  8.8613E-03 -1.1958E-01 -1.1884E-02  2.4669E-03
  8.9239E-03 -1.1781E-01 -1.1967E-02  2.4842E-03
  8.9869E-03 -1.1602E-01 -1.2052E-02  2.5017E-03
  9.0504E-03 -1.1421E-01 -1.2137E-02  2.5194E-03
  9.1143E-03 -1.1238E-01 -1.2223E-02  2.5371E-03
  9.1787E-03 -1.1053E-01 -1.2309E-02  2.5550E-03
  9.2435E-03 -1.0865E-01 -1.2396E-02  2.5730E-03
  9.3088E-03 -1.0676E-01 -1.2483E-02  2.5911E-03
  9.3745E-03 -1.0485E-01 -1.2572E-02  2.6093E-03
  9.4407E-03 -1.0291E-01 -1.2660E-02  2.6277E-03
  9.5073E-03 -1.0096E-01 -1.2750E-02  2.6462E-03
  9.5745E-03 -9.8980E-02 -1.2840E-02  2.6648E-03
  9.6420E-03 -9.6982E-02 -1.2930E-02  2.6836E-03
  9.7101E-03 -9.4964E-02 -1.3021E-02  2.7025E-03
  9.7786E-03 -9.2925E-02 -1.3113E-02  2.7215E-03
  9.8477E-03 -9.0865E-02 -1.3206E-02  2.7407E-03
  9.9172E-03 -8.8784E-02 -1.3299E-02  2.7599E-03
  9.9872E-03 -8.6683E-02 -1.3393E-02  2.7794E-03
  1.0058E-02 -8.4561E-02 -1.3487E-02  2.7989E-03
  1.0129E-02 -8.2418E-02 -1.3582E-02  2.8186E-03
  1.0200E-02 -8.0255E-02 -1.3678E-02  2.8384E-03
  1.0272E-02 -7.8070E-02 -1.3775E-02  2.8584E-03
  1.0345E-02 -7.5866E-02 -1.3872E-02  2.8785E-03
  1.0418E-02 -7.3641E-02 -1.3970E-02  2.8987E-03
  1.0491E-02 -7.1395E-02 -1.4068E-02  2.9191E-03
  1.0565E-02 -6.9130E-02 -1.4167E-02  2.9396E-03
  1.0640E-02 -6.6844E-02 -1.4267E-02  2.9603E-03
  1.0715E-02 -6.4537E-02 -1.4368E-02  2.9811E-03
  1.0790E-02 -6.2211E-02 -1.4469E-02  3.0021E-03
  1.0866E-02 -5.9865E-02 -1.4571E-02  3.0232E-03
  1.0943E-02 -5.7498E-02 -1.4674E-02  3.0444E-03
  1.1020E-02 -5.5112E-02 -1.4777E-02  3.0658E-03
  1.1098E-02 -5.2706E-02 -1.4881E-02  3.0873E-03
  1.1176E-02 -5.0281E-02 -1.4986E-02  3.1090E-03
  1.1255E-02 -4.7836E-02 -1.5092E-02  3.1309E-03
  1.1334E-02 -4.5371E-02 -1.5198E-02  3.1529E-03
  1.1414E-02 -4.2888E-02 -1.5305E-02  3.1750E-03
  1.1495E-02 -4.0385E-02 -1.5413E-02  3.1973E-03
  1.1576E-02 -3.7863E-02 -1.5522E-02  3.2197E-03
  1.1657E-02 -3.5323E-02 -1.5631E-02  3.2424E-03
  1.1740E-02 -3.2763E-02 -1.5741E-02  3.2651E-03
  1.1822E-02 -3.0186E-02 -1.5852E-02  3.2880E-03
  1.1906E-02 -2.7589E-02 -1.5964E-02  3.3111E-03
  1.1990E-02 -2.4975E-02 -1.6076E-02  3.3343E-03
  1.2074E-02 -2.2343E-02 -1.6190E-02  3.3577E-03
  1.2159E-02 -1.9693E-02 -1.6304E-02  3.3813E-03
  1.2245E-02 -1.7025E-02 -1.6419E-02  3.4050E-03
  1.2331E-02 -1.4340E-02 -1.6534E-02  3.4289E-03
  1.2418E-02 -1.1637E-02 -1.6651E-02  3.4530E-03
  1.2506E-02 -8.9180E-03 -1.6768E-02  3.4772E-03
  1.2594E-02 -6.1818E-03 -1.6886E-02  3.5016E-03
  1.2682E-02 -3.4291E-03 -1.7005E-02  3.5261E-03
  1.2772E-02 -6.6003E-04 -1.7125E-02  3.5508E-03
  1.2862E-02  2.1251E-03 -1.7245E-02  3.5757E-03
  1.2952E-02  4.9260E-03 -1.7367E-02  3.6008E-03
  1.3044E-02  7.7425E-03 -1.7489E-02  3.6260E-03
  1.3136E-02  1.0574E-02 -1.7612E-02  3.6515E-03
  1.3228E-02  1.3421E-02 -1.7736E-02  3.6770E-03
  1.3321E-02  1.6283E-02 -1.7861E-02  3.7028E-03
  1.3415E-02  1.9159E-02 -1.7987E-02  3.7287E-03
  1.3510E-02  2.2049E-02 -1.8113E-02  3.7549E-03
  1.3605E-02  2.4953E-02 -1.8241E-02  3.7812E-03
  1.3701E-02  2.7870E-02 -1.8369E-02  3.8076E-03
  1.3797E-02  3.0801E-02 -1.8498E-02  3.8343E-03
  1.3894E-02  3.3745E-02 -1.8629E-02  3.8612E-03
  1.3992E-02  3.6701E-02 -1.8760E-02  3.8882E-03
  1.4091E-02  3.9669E-02 -1.8892E-02  3.9154E-03
  1.4190E-02  4.2650E-02 -1.9025E-02  3.9428E-03
  1.4290E-02  4.5641E-02 -1.9158E-02  3.9704E-03
  1.4391E-02  4.8644E-02 -1.9293E-02  3.9982E-03
  1.4492E-02  5.1657E-02 -1.9429E-02  4.0262E-03
  1.4594E-02  5.4681E-02 -1.9566E-02  4.0543E-03
  1.4697E-02  5.7715E-02 -1.9703E-02  4.0827E-03
  1.4800E-02  6.0758E-02 -1.9842E-02  4.1112E-03
  1.4905E-02  6.3810E-02 -1.9982E-02  4.1400E-03
  1.5009E-02  6.6871E-02 -2.0122E-02  4.1689E-03
  1.5115E-02  6.9940E-02 -2.0264E-02  4.1981E-03
  1.5222E-02  7.3017E-02 -2.0406E-02  4.2274E-03
  1.5329E-02  7.6101E-02 -2.0550E-02  4.2570E-03
  1.5437E-02  7.9192E-02 -2.0694E-02  4.2867E-03
  1.5545E-02  8.2290E-02 -2.0840E-02  4.3167E-03
  1.5655E-02  8.5393E-02 -2.0986E-02  4.3468E-03
  1.5765E-02  8.8501E-02 -2.1134E-02  4.3772E-03
  1.5876E-02  9.1615E-02 -2.1282E-02  4.4078E-03
  1.5988E-02  9.4733E-02 -2.1432E-02  4.4385E-03
  1.6100E-02  9.7854E-02 -2.1583E-02  4.4695E-03
  1.6214E-02  1.0098E-01 -2.1735E-02  4.5007E-03
  1.6328E-02  1.0411E-01 -2.1887E-02  4.5322E-03
  1.6443E-02  1.0724E-01 -2.2041E-02  4.5638E-03
  1.6558E-02  1.1037E-01 -2.2196E-02  4.5956E-03
  1.6675E-02  1.1350E-01 -2.2352E-02  4.6277E-03
  1.6792E-02  1.1663E-01 -2.2509E-02  4.6600E-03
  1.6910E-02  1.1977E-01 -2.2668E-02  4.6925E-03
  1.7029E-02  1.2290E-01 -2.2827E-02  4.7252E-03
  1.7149E-02  1.2603E-01 -2.2987E-02  4.7582E-03
  1.7270E-02  1.2916E-01 -2.3149E-02  4.7913E-03
  1.7391E-02  1.3228E-01 -2.3311E-02  4.8247E-03
  1.7514E-02  1.3541E-01 -2.3475E-02  4.8584E-03
  1.7637E-02  1.3853E-01 -2.3640E-02  4.8922E-03
  1.7761E-02  1.4164E-01 -2.3806E-02  4.9263E-03
  1.7886E-02  1.4475E-01 -2.3974E-02  4.9606E-03
  1.8012E-02  1.4785E-01 -2.4142E-02  4.9952E-03
  1.8139E-02  1.5095E-01 -2.4312E-02  5.0300E-03
  1.8266E-02  1.5404E-01 -2.4482E-02  5.0650E-03
  1.8395E-02  1.5712E-01 -2.4654E-02  5.1002E-03
  1.8524E-02  1.6019E-01 -2.4828E-02  5.1357E-03
  1.8654E-02  1.6326E-01 -2.5002E-02  5.1715E-03
  1.8786E-02  1.6631E-01 -2.5178E-02  5.2075E-03
  1.8918E-02  1.6935E-01 -2.5354E-02  5.2437E-03
  1.9051E-02  1.7238E-01 -2.5532E-02  5.2802E-03
  1.9185E-02  1.7540E-01 -2.5712E-02  5.3169E-03
  1.9320E-02  1.7840E-01 -2.5892E-02  5.3538E-03
  1.9456E-02  1.8139E-01 -2.6074E-02  5.3910E-03
  1.9593E-02  1.8436E-01 -2.6257E-02  5.4285E-03
  1.9730E-02  1.8732E-01 -2.6442E-02  5.4662E-03
  1.9869E-02  1.9027E-01 -2.6627E-02  5.5042E-03
  2.0009E-02  1.9319E-01 -2.6814E-02  5.5424E-03
  2.0150E-02  1.9610E-01 -2.7002E-02  5.5809E-03
  2.0291E-02  1.9898E-01 -2.7192E-02  5.6197E-03
  2.0434E-02  2.0185E-01 -2.7383E-02  5.6587E-03
  2.0578E-02  2.0470E-01 -2.7575E-02  5.6980E-03
  2.0722E-02  2.0752E-01 -2.7769E-02  5.7375E-03
  2.0868E-02  2.1032E-01 -2.7964E-02  5.7773E-03
  2.1015E-02  2.1310E-01 -2.8160E-02  5.8174E-03
  2.1163E-02  2.1586E-01 -2.8357E-02  5.8577E-03
  2.1311E-02  2.1859E-01 -2.8556E-02  5.8983E-03
  2.1461E-02  2.2129E-01 -2.8757E-02  5.9392E-03
  2.1612E-02  2.2396E-01 -2.8959E-02  5.9803E-03
  2.1764E-02  2.2661E-01 -2.9162E-02  6.0218E-03
  2.1917E-02  2.2923E-01 -2.9366E-02  6.0635E-03
  2.2071E-02  2.3182E-01 -2.9572E-02  6.1055E-03
  2.2226E-02  2.3437E-01 -2.9780E-02  6.1477E-03
  2.2383E-02  2.3690E-01 -2.9989E-02  6.1903E-03
  2.2540E-02  2.3939E-01 -3.0199E-02  6.2331E-03
  2.2699E-02  2.4185E-01 -3.0411E-02  6.2762E-03
  2.2858E-02  2.4427E-01 -3.0624E-02  6.3196E-03
  2.3019E-02  2.4666E-01 -3.0839E-02  6.3633E-03
  2.3181E-02  2.4901E-01 -3.1055E-02  6.4073E-03
  2.3344E-02  2.5132E-01 -3.1273E-02  6.4516E-03
  2.3508E-02  2.5359E-01 -3.1492E-02  6.4962E-03
  2.3673E-02  2.5582E-01 -3.1713E-02  6.5410E-03
  2.3839E-02  2.5801E-01 -3.1936E-02  6.5862E-03
  2.4007E-02  2.6016E-01 -3.2159E-02  6.6317E-03
  2.4176E-02  2.6227E-01 -3.2385E-02  6.6774E-03
  2.4345E-02  2.6433E-01 -3.2612E-02  6.7235E-03
  2.4517E-02  2.6635E-01 -3.2841E-02  6.7699E-03
  2.4689E-02  2.6832E-01 -3.3071E-02  6.8165E-03
  2.4862E-02  2.7024E-01 -3.3303E-02  6.8635E-03
  2.5037E-02  2.7212E-01 -3.3536E-02  6.9108E-03
  2.5213E-02  2.7395E-01 -3.3771E-02  6.9584E-03
  2.5390E-02  2.7572E-01 -3.4008E-02  7.0064E-03
  2.5569E-02  2.7744E-01 -3.4246E-02  7.0546E-03
  2.5748E-02  2.7912E-01 -3.4486E-02  7.1032E-03
  2.5929E-02  2.8073E-01 -3.4728E-02  7.1520E-03
  2.6112E-02  2.8230E-01 -3.4971E-02  7.2012E-03
  2.6295E-02  2.8380E-01 -3.5216E-02  7.2507E-03
  2.6480E-02  2.8525E-01 -3.5463E-02  7.3006E-03
  2.6666E-02  2.8665E-01 -3.5711E-02  7.3507E-03
  2.6853E-02  2.8798E-01 -3.5961E-02  7.4012E-03
  2.7042E-02  2.8925E-01 -3.6213E-02  7.4520E-03
  2.7232E-02  2.9047E-01 -3.6467E-02  7.5032E-03
  2.7423E-02  2.9162E-01 -3.6722E-02  7.5547E-03
  2.7616E-02  2.9270E-01 -3.6979E-02  7.6065E-03
  2.7810E-02  2.9373E-01 -3.7238E-02  7.6587E-03
  2.8005E-02  2.9468E-01 -3.7499E-02  7.7112E-03
  2.8202E-02  2.9557E-01 -3.7761E-02  7.7640E-03
  2.8400E-02  2.9640E-01 -3.8026E-02  7.8172E-03
  2.8600E-02  2.9715E-01 -3.8292E-02  7.8707E-03
  2.8801E-02  2.9784E-01 -3.8560E-02  7.9246E-03
  2.9003E-02  2.9845E-01 -3.8830E-02  7.9788E-03
  2.9207E-02  2.9900E-01 -3.9102E-02  8.0333E-03
  2.9412E-02  2.9947E-01 -3.9375E-02  8.0882E-03
  2.9619E-02  2.9987E-01 -3.9651E-02  8.1435E-03
  2.9827E-02  3.0019E-01 -3.9928E-02  8.1991E-03
  3.0036E-02  3.0044E-01 -4.0208E-02  8.2551E-03
  3.0247E-02  3.0061E-01 -4.0489E-02  8.3114E-03
  3.0460E-02  3.0071E-01 -4.0772E-02  8.3681E-03
  3.0674E-02  3.0072E-01 -4.1058E-02  8.4252E-03
  3.0889E-02  3.0066E-01 -4.1345E-02  8.4826E-03
  3.1106E-02  3.0052E-01 -4.1634E-02  8.5404E-03
  3.1325E-02  3.0029E-01 -4.1925E-02  8.5985E-03
  3.1545E-02  2.9998E-01 -4.2218E-02  8.6570E-03
  3.1766E-02  2.9959E-01 -4.2514E-02  8.7159E-03
  3.1989E-02  2.9912E-01 -4.2811E-02  8.7752E-03
  3.2214E-02  2.9856E-01 -4.3110E-02  8.8348E-03
  3.2440E-02  2.9792E-01 -4.3411E-02  8.8948E-03
  3.2668E-02  2.9719E-01 -4.3715E-02  8.9552E-03
  3.2898E-02  2.9637E-01 -4.4021E-02  9.0160E-03
  3.3129E-02  2.9547E-01 -4.4328E-02  9.0771E-03
  3.3361E-02  2.9448E-01 -4.4638E-02  9.1387E-03
  3.3596E-02  2.9340E-01 -4.4950E-02  9.2006E-03
  3.3832E-02  2.9222E-01 -4.5264E-02  9.2629E-03
  3.4069E-02  2.9096E-01 -4.5580E-02  9.3256E-03
  3.4308E-02  2.8961E-01 -4.5899E-02  9.3886E-03
  3.4549E-02  2.8816E-01 -4.6219E-02  9.4521E-03
  3.4792E-02  2.8662E-01 -4.6542E-02  9.5160E-03
  3.5036E-02  2.8499E-01 -4.6867E-02  9.5802E-03
  3.5282E-02  2.8326E-01 -4.7195E-02  9.6449E-03
  3.5530E-02  2.8144E-01 -4.7524E-02  9.7099E-03
  3.5780E-02  2.7952E-01 -4.7856E-02  9.7754E-03
  3.6031E-02  2.7751E-01 -4.8190E-02  9.8412E-03
  3.6284E-02  2.7540E-01 -4.8527E-02  9.9075E-03
  3.6539E-02  2.7320E-01 -4.8866E-02  9.9741E-03
  3.6795E-02  2.7090E-01 -4.9207E-02  1.0041E-02
  3.7054E-02  2.6850E-01 -4.9550E-02  1.0109E-02
  3.7314E-02  2.6601E-01 -4.9896E-02  1.0177E-02
  3.7576E-02  2.6341E-01 -5.0244E-02  1.0245E-02
  3.7840E-02  2.6072E-01 -5.0595E-02  1.0313E-02
  3.8105E-02  2.5793E-01 -5.0948E-02  1.0383E-02
  3.8373E-02  2.5505E-01 -5.1303E-02  1.0452E-02
  3.8642E-02  2.5206E-01 -5.1661E-02  1.0522E-02
  3.8914E-02  2.4897E-01 -5.2021E-02  1.0592E-02
  3.9187E-02  2.4579E-01 -5.2384E-02  1.0663E-02
  3.9462E-02  2.4250E-01 -5.2749E-02  1.0734E-02
  3.9739E-02  2.3912E-01 -5.3117E-02  1.0806E-02
  4.0018E-02  2.3564E-01 -5.3487E-02  1.0878E-02
  4.0299E-02  2.3206E-01 -5.3860E-02  1.0950E-02
  4.0582E-02  2.2838E-01 -5.4236E-02  1.1023E-02
  4.0867E-02  2.2460E-01 -5.4614E-02  1.1097E-02
  4.1154E-02  2.2072E-01 -5.4994E-02  1.1170E-02
  4.1443E-02  2.1675E-01 -5.5377E-02  1.1245E-02
  4.1734E-02  2.1268E-01 -5.5763E-02  1.1319E-02
  4.2027E-02  2.0851E-01 -5.6151E-02  1.1394E-02
  4.2322E-02  2.0424E-01 -5.6543E-02  1.1470E-02
  4.2619E-02  1.9987E-01 -5.6936E-02  1.1546E-02
  4.2918E-02  1.9541E-01 -5.7333E-02  1.1622E-02
  4.3219E-02  1.9085E-01 -5.7732E-02  1.1699E-02
  4.3522E-02  1.8620E-01 -5.8134E-02  1.1776E-02
  4.3828E-02  1.8145E-01 -5.8539E-02  1.1853E-02
  4.4136E-02  1.7661E-01 -5.8946E-02  1.1932E-02
  4.4445E-02  1.7168E-01 -5.9356E-02  1.2010E-02
  4.4757E-02  1.6665E-01 -5.9769E-02  1.2089E-02
  4.5072E-02  1.6153E-01 -6.0185E-02  1.2168E-02
  4.5388E-02  1.5632E-01 -6.0604E-02  1.2248E-02
  4.5707E-02  1.5102E-01 -6.1025E-02  1.2329E-02
  4.6027E-02  1.4564E-01 -6.1449E-02  1.2409E-02
  4.6350E-02  1.4016E-01 -6.1877E-02  1.2490E-02
  4.6676E-02  1.3460E-01 -6.2307E-02  1.2572E-02
  4.7003E-02  1.2895E-01 -6.2740E-02  1.2654E-02
  4.7333E-02  1.2322E-01 -6.3176E-02  1.2737E-02
  4.7666E-02  1.1740E-01 -6.3615E-02  1.2819E-02
  4.8000E-02  1.1150E-01 -6.4057E-02  1.2903E-02
  4.8337E-02  1.0553E-01 -6.4502E-02  1.2987E-02
  4.8676E-02  9.9469E-02 -6.4950E-02  1.3071E-02
  4.9018E-02  9.3335E-02 -6.5401E-02  1.3156E-02
  4.9362E-02  8.7126E-02 -6.5855E-02  1.3241E-02
  4.9708E-02  8.0842E-02 -6.6312E-02  1.3326E-02
  5.0057E-02  7.4486E-02 -6.6773E-02  1.3412E-02
  5.0409E-02  6.8059E-02 -6.7236E-02  1.3499E-02
  5.0762E-02  6.1563E-02 -6.7703E-02  1.3586E-02
  5.1119E-02  5.5000E-02 -6.8172E-02  1.3673E-02
  5.1477E-02  4.8373E-02 -6.8645E-02  1.3761E-02
  5.1839E-02  4.1682E-02 -6.9121E-02  1.3849E-02
  5.2202E-02  3.4930E-02 -6.9600E-02  1.3938E-02
  5.2569E-02  2.8120E-02 -7.0083E-02  1.4027E-02
  5.2938E-02  2.1253E-02 -7.0569E-02  1.4117E-02
  5.3309E-02  1.4332E-02 -7.1058E-02  1.4207E-02
  5.3683E-02  7.3585E-03 -7.1550E-02  1.4297E-02
  5.4060E-02  3.3566E-04 -7.2046E-02  1.4388E-02
  5.4439E-02 -6.7344E-03 -7.2545E-02  1.4480E-02
  5.4821E-02 -1.3849E-02 -7.3047E-02  1.4571E-02
  5.5206E-02 -2.1006E-02 -7.3553E-02  1.4664E-02
  5.5594E-02 -2.8202E-02 -7.4062E-02  1.4756E-02
  5.5984E-02 -3.5435E-02 -7.4575E-02  1.4849E-02
  5.6376E-02 -4.2702E-02 -7.5091E-02  1.4943E-02
  5.6772E-02 -5.0000E-02 -7.5610E-02  1.5037E-02
  5.7170E-02 -5.7327E-02 -7.6133E-02  1.5131E-02
  5.7572E-02 -6.4678E-02 -7.6660E-02  1.5226E-02
  5.7976E-02 -7.2052E-02 -7.7190E-02  1.5321E-02
  5.8382E-02 -7.9446E-02 -7.7723E-02  1.5417E-02
  5.8792E-02 -8.6855E-02 -7.8260E-02  1.5513E-02
  5.9205E-02 -9.4278E-02 -7.8801E-02  1.5609E-02
  5.9620E-02 -1.0171E-01 -7.9345E-02  1.5706E-02
  6.0038E-02 -1.0915E-01 -7.9893E-02  1.5804E-02
  6.0460E-02 -1.1659E-01 -8.0445E-02  1.5901E-02
  6.0884E-02 -1.2403E-01 -8.1000E-02  1.6000E-02
  6.1311E-02 -1.3147E-01 -8.1559E-02  1.6098E-02
  6.1741E-02 -1.3890E-01 -8.2122E-02  1.6197E-02
  6.2174E-02 -1.4632E-01 -8.2688E-02  1.6296E-02
  6.2611E-02 -1.5373E-01 -8.3258E-02  1.6396E-02
  6.3050E-02 -1.6111E-01 -8.3832E-02  1.6496E-02
  6.3492E-02 -1.6848E-01 -8.4410E-02  1.6597E-02
  6.3938E-02 -1.7582E-01 -8.4991E-02  1.6698E-02
  6.4386E-02 -1.8313E-01 -8.5577E-02  1.6799E-02
  6.4838E-02 -1.9041E-01 -8.6166E-02  1.6901E-02
  6.5293E-02 -1.9765E-01 -8.6759E-02  1.7003E-02
  6.5751E-02 -2.0485E-01 -8.7357E-02  1.7105E-02
  6.6212E-02 -2.1200E-01 -8.7958E-02  1.7208E-02
  6.6677E-02 -2.1911E-01 -8.8563E-02  1.7311E-02
  6.7145E-02 -2.2616E-01 -8.9172E-02  1.7414E-02
  6.7616E-02 -2.3316E-01 -8.9785E-02  1.7518E-02
  6.8090E-02 -2.4009E-01 -9.0402E-02  1.7622E-02
  6.8568E-02 -2.4696E-01 -9.1023E-02  1.7727E-02
  6.9049E-02 -2.5376E-01 -9.1648E-02  1.7832E-02
  6.9533E-02 -2.6049E-01 -9.2277E-02  1.7937E-02
  7.0021E-02 -2.6713E-01 -9.2911E-02  1.8042E-02
  7.0512E-02 -2.7370E-01 -9.3548E-02  1.8148E-02
  7.1007E-02 -2.8018E-01 -9.4190E-02  1.8254E-02
  7.1505E-02 -2.8657E-01 -9.4836E-02  1.8360E-02
  7.2007E-02 -2.9286E-01 -9.5486E-02  1.8467E-02
  7.2512E-02 -2.9906E-01 -9.6140E-02  1.8574E-02
  7.3021E-02 -3.0515E-01 -9.6799E-02  1.8681E-02
  7.3533E-02 -3.1113E-01 -9.7462E-02  1.8788E-02
  7.4049E-02 -3.1700E-01 -9.8129E-02  1.8896E-02
  7.4568E-02 -3.2276E-01 -9.8801E-02  1.9004E-02
  7.5091E-02 -3.2839E-01 -9.9477E-02  1.9112E-02
  7.5618E-02 -3.3390E-01 -1.0016E-01  1.9221E-02
  7.6149E-02 -3.3928E-01 -1.0084E-01  1.9329E-02
  7.6683E-02 -3.4453E-01 -1.0153E-01  1.9438E-02
  7.7221E-02 -3.4963E-01 -1.0222E-01  1.9547E-02
  7.7762E-02 -3.5460E-01 -1.0292E-01  1.9656E-02
  7.8308E-02 -3.5942E-01 -1.0362E-01  1.9766E-02
  7.8857E-02 -3.6409E-01 -1.0433E-01  1.9875E-02
  7.9410E-02 -3.6860E-01 -1.0504E-01  1.9985E-02
  7.9967E-02 -3.7295E-01 -1.0576E-01  2.0095E-02
  8.0528E-02 -3.7714E-01 -1.0648E-01  2.0205E-02
  8.1093E-02 -3.8116E-01 -1.0721E-01  2.0315E-02
  8.1662E-02 -3.8501E-01 -1.0793E-01  2.0426E-02
  8.2235E-02 -3.8869E-01 -1.0867E-01  2.0536E-02
  8.2812E-02 -3.9218E-01 -1.0941E-01  2.0646E-02
  8.3393E-02 -3.9550E-01 -1.1015E-01  2.0757E-02
  8.3978E-02 -3.9862E-01 -1.1090E-01  2.0867E-02
  8.4567E-02 -4.0155E-01 -1.1165E-01  2.0978E-02
  8.5160E-02 -4.0429E-01 -1.1241E-01  2.1088E-02
  8.5757E-02 -4.0683E-01 -1.1318E-01  2.1199E-02
  8.6359E-02 -4.0917E-01 -1.1394E-01  2.1310E-02
  8.6964E-02 -4.1130E-01 -1.1472E-01  2.1420E-02
  8.7574E-02 -4.1322E-01 -1.1549E-01  2.1531E-02
  8.8189E-02 -4.1493E-01 -1.1628E-01  2.1641E-02
  8.8807E-02 -4.1642E-01 -1.1706E-01  2.1752E-02
  8.9430E-02 -4.1770E-01 -1.1785E-01  2.1862E-02
  9.0057E-02 -4.1875E-01 -1.1865E-01  2.1972E-02
  9.0689E-02 -4.1957E-01 -1.1945E-01  2.2082E-02
  9.1325E-02 -4.2017E-01 -1.2026E-01  2.2192E-02
  9.1966E-02 -4.2054E-01 -1.2107E-01  2.2302E-02
  9.2611E-02 -4.2067E-01 -1.2189E-01  2.2411E-02
  9.3260E-02 -4.2056E-01 -1.2271E-01  2.2521E-02
  9.3914E-02 -4.2022E-01 -1.2354E-01  2.2630E-02
  9.4573E-02 -4.1963E-01 -1.2437E-01  2.2738E-02
  9.5236E-02 -4.1880E-01 -1.2521E-01  2.2847E-02
  9.5904E-02 -4.1772E-01 -1.2605E-01  2.2955E-02
  9.6577E-02 -4.1640E-01 -1.2690E-01  2.3063E-02
  9.7254E-02 -4.1482E-01 -1.2775E-01  2.3171E-02
  9.7936E-02 -4.1300E-01 -1.2861E-01  2.3278E-02
  9.8623E-02 -4.1092E-01 -1.2947E-01  2.3384E-02
  9.9315E-02 -4.0858E-01 -1.3034E-01  2.3491E-02
  1.0001E-01 -4.0599E-01 -1.3121E-01  2.3597E-02
  1.0071E-01 -4.0314E-01 -1.3209E-01  2.3702E-02
  1.0142E-01 -4.0004E-01 -1.3298E-01  2.3807E-02
  1.0213E-01 -3.9667E-01 -1.3387E-01  2.3911E-02
  1.0285E-01 -3.9305E-01 -1.3476E-01  2.4015E-02
  1.0357E-01 -3.8916E-01 -1.3566E-01  2.4118E-02
  1.0429E-01 -3.8501E-01 -1.3657E-01  2.4220E-02
  1.0503E-01 -3.8061E-01 -1.3748E-01  2.4322E-02
  1.0576E-01 -3.7594E-01 -1.3840E-01  2.4423E-02
  1.0650E-01 -3.7101E-01 -1.3932E-01  2.4523E-02
  1.0725E-01 -3.6582E-01 -1.4024E-01  2.4623E-02
  1.0800E-01 -3.6037E-01 -1.4118E-01  2.4721E-02
  1.0876E-01 -3.5466E-01 -1.4211E-01  2.4819E-02
  1.0952E-01 -3.4870E-01 -1.4306E-01  2.4916E-02
  1.1029E-01 -3.4247E-01 -1.4401E-01  2.5012E-02
  1.1107E-01 -3.3599E-01 -1.4496E-01  2.5107E-02
  1.1184E-01 -3.2926E-01 -1.4592E-01  2.5201E-02
  1.1263E-01 -3.2227E-01 -1.4689E-01  2.5294E-02
  1.1342E-01 -3.1504E-01 -1.4786E-01  2.5386E-02
  1.1421E-01 -3.0755E-01 -1.4884E-01  2.5476E-02
  1.1501E-01 -2.9982E-01 -1.4982E-01  2.5566E-02
  1.1582E-01 -2.9184E-01 -1.5081E-01  2.5654E-02
  1.1663E-01 -2.8363E-01 -1.5180E-01  2.5741E-02
  1.1745E-01 -2.7517E-01 -1.5280E-01  2.5827E-02
  1.1827E-01 -2.6648E-01 -1.5380E-01  2.5911E-02
  1.1910E-01 -2.5756E-01 -1.5481E-01  2.5994E-02
  1.1994E-01 -2.4841E-01 -1.5583E-01  2.6075E-02
  1.2078E-01 -2.3904E-01 -1.5685E-01  2.6155E-02
  1.2163E-01 -2.2945E-01 -1.5788E-01  2.6234E-02
  1.2248E-01 -2.1964E-01 -1.5891E-01  2.6310E-02
  1.2334E-01 -2.0962E-01 -1.5995E-01  2.6385E-02
  1.2420E-01 -1.9939E-01 -1.6100E-01  2.6458E-02
  1.2508E-01 -1.8896E-01 -1.6205E-01  2.6530E-02
  1.2595E-01 -1.7833E-01 -1.6310E-01  2.6599E-02
  1.2684E-01 -1.6751E-01 -1.6416E-01  2.6667E-02
  1.2772E-01 -1.5651E-01 -1.6523E-01  2.6732E-02
  1.2862E-01 -1.4532E-01 -1.6631E-01  2.6796E-02
  1.2952E-01 -1.3396E-01 -1.6738E-01  2.6857E-02
  1.3043E-01 -1.2243E-01 -1.6847E-01  2.6916E-02
  1.3135E-01 -1.1074E-01 -1.6956E-01  2.6973E-02
  1.3227E-01 -9.8891E-02 -1.7066E-01  2.7027E-02
  1.3319E-01 -8.6895E-02 -1.7176E-01  2.7079E-02
  1.3413E-01 -7.4757E-02 -1.7286E-01  2.7129E-02
  1.3507E-01 -6.2484E-02 -1.7398E-01  2.7176E-02
  1.3602E-01 -5.0083E-02 -1.7510E-01  2.7220E-02
  1.3697E-01 -3.7562E-02 -1.7622E-01  2.7262E-02
  1.3793E-01 -2.4929E-02 -1.7735E-01  2.7301E-02
  1.3890E-01 -1.2192E-02 -1.7849E-01  2.7337E-02
  1.3987E-01  6.4245E-04 -1.7963E-01  2.7370E-02
  1.4085E-01  1.3565E-02 -1.8078E-01  2.7400E-02
  1.4184E-01  2.6567E-02 -1.8193E-01  2.7427E-02
  1.4283E-01  3.9640E-02 -1.8309E-01  2.7450E-02
  1.4384E-01  5.2775E-02 -1.8425E-01  2.7471E-02
  1.4484E-01  6.5964E-02 -1.8542E-01  2.7488E-02
  1.4586E-01  7.9198E-02 -1.8660E-01  2.7501E-02
  1.4688E-01  9.2467E-02 -1.8778E-01  2.7511E-02
  1.4791E-01  1.0576E-01 -1.8897E-01  2.7517E-02
  1.4895E-01  1.1907E-01 -1.9016E-01  2.7519E-02
  1.4999E-01  1.3239E-01 -1.9136E-01  2.7517E-02
  1.5105E-01  1.4570E-01 -1.9257E-01  2.7511E-02
  1.5210E-01  1.5901E-01 -1.9378E-01  2.7501E-02
  1.5317E-01  1.7229E-01 -1.9499E-01  2.7487E-02
  1.5425E-01  1.8553E-01 -1.9621E-01  2.7469E-02
  1.5533E-01  1.9873E-01 -1.9744E-01  2.7445E-02
  1.5642E-01  2.1188E-01 -1.9867E-01  2.7418E-02
  1.5751E-01  2.2497E-01 -1.9991E-01  2.7386E-02
  1.5862E-01  2.3798E-01 -2.0115E-01  2.7348E-02
  1.5973E-01  2.5091E-01 -2.0240E-01  2.7306E-02
  1.6085E-01  2.6374E-01 -2.0365E-01  2.7259E-02
  1.6198E-01  2.7646E-01 -2.0491E-01  2.7206E-02
  1.6311E-01  2.8907E-01 -2.0617E-01  2.7148E-02
  1.6426E-01  3.0155E-01 -2.0744E-01  2.7085E-02
  1.6541E-01  3.1390E-01 -2.0872E-01  2.7016E-02
  1.6657E-01  3.2609E-01 -2.1000E-01  2.6941E-02
  1.6774E-01  3.3813E-01 -2.1128E-01  2.6860E-02
  1.6891E-01  3.4999E-01 -2.1257E-01  2.6773E-02
  1.7010E-01  3.6167E-01 -2.1387E-01  2.6680E-02
  1.7129E-01  3.7317E-01 -2.1517E-01  2.6581E-02
  1.7249E-01  3.8446E-01 -2.1647E-01  2.6475E-02
  1.7370E-01  3.9553E-01 -2.1778E-01  2.6362E-02
  1.7492E-01  4.0639E-01 -2.1910E-01  2.6242E-02
  1.7614E-01  4.1701E-01 -2.2042E-01  2.6115E-02
  1.7738E-01  4.2738E-01 -2.2174E-01  2.5981E-02
  1.7862E-01  4.3750E-01 -2.2307E-01  2.5840E-02
  1.7987E-01  4.4735E-01 -2.2440E-01  2.5691E-02
  1.8114E-01  4.5693E-01 -2.2574E-01  2.5534E-02
  1.8241E-01  4.6623E-01 -2.2708E-01  2.5369E-02
  1.8368E-01  4.7522E-01 -2.2843E-01  2.5196E-02
  1.8497E-01  4.8391E-01 -2.2978E-01  2.5015E-02
  1.8627E-01  4.9229E-01 -2.3114E-01  2.4825E-02
  1.8757E-01  5.0034E-01 -2.3250E-01  2.4627E-02
  1.8889E-01  5.0806E-01 -2.3386E-01  2.4419E-02
  1.9021E-01  5.1544E-01 -2.3523E-01  2.4203E-02
  1.9155E-01  5.2246E-01 -2.3660E-01  2.3976E-02
  1.9289E-01  5.2912E-01 -2.3798E-01  2.3741E-02
  1.9424E-01  5.3541E-01 -2.3936E-01  2.3495E-02
  1.9561E-01  5.4132E-01 -2.4074E-01  2.3240E-02
  1.9698E-01  5.4685E-01 -2.4213E-01  2.2974E-02
  1.9836E-01  5.5198E-01 -2.4352E-01  2.2698E-02
  1.9975E-01  5.5671E-01 -2.4492E-01  2.2411E-02
  2.0115E-01  5.6103E-01 -2.4631E-01  2.2112E-02
  2.0256E-01  5.6493E-01 -2.4771E-01  2.1803E-02
  2.0398E-01  5.6841E-01 -2.4912E-01  2.1482E-02
  2.0541E-01  5.7146E-01 -2.5052E-01  2.1149E-02
  2.0685E-01  5.7407E-01 -2.5193E-01  2.0805E-02
  2.0830E-01  5.7624E-01 -2.5335E-01  2.0448E-02
  2.0976E-01  5.7796E-01 -2.5476E-01  2.0078E-02
  2.1123E-01  5.7923E-01 -2.5618E-01  1.9696E-02
  2.1271E-01  5.8003E-01 -2.5760E-01  1.9300E-02
  2.1420E-01  5.8038E-01 -2.5902E-01  1.8891E-02
  2.1570E-01  5.8025E-01 -2.6045E-01  1.8468E-02
  2.1722E-01  5.7966E-01 -2.6187E-01  1.8031E-02
  2.1874E-01  5.7858E-01 -2.6330E-01  1.7580E-02
  2.2027E-01  5.7703E-01 -2.6473E-01  1.7114E-02
  2.2182E-01  5.7500E-01 -2.6616E-01  1.6633E-02
  2.2337E-01  5.7248E-01 -2.6759E-01  1.6136E-02
  2.2494E-01  5.6948E-01 -2.6903E-01  1.5624E-02
  2.2652E-01  5.6598E-01 -2.7046E-01  1.5096E-02
  2.2810E-01  5.6200E-01 -2.7190E-01  1.4552E-02
  2.2970E-01  5.5753E-01 -2.7333E-01  1.3991E-02
  2.3131E-01  5.5257E-01 -2.7477E-01  1.3413E-02
  2.3293E-01  5.4711E-01 -2.7621E-01  1.2817E-02
  2.3457E-01  5.4117E-01 -2.7764E-01  1.2204E-02
  2.3621E-01  5.3473E-01 -2.7908E-01  1.1573E-02
  2.3787E-01  5.2781E-01 -2.8052E-01  1.0923E-02
  2.3954E-01  5.2040E-01 -2.8195E-01  1.0254E-02
  2.4122E-01  5.1251E-01 -2.8339E-01  9.5653E-03
  2.4291E-01  5.0413E-01 -2.8482E-01  8.8573E-03
  2.4461E-01  4.9528E-01 -2.8625E-01  8.1292E-03
  2.4632E-01  4.8595E-01 -2.8769E-01  7.3804E-03
  2.4805E-01  4.7615E-01 -2.8912E-01  6.6107E-03
  2.4979E-01  4.6588E-01 -2.9054E-01  5.8195E-03
  2.5154E-01  4.5515E-01 -2.9197E-01  5.0065E-03
  2.5330E-01  4.4396E-01 -2.9339E-01  4.1712E-03
  2.5508E-01  4.3232E-01 -2.9481E-01  3.3131E-03
  2.5687E-01  4.2024E-01 -2.9623E-01  2.4317E-03
  2.5867E-01  4.0771E-01 -2.9765E-01  1.5267E-03
  2.6048E-01  3.9476E-01 -2.9906E-01  5.9747E-04
  2.6231E-01  3.8138E-01 -3.0047E-01 -3.5642E-04
  2.6415E-01  3.6759E-01 -3.0187E-01 -1.3355E-03
  2.6600E-01  3.5339E-01 -3.0327E-01 -2.3402E-03
  2.6786E-01  3.3879E-01 -3.0466E-01 -3.3710E-03
  2.6974E-01  3.2380E-01 -3.0605E-01 -4.4286E-03
  2.7163E-01  3.0843E-01 -3.0744E-01 -5.5134E-03
  2.7354E-01  2.9270E-01 -3.0881E-01 -6.6259E-03
  2.7545E-01  2.7660E-01 -3.1019E-01 -7.7667E-03
  2.7739E-01  2.6016E-01 -3.1155E-01 -8.9363E-03
  2.7933E-01  2.4338E-01 -3.1291E-01 -1.0135E-02
  2.8129E-01  2.2627E-01 -3.1426E-01 -1.1364E-02
  2.8326E-01  2.0886E-01 -3.1561E-01 -1.2624E-02
  2.8525E-01  1.9114E-01 -3.1695E-01 -1.3914E-02
  2.8725E-01  1.7313E-01 -3.1828E-01 -1.5237E-02
  2.8926E-01  1.5486E-01 -3.1960E-01 -1.6592E-02
  2.9129E-01  1.3632E-01 -3.2091E-01 -1.7979E-02
  2.9333E-01  1.1753E-01 -3.2221E-01 -1.9400E-02
  2.9539E-01  9.8515E-02 -3.2350E-01 -2.0856E-02
  2.9746E-01  7.9281E-02 -3.2479E-01 -2.2346E-02
  2.9954E-01  5.9844E-02 -3.2606E-01 -2.3871E-02
  3.0164E-01  4.0220E-02 -3.2732E-01 -2.5433E-02
  3.0376E-01  2.0425E-02 -3.2857E-01 -2.7031E-02
  3.0589E-01  4.7310E-04 -3.2980E-01 -2.8667E-02
  3.0803E-01 -1.9618E-02 -3.3103E-01 -3.0341E-02
  3.1019E-01 -3.9833E-02 -3.3224E-01 -3.2053E-02
  3.1236E-01 -6.0155E-02 -3.3344E-01 -3.3806E-02
  3.1455E-01 -8.0567E-02 -3.3462E-01 -3.5598E-02
  3.1676E-01 -1.0105E-01 -3.3579E-01 -3.7431E-02
  3.1898E-01 -1.2159E-01 -3.3695E-01 -3.9306E-02
  3.2121E-01 -1.4217E-01 -3.3809E-01 -4.1223E-02
  3.2347E-01 -1.6278E-01 -3.3921E-01 -4.3183E-02
  3.2573E-01 -1.8338E-01 -3.4031E-01 -4.5187E-02
  3.2802E-01 -2.0397E-01 -3.4140E-01 -4.7236E-02
  3.3032E-01 -2.2453E-01 -3.4247E-01 -4.9330E-02
  3.3263E-01 -2.4504E-01 -3.4353E-01 -5.1470E-02
  3.3496E-01 -2.6548E-01 -3.4456E-01 -5.3657E-02
  3.3731E-01 -2.8584E-01 -3.4557E-01 -5.5891E-02
  3.3968E-01 -3.0609E-01 -3.4657E-01 -5.8174E-02
  3.4206E-01 -3.2621E-01 -3.4754E-01 -6.0506E-02
  3.4446E-01 -3.4620E-01 -3.4849E-01 -6.2889E-02
  3.4687E-01 -3.6603E-01 -3.4942E-01 -6.5322E-02
  3.4930E-01 -3.8568E-01 -3.5033E-01 -6.7806E-02
  3.5175E-01 -4.0513E-01 -3.5121E-01 -7.0343E-02
  3.5422E-01 -4.2437E-01 -3.5207E-01 -7.2934E-02
  3.5670E-01 -4.4338E-01 -3.5290E-01 -7.5578E-02
  3.5920E-01 -4.6214E-01 -3.5371E-01 -7.8277E-02
  3.6172E-01 -4.8063E-01 -3.5449E-01 -8.1033E-02
  3.6425E-01 -4.9883E-01 -3.5524E-01 -8.3844E-02
  3.6681E-01 -5.1673E-01 -3.5597E-01 -8.6714E-02
  3.6938E-01 -5.3431E-01 -3.5666E-01 -8.9641E-02
  3.7197E-01 -5.5156E-01 -3.5733E-01 -9.2628E-02
  3.7457E-01 -5.6844E-01 -3.5796E-01 -9.5675E-02
  3.7720E-01 -5.8496E-01 -3.5857E-01 -9.8782E-02
  3.7984E-01 -6.0109E-01 -3.5914E-01 -1.0195E-01
  3.8251E-01 -6.1681E-01 -3.5968E-01 -1.0518E-01
  3.8519E-01 -6.3212E-01 -3.6019E-01 -1.0848E-01
  3.8789E-01 -6.4698E-01 -3.6066E-01 -1.1184E-01
  3.9061E-01 -6.6140E-01 -3.6109E-01 -1.1526E-01
  3.9335E-01 -6.7534E-01 -3.6149E-01 -1.1875E-01
  3.9610E-01 -6.8881E-01 -3.6185E-01 -1.2231E-01
  3.9888E-01 -7.0178E-01 -3.6217E-01 -1.2594E-01
  4.0168E-01 -7.1423E-01 -3.6245E-01 -1.2963E-01
  4.0449E-01 -7.2617E-01 -3.6270E-01 -1.3340E-01
  4.0733E-01 -7.3756E-01 -3.6290E-01 -1.3723E-01
  4.1018E-01 -7.4840E-01 -3.6305E-01 -1.4113E-01
  4.1306E-01 -7.5869E-01 -3.6317E-01 -1.4511E-01
  4.1595E-01 -7.6839E-01 -3.6324E-01 -1.4916E-01
  4.1887E-01 -7.7751E-01 -3.6326E-01 -1.5328E-01
  4.2180E-01 -7.8603E-01 -3.6324E-01 -1.5748E-01
  4.2476E-01 -7.9394E-01 -3.6317E-01 -1.6175E-01
  4.2774E-01 -8.0123E-01 -3.6305E-01 -1.6610E-01
  4.3074E-01 -8.0789E-01 -3.6288E-01 -1.7053E-01
  4.3376E-01 -8.1391E-01 -3.6265E-01 -1.7503E-01
  4.3680E-01 -8.1929E-01 -3.6238E-01 -1.7961E-01
  4.3986E-01 -8.2401E-01 -3.6205E-01 -1.8427E-01
  4.4294E-01 -8.2807E-01 -3.6167E-01 -1.8901E-01
  4.4605E-01 -8.3146E-01 -3.6123E-01 -1.9382E-01
  4.4917E-01 -8.3417E-01 -3.6073E-01 -1.9872E-01
  4.5232E-01 -8.3620E-01 -3.6018E-01 -2.0370E-01
  4.5549E-01 -8.3754E-01 -3.5956E-01 -2.0876E-01
  4.5869E-01 -8.3818E-01 -3.5888E-01 -2.1391E-01
  4.6190E-01 -8.3813E-01 -3.5814E-01 -2.1914E-01
  4.6514E-01 -8.3738E-01 -3.5734E-01 -2.2445E-01
  4.6840E-01 -8.3592E-01 -3.5647E-01 -2.2984E-01
  4.7168E-01 -8.3376E-01 -3.5554E-01 -2.3532E-01
  4.7499E-01 -8.3088E-01 -3.5453E-01 -2.4089E-01
  4.7832E-01 -8.2730E-01 -3.5346E-01 -2.4653E-01
  4.8167E-01 -8.2300E-01 -3.5232E-01 -2.5227E-01
  4.8505E-01 -8.1799E-01 -3.5110E-01 -2.5809E-01
  4.8845E-01 -8.1227E-01 -3.4981E-01 -2.6399E-01
  4.9187E-01 -8.0584E-01 -3.4844E-01 -2.6998E-01
  4.9532E-01 -7.9870E-01 -3.4700E-01 -2.7606E-01
  4.9879E-01 -7.9085E-01 -3.4548E-01 -2.8222E-01
  5.0229E-01 -7.8230E-01 -3.4388E-01 -2.8847E-01
  5.0581E-01 -7.7305E-01 -3.4220E-01 -2.9481E-01
  5.0935E-01 -7.6310E-01 -3.4043E-01 -3.0123E-01
  5.1292E-01 -7.5246E-01 -3.3858E-01 -3.0774E-01
  5.1652E-01 -7.4113E-01 -3.3665E-01 -3.1433E-01
  5.2014E-01 -7.2912E-01 -3.3462E-01 -3.2100E-01
  5.2379E-01 -7.1643E-01 -3.3251E-01 -3.2776E-01
  5.2746E-01 -7.0308E-01 -3.3031E-01 -3.3461E-01
  5.3115E-01 -6.8906E-01 -3.2801E-01 -3.4154E-01
  5.3488E-01 -6.7439E-01 -3.2562E-01 -3.4855E-01
  5.3863E-01 -6.5908E-01 -3.2313E-01 -3.5564E-01
  5.4240E-01 -6.4313E-01 -3.2054E-01 -3.6281E-01
  5.4620E-01 -6.2656E-01 -3.1786E-01 -3.7007E-01
  5.5003E-01 -6.0937E-01 -3.1507E-01 -3.7740E-01
  5.5389E-01 -5.9158E-01 -3.1218E-01 -3.8481E-01
  5.5777E-01 -5.7319E-01 -3.0919E-01 -3.9229E-01
  5.6168E-01 -5.5422E-01 -3.0609E-01 -3.9985E-01
  5.6562E-01 -5.3468E-01 -3.0288E-01 -4.0748E-01
  5.6958E-01 -5.1459E-01 -2.9956E-01 -4.1519E-01
  5.7357E-01 -4.9395E-01 -2.9613E-01 -4.2296E-01
  5.7759E-01 -4.7278E-01 -2.9258E-01 -4.3080E-01
  5.8164E-01 -4.5109E-01 -2.8892E-01 -4.3871E-01
  5.8572E-01 -4.2890E-01 -2.8514E-01 -4.4668E-01
  5.8983E-01 -4.0622E-01 -2.8124E-01 -4.5471E-01
  5.9396E-01 -3.8307E-01 -2.7722E-01 -4.6280E-01
  5.9812E-01 -3.5947E-01 -2.7308E-01 -4.7095E-01
  6.0232E-01 -3.3542E-01 -2.6881E-01 -4.7915E-01
  6.0654E-01 -3.1094E-01 -2.6442E-01 -4.8739E-01
  6.1079E-01 -2.8606E-01 -2.5989E-01 -4.9569E-01
  6.1507E-01 -2.6078E-01 -2.5524E-01 -5.0402E-01
  6.1938E-01 -2.3512E-01 -2.5045E-01 -5.1240E-01
  6.2372E-01 -2.0911E-01 -2.4553E-01 -5.2081E-01
  6.2809E-01 -1.8275E-01 -2.4047E-01 -5.2925E-01
  6.3250E-01 -1.5607E-01 -2.3528E-01 -5.3772E-01
  6.3693E-01 -1.2908E-01 -2.2994E-01 -5.4621E-01
  6.4139E-01 -1.0180E-01 -2.2447E-01 -5.5472E-01
  6.4589E-01 -7.4252E-02 -2.1884E-01 -5.6325E-01
  6.5042E-01 -4.6448E-02 -2.1308E-01 -5.7178E-01
  6.5498E-01 -1.8408E-02 -2.0716E-01 -5.8031E-01
  6.5957E-01  9.8485E-03 -2.0110E-01 -5.8884E-01
  6.6419E-01  3.8305E-02 -1.9488E-01 -5.9736E-01
  6.6885E-01  6.6942E-02 -1.8851E-01 -6.0586E-01
  6.7353E-01  9.5742E-02 -1.8199E-01 -6.1435E-01
  6.7826E-01  1.2469E-01 -1.7531E-01 -6.2281E-01
  6.8301E-01  1.5376E-01 -1.6847E-01 -6.3123E-01
  6.8780E-01  1.8294E-01 -1.6147E-01 -6.3961E-01
  6.9262E-01  2.1221E-01 -1.5431E-01 -6.4793E-01
  6.9747E-01  2.4155E-01 -1.4699E-01 -6.5621E-01
  7.0236E-01  2.7095E-01 -1.3950E-01 -6.6441E-01
  7.0728E-01  3.0038E-01 -1.3184E-01 -6.7254E-01
  7.1224E-01  3.2984E-01 -1.2401E-01 -6.8059E-01
  7.1723E-01  3.5929E-01 -1.1602E-01 -6.8855E-01
  7.2226E-01  3.8873E-01 -1.0785E-01 -6.9641E-01
  7.2732E-01  4.1813E-01 -9.9507E-02 -7.0416E-01
  7.3242E-01  4.4749E-01 -9.0990E-02 -7.1179E-01
  7.3756E-01  4.7678E-01 -8.2296E-02 -7.1929E-01
  7.4273E-01  5.0599E-01 -7.3424E-02 -7.2664E-01
  7.4793E-01  5.3510E-01 -6.4373E-02 -7.3385E-01
  7.5317E-01  5.6409E-01 -5.5141E-02 -7.4089E-01
  7.5845E-01  5.9295E-01 -4.5727E-02 -7.4776E-01
  7.6377E-01  6.2167E-01 -3.6130E-02 -7.5445E-01
  7.6912E-01  6.5022E-01 -2.6348E-02 -7.6093E-01
  7.7451E-01  6.7860E-01 -1.6380E-02 -7.6721E-01
  7.7994E-01  7.0679E-01 -6.2262E-03 -7.7326E-01
  7.8541E-01  7.3478E-01  4.1158E-03 -7.7908E-01
  7.9091E-01  7.6255E-01  1.4646E-02 -7.8465E-01
  7.9646E-01  7.9009E-01  2.5367E-02 -7.8996E-01
  8.0204E-01  8.1738E-01  3.6277E-02 -7.9498E-01
  8.0766E-01  8.4442E-01  4.7379E-02 -7.9972E-01
  8.1332E-01  8.7119E-01  5.8673E-02 -8.0416E-01
  8.1902E-01  8.9767E-01  7.0159E-02 -8.0827E-01
  8.2476E-01  9.2387E-01  8.1837E-02 -8.1205E-01
  8.3055E-01  9.4976E-01  9.3709E-02 -8.1548E-01
  8.3637E-01  9.7534E-01  1.0577E-01 -8.1854E-01
  8.4223E-01  1.0006E+00  1.1803E-01 -8.2122E-01
  8.4813E-01  1.0255E+00  1.3049E-01 -8.2351E-01
  8.5408E-01  1.0501E+00  1.4313E-01 -8.2538E-01
  8.6006E-01  1.0743E+00  1.5598E-01 -8.2682E-01
  8.6609E-01  1.0982E+00  1.6901E-01 -8.2781E-01
  8.7216E-01  1.1217E+00  1.8224E-01 -8.2834E-01
  8.7828E-01  1.1448E+00  1.9566E-01 -8.2840E-01
  8.8443E-01  1.1676E+00  2.0927E-01 -8.2795E-01
  8.9063E-01  1.1900E+00  2.2308E-01 -8.2699E-01
  8.9687E-01  1.2119E+00  2.3707E-01 -8.2550E-01
  9.0316E-01  1.2335E+00  2.5126E-01 -8.2347E-01
  9.0949E-01  1.2546E+00  2.6563E-01 -8.2086E-01
  9.1586E-01  1.2754E+00  2.8020E-01 -8.1768E-01
  9.2228E-01  1.2957E+00  2.9495E-01 -8.1390E-01
  9.2875E-01  1.3156E+00  3.0988E-01 -8.0950E-01
  9.3526E-01  1.3351E+00  3.2500E-01 -8.0448E-01
  9.4181E-01  1.3542E+00  3.4030E-01 -7.9880E-01
  9.4841E-01  1.3729E+00  3.5577E-01 -7.9246E-01
  9.5506E-01  1.3911E+00  3.7143E-01 -7.8544E-01
  9.6176E-01  1.4089E+00  3.8726E-01 -7.7772E-01
  9.6850E-01  1.4262E+00  4.0326E-01 -7.6929E-01
  9.7528E-01  1.4431E+00  4.1944E-01 -7.6013E-01
  9.8212E-01  1.4596E+00  4.3578E-01 -7.5024E-01
  9.8900E-01  1.4757E+00  4.5228E-01 -7.3959E-01
  9.9594E-01  1.4913E+00  4.6895E-01 -7.2817E-01
  1.0029E+00  1.5064E+00  4.8577E-01 -7.1597E-01
  1.0099E+00  1.5212E+00  5.0275E-01 -7.0298E-01
  1.0170E+00  1.5355E+00  5.1988E-01 -6.8919E-01
  1.0242E+00  1.5494E+00  5.3715E-01 -6.7458E-01
  1.0313E+00  1.5629E+00  5.5457E-01 -6.5914E-01
  1.0386E+00  1.5759E+00  5.7212E-01 -6.4288E-01
  1.0458E+00  1.5885E+00  5.8981E-01 -6.2577E-01
  1.0532E+00  1.6007E+00  6.0763E-01 -6.0782E-01
  1.0606E+00  1.6125E+00  6.2557E-01 -5.8902E-01
  1.0680E+00  1.6239E+00  6.4363E-01 -5.6936E-01
  1.0755E+00  1.6349E+00  6.6181E-01 -5.4884E-01
  1.0830E+00  1.6454E+00  6.8009E-01 -5.2746E-01
  1.0906E+00  1.6556E+00  6.9847E-01 -5.0522E-01
  1.0982E+00  1.6654E+00  7.1696E-01 -4.8212E-01
  1.1059E+00  1.6748E+00  7.3553E-01 -4.5816E-01
  1.1137E+00  1.6838E+00  7.5418E-01 -4.3335E-01
  1.1215E+00  1.6924E+00  7.7291E-01 -4.0770E-01
  1.1294E+00  1.7006E+00  7.9172E-01 -3.8120E-01
  1.1373E+00  1.7085E+00  8.1058E-01 -3.5389E-01
  1.1452E+00  1.7161E+00  8.2950E-01 -3.2575E-01
  1.1533E+00  1.7232E+00  8.4847E-01 -2.9681E-01
  1.1614E+00  1.7301E+00  8.6749E-01 -2.6709E-01
  1.1695E+00  1.7366E+00  8.8653E-01 -2.3660E-01
  1.1777E+00  1.7427E+00  9.0560E-01 -2.0536E-01
  1.1859E+00  1.7486E+00  9.2469E-01 -1.7340E-01
  1.1943E+00  1.7541E+00  9.4378E-01 -1.4074E-01
  1.2026E+00  1.7593E+00  9.6288E-01 -1.0741E-01
  1.2111E+00  1.7642E+00  9.8196E-01 -7.3433E-02
  1.2195E+00  1.7688E+00  1.0010E+00 -3.8847E-02
  1.2281E+00  1.7732E+00  1.0201E+00 -3.6845E-03
  1.2367E+00  1.7772E+00  1.0391E+00  3.2016E-02
  1.2454E+00  1.7810E+00  1.0580E+00  6.8216E-02
  1.2541E+00  1.7845E+00  1.0769E+00  1.0487E-01
  1.2629E+00  1.7878E+00  1.0958E+00  1.4194E-01
  1.2717E+00  1.7908E+00  1.1145E+00  1.7937E-01
  1.2807E+00  1.7936E+00  1.1332E+00  2.1711E-01
  1.2896E+00  1.7961E+00  1.1518E+00  2.5512E-01
  1.2987E+00  1.7984E+00  1.1703E+00  2.9333E-01
  1.3078E+00  1.8005E+00  1.1886E+00  3.3169E-01
  1.3169E+00  1.8025E+00  1.2069E+00  3.7013E-01
  1.3262E+00  1.8042E+00  1.2250E+00  4.0860E-01
  1.3355E+00  1.8057E+00  1.2429E+00  4.4703E-01
  1.3448E+00  1.8070E+00  1.2607E+00  4.8535E-01
  1.3543E+00  1.8082E+00  1.2783E+00  5.2349E-01
  1.3637E+00  1.8091E+00  1.2958E+00  5.6138E-01
  1.3733E+00  1.8100E+00  1.3131E+00  5.9895E-01
  1.3829E+00  1.8107E+00  1.3301E+00  6.3611E-01
  1.3926E+00  1.8112E+00  1.3470E+00  6.7280E-01
  1.4024E+00  1.8116E+00  1.3636E+00  7.0893E-01
  1.4122E+00  1.8119E+00  1.3800E+00  7.4441E-01
  1.4221E+00  1.8120E+00  1.3962E+00  7.7918E-01
  1.4321E+00  1.8121E+00  1.4121E+00  8.1314E-01
  1.4421E+00  1.8120E+00  1.4277E+00  8.4622E-01
  1.4522E+00  1.8118E+00  1.4431E+00  8.7832E-01
  1.4624E+00  1.8116E+00  1.4582E+00  9.0936E-01
  1.4726E+00  1.8112E+00  1.4730E+00  9.3925E-01
  1.4830E+00  1.8108E+00  1.4876E+00  9.6792E-01
  1.4934E+00  1.8103E+00  1.5018E+00  9.9527E-01
  1.5038E+00  1.8098E+00  1.5157E+00  1.0212E+00
  1.5144E+00  1.8092E+00  1.5292E+00  1.0457E+00
  1.5250E+00  1.8085E+00  1.5425E+00  1.0686E+00
  1.5357E+00  1.8078E+00  1.5554E+00  1.0898E+00
  1.5464E+00  1.8070E+00  1.5680E+00  1.1094E+00
  1.5573E+00  1.8062E+00  1.5802E+00  1.1271E+00
  1.5682E+00  1.8054E+00  1.5921E+00  1.1430E+00
  1.5792E+00  1.8046E+00  1.6036E+00  1.1569E+00
  1.5902E+00  1.8037E+00  1.6147E+00  1.1688E+00
  1.6014E+00  1.8028E+00  1.6255E+00  1.1786E+00
  1.6126E+00  1.8019E+00  1.6359E+00  1.1863E+00
  1.6239E+00  1.8010E+00  1.6459E+00  1.1918E+00
  1.6353E+00  1.8001E+00  1.6556E+00  1.1951E+00
  1.6468E+00  1.7992E+00  1.6648E+00  1.1961E+00
  1.6583E+00  1.7983E+00  1.6737E+00  1.1948E+00
  1.6699E+00  1.7974E+00  1.6822E+00  1.1912E+00
  1.6816E+00  1.7966E+00  1.6903E+00  1.1851E+00
  1.6934E+00  1.7957E+00  1.6980E+00  1.1768E+00
  1.7053E+00  1.7949E+00  1.7054E+00  1.1660E+00
  1.7172E+00  1.7941E+00  1.7124E+00  1.1529E+00
  1.7293E+00  1.7933E+00  1.7190E+00  1.1373E+00
  1.7414E+00  1.7925E+00  1.7252E+00  1.1195E+00
  1.7536E+00  1.7918E+00  1.7310E+00  1.0993E+00
  1.7659E+00  1.7911E+00  1.7365E+00  1.0768E+00
  1.7783E+00  1.7904E+00  1.7417E+00  1.0521E+00
  1.7907E+00  1.7898E+00  1.7465E+00  1.0252E+00
  1.8033E+00  1.7892E+00  1.7509E+00  9.9627E-01
  1.8159E+00  1.7886E+00  1.7551E+00  9.6528E-01
  1.8287E+00  1.7881E+00  1.7589E+00  9.3238E-01
  1.8415E+00  1.7876E+00  1.7623E+00  8.9766E-01
  1.8544E+00  1.7872E+00  1.7655E+00  8.6125E-01
  1.8674E+00  1.7868E+00  1.7684E+00  8.2328E-01
  1.8805E+00  1.7864E+00  1.7711E+00  7.8389E-01
  1.8936E+00  1.7861E+00  1.7734E+00  7.4323E-01
  1.9069E+00  1.7858E+00  1.7755E+00  7.0148E-01
  1.9203E+00  1.7856E+00  1.7774E+00  6.5880E-01
  1.9337E+00  1.7854E+00  1.7790E+00  6.1540E-01
  1.9473E+00  1.7852E+00  1.7805E+00  5.7148E-01
  1.9609E+00  1.7851E+00  1.7817E+00  5.2724E-01
  1.9747E+00  1.7850E+00  1.7828E+00  4.8292E-01
  1.9885E+00  1.7850E+00  1.7837E+00  4.3874E-01
  2.0025E+00  1.7850E+00  1.7844E+00  3.9496E-01
  2.0165E+00  1.7850E+00  1.7851E+00  3.5181E-01
  2.0306E+00  1.7850E+00  1.7856E+00  3.0956E-01
  2.0449E+00  1.7851E+00  1.7860E+00  2.6848E-01
  2.0592E+00  1.7852E+00  1.7863E+00  2.2884E-01
  2.0736E+00  1.7854E+00  1.7866E+00  1.9090E-01
  2.0882E+00  1.7856E+00  1.7868E+00  1.5495E-01
  2.1028E+00  1.7857E+00  1.7869E+00  1.2127E-01
  2.1175E+00  1.7860E+00  1.7871E+00  9.0129E-02
  2.1324E+00  1.7862E+00  1.7872E+00  6.1797E-02
  2.1473E+00  1.7864E+00  1.7873E+00  3.6542E-02
  2.1624E+00  1.7867E+00  1.7874E+00  1.4618E-02
  2.1775E+00  1.7870E+00  1.7875E+00 -3.7296E-03
  2.1928E+00  1.7872E+00  1.7877E+00 -1.8275E-02
  2.2082E+00  1.7875E+00  1.7878E+00 -2.8811E-02
  2.2236E+00  1.7878E+00  1.7880E+00 -3.5155E-02
  2.2392E+00  1.7881E+00  1.7882E+00 -3.7153E-02
  2.2549E+00  1.7884E+00  1.7884E+00 -3.4687E-02
  2.2707E+00  1.7886E+00  1.7887E+00 -2.7679E-02
  2.2866E+00  1.7889E+00  1.7889E+00 -1.6098E-02
  2.3027E+00  1.7891E+00  1.7891E+00  0.0000E+00
  2.3188E+00  1.7894E+00  1.7894E+00  0.0000E+00
  2.3350E+00  1.7896E+00  1.7896E+00  0.0000E+00
  2.3514E+00  1.7897E+00  1.7897E+00  0.0000E+00
  2.3679E+00  1.7899E+00  1.7899E+00  0.0000E+00
  2.3845E+00  1.7900E+00  1.7900E+00  0.0000E+00
  2.4012E+00  1.7901E+00  1.7901E+00  0.0000E+00
  2.4180E+00  1.7901E+00  1.7901E+00  0.0000E+00
  2.4350E+00  1.7901E+00  1.7901E+00  0.0000E+00
  2.4520E+00  1.7901E+00  1.7901E+00  0.0000E+00
  2.4692E+00  1.7900E+00  1.7900E+00  0.0000E+00
  2.4865E+00  1.7898E+00  1.7898E+00  0.0000E+00
  2.5040E+00  1.7896E+00  1.7896E+00  0.0000E+00
  2.5215E+00  1.7893E+00  1.7893E+00  0.0000E+00
  2.5392E+00  1.7890E+00  1.7890E+00  0.0000E+00
  2.5570E+00  1.7886E+00  1.7886E+00  0.0000E+00
  2.5749E+00  1.7881E+00  1.7881E+00  0.0000E+00
  2.5929E+00  1.7875E+00  1.7875E+00  0.0000E+00
  2.6111E+00  1.7869E+00  1.7869E+00  0.0000E+00
  2.6294E+00  1.7861E+00  1.7861E+00  0.0000E+00
  2.6479E+00  1.7853E+00  1.7853E+00  0.0000E+00
  2.6664E+00  1.7844E+00  1.7844E+00  0.0000E+00
  2.6851E+00  1.7834E+00  1.7834E+00  0.0000E+00
  2.7039E+00  1.7823E+00  1.7823E+00  0.0000E+00
  2.7229E+00  1.7811E+00  1.7811E+00  0.0000E+00
  2.7420E+00  1.7798E+00  1.7798E+00  0.0000E+00
  2.7612E+00  1.7784E+00  1.7784E+00  0.0000E+00
  2.7805E+00  1.7768E+00  1.7768E+00  0.0000E+00
  2.8000E+00  1.7752E+00  1.7752E+00  0.0000E+00
  2.8196E+00  1.7734E+00  1.7734E+00  0.0000E+00
  2.8394E+00  1.7716E+00  1.7716E+00  0.0000E+00
  2.8593E+00  1.7695E+00  1.7695E+00  0.0000E+00
  2.8793E+00  1.7674E+00  1.7674E+00  0.0000E+00
  2.8995E+00  1.7652E+00  1.7652E+00  0.0000E+00
  2.9198E+00  1.7628E+00  1.7628E+00  0.0000E+00
  2.9403E+00  1.7602E+00  1.7602E+00  0.0000E+00
  2.9609E+00  1.7575E+00  1.7575E+00  0.0000E+00
  2.9817E+00  1.7547E+00  1.7547E+00  0.0000E+00
  3.0026E+00  1.7518E+00  1.7518E+00  0.0000E+00
  3.0236E+00  1.7487E+00  1.7487E+00  0.0000E+00
  3.0448E+00  1.7454E+00  1.7454E+00  0.0000E+00
  3.0661E+00  1.7420E+00  1.7420E+00  0.0000E+00
  3.0876E+00  1.7385E+00  1.7385E+00  0.0000E+00
  3.1093E+00  1.7347E+00  1.7347E+00  0.0000E+00
  3.1311E+00  1.7309E+00  1.7309E+00  0.0000E+00
  3.1530E+00  1.7268E+00  1.7268E+00  0.0000E+00
  3.1751E+00  1.7226E+00  1.7226E+00  0.0000E+00
  3.1974E+00  1.7183E+00  1.7183E+00  0.0000E+00
  3.2198E+00  1.7138E+00  1.7138E+00  0.0000E+00
  3.2423E+00  1.7091E+00  1.7091E+00  0.0000E+00
  3.2651E+00  1.7042E+00  1.7042E+00  0.0000E+00
