   0.0000000E+00  -2.1188051E+07   0.0000000E+00
   4.9310821E-07   3.3987876E+08   2.1837736E-28
   9.8966777E-07   3.0279359E+08   3.5432058E-27
   1.4897028E-06   2.0496023E+08   1.8190190E-26
   1.9932377E-06   1.8011829E+08   5.8300873E-26
   2.5002969E-06   1.5834321E+08   1.4434609E-25
   3.0109052E-06   1.4100447E+08   3.0354771E-25
   3.5250872E-06   1.2808443E+08   5.7031937E-25
   4.0428681E-06   1.1779000E+08   9.8672685E-25
   4.5642730E-06   1.0934575E+08   1.6029690E-24
   5.0893274E-06   1.0227811E+08   2.4778796E-24
   5.6180566E-06   9.6257597E+07   3.6794517E-24
   6.1504866E-06   9.1054620E+07   5.2853841E-24
   6.6866431E-06   8.6502105E+07   7.3836520E-24
   7.2265522E-06   8.2477654E+07   1.0073102E-23
   7.7702403E-06   7.8888413E+07   1.3464073E-23
   8.3177337E-06   7.5662636E+07   1.7679041E-23
   8.8690591E-06   7.2743956E+07   2.2853297E-23
   9.4242434E-06   7.0087413E+07   2.9135645E-23
   9.9833135E-06   6.7656668E+07   3.6689137E-23
   1.0546297E-05   6.5421999E+07   4.5691833E-23
   1.1113220E-05   6.3358839E+07   5.6337597E-23
   1.1684112E-05   6.1446685E+07   6.8836922E-23
   1.2258999E-05   5.9668281E+07   8.3417790E-23
   1.2837910E-05   5.8008985E+07   1.0032657E-22
   1.3420873E-05   5.6456286E+07   1.1982893E-22
   1.4007916E-05   5.4999423E+07   1.4221086E-22
   1.4599068E-05   5.3629083E+07   1.6777961E-22
   1.5194357E-05   5.2337163E+07   1.9686478E-22
   1.5793814E-05   5.1116576E+07   2.2981940E-22
   1.6397465E-05   4.9961090E+07   2.6702108E-22
   1.7005342E-05   4.8865205E+07   3.0887315E-22
   1.7617474E-05   4.7824046E+07   3.5580593E-22
   1.8233889E-05   4.6833273E+07   4.0827796E-22
   1.8854620E-05   4.5889008E+07   4.6677735E-22
   1.9479695E-05   4.4987777E+07   5.3182315E-22
   2.0109145E-05   4.4126456E+07   6.0396676E-22
   2.0743000E-05   4.3302225E+07   6.8379344E-22
   2.1381292E-05   4.2512535E+07   7.7192381E-22
   2.2024051E-05   4.1755074E+07   8.6901547E-22
   2.2671310E-05   4.1027738E+07   9.7576469E-22
   2.3323098E-05   4.0328610E+07   1.0929080E-21
   2.3979449E-05   3.9655939E+07   1.2212243E-21
   2.4640393E-05   3.9008119E+07   1.3615362E-21
   2.5305964E-05   3.8383679E+07   1.5147124E-21
   2.5976193E-05   3.7781266E+07   1.6816695E-21
   2.6651112E-05   3.7199630E+07   1.8633740E-21
   2.7330756E-05   3.6637623E+07   2.0608447E-21
   2.8015157E-05   3.6094178E+07   2.2751546E-21
   2.8704348E-05   3.5568311E+07   2.5074334E-21
   2.9398363E-05   3.5059106E+07   2.7588700E-21
   3.0097235E-05   3.4565714E+07   3.0307148E-21
   3.0800999E-05   3.4087345E+07   3.3242821E-21
   3.1509689E-05   3.3623262E+07   3.6409532E-21
   3.2223338E-05   3.3172777E+07   3.9821791E-21
   3.2941983E-05   3.2735249E+07   4.3494829E-21
   3.3665658E-05   3.2310077E+07   4.7444632E-21
   3.4394398E-05   3.1896697E+07   5.1687972E-21
   3.5128238E-05   3.1494584E+07   5.6242437E-21
   3.5867215E-05   3.1103241E+07   6.1126464E-21
   3.6611364E-05   3.0722203E+07   6.6359374E-21
   3.7360721E-05   3.0351033E+07   7.1961408E-21
   3.8115323E-05   2.9989317E+07   7.7953763E-21
   3.8875207E-05   2.9636667E+07   8.4358629E-21
   3.9640409E-05   2.9292716E+07   9.1199231E-21
   4.0410967E-05   2.8957118E+07   9.8499867E-21
   4.1186919E-05   2.8629546E+07   1.0628595E-20
   4.1968301E-05   2.8309689E+07   1.1458406E-20
   4.2755152E-05   2.7997254E+07   1.2342198E-20
   4.3547511E-05   2.7691964E+07   1.3282873E-20
   4.4345416E-05   2.7393553E+07   1.4283465E-20
   4.5148905E-05   2.7101773E+07   1.5347143E-20
   4.5958018E-05   2.6816384E+07   1.6477216E-20
   4.6772794E-05   2.6537162E+07   1.7677137E-20
   4.7593273E-05   2.6263891E+07   1.8950512E-20
   4.8419495E-05   2.5996366E+07   2.0301104E-20
   4.9251499E-05   2.5734393E+07   2.1732839E-20
   5.0089327E-05   2.5477785E+07   2.3249811E-20
   5.0933019E-05   2.5226366E+07   2.4856291E-20
   5.1782615E-05   2.4979966E+07   2.6556729E-20
   5.2638159E-05   2.4738423E+07   2.8355769E-20
   5.3499690E-05   2.4501583E+07   3.0258245E-20
   5.4367252E-05   2.4269299E+07   3.2269199E-20
   5.5240886E-05   2.4041429E+07   3.4393882E-20
   5.6120634E-05   2.3817839E+07   3.6637762E-20
   5.7006540E-05   2.3598398E+07   3.9006537E-20
   5.7898647E-05   2.3382983E+07   4.1506137E-20
   5.8796997E-05   2.3171475E+07   4.4142737E-20
   5.9701636E-05   2.2963759E+07   4.6922763E-20
   6.0612606E-05   2.2759728E+07   4.9852906E-20
   6.1529952E-05   2.2559274E+07   5.2940124E-20
   6.2453718E-05   2.2362299E+07   5.6191660E-20
   6.3383951E-05   2.2168704E+07   5.9615046E-20
   6.4320694E-05   2.1978396E+07   6.3218115E-20
   6.5263993E-05   2.1791287E+07   6.7009016E-20
   6.6213895E-05   2.1607289E+07   7.0996218E-20
   6.7170446E-05   2.1426319E+07   7.5188528E-20
   6.8133691E-05   2.1248299E+07   7.9595100E-20
   6.9103679E-05   2.1073150E+07   8.4225448E-20
   7.0080455E-05   2.0900799E+07   8.9089457E-20
   7.1064068E-05   2.0731174E+07   9.4197402E-20
   7.2054566E-05   2.0564206E+07   9.9559953E-20
   7.3051996E-05   2.0399828E+07   1.0518820E-19
   7.4056407E-05   2.0237977E+07   1.1109365E-19
   7.5067849E-05   2.0078590E+07   1.1728826E-19
   7.6086370E-05   1.9921608E+07   1.2378446E-19
   7.7112019E-05   1.9766972E+07   1.3059512E-19
   7.8144847E-05   1.9614627E+07   1.3773365E-19
   7.9184904E-05   1.9464518E+07   1.4521392E-19
   8.0232241E-05   1.9316594E+07   1.5305036E-19
   8.1286908E-05   1.9170803E+07   1.6125793E-19
   8.2348957E-05   1.9027098E+07   1.6985216E-19
   8.3418440E-05   1.8885429E+07   1.7884916E-19
   8.4495408E-05   1.8745752E+07   1.8826565E-19
   8.5579913E-05   1.8608023E+07   1.9811896E-19
   8.6672010E-05   1.8472197E+07   2.0842707E-19
   8.7771750E-05   1.8338234E+07   2.1920865E-19
   8.8879187E-05   1.8206093E+07   2.3048304E-19
   8.9994376E-05   1.8075734E+07   2.4227028E-19
   9.1117370E-05   1.7947121E+07   2.5459119E-19
   9.2248224E-05   1.7820215E+07   2.6746732E-19
   9.3386993E-05   1.7694982E+07   2.8092102E-19
   9.4533733E-05   1.7571385E+07   2.9497546E-19
   9.5688498E-05   1.7449393E+07   3.0965466E-19
   9.6851346E-05   1.7328971E+07   3.2498350E-19
   9.8022334E-05   1.7210088E+07   3.4098778E-19
   9.9201517E-05   1.7092714E+07   3.5769421E-19
   1.0038895E-04   1.6976818E+07   3.7513049E-19
   1.0158470E-04   1.6862370E+07   3.9332530E-19
   1.0278882E-04   1.6749344E+07   4.1230835E-19
   1.0400136E-04   1.6637710E+07   4.3211044E-19
   1.0522239E-04   1.6527442E+07   4.5276344E-19
   1.0645197E-04   1.6418514E+07   4.7430038E-19
   1.0769015E-04   1.6310901E+07   4.9675546E-19
   1.0893700E-04   1.6204578E+07   5.2016408E-19
   1.1019258E-04   1.6099521E+07   5.4456292E-19
   1.1145694E-04   1.5995705E+07   5.6998995E-19
   1.1273016E-04   1.5893110E+07   5.9648446E-19
   1.1401228E-04   1.5791711E+07   6.2408716E-19
   1.1530338E-04   1.5691489E+07   6.5284017E-19
   1.1660352E-04   1.5592420E+07   6.8278709E-19
   1.1791276E-04   1.5494486E+07   7.1397305E-19
   1.1923115E-04   1.5397665E+07   7.4644475E-19
   1.2055878E-04   1.5301939E+07   7.8025053E-19
   1.2189570E-04   1.5207287E+07   8.1544040E-19
   1.2324198E-04   1.5113693E+07   8.5206614E-19
   1.2459768E-04   1.5021136E+07   8.9018128E-19
   1.2596287E-04   1.4929601E+07   9.2984123E-19
   1.2733761E-04   1.4839069E+07   9.7110331E-19
   1.2872197E-04   1.4749523E+07   1.0140268E-18
   1.3011603E-04   1.4660948E+07   1.0586731E-18
   1.3151984E-04   1.4573327E+07   1.1051056E-18
   1.3293348E-04   1.4486644E+07   1.1533899E-18
   1.3435701E-04   1.4400884E+07   1.2035940E-18
   1.3579051E-04   1.4316032E+07   1.2557880E-18
   1.3723404E-04   1.4232073E+07   1.3100444E-18
   1.3868767E-04   1.4148994E+07   1.3664384E-18
   1.4015148E-04   1.4066780E+07   1.4250476E-18
   1.4162553E-04   1.3985417E+07   1.4859521E-18
   1.4310990E-04   1.3904893E+07   1.5492351E-18
   1.4460465E-04   1.3825194E+07   1.6149823E-18
   1.4610988E-04   1.3746307E+07   1.6832823E-18
   1.4762563E-04   1.3668220E+07   1.7542268E-18
   1.4915200E-04   1.3590921E+07   1.8279106E-18
   1.5068904E-04   1.3514397E+07   1.9044316E-18
   1.5223685E-04   1.3438638E+07   1.9838911E-18
   1.5379549E-04   1.3363631E+07   2.0663937E-18
   1.5536504E-04   1.3289366E+07   2.1520475E-18
   1.5694557E-04   1.3215831E+07   2.2409643E-18
   1.5853717E-04   1.3143016E+07   2.3332596E-18
   1.6013991E-04   1.3070910E+07   2.4290527E-18
   1.6175386E-04   1.2999504E+07   2.5284670E-18
   1.6337911E-04   1.2928786E+07   2.6316297E-18
   1.6501574E-04   1.2858748E+07   2.7386726E-18
   1.6666382E-04   1.2789380E+07   2.8497317E-18
   1.6832343E-04   1.2720671E+07   2.9649475E-18
   1.6999467E-04   1.2652613E+07   3.0844651E-18
   1.7167760E-04   1.2585197E+07   3.2084344E-18
   1.7337230E-04   1.2518414E+07   3.3370104E-18
   1.7507887E-04   1.2452255E+07   3.4703531E-18
   1.7679739E-04   1.2386712E+07   3.6086276E-18
   1.7852793E-04   1.2321775E+07   3.7520047E-18
   1.8027059E-04   1.2257438E+07   3.9006607E-18
   1.8202544E-04   1.2193692E+07   4.0547775E-18
   1.8379258E-04   1.2130530E+07   4.2145433E-18
   1.8557208E-04   1.2067942E+07   4.3801522E-18
   1.8736404E-04   1.2005922E+07   4.5518046E-18
   1.8916854E-04   1.1944463E+07   4.7297077E-18
   1.9098567E-04   1.1883557E+07   4.9140751E-18
   1.9281552E-04   1.1823197E+07   5.1051276E-18
   1.9465817E-04   1.1763375E+07   5.3030931E-18
   1.9651373E-04   1.1704086E+07   5.5082069E-18
   1.9838227E-04   1.1645322E+07   5.7207119E-18
   2.0026389E-04   1.1587076E+07   5.9408590E-18
   2.0215868E-04   1.1529343E+07   6.1689069E-18
   2.0406673E-04   1.1472115E+07   6.4051230E-18
   2.0598813E-04   1.1415386E+07   6.6497831E-18
   2.0792299E-04   1.1359151E+07   6.9031720E-18
   2.0987138E-04   1.1303403E+07   7.1655836E-18
   2.1183342E-04   1.1248136E+07   7.4373215E-18
   2.1380918E-04   1.1193344E+07   7.7186986E-18
   2.1579878E-04   1.1139022E+07   8.0100382E-18
   2.1780230E-04   1.1085164E+07   8.3116739E-18
   2.1981984E-04   1.1031765E+07   8.6239499E-18
   2.2185150E-04   1.0978818E+07   8.9472215E-18
   2.2389739E-04   1.0926320E+07   9.2818552E-18
   2.2595759E-04   1.0874263E+07   9.6282294E-18
   2.2803221E-04   1.0822644E+07   9.9867345E-18
   2.3012136E-04   1.0771457E+07   1.0357773E-17
   2.3222513E-04   1.0720697E+07   1.0741762E-17
   2.3434362E-04   1.0670360E+07   1.1139128E-17
   2.3647693E-04   1.0620440E+07   1.1550315E-17
   2.3862518E-04   1.0570933E+07   1.1975780E-17
   2.4078847E-04   1.0521833E+07   1.2415992E-17
   2.4296690E-04   1.0473138E+07   1.2871440E-17
   2.4516057E-04   1.0424841E+07   1.3342622E-17
   2.4736960E-04   1.0376939E+07   1.3830058E-17
   2.4959409E-04   1.0329427E+07   1.4334280E-17
   2.5183415E-04   1.0282301E+07   1.4855839E-17
   2.5408989E-04   1.0235556E+07   1.5395302E-17
   2.5636141E-04   1.0189190E+07   1.5953256E-17
   2.5864884E-04   1.0143196E+07   1.6530303E-17
   2.6095227E-04   1.0097572E+07   1.7127068E-17
   2.6327183E-04   1.0052314E+07   1.7744193E-17
   2.6560762E-04   1.0007417E+07   1.8382342E-17
   2.6795976E-04   9.9628782E+06   1.9042196E-17
   2.7032837E-04   9.9186933E+06   1.9724462E-17
   2.7271355E-04   9.8748587E+06   2.0429868E-17
   2.7511543E-04   9.8313707E+06   2.1159162E-17
   2.7753411E-04   9.7882259E+06   2.1913118E-17
   2.7996973E-04   9.7454205E+06   2.2692534E-17
   2.8242239E-04   9.7029513E+06   2.3498233E-17
   2.8489222E-04   9.6608146E+06   2.4331062E-17
   2.8737934E-04   9.6190072E+06   2.5191897E-17
   2.8988386E-04   9.5775258E+06   2.6081638E-17
   2.9240592E-04   9.5363670E+06   2.7001216E-17
   2.9494562E-04   9.4955276E+06   2.7951591E-17
   2.9750311E-04   9.4550045E+06   2.8933750E-17
   3.0007849E-04   9.4147945E+06   2.9948713E-17
   3.0267190E-04   9.3748946E+06   3.0997531E-17
   3.0528346E-04   9.3353017E+06   3.2081287E-17
   3.0791330E-04   9.2960127E+06   3.3201100E-17
   3.1056154E-04   9.2570249E+06   3.4358120E-17
   3.1322832E-04   9.2183352E+06   3.5553536E-17
   3.1591377E-04   9.1799408E+06   3.6788571E-17
   3.1861801E-04   9.1418389E+06   3.8064487E-17
   3.2134118E-04   9.1040266E+06   3.9382586E-17
   3.2408341E-04   9.0665014E+06   4.0744209E-17
   3.2684483E-04   9.0292603E+06   4.2150738E-17
   3.2962558E-04   8.9923009E+06   4.3603599E-17
   3.3242579E-04   8.9556204E+06   4.5104260E-17
   3.3524561E-04   8.9192163E+06   4.6654236E-17
   3.3808515E-04   8.8830860E+06   4.8255088E-17
   3.4094458E-04   8.8472270E+06   4.9908425E-17
   3.4382401E-04   8.8116368E+06   5.1615904E-17
   3.4672360E-04   8.7763130E+06   5.3379235E-17
   3.4964349E-04   8.7412531E+06   5.5200180E-17
   3.5258381E-04   8.7064548E+06   5.7080555E-17
   3.5554471E-04   8.6719157E+06   5.9022230E-17
   3.5852634E-04   8.6376336E+06   6.1027135E-17
   3.6152883E-04   8.6036060E+06   6.3097256E-17
   3.6455234E-04   8.5698308E+06   6.5234643E-17
   3.6759701E-04   8.5363058E+06   6.7441406E-17
   3.7066299E-04   8.5030287E+06   6.9719721E-17
   3.7375044E-04   8.4699974E+06   7.2071831E-17
   3.7685949E-04   8.4372097E+06   7.4500044E-17
   3.7999030E-04   8.4046635E+06   7.7006743E-17
   3.8314302E-04   8.3723568E+06   7.9594380E-17
   3.8631781E-04   8.3402875E+06   8.2265484E-17
   3.8951482E-04   8.3084536E+06   8.5022660E-17
   3.9273421E-04   8.2768530E+06   8.7868593E-17
   3.9597613E-04   8.2454838E+06   9.0806047E-17
   3.9924074E-04   8.2143441E+06   9.3837874E-17
   4.0252821E-04   8.1834318E+06   9.6967010E-17
   4.0583868E-04   8.1527452E+06   1.0019648E-16
   4.0917232E-04   8.1222823E+06   1.0352940E-16
   4.1252929E-04   8.0920412E+06   1.0696899E-16
   4.1590976E-04   8.0620202E+06   1.1051855E-16
   4.1931389E-04   8.0322175E+06   1.1418150E-16
   4.2274185E-04   8.0026312E+06   1.1796134E-16
   4.2619380E-04   7.9732595E+06   1.2186170E-16
   4.2966991E-04   7.9441009E+06   1.2588631E-16
   4.3317035E-04   7.9151534E+06   1.3003900E-16
   4.3669529E-04   7.8864155E+06   1.3432374E-16
   4.4024490E-04   7.8578854E+06   1.3874460E-16
   4.4381936E-04   7.8295615E+06   1.4330578E-16
   4.4741883E-04   7.8014421E+06   1.4801161E-16
   4.5104350E-04   7.7735256E+06   1.5286655E-16
   4.5469354E-04   7.7458105E+06   1.5787519E-16
   4.5836912E-04   7.7182951E+06   1.6304226E-16
   4.6207043E-04   7.6909779E+06   1.6837262E-16
   4.6579765E-04   7.6638573E+06   1.7387131E-16
   4.6955096E-04   7.6369318E+06   1.7954350E-16
   4.7333053E-04   7.6101999E+06   1.8539449E-16
   4.7713656E-04   7.5836601E+06   1.9142980E-16
   4.8096923E-04   7.5573109E+06   1.9765505E-16
   4.8482872E-04   7.5311509E+06   2.0407609E-16
   4.8871522E-04   7.5051787E+06   2.1069889E-16
   4.9262893E-04   7.4793927E+06   2.1752963E-16
   4.9657003E-04   7.4537916E+06   2.2457469E-16
   5.0053872E-04   7.4283740E+06   2.3184060E-16
   5.0453518E-04   7.4031385E+06   2.3933411E-16
   5.0855962E-04   7.3780838E+06   2.4706218E-16
   5.1261222E-04   7.3532085E+06   2.5503195E-16
   5.1669319E-04   7.3285112E+06   2.6325081E-16
   5.2080272E-04   7.3039907E+06   2.7172635E-16
   5.2494101E-04   7.2796457E+06   2.8046637E-16
   5.2910827E-04   7.2554748E+06   2.8947895E-16
   5.3330470E-04   7.2314768E+06   2.9877236E-16
   5.3753049E-04   7.2076504E+06   3.0835516E-16
   5.4178587E-04   7.1839944E+06   3.1823613E-16
   5.4607103E-04   7.1605075E+06   3.2842434E-16
   5.5038618E-04   7.1371885E+06   3.3892911E-16
   5.5473153E-04   7.1140362E+06   3.4976006E-16
   5.5910730E-04   7.0910495E+06   3.6092707E-16
   5.6351369E-04   7.0682270E+06   3.7244033E-16
   5.6795093E-04   7.0455677E+06   3.8431034E-16
   5.7241922E-04   7.0230704E+06   3.9654789E-16
   5.7691879E-04   7.0007338E+06   4.0916412E-16
   5.8144985E-04   6.9785570E+06   4.2217048E-16
   5.8601262E-04   6.9565388E+06   4.3557876E-16
   5.9060733E-04   6.9346780E+06   4.4940112E-16
   5.9523420E-04   6.9129735E+06   4.6365006E-16
   5.9989345E-04   6.8914243E+06   4.7833847E-16
   6.0458531E-04   6.8700293E+06   4.9347960E-16
   6.0931002E-04   6.8487873E+06   5.0908711E-16
   6.1406779E-04   6.8276974E+06   5.2517507E-16
   6.1885886E-04   6.8067585E+06   5.4175795E-16
   6.2368347E-04   6.7859695E+06   5.5885065E-16
   6.2854184E-04   6.7653294E+06   5.7646854E-16
   6.3343422E-04   6.7448373E+06   5.9462741E-16
   6.3836084E-04   6.7244919E+06   6.1334354E-16
   6.4332194E-04   6.7042925E+06   6.3263368E-16
   6.4831777E-04   6.6842379E+06   6.5251508E-16
   6.5334856E-04   6.6643273E+06   6.7300550E-16
   6.5841457E-04   6.6445595E+06   6.9412324E-16
   6.6351603E-04   6.6249337E+06   7.1588711E-16
   6.6865320E-04   6.6054489E+06   7.3831649E-16
   6.7382632E-04   6.5861042E+06   7.6143136E-16
   6.7903565E-04   6.5668985E+06   7.8525225E-16
   6.8428145E-04   6.5478310E+06   8.0980031E-16
   6.8956396E-04   6.5289008E+06   8.3509732E-16
   6.9488344E-04   6.5101068E+06   8.6116571E-16
   7.0024015E-04   6.4914484E+06   8.8802855E-16
   7.0563436E-04   6.4729244E+06   9.1570961E-16
   7.1106632E-04   6.4545340E+06   9.4423334E-16
   7.1653630E-04   6.4362764E+06   9.7362494E-16
   7.2204457E-04   6.4181507E+06   1.0039103E-15
   7.2759139E-04   6.4001559E+06   1.0351162E-15
   7.3317703E-04   6.3822913E+06   1.0672700E-15
   7.3880177E-04   6.3645560E+06   1.1004001E-15
   7.4446588E-04   6.3469491E+06   1.1345355E-15
   7.5016963E-04   6.3294697E+06   1.1697063E-15
   7.5591330E-04   6.3121171E+06   1.2059432E-15
   7.6169717E-04   6.2948904E+06   1.2432781E-15
   7.6752152E-04   6.2777889E+06   1.2817437E-15
   7.7338664E-04   6.2608115E+06   1.3213736E-15
   7.7929282E-04   6.2439577E+06   1.3622024E-15
   7.8524033E-04   6.2272265E+06   1.4042658E-15
   7.9122946E-04   6.2106172E+06   1.4476006E-15
   7.9726052E-04   6.1941289E+06   1.4922445E-15
   8.0333379E-04   6.1777609E+06   1.5382364E-15
   8.0944956E-04   6.1615125E+06   1.5856164E-15
   8.1560815E-04   6.1453827E+06   1.6344257E-15
   8.2180983E-04   6.1293709E+06   1.6847067E-15
   8.2805493E-04   6.1134764E+06   1.7365031E-15
   8.3434373E-04   6.0976982E+06   1.7898598E-15
   8.4067655E-04   6.0820357E+06   1.8448231E-15
   8.4705370E-04   6.0664882E+06   1.9014406E-15
   8.5347548E-04   6.0510549E+06   1.9597613E-15
   8.5994220E-04   6.0357350E+06   2.0198358E-15
   8.6645419E-04   6.0205278E+06   2.0817158E-15
   8.7301176E-04   6.0054326E+06   2.1454549E-15
   8.7961522E-04   5.9904487E+06   2.2111081E-15
   8.8626491E-04   5.9755754E+06   2.2787319E-15
   8.9296113E-04   5.9608119E+06   2.3483848E-15
   8.9970422E-04   5.9461575E+06   2.4201265E-15
   9.0649451E-04   5.9316115E+06   2.4940190E-15
   9.1333233E-04   5.9171732E+06   2.5701257E-15
   9.2021800E-04   5.9028420E+06   2.6485121E-15
   9.2715187E-04   5.8886171E+06   2.7292454E-15
   9.3413427E-04   5.8744978E+06   2.8123948E-15
   9.4116554E-04   5.8604835E+06   2.8980318E-15
   9.4824603E-04   5.8465734E+06   2.9862297E-15
   9.5537607E-04   5.8327670E+06   3.0770639E-15
   9.6255602E-04   5.8190635E+06   3.1706123E-15
   9.6978622E-04   5.8054622E+06   3.2669548E-15
   9.7706702E-04   5.7919625E+06   3.3661737E-15
   9.8439879E-04   5.7785637E+06   3.4683538E-15
   9.9178187E-04   5.7652651E+06   3.5735822E-15
   9.9921662E-04   5.7520662E+06   3.6819487E-15
   1.0067034E-03   5.7389662E+06   3.7935455E-15
   1.0142426E-03   5.7259645E+06   3.9084679E-15
   1.0218346E-03   5.7130605E+06   4.0268135E-15
   1.0294797E-03   5.7002535E+06   4.1486831E-15
   1.0371783E-03   5.6875428E+06   4.2741801E-15
   1.0449308E-03   5.6749278E+06   4.4034113E-15
   1.0527375E-03   5.6624080E+06   4.5364863E-15
   1.0605989E-03   5.6499826E+06   4.6735180E-15
   1.0685153E-03   5.6376510E+06   4.8146226E-15
   1.0764872E-03   5.6254126E+06   4.9599196E-15
   1.0845148E-03   5.6132668E+06   5.1095321E-15
   1.0925986E-03   5.6012129E+06   5.2635868E-15
   1.1007390E-03   5.5892504E+06   5.4222138E-15
   1.1089364E-03   5.5773785E+06   5.5855472E-15
   1.1171911E-03   5.5655968E+06   5.7537252E-15
   1.1255036E-03   5.5539045E+06   5.9268895E-15
   1.1338743E-03   5.5423011E+06   6.1051864E-15
   1.1423036E-03   5.5307859E+06   6.2887662E-15
   1.1507919E-03   5.5193584E+06   6.4777837E-15
   1.1593396E-03   5.5080179E+06   6.6723979E-15
   1.1679471E-03   5.4967638E+06   6.8727728E-15
   1.1766149E-03   5.4855955E+06   7.0790769E-15
   1.1853433E-03   5.4745125E+06   7.2914838E-15
   1.1941328E-03   5.4635141E+06   7.5101718E-15
   1.2029839E-03   5.4525997E+06   7.7353248E-15
   1.2118969E-03   5.4417687E+06   7.9671316E-15
   1.2208722E-03   5.4310206E+06   8.2057869E-15
   1.2299104E-03   5.4203547E+06   8.4514907E-15
   1.2390119E-03   5.4097704E+06   8.7044490E-15
   1.2481771E-03   5.3992672E+06   8.9648737E-15
   1.2574064E-03   5.3888444E+06   9.2329827E-15
   1.2667003E-03   5.3785015E+06   9.5090005E-15
   1.2760592E-03   5.3682379E+06   9.7931579E-15
   1.2854837E-03   5.3580529E+06   1.0085692E-14
   1.2949741E-03   5.3479460E+06   1.0386849E-14
   1.3045310E-03   5.3379167E+06   1.0696878E-14
   1.3141547E-03   5.3279642E+06   1.1016039E-14
   1.3238458E-03   5.3180881E+06   1.1344598E-14
   1.3336047E-03   5.3082878E+06   1.1682829E-14
   1.3434320E-03   5.2985626E+06   1.2031014E-14
   1.3533280E-03   5.2889120E+06   1.2389442E-14
   1.3632933E-03   5.2793353E+06   1.2758414E-14
   1.3733283E-03   5.2698321E+06   1.3138234E-14
   1.3834336E-03   5.2604017E+06   1.3529220E-14
   1.3936095E-03   5.2510435E+06   1.3931697E-14
   1.4038568E-03   5.2417570E+06   1.4345998E-14
   1.4141757E-03   5.2325416E+06   1.4772469E-14
   1.4245669E-03   5.2233966E+06   1.5211462E-14
   1.4350308E-03   5.2143215E+06   1.5663343E-14
   1.4455679E-03   5.2053158E+06   1.6128486E-14
   1.4561788E-03   5.1963788E+06   1.6607277E-14
   1.4668639E-03   5.1875099E+06   1.7100112E-14
   1.4776238E-03   5.1787086E+06   1.7607401E-14
   1.4884591E-03   5.1699743E+06   1.8129562E-14
   1.4993702E-03   5.1613064E+06   1.8667028E-14
   1.5103576E-03   5.1527042E+06   1.9220244E-14
   1.5214220E-03   5.1441673E+06   1.9789667E-14
   1.5325638E-03   5.1356950E+06   2.0375768E-14
   1.5437836E-03   5.1272868E+06   2.0979031E-14
   1.5550819E-03   5.1189420E+06   2.1599954E-14
   1.5664593E-03   5.1106601E+06   2.2239049E-14
   1.5779163E-03   5.1024404E+06   2.2896845E-14
   1.5894535E-03   5.0942824E+06   2.3573884E-14
   1.6010714E-03   5.0861855E+06   2.4270723E-14
   1.6127707E-03   5.0781491E+06   2.4987937E-14
   1.6245519E-03   5.0701725E+06   2.5726117E-14
   1.6364155E-03   5.0622553E+06   2.6485871E-14
   1.6483622E-03   5.0543967E+06   2.7267824E-14
   1.6603924E-03   5.0465963E+06   2.8072619E-14
   1.6725069E-03   5.0388533E+06   2.8900919E-14
   1.6847062E-03   5.0311673E+06   2.9753404E-14
   1.6969908E-03   5.0235375E+06   3.0630775E-14
   1.7093615E-03   5.0159634E+06   3.1533752E-14
   1.7218187E-03   5.0084444E+06   3.2463078E-14
   1.7343631E-03   5.0009799E+06   3.3419515E-14
   1.7469953E-03   4.9935692E+06   3.4403848E-14
   1.7597159E-03   4.9862118E+06   3.5416884E-14
   1.7725256E-03   4.9789070E+06   3.6459454E-14
   1.7854249E-03   4.9716542E+06   3.7532412E-14
   1.7984145E-03   4.9644528E+06   3.8636638E-14
   1.8114950E-03   4.9573022E+06   3.9773036E-14
   1.8246671E-03   4.9502018E+06   4.0942536E-14
   1.8379313E-03   4.9431509E+06   4.2146096E-14
   1.8512884E-03   4.9361489E+06   4.3384700E-14
   1.8647390E-03   4.9291951E+06   4.4659361E-14
   1.8782837E-03   4.9222891E+06   4.5971121E-14
   1.8919233E-03   4.9154300E+06   4.7321053E-14
   1.9056583E-03   4.9086173E+06   4.8710260E-14
   1.9194894E-03   4.9018503E+06   5.0139875E-14
   1.9334173E-03   4.8951285E+06   5.1611067E-14
   1.9474428E-03   4.8884511E+06   5.3125035E-14
   1.9615663E-03   4.8818175E+06   5.4683016E-14
   1.9757888E-03   4.8752271E+06   5.6286280E-14
   1.9901108E-03   4.8686791E+06   5.7936133E-14
   2.0045330E-03   4.8621731E+06   5.9633922E-14
   2.0190562E-03   4.8557082E+06   6.1381029E-14
   2.0336810E-03   4.8492839E+06   6.3178878E-14
   2.0484082E-03   4.8428994E+06   6.5028932E-14
   2.0632384E-03   4.8365542E+06   6.6932697E-14
   2.0781725E-03   4.8302475E+06   6.8891723E-14
   2.0932111E-03   4.8239787E+06   7.0907604E-14
   2.1083549E-03   4.8177470E+06   7.2981978E-14
   2.1236048E-03   4.8115519E+06   7.5116533E-14
   2.1389613E-03   4.8053926E+06   7.7313002E-14
   2.1544254E-03   4.7992685E+06   7.9573172E-14
   2.1699977E-03   4.7931788E+06   8.1898878E-14
   2.1856790E-03   4.7871229E+06   8.4292007E-14
   2.2014700E-03   4.7811001E+06   8.6754504E-14
   2.2173716E-03   4.7751097E+06   8.9288366E-14
   2.2333845E-03   4.7691509E+06   9.1895649E-14
   2.2495094E-03   4.7632232E+06   9.4578467E-14
   2.2657472E-03   4.7573256E+06   9.7338997E-14
   2.2820987E-03   4.7514577E+06   1.0017948E-13
   2.2985646E-03   4.7456186E+06   1.0310220E-13
   2.3151457E-03   4.7398076E+06   1.0610955E-13
   2.3318429E-03   4.7340239E+06   1.0920395E-13
   2.3486570E-03   4.7282670E+06   1.1238791E-13
   2.3655887E-03   4.7225360E+06   1.1566401E-13
   2.3826390E-03   4.7168302E+06   1.1903489E-13
   2.3998086E-03   4.7111489E+06   1.2250329E-13
   2.4170984E-03   4.7054913E+06   1.2607201E-13
   2.4345091E-03   4.6998566E+06   1.2974394E-13
   2.4520418E-03   4.6942442E+06   1.3352204E-13
   2.4696972E-03   4.6886533E+06   1.3740936E-13
   2.4874761E-03   4.6830831E+06   1.4140905E-13
   2.5053795E-03   4.6775328E+06   1.4552434E-13
   2.5234081E-03   4.6720018E+06   1.4975855E-13
   2.5415630E-03   4.6664891E+06   1.5411510E-13
   2.5598449E-03   4.6609941E+06   1.5859751E-13
   2.5782548E-03   4.6555160E+06   1.6320939E-13
   2.5967936E-03   4.6500539E+06   1.6795446E-13
   2.6154621E-03   4.6446071E+06   1.7283654E-13
   2.6342613E-03   4.6391749E+06   1.7785959E-13
   2.6531920E-03   4.6337563E+06   1.8302764E-13
   2.6722553E-03   4.6283507E+06   1.8834485E-13
   2.6914519E-03   4.6229571E+06   1.9381552E-13
   2.7107830E-03   4.6175749E+06   1.9944405E-13
   2.7302493E-03   4.6122031E+06   2.0523497E-13
   2.7498519E-03   4.6068411E+06   2.1119294E-13
   2.7695917E-03   4.6014878E+06   2.1732276E-13
   2.7894696E-03   4.5961426E+06   2.2362936E-13
   2.8094867E-03   4.5908046E+06   2.3011782E-13
   2.8296439E-03   4.5854730E+06   2.3679336E-13
   2.8499421E-03   4.5801469E+06   2.4366133E-13
   2.8703825E-03   4.5748254E+06   2.5072727E-13
   2.8909658E-03   4.5695078E+06   2.5799685E-13
   2.9116933E-03   4.5641932E+06   2.6547592E-13
   2.9325659E-03   4.5588807E+06   2.7317048E-13
   2.9535845E-03   4.5535695E+06   2.8108672E-13
   2.9747502E-03   4.5482587E+06   2.8923099E-13
   2.9960641E-03   4.5429474E+06   2.9760982E-13
   3.0175272E-03   4.5376348E+06   3.0622996E-13
   3.0391405E-03   4.5323200E+06   3.1509831E-13
   3.0609050E-03   4.5270021E+06   3.2422198E-13
   3.0828219E-03   4.5216803E+06   3.3360831E-13
   3.1048922E-03   4.5163535E+06   3.4326481E-13
   3.1271170E-03   4.5110211E+06   3.5319923E-13
   3.1494973E-03   4.5056819E+06   3.6341954E-13
   3.1720343E-03   4.5003352E+06   3.7393391E-13
   3.1947290E-03   4.4949801E+06   3.8475080E-13
   3.2175826E-03   4.4896156E+06   3.9587884E-13
   3.2405961E-03   4.4842408E+06   4.0732697E-13
   3.2637706E-03   4.4788548E+06   4.1910435E-13
   3.2871074E-03   4.4734567E+06   4.3122041E-13
   3.3106076E-03   4.4680455E+06   4.4368484E-13
   3.3342722E-03   4.4626204E+06   4.5650764E-13
   3.3581024E-03   4.4571804E+06   4.6969904E-13
   3.3820994E-03   4.4517245E+06   4.8326962E-13
   3.4062644E-03   4.4462518E+06   4.9723023E-13
   3.4305986E-03   4.4407615E+06   5.1159202E-13
   3.4551030E-03   4.4352524E+06   5.2636649E-13
   3.4797790E-03   4.4297237E+06   5.4156545E-13
   3.5046276E-03   4.4241745E+06   5.5720104E-13
   3.5296502E-03   4.4186037E+06   5.7328577E-13
   3.5548479E-03   4.4130104E+06   5.8983247E-13
   3.5802220E-03   4.4073936E+06   6.0685438E-13
   3.6057737E-03   4.4017525E+06   6.2436508E-13
   3.6315042E-03   4.3960859E+06   6.4237857E-13
   3.6574149E-03   4.3903929E+06   6.6090922E-13
   3.6835068E-03   4.3846726E+06   6.7997182E-13
   3.7097814E-03   4.3789240E+06   6.9958160E-13
   3.7362399E-03   4.3731461E+06   7.1975419E-13
   3.7628836E-03   4.3673379E+06   7.4050570E-13
   3.7897138E-03   4.3614984E+06   7.6185268E-13
   3.8167317E-03   4.3556267E+06   7.8381216E-13
   3.8439388E-03   4.3497217E+06   8.0640165E-13
   3.8713362E-03   4.3437824E+06   8.2963915E-13
   3.8989255E-03   4.3378079E+06   8.5354320E-13
   3.9267078E-03   4.3317971E+06   8.7813284E-13
   3.9546846E-03   4.3257492E+06   9.0342768E-13
   3.9828572E-03   4.3196629E+06   9.2944786E-13
   4.0112270E-03   4.3135375E+06   9.5621412E-13
   4.0397954E-03   4.3073717E+06   9.8374778E-13
   4.0685637E-03   4.3011648E+06   1.0120708E-12
   4.0975334E-03   4.2949155E+06   1.0412056E-12
   4.1267058E-03   4.2886230E+06   1.0711756E-12
   4.1560824E-03   4.2822862E+06   1.1020044E-12
   4.1856647E-03   4.2759042E+06   1.1337168E-12
   4.2154539E-03   4.2694758E+06   1.1663378E-12
   4.2454517E-03   4.2630002E+06   1.1998935E-12
   4.2756595E-03   4.2564762E+06   1.2344106E-12
   4.3060786E-03   4.2499029E+06   1.2699164E-12
   4.3367107E-03   4.2432793E+06   1.3064394E-12
   4.3675572E-03   4.2366043E+06   1.3440084E-12
   4.3986196E-03   4.2298770E+06   1.3826533E-12
   4.4298993E-03   4.2230964E+06   1.4224050E-12
   4.4613981E-03   4.2162614E+06   1.4632949E-12
   4.4931172E-03   4.2093710E+06   1.5053556E-12
   4.5250584E-03   4.2024242E+06   1.5486205E-12
   4.5572232E-03   4.1954201E+06   1.5931239E-12
   4.5896131E-03   4.1883576E+06   1.6389013E-12
   4.6222296E-03   4.1812357E+06   1.6859889E-12
   4.6550745E-03   4.1740534E+06   1.7344243E-12
   4.6881493E-03   4.1668098E+06   1.7842457E-12
   4.7214555E-03   4.1595038E+06   1.8354928E-12
   4.7549949E-03   4.1521345E+06   1.8882063E-12
   4.7887690E-03   4.1447008E+06   1.9424280E-12
   4.8227795E-03   4.1372018E+06   1.9982010E-12
   4.8570281E-03   4.1296366E+06   2.0555694E-12
   4.8915163E-03   4.1220040E+06   2.1145788E-12
   4.9262460E-03   4.1143032E+06   2.1752761E-12
   4.9612187E-03   4.1065332E+06   2.2377093E-12
   4.9964362E-03   4.0986930E+06   2.3019280E-12
   5.0319003E-03   4.0907817E+06   2.3679830E-12
   5.0676125E-03   4.0827984E+06   2.4359269E-12
   5.1035747E-03   4.0747420E+06   2.5058134E-12
   5.1397885E-03   4.0666116E+06   2.5776979E-12
   5.1762559E-03   4.0584063E+06   2.6516374E-12
   5.2129785E-03   4.0501252E+06   2.7276905E-12
   5.2499581E-03   4.0417673E+06   2.8059175E-12
   5.2871966E-03   4.0333318E+06   2.8863803E-12
   5.3246956E-03   4.0248177E+06   2.9691427E-12
   5.3624572E-03   4.0162241E+06   3.0542702E-12
   5.4004830E-03   4.0075502E+06   3.1418303E-12
   5.4387750E-03   3.9987950E+06   3.2318922E-12
   5.4773351E-03   3.9899577E+06   3.3245274E-12
   5.5161649E-03   3.9810374E+06   3.4198091E-12
   5.5552666E-03   3.9720332E+06   3.5178127E-12
   5.5946420E-03   3.9629444E+06   3.6186159E-12
   5.6342929E-03   3.9537700E+06   3.7222984E-12
   5.6742214E-03   3.9445092E+06   3.8289423E-12
   5.7144293E-03   3.9351613E+06   3.9386319E-12
   5.7549187E-03   3.9257254E+06   4.0514540E-12
   5.7956915E-03   3.9162007E+06   4.1674979E-12
   5.8367496E-03   3.9065864E+06   4.2868553E-12
   5.8780951E-03   3.8968819E+06   4.4096207E-12
   5.9197300E-03   3.8870862E+06   4.5358912E-12
   5.9616563E-03   3.8771987E+06   4.6657665E-12
   6.0038760E-03   3.8672186E+06   4.7993494E-12
   6.0463912E-03   3.8571452E+06   4.9367454E-12
   6.0892041E-03   3.8469778E+06   5.0780632E-12
   6.1323165E-03   3.8367157E+06   5.2234145E-12
   6.1757308E-03   3.8263583E+06   5.3729142E-12
   6.2194488E-03   3.8159049E+06   5.5266803E-12
   6.2634729E-03   3.8053548E+06   5.6848344E-12
   6.3078051E-03   3.7947074E+06   5.8475013E-12
   6.3524476E-03   3.7839620E+06   6.0148098E-12
   6.3974026E-03   3.7731182E+06   6.1868917E-12
   6.4426722E-03   3.7621753E+06   6.3638832E-12
   6.4882586E-03   3.7511327E+06   6.5459239E-12
   6.5341642E-03   3.7399899E+06   6.7331577E-12
   6.5803910E-03   3.7287465E+06   6.9257322E-12
   6.6269414E-03   3.7174018E+06   7.1237997E-12
   6.6738176E-03   3.7059553E+06   7.3275164E-12
   6.7210218E-03   3.6944067E+06   7.5370431E-12
   6.7685565E-03   3.6827555E+06   7.7525452E-12
   6.8164239E-03   3.6710012E+06   7.9741928E-12
   6.8646263E-03   3.6591435E+06   8.2021608E-12
   6.9131661E-03   3.6471819E+06   8.4366291E-12
   6.9620456E-03   3.6351161E+06   8.6777826E-12
   7.0112672E-03   3.6229457E+06   8.9258116E-12
   7.0608334E-03   3.6106705E+06   9.1809118E-12
   7.1107464E-03   3.5982901E+06   9.4432843E-12
   7.1610089E-03   3.5858043E+06   9.7131361E-12
   7.2116231E-03   3.5732127E+06   9.9906799E-12
   7.2625915E-03   3.5605153E+06   1.0276135E-11
   7.3139168E-03   3.5477118E+06   1.0569726E-11
   7.3656012E-03   3.5348020E+06   1.0871684E-11
   7.4176474E-03   3.5217857E+06   1.1182248E-11
   7.4700579E-03   3.5086629E+06   1.1501662E-11
   7.5228352E-03   3.4954334E+06   1.1830178E-11
   7.5759819E-03   3.4820973E+06   1.2168056E-11
   7.6295005E-03   3.4686543E+06   1.2515560E-11
   7.6833938E-03   3.4551046E+06   1.2872966E-11
   7.7376643E-03   3.4414482E+06   1.3240554E-11
   7.7923146E-03   3.4276850E+06   1.3618615E-11
   7.8473474E-03   3.4138152E+06   1.4007446E-11
   7.9027654E-03   3.3998388E+06   1.4407354E-11
   7.9585713E-03   3.3857560E+06   1.4818653E-11
   8.0147678E-03   3.3715670E+06   1.5241667E-11
   8.0713576E-03   3.3572719E+06   1.5676730E-11
   8.1283435E-03   3.3428710E+06   1.6124184E-11
   8.1857283E-03   3.3283644E+06   1.6584381E-11
   8.2435147E-03   3.3137526E+06   1.7057685E-11
   8.3017055E-03   3.2990358E+06   1.7544467E-11
   8.3603037E-03   3.2842144E+06   1.8045110E-11
   8.4193120E-03   3.2692887E+06   1.8560010E-11
   8.4787332E-03   3.2542591E+06   1.9089570E-11
   8.5385704E-03   3.2391262E+06   1.9634208E-11
   8.5988264E-03   3.2238904E+06   2.0194353E-11
   8.6595042E-03   3.2085521E+06   2.0770446E-11
   8.7206066E-03   3.1931121E+06   2.1362938E-11
   8.7821367E-03   3.1775708E+06   2.1972298E-11
   8.8440975E-03   3.1619288E+06   2.2599004E-11
   8.9064919E-03   3.1461869E+06   2.3243549E-11
   8.9693231E-03   3.1303456E+06   2.3906441E-11
   9.0325940E-03   3.1144058E+06   2.4588200E-11
   9.0963077E-03   3.0983682E+06   2.5289364E-11
   9.1604674E-03   3.0822336E+06   2.6010483E-11
   9.2250762E-03   3.0660028E+06   2.6752125E-11
   9.2901371E-03   3.0496768E+06   2.7514872E-11
   9.3556535E-03   3.0332563E+06   2.8299325E-11
   9.4216284E-03   3.0167424E+06   2.9106101E-11
   9.4880651E-03   3.0001361E+06   2.9935833E-11
   9.5549667E-03   2.9834383E+06   3.0789175E-11
   9.6223367E-03   2.9666501E+06   3.1666796E-11
   9.6901781E-03   2.9497726E+06   3.2569387E-11
   9.7584944E-03   2.9328070E+06   3.3497658E-11
   9.8272889E-03   2.9157544E+06   3.4452337E-11
   9.8965648E-03   2.8986161E+06   3.5434175E-11
   9.9663256E-03   2.8813932E+06   3.6443945E-11
   1.0036575E-02   2.8640871E+06   3.7482438E-11
   1.0107316E-02   2.8466991E+06   3.8550472E-11
   1.0178551E-02   2.8292305E+06   3.9648886E-11
   1.0250286E-02   2.8116828E+06   4.0778542E-11
   1.0322523E-02   2.7940574E+06   4.1940328E-11
   1.0395265E-02   2.7763558E+06   4.3135156E-11
   1.0468516E-02   2.7585795E+06   4.4363966E-11
   1.0542280E-02   2.7407300E+06   4.5627723E-11
   1.0616560E-02   2.7228089E+06   4.6927419E-11
   1.0691361E-02   2.7048180E+06   4.8264075E-11
   1.0766684E-02   2.6867587E+06   4.9638740E-11
   1.0842535E-02   2.6686330E+06   5.1052495E-11
   1.0918917E-02   2.6504424E+06   5.2506449E-11
   1.0995833E-02   2.6321888E+06   5.4001745E-11
   1.1073288E-02   2.6138739E+06   5.5539555E-11
   1.1151285E-02   2.5954998E+06   5.7121088E-11
   1.1229828E-02   2.5770682E+06   5.8747586E-11
   1.1308921E-02   2.5585810E+06   6.0420325E-11
   1.1388567E-02   2.5400403E+06   6.2140618E-11
   1.1468770E-02   2.5214481E+06   6.3909815E-11
   1.1549535E-02   2.5028063E+06   6.5729306E-11
   1.1630866E-02   2.4841171E+06   6.7600519E-11
   1.1712765E-02   2.4653826E+06   6.9524921E-11
   1.1795238E-02   2.4466049E+06   7.1504024E-11
   1.1878288E-02   2.4277861E+06   7.3539381E-11
   1.1961919E-02   2.4089286E+06   7.5632588E-11
   1.2046136E-02   2.3900345E+06   7.7785288E-11
   1.2130942E-02   2.3711062E+06   7.9999171E-11
   1.2216341E-02   2.3521459E+06   8.2275973E-11
   1.2302339E-02   2.3331559E+06   8.4617481E-11
   1.2388938E-02   2.3141387E+06   8.7025531E-11
   1.2476143E-02   2.2950967E+06   8.9502014E-11
   1.2563959E-02   2.2760323E+06   9.2048870E-11
   1.2652389E-02   2.2569479E+06   9.4668099E-11
   1.2741439E-02   2.2378460E+06   9.7361755E-11
   1.2831111E-02   2.2187292E+06   1.0013195E-10
   1.2921411E-02   2.1996001E+06   1.0298086E-10
   1.3012344E-02   2.1804611E+06   1.0591071E-10
   1.3103912E-02   2.1613149E+06   1.0892381E-10
   1.3196122E-02   2.1421641E+06   1.1202252E-10
   1.3288977E-02   2.1230114E+06   1.1520926E-10
   1.3382482E-02   2.1038594E+06   1.1848654E-10
   1.3476641E-02   2.0847109E+06   1.2185692E-10
   1.3571460E-02   2.0655685E+06   1.2532305E-10
   1.3666942E-02   2.0464349E+06   1.2888765E-10
   1.3763092E-02   2.0273131E+06   1.3255351E-10
   1.3859915E-02   2.0082056E+06   1.3632350E-10
   1.3957416E-02   1.9891154E+06   1.4020058E-10
   1.4055600E-02   1.9700451E+06   1.4418779E-10
   1.4154470E-02   1.9509978E+06   1.4828826E-10
   1.4254033E-02   1.9319761E+06   1.5250519E-10
   1.4354292E-02   1.9129829E+06   1.5684190E-10
   1.4455254E-02   1.8940212E+06   1.6130178E-10
   1.4556921E-02   1.8750938E+06   1.6588833E-10
   1.4659301E-02   1.8562035E+06   1.7060514E-10
   1.4762397E-02   1.8373533E+06   1.7545591E-10
   1.4866214E-02   1.8185461E+06   1.8044445E-10
   1.4970759E-02   1.7997848E+06   1.8557465E-10
   1.5076035E-02   1.7810723E+06   1.9085054E-10
   1.5182047E-02   1.7624115E+06   1.9627625E-10
   1.5288802E-02   1.7438054E+06   2.0185604E-10
   1.5396304E-02   1.7252568E+06   2.0759428E-10
   1.5504559E-02   1.7067688E+06   2.1349546E-10
   1.5613571E-02   1.6883442E+06   2.1956420E-10
   1.5723346E-02   1.6699859E+06   2.2580527E-10
   1.5833889E-02   1.6516968E+06   2.3222355E-10
   1.5945207E-02   1.6334799E+06   2.3882406E-10
   1.6057303E-02   1.6153381E+06   2.4561198E-10
   1.6170184E-02   1.5972743E+06   2.5259263E-10
   1.6283855E-02   1.5792913E+06   2.5977147E-10
   1.6398321E-02   1.5613920E+06   2.6715412E-10
   1.6513589E-02   1.5435792E+06   2.7474638E-10
   1.6629663E-02   1.5258559E+06   2.8255418E-10
   1.6746550E-02   1.5082248E+06   2.9058364E-10
   1.6864255E-02   1.4906888E+06   2.9884104E-10
   1.6982784E-02   1.4732506E+06   3.0733287E-10
   1.7102143E-02   1.4559130E+06   3.1606576E-10
   1.7222337E-02   1.4386787E+06   3.2504655E-10
   1.7343372E-02   1.4215506E+06   3.3428228E-10
   1.7465254E-02   1.4045312E+06   3.4378018E-10
   1.7587989E-02   1.3876233E+06   3.5354768E-10
   1.7711584E-02   1.3708294E+06   3.6359244E-10
   1.7836043E-02   1.3541523E+06   3.7392231E-10
   1.7961374E-02   1.3375944E+06   3.8454540E-10
   1.8087582E-02   1.3211584E+06   3.9547001E-10
   1.8214673E-02   1.3048467E+06   4.0670469E-10
   1.8342653E-02   1.2886619E+06   4.1825825E-10
   1.8471530E-02   1.2726063E+06   4.3013973E-10
   1.8601308E-02   1.2566823E+06   4.4235843E-10
   1.8731995E-02   1.2408924E+06   4.5492391E-10
   1.8863597E-02   1.2252389E+06   4.6784601E-10
   1.8996119E-02   1.2097239E+06   4.8113485E-10
   1.9129569E-02   1.1943498E+06   4.9480083E-10
   1.9263954E-02   1.1791187E+06   5.0885465E-10
   1.9399278E-02   1.1640328E+06   5.2330730E-10
   1.9535550E-02   1.1490941E+06   5.3817010E-10
   1.9672776E-02   1.1343047E+06   5.5345469E-10
   1.9810962E-02   1.1196666E+06   5.6917302E-10
   1.9950115E-02   1.1051816E+06   5.8533740E-10
   2.0090243E-02   1.0908517E+06   6.0196049E-10
   2.0231351E-02   1.0766787E+06   6.1905528E-10
   2.0373447E-02   1.0626643E+06   6.3663516E-10
   2.0516537E-02   1.0488102E+06   6.5471388E-10
   2.0660629E-02   1.0351182E+06   6.7330561E-10
   2.0805729E-02   1.0215897E+06   6.9242487E-10
   2.0951845E-02   1.0082262E+06   7.1208665E-10
   2.1098984E-02   9.9502926E+05   7.3230631E-10
   2.1247152E-02   9.8200023E+05   7.5309970E-10
   2.1396358E-02   9.6914043E+05   7.7448307E-10
   2.1546607E-02   9.5645109E+05   7.9647316E-10
   2.1697909E-02   9.4393342E+05   8.1908718E-10
   2.1850269E-02   9.3158852E+05   8.4234282E-10
   2.2003696E-02   9.1941744E+05   8.6625827E-10
   2.2158197E-02   9.0742115E+05   8.9085226E-10
   2.2313779E-02   8.9560054E+05   9.1614403E-10
   2.2470450E-02   8.8395644E+05   9.4215336E-10
   2.2628217E-02   8.7248961E+05   9.6890061E-10
   2.2787089E-02   8.6120072E+05   9.9640669E-10
   2.2947073E-02   8.5009036E+05   1.0246931E-09
   2.3108176E-02   8.3915907E+05   1.0537821E-09
   2.3270408E-02   8.2840729E+05   1.0836963E-09
   2.3433774E-02   8.1783538E+05   1.1144591E-09
   2.3598284E-02   8.0744363E+05   1.1460947E-09
   2.3763946E-02   7.9723226E+05   1.1786278E-09
   2.3930767E-02   7.8720140E+05   1.2120837E-09
   2.4098755E-02   7.7735109E+05   1.2464888E-09
   2.4267920E-02   7.6768130E+05   1.2818699E-09
   2.4438268E-02   7.5819192E+05   1.3182547E-09
   2.4609809E-02   7.4888276E+05   1.3556716E-09
   2.4782550E-02   7.3975355E+05   1.3941500E-09
   2.4956500E-02   7.3080392E+05   1.4337199E-09
   2.5131668E-02   7.2203345E+05   1.4744123E-09
   2.5308062E-02   7.1344160E+05   1.5162590E-09
   2.5485690E-02   7.0502779E+05   1.5592927E-09
   2.5664562E-02   6.9679132E+05   1.6035472E-09
   2.5844686E-02   6.8873143E+05   1.6490570E-09
   2.6026070E-02   6.8084728E+05   1.6958578E-09
   2.6208724E-02   6.7313793E+05   1.7439861E-09
   2.6392657E-02   6.6560239E+05   1.7934795E-09
   2.6577876E-02   6.5823955E+05   1.8443769E-09
   2.6764393E-02   6.5104826E+05   1.8967181E-09
   2.6952214E-02   6.4402726E+05   1.9505439E-09
   2.7141350E-02   6.3717523E+05   2.0058964E-09
   2.7331810E-02   6.3049076E+05   2.0628190E-09
   2.7523603E-02   6.2397236E+05   2.1213563E-09
   2.7716739E-02   6.1761848E+05   2.1815539E-09
   2.7911226E-02   6.1142748E+05   2.2434590E-09
   2.8107074E-02   6.0539765E+05   2.3071199E-09
   2.8304294E-02   5.9952720E+05   2.3725866E-09
   2.8502893E-02   5.9381428E+05   2.4399102E-09
   2.8702883E-02   5.8825694E+05   2.5091433E-09
   2.8904272E-02   5.8285320E+05   2.5803402E-09
   2.9107071E-02   5.7760098E+05   2.6535564E-09
   2.9311290E-02   5.7249813E+05   2.7288494E-09
   2.9516938E-02   5.6754246E+05   2.8062779E-09
   2.9724025E-02   5.6273170E+05   2.8859026E-09
   2.9932561E-02   5.5806349E+05   2.9677857E-09
   3.0142557E-02   5.5353545E+05   3.0519913E-09
   3.0354023E-02   5.4914511E+05   3.1385852E-09
   3.0566969E-02   5.4488997E+05   3.2276352E-09
   3.0781406E-02   5.4076743E+05   3.3192110E-09
   3.0997343E-02   5.3677487E+05   3.4133841E-09
   3.1214792E-02   5.3290960E+05   3.5102283E-09
   3.1433763E-02   5.2916888E+05   3.6098192E-09
   3.1654266E-02   5.2554993E+05   3.7122349E-09
   3.1876312E-02   5.2204991E+05   3.8175554E-09
   3.2099913E-02   5.1866594E+05   3.9258631E-09
   3.2325079E-02   5.1539509E+05   4.0372428E-09
   3.2551821E-02   5.1223440E+05   4.1517815E-09
   3.2780150E-02   5.0918086E+05   4.2695688E-09
   3.3010077E-02   5.0623142E+05   4.3906970E-09
   3.3241613E-02   5.0338302E+05   4.5152608E-09
   3.3474769E-02   5.0063254E+05   4.6433576E-09
   3.3709558E-02   4.9797683E+05   4.7750876E-09
   3.3945990E-02   4.9541274E+05   4.9105538E-09
   3.4184077E-02   4.9293707E+05   5.0498624E-09
   3.4423830E-02   4.9054660E+05   5.1931222E-09
   3.4665261E-02   4.8823811E+05   5.3404454E-09
   3.4908382E-02   4.8600834E+05   5.4919471E-09
   3.5153205E-02   4.8385402E+05   5.6477460E-09
   3.5399742E-02   4.8177187E+05   5.8079639E-09
   3.5648003E-02   4.7975861E+05   5.9727262E-09
   3.5898003E-02   4.7781095E+05   6.1421618E-09
   3.6149752E-02   4.7592558E+05   6.3164032E-09
   3.6403263E-02   4.7409921E+05   6.4955868E-09
   3.6658549E-02   4.7232854E+05   6.6798529E-09
   3.6915622E-02   4.7061028E+05   6.8693455E-09
   3.7174493E-02   4.6894114E+05   7.0642130E-09
   3.7435177E-02   4.6731784E+05   7.2646079E-09
   3.7697685E-02   4.6573713E+05   7.4706869E-09
   3.7962031E-02   4.6419575E+05   7.6826114E-09
   3.8228227E-02   4.6269048E+05   7.9005471E-09
   3.8496285E-02   4.6121811E+05   8.1246647E-09
   3.8766220E-02   4.5977546E+05   8.3551395E-09
   3.9038045E-02   4.5835937E+05   8.5921519E-09
   3.9311772E-02   4.5696671E+05   8.8358873E-09
   3.9587415E-02   4.5559438E+05   9.0865366E-09
   3.9864987E-02   4.5423933E+05   9.3442960E-09
   4.0144502E-02   4.5289854E+05   9.6093671E-09
   4.0425973E-02   4.5156902E+05   9.8819575E-09
   4.0709414E-02   4.5024783E+05   1.0162280E-08
   4.0994839E-02   4.4893208E+05   1.0450556E-08
   4.1282262E-02   4.4761893E+05   1.0747008E-08
   4.1571697E-02   4.4630557E+05   1.1051871E-08
   4.1863157E-02   4.4498927E+05   1.1365382E-08
   4.2156658E-02   4.4366735E+05   1.1687787E-08
   4.2452212E-02   4.4233717E+05   1.2019338E-08
   4.2749835E-02   4.4099617E+05   1.2360295E-08
   4.3049542E-02   4.3964184E+05   1.2710924E-08
   4.3351346E-02   4.3827175E+05   1.3071501E-08
   4.3655262E-02   4.3688352E+05   1.3442308E-08
   4.3961306E-02   4.3547484E+05   1.3823635E-08
   4.4269492E-02   4.3404350E+05   1.4215780E-08
   4.4579835E-02   4.3258732E+05   1.4619051E-08
   4.4892349E-02   4.3110424E+05   1.5033764E-08
   4.5207052E-02   4.2959223E+05   1.5460243E-08
   4.5523956E-02   4.2804938E+05   1.5898822E-08
   4.5843079E-02   4.2647384E+05   1.6349845E-08
   4.6164436E-02   4.2486384E+05   1.6813665E-08
   4.6488042E-02   4.2321770E+05   1.7290645E-08
   4.6813912E-02   4.2153383E+05   1.7781160E-08
   4.7142064E-02   4.1981072E+05   1.8285593E-08
   4.7472512E-02   4.1804695E+05   1.8804339E-08
   4.7805274E-02   4.1624119E+05   1.9337805E-08
   4.8140364E-02   4.1439219E+05   1.9886408E-08
   4.8477799E-02   4.1249879E+05   2.0450580E-08
   4.8817597E-02   4.1055995E+05   2.1030761E-08
   4.9159772E-02   4.0857469E+05   2.1627406E-08
   4.9504343E-02   4.0654214E+05   2.2240983E-08
   4.9851325E-02   4.0446152E+05   2.2871973E-08
   5.0200736E-02   4.0233213E+05   2.3520870E-08
   5.0552593E-02   4.0015339E+05   2.4188183E-08
   5.0906912E-02   3.9792479E+05   2.4874434E-08
   5.1263711E-02   3.9564593E+05   2.5580163E-08
   5.1623008E-02   3.9331651E+05   2.6305921E-08
   5.1984819E-02   3.9093629E+05   2.7052278E-08
   5.2349163E-02   3.8850518E+05   2.7819819E-08
   5.2716056E-02   3.8602312E+05   2.8609146E-08
   5.3085518E-02   3.8349019E+05   2.9420878E-08
   5.3457565E-02   3.8090655E+05   3.0255651E-08
   5.3832217E-02   3.7827244E+05   3.1114119E-08
   5.4209491E-02   3.7558821E+05   3.1996957E-08
   5.4589405E-02   3.7285428E+05   3.2904856E-08
   5.4971979E-02   3.7007116E+05   3.3838529E-08
   5.5357230E-02   3.6723948E+05   3.4798708E-08
   5.5745178E-02   3.6435991E+05   3.5786146E-08
   5.6135841E-02   3.6143324E+05   3.6801617E-08
   5.6529238E-02   3.5846031E+05   3.7845920E-08
   5.6925389E-02   3.5544209E+05   3.8919872E-08
   5.7324312E-02   3.5237958E+05   4.0024317E-08
   5.7726028E-02   3.4927388E+05   4.1160121E-08
   5.8130555E-02   3.4612617E+05   4.2328176E-08
   5.8537914E-02   3.4293770E+05   4.3529398E-08
   5.8948124E-02   3.3970978E+05   4.4764731E-08
   5.9361205E-02   3.3644380E+05   4.6035143E-08
   5.9777177E-02   3.3314123E+05   4.7341634E-08
   6.0196060E-02   3.2980357E+05   4.8685227E-08
   6.0617876E-02   3.2643242E+05   5.0066979E-08
   6.1042644E-02   3.2302940E+05   5.1487974E-08
   6.1470385E-02   3.1959622E+05   5.2949328E-08
   6.1901119E-02   3.1613463E+05   5.4452190E-08
   6.2334869E-02   3.1264642E+05   5.5997738E-08
   6.2771654E-02   3.0913345E+05   5.7587189E-08
   6.3211497E-02   3.0559760E+05   5.9221790E-08
   6.3654418E-02   3.0204081E+05   6.0902825E-08
   6.4100439E-02   2.9846504E+05   6.2631616E-08
   6.4549581E-02   2.9487230E+05   6.4409521E-08
   6.5001868E-02   2.9126463E+05   6.6237937E-08
   6.5457320E-02   2.8764409E+05   6.8118303E-08
   6.5915960E-02   2.8401277E+05   7.0052095E-08
   6.6377810E-02   2.8037278E+05   7.2040834E-08
   6.6842893E-02   2.7672624E+05   7.4086084E-08
   6.7311230E-02   2.7307529E+05   7.6189453E-08
   6.7782846E-02   2.6942209E+05   7.8352596E-08
   6.8257763E-02   2.6576880E+05   8.0577213E-08
   6.8736003E-02   2.6211757E+05   8.2865055E-08
   6.9217591E-02   2.5847057E+05   8.5217921E-08
   6.9702550E-02   2.5482995E+05   8.7637664E-08
   7.0190903E-02   2.5119787E+05   9.0126186E-08
   7.0682674E-02   2.4757646E+05   9.2685446E-08
   7.1177887E-02   2.4396786E+05   9.5317460E-08
   7.1676566E-02   2.4037417E+05   9.8024298E-08
   7.2178736E-02   2.3679749E+05   1.0080809E-07
   7.2684420E-02   2.3323986E+05   1.0367103E-07
   7.3193643E-02   2.2970334E+05   1.0661538E-07
   7.3706431E-02   2.2618993E+05   1.0964344E-07
   7.4222808E-02   2.2270159E+05   1.1275761E-07
   7.4742799E-02   2.1924028E+05   1.1596034E-07
   7.5266430E-02   2.1580787E+05   1.1925416E-07
   7.5793725E-02   2.1240623E+05   1.2264165E-07
   7.6324711E-02   2.0903716E+05   1.2612549E-07
   7.6859414E-02   2.0570242E+05   1.2970843E-07
   7.7397859E-02   2.0240372E+05   1.3339329E-07
   7.7940073E-02   1.9914271E+05   1.3718297E-07
   7.8486081E-02   1.9592098E+05   1.4108047E-07
   7.9035912E-02   1.9274009E+05   1.4508885E-07
   7.9589591E-02   1.8960149E+05   1.4921129E-07
   8.0147145E-02   1.8650662E+05   1.5345102E-07
   8.0708601E-02   1.8345681E+05   1.5781141E-07
   8.1273987E-02   1.8045335E+05   1.6229588E-07
   8.1843331E-02   1.7749745E+05   1.6690798E-07
   8.2416659E-02   1.7459025E+05   1.7165136E-07
   8.2994000E-02   1.7173282E+05   1.7652975E-07
   8.3575382E-02   1.6892616E+05   1.8154701E-07
   8.4160834E-02   1.6617118E+05   1.8670710E-07
   8.4750383E-02   1.6346874E+05   1.9201410E-07
   8.5344058E-02   1.6081958E+05   1.9747220E-07
   8.5941888E-02   1.5822442E+05   2.0308572E-07
   8.6543903E-02   1.5568384E+05   2.0885909E-07
   8.7150132E-02   1.5319839E+05   2.1479688E-07
   8.7760603E-02   1.5076851E+05   2.2090378E-07
   8.8375348E-02   1.4839456E+05   2.2718463E-07
   8.8994395E-02   1.4607685E+05   2.3364438E-07
   8.9617774E-02   1.4381557E+05   2.4028816E-07
   9.0245517E-02   1.4161085E+05   2.4712122E-07
   9.0877654E-02   1.3946273E+05   2.5414898E-07
   9.1514215E-02   1.3737120E+05   2.6137698E-07
   9.2155232E-02   1.3533613E+05   2.6881096E-07
   9.2800735E-02   1.3335733E+05   2.7645681E-07
   9.3450756E-02   1.3143454E+05   2.8432058E-07
   9.4105326E-02   1.2956741E+05   2.9240850E-07
   9.4764479E-02   1.2775553E+05   3.0072698E-07
   9.5428244E-02   1.2599840E+05   3.0928263E-07
   9.6096656E-02   1.2429545E+05   3.1808221E-07
   9.6769745E-02   1.2264606E+05   3.2713271E-07
   9.7447546E-02   1.2104951E+05   3.3644132E-07
   9.8130091E-02   1.1950503E+05   3.4601541E-07
   9.8817413E-02   1.1801179E+05   3.5586259E-07
   9.9509546E-02   1.1656889E+05   3.6599066E-07
   1.0020652E-01   1.1517537E+05   3.7640768E-07
   1.0090838E-01   1.1383021E+05   3.8712192E-07
   1.0161515E-01   1.1253234E+05   3.9814188E-07
   1.0232686E-01   1.1128063E+05   4.0947634E-07
   1.0304356E-01   1.1007390E+05   4.2113428E-07
   1.0376527E-01   1.0891093E+05   4.3312499E-07
   1.0449203E-01   1.0779044E+05   4.4545800E-07
   1.0522388E-01   1.0671113E+05   4.5814311E-07
   1.0596086E-01   1.0567165E+05   4.7119043E-07
   1.0670299E-01   1.0467060E+05   4.8461033E-07
   1.0745031E-01   1.0370657E+05   4.9841351E-07
   1.0820287E-01   1.0277812E+05   5.1261095E-07
   1.0896069E-01   1.0188375E+05   5.2721395E-07
   1.0972382E-01   1.0102199E+05   5.4223417E-07
   1.1049229E-01   1.0019130E+05   5.5768356E-07
   1.1126613E-01   9.9390151E+04   5.7357445E-07
   1.1204540E-01   9.8617001E+04   5.8991951E-07
   1.1283012E-01   9.7870287E+04   6.0673178E-07
   1.1362033E-01   9.7148446E+04   6.2402467E-07
   1.1441607E-01   9.6449909E+04   6.4181199E-07
   1.1521738E-01   9.5773108E+04   6.6010793E-07
   1.1602430E-01   9.5116478E+04   6.7892713E-07
   1.1683686E-01   9.4478461E+04   6.9828460E-07
   1.1765512E-01   9.3857508E+04   7.1819583E-07
   1.1847910E-01   9.3252083E+04   7.3867673E-07
   1.1930885E-01   9.2660665E+04   7.5974369E-07
   1.2014440E-01   9.2081753E+04   7.8141355E-07
   1.2098581E-01   9.1513866E+04   8.0370367E-07
   1.2183310E-01   9.0955550E+04   8.2663188E-07
   1.2268632E-01   9.0405377E+04   8.5021655E-07
   1.2354552E-01   8.9861949E+04   8.7447659E-07
   1.2441073E-01   8.9323902E+04   8.9943142E-07
   1.2528199E-01   8.8789904E+04   9.2510106E-07
   1.2615935E-01   8.8258666E+04   9.5150610E-07
   1.2704286E-01   8.7728933E+04   9.7866772E-07
   1.2793255E-01   8.7199498E+04   1.0066077E-06
   1.2882846E-01   8.6669193E+04   1.0353486E-06
   1.2973065E-01   8.6136900E+04   1.0649133E-06
   1.3063915E-01   8.5601547E+04   1.0953257E-06
   1.3155400E-01   8.5062113E+04   1.1266102E-06
   1.3247527E-01   8.4517625E+04   1.1587921E-06
   1.3340298E-01   8.3967167E+04   1.1918970E-06
   1.3433718E-01   8.3409875E+04   1.2259518E-06
   1.3527792E-01   8.2844938E+04   1.2609839E-06
   1.3622525E-01   8.2271605E+04   1.2970214E-06
   1.3717920E-01   8.1689179E+04   1.3340934E-06
   1.3813984E-01   8.1097020E+04   1.3722298E-06
   1.3910719E-01   8.0494549E+04   1.4114613E-06
   1.4008132E-01   7.9881243E+04   1.4518197E-06
   1.4106227E-01   7.9256639E+04   1.4933375E-06
   1.4205008E-01   7.8620331E+04   1.5360482E-06
   1.4304480E-01   7.7971974E+04   1.5799864E-06
   1.4404649E-01   7.7311280E+04   1.6251876E-06
   1.4505519E-01   7.6638019E+04   1.6716882E-06
   1.4607095E-01   7.5952021E+04   1.7195261E-06
   1.4709382E-01   7.5253171E+04   1.7687398E-06
   1.4812384E-01   7.4541410E+04   1.8193693E-06
   1.4916108E-01   7.3816736E+04   1.8714556E-06
   1.5020558E-01   7.3079199E+04   1.9250409E-06
   1.5125739E-01   7.2328905E+04   1.9801687E-06
   1.5231655E-01   7.1566011E+04   2.0368837E-06
   1.5338314E-01   7.0790723E+04   2.0952320E-06
   1.5445718E-01   7.0003298E+04   2.1552610E-06
   1.5553875E-01   6.9204039E+04   2.2170195E-06
   1.5662788E-01   6.8393296E+04   2.2805577E-06
   1.5772464E-01   6.7571462E+04   2.3459273E-06
   1.5882908E-01   6.6738971E+04   2.4131816E-06
   1.5994124E-01   6.5896298E+04   2.4823753E-06
   1.6106119E-01   6.5043957E+04   2.5535649E-06
   1.6218898E-01   6.4182495E+04   2.6268083E-06
   1.6332466E-01   6.3312495E+04   2.7021654E-06
   1.6446829E-01   6.2434569E+04   2.7796977E-06
   1.6561992E-01   6.1549359E+04   2.8594685E-06
   1.6677962E-01   6.0657533E+04   2.9415430E-06
   1.6794743E-01   5.9759782E+04   3.0259884E-06
   1.6912341E-01   5.8856821E+04   3.1128737E-06
   1.7030763E-01   5.7949381E+04   3.2022702E-06
   1.7150014E-01   5.7038212E+04   3.2942510E-06
   1.7270099E-01   5.6124075E+04   3.3888916E-06
   1.7391024E-01   5.5207745E+04   3.4862696E-06
   1.7512796E-01   5.4290004E+04   3.5864650E-06
   1.7635421E-01   5.3371641E+04   3.6895600E-06
   1.7758903E-01   5.2453448E+04   3.7956395E-06
   1.7883250E-01   5.1536219E+04   3.9047906E-06
   1.8008467E-01   5.0620747E+04   4.0171031E-06
   1.8134561E-01   4.9707820E+04   4.1326696E-06
   1.8261537E-01   4.8798222E+04   4.2515854E-06
   1.8389402E-01   4.7892726E+04   4.3739484E-06
   1.8518162E-01   4.6992097E+04   4.4998597E-06
   1.8647823E-01   4.6097086E+04   4.6294232E-06
   1.8778391E-01   4.5208430E+04   4.7627459E-06
   1.8909874E-01   4.4326848E+04   4.8999383E-06
   1.9042276E-01   4.3453042E+04   5.0411136E-06
   1.9175606E-01   4.2587693E+04   5.1863890E-06
   1.9309868E-01   4.1731460E+04   5.3358847E-06
   1.9445071E-01   4.0884977E+04   5.4897248E-06
   1.9581219E-01   4.0048856E+04   5.6480368E-06
   1.9718321E-01   3.9223680E+04   5.8109523E-06
   1.9856382E-01   3.8410004E+04   5.9786067E-06
   1.9995410E-01   3.7608358E+04   6.1511395E-06
   2.0135410E-01   3.6819237E+04   6.3286942E-06
   2.0276391E-01   3.6043110E+04   6.5114187E-06
   2.0418358E-01   3.5280411E+04   6.6994654E-06
   2.0561319E-01   3.4531545E+04   6.8929912E-06
   2.0705280E-01   3.3796882E+04   7.0921576E-06
   2.0850249E-01   3.3076761E+04   7.2971310E-06
   2.0996233E-01   3.2371484E+04   7.5080830E-06
   2.1143238E-01   3.1681323E+04   7.7251899E-06
   2.1291273E-01   3.1006513E+04   7.9486338E-06
   2.1440343E-01   3.0347258E+04   8.1786019E-06
   2.1590457E-01   2.9703725E+04   8.4152871E-06
   2.1741622E-01   2.9076048E+04   8.6588882E-06
   2.1893844E-01   2.8464328E+04   8.9096099E-06
   2.2047132E-01   2.7868631E+04   9.1676630E-06
   2.2201493E-01   2.7288991E+04   9.4332649E-06
   2.2356934E-01   2.6725410E+04   9.7066393E-06
   2.2513464E-01   2.6177856E+04   9.9880167E-06
   2.2671089E-01   2.5646267E+04   1.0277635E-05
   2.2829817E-01   2.5130549E+04   1.0575738E-05
   2.2989656E-01   2.4630581E+04   1.0882578E-05
   2.3150613E-01   2.4146210E+04   1.1198415E-05
   2.3312698E-01   2.3677256E+04   1.1523516E-05
   2.3475917E-01   2.3223514E+04   1.1858157E-05
   2.3640278E-01   2.2784750E+04   1.2202623E-05
   2.3805789E-01   2.2360709E+04   1.2557204E-05
   2.3972459E-01   2.1951109E+04   1.2922203E-05
   2.4140296E-01   2.1555649E+04   1.3297931E-05
   2.4309307E-01   2.1174006E+04   1.3684707E-05
   2.4479502E-01   2.0805838E+04   1.4082861E-05
   2.4650887E-01   2.0450784E+04   1.4492733E-05
   2.4823472E-01   2.0108469E+04   1.4914673E-05
   2.4997265E-01   1.9778500E+04   1.5349041E-05
   2.5172274E-01   1.9460473E+04   1.5796209E-05
   2.5348509E-01   1.9153970E+04   1.6256560E-05
   2.5525976E-01   1.8858563E+04   1.6730489E-05
   2.5704686E-01   1.8573816E+04   1.7218402E-05
   2.5884647E-01   1.8299285E+04   1.7720719E-05
   2.6065867E-01   1.8034518E+04   1.8237872E-05
   2.6248356E-01   1.7779061E+04   1.8770305E-05
   2.6432122E-01   1.7532455E+04   1.9318477E-05
   2.6617174E-01   1.7294241E+04   1.9882860E-05
   2.6803522E-01   1.7063958E+04   2.0463943E-05
   2.6991173E-01   1.6841146E+04   2.1062228E-05
   2.7180138E-01   1.6625349E+04   2.1678231E-05
   2.7370426E-01   1.6416113E+04   2.2312485E-05
   2.7562046E-01   1.6212990E+04   2.2965542E-05
   2.7755006E-01   1.6015537E+04   2.3637967E-05
   2.7949318E-01   1.5823318E+04   2.4330344E-05
   2.8144989E-01   1.5635908E+04   2.5043275E-05
   2.8342030E-01   1.5452886E+04   2.5777381E-05
   2.8540450E-01   1.5273848E+04   2.6533301E-05
   2.8740258E-01   1.5098395E+04   2.7311694E-05
   2.8941466E-01   1.4926144E+04   2.8113240E-05
   2.9144081E-01   1.4756724E+04   2.8938639E-05
   2.9348115E-01   1.4589775E+04   2.9788614E-05
   2.9553576E-01   1.4424956E+04   3.0663908E-05
   2.9760476E-01   1.4261936E+04   3.1565288E-05
   2.9968824E-01   1.4100403E+04   3.2493547E-05
   3.0178630E-01   1.3940058E+04   3.3449499E-05
   3.0389905E-01   1.3780619E+04   3.4433984E-05
   3.0602658E-01   1.3621822E+04   3.5447870E-05
   3.0816901E-01   1.3463419E+04   3.6492049E-05
   3.1032643E-01   1.3305176E+04   3.7567443E-05
   3.1249895E-01   1.3146882E+04   3.8675002E-05
   3.1468667E-01   1.2988337E+04   3.9815704E-05
   3.1688971E-01   1.2829362E+04   4.0990559E-05
   3.1910817E-01   1.2669794E+04   4.2200607E-05
   3.2134215E-01   1.2509487E+04   4.3446922E-05
   3.2359177E-01   1.2348313E+04   4.4730610E-05
   3.2585714E-01   1.2186159E+04   4.6052811E-05
   3.2813836E-01   1.2022930E+04   4.7414701E-05
   3.3043555E-01   1.1858545E+04   4.8817494E-05
   3.3274882E-01   1.1692940E+04   5.0262439E-05
   3.3507828E-01   1.1526068E+04   5.1750826E-05
   3.3742404E-01   1.1357895E+04   5.3283985E-05
   3.3978622E-01   1.1188402E+04   5.4863285E-05
   3.4216493E-01   1.1017584E+04   5.6490141E-05
   3.4456030E-01   1.0845449E+04   5.8166011E-05
   3.4697242E-01   1.0672019E+04   5.9892396E-05
   3.4940144E-01   1.0497329E+04   6.1670847E-05
   3.5184745E-01   1.0321423E+04   6.3502962E-05
   3.5431058E-01   1.0144358E+04   6.5390389E-05
   3.5679095E-01   9.9662016E+03   6.7334828E-05
   3.5928869E-01   9.7870310E+03   6.9338030E-05
   3.6180390E-01   9.6069321E+03   7.1401804E-05
   3.6433672E-01   9.4259998E+03   7.3528013E-05
   3.6688727E-01   9.2443363E+03   7.5718579E-05
   3.6945567E-01   9.0620512E+03   7.7975483E-05
   3.7204204E-01   8.8792606E+03   8.0300770E-05
   3.7464652E-01   8.6960859E+03   8.2696548E-05
   3.7726923E-01   8.5126539E+03   8.5164989E-05
   3.7991029E-01   8.3290955E+03   8.7708336E-05
   3.8256984E-01   8.1455455E+03   9.0328900E-05
   3.8524800E-01   7.9621413E+03   9.3029065E-05
   3.8794491E-01   7.7790232E+03   9.5811290E-05
   3.9066070E-01   7.5963326E+03   9.8678110E-05
   3.9339549E-01   7.4142125E+03   1.0163214E-04
   3.9614943E-01   7.2328061E+03   1.0467608E-04
   3.9892263E-01   7.0522566E+03   1.0781270E-04
   4.0171525E-01   6.8727065E+03   1.1104488E-04
   4.0452742E-01   6.6942972E+03   1.1437557E-04
   4.0735927E-01   6.5171684E+03   1.1780782E-04
   4.1021094E-01   6.3414574E+03   1.2134478E-04
   4.1308257E-01   6.1672991E+03   1.2498969E-04
   4.1597429E-01   5.9948251E+03   1.2874589E-04
   4.1888626E-01   5.8241636E+03   1.3261684E-04
   4.2181861E-01   5.6554390E+03   1.3660609E-04
   4.2477148E-01   5.4887712E+03   1.4071732E-04
   4.2774502E-01   5.3242758E+03   1.4495429E-04
   4.3073938E-01   5.1620633E+03   1.4932092E-04
   4.3375469E-01   5.0022392E+03   1.5382123E-04
   4.3679110E-01   4.8449034E+03   1.5845936E-04
   4.3984877E-01   4.6901504E+03   1.6323960E-04
   4.4292784E-01   4.5380687E+03   1.6816634E-04
   4.4602846E-01   4.3887408E+03   1.7324415E-04
   4.4915078E-01   4.2422433E+03   1.7847770E-04
   4.5229495E-01   4.0986462E+03   1.8387184E-04
   4.5546113E-01   3.9580134E+03   1.8943155E-04
   4.5864948E-01   3.8204020E+03   1.9516197E-04
   4.6186013E-01   3.6858631E+03   2.0106840E-04
   4.6509326E-01   3.5544409E+03   2.0715630E-04
   4.6834902E-01   3.4261732E+03   2.1343131E-04
   4.7162757E-01   3.3010915E+03   2.1989924E-04
   4.7492906E-01   3.1792205E+03   2.2656607E-04
   4.7825367E-01   3.0605790E+03   2.3343798E-04
   4.8160154E-01   2.9451791E+03   2.4052133E-04
   4.8497284E-01   2.8330271E+03   2.4782268E-04
   4.8836774E-01   2.7241232E+03   2.5534880E-04
   4.9178640E-01   2.6184616E+03   2.6310664E-04
   4.9522899E-01   2.5160311E+03   2.7110340E-04
   4.9869567E-01   2.4168150E+03   2.7934648E-04
   5.0218662E-01   2.3207914E+03   2.8784351E-04
   5.0570200E-01   2.2279334E+03   2.9660236E-04
   5.0924199E-01   2.1382092E+03   3.0563114E-04
   5.1280675E-01   2.0515829E+03   3.1493819E-04
   5.1639647E-01   1.9680140E+03   3.2453212E-04
   5.2001131E-01   1.8874583E+03   3.3442181E-04
   5.2365145E-01   1.8098678E+03   3.4461639E-04
   5.2731706E-01   1.7351911E+03   3.5512528E-04
   5.3100834E-01   1.6633737E+03   3.6595818E-04
   5.3472545E-01   1.5943582E+03   3.7712508E-04
   5.3846857E-01   1.5280845E+03   3.8863628E-04
   5.4223790E-01   1.4644904E+03   4.0050238E-04
   5.4603361E-01   1.4035113E+03   4.1273431E-04
   5.4985588E-01   1.3450809E+03   4.2534331E-04
   5.5370491E-01   1.2891312E+03   4.3834097E-04
   5.5758087E-01   1.2355930E+03   4.5173923E-04
   5.6148397E-01   1.1843957E+03   4.6555035E-04
   5.6541438E-01   1.1354681E+03   4.7978701E-04
   5.6937231E-01   1.0887379E+03   4.9446221E-04
   5.7335793E-01   1.0441328E+03   5.0958937E-04
   5.7737145E-01   1.0015798E+03   5.2518228E-04
   5.8141307E-01   9.6100595E+02   5.4125514E-04
   5.8548297E-01   9.2233852E+02   5.5782259E-04
   5.8958136E-01   8.8550492E+02   5.7489966E-04
   5.9370843E-01   8.5043309E+02   5.9250183E-04
   5.9786439E-01   8.1705156E+02   6.1064503E-04
   6.0204943E-01   7.8528965E+02   6.2934564E-04
   6.0626377E-01   7.5507761E+02   6.4862053E-04
   6.1050761E-01   7.2634674E+02   6.6848701E-04
   6.1478114E-01   6.9902953E+02   6.8896293E-04
   6.1908459E-01   6.7305978E+02   7.1006661E-04
   6.2341816E-01   6.4837271E+02   7.3181691E-04
   6.2778207E-01   6.2490504E+02   7.5423320E-04
   6.3217651E-01   6.0259512E+02   7.7733539E-04
   6.3660171E-01   5.8138297E+02   8.0114396E-04
   6.4105789E-01   5.6121035E+02   8.2567994E-04
   6.4554526E-01   5.4202086E+02   8.5096494E-04
   6.5006403E-01   5.2375996E+02   8.7702116E-04
   6.5461443E-01   5.0637501E+02   9.0387141E-04
   6.5919668E-01   4.8981534E+02   9.3153910E-04
   6.6381100E-01   4.7403223E+02   9.6004828E-04
   6.6845762E-01   4.5897895E+02   9.8942363E-04
   6.7313676E-01   4.4461080E+02   1.0196905E-03
   6.7784865E-01   4.3088504E+02   1.0508748E-03
   6.8259352E-01   4.1776097E+02   1.0830034E-03
   6.8737160E-01   4.0519984E+02   1.1161034E-03
   6.9218312E-01   3.9316489E+02   1.1502031E-03
   6.9702832E-01   3.8162131E+02   1.1853312E-03
   7.0190743E-01   3.7053620E+02   1.2215171E-03
   7.0682069E-01   3.5987854E+02   1.2587911E-03
   7.1176834E-01   3.4961915E+02   1.2971842E-03
   7.1675062E-01   3.3973068E+02   1.3367281E-03
   7.2176777E-01   3.3018749E+02   1.3774554E-03
   7.2682004E-01   3.2096568E+02   1.4193992E-03
   7.3190767E-01   3.1204299E+02   1.4625936E-03
   7.3703091E-01   3.0339875E+02   1.5070735E-03
   7.4219001E-01   2.9501383E+02   1.5528745E-03
   7.4738521E-01   2.8687055E+02   1.6000331E-03
   7.5261678E-01   2.7895270E+02   1.6485865E-03
   7.5788496E-01   2.7124535E+02   1.6985729E-03
   7.6319002E-01   2.6373491E+02   1.7500311E-03
   7.6853221E-01   2.5640899E+02   1.8030008E-03
   7.7391179E-01   2.4925636E+02   1.8575227E-03
   7.7932902E-01   2.4226687E+02   1.9136380E-03
   7.8478417E-01   2.3543141E+02   1.9713891E-03
   7.9027750E-01   2.2874183E+02   2.0308190E-03
   7.9580928E-01   2.2219089E+02   2.0919715E-03
   8.0137977E-01   2.1577217E+02   2.1548913E-03
   8.0698926E-01   2.0948004E+02   2.2196239E-03
   8.1263800E-01   2.0330959E+02   2.2862157E-03
   8.1832629E-01   1.9725656E+02   2.3547137E-03
   8.2405438E-01   1.9131732E+02   2.4251658E-03
   8.2982257E-01   1.8548877E+02   2.4976206E-03
   8.3563113E-01   1.7976830E+02   2.5721276E-03
   8.4148035E-01   1.7415379E+02   2.6487368E-03
   8.4737051E-01   1.6864348E+02   2.7274990E-03
   8.5330189E-01   1.6323599E+02   2.8084659E-03
   8.5927478E-01   1.5793024E+02   2.8916894E-03
   8.6528949E-01   1.5272543E+02   2.9772223E-03
   8.7134629E-01   1.4762100E+02   3.0651181E-03
   8.7744548E-01   1.4261658E+02   3.1554305E-03
   8.8358736E-01   1.3771196E+02   3.2482139E-03
   8.8977223E-01   1.3290707E+02   3.3435232E-03
   8.9600039E-01   1.2820193E+02   3.4414135E-03
   9.0227214E-01   1.2359666E+02   3.5419404E-03
   9.0858779E-01   1.1909140E+02   3.6451597E-03
   9.1494764E-01   1.1468633E+02   3.7511274E-03
   9.2135200E-01   1.1038166E+02   3.8598996E-03
   9.2780119E-01   1.0617755E+02   3.9715326E-03
   9.3429552E-01   1.0207417E+02   4.0860824E-03
   9.4083531E-01   9.8071615E+01   4.2036052E-03
   9.4742087E-01   9.4169946E+01   4.3241566E-03
   9.5405252E-01   9.0369152E+01   4.4477922E-03
   9.6073058E-01   8.6669145E+01   4.5745670E-03
   9.6745539E-01   8.3069755E+01   4.7045353E-03
   9.7422727E-01   7.9570721E+01   4.8377509E-03
   9.8104654E-01   7.6171688E+01   4.9742667E-03
   9.8791355E-01   7.2872201E+01   5.1141346E-03
   9.9482861E-01   6.9671705E+01   5.2574053E-03
   1.0017921E+00   6.6569540E+01   5.4041283E-03
   1.0088043E+00   6.3564945E+01   5.5543515E-03
   1.0158656E+00   6.0657055E+01   5.7081211E-03
   1.0229763E+00   5.7844903E+01   5.8654816E-03
   1.0301367E+00   5.5127424E+01   6.0264753E-03
   1.0373473E+00   5.2503457E+01   6.1911421E-03
   1.0446084E+00   4.9971744E+01   6.3595194E-03
   1.0519203E+00   4.7530943E+01   6.5316420E-03
   1.0592833E+00   4.5179624E+01   6.7075415E-03
   1.0666979E+00   4.2916278E+01   6.8872461E-03
   1.0741644E+00   4.0739320E+01   7.0707806E-03
   1.0816832E+00   3.8647097E+01   7.2581656E-03
   1.0892546E+00   3.6637891E+01   7.4494178E-03
   1.0968789E+00   3.4709926E+01   7.6445492E-03
   1.1045567E+00   3.2861375E+01   7.8435669E-03
   1.1122881E+00   3.1090363E+01   8.0464726E-03
   1.1200737E+00   2.9394974E+01   8.2532628E-03
   1.1279138E+00   2.7773258E+01   8.4639274E-03
   1.1358087E+00   2.6223238E+01   8.6784505E-03
   1.1437590E+00   2.4742910E+01   8.8968087E-03
   1.1517648E+00   2.3330256E+01   9.1189719E-03
   1.1598267E+00   2.1983243E+01   9.3449018E-03
   1.1679450E+00   2.0699833E+01   9.5745521E-03
   1.1761202E+00   1.9477985E+01   9.8078679E-03
   1.1843525E+00   1.8315662E+01   1.0044785E-02
   1.1926425E+00   1.7210833E+01   1.0285229E-02
   1.2009905E+00   1.6161479E+01   1.0529116E-02
   1.2093969E+00   1.5165599E+01   1.0776351E-02
   1.2178622E+00   1.4221209E+01   1.1026827E-02
   1.2263867E+00   1.3326352E+01   1.1280426E-02
   1.2349709E+00   1.2479093E+01   1.1537018E-02
   1.2436151E+00   1.1677532E+01   1.1796457E-02
   1.2523199E+00   1.0919798E+01   1.2058587E-02
   1.2610856E+00   1.0204058E+01   1.2323234E-02
   1.2699126E+00   9.5285131E+00   1.2590212E-02
   1.2788015E+00   8.8914073E+00   1.2859319E-02
   1.2877525E+00   8.2910247E+00   1.3130333E-02
   1.2967662E+00   7.7256923E+00   1.3403021E-02
   1.3058430E+00   7.1937817E+00   1.3677127E-02
   1.3149833E+00   6.6937100E+00   1.3952381E-02
   1.3241876E+00   6.2239407E+00   1.4228491E-02
   1.3334563E+00   5.7829844E+00   1.4505148E-02
   1.3427898E+00   5.3693992E+00   1.4782021E-02
   1.3521887E+00   4.9817915E+00   1.5058760E-02
   1.3616534E+00   4.6188157E+00   1.5334993E-02
   1.3711844E+00   4.2791743E+00   1.5610326E-02
   1.3807820E+00   3.9616180E+00   1.5884343E-02
   1.3904468E+00   3.6649452E+00   1.6156606E-02
   1.4001793E+00   3.3880017E+00   1.6426653E-02
   1.4099799E+00   3.1296801E+00   1.6693999E-02
   1.4198491E+00   2.8889193E+00   1.6958136E-02
   1.4297873E+00   2.6647038E+00   1.7218530E-02
   1.4397951E+00   2.4560624E+00   1.7474624E-02
   1.4498730E+00   2.2620681E+00   1.7725837E-02
   1.4600214E+00   2.0818365E+00   1.7971564E-02
   1.4702408E+00   1.9145250E+00   1.8211175E-02
   1.4805318E+00   1.7593319E+00   1.8444017E-02
   1.4908948E+00   1.6154950E+00   1.8669412E-02
   1.5013303E+00   1.4822904E+00   1.8886661E-02
   1.5118388E+00   1.3590317E+00   1.9095042E-02
   1.5224209E+00   1.2450683E+00   1.9293811E-02
   1.5330771E+00   1.1397845E+00   1.9482204E-02
   1.5438079E+00   1.0425984E+00   1.9659437E-02
   1.5546137E+00   9.5295998E-01   1.9824710E-02
   1.5654952E+00   8.7035061E-01   1.9977204E-02
   1.5764529E+00   7.9428138E-01   2.0116089E-02
   1.5874872E+00   7.2429197E-01   2.0240521E-02
   1.5985988E+00   6.5994943E-01   2.0349645E-02
   1.6097882E+00   6.0084699E-01   2.0442603E-02
   1.6210558E+00   5.4660282E-01   2.0518529E-02
   1.6324024E+00   4.9685891E-01   2.0576560E-02
   1.6438283E+00   4.5127990E-01   2.0615833E-02
   1.6553343E+00   4.0955198E-01   2.0635496E-02
   1.6669207E+00   3.7138181E-01   2.0634707E-02
   1.6785883E+00   3.3649542E-01   2.0612641E-02
   1.6903375E+00   3.0463725E-01   2.0568495E-02
   1.7021689E+00   2.7556908E-01   2.0501496E-02
   1.7140832E+00   2.4906916E-01   2.0410902E-02
   1.7260808E+00   2.2493118E-01   2.0296016E-02
   1.7381625E+00   2.0296349E-01   2.0156187E-02
   1.7503286E+00   1.8298814E-01   1.9990820E-02
   1.7625800E+00   1.6484013E-01   1.9799383E-02
   1.7749171E+00   1.4836661E-01   1.9581420E-02
   1.7873405E+00   1.3342609E-01   1.9336554E-02
   1.7998509E+00   1.1988776E-01   1.9064499E-02
   1.8124489E+00   1.0763080E-01   1.8765071E-02
   1.8251350E+00   9.6543727E-02   1.8438197E-02
   1.8379099E+00   8.6523754E-02   1.8083926E-02
   1.8507742E+00   7.7476236E-02   1.7702439E-02
   1.8637286E+00   6.9314096E-02   1.7294061E-02
   1.8767736E+00   6.1957305E-02   1.6859272E-02
   1.8899100E+00   5.5332380E-02   1.6398716E-02
   1.9031383E+00   4.9371921E-02   1.5913216E-02
   1.9164592E+00   4.4014166E-02   1.5403779E-02
   1.9298733E+00   3.9202576E-02   1.4871612E-02
   1.9433813E+00   3.4885447E-02   1.4318127E-02
   1.9569838E+00   3.1015545E-02   1.3744951E-02
   1.9706816E+00   2.7549760E-02   1.3153930E-02
   1.9844752E+00   2.4448786E-02   1.2547140E-02
   1.9983654E+00   2.1676825E-02   1.1926885E-02
   2.0123528E+00   1.9201303E-02   1.1295699E-02
   2.0264380E+00   1.6992611E-02   1.0656344E-02
   2.0406219E+00   1.5023865E-02   1.0011805E-02
   2.0549051E+00   1.3270676E-02   9.3652760E-03
   2.0692882E+00   1.1710944E-02   8.7201475E-03
   2.0837720E+00   1.0324665E-02   8.0799829E-03
   2.0983571E+00   9.0937458E-03   7.4484902E-03
   2.1130444E+00   8.0018438E-03   6.8294844E-03
   2.1278344E+00   7.0342099E-03   6.2268410E-03
   2.1427280E+00   6.1775482E-03   5.6444378E-03
   2.1577258E+00   5.4198849E-03   5.0860848E-03
   2.1728286E+00   4.7504486E-03   4.5554390E-03
   2.1880371E+00   4.1595591E-03   4.0559024E-03
   2.2033520E+00   3.6385268E-03   3.5905020E-03
   2.2187741E+00   3.1795591E-03   3.1617470E-03
   2.2343042E+00   2.7756756E-03   2.7714623E-03
   2.2499430E+00   2.4206299E-03   2.4205938E-03
   2.2656912E+00   2.1088386E-03   2.1089822E-03
   2.2815496E+00   1.8353162E-03   1.8351018E-03
   2.2975191E+00   1.5956161E-03   1.5957582E-03
   2.3136003E+00   1.3857764E-03   1.3857764E-03
   2.3297941E+00   1.2022713E-03   1.2022713E-03
   2.3461012E+00   1.0419660E-03   1.0419660E-03
   2.3625224E+00   9.0207714E-04   9.0207714E-04
   2.3790586E+00   7.8013549E-04   7.8013549E-04
   2.3957105E+00   6.7395330E-04   6.7395330E-04
   2.4124790E+00   5.8159431E-04   5.8159431E-04
   2.4293648E+00   5.0134673E-04   5.0134673E-04
   2.4463689E+00   4.3169899E-04   4.3169899E-04
   2.4634919E+00   3.7131779E-04   3.7131779E-04
   2.4807348E+00   3.1902845E-04   3.1902845E-04
   2.4980984E+00   2.7379721E-04   2.7379721E-04
   2.5155835E+00   2.3471539E-04   2.3471539E-04
   2.5331910E+00   2.0098517E-04   2.0098517E-04
   2.5509217E+00   1.7190691E-04   1.7190691E-04
   2.5687765E+00   1.4686774E-04   1.4686774E-04
   2.5867563E+00   1.2533148E-04   1.2533148E-04
   2.6048619E+00   1.0682956E-04   1.0682956E-04
   2.6230943E+00   9.0953000E-05   9.0953000E-05
   2.6414543E+00   7.7345275E-05   7.7345275E-05
   2.6599427E+00   6.5695933E-05   6.5695933E-05
   2.6785606E+00   5.5734982E-05   5.5734982E-05
   2.6973088E+00   4.7227903E-05   4.7227903E-05
   2.7161882E+00   3.9971236E-05   3.9971236E-05
   2.7351998E+00   3.3788684E-05   3.3788684E-05
   2.7543444E+00   2.8527678E-05   2.8527678E-05
   2.7736230E+00   2.4056345E-05   2.4056345E-05
   2.7930366E+00   2.0260844E-05   2.0260844E-05
   2.8125860E+00   1.7043025E-05   1.7043025E-05
   2.8322722E+00   1.4318372E-05   1.4318372E-05
   2.8520963E+00   1.2014201E-05   1.2014201E-05
   2.8720591E+00   1.0068089E-05   1.0068089E-05
   2.8921616E+00   8.4264856E-06   8.4264856E-06
   2.9124048E+00   7.0435194E-06   7.0435194E-06
   2.9327897E+00   5.8799438E-06   5.8799438E-06
   2.9533173E+00   4.9022254E-06   4.9022254E-06
   2.9739886E+00   4.0817499E-06   4.0817499E-06
   2.9948045E+00   3.3941334E-06   3.3941334E-06
   3.0157661E+00   2.8186240E-06   2.8186240E-06
   3.0368745E+00   2.3375851E-06   2.3375851E-06
   3.0581306E+00   1.9360476E-06   1.9360476E-06
   3.0795354E+00   1.6013241E-06   1.6013241E-06
   3.1010901E+00   1.3226753E-06   1.3226753E-06
   3.1227957E+00   1.0910239E-06   1.0910239E-06
   3.1446531E+00   8.9870777E-07   8.9870777E-07
   3.1666636E+00   7.3926823E-07   7.3926823E-07
   3.1888281E+00   6.0726886E-07   6.0726886E-07
   3.2111477E+00   4.9814008E-07   4.9814008E-07
   3.2336236E+00   4.0804634E-07   4.0804634E-07
   3.2562567E+00   3.3377287E-07   3.3377287E-07
   3.2790483E+00   2.7262900E-07   2.7262900E-07
   3.3019994E+00   2.2236606E-07   2.2236606E-07
   3.3251112E+00   1.8110741E-07   1.8110741E-07
   3.3483847E+00   1.4728926E-07   1.4728926E-07
   3.3718211E+00   1.1961038E-07   1.1961038E-07
   3.3954215E+00   9.6989644E-08   9.6989644E-08
   3.4191871E+00   7.8530118E-08   7.8530118E-08
   3.4431191E+00   6.3488814E-08   6.3488814E-08
   3.4672185E+00   5.1251182E-08   5.1251182E-08
   3.4914867E+00   4.1309682E-08   4.1309682E-08
   3.5159247E+00   3.3245789E-08   3.3245789E-08
   3.5405337E+00   2.6714913E-08   2.6714913E-08
   3.5653150E+00   2.1433775E-08   2.1433775E-08
   3.5902697E+00   1.7169861E-08   1.7169861E-08
   3.6153991E+00   1.3732621E-08   1.3732621E-08
   3.6407044E+00   1.0966145E-08   1.0966145E-08
   3.6661868E+00   8.7430648E-09   8.7430648E-09
   3.6918476E+00   6.9594962E-09   6.9594962E-09
   3.7176879E+00   5.5308451E-09   5.5308451E-09
   3.7437091E+00   4.3883366E-09   4.3883366E-09
   3.7699125E+00   3.4761476E-09   3.4761476E-09
   3.7962992E+00   2.7490421E-09   2.7490421E-09
   3.8228707E+00   2.1704235E-09   2.1704235E-09
   3.8496281E+00   1.7107340E-09   1.7107340E-09
   3.8765727E+00   1.3461403E-09   1.3461403E-09
   3.9037060E+00   1.0574574E-09   1.0574574E-09
   3.9310292E+00   8.2926815E-10   8.2926815E-10
   3.9585436E+00   6.4920442E-10   6.4920442E-10
   3.9862506E+00   5.0736099E-10   5.0736099E-10
   4.0141516E+00   3.9581889E-10   3.9581889E-10
   4.0422478E+00   3.0825809E-10   3.0825809E-10
   4.0705407E+00   2.3964347E-10   2.3964347E-10
   4.0990316E+00   1.8597066E-10   1.8597066E-10
   4.1277219E+00   1.4406071E-10   1.4406071E-10
   4.1566130E+00   1.1139442E-10   1.1139442E-10
   4.1857063E+00   8.5979030E-11   8.5979030E-11
   4.2150033E+00   6.6241065E-11   6.6241065E-11
   4.2445053E+00   5.0940368E-11   5.0940368E-11
   4.2742138E+00   3.9101300E-11   3.9101300E-11
   4.3041302E+00   2.9957732E-11   2.9957732E-11
   4.3342560E+00   2.2909180E-11   2.2909180E-11
   4.3645927E+00   1.7485870E-11   1.7485870E-11
   4.3951417E+00   1.3320979E-11   1.3320979E-11
   4.4259045E+00   1.0128623E-11   1.0128623E-11
   4.4568827E+00   7.6864197E-12   7.6864197E-12
   4.4880777E+00   5.8217190E-12   5.8217190E-12
   4.5194910E+00   4.4007413E-12   4.4007413E-12
   4.5511241E+00   3.3200287E-12   3.3200287E-12
   4.5829787E+00   2.4997304E-12   2.4997304E-12
   4.6150562E+00   1.8783378E-12   1.8783378E-12
   4.6473583E+00   1.4085662E-12   1.4085662E-12
   4.6798864E+00   1.0541385E-12   1.0541385E-12
   4.7126422E+00   7.8727905E-13   7.8727905E-13
   4.7456273E+00   5.8676477E-13   5.8676477E-13
   4.7788432E+00   4.3641271E-13   4.3641271E-13
   4.8122917E+00   3.2390855E-13   3.2390855E-13
   4.8459742E+00   2.3990136E-13   2.3990136E-13
   4.8798925E+00   1.7730537E-13   1.7730537E-13
   4.9140481E+00   1.3076258E-13   1.3076258E-13
   4.9484429E+00   9.6230105E-14   9.6230105E-14
   4.9830784E+00   7.0663939E-14   7.0663939E-14
   5.0179563E+00   5.1777079E-14   5.1777079E-14
   5.0530783E+00   3.7855020E-14   3.7855020E-14
   5.0884461E+00   2.7615251E-14   2.7615251E-14
   5.1240615E+00   2.0100527E-14   2.0100527E-14
   5.1599262E+00   1.4597958E-14   1.4597958E-14
   5.1960418E+00   1.0577821E-14   1.0577821E-14
   5.2324103E+00   7.6473866E-15   7.6473866E-15
   5.2690333E+00   5.5161457E-15   5.5161457E-15
   5.3059127E+00   3.9696975E-15   3.9696975E-15
   5.3430501E+00   2.8501730E-15   2.8501730E-15
   5.3804475E+00   2.0415978E-15   2.0415978E-15
   5.4181067E+00   1.4589734E-15   1.4589734E-15
   5.4560294E+00   1.0401494E-15   1.0401494E-15
   5.4942176E+00   7.3978950E-16   7.3978950E-16
   5.5326730E+00   5.2490127E-16   5.2490127E-16
   5.5713976E+00   3.7153262E-16   3.7153262E-16
   5.6103933E+00   2.6233663E-16   2.6233663E-16
   5.6496619E+00   1.8478059E-16   1.8478059E-16
   5.6892053E+00   1.2983204E-16   1.2983204E-16
   5.7290255E+00   9.0997238E-17   9.0997238E-17
   5.7691244E+00   6.3619163E-17   6.3619163E-17
   5.8095039E+00   4.4366346E-17   4.4366346E-17
   5.8501661E+00   3.0861558E-17   3.0861558E-17
   5.8911129E+00   2.1412777E-17   2.1412777E-17
   5.9323463E+00   1.4818747E-17   1.4818747E-17
   5.9738683E+00   1.0228823E-17   1.0228823E-17
   6.0156809E+00   7.0421914E-18   7.0421914E-18
   6.0577862E+00   4.8355985E-18   4.8355985E-18
   6.1001861E+00   3.3116547E-18   3.3116547E-18
   6.1428828E+00   2.2619573E-18   2.2619573E-18
   6.1858784E+00   1.5408500E-18   1.5408500E-18
   6.2291749E+00   1.0468029E-18   1.0468029E-18
   6.2727744E+00   7.0923478E-19   7.0923478E-19
   6.3166791E+00   4.7921185E-19   4.7921185E-19
   6.3608911E+00   3.2290094E-19   3.2290094E-19
   6.4054126E+00   2.1697368E-19   2.1697368E-19
   6.4502456E+00   1.4538931E-19   1.4538931E-19
   6.4953925E+00   9.7148740E-20   9.7148740E-20
   6.5408553E+00   6.4731061E-20   6.4731061E-20
   6.5866363E+00   4.3008138E-20   4.3008138E-20
   6.6327378E+00   2.8493266E-20   2.8493266E-20
   6.6791619E+00   1.8822566E-20   1.8822566E-20
   6.7259110E+00   1.2398054E-20   1.2398054E-20
   6.7729873E+00   8.1424614E-21   8.1424614E-21
   6.8203931E+00   5.3318045E-21   5.3318045E-21
   6.8681306E+00   3.4809908E-21   3.4809908E-21
   6.9162023E+00   2.2658559E-21   2.2658559E-21
   6.9646105E+00   1.4704607E-21   1.4704607E-21
   7.0133575E+00   9.5138668E-22   9.5138668E-22
   7.0624456E+00   6.1366882E-22   6.1366882E-22
   7.1118774E+00   3.9461635E-22   3.9461635E-22
   7.1616551E+00   2.5297101E-22   2.5297101E-22
   7.2117812E+00   1.6166338E-22   1.6166338E-22
   7.2622582E+00   1.0298839E-22   1.0298839E-22
   7.3130884E+00   6.5402000E-23   6.5402000E-23
   7.3642745E+00   4.1400943E-23   4.1400943E-23
   7.4158187E+00   2.6123789E-23   2.6123789E-23
   7.4677238E+00   1.6430812E-23   1.6430812E-23
   7.5199921E+00   1.0300751E-23   1.0300751E-23
   7.5726263E+00   6.4365903E-24   6.4365903E-24
   7.6256289E+00   4.0087582E-24   4.0087582E-24
   7.6790025E+00   2.4884035E-24   2.4884035E-24
   7.7327496E+00   1.5394957E-24   1.5394957E-24
   7.7868729E+00   9.4923267E-25   9.4923267E-25
   7.8413750E+00   5.8330142E-25   5.8330142E-25
   7.8962586E+00   3.5721456E-25   3.5721456E-25
   7.9515264E+00   2.1800706E-25   2.1800706E-25
   8.0071809E+00   1.3258875E-25   1.3258875E-25
   8.0632250E+00   8.0357595E-26   8.0357595E-26
   8.1196614E+00   4.8531150E-26   4.8531150E-26
   8.1764927E+00   2.9206321E-26   2.9206321E-26
   8.2337219E+00   1.7513983E-26   1.7513983E-26
   8.2913516E+00   1.0464870E-26   1.0464870E-26
   8.3493846E+00   6.2303525E-27   6.2303525E-27
   8.4078239E+00   3.6958147E-27   3.6958147E-27
   8.4666722E+00   2.1843156E-27   2.1843156E-27
   8.5259323E+00   1.2862252E-27   1.2862252E-27
   8.5856072E+00   7.5457734E-28   7.5457734E-28
   8.6456998E+00   4.4102606E-28   4.4102606E-28
   8.7062130E+00   2.5679528E-28   2.5679528E-28
   8.7671498E+00   1.4895690E-28   1.4895690E-28
   8.8285130E+00   8.6074272E-29   8.6074272E-29
   8.8903058E+00   4.9546571E-29   4.9546571E-29
   8.9525310E+00   2.8409893E-29   2.8409893E-29
   9.0151918E+00   1.6226674E-29   1.6226674E-29
   9.0782911E+00   9.2316945E-30   9.2316945E-30
   9.1418321E+00   5.2313450E-30   5.2313450E-30
   9.2058178E+00   2.9526587E-30   2.9526587E-30
   9.2702514E+00   1.6598504E-30   1.6598504E-30
   9.3351359E+00   9.2932633E-31   9.2932633E-31
   9.4004746E+00   5.1820167E-31   5.1820167E-31
   9.4662706E+00   2.8777182E-31   2.8777182E-31
   9.5325271E+00   1.5914909E-31   1.5914909E-31
   9.5992474E+00   8.7650400E-32   8.7650400E-32
   9.6664346E+00   4.8071194E-32   4.8071194E-32
   9.7340921E+00   2.6253330E-32   2.6253330E-32
   9.8022231E+00   1.4277085E-32   1.4277085E-32
   9.8708310E+00   7.7310599E-33   7.7310599E-33
   9.9399191E+00   4.1683894E-33   4.1683894E-33
   1.0009491E+01   2.2377505E-33   2.2377505E-33
   1.0079549E+01   1.1960769E-33   1.1960769E-33
   1.0150098E+01   6.3649776E-34   6.3649776E-34
   1.0221141E+01   3.3721874E-34   3.3721874E-34
   1.0292681E+01   1.7786485E-34   1.7786485E-34
   1.0364722E+01   9.3393934E-35   9.3393934E-35
   1.0437267E+01   4.8818419E-35   4.8818419E-35
   1.0510319E+01   2.5402213E-35   2.5402213E-35
   1.0583883E+01   1.3157350E-35   1.3157350E-35
   1.0657962E+01   6.7836030E-36   6.7836030E-36
   1.0732560E+01   3.4812370E-36   3.4812370E-36
   1.0807679E+01   1.7781723E-36   1.7781723E-36
   1.0883324E+01   9.0399705E-37   9.0399705E-37
   1.0959499E+01   4.5740282E-37   4.5740282E-37
   1.1036207E+01   2.3033235E-37   2.3033235E-37
   1.1113452E+01   1.1543058E-37   1.1543058E-37
   1.1191237E+01   5.7568118E-38   5.7568118E-38
   1.1269567E+01   2.8570891E-38   2.8570891E-38
   1.1348445E+01   1.4110141E-38   1.4110141E-38
   1.1427875E+01   6.9340961E-39   6.9340961E-39
   1.1507861E+01   3.3906606E-39   3.3906606E-39
   1.1588407E+01   1.6496798E-39   1.6496798E-39
   1.1669517E+01   7.9858416E-40   7.9858416E-40
   1.1751194E+01   3.8462022E-40   3.8462022E-40
   1.1833443E+01   1.8429711E-40   1.8429711E-40
   1.1916268E+01   8.7854585E-41   8.7854585E-41
   1.1999673E+01   4.1663350E-41   4.1663350E-41
   1.2083661E+01   1.9654956E-41   1.9654956E-41
   1.2168237E+01   9.2236379E-42   9.2236379E-42
   1.2253405E+01   4.3055511E-42   4.3055511E-42
   1.2339169E+01   1.9991045E-42   1.9991045E-42
   1.2425534E+01   9.2322243E-43   9.2322243E-43
   1.2512502E+01   4.2405771E-43   4.2405771E-43
   1.2600080E+01   1.9372022E-43   1.9372022E-43
   1.2688271E+01   8.8011574E-44   8.8011574E-44
   1.2777078E+01   3.9765166E-44   3.9765166E-44
   1.2866508E+01   1.7866819E-44   1.7866819E-44
   1.2956563E+01   7.9828178E-45   7.9828178E-45
   1.3047249E+01   3.5466042E-45   3.5466042E-45
   1.3138569E+01   1.5667497E-45   1.5667497E-45
   1.3230529E+01   6.8817618E-46   6.8817618E-46
   1.3323132E+01   3.0053523E-46   3.0053523E-46
   1.3416383E+01   1.3048807E-46   1.3048807E-46
   1.3510287E+01   5.6325718E-47   5.6325718E-47
   1.3604849E+01   2.4170324E-47   2.4170324E-47
   1.3700072E+01   1.0310594E-47   1.0310594E-47
   1.3795961E+01   4.3721177E-48   4.3721177E-48
   1.3892522E+01   1.8428448E-48   1.8428448E-48
   1.3989759E+01   7.7206911E-49   7.7206911E-49
   1.4087676E+01   3.2149607E-49   3.2149607E-49
   1.4186278E+01   1.3305424E-49   1.3305424E-49
   1.4285571E+01   5.4726368E-50   5.4726368E-50
   1.4385559E+01   2.2369723E-50   2.2369723E-50
   1.4486246E+01   9.0866058E-51   9.0866058E-51
   1.4587638E+01   3.6677591E-51   3.6677591E-51
   1.4689740E+01   1.4710883E-51   1.4710883E-51
   1.4792556E+01   5.8626787E-52   5.8626787E-52
   1.4896093E+01   2.3214183E-52   2.3214183E-52
   1.5000353E+01   9.1325279E-53   9.1325279E-53
   1.5105344E+01   3.5693499E-53   3.5693499E-53
   1.5211069E+01   1.3858869E-53   1.3858869E-53
   1.5317534E+01   5.3454834E-54   5.3454834E-54
   1.5424745E+01   2.0480777E-54   2.0480777E-54
   1.5532706E+01   7.7944556E-55   7.7944556E-55
   1.5641422E+01   2.9463512E-55   2.9463512E-55
   1.5750900E+01   1.1061702E-55   1.1061702E-55
   1.5861143E+01   4.1245566E-56   4.1245566E-56
   1.5972159E+01   1.5273181E-56   1.5273181E-56
   1.6083951E+01   5.6163929E-57   5.6163929E-57
   1.6196526E+01   2.0508787E-57   2.0508787E-57
   1.6309889E+01   7.4362761E-58   7.4362761E-58
   1.6424045E+01   2.6772103E-58   2.6772103E-58
   1.6539000E+01   9.5697185E-59   9.5697185E-59
   1.6654760E+01   3.3961245E-59   3.3961245E-59
   1.6771330E+01   1.1965028E-59   1.1965028E-59
   1.6888715E+01   4.1847283E-60   4.1847283E-60
   1.7006923E+01   1.4528576E-60   1.4528576E-60
   1.7125958E+01   5.0067641E-61   5.0067641E-61
   1.7245826E+01   1.7125513E-61   1.7125513E-61
   1.7366533E+01   5.8138450E-62   5.8138450E-62
   1.7488084E+01   1.9588127E-62   1.9588127E-62
   1.7610487E+01   6.5495089E-63   6.5495089E-63
   1.7733746E+01   2.1731388E-63   2.1731388E-63
   1.7857868E+01   7.1549319E-64   7.1549319E-64
   1.7982859E+01   2.3374324E-64   2.3374324E-64
   1.8108724E+01   7.5764222E-65   7.5764222E-65
   1.8235471E+01   2.4364454E-65   2.4364454E-65
   1.8363104E+01   7.7730648E-66   7.7730648E-66
   1.8491631E+01   2.4600643E-66   2.4600643E-66
   1.8621058E+01   7.7231505E-67   7.7231505E-67
   1.8751390E+01   2.4049803E-67   2.4049803E-67
   1.8882635E+01   7.4280101E-68   7.4280101E-68
   1.9014798E+01   2.2753704E-68   2.2753704E-68
   1.9147886E+01   6.9123372E-69   6.9123372E-69
   1.9281906E+01   2.0824054E-69   2.0824054E-69
   1.9416864E+01   6.2208164E-70   6.2208164E-70
   1.9552766E+01   1.8426597E-70   1.8426597E-70
   1.9689620E+01   5.4116829E-71   5.4116829E-71
   1.9827432E+01   1.5757326E-71   1.5757326E-71
   1.9966208E+01   4.5485091E-72   4.5485091E-72
   2.0105955E+01   1.3015627E-72   1.3015627E-72
   2.0246680E+01   3.6918459E-73   3.6918459E-73
   2.0388391E+01   1.0379518E-73   1.0379518E-73
   2.0531093E+01   2.8922678E-74   2.8922678E-74
   2.0674794E+01   7.9872968E-75   7.9872968E-75
   2.0819501E+01   2.1859147E-75   2.1859147E-75
   2.0965221E+01   5.9280323E-76   5.9280323E-76
   2.1111960E+01   1.5929550E-76   1.5929550E-76
   2.1259727E+01   4.2411487E-77   4.2411487E-77
   2.1408528E+01   1.1187208E-77   1.1187208E-77
   2.1558370E+01   0.0000000E+00   0.0000000E+00
   2.1709261E+01   0.0000000E+00   0.0000000E+00
   2.1861209E+01   0.0000000E+00   0.0000000E+00
   2.2014219E+01   0.0000000E+00   0.0000000E+00
   2.2168301E+01   0.0000000E+00   0.0000000E+00
   2.2323461E+01   0.0000000E+00   0.0000000E+00
   2.2479707E+01   0.0000000E+00   0.0000000E+00
   2.2637047E+01   0.0000000E+00   0.0000000E+00
   2.2795488E+01   0.0000000E+00   0.0000000E+00
   2.2955038E+01   0.0000000E+00   0.0000000E+00
   2.3115705E+01   0.0000000E+00   0.0000000E+00
   2.3277496E+01   0.0000000E+00   0.0000000E+00
   2.3440420E+01   0.0000000E+00   0.0000000E+00
   2.3604483E+01   0.0000000E+00   0.0000000E+00
   2.3769696E+01   0.0000000E+00   0.0000000E+00
   2.3936064E+01   0.0000000E+00   0.0000000E+00
   2.4103597E+01   0.0000000E+00   0.0000000E+00
   2.4272303E+01   0.0000000E+00   0.0000000E+00
   2.4442189E+01   0.0000000E+00   0.0000000E+00
   2.4613265E+01   0.0000000E+00   0.0000000E+00
   2.4785538E+01   0.0000000E+00   0.0000000E+00
   2.4959016E+01   0.0000000E+00   0.0000000E+00
   2.5133709E+01   0.0000000E+00   0.0000000E+00
   2.5309625E+01   0.0000000E+00   0.0000000E+00
   2.5486772E+01   0.0000000E+00   0.0000000E+00
   2.5665158E+01   0.0000000E+00   0.0000000E+00
   2.5844794E+01   0.0000000E+00   0.0000000E+00
   2.6025686E+01   0.0000000E+00   0.0000000E+00
   2.6207845E+01   0.0000000E+00   0.0000000E+00
   2.6391278E+01   0.0000000E+00   0.0000000E+00
   2.6575996E+01   0.0000000E+00   0.0000000E+00
   2.6762006E+01   0.0000000E+00   0.0000000E+00
   2.6949319E+01   0.0000000E+00   0.0000000E+00
   2.7137942E+01   0.0000000E+00   0.0000000E+00
   2.7327885E+01   0.0000000E+00   0.0000000E+00
   2.7519158E+01   0.0000000E+00   0.0000000E+00
   2.7711770E+01   0.0000000E+00   0.0000000E+00
   2.7905730E+01   0.0000000E+00   0.0000000E+00
   2.8101047E+01   0.0000000E+00   0.0000000E+00
   2.8297732E+01   0.0000000E+00   0.0000000E+00
   2.8495793E+01   0.0000000E+00   0.0000000E+00
   2.8695240E+01   0.0000000E+00   0.0000000E+00
   2.8896083E+01   0.0000000E+00   0.0000000E+00
   2.9098332E+01   0.0000000E+00   0.0000000E+00
   2.9301997E+01   0.0000000E+00   0.0000000E+00
   2.9507087E+01   0.0000000E+00   0.0000000E+00
   2.9713613E+01   0.0000000E+00   0.0000000E+00
   2.9921584E+01   0.0000000E+00   0.0000000E+00
   3.0131010E+01   0.0000000E+00   0.0000000E+00
   3.0341903E+01   0.0000000E+00   0.0000000E+00
   3.0554272E+01   0.0000000E+00   0.0000000E+00
   3.0768127E+01   0.0000000E+00   0.0000000E+00
   3.0983478E+01   0.0000000E+00   0.0000000E+00
   3.1200337E+01   0.0000000E+00   0.0000000E+00
   3.1418714E+01   0.0000000E+00   0.0000000E+00
   3.1638620E+01   0.0000000E+00   0.0000000E+00
   3.1860064E+01   0.0000000E+00   0.0000000E+00
   3.2083059E+01   0.0000000E+00   0.0000000E+00
   3.2307614E+01   0.0000000E+00   0.0000000E+00
   3.2533741E+01   0.0000000E+00   0.0000000E+00
   3.2761450E+01   0.0000000E+00   0.0000000E+00
   3.2990754E+01   0.0000000E+00   0.0000000E+00
   3.3221662E+01   0.0000000E+00   0.0000000E+00
   3.3454187E+01   0.0000000E+00   0.0000000E+00
   3.3688339E+01   0.0000000E+00   0.0000000E+00
   3.3924129E+01   0.0000000E+00   0.0000000E+00
   3.4161571E+01   0.0000000E+00   0.0000000E+00
   3.4400674E+01   0.0000000E+00   0.0000000E+00
   3.4641450E+01   0.0000000E+00   0.0000000E+00
   3.4883912E+01   0.0000000E+00   0.0000000E+00
   3.5128071E+01   0.0000000E+00   0.0000000E+00
   3.5373939E+01   0.0000000E+00   0.0000000E+00
   3.5621527E+01   0.0000000E+00   0.0000000E+00
   3.5870849E+01   0.0000000E+00   0.0000000E+00
   3.6121916E+01   0.0000000E+00   0.0000000E+00
   3.6374739E+01   0.0000000E+00   0.0000000E+00
   3.6629333E+01   0.0000000E+00   0.0000000E+00
   3.6885708E+01   0.0000000E+00   0.0000000E+00
   3.7143878E+01   0.0000000E+00   0.0000000E+00
   3.7403855E+01   0.0000000E+00   0.0000000E+00
   3.7665651E+01   0.0000000E+00   0.0000000E+00
   3.7929280E+01   0.0000000E+00   0.0000000E+00
   3.8194754E+01   0.0000000E+00   0.0000000E+00
   3.8462086E+01   0.0000000E+00   0.0000000E+00
   3.8731289E+01   0.0000000E+00   0.0000000E+00
   3.9002376E+01   0.0000000E+00   0.0000000E+00
   3.9275361E+01   0.0000000E+00   0.0000000E+00
   3.9550256E+01   0.0000000E+00   0.0000000E+00
   3.9827075E+01   0.0000000E+00   0.0000000E+00
   4.0105832E+01   0.0000000E+00   0.0000000E+00
   4.0386540E+01   0.0000000E+00   0.0000000E+00
   4.0669213E+01   0.0000000E+00   0.0000000E+00
   4.0953864E+01   0.0000000E+00   0.0000000E+00
   4.1240508E+01   0.0000000E+00   0.0000000E+00
   4.1529157E+01   0.0000000E+00   0.0000000E+00
   4.1819827E+01   0.0000000E+00   0.0000000E+00
   4.2112532E+01   0.0000000E+00   0.0000000E+00
   4.2407285E+01   0.0000000E+00   0.0000000E+00
   4.2704101E+01   0.0000000E+00   0.0000000E+00
   4.3002995E+01   0.0000000E+00   0.0000000E+00
   4.3303981E+01   0.0000000E+00   0.0000000E+00
   4.3607073E+01   0.0000000E+00   0.0000000E+00
   4.3912287E+01   0.0000000E+00   0.0000000E+00
   4.4219637E+01   0.0000000E+00   0.0000000E+00
   4.4529138E+01   0.0000000E+00   0.0000000E+00
   4.4840805E+01   0.0000000E+00   0.0000000E+00
   4.5154654E+01   0.0000000E+00   0.0000000E+00
   4.5470700E+01   0.0000000E+00   0.0000000E+00
   4.5788957E+01   0.0000000E+00   0.0000000E+00
   4.6109442E+01   0.0000000E+00   0.0000000E+00
   4.6432171E+01   0.0000000E+00   0.0000000E+00
   4.6757158E+01   0.0000000E+00   0.0000000E+00
   4.7084419E+01   0.0000000E+00   0.0000000E+00
   4.7413972E+01   0.0000000E+00   0.0000000E+00
   4.7745831E+01   0.0000000E+00   0.0000000E+00
   4.8080012E+01   0.0000000E+00   0.0000000E+00
   4.8416533E+01   0.0000000E+00   0.0000000E+00
   4.8755409E+01   0.0000000E+00   0.0000000E+00
   4.9096656E+01   0.0000000E+00   0.0000000E+00
   4.9440293E+01   0.0000000E+00   0.0000000E+00
   4.9786334E+01   0.0000000E+00   0.0000000E+00
   5.0134798E+01   0.0000000E+00   0.0000000E+00
   5.0485700E+01   0.0000000E+00   0.0000000E+00
   5.0839058E+01   0.0000000E+00   0.0000000E+00
   5.1194890E+01   0.0000000E+00   0.0000000E+00
   5.1553212E+01   0.0000000E+00   0.0000000E+00
   5.1914042E+01   0.0000000E+00   0.0000000E+00
   5.2277398E+01   0.0000000E+00   0.0000000E+00
   5.2643297E+01   0.0000000E+00   0.0000000E+00
   5.3011756E+01   0.0000000E+00   0.0000000E+00
   5.3382795E+01   0.0000000E+00   0.0000000E+00
   5.3756431E+01   0.0000000E+00   0.0000000E+00
   5.4132682E+01   0.0000000E+00   0.0000000E+00
   5.4511566E+01   0.0000000E+00   0.0000000E+00
   5.4893102E+01   0.0000000E+00   0.0000000E+00
   5.5277308E+01   0.0000000E+00   0.0000000E+00
   5.5664204E+01   0.0000000E+00   0.0000000E+00
   5.6053808E+01   0.0000000E+00   0.0000000E+00
   5.6446138E+01   0.0000000E+00   0.0000000E+00
   5.6841215E+01   0.0000000E+00   0.0000000E+00
   5.7239057E+01   0.0000000E+00   0.0000000E+00
   5.7639683E+01   0.0000000E+00   0.0000000E+00
   5.8043113E+01   0.0000000E+00   0.0000000E+00
   5.8449367E+01   0.0000000E+00   0.0000000E+00
   5.8858465E+01   0.0000000E+00   0.0000000E+00
   5.9270425E+01   0.0000000E+00   0.0000000E+00
   5.9685270E+01   0.0000000E+00   0.0000000E+00
   6.0103017E+01   0.0000000E+00   0.0000000E+00
   6.0523689E+01   0.0000000E+00   0.0000000E+00
   6.0947305E+01   0.0000000E+00   0.0000000E+00
   6.1373886E+01   0.0000000E+00   0.0000000E+00
   6.1803452E+01   0.0000000E+00   0.0000000E+00
   6.2236026E+01   0.0000000E+00   0.0000000E+00
   6.2671627E+01   0.0000000E+00   0.0000000E+00
   6.3110276E+01   0.0000000E+00   0.0000000E+00
   6.3551996E+01   0.0000000E+00   0.0000000E+00
   6.3996808E+01   0.0000000E+00   0.0000000E+00
   6.4444733E+01   0.0000000E+00   0.0000000E+00
   6.4895793E+01   0.0000000E+00   0.0000000E+00
   6.5350010E+01   0.0000000E+00   0.0000000E+00
   6.5807406E+01   0.0000000E+00   0.0000000E+00
   6.6268004E+01   0.0000000E+00   0.0000000E+00
   6.6731825E+01   0.0000000E+00   0.0000000E+00
   6.7198893E+01   0.0000000E+00   0.0000000E+00
   6.7669230E+01   0.0000000E+00   0.0000000E+00
   6.8142859E+01   0.0000000E+00   0.0000000E+00
   6.8619802E+01   0.0000000E+00   0.0000000E+00
   6.9100084E+01   0.0000000E+00   0.0000000E+00
   6.9583728E+01   0.0000000E+00   0.0000000E+00
   7.0070757E+01   0.0000000E+00   0.0000000E+00
   7.0561194E+01   0.0000000E+00   0.0000000E+00
   7.1055064E+01   0.0000000E+00   0.0000000E+00
   7.1552391E+01   0.0000000E+00   0.0000000E+00
   7.2053199E+01   0.0000000E+00   0.0000000E+00
   7.2557512E+01   0.0000000E+00   0.0000000E+00
   7.3065355E+01   0.0000000E+00   0.0000000E+00
   7.3576752E+01   0.0000000E+00   0.0000000E+00
   7.4091728E+01   0.0000000E+00   0.0000000E+00
   7.4610309E+01   0.0000000E+00   0.0000000E+00
   7.5132520E+01   0.0000000E+00   0.0000000E+00
   7.5658386E+01   0.0000000E+00   0.0000000E+00
   7.6187932E+01   0.0000000E+00   0.0000000E+00
   7.6721185E+01   0.0000000E+00   0.0000000E+00
   7.7258170E+01   0.0000000E+00   0.0000000E+00
   7.7798913E+01   0.0000000E+00   0.0000000E+00
   7.8343441E+01   0.0000000E+00   0.0000000E+00
   7.8891781E+01   0.0000000E+00   0.0000000E+00
   7.9443958E+01   0.0000000E+00   0.0000000E+00
   8.0000000E+01   0.0000000E+00   0.0000000E+00
