 # l=           2 basis function with energy     1.80000000000000     
  0.0000E+00  0.0000E+00  0.0000E+00  0.0000E+00
  4.9311E-07 -2.1965E-13 -1.0840E-19  6.3555E-19
  9.8967E-07 -1.2936E-12 -8.7632E-19  5.1366E-18
  1.4897E-06 -3.6633E-12 -2.9888E-18  1.7520E-17
  1.9932E-06 -7.6868E-12 -7.1593E-18  4.1968E-17
  2.5003E-06 -1.3686E-11 -1.4131E-17  8.2833E-17
  3.0109E-06 -2.1964E-11 -2.4677E-17  1.4465E-16
  3.5251E-06 -3.2809E-11 -3.9601E-17  2.3214E-16
  4.0429E-06 -4.6505E-11 -5.9740E-17  3.5019E-16
  4.5643E-06 -6.3329E-11 -8.5962E-17  5.0390E-16
  5.0893E-06 -8.3555E-11 -1.1917E-16  6.9858E-16
  5.6181E-06 -1.0746E-10 -1.6031E-16  9.3971E-16
  6.1505E-06 -1.3531E-10 -2.1034E-16  1.2330E-15
  6.6866E-06 -1.6740E-10 -2.7028E-16  1.5844E-15
  7.2266E-06 -2.0398E-10 -3.4118E-16  2.0000E-15
  7.7702E-06 -2.4535E-10 -4.2413E-16  2.4862E-15
  8.3177E-06 -2.9179E-10 -5.2025E-16  3.0496E-15
  8.8691E-06 -3.4358E-10 -6.3071E-16  3.6972E-15
  9.4242E-06 -4.0101E-10 -7.5672E-16  4.4358E-15
  9.9833E-06 -4.6438E-10 -8.9953E-16  5.2730E-15
  1.0546E-05 -5.3398E-10 -1.0605E-15  6.2163E-15
  1.1113E-05 -6.1013E-10 -1.2408E-15  7.2737E-15
  1.1684E-05 -6.9312E-10 -1.4421E-15  8.4532E-15
  1.2259E-05 -7.8328E-10 -1.6656E-15  9.7634E-15
  1.2838E-05 -8.8092E-10 -1.9128E-15  1.1213E-14
  1.3421E-05 -9.8637E-10 -2.1854E-15  1.2811E-14
  1.4008E-05 -1.1000E-09 -2.4849E-15  1.4566E-14
  1.4599E-05 -1.2220E-09 -2.8130E-15  1.6490E-14
  1.5194E-05 -1.3529E-09 -3.1713E-15  1.8590E-14
  1.5794E-05 -1.4930E-09 -3.5617E-15  2.0878E-14
  1.6397E-05 -1.6427E-09 -3.9859E-15  2.3365E-14
  1.7005E-05 -1.8022E-09 -4.4458E-15  2.6061E-14
  1.7617E-05 -1.9720E-09 -4.9434E-15  2.8978E-14
  1.8234E-05 -2.1525E-09 -5.4806E-15  3.2127E-14
  1.8855E-05 -2.3440E-09 -6.0596E-15  3.5521E-14
  1.9480E-05 -2.5470E-09 -6.6825E-15  3.9172E-14
  2.0109E-05 -2.7618E-09 -7.3515E-15  4.3094E-14
  2.0743E-05 -2.9889E-09 -8.0688E-15  4.7299E-14
  2.1381E-05 -3.2288E-09 -8.8368E-15  5.1801E-14
  2.2024E-05 -3.4817E-09 -9.6580E-15  5.6614E-14
  2.2671E-05 -3.7482E-09 -1.0535E-14  6.1754E-14
  2.3323E-05 -4.0288E-09 -1.1470E-14  6.7235E-14
  2.3979E-05 -4.3238E-09 -1.2466E-14  7.3072E-14
  2.4640E-05 -4.6339E-09 -1.3525E-14  7.9282E-14
  2.5306E-05 -4.9593E-09 -1.4651E-14  8.5882E-14
  2.5976E-05 -5.3007E-09 -1.5846E-14  9.2888E-14
  2.6651E-05 -5.6586E-09 -1.7114E-14  1.0032E-13
  2.7331E-05 -6.0334E-09 -1.8456E-14  1.0819E-13
  2.8015E-05 -6.4257E-09 -1.9878E-14  1.1652E-13
  2.8704E-05 -6.8360E-09 -2.1381E-14  1.2534E-13
  2.9398E-05 -7.2649E-09 -2.2970E-14  1.3465E-13
  3.0097E-05 -7.7129E-09 -2.4648E-14  1.4448E-13
  3.0801E-05 -8.1806E-09 -2.6417E-14  1.5486E-13
  3.1510E-05 -8.6686E-09 -2.8283E-14  1.6579E-13
  3.2223E-05 -9.1775E-09 -3.0249E-14  1.7732E-13
  3.2942E-05 -9.7079E-09 -3.2318E-14  1.8945E-13
  3.3666E-05 -1.0260E-08 -3.4495E-14  2.0221E-13
  3.4394E-05 -1.0836E-08 -3.6784E-14  2.1562E-13
  3.5128E-05 -1.1434E-08 -3.9189E-14  2.2972E-13
  3.5867E-05 -1.2057E-08 -4.1714E-14  2.4453E-13
  3.6611E-05 -1.2705E-08 -4.4365E-14  2.6006E-13
  3.7361E-05 -1.3378E-08 -4.7145E-14  2.7636E-13
  3.8115E-05 -1.4077E-08 -5.0060E-14  2.9345E-13
  3.8875E-05 -1.4803E-08 -5.3114E-14  3.1135E-13
  3.9640E-05 -1.5556E-08 -5.6313E-14  3.3010E-13
  4.0411E-05 -1.6339E-08 -5.9661E-14  3.4973E-13
  4.1187E-05 -1.7150E-08 -6.3164E-14  3.7026E-13
  4.1968E-05 -1.7991E-08 -6.6828E-14  3.9174E-13
  4.2755E-05 -1.8863E-08 -7.0658E-14  4.1419E-13
  4.3548E-05 -1.9766E-08 -7.4659E-14  4.3765E-13
  4.4345E-05 -2.0702E-08 -7.8839E-14  4.6215E-13
  4.5149E-05 -2.1671E-08 -8.3202E-14  4.8773E-13
  4.5958E-05 -2.2675E-08 -8.7756E-14  5.1442E-13
  4.6773E-05 -2.3713E-08 -9.2507E-14  5.4227E-13
  4.7593E-05 -2.4788E-08 -9.7461E-14  5.7131E-13
  4.8419E-05 -2.5899E-08 -1.0263E-13  6.0158E-13
  4.9251E-05 -2.7048E-08 -1.0801E-13  6.3313E-13
  5.0089E-05 -2.8236E-08 -1.1361E-13  6.6599E-13
  5.0933E-05 -2.9464E-08 -1.1945E-13  7.0022E-13
  5.1783E-05 -3.0733E-08 -1.2553E-13  7.3584E-13
  5.2638E-05 -3.2043E-08 -1.3185E-13  7.7292E-13
  5.3500E-05 -3.3397E-08 -1.3844E-13  8.1150E-13
  5.4367E-05 -3.4794E-08 -1.4528E-13  8.5162E-13
  5.5241E-05 -3.6237E-08 -1.5240E-13  8.9334E-13
  5.6121E-05 -3.7726E-08 -1.5979E-13  9.3670E-13
  5.7007E-05 -3.9263E-08 -1.6748E-13  9.8177E-13
  5.7899E-05 -4.0848E-08 -1.7547E-13  1.0286E-12
  5.8797E-05 -4.2483E-08 -1.8376E-13  1.0772E-12
  5.9702E-05 -4.4168E-08 -1.9238E-13  1.1277E-12
  6.0613E-05 -4.5907E-08 -2.0132E-13  1.1801E-12
  6.1530E-05 -4.7698E-08 -2.1060E-13  1.2345E-12
  6.2454E-05 -4.9545E-08 -2.2023E-13  1.2909E-12
  6.3384E-05 -5.1448E-08 -2.3021E-13  1.3495E-12
  6.4321E-05 -5.3409E-08 -2.4057E-13  1.4102E-12
  6.5264E-05 -5.5428E-08 -2.5131E-13  1.4732E-12
  6.6214E-05 -5.7508E-08 -2.6245E-13  1.5384E-12
  6.7170E-05 -5.9649E-08 -2.7399E-13  1.6061E-12
  6.8134E-05 -6.1854E-08 -2.8594E-13  1.6762E-12
  6.9104E-05 -6.4124E-08 -2.9833E-13  1.7488E-12
  7.0080E-05 -6.6461E-08 -3.1116E-13  1.8240E-12
  7.1064E-05 -6.8865E-08 -3.2445E-13  1.9019E-12
  7.2055E-05 -7.1338E-08 -3.3820E-13  1.9825E-12
  7.3052E-05 -7.3883E-08 -3.5244E-13  2.0660E-12
  7.4056E-05 -7.6501E-08 -3.6718E-13  2.1524E-12
  7.5068E-05 -7.9193E-08 -3.8243E-13  2.2418E-12
  7.6086E-05 -8.1962E-08 -3.9821E-13  2.3343E-12
  7.7112E-05 -8.4809E-08 -4.1453E-13  2.4300E-12
  7.8145E-05 -8.7736E-08 -4.3141E-13  2.5289E-12
  7.9185E-05 -9.0744E-08 -4.4887E-13  2.6312E-12
  8.0232E-05 -9.3836E-08 -4.6692E-13  2.7370E-12
  8.1287E-05 -9.7014E-08 -4.8557E-13  2.8464E-12
  8.2349E-05 -1.0028E-07 -5.0486E-13  2.9594E-12
  8.3418E-05 -1.0363E-07 -5.2478E-13  3.0762E-12
  8.4495E-05 -1.0708E-07 -5.4537E-13  3.1969E-12
  8.5580E-05 -1.1062E-07 -5.6664E-13  3.3216E-12
  8.6672E-05 -1.1426E-07 -5.8861E-13  3.4504E-12
  8.7772E-05 -1.1799E-07 -6.1131E-13  3.5834E-12
  8.8879E-05 -1.2183E-07 -6.3474E-13  3.7208E-12
  8.9994E-05 -1.2576E-07 -6.5893E-13  3.8626E-12
  9.1117E-05 -1.2980E-07 -6.8391E-13  4.0090E-12
  9.2248E-05 -1.3395E-07 -7.0969E-13  4.1601E-12
  9.3387E-05 -1.3821E-07 -7.3630E-13  4.3161E-12
  9.4534E-05 -1.4258E-07 -7.6376E-13  4.4771E-12
  9.5688E-05 -1.4707E-07 -7.9209E-13  4.6432E-12
  9.6851E-05 -1.5167E-07 -8.2132E-13  4.8145E-12
  9.8022E-05 -1.5639E-07 -8.5147E-13  4.9912E-12
  9.9202E-05 -1.6124E-07 -8.8257E-13  5.1736E-12
  1.0039E-04 -1.6621E-07 -9.1464E-13  5.3616E-12
  1.0158E-04 -1.7130E-07 -9.4772E-13  5.5554E-12
  1.0279E-04 -1.7653E-07 -9.8182E-13  5.7554E-12
  1.0400E-04 -1.8189E-07 -1.0170E-12  5.9614E-12
  1.0522E-04 -1.8739E-07 -1.0532E-12  6.1739E-12
  1.0645E-04 -1.9303E-07 -1.0906E-12  6.3929E-12
  1.0769E-04 -1.9881E-07 -1.1291E-12  6.6185E-12
  1.0894E-04 -2.0474E-07 -1.1687E-12  6.8511E-12
  1.1019E-04 -2.1081E-07 -1.2096E-12  7.0907E-12
  1.1146E-04 -2.1704E-07 -1.2517E-12  7.3376E-12
  1.1273E-04 -2.2343E-07 -1.2951E-12  7.5920E-12
  1.1401E-04 -2.2997E-07 -1.3398E-12  7.8540E-12
  1.1530E-04 -2.3667E-07 -1.3859E-12  8.1238E-12
  1.1660E-04 -2.4354E-07 -1.4333E-12  8.4017E-12
  1.1791E-04 -2.5058E-07 -1.4821E-12  8.6879E-12
  1.1923E-04 -2.5780E-07 -1.5324E-12  8.9826E-12
  1.2056E-04 -2.6519E-07 -1.5841E-12  9.2860E-12
  1.2190E-04 -2.7276E-07 -1.6374E-12  9.5984E-12
  1.2324E-04 -2.8051E-07 -1.6923E-12  9.9200E-12
  1.2460E-04 -2.8846E-07 -1.7487E-12  1.0251E-11
  1.2596E-04 -2.9660E-07 -1.8068E-12  1.0592E-11
  1.2734E-04 -3.0493E-07 -1.8667E-12  1.0942E-11
  1.2872E-04 -3.1346E-07 -1.9282E-12  1.1303E-11
  1.3012E-04 -3.2220E-07 -1.9915E-12  1.1674E-11
  1.3152E-04 -3.3115E-07 -2.0567E-12  1.2056E-11
  1.3293E-04 -3.4032E-07 -2.1237E-12  1.2449E-11
  1.3436E-04 -3.4970E-07 -2.1927E-12  1.2853E-11
  1.3579E-04 -3.5930E-07 -2.2636E-12  1.3269E-11
  1.3723E-04 -3.6914E-07 -2.3366E-12  1.3697E-11
  1.3869E-04 -3.7920E-07 -2.4116E-12  1.4137E-11
  1.4015E-04 -3.8951E-07 -2.4888E-12  1.4589E-11
  1.4163E-04 -4.0006E-07 -2.5681E-12  1.5054E-11
  1.4311E-04 -4.1085E-07 -2.6497E-12  1.5533E-11
  1.4460E-04 -4.2190E-07 -2.7336E-12  1.6024E-11
  1.4611E-04 -4.3320E-07 -2.8199E-12  1.6530E-11
  1.4763E-04 -4.4477E-07 -2.9086E-12  1.7050E-11
  1.4915E-04 -4.5661E-07 -2.9997E-12  1.7584E-11
  1.5069E-04 -4.6873E-07 -3.0934E-12  1.8133E-11
  1.5224E-04 -4.8112E-07 -3.1897E-12  1.8698E-11
  1.5380E-04 -4.9381E-07 -3.2887E-12  1.9278E-11
  1.5537E-04 -5.0678E-07 -3.3904E-12  1.9874E-11
  1.5695E-04 -5.2006E-07 -3.4949E-12  2.0487E-11
  1.5854E-04 -5.3363E-07 -3.6024E-12  2.1117E-11
  1.6014E-04 -5.4752E-07 -3.7127E-12  2.1764E-11
  1.6175E-04 -5.6173E-07 -3.8261E-12  2.2428E-11
  1.6338E-04 -5.7626E-07 -3.9426E-12  2.3111E-11
  1.6502E-04 -5.9113E-07 -4.0623E-12  2.3813E-11
  1.6666E-04 -6.0633E-07 -4.1852E-12  2.4533E-11
  1.6832E-04 -6.2188E-07 -4.3115E-12  2.5274E-11
  1.6999E-04 -6.3777E-07 -4.4412E-12  2.6034E-11
  1.7168E-04 -6.5403E-07 -4.5744E-12  2.6815E-11
  1.7337E-04 -6.7066E-07 -4.7112E-12  2.7617E-11
  1.7508E-04 -6.8766E-07 -4.8517E-12  2.8440E-11
  1.7680E-04 -7.0504E-07 -4.9960E-12  2.9286E-11
  1.7853E-04 -7.2281E-07 -5.1441E-12  3.0155E-11
  1.8027E-04 -7.4098E-07 -5.2962E-12  3.1046E-11
  1.8203E-04 -7.5955E-07 -5.4524E-12  3.1962E-11
  1.8379E-04 -7.7854E-07 -5.6128E-12  3.2902E-11
  1.8557E-04 -7.9795E-07 -5.7774E-12  3.3867E-11
  1.8736E-04 -8.1780E-07 -5.9464E-12  3.4857E-11
  1.8917E-04 -8.3808E-07 -6.1198E-12  3.5874E-11
  1.9099E-04 -8.5881E-07 -6.2979E-12  3.6918E-11
  1.9282E-04 -8.8001E-07 -6.4807E-12  3.7989E-11
  1.9466E-04 -9.0166E-07 -6.6682E-12  3.9089E-11
  1.9651E-04 -9.2380E-07 -6.8608E-12  4.0217E-11
  1.9838E-04 -9.4643E-07 -7.0583E-12  4.1375E-11
  2.0026E-04 -9.6955E-07 -7.2611E-12  4.2564E-11
  2.0216E-04 -9.9317E-07 -7.4691E-12  4.3784E-11
  2.0407E-04 -1.0173E-06 -7.6826E-12  4.5035E-11
  2.0599E-04 -1.0420E-06 -7.9017E-12  4.6319E-11
  2.0792E-04 -1.0672E-06 -8.1265E-12  4.7637E-11
  2.0987E-04 -1.0930E-06 -8.3571E-12  4.8988E-11
  2.1183E-04 -1.1193E-06 -8.5936E-12  5.0375E-11
  2.1381E-04 -1.1462E-06 -8.8363E-12  5.1798E-11
  2.1580E-04 -1.1737E-06 -9.0853E-12  5.3258E-11
  2.1780E-04 -1.2017E-06 -9.3407E-12  5.4755E-11
  2.1982E-04 -1.2304E-06 -9.6027E-12  5.6290E-11
  2.2185E-04 -1.2597E-06 -9.8714E-12  5.7866E-11
  2.2390E-04 -1.2896E-06 -1.0147E-11  5.9481E-11
  2.2596E-04 -1.3202E-06 -1.0430E-11  6.1139E-11
  2.2803E-04 -1.3514E-06 -1.0720E-11  6.2838E-11
  2.3012E-04 -1.3833E-06 -1.1017E-11  6.4581E-11
  2.3223E-04 -1.4159E-06 -1.1322E-11  6.6368E-11
  2.3434E-04 -1.4492E-06 -1.1635E-11  6.8201E-11
  2.3648E-04 -1.4832E-06 -1.1955E-11  7.0081E-11
  2.3863E-04 -1.5179E-06 -1.2284E-11  7.2008E-11
  2.4079E-04 -1.5534E-06 -1.2621E-11  7.3985E-11
  2.4297E-04 -1.5896E-06 -1.2967E-11  7.6011E-11
  2.4516E-04 -1.6266E-06 -1.3321E-11  7.8088E-11
  2.4737E-04 -1.6644E-06 -1.3685E-11  8.0218E-11
  2.4959E-04 -1.7029E-06 -1.4057E-11  8.2402E-11
  2.5183E-04 -1.7423E-06 -1.4439E-11  8.4640E-11
  2.5409E-04 -1.7825E-06 -1.4830E-11  8.6935E-11
  2.5636E-04 -1.8236E-06 -1.5232E-11  8.9288E-11
  2.5865E-04 -1.8656E-06 -1.5643E-11  9.1699E-11
  2.6095E-04 -1.9084E-06 -1.6065E-11  9.4171E-11
  2.6327E-04 -1.9521E-06 -1.6497E-11  9.6705E-11
  2.6561E-04 -1.9967E-06 -1.6940E-11  9.9301E-11
  2.6796E-04 -2.0423E-06 -1.7394E-11  1.0196E-10
  2.7033E-04 -2.0889E-06 -1.7859E-11  1.0469E-10
  2.7271E-04 -2.1364E-06 -1.8336E-11  1.0749E-10
  2.7512E-04 -2.1849E-06 -1.8825E-11  1.1035E-10
  2.7753E-04 -2.2344E-06 -1.9326E-11  1.1329E-10
  2.7997E-04 -2.2850E-06 -1.9839E-11  1.1630E-10
  2.8242E-04 -2.3366E-06 -2.0365E-11  1.1938E-10
  2.8489E-04 -2.3893E-06 -2.0904E-11  1.2254E-10
  2.8738E-04 -2.4431E-06 -2.1457E-11  1.2578E-10
  2.8988E-04 -2.4980E-06 -2.2022E-11  1.2909E-10
  2.9241E-04 -2.5540E-06 -2.2602E-11  1.3249E-10
  2.9495E-04 -2.6112E-06 -2.3196E-11  1.3598E-10
  2.9750E-04 -2.6696E-06 -2.3805E-11  1.3954E-10
  3.0008E-04 -2.7292E-06 -2.4429E-11  1.4320E-10
  3.0267E-04 -2.7900E-06 -2.5067E-11  1.4694E-10
  3.0528E-04 -2.8521E-06 -2.5722E-11  1.5078E-10
  3.0791E-04 -2.9155E-06 -2.6392E-11  1.5471E-10
  3.1056E-04 -2.9802E-06 -2.7079E-11  1.5874E-10
  3.1323E-04 -3.0462E-06 -2.7783E-11  1.6286E-10
  3.1591E-04 -3.1136E-06 -2.8504E-11  1.6709E-10
  3.1862E-04 -3.1823E-06 -2.9242E-11  1.7141E-10
  3.2134E-04 -3.2525E-06 -2.9998E-11  1.7585E-10
  3.2408E-04 -3.3241E-06 -3.0773E-11  1.8039E-10
  3.2684E-04 -3.3972E-06 -3.1566E-11  1.8504E-10
  3.2963E-04 -3.4718E-06 -3.2378E-11  1.8980E-10
  3.3243E-04 -3.5479E-06 -3.3211E-11  1.9468E-10
  3.3525E-04 -3.6255E-06 -3.4063E-11  1.9967E-10
  3.3809E-04 -3.7048E-06 -3.4936E-11  2.0479E-10
  3.4094E-04 -3.7856E-06 -3.5830E-11  2.1003E-10
  3.4382E-04 -3.8681E-06 -3.6745E-11  2.1540E-10
  3.4672E-04 -3.9523E-06 -3.7683E-11  2.2089E-10
  3.4964E-04 -4.0382E-06 -3.8643E-11  2.2652E-10
  3.5258E-04 -4.1259E-06 -3.9626E-11  2.3229E-10
  3.5554E-04 -4.2153E-06 -4.0633E-11  2.3819E-10
  3.5853E-04 -4.3066E-06 -4.1664E-11  2.4423E-10
  3.6153E-04 -4.3997E-06 -4.2719E-11  2.5042E-10
  3.6455E-04 -4.4946E-06 -4.3800E-11  2.5675E-10
  3.6760E-04 -4.5916E-06 -4.4907E-11  2.6324E-10
  3.7066E-04 -4.6904E-06 -4.6040E-11  2.6988E-10
  3.7375E-04 -4.7913E-06 -4.7200E-11  2.7668E-10
  3.7686E-04 -4.8942E-06 -4.8387E-11  2.8364E-10
  3.7999E-04 -4.9992E-06 -4.9603E-11  2.9077E-10
  3.8314E-04 -5.1063E-06 -5.0848E-11  2.9807E-10
  3.8632E-04 -5.2156E-06 -5.2123E-11  3.0554E-10
  3.8951E-04 -5.3270E-06 -5.3428E-11  3.1319E-10
  3.9273E-04 -5.4407E-06 -5.4763E-11  3.2102E-10
  3.9598E-04 -5.5567E-06 -5.6131E-11  3.2903E-10
  3.9924E-04 -5.6751E-06 -5.7530E-11  3.3724E-10
  4.0253E-04 -5.7958E-06 -5.8963E-11  3.4564E-10
  4.0584E-04 -5.9189E-06 -6.0430E-11  3.5424E-10
  4.0917E-04 -6.0445E-06 -6.1932E-11  3.6304E-10
  4.1253E-04 -6.1726E-06 -6.3468E-11  3.7205E-10
  4.1591E-04 -6.3033E-06 -6.5042E-11  3.8127E-10
  4.1931E-04 -6.4366E-06 -6.6652E-11  3.9071E-10
  4.2274E-04 -6.5725E-06 -6.8300E-11  4.0037E-10
  4.2619E-04 -6.7112E-06 -6.9987E-11  4.1026E-10
  4.2967E-04 -6.8526E-06 -7.1713E-11  4.2038E-10
  4.3317E-04 -6.9969E-06 -7.3480E-11  4.3074E-10
  4.3670E-04 -7.1440E-06 -7.5289E-11  4.4134E-10
  4.4024E-04 -7.2941E-06 -7.7139E-11  4.5219E-10
  4.4382E-04 -7.4472E-06 -7.9034E-11  4.6329E-10
  4.4742E-04 -7.6033E-06 -8.0972E-11  4.7465E-10
  4.5104E-04 -7.7625E-06 -8.2956E-11  4.8628E-10
  4.5469E-04 -7.9249E-06 -8.4986E-11  4.9818E-10
  4.5837E-04 -8.0905E-06 -8.7064E-11  5.1036E-10
  4.6207E-04 -8.2594E-06 -8.9190E-11  5.2283E-10
  4.6580E-04 -8.4316E-06 -9.1366E-11  5.3558E-10
  4.6955E-04 -8.6073E-06 -9.3593E-11  5.4863E-10
  4.7333E-04 -8.7865E-06 -9.5871E-11  5.6199E-10
  4.7714E-04 -8.9691E-06 -9.8202E-11  5.7565E-10
  4.8097E-04 -9.1555E-06 -1.0059E-10  5.8964E-10
  4.8483E-04 -9.3455E-06 -1.0303E-10  6.0395E-10
  4.8872E-04 -9.5392E-06 -1.0553E-10  6.1859E-10
  4.9263E-04 -9.7368E-06 -1.0808E-10  6.3357E-10
  4.9657E-04 -9.9383E-06 -1.1070E-10  6.4890E-10
  5.0054E-04 -1.0144E-05 -1.1337E-10  6.6458E-10
  5.0454E-04 -1.0353E-05 -1.1611E-10  6.8063E-10
  5.0856E-04 -1.0567E-05 -1.1891E-10  6.9704E-10
  5.1261E-04 -1.0785E-05 -1.2178E-10  7.1384E-10
  5.1669E-04 -1.1007E-05 -1.2471E-10  7.3103E-10
  5.2080E-04 -1.1233E-05 -1.2771E-10  7.4861E-10
  5.2494E-04 -1.1464E-05 -1.3077E-10  7.6659E-10
  5.2911E-04 -1.1700E-05 -1.3391E-10  7.8500E-10
  5.3330E-04 -1.1940E-05 -1.3713E-10  8.0382E-10
  5.3753E-04 -1.2185E-05 -1.4041E-10  8.2308E-10
  5.4179E-04 -1.2435E-05 -1.4377E-10  8.4279E-10
  5.4607E-04 -1.2689E-05 -1.4721E-10  8.6294E-10
  5.5039E-04 -1.2949E-05 -1.5073E-10  8.8356E-10
  5.5473E-04 -1.3213E-05 -1.5433E-10  9.0465E-10
  5.5911E-04 -1.3483E-05 -1.5801E-10  9.2623E-10
  5.6351E-04 -1.3758E-05 -1.6177E-10  9.4830E-10
  5.6795E-04 -1.4039E-05 -1.6562E-10  9.7088E-10
  5.7242E-04 -1.4325E-05 -1.6956E-10  9.9398E-10
  5.7692E-04 -1.4616E-05 -1.7359E-10  1.0176E-09
  5.8145E-04 -1.4914E-05 -1.7772E-10  1.0418E-09
  5.8601E-04 -1.5217E-05 -1.8193E-10  1.0665E-09
  5.9061E-04 -1.5526E-05 -1.8625E-10  1.0918E-09
  5.9523E-04 -1.5841E-05 -1.9066E-10  1.1176E-09
  5.9989E-04 -1.6162E-05 -1.9517E-10  1.1441E-09
  6.0459E-04 -1.6489E-05 -1.9979E-10  1.1711E-09
  6.0931E-04 -1.6823E-05 -2.0451E-10  1.1988E-09
  6.1407E-04 -1.7163E-05 -2.0933E-10  1.2271E-09
  6.1886E-04 -1.7510E-05 -2.1427E-10  1.2561E-09
  6.2368E-04 -1.7864E-05 -2.1932E-10  1.2857E-09
  6.2854E-04 -1.8225E-05 -2.2449E-10  1.3159E-09
  6.3343E-04 -1.8592E-05 -2.2977E-10  1.3469E-09
  6.3836E-04 -1.8967E-05 -2.3518E-10  1.3786E-09
  6.4332E-04 -1.9349E-05 -2.4070E-10  1.4110E-09
  6.4832E-04 -1.9739E-05 -2.4635E-10  1.4441E-09
  6.5335E-04 -2.0136E-05 -2.5213E-10  1.4780E-09
  6.5841E-04 -2.0540E-05 -2.5804E-10  1.5126E-09
  6.6352E-04 -2.0953E-05 -2.6409E-10  1.5481E-09
  6.6865E-04 -2.1374E-05 -2.7027E-10  1.5843E-09
  6.7383E-04 -2.1802E-05 -2.7659E-10  1.6214E-09
  6.7904E-04 -2.2239E-05 -2.8305E-10  1.6592E-09
  6.8428E-04 -2.2685E-05 -2.8967E-10  1.6980E-09
  6.8956E-04 -2.3139E-05 -2.9643E-10  1.7376E-09
  6.9488E-04 -2.3602E-05 -3.0334E-10  1.7782E-09
  7.0024E-04 -2.4074E-05 -3.1041E-10  1.8196E-09
  7.0563E-04 -2.4555E-05 -3.1764E-10  1.8620E-09
  7.1107E-04 -2.5045E-05 -3.2503E-10  1.9053E-09
  7.1654E-04 -2.5545E-05 -3.3259E-10  1.9496E-09
  7.2204E-04 -2.6054E-05 -3.4032E-10  1.9949E-09
  7.2759E-04 -2.6574E-05 -3.4822E-10  2.0413E-09
  7.3318E-04 -2.7103E-05 -3.5630E-10  2.0886E-09
  7.3880E-04 -2.7643E-05 -3.6457E-10  2.1371E-09
  7.4447E-04 -2.8193E-05 -3.7302E-10  2.1866E-09
  7.5017E-04 -2.8753E-05 -3.8165E-10  2.2372E-09
  7.5591E-04 -2.9325E-05 -3.9049E-10  2.2890E-09
  7.6170E-04 -2.9907E-05 -3.9952E-10  2.3420E-09
  7.6752E-04 -3.0501E-05 -4.0876E-10  2.3961E-09
  7.7339E-04 -3.1106E-05 -4.1820E-10  2.4515E-09
  7.7929E-04 -3.1722E-05 -4.2785E-10  2.5080E-09
  7.8524E-04 -3.2351E-05 -4.3772E-10  2.5659E-09
  7.9123E-04 -3.2992E-05 -4.4782E-10  2.6251E-09
  7.9726E-04 -3.3645E-05 -4.5813E-10  2.6856E-09
  8.0333E-04 -3.4310E-05 -4.6868E-10  2.7474E-09
  8.0945E-04 -3.4989E-05 -4.7947E-10  2.8106E-09
  8.1561E-04 -3.5680E-05 -4.9050E-10  2.8753E-09
  8.2181E-04 -3.6385E-05 -5.0177E-10  2.9414E-09
  8.2805E-04 -3.7103E-05 -5.1330E-10  3.0089E-09
  8.3434E-04 -3.7835E-05 -5.2508E-10  3.0780E-09
  8.4068E-04 -3.8581E-05 -5.3713E-10  3.1486E-09
  8.4705E-04 -3.9341E-05 -5.4945E-10  3.2208E-09
  8.5348E-04 -4.0116E-05 -5.6204E-10  3.2946E-09
  8.5994E-04 -4.0906E-05 -5.7491E-10  3.3701E-09
  8.6645E-04 -4.1711E-05 -5.8807E-10  3.4472E-09
  8.7301E-04 -4.2532E-05 -6.0152E-10  3.5261E-09
  8.7962E-04 -4.3368E-05 -6.1528E-10  3.6067E-09
  8.8626E-04 -4.4220E-05 -6.2934E-10  3.6891E-09
  8.9296E-04 -4.5089E-05 -6.4371E-10  3.7734E-09
  8.9970E-04 -4.5974E-05 -6.5840E-10  3.8595E-09
  9.0649E-04 -4.6876E-05 -6.7342E-10  3.9476E-09
  9.1333E-04 -4.7795E-05 -6.8878E-10  4.0376E-09
  9.2022E-04 -4.8732E-05 -7.0447E-10  4.1296E-09
  9.2715E-04 -4.9687E-05 -7.2052E-10  4.2236E-09
  9.3413E-04 -5.0660E-05 -7.3692E-10  4.3198E-09
  9.4117E-04 -5.1652E-05 -7.5368E-10  4.4181E-09
  9.4825E-04 -5.2662E-05 -7.7082E-10  4.5185E-09
  9.5538E-04 -5.3693E-05 -7.8834E-10  4.6212E-09
  9.6256E-04 -5.4742E-05 -8.0625E-10  4.7262E-09
  9.6979E-04 -5.5812E-05 -8.2455E-10  4.8335E-09
  9.7707E-04 -5.6902E-05 -8.4327E-10  4.9432E-09
  9.8440E-04 -5.8013E-05 -8.6239E-10  5.0553E-09
  9.9178E-04 -5.9145E-05 -8.8194E-10  5.1699E-09
  9.9922E-04 -6.0299E-05 -9.0192E-10  5.2870E-09
  1.0067E-03 -6.1475E-05 -9.2235E-10  5.4068E-09
  1.0142E-03 -6.2673E-05 -9.4323E-10  5.5292E-09
  1.0218E-03 -6.3894E-05 -9.6457E-10  5.6543E-09
  1.0295E-03 -6.5138E-05 -9.8638E-10  5.7821E-09
  1.0372E-03 -6.6407E-05 -1.0087E-09  5.9128E-09
  1.0449E-03 -6.7699E-05 -1.0315E-09  6.0464E-09
  1.0527E-03 -6.9016E-05 -1.0548E-09  6.1829E-09
  1.0606E-03 -7.0358E-05 -1.0786E-09  6.3225E-09
  1.0685E-03 -7.1725E-05 -1.1029E-09  6.4651E-09
  1.0765E-03 -7.3119E-05 -1.1278E-09  6.6109E-09
  1.0845E-03 -7.4539E-05 -1.1532E-09  6.7599E-09
  1.0926E-03 -7.5986E-05 -1.1792E-09  6.9122E-09
  1.1007E-03 -7.7460E-05 -1.2057E-09  7.0678E-09
  1.1089E-03 -7.8963E-05 -1.2329E-09  7.2269E-09
  1.1172E-03 -8.0494E-05 -1.2606E-09  7.3895E-09
  1.1255E-03 -8.2055E-05 -1.2889E-09  7.5557E-09
  1.1339E-03 -8.3645E-05 -1.3179E-09  7.7255E-09
  1.1423E-03 -8.5265E-05 -1.3475E-09  7.8991E-09
  1.1508E-03 -8.6916E-05 -1.3778E-09  8.0765E-09
  1.1593E-03 -8.8598E-05 -1.4087E-09  8.2578E-09
  1.1679E-03 -9.0313E-05 -1.4403E-09  8.4431E-09
  1.1766E-03 -9.2060E-05 -1.4726E-09  8.6325E-09
  1.1853E-03 -9.3840E-05 -1.5056E-09  8.8260E-09
  1.1941E-03 -9.5653E-05 -1.5394E-09  9.0238E-09
  1.2030E-03 -9.7502E-05 -1.5739E-09  9.2260E-09
  1.2119E-03 -9.9385E-05 -1.6091E-09  9.4326E-09
  1.2209E-03 -1.0130E-04 -1.6451E-09  9.6437E-09
  1.2299E-03 -1.0326E-04 -1.6819E-09  9.8595E-09
  1.2390E-03 -1.0525E-04 -1.7196E-09  1.0080E-08
  1.2482E-03 -1.0728E-04 -1.7580E-09  1.0305E-08
  1.2574E-03 -1.0935E-04 -1.7973E-09  1.0536E-08
  1.2667E-03 -1.1146E-04 -1.8374E-09  1.0771E-08
  1.2761E-03 -1.1361E-04 -1.8785E-09  1.1011E-08
  1.2855E-03 -1.1580E-04 -1.9204E-09  1.1257E-08
  1.2950E-03 -1.1803E-04 -1.9632E-09  1.1508E-08
  1.3045E-03 -1.2030E-04 -2.0070E-09  1.1765E-08
  1.3142E-03 -1.2261E-04 -2.0518E-09  1.2027E-08
  1.3238E-03 -1.2497E-04 -2.0975E-09  1.2295E-08
  1.3336E-03 -1.2738E-04 -2.1442E-09  1.2569E-08
  1.3434E-03 -1.2983E-04 -2.1920E-09  1.2849E-08
  1.3533E-03 -1.3232E-04 -2.2408E-09  1.3135E-08
  1.3633E-03 -1.3487E-04 -2.2906E-09  1.3428E-08
  1.3733E-03 -1.3746E-04 -2.3416E-09  1.3726E-08
  1.3834E-03 -1.4010E-04 -2.3937E-09  1.4032E-08
  1.3936E-03 -1.4279E-04 -2.4469E-09  1.4344E-08
  1.4039E-03 -1.4553E-04 -2.5013E-09  1.4662E-08
  1.4142E-03 -1.4832E-04 -2.5568E-09  1.4988E-08
  1.4246E-03 -1.5117E-04 -2.6136E-09  1.5321E-08
  1.4350E-03 -1.5407E-04 -2.6716E-09  1.5661E-08
  1.4456E-03 -1.5702E-04 -2.7309E-09  1.6008E-08
  1.4562E-03 -1.6003E-04 -2.7915E-09  1.6364E-08
  1.4669E-03 -1.6310E-04 -2.8534E-09  1.6726E-08
  1.4776E-03 -1.6622E-04 -2.9166E-09  1.7097E-08
  1.4885E-03 -1.6941E-04 -2.9813E-09  1.7476E-08
  1.4994E-03 -1.7265E-04 -3.0473E-09  1.7863E-08
  1.5104E-03 -1.7595E-04 -3.1148E-09  1.8259E-08
  1.5214E-03 -1.7932E-04 -3.1837E-09  1.8663E-08
  1.5326E-03 -1.8275E-04 -3.2542E-09  1.9076E-08
  1.5438E-03 -1.8625E-04 -3.3262E-09  1.9498E-08
  1.5551E-03 -1.8981E-04 -3.3998E-09  1.9929E-08
  1.5665E-03 -1.9344E-04 -3.4749E-09  2.0370E-08
  1.5779E-03 -1.9714E-04 -3.5517E-09  2.0820E-08
  1.5895E-03 -2.0090E-04 -3.6302E-09  2.1280E-08
  1.6011E-03 -2.0474E-04 -3.7104E-09  2.1750E-08
  1.6128E-03 -2.0865E-04 -3.7923E-09  2.2231E-08
  1.6246E-03 -2.1264E-04 -3.8760E-09  2.2721E-08
  1.6364E-03 -2.1669E-04 -3.9616E-09  2.3223E-08
  1.6484E-03 -2.2083E-04 -4.0490E-09  2.3735E-08
  1.6604E-03 -2.2504E-04 -4.1383E-09  2.4259E-08
  1.6725E-03 -2.2934E-04 -4.2295E-09  2.4793E-08
  1.6847E-03 -2.3371E-04 -4.3227E-09  2.5340E-08
  1.6970E-03 -2.3817E-04 -4.4180E-09  2.5898E-08
  1.7094E-03 -2.4271E-04 -4.5153E-09  2.6469E-08
  1.7218E-03 -2.4733E-04 -4.6148E-09  2.7052E-08
  1.7344E-03 -2.5204E-04 -4.7164E-09  2.7647E-08
  1.7470E-03 -2.5684E-04 -4.8202E-09  2.8256E-08
  1.7597E-03 -2.6174E-04 -4.9262E-09  2.8878E-08
  1.7725E-03 -2.6672E-04 -5.0346E-09  2.9513E-08
  1.7854E-03 -2.7180E-04 -5.1453E-09  3.0162E-08
  1.7984E-03 -2.7697E-04 -5.2584E-09  3.0825E-08
  1.8115E-03 -2.8224E-04 -5.3740E-09  3.1502E-08
  1.8247E-03 -2.8761E-04 -5.4921E-09  3.2195E-08
  1.8379E-03 -2.9308E-04 -5.6127E-09  3.2902E-08
  1.8513E-03 -2.9865E-04 -5.7360E-09  3.3624E-08
  1.8647E-03 -3.0433E-04 -5.8619E-09  3.4363E-08
  1.8783E-03 -3.1011E-04 -5.9906E-09  3.5117E-08
  1.8919E-03 -3.1600E-04 -6.1220E-09  3.5887E-08
  1.9057E-03 -3.2201E-04 -6.2563E-09  3.6675E-08
  1.9195E-03 -3.2812E-04 -6.3936E-09  3.7479E-08
  1.9334E-03 -3.3435E-04 -6.5337E-09  3.8301E-08
  1.9474E-03 -3.4070E-04 -6.6770E-09  3.9140E-08
  1.9616E-03 -3.4717E-04 -6.8233E-09  3.9998E-08
  1.9758E-03 -3.5375E-04 -6.9728E-09  4.0875E-08
  1.9901E-03 -3.6047E-04 -7.1255E-09  4.1770E-08
  2.0045E-03 -3.6730E-04 -7.2816E-09  4.2685E-08
  2.0191E-03 -3.7427E-04 -7.4410E-09  4.3619E-08
  2.0337E-03 -3.8137E-04 -7.6038E-09  4.4574E-08
  2.0484E-03 -3.8860E-04 -7.7702E-09  4.5549E-08
  2.0632E-03 -3.9596E-04 -7.9402E-09  4.6546E-08
  2.0782E-03 -4.0346E-04 -8.1139E-09  4.7564E-08
  2.0932E-03 -4.1111E-04 -8.2913E-09  4.8604E-08
  2.1084E-03 -4.1889E-04 -8.4726E-09  4.9666E-08
  2.1236E-03 -4.2683E-04 -8.6577E-09  5.0752E-08
  2.1390E-03 -4.3491E-04 -8.8469E-09  5.1861E-08
  2.1544E-03 -4.4314E-04 -9.0402E-09  5.2994E-08
  2.1700E-03 -4.5153E-04 -9.2376E-09  5.4151E-08
  2.1857E-03 -4.6007E-04 -9.4393E-09  5.5334E-08
  2.2015E-03 -4.6878E-04 -9.6454E-09  5.6542E-08
  2.2174E-03 -4.7764E-04 -9.8559E-09  5.7776E-08
  2.2334E-03 -4.8668E-04 -1.0071E-08  5.9037E-08
  2.2495E-03 -4.9588E-04 -1.0291E-08  6.0325E-08
  2.2657E-03 -5.0525E-04 -1.0515E-08  6.1640E-08
  2.2821E-03 -5.1480E-04 -1.0744E-08  6.2985E-08
  2.2986E-03 -5.2453E-04 -1.0979E-08  6.4358E-08
  2.3151E-03 -5.3444E-04 -1.1218E-08  6.5761E-08
  2.3318E-03 -5.4453E-04 -1.1462E-08  6.7194E-08
  2.3487E-03 -5.5482E-04 -1.1712E-08  6.8658E-08
  2.3656E-03 -5.6529E-04 -1.1967E-08  7.0153E-08
  2.3826E-03 -5.7596E-04 -1.2228E-08  7.1681E-08
  2.3998E-03 -5.8683E-04 -1.2494E-08  7.3242E-08
  2.4171E-03 -5.9791E-04 -1.2766E-08  7.4837E-08
  2.4345E-03 -6.0919E-04 -1.3044E-08  7.6465E-08
  2.4520E-03 -6.2068E-04 -1.3328E-08  7.8129E-08
  2.4697E-03 -6.3238E-04 -1.3618E-08  7.9829E-08
  2.4875E-03 -6.4431E-04 -1.3914E-08  8.1566E-08
  2.5054E-03 -6.5645E-04 -1.4217E-08  8.3340E-08
  2.5234E-03 -6.6883E-04 -1.4526E-08  8.5152E-08
  2.5416E-03 -6.8143E-04 -1.4842E-08  8.7003E-08
  2.5598E-03 -6.9427E-04 -1.5164E-08  8.8894E-08
  2.5783E-03 -7.0735E-04 -1.5494E-08  9.0826E-08
  2.5968E-03 -7.2067E-04 -1.5830E-08  9.2799E-08
  2.6155E-03 -7.3424E-04 -1.6174E-08  9.4815E-08
  2.6343E-03 -7.4806E-04 -1.6525E-08  9.6874E-08
  2.6532E-03 -7.6215E-04 -1.6884E-08  9.8977E-08
  2.6723E-03 -7.7649E-04 -1.7251E-08  1.0113E-07
  2.6915E-03 -7.9110E-04 -1.7625E-08  1.0332E-07
  2.7108E-03 -8.0598E-04 -1.8008E-08  1.0556E-07
  2.7302E-03 -8.2114E-04 -1.8399E-08  1.0785E-07
  2.7499E-03 -8.3658E-04 -1.8798E-08  1.1019E-07
  2.7696E-03 -8.5231E-04 -1.9205E-08  1.1258E-07
  2.7895E-03 -8.6833E-04 -1.9622E-08  1.1503E-07
  2.8095E-03 -8.8465E-04 -2.0047E-08  1.1752E-07
  2.8296E-03 -9.0127E-04 -2.0482E-08  1.2007E-07
  2.8499E-03 -9.1820E-04 -2.0926E-08  1.2267E-07
  2.8704E-03 -9.3545E-04 -2.1379E-08  1.2533E-07
  2.8910E-03 -9.5302E-04 -2.1843E-08  1.2804E-07
  2.9117E-03 -9.7091E-04 -2.2316E-08  1.3082E-07
  2.9326E-03 -9.8914E-04 -2.2799E-08  1.3365E-07
  2.9536E-03 -1.0077E-03 -2.3293E-08  1.3655E-07
  2.9748E-03 -1.0266E-03 -2.3797E-08  1.3950E-07
  2.9961E-03 -1.0459E-03 -2.4312E-08  1.4252E-07
  3.0175E-03 -1.0655E-03 -2.4839E-08  1.4561E-07
  3.0391E-03 -1.0855E-03 -2.5376E-08  1.4876E-07
  3.0609E-03 -1.1058E-03 -2.5925E-08  1.5198E-07
  3.0828E-03 -1.1266E-03 -2.6486E-08  1.5527E-07
  3.1049E-03 -1.1477E-03 -2.7059E-08  1.5862E-07
  3.1271E-03 -1.1692E-03 -2.7644E-08  1.6205E-07
  3.1495E-03 -1.1911E-03 -2.8242E-08  1.6556E-07
  3.1720E-03 -1.2134E-03 -2.8853E-08  1.6914E-07
  3.1947E-03 -1.2361E-03 -2.9476E-08  1.7279E-07
  3.2176E-03 -1.2592E-03 -3.0113E-08  1.7653E-07
  3.2406E-03 -1.2828E-03 -3.0764E-08  1.8034E-07
  3.2638E-03 -1.3068E-03 -3.1429E-08  1.8424E-07
  3.2871E-03 -1.3313E-03 -3.2108E-08  1.8822E-07
  3.3106E-03 -1.3562E-03 -3.2801E-08  1.9229E-07
  3.3343E-03 -1.3816E-03 -3.3510E-08  1.9644E-07
  3.3581E-03 -1.4074E-03 -3.4233E-08  2.0068E-07
  3.3821E-03 -1.4337E-03 -3.4972E-08  2.0502E-07
  3.4063E-03 -1.4605E-03 -3.5727E-08  2.0944E-07
  3.4306E-03 -1.4878E-03 -3.6499E-08  2.1396E-07
  3.4551E-03 -1.5156E-03 -3.7286E-08  2.1858E-07
  3.4798E-03 -1.5439E-03 -3.8091E-08  2.2330E-07
  3.5046E-03 -1.5727E-03 -3.8913E-08  2.2811E-07
  3.5297E-03 -1.6021E-03 -3.9752E-08  2.3304E-07
  3.5548E-03 -1.6320E-03 -4.0609E-08  2.3806E-07
  3.5802E-03 -1.6625E-03 -4.1485E-08  2.4320E-07
  3.6058E-03 -1.6935E-03 -4.2380E-08  2.4844E-07
  3.6315E-03 -1.7251E-03 -4.3293E-08  2.5380E-07
  3.6574E-03 -1.7573E-03 -4.4227E-08  2.5927E-07
  3.6835E-03 -1.7900E-03 -4.5180E-08  2.6486E-07
  3.7098E-03 -1.8234E-03 -4.6154E-08  2.7056E-07
  3.7362E-03 -1.8574E-03 -4.7148E-08  2.7640E-07
  3.7629E-03 -1.8920E-03 -4.8164E-08  2.8235E-07
  3.7897E-03 -1.9272E-03 -4.9202E-08  2.8843E-07
  3.8167E-03 -1.9631E-03 -5.0261E-08  2.9465E-07
  3.8439E-03 -1.9997E-03 -5.1344E-08  3.0099E-07
  3.8713E-03 -2.0369E-03 -5.2449E-08  3.0747E-07
  3.8989E-03 -2.0748E-03 -5.3579E-08  3.1409E-07
  3.9267E-03 -2.1134E-03 -5.4732E-08  3.2086E-07
  3.9547E-03 -2.1528E-03 -5.5910E-08  3.2776E-07
  3.9829E-03 -2.1928E-03 -5.7114E-08  3.3482E-07
  4.0112E-03 -2.2336E-03 -5.8343E-08  3.4202E-07
  4.0398E-03 -2.2751E-03 -5.9598E-08  3.4938E-07
  4.0686E-03 -2.3174E-03 -6.0881E-08  3.5690E-07
  4.0975E-03 -2.3604E-03 -6.2190E-08  3.6458E-07
  4.1267E-03 -2.4043E-03 -6.3528E-08  3.7242E-07
  4.1561E-03 -2.4489E-03 -6.4894E-08  3.8043E-07
  4.1857E-03 -2.4944E-03 -6.6290E-08  3.8861E-07
  4.2155E-03 -2.5407E-03 -6.7715E-08  3.9697E-07
  4.2455E-03 -2.5878E-03 -6.9171E-08  4.0550E-07
  4.2757E-03 -2.6359E-03 -7.0658E-08  4.1422E-07
  4.3061E-03 -2.6847E-03 -7.2177E-08  4.2313E-07
  4.3367E-03 -2.7345E-03 -7.3728E-08  4.3222E-07
  4.3676E-03 -2.7852E-03 -7.5312E-08  4.4151E-07
  4.3986E-03 -2.8368E-03 -7.6930E-08  4.5100E-07
  4.4299E-03 -2.8894E-03 -7.8583E-08  4.6069E-07
  4.4614E-03 -2.9429E-03 -8.0271E-08  4.7058E-07
  4.4931E-03 -2.9974E-03 -8.1995E-08  4.8069E-07
  4.5251E-03 -3.0529E-03 -8.3756E-08  4.9102E-07
  4.5572E-03 -3.1094E-03 -8.5555E-08  5.0156E-07
  4.5896E-03 -3.1669E-03 -8.7392E-08  5.1233E-07
  4.6222E-03 -3.2255E-03 -8.9268E-08  5.2333E-07
  4.6551E-03 -3.2852E-03 -9.1185E-08  5.3457E-07
  4.6881E-03 -3.3459E-03 -9.3142E-08  5.4604E-07
  4.7215E-03 -3.4077E-03 -9.5141E-08  5.5776E-07
  4.7550E-03 -3.4707E-03 -9.7183E-08  5.6973E-07
  4.7888E-03 -3.5348E-03 -9.9269E-08  5.8196E-07
  4.8228E-03 -3.6001E-03 -1.0140E-07  5.9445E-07
  4.8570E-03 -3.6665E-03 -1.0357E-07  6.0720E-07
  4.8915E-03 -3.7342E-03 -1.0580E-07  6.2023E-07
  4.9262E-03 -3.8031E-03 -1.0806E-07  6.3353E-07
  4.9612E-03 -3.8732E-03 -1.1038E-07  6.4712E-07
  4.9964E-03 -3.9446E-03 -1.1275E-07  6.6100E-07
  5.0319E-03 -4.0173E-03 -1.1517E-07  6.7517E-07
  5.0676E-03 -4.0913E-03 -1.1764E-07  6.8965E-07
  5.1036E-03 -4.1667E-03 -1.2016E-07  7.0444E-07
  5.1398E-03 -4.2434E-03 -1.2273E-07  7.1954E-07
  5.1763E-03 -4.3215E-03 -1.2537E-07  7.3496E-07
  5.2130E-03 -4.4011E-03 -1.2805E-07  7.5072E-07
  5.2500E-03 -4.4820E-03 -1.3080E-07  7.6681E-07
  5.2872E-03 -4.5644E-03 -1.3360E-07  7.8324E-07
  5.3247E-03 -4.6484E-03 -1.3646E-07  8.0002E-07
  5.3625E-03 -4.7338E-03 -1.3939E-07  8.1717E-07
  5.4005E-03 -4.8207E-03 -1.4237E-07  8.3467E-07
  5.4388E-03 -4.9093E-03 -1.4542E-07  8.5255E-07
  5.4773E-03 -4.9994E-03 -1.4854E-07  8.7081E-07
  5.5162E-03 -5.0911E-03 -1.5172E-07  8.8947E-07
  5.5553E-03 -5.1845E-03 -1.5497E-07  9.0851E-07
  5.5946E-03 -5.2796E-03 -1.5828E-07  9.2797E-07
  5.6343E-03 -5.3764E-03 -1.6167E-07  9.4784E-07
  5.6742E-03 -5.4749E-03 -1.6513E-07  9.6813E-07
  5.7144E-03 -5.5752E-03 -1.6867E-07  9.8886E-07
  5.7549E-03 -5.6773E-03 -1.7228E-07  1.0100E-06
  5.7957E-03 -5.7812E-03 -1.7597E-07  1.0316E-06
  5.8367E-03 -5.8870E-03 -1.7973E-07  1.0537E-06
  5.8781E-03 -5.9947E-03 -1.8358E-07  1.0763E-06
  5.9197E-03 -6.1043E-03 -1.8751E-07  1.0993E-06
  5.9617E-03 -6.2159E-03 -1.9152E-07  1.1228E-06
  6.0039E-03 -6.3294E-03 -1.9562E-07  1.1469E-06
  6.0464E-03 -6.4450E-03 -1.9980E-07  1.1714E-06
  6.0892E-03 -6.5627E-03 -2.0407E-07  1.1965E-06
  6.1323E-03 -6.6824E-03 -2.0844E-07  1.2220E-06
  6.1757E-03 -6.8043E-03 -2.1290E-07  1.2482E-06
  6.2194E-03 -6.9284E-03 -2.1745E-07  1.2749E-06
  6.2635E-03 -7.0546E-03 -2.2210E-07  1.3021E-06
  6.3078E-03 -7.1832E-03 -2.2685E-07  1.3300E-06
  6.3524E-03 -7.3140E-03 -2.3170E-07  1.3584E-06
  6.3974E-03 -7.4471E-03 -2.3665E-07  1.3875E-06
  6.4427E-03 -7.5826E-03 -2.4171E-07  1.4171E-06
  6.4883E-03 -7.7205E-03 -2.4688E-07  1.4474E-06
  6.5342E-03 -7.8608E-03 -2.5215E-07  1.4784E-06
  6.5804E-03 -8.0037E-03 -2.5754E-07  1.5100E-06
  6.6269E-03 -8.1490E-03 -2.6304E-07  1.5422E-06
  6.6738E-03 -8.2970E-03 -2.6867E-07  1.5752E-06
  6.7210E-03 -8.4475E-03 -2.7441E-07  1.6088E-06
  6.7686E-03 -8.6008E-03 -2.8027E-07  1.6432E-06
  6.8164E-03 -8.7567E-03 -2.8626E-07  1.6783E-06
  6.8646E-03 -8.9154E-03 -2.9237E-07  1.7142E-06
  6.9132E-03 -9.0769E-03 -2.9862E-07  1.7508E-06
  6.9620E-03 -9.2412E-03 -3.0499E-07  1.7882E-06
  7.0113E-03 -9.4084E-03 -3.1151E-07  1.8264E-06
  7.0608E-03 -9.5786E-03 -3.1816E-07  1.8654E-06
  7.1107E-03 -9.7517E-03 -3.2495E-07  1.9052E-06
  7.1610E-03 -9.9279E-03 -3.3189E-07  1.9459E-06
  7.2116E-03 -1.0107E-02 -3.3898E-07  1.9875E-06
  7.2626E-03 -1.0290E-02 -3.4621E-07  2.0299E-06
  7.3139E-03 -1.0475E-02 -3.5360E-07  2.0733E-06
  7.3656E-03 -1.0664E-02 -3.6115E-07  2.1175E-06
  7.4176E-03 -1.0856E-02 -3.6886E-07  2.1627E-06
  7.4701E-03 -1.1052E-02 -3.7673E-07  2.2089E-06
  7.5228E-03 -1.1251E-02 -3.8477E-07  2.2560E-06
  7.5760E-03 -1.1453E-02 -3.9298E-07  2.3042E-06
  7.6295E-03 -1.1659E-02 -4.0137E-07  2.3534E-06
  7.6834E-03 -1.1869E-02 -4.0993E-07  2.4036E-06
  7.7377E-03 -1.2082E-02 -4.1868E-07  2.4549E-06
  7.7923E-03 -1.2299E-02 -4.2761E-07  2.5073E-06
  7.8473E-03 -1.2520E-02 -4.3673E-07  2.5608E-06
  7.9028E-03 -1.2744E-02 -4.4605E-07  2.6154E-06
  7.9586E-03 -1.2973E-02 -4.5557E-07  2.6712E-06
  8.0148E-03 -1.3205E-02 -4.6528E-07  2.7282E-06
  8.0714E-03 -1.3442E-02 -4.7520E-07  2.7864E-06
  8.1283E-03 -1.3682E-02 -4.8534E-07  2.8458E-06
  8.1857E-03 -1.3927E-02 -4.9569E-07  2.9065E-06
  8.2435E-03 -1.4176E-02 -5.0626E-07  2.9685E-06
  8.3017E-03 -1.4429E-02 -5.1705E-07  3.0318E-06
  8.3603E-03 -1.4686E-02 -5.2808E-07  3.0964E-06
  8.4193E-03 -1.4948E-02 -5.3933E-07  3.1625E-06
  8.4787E-03 -1.5215E-02 -5.5083E-07  3.2299E-06
  8.5386E-03 -1.5486E-02 -5.6257E-07  3.2988E-06
  8.5988E-03 -1.5762E-02 -5.7456E-07  3.3691E-06
  8.6595E-03 -1.6042E-02 -5.8681E-07  3.4409E-06
  8.7206E-03 -1.6328E-02 -5.9932E-07  3.5142E-06
  8.7821E-03 -1.6618E-02 -6.1209E-07  3.5892E-06
  8.8441E-03 -1.6913E-02 -6.2513E-07  3.6657E-06
  8.9065E-03 -1.7213E-02 -6.3845E-07  3.7438E-06
  8.9693E-03 -1.7518E-02 -6.5205E-07  3.8236E-06
  9.0326E-03 -1.7829E-02 -6.6595E-07  3.9051E-06
  9.0963E-03 -1.8145E-02 -6.8013E-07  3.9883E-06
  9.1605E-03 -1.8466E-02 -6.9462E-07  4.0732E-06
  9.2251E-03 -1.8793E-02 -7.0942E-07  4.1600E-06
  9.2901E-03 -1.9125E-02 -7.2453E-07  4.2487E-06
  9.3557E-03 -1.9463E-02 -7.3996E-07  4.3392E-06
  9.4216E-03 -1.9806E-02 -7.5572E-07  4.4316E-06
  9.4881E-03 -2.0155E-02 -7.7182E-07  4.5260E-06
  9.5550E-03 -2.0511E-02 -7.8826E-07  4.6224E-06
  9.6223E-03 -2.0872E-02 -8.0504E-07  4.7209E-06
  9.6902E-03 -2.1239E-02 -8.2218E-07  4.8215E-06
  9.7585E-03 -2.1613E-02 -8.3969E-07  4.9241E-06
  9.8273E-03 -2.1993E-02 -8.5757E-07  5.0290E-06
  9.8966E-03 -2.2379E-02 -8.7582E-07  5.1361E-06
  9.9663E-03 -2.2771E-02 -8.9447E-07  5.2455E-06
  1.0037E-02 -2.3171E-02 -9.1351E-07  5.3572E-06
  1.0107E-02 -2.3577E-02 -9.3296E-07  5.4712E-06
  1.0179E-02 -2.3989E-02 -9.5281E-07  5.5877E-06
  1.0250E-02 -2.4409E-02 -9.7309E-07  5.7067E-06
  1.0323E-02 -2.4836E-02 -9.9380E-07  5.8282E-06
  1.0395E-02 -2.5269E-02 -1.0150E-06  5.9523E-06
  1.0469E-02 -2.5710E-02 -1.0366E-06  6.0790E-06
  1.0542E-02 -2.6158E-02 -1.0586E-06  6.2084E-06
  1.0617E-02 -2.6614E-02 -1.0811E-06  6.3405E-06
  1.0691E-02 -2.7077E-02 -1.1041E-06  6.4755E-06
  1.0767E-02 -2.7548E-02 -1.1276E-06  6.6133E-06
  1.0843E-02 -2.8027E-02 -1.1516E-06  6.7540E-06
  1.0919E-02 -2.8513E-02 -1.1761E-06  6.8977E-06
  1.0996E-02 -2.9008E-02 -1.2011E-06  7.0445E-06
  1.1073E-02 -2.9511E-02 -1.2267E-06  7.1944E-06
  1.1151E-02 -3.0022E-02 -1.2528E-06  7.3475E-06
  1.1230E-02 -3.0541E-02 -1.2794E-06  7.5038E-06
  1.1309E-02 -3.1069E-02 -1.3066E-06  7.6635E-06
  1.1389E-02 -3.1605E-02 -1.3344E-06  7.8265E-06
  1.1469E-02 -3.2151E-02 -1.3628E-06  7.9930E-06
  1.1550E-02 -3.2705E-02 -1.3918E-06  8.1631E-06
  1.1631E-02 -3.3268E-02 -1.4214E-06  8.3367E-06
  1.1713E-02 -3.3840E-02 -1.4516E-06  8.5141E-06
  1.1795E-02 -3.4422E-02 -1.4825E-06  8.6952E-06
  1.1878E-02 -3.5013E-02 -1.5140E-06  8.8801E-06
  1.1962E-02 -3.5613E-02 -1.5462E-06  9.0690E-06
  1.2046E-02 -3.6224E-02 -1.5791E-06  9.2618E-06
  1.2131E-02 -3.6844E-02 -1.6126E-06  9.4588E-06
  1.2216E-02 -3.7474E-02 -1.6469E-06  9.6600E-06
  1.2302E-02 -3.8114E-02 -1.6819E-06  9.8654E-06
  1.2389E-02 -3.8765E-02 -1.7177E-06  1.0075E-05
  1.2476E-02 -3.9426E-02 -1.7542E-06  1.0289E-05
  1.2564E-02 -4.0097E-02 -1.7914E-06  1.0508E-05
  1.2652E-02 -4.0779E-02 -1.8295E-06  1.0732E-05
  1.2741E-02 -4.1472E-02 -1.8684E-06  1.0960E-05
  1.2831E-02 -4.2176E-02 -1.9081E-06  1.1193E-05
  1.2921E-02 -4.2892E-02 -1.9486E-06  1.1431E-05
  1.3012E-02 -4.3618E-02 -1.9900E-06  1.1674E-05
  1.3104E-02 -4.4356E-02 -2.0323E-06  1.1922E-05
  1.3196E-02 -4.5106E-02 -2.0755E-06  1.2175E-05
  1.3289E-02 -4.5868E-02 -2.1196E-06  1.2434E-05
  1.3382E-02 -4.6641E-02 -2.1646E-06  1.2698E-05
  1.3477E-02 -4.7427E-02 -2.2106E-06  1.2968E-05
  1.3571E-02 -4.8225E-02 -2.2576E-06  1.3244E-05
  1.3667E-02 -4.9036E-02 -2.3055E-06  1.3525E-05
  1.3763E-02 -4.9859E-02 -2.3545E-06  1.3813E-05
  1.3860E-02 -5.0695E-02 -2.4045E-06  1.4106E-05
  1.3957E-02 -5.1544E-02 -2.4556E-06  1.4406E-05
  1.4056E-02 -5.2406E-02 -2.5077E-06  1.4712E-05
  1.4154E-02 -5.3281E-02 -2.5610E-06  1.5025E-05
  1.4254E-02 -5.4170E-02 -2.6154E-06  1.5344E-05
  1.4354E-02 -5.5073E-02 -2.6709E-06  1.5670E-05
  1.4455E-02 -5.5990E-02 -2.7276E-06  1.6003E-05
  1.4557E-02 -5.6920E-02 -2.7855E-06  1.6343E-05
  1.4659E-02 -5.7865E-02 -2.8447E-06  1.6690E-05
  1.4762E-02 -5.8825E-02 -2.9050E-06  1.7045E-05
  1.4866E-02 -5.9799E-02 -2.9667E-06  1.7407E-05
  1.4971E-02 -6.0788E-02 -3.0297E-06  1.7776E-05
  1.5076E-02 -6.1792E-02 -3.0940E-06  1.8154E-05
  1.5182E-02 -6.2811E-02 -3.1597E-06  1.8540E-05
  1.5289E-02 -6.3845E-02 -3.2268E-06  1.8933E-05
  1.5396E-02 -6.4895E-02 -3.2952E-06  1.9335E-05
  1.5505E-02 -6.5961E-02 -3.3652E-06  1.9746E-05
  1.5614E-02 -6.7043E-02 -3.4366E-06  2.0165E-05
  1.5723E-02 -6.8141E-02 -3.5095E-06  2.0594E-05
  1.5834E-02 -6.9256E-02 -3.5840E-06  2.1031E-05
  1.5945E-02 -7.0387E-02 -3.6601E-06  2.1478E-05
  1.6057E-02 -7.1535E-02 -3.7377E-06  2.1934E-05
  1.6170E-02 -7.2700E-02 -3.8170E-06  2.2399E-05
  1.6284E-02 -7.3882E-02 -3.8980E-06  2.2875E-05
  1.6398E-02 -7.5082E-02 -3.9807E-06  2.3361E-05
  1.6514E-02 -7.6299E-02 -4.0652E-06  2.3857E-05
  1.6630E-02 -7.7534E-02 -4.1514E-06  2.4363E-05
  1.6747E-02 -7.8787E-02 -4.2395E-06  2.4880E-05
  1.6864E-02 -8.0059E-02 -4.3294E-06  2.5408E-05
  1.6983E-02 -8.1349E-02 -4.4212E-06  2.5948E-05
  1.7102E-02 -8.2657E-02 -4.5150E-06  2.6499E-05
  1.7222E-02 -8.3985E-02 -4.6108E-06  2.7061E-05
  1.7343E-02 -8.5332E-02 -4.7086E-06  2.7636E-05
  1.7465E-02 -8.6698E-02 -4.8084E-06  2.8222E-05
  1.7588E-02 -8.8084E-02 -4.9104E-06  2.8821E-05
  1.7712E-02 -8.9489E-02 -5.0145E-06  2.9433E-05
  1.7836E-02 -9.0915E-02 -5.1209E-06  3.0058E-05
  1.7961E-02 -9.2361E-02 -5.2294E-06  3.0696E-05
  1.8088E-02 -9.3828E-02 -5.3403E-06  3.1347E-05
  1.8215E-02 -9.5315E-02 -5.4535E-06  3.2012E-05
  1.8343E-02 -9.6823E-02 -5.5692E-06  3.2692E-05
  1.8472E-02 -9.8352E-02 -5.6872E-06  3.3385E-05
  1.8601E-02 -9.9903E-02 -5.8078E-06  3.4094E-05
  1.8732E-02 -1.0148E-01 -5.9309E-06  3.4817E-05
  1.8864E-02 -1.0307E-01 -6.0566E-06  3.5556E-05
  1.8996E-02 -1.0469E-01 -6.1850E-06  3.6310E-05
  1.9130E-02 -1.0632E-01 -6.3161E-06  3.7081E-05
  1.9264E-02 -1.0799E-01 -6.4500E-06  3.7867E-05
  1.9399E-02 -1.0967E-01 -6.5867E-06  3.8671E-05
  1.9536E-02 -1.1138E-01 -6.7263E-06  3.9491E-05
  1.9673E-02 -1.1311E-01 -6.8688E-06  4.0329E-05
  1.9811E-02 -1.1486E-01 -7.0144E-06  4.1185E-05
  1.9950E-02 -1.1664E-01 -7.1630E-06  4.2058E-05
  2.0090E-02 -1.1844E-01 -7.3148E-06  4.2950E-05
  2.0231E-02 -1.2027E-01 -7.4698E-06  4.3861E-05
  2.0373E-02 -1.2212E-01 -7.6280E-06  4.4792E-05
  2.0517E-02 -1.2399E-01 -7.7896E-06  4.5742E-05
  2.0661E-02 -1.2589E-01 -7.9547E-06  4.6712E-05
  2.0806E-02 -1.2782E-01 -8.1232E-06  4.7703E-05
  2.0952E-02 -1.2977E-01 -8.2953E-06  4.8715E-05
  2.1099E-02 -1.3174E-01 -8.4710E-06  4.9748E-05
  2.1247E-02 -1.3374E-01 -8.6504E-06  5.0803E-05
  2.1396E-02 -1.3577E-01 -8.8336E-06  5.1880E-05
  2.1547E-02 -1.3782E-01 -9.0207E-06  5.2980E-05
  2.1698E-02 -1.3990E-01 -9.2117E-06  5.4104E-05
  2.1850E-02 -1.4201E-01 -9.4068E-06  5.5251E-05
  2.2004E-02 -1.4415E-01 -9.6060E-06  5.6423E-05
  2.2158E-02 -1.4631E-01 -9.8094E-06  5.7619E-05
  2.2314E-02 -1.4850E-01 -1.0017E-05  5.8841E-05
  2.2470E-02 -1.5071E-01 -1.0229E-05  6.0088E-05
  2.2628E-02 -1.5296E-01 -1.0446E-05  6.1363E-05
  2.2787E-02 -1.5523E-01 -1.0667E-05  6.2664E-05
  2.2947E-02 -1.5753E-01 -1.0893E-05  6.3992E-05
  2.3108E-02 -1.5986E-01 -1.1123E-05  6.5349E-05
  2.3270E-02 -1.6221E-01 -1.1359E-05  6.6734E-05
  2.3434E-02 -1.6460E-01 -1.1599E-05  6.8149E-05
  2.3598E-02 -1.6702E-01 -1.1845E-05  6.9593E-05
  2.3764E-02 -1.6946E-01 -1.2095E-05  7.1069E-05
  2.3931E-02 -1.7193E-01 -1.2351E-05  7.2575E-05
  2.4099E-02 -1.7444E-01 -1.2613E-05  7.4114E-05
  2.4268E-02 -1.7697E-01 -1.2880E-05  7.5685E-05
  2.4438E-02 -1.7954E-01 -1.3152E-05  7.7289E-05
  2.4610E-02 -1.8213E-01 -1.3431E-05  7.8927E-05
  2.4783E-02 -1.8475E-01 -1.3715E-05  8.0600E-05
  2.4957E-02 -1.8741E-01 -1.4005E-05  8.2308E-05
  2.5132E-02 -1.9010E-01 -1.4301E-05  8.4052E-05
  2.5308E-02 -1.9281E-01 -1.4604E-05  8.5834E-05
  2.5486E-02 -1.9556E-01 -1.4913E-05  8.7653E-05
  2.5665E-02 -1.9834E-01 -1.5228E-05  8.9510E-05
  2.5845E-02 -2.0115E-01 -1.5550E-05  9.1407E-05
  2.6026E-02 -2.0399E-01 -1.5879E-05  9.3344E-05
  2.6209E-02 -2.0687E-01 -1.6215E-05  9.5322E-05
  2.6393E-02 -2.0977E-01 -1.6558E-05  9.7342E-05
  2.6578E-02 -2.1271E-01 -1.6908E-05  9.9404E-05
  2.6764E-02 -2.1568E-01 -1.7266E-05  1.0151E-04
  2.6952E-02 -2.1868E-01 -1.7631E-05  1.0366E-04
  2.7141E-02 -2.2172E-01 -1.8004E-05  1.0586E-04
  2.7332E-02 -2.2479E-01 -1.8384E-05  1.0810E-04
  2.7524E-02 -2.2789E-01 -1.8773E-05  1.1039E-04
  2.7717E-02 -2.3102E-01 -1.9170E-05  1.1273E-04
  2.7911E-02 -2.3419E-01 -1.9575E-05  1.1512E-04
  2.8107E-02 -2.3738E-01 -1.9989E-05  1.1756E-04
  2.8304E-02 -2.4062E-01 -2.0411E-05  1.2005E-04
  2.8503E-02 -2.4388E-01 -2.0843E-05  1.2259E-04
  2.8703E-02 -2.4718E-01 -2.1283E-05  1.2519E-04
  2.8904E-02 -2.5051E-01 -2.1733E-05  1.2784E-04
  2.9107E-02 -2.5387E-01 -2.2192E-05  1.3055E-04
  2.9311E-02 -2.5727E-01 -2.2661E-05  1.3331E-04
  2.9517E-02 -2.6070E-01 -2.3140E-05  1.3613E-04
  2.9724E-02 -2.6417E-01 -2.3629E-05  1.3902E-04
  2.9933E-02 -2.6767E-01 -2.4128E-05  1.4196E-04
  3.0143E-02 -2.7120E-01 -2.4638E-05  1.4497E-04
  3.0354E-02 -2.7476E-01 -2.5158E-05  1.4804E-04
  3.0567E-02 -2.7836E-01 -2.5689E-05  1.5117E-04
  3.0781E-02 -2.8199E-01 -2.6232E-05  1.5438E-04
  3.0997E-02 -2.8565E-01 -2.6786E-05  1.5764E-04
  3.1215E-02 -2.8935E-01 -2.7352E-05  1.6098E-04
  3.1434E-02 -2.9308E-01 -2.7929E-05  1.6439E-04
  3.1654E-02 -2.9685E-01 -2.8519E-05  1.6787E-04
  3.1876E-02 -3.0064E-01 -2.9121E-05  1.7143E-04
  3.2100E-02 -3.0447E-01 -2.9736E-05  1.7506E-04
  3.2325E-02 -3.0834E-01 -3.0364E-05  1.7876E-04
  3.2552E-02 -3.1223E-01 -3.1005E-05  1.8255E-04
  3.2780E-02 -3.1616E-01 -3.1659E-05  1.8641E-04
  3.3010E-02 -3.2012E-01 -3.2327E-05  1.9036E-04
  3.3242E-02 -3.2411E-01 -3.3010E-05  1.9439E-04
  3.3475E-02 -3.2814E-01 -3.3706E-05  1.9850E-04
  3.3710E-02 -3.3220E-01 -3.4418E-05  2.0271E-04
  3.3946E-02 -3.3628E-01 -3.5144E-05  2.0700E-04
  3.4184E-02 -3.4040E-01 -3.5885E-05  2.1138E-04
  3.4424E-02 -3.4455E-01 -3.6642E-05  2.1585E-04
  3.4665E-02 -3.4874E-01 -3.7415E-05  2.2042E-04
  3.4908E-02 -3.5295E-01 -3.8205E-05  2.2509E-04
  3.5153E-02 -3.5719E-01 -3.9011E-05  2.2985E-04
  3.5400E-02 -3.6147E-01 -3.9833E-05  2.3472E-04
  3.5648E-02 -3.6577E-01 -4.0673E-05  2.3968E-04
  3.5898E-02 -3.7010E-01 -4.1531E-05  2.4476E-04
  3.6150E-02 -3.7446E-01 -4.2407E-05  2.4994E-04
  3.6403E-02 -3.7885E-01 -4.3301E-05  2.5523E-04
  3.6659E-02 -3.8327E-01 -4.4214E-05  2.6063E-04
  3.6916E-02 -3.8772E-01 -4.5146E-05  2.6614E-04
  3.7174E-02 -3.9219E-01 -4.6098E-05  2.7177E-04
  3.7435E-02 -3.9669E-01 -4.7069E-05  2.7752E-04
  3.7698E-02 -4.0122E-01 -4.8061E-05  2.8340E-04
  3.7962E-02 -4.0578E-01 -4.9074E-05  2.8939E-04
  3.8228E-02 -4.1036E-01 -5.0108E-05  2.9552E-04
  3.8496E-02 -4.1496E-01 -5.1164E-05  3.0177E-04
  3.8766E-02 -4.1959E-01 -5.2242E-05  3.0815E-04
  3.9038E-02 -4.2425E-01 -5.3342E-05  3.1467E-04
  3.9312E-02 -4.2892E-01 -5.4466E-05  3.2133E-04
  3.9587E-02 -4.3362E-01 -5.5613E-05  3.2813E-04
  3.9865E-02 -4.3834E-01 -5.6784E-05  3.3507E-04
  4.0145E-02 -4.4309E-01 -5.7980E-05  3.4216E-04
  4.0426E-02 -4.4785E-01 -5.9201E-05  3.4939E-04
  4.0709E-02 -4.5264E-01 -6.0447E-05  3.5678E-04
  4.0995E-02 -4.5744E-01 -6.1720E-05  3.6433E-04
  4.1282E-02 -4.6226E-01 -6.3019E-05  3.7204E-04
  4.1572E-02 -4.6710E-01 -6.4346E-05  3.7991E-04
  4.1863E-02 -4.7196E-01 -6.5700E-05  3.8794E-04
  4.2157E-02 -4.7683E-01 -6.7082E-05  3.9614E-04
  4.2452E-02 -4.8172E-01 -6.8494E-05  4.0452E-04
  4.2750E-02 -4.8663E-01 -6.9935E-05  4.1308E-04
  4.3050E-02 -4.9154E-01 -7.1406E-05  4.2181E-04
  4.3351E-02 -4.9647E-01 -7.2908E-05  4.3073E-04
  4.3655E-02 -5.0142E-01 -7.4442E-05  4.3984E-04
  4.3961E-02 -5.0637E-01 -7.6007E-05  4.4914E-04
  4.4269E-02 -5.1133E-01 -7.7605E-05  4.5864E-04
  4.4580E-02 -5.1630E-01 -7.9237E-05  4.6833E-04
  4.4892E-02 -5.2128E-01 -8.0903E-05  4.7823E-04
  4.5207E-02 -5.2626E-01 -8.2604E-05  4.8835E-04
  4.5524E-02 -5.3125E-01 -8.4340E-05  4.9867E-04
  4.5843E-02 -5.3625E-01 -8.6112E-05  5.0921E-04
  4.6164E-02 -5.4125E-01 -8.7922E-05  5.1998E-04
  4.6488E-02 -5.4624E-01 -8.9769E-05  5.3097E-04
  4.6814E-02 -5.5124E-01 -9.1655E-05  5.4219E-04
  4.7142E-02 -5.5624E-01 -9.3580E-05  5.5365E-04
  4.7473E-02 -5.6124E-01 -9.5545E-05  5.6535E-04
  4.7805E-02 -5.6624E-01 -9.7552E-05  5.7730E-04
  4.8140E-02 -5.7122E-01 -9.9600E-05  5.8950E-04
  4.8478E-02 -5.7621E-01 -1.0169E-04  6.0196E-04
  4.8818E-02 -5.8118E-01 -1.0383E-04  6.1468E-04
  4.9160E-02 -5.8615E-01 -1.0601E-04  6.2767E-04
  4.9504E-02 -5.9111E-01 -1.0823E-04  6.4094E-04
  4.9851E-02 -5.9605E-01 -1.1050E-04  6.5448E-04
  5.0201E-02 -6.0098E-01 -1.1282E-04  6.6831E-04
  5.0553E-02 -6.0590E-01 -1.1519E-04  6.8243E-04
  5.0907E-02 -6.1080E-01 -1.1760E-04  6.9685E-04
  5.1264E-02 -6.1568E-01 -1.2007E-04  7.1157E-04
  5.1623E-02 -6.2054E-01 -1.2259E-04  7.2660E-04
  5.1985E-02 -6.2538E-01 -1.2516E-04  7.4195E-04
  5.2349E-02 -6.3019E-01 -1.2778E-04  7.5762E-04
  5.2716E-02 -6.3498E-01 -1.3046E-04  7.7363E-04
  5.3086E-02 -6.3975E-01 -1.3319E-04  7.8997E-04
  5.3458E-02 -6.4448E-01 -1.3598E-04  8.0665E-04
  5.3832E-02 -6.4919E-01 -1.3883E-04  8.2369E-04
  5.4209E-02 -6.5386E-01 -1.4174E-04  8.4109E-04
  5.4589E-02 -6.5849E-01 -1.4471E-04  8.5885E-04
  5.4972E-02 -6.6309E-01 -1.4774E-04  8.7699E-04
  5.5357E-02 -6.6766E-01 -1.5083E-04  8.9551E-04
  5.5745E-02 -6.7218E-01 -1.5399E-04  9.1442E-04
  5.6136E-02 -6.7666E-01 -1.5721E-04  9.3373E-04
  5.6529E-02 -6.8109E-01 -1.6050E-04  9.5344E-04
  5.6925E-02 -6.8548E-01 -1.6386E-04  9.7357E-04
  5.7324E-02 -6.8982E-01 -1.6728E-04  9.9412E-04
  5.7726E-02 -6.9410E-01 -1.7078E-04  1.0151E-03
  5.8131E-02 -6.9834E-01 -1.7435E-04  1.0365E-03
  5.8538E-02 -7.0252E-01 -1.7800E-04  1.0584E-03
  5.8948E-02 -7.0664E-01 -1.8172E-04  1.0808E-03
  5.9361E-02 -7.1070E-01 -1.8551E-04  1.1036E-03
  5.9777E-02 -7.1470E-01 -1.8939E-04  1.1269E-03
  6.0196E-02 -7.1863E-01 -1.9335E-04  1.1506E-03
  6.0618E-02 -7.2250E-01 -1.9739E-04  1.1749E-03
  6.1043E-02 -7.2630E-01 -2.0151E-04  1.1997E-03
  6.1470E-02 -7.3002E-01 -2.0571E-04  1.2250E-03
  6.1901E-02 -7.3367E-01 -2.1001E-04  1.2509E-03
  6.2335E-02 -7.3724E-01 -2.1439E-04  1.2773E-03
  6.2772E-02 -7.4074E-01 -2.1886E-04  1.3042E-03
  6.3211E-02 -7.4415E-01 -2.2343E-04  1.3317E-03
  6.3654E-02 -7.4748E-01 -2.2809E-04  1.3598E-03
  6.4100E-02 -7.5072E-01 -2.3284E-04  1.3885E-03
  6.4550E-02 -7.5387E-01 -2.3770E-04  1.4178E-03
  6.5002E-02 -7.5693E-01 -2.4265E-04  1.4477E-03
  6.5457E-02 -7.5989E-01 -2.4770E-04  1.4783E-03
  6.5916E-02 -7.6276E-01 -2.5286E-04  1.5094E-03
  6.6378E-02 -7.6553E-01 -2.5813E-04  1.5413E-03
  6.6843E-02 -7.6819E-01 -2.6350E-04  1.5738E-03
  6.7311E-02 -7.7075E-01 -2.6899E-04  1.6069E-03
  6.7783E-02 -7.7320E-01 -2.7459E-04  1.6408E-03
  6.8258E-02 -7.7553E-01 -2.8030E-04  1.6754E-03
  6.8736E-02 -7.7776E-01 -2.8613E-04  1.7107E-03
  6.9218E-02 -7.7986E-01 -2.9208E-04  1.7468E-03
  6.9703E-02 -7.8185E-01 -2.9815E-04  1.7836E-03
  7.0191E-02 -7.8371E-01 -3.0435E-04  1.8212E-03
  7.0683E-02 -7.8545E-01 -3.1067E-04  1.8596E-03
  7.1178E-02 -7.8706E-01 -3.1712E-04  1.8988E-03
  7.1677E-02 -7.8854E-01 -3.2371E-04  1.9388E-03
  7.2179E-02 -7.8989E-01 -3.3043E-04  1.9797E-03
  7.2684E-02 -7.9110E-01 -3.3729E-04  2.0214E-03
  7.3194E-02 -7.9217E-01 -3.4428E-04  2.0640E-03
  7.3706E-02 -7.9310E-01 -3.5142E-04  2.1075E-03
  7.4223E-02 -7.9388E-01 -3.5871E-04  2.1519E-03
  7.4743E-02 -7.9452E-01 -3.6615E-04  2.1972E-03
  7.5266E-02 -7.9500E-01 -3.7373E-04  2.2435E-03
  7.5794E-02 -7.9533E-01 -3.8148E-04  2.2907E-03
  7.6325E-02 -7.9550E-01 -3.8938E-04  2.3390E-03
  7.6859E-02 -7.9552E-01 -3.9744E-04  2.3882E-03
  7.7398E-02 -7.9537E-01 -4.0566E-04  2.4385E-03
  7.7940E-02 -7.9505E-01 -4.1406E-04  2.4898E-03
  7.8486E-02 -7.9457E-01 -4.2262E-04  2.5423E-03
  7.9036E-02 -7.9392E-01 -4.3136E-04  2.5958E-03
  7.9590E-02 -7.9309E-01 -4.4027E-04  2.6504E-03
  8.0147E-02 -7.9209E-01 -4.4937E-04  2.7062E-03
  8.0709E-02 -7.9091E-01 -4.5865E-04  2.7632E-03
  8.1274E-02 -7.8954E-01 -4.6812E-04  2.8213E-03
  8.1843E-02 -7.8799E-01 -4.7778E-04  2.8807E-03
  8.2417E-02 -7.8626E-01 -4.8764E-04  2.9413E-03
  8.2994E-02 -7.8433E-01 -4.9769E-04  3.0032E-03
  8.3575E-02 -7.8221E-01 -5.0795E-04  3.0664E-03
  8.4161E-02 -7.7990E-01 -5.1842E-04  3.1309E-03
  8.4750E-02 -7.7739E-01 -5.2910E-04  3.1967E-03
  8.5344E-02 -7.7468E-01 -5.3999E-04  3.2640E-03
  8.5942E-02 -7.7176E-01 -5.5110E-04  3.3326E-03
  8.6544E-02 -7.6864E-01 -5.6244E-04  3.4027E-03
  8.7150E-02 -7.6532E-01 -5.7401E-04  3.4742E-03
  8.7761E-02 -7.6178E-01 -5.8581E-04  3.5473E-03
  8.8375E-02 -7.5803E-01 -5.9784E-04  3.6218E-03
  8.8994E-02 -7.5407E-01 -6.1012E-04  3.6980E-03
  8.9618E-02 -7.4989E-01 -6.2265E-04  3.7757E-03
  9.0246E-02 -7.4549E-01 -6.3542E-04  3.8550E-03
  9.0878E-02 -7.4087E-01 -6.4846E-04  3.9360E-03
  9.1514E-02 -7.3602E-01 -6.6175E-04  4.0187E-03
  9.2155E-02 -7.3095E-01 -6.7531E-04  4.1032E-03
  9.2801E-02 -7.2566E-01 -6.8914E-04  4.1894E-03
  9.3451E-02 -7.2014E-01 -7.0325E-04  4.2774E-03
  9.4105E-02 -7.1438E-01 -7.1764E-04  4.3672E-03
  9.4764E-02 -7.0840E-01 -7.3231E-04  4.4589E-03
  9.5428E-02 -7.0218E-01 -7.4728E-04  4.5525E-03
  9.6097E-02 -6.9572E-01 -7.6255E-04  4.6481E-03
  9.6770E-02 -6.8903E-01 -7.7812E-04  4.7457E-03
  9.7448E-02 -6.8210E-01 -7.9400E-04  4.8453E-03
  9.8130E-02 -6.7493E-01 -8.1019E-04  4.9470E-03
  9.8817E-02 -6.6752E-01 -8.2671E-04  5.0508E-03
  9.9510E-02 -6.5987E-01 -8.4355E-04  5.1568E-03
  1.0021E-01 -6.5198E-01 -8.6073E-04  5.2650E-03
  1.0091E-01 -6.4384E-01 -8.7825E-04  5.3754E-03
  1.0162E-01 -6.3546E-01 -8.9611E-04  5.4882E-03
  1.0233E-01 -6.2683E-01 -9.1432E-04  5.6033E-03
  1.0304E-01 -6.1796E-01 -9.3290E-04  5.7208E-03
  1.0377E-01 -6.0884E-01 -9.5184E-04  5.8407E-03
  1.0449E-01 -5.9947E-01 -9.7115E-04  5.9631E-03
  1.0522E-01 -5.8986E-01 -9.9084E-04  6.0881E-03
  1.0596E-01 -5.8000E-01 -1.0109E-03  6.2157E-03
  1.0670E-01 -5.6990E-01 -1.0314E-03  6.3460E-03
  1.0745E-01 -5.5955E-01 -1.0523E-03  6.4789E-03
  1.0820E-01 -5.4895E-01 -1.0735E-03  6.6147E-03
  1.0896E-01 -5.3810E-01 -1.0952E-03  6.7532E-03
  1.0972E-01 -5.2701E-01 -1.1174E-03  6.8947E-03
  1.1049E-01 -5.1568E-01 -1.1399E-03  7.0390E-03
  1.1127E-01 -5.0409E-01 -1.1629E-03  7.1864E-03
  1.1205E-01 -4.9227E-01 -1.1863E-03  7.3368E-03
  1.1283E-01 -4.8020E-01 -1.2102E-03  7.4904E-03
  1.1362E-01 -4.6790E-01 -1.2346E-03  7.6472E-03
  1.1442E-01 -4.5535E-01 -1.2594E-03  7.8072E-03
  1.1522E-01 -4.4256E-01 -1.2847E-03  7.9705E-03
  1.1602E-01 -4.2954E-01 -1.3105E-03  8.1372E-03
  1.1684E-01 -4.1628E-01 -1.3368E-03  8.3074E-03
  1.1766E-01 -4.0279E-01 -1.3636E-03  8.4811E-03
  1.1848E-01 -3.8907E-01 -1.3909E-03  8.6584E-03
  1.1931E-01 -3.7511E-01 -1.4187E-03  8.8394E-03
  1.2014E-01 -3.6093E-01 -1.4471E-03  9.0241E-03
  1.2099E-01 -3.4653E-01 -1.4760E-03  9.2127E-03
  1.2183E-01 -3.3191E-01 -1.5054E-03  9.4051E-03
  1.2269E-01 -3.1706E-01 -1.5354E-03  9.6016E-03
  1.2355E-01 -3.0201E-01 -1.5660E-03  9.8021E-03
  1.2441E-01 -2.8673E-01 -1.5972E-03  1.0007E-02
  1.2528E-01 -2.7125E-01 -1.6289E-03  1.0216E-02
  1.2616E-01 -2.5557E-01 -1.6613E-03  1.0429E-02
  1.2704E-01 -2.3968E-01 -1.6943E-03  1.0647E-02
  1.2793E-01 -2.2360E-01 -1.7278E-03  1.0869E-02
  1.2883E-01 -2.0732E-01 -1.7621E-03  1.1095E-02
  1.2973E-01 -1.9085E-01 -1.7969E-03  1.1327E-02
  1.3064E-01 -1.7420E-01 -1.8324E-03  1.1563E-02
  1.3155E-01 -1.5736E-01 -1.8686E-03  1.1804E-02
  1.3248E-01 -1.4035E-01 -1.9055E-03  1.2050E-02
  1.3340E-01 -1.2317E-01 -1.9430E-03  1.2301E-02
  1.3434E-01 -1.0583E-01 -1.9812E-03  1.2557E-02
  1.3528E-01 -8.8318E-02 -2.0202E-03  1.2819E-02
  1.3623E-01 -7.0656E-02 -2.0598E-03  1.3086E-02
  1.3718E-01 -5.2844E-02 -2.1002E-03  1.3358E-02
  1.3814E-01 -3.4888E-02 -2.1414E-03  1.3636E-02
  1.3911E-01 -1.6795E-02 -2.1832E-03  1.3920E-02
  1.4008E-01  1.4293E-03 -2.2259E-03  1.4210E-02
  1.4106E-01  1.9779E-02 -2.2693E-03  1.4505E-02
  1.4205E-01  3.8247E-02 -2.3136E-03  1.4807E-02
  1.4304E-01  5.6827E-02 -2.3586E-03  1.5115E-02
  1.4405E-01  7.5513E-02 -2.4044E-03  1.5429E-02
  1.4506E-01  9.4296E-02 -2.4511E-03  1.5750E-02
  1.4607E-01  1.1317E-01 -2.4986E-03  1.6077E-02
  1.4709E-01  1.3213E-01 -2.5470E-03  1.6411E-02
  1.4812E-01  1.5116E-01 -2.5962E-03  1.6751E-02
  1.4916E-01  1.7026E-01 -2.6463E-03  1.7099E-02
  1.5021E-01  1.8942E-01 -2.6973E-03  1.7454E-02
  1.5126E-01  2.0864E-01 -2.7492E-03  1.7816E-02
  1.5232E-01  2.2790E-01 -2.8020E-03  1.8185E-02
  1.5338E-01  2.4719E-01 -2.8558E-03  1.8563E-02
  1.5446E-01  2.6651E-01 -2.9105E-03  1.8947E-02
  1.5554E-01  2.8585E-01 -2.9661E-03  1.9340E-02
  1.5663E-01  3.0520E-01 -3.0227E-03  1.9741E-02
  1.5772E-01  3.2455E-01 -3.0804E-03  2.0149E-02
  1.5883E-01  3.4389E-01 -3.1390E-03  2.0567E-02
  1.5994E-01  3.6321E-01 -3.1986E-03  2.0992E-02
  1.6106E-01  3.8251E-01 -3.2592E-03  2.1427E-02
  1.6219E-01  4.0177E-01 -3.3209E-03  2.1870E-02
  1.6332E-01  4.2098E-01 -3.3836E-03  2.2322E-02
  1.6447E-01  4.4014E-01 -3.4474E-03  2.2783E-02
  1.6562E-01  4.5923E-01 -3.5123E-03  2.3254E-02
  1.6678E-01  4.7825E-01 -3.5782E-03  2.3735E-02
  1.6795E-01  4.9718E-01 -3.6453E-03  2.4225E-02
  1.6912E-01  5.1602E-01 -3.7135E-03  2.4725E-02
  1.7031E-01  5.3474E-01 -3.7828E-03  2.5235E-02
  1.7150E-01  5.5335E-01 -3.8533E-03  2.5756E-02
  1.7270E-01  5.7184E-01 -3.9249E-03  2.6287E-02
  1.7391E-01  5.9018E-01 -3.9977E-03  2.6829E-02
  1.7513E-01  6.0838E-01 -4.0717E-03  2.7381E-02
  1.7635E-01  6.2642E-01 -4.1468E-03  2.7946E-02
  1.7759E-01  6.4429E-01 -4.2232E-03  2.8521E-02
  1.7883E-01  6.6198E-01 -4.3008E-03  2.9108E-02
  1.8008E-01  6.7947E-01 -4.3796E-03  2.9707E-02
  1.8135E-01  6.9677E-01 -4.4597E-03  3.0318E-02
  1.8262E-01  7.1384E-01 -4.5411E-03  3.0941E-02
  1.8389E-01  7.3070E-01 -4.6237E-03  3.1577E-02
  1.8518E-01  7.4732E-01 -4.7076E-03  3.2226E-02
  1.8648E-01  7.6369E-01 -4.7928E-03  3.2887E-02
  1.8778E-01  7.7980E-01 -4.8792E-03  3.3562E-02
  1.8910E-01  7.9564E-01 -4.9670E-03  3.4251E-02
  1.9042E-01  8.1121E-01 -5.0562E-03  3.4953E-02
  1.9176E-01  8.2648E-01 -5.1466E-03  3.5670E-02
  1.9310E-01  8.4145E-01 -5.2384E-03  3.6400E-02
  1.9445E-01  8.5610E-01 -5.3316E-03  3.7146E-02
  1.9581E-01  8.7043E-01 -5.4261E-03  3.7906E-02
  1.9718E-01  8.8442E-01 -5.5219E-03  3.8682E-02
  1.9856E-01  8.9807E-01 -5.6192E-03  3.9473E-02
  1.9995E-01  9.1136E-01 -5.7178E-03  4.0280E-02
  2.0135E-01  9.2428E-01 -5.8179E-03  4.1103E-02
  2.0276E-01  9.3681E-01 -5.9193E-03  4.1942E-02
  2.0418E-01  9.4896E-01 -6.0221E-03  4.2798E-02
  2.0561E-01  9.6071E-01 -6.1263E-03  4.3671E-02
  2.0705E-01  9.7205E-01 -6.2319E-03  4.4561E-02
  2.0850E-01  9.8296E-01 -6.3390E-03  4.5470E-02
  2.0996E-01  9.9344E-01 -6.4474E-03  4.6396E-02
  2.1143E-01  1.0035E+00 -6.5573E-03  4.7340E-02
  2.1291E-01  1.0131E+00 -6.6685E-03  4.8303E-02
  2.1440E-01  1.0222E+00 -6.7812E-03  4.9285E-02
  2.1590E-01  1.0308E+00 -6.8953E-03  5.0287E-02
  2.1742E-01  1.0390E+00 -7.0108E-03  5.1308E-02
  2.1894E-01  1.0467E+00 -7.1276E-03  5.2350E-02
  2.2047E-01  1.0539E+00 -7.2459E-03  5.3412E-02
  2.2201E-01  1.0605E+00 -7.3656E-03  5.4495E-02
  2.2357E-01  1.0667E+00 -7.4866E-03  5.5599E-02
  2.2513E-01  1.0723E+00 -7.6091E-03  5.6725E-02
  2.2671E-01  1.0774E+00 -7.7328E-03  5.7873E-02
  2.2830E-01  1.0819E+00 -7.8580E-03  5.9044E-02
  2.2990E-01  1.0859E+00 -7.9844E-03  6.0237E-02
  2.3151E-01  1.0893E+00 -8.1122E-03  6.1454E-02
  2.3313E-01  1.0922E+00 -8.2413E-03  6.2694E-02
  2.3476E-01  1.0945E+00 -8.3716E-03  6.3959E-02
  2.3640E-01  1.0962E+00 -8.5032E-03  6.5248E-02
  2.3806E-01  1.0973E+00 -8.6360E-03  6.6562E-02
  2.3972E-01  1.0978E+00 -8.7701E-03  6.7902E-02
  2.4140E-01  1.0977E+00 -8.9053E-03  6.9268E-02
  2.4309E-01  1.0971E+00 -9.0417E-03  7.0661E-02
  2.4480E-01  1.0958E+00 -9.1791E-03  7.2080E-02
  2.4651E-01  1.0939E+00 -9.3177E-03  7.3527E-02
  2.4823E-01  1.0913E+00 -9.4573E-03  7.5002E-02
  2.4997E-01  1.0882E+00 -9.5979E-03  7.6505E-02
  2.5172E-01  1.0844E+00 -9.7395E-03  7.8037E-02
  2.5349E-01  1.0799E+00 -9.8819E-03  7.9598E-02
  2.5526E-01  1.0749E+00 -1.0025E-02  8.1190E-02
  2.5705E-01  1.0692E+00 -1.0169E-02  8.2812E-02
  2.5885E-01  1.0628E+00 -1.0314E-02  8.4465E-02
  2.6066E-01  1.0558E+00 -1.0460E-02  8.6150E-02
  2.6248E-01  1.0482E+00 -1.0606E-02  8.7867E-02
  2.6432E-01  1.0399E+00 -1.0753E-02  8.9616E-02
  2.6617E-01  1.0310E+00 -1.0900E-02  9.1399E-02
  2.6804E-01  1.0214E+00 -1.1048E-02  9.3216E-02
  2.6991E-01  1.0111E+00 -1.1196E-02  9.5067E-02
  2.7180E-01  1.0002E+00 -1.1344E-02  9.6953E-02
  2.7370E-01  9.8867E-01 -1.1492E-02  9.8875E-02
  2.7562E-01  9.7647E-01 -1.1641E-02  1.0083E-01
  2.7755E-01  9.6362E-01 -1.1789E-02  1.0283E-01
  2.7949E-01  9.5013E-01 -1.1937E-02  1.0486E-01
  2.8145E-01  9.3599E-01 -1.2085E-02  1.0693E-01
  2.8342E-01  9.2120E-01 -1.2233E-02  1.0904E-01
  2.8540E-01  9.0578E-01 -1.2380E-02  1.1119E-01
  2.8740E-01  8.8972E-01 -1.2527E-02  1.1338E-01
  2.8941E-01  8.7303E-01 -1.2673E-02  1.1561E-01
  2.9144E-01  8.5572E-01 -1.2817E-02  1.1788E-01
  2.9348E-01  8.3778E-01 -1.2961E-02  1.2019E-01
  2.9554E-01  8.1922E-01 -1.3104E-02  1.2255E-01
  2.9760E-01  8.0005E-01 -1.3245E-02  1.2495E-01
  2.9969E-01  7.8027E-01 -1.3385E-02  1.2739E-01
  3.0179E-01  7.5990E-01 -1.3523E-02  1.2988E-01
  3.0390E-01  7.3893E-01 -1.3659E-02  1.3242E-01
  3.0603E-01  7.1738E-01 -1.3793E-02  1.3500E-01
  3.0817E-01  6.9525E-01 -1.3925E-02  1.3763E-01
  3.1033E-01  6.7255E-01 -1.4054E-02  1.4030E-01
  3.1250E-01  6.4930E-01 -1.4181E-02  1.4303E-01
  3.1469E-01  6.2549E-01 -1.4304E-02  1.4580E-01
  3.1689E-01  6.0115E-01 -1.4425E-02  1.4863E-01
  3.1911E-01  5.7627E-01 -1.4541E-02  1.5150E-01
  3.2134E-01  5.5088E-01 -1.4655E-02  1.5443E-01
  3.2359E-01  5.2498E-01 -1.4764E-02  1.5741E-01
  3.2586E-01  4.9858E-01 -1.4869E-02  1.6044E-01
  3.2814E-01  4.7170E-01 -1.4969E-02  1.6353E-01
  3.3044E-01  4.4434E-01 -1.5064E-02  1.6667E-01
  3.3275E-01  4.1653E-01 -1.5155E-02  1.6987E-01
  3.3508E-01  3.8826E-01 -1.5239E-02  1.7313E-01
  3.3742E-01  3.5957E-01 -1.5318E-02  1.7644E-01
  3.3979E-01  3.3046E-01 -1.5390E-02  1.7981E-01
  3.4216E-01  3.0094E-01 -1.5456E-02  1.8325E-01
  3.4456E-01  2.7104E-01 -1.5515E-02  1.8674E-01
  3.4697E-01  2.4076E-01 -1.5566E-02  1.9029E-01
  3.4940E-01  2.1013E-01 -1.5610E-02  1.9390E-01
  3.5185E-01  1.7915E-01 -1.5645E-02  1.9758E-01
  3.5431E-01  1.4784E-01 -1.5671E-02  2.0132E-01
  3.5679E-01  1.1623E-01 -1.5688E-02  2.0512E-01
  3.5929E-01  8.4328E-02 -1.5696E-02  2.0899E-01
  3.6180E-01  5.2150E-02 -1.5693E-02  2.1293E-01
  3.6434E-01  1.9715E-02 -1.5679E-02  2.1694E-01
  3.6689E-01 -1.2958E-02 -1.5653E-02  2.2101E-01
  3.6946E-01 -4.5851E-02 -1.5616E-02  2.2515E-01
  3.7204E-01 -7.8945E-02 -1.5567E-02  2.2936E-01
  3.7465E-01 -1.1222E-01 -1.5504E-02  2.3364E-01
  3.7727E-01 -1.4566E-01 -1.5427E-02  2.3800E-01
  3.7991E-01 -1.7924E-01 -1.5336E-02  2.4242E-01
  3.8257E-01 -2.1295E-01 -1.5229E-02  2.4692E-01
  3.8525E-01 -2.4676E-01 -1.5107E-02  2.5150E-01
  3.8794E-01 -2.8065E-01 -1.4968E-02  2.5615E-01
  3.9066E-01 -3.1461E-01 -1.4812E-02  2.6087E-01
  3.9340E-01 -3.4860E-01 -1.4637E-02  2.6568E-01
  3.9615E-01 -3.8262E-01 -1.4443E-02  2.7056E-01
  3.9892E-01 -4.1664E-01 -1.4230E-02  2.7552E-01
  4.0172E-01 -4.5063E-01 -1.3996E-02  2.8056E-01
  4.0453E-01 -4.8459E-01 -1.3740E-02  2.8568E-01
  4.0736E-01 -5.1847E-01 -1.3461E-02  2.9089E-01
  4.1021E-01 -5.5228E-01 -1.3159E-02  2.9617E-01
  4.1308E-01 -5.8597E-01 -1.2832E-02  3.0154E-01
  4.1597E-01 -6.1953E-01 -1.2479E-02  3.0700E-01
  4.1889E-01 -6.5295E-01 -1.2100E-02  3.1254E-01
  4.2182E-01 -6.8619E-01 -1.1693E-02  3.1816E-01
  4.2477E-01 -7.1923E-01 -1.1257E-02  3.2388E-01
  4.2775E-01 -7.5205E-01 -1.0790E-02  3.2968E-01
  4.3074E-01 -7.8464E-01 -1.0292E-02  3.3557E-01
  4.3375E-01 -8.1696E-01 -9.7617E-03  3.4155E-01
  4.3679E-01 -8.4900E-01 -9.1971E-03  3.4762E-01
  4.3985E-01 -8.8073E-01 -8.5970E-03  3.5378E-01
  4.4293E-01 -9.1214E-01 -7.9601E-03  3.6003E-01
  4.4603E-01 -9.4319E-01 -7.2850E-03  3.6637E-01
  4.4915E-01 -9.7387E-01 -6.5702E-03  3.7281E-01
  4.5229E-01 -1.0042E+00 -5.8140E-03  3.7934E-01
  4.5546E-01 -1.0340E+00 -5.0150E-03  3.8597E-01
  4.5865E-01 -1.0635E+00 -4.1716E-03  3.9269E-01
  4.6186E-01 -1.0924E+00 -3.2819E-03  3.9951E-01
  4.6509E-01 -1.1209E+00 -2.3444E-03  4.0643E-01
  4.6835E-01 -1.1489E+00 -1.3571E-03  4.1344E-01
  4.7163E-01 -1.1764E+00 -3.1830E-04  4.2055E-01
  4.7493E-01 -1.2033E+00  7.7394E-04  4.2776E-01
  4.7825E-01 -1.2297E+00  1.9216E-03  4.3506E-01
  4.8160E-01 -1.2555E+00  3.1266E-03  4.4247E-01
  4.8497E-01 -1.2806E+00  4.3911E-03  4.4998E-01
  4.8837E-01 -1.3052E+00  5.7172E-03  4.5758E-01
  4.9179E-01 -1.3291E+00  7.1071E-03  4.6529E-01
  4.9523E-01 -1.3523E+00  8.5630E-03  4.7309E-01
  4.9870E-01 -1.3749E+00  1.0087E-02  4.8100E-01
  5.0219E-01 -1.3967E+00  1.1682E-02  4.8901E-01
  5.0570E-01 -1.4179E+00  1.3351E-02  4.9712E-01
  5.0924E-01 -1.4383E+00  1.5095E-02  5.0533E-01
  5.1281E-01 -1.4579E+00  1.6917E-02  5.1364E-01
  5.1640E-01 -1.4768E+00  1.8820E-02  5.2205E-01
  5.2001E-01 -1.4949E+00  2.0807E-02  5.3056E-01
  5.2365E-01 -1.5122E+00  2.2880E-02  5.3918E-01
  5.2732E-01 -1.5286E+00  2.5043E-02  5.4789E-01
  5.3101E-01 -1.5442E+00  2.7298E-02  5.5671E-01
  5.3473E-01 -1.5590E+00  2.9648E-02  5.6562E-01
  5.3847E-01 -1.5729E+00  3.2097E-02  5.7463E-01
  5.4224E-01 -1.5859E+00  3.4647E-02  5.8375E-01
  5.4603E-01 -1.5980E+00  3.7302E-02  5.9296E-01
  5.4986E-01 -1.6092E+00  4.0066E-02  6.0227E-01
  5.5370E-01 -1.6195E+00  4.2941E-02  6.1167E-01
  5.5758E-01 -1.6289E+00  4.5931E-02  6.2117E-01
  5.6148E-01 -1.6373E+00  4.9040E-02  6.3077E-01
  5.6541E-01 -1.6447E+00  5.2271E-02  6.4046E-01
  5.6937E-01 -1.6512E+00  5.5628E-02  6.5024E-01
  5.7336E-01 -1.6567E+00  5.9115E-02  6.6011E-01
  5.7737E-01 -1.6613E+00  6.2736E-02  6.7007E-01
  5.8141E-01 -1.6648E+00  6.6495E-02  6.8012E-01
  5.8548E-01 -1.6673E+00  7.0396E-02  6.9026E-01
  5.8958E-01 -1.6689E+00  7.4444E-02  7.0048E-01
  5.9371E-01 -1.6694E+00  7.8641E-02  7.1079E-01
  5.9786E-01 -1.6689E+00  8.2994E-02  7.2117E-01
  6.0205E-01 -1.6673E+00  8.7506E-02  7.3164E-01
  6.0626E-01 -1.6647E+00  9.2181E-02  7.4217E-01
  6.1051E-01 -1.6611E+00  9.7026E-02  7.5279E-01
  6.1478E-01 -1.6565E+00  1.0204E-01  7.6347E-01
  6.1908E-01 -1.6508E+00  1.0724E-01  7.7422E-01
  6.2342E-01 -1.6441E+00  1.1262E-01  7.8504E-01
  6.2778E-01 -1.6363E+00  1.1818E-01  7.9592E-01
  6.3218E-01 -1.6275E+00  1.2394E-01  8.0685E-01
  6.3660E-01 -1.6176E+00  1.2990E-01  8.1784E-01
  6.4106E-01 -1.6067E+00  1.3606E-01  8.2888E-01
  6.4555E-01 -1.5947E+00  1.4243E-01  8.3997E-01
  6.5006E-01 -1.5817E+00  1.4901E-01  8.5110E-01
  6.5461E-01 -1.5676E+00  1.5582E-01  8.6227E-01
  6.5920E-01 -1.5526E+00  1.6285E-01  8.7348E-01
  6.6381E-01 -1.5364E+00  1.7010E-01  8.8471E-01
  6.6846E-01 -1.5193E+00  1.7760E-01  8.9597E-01
  6.7314E-01 -1.5011E+00  1.8534E-01  9.0724E-01
  6.7785E-01 -1.4819E+00  1.9333E-01  9.1853E-01
  6.8259E-01 -1.4617E+00  2.0157E-01  9.2983E-01
  6.8737E-01 -1.4405E+00  2.1007E-01  9.4113E-01
  6.9218E-01 -1.4183E+00  2.1884E-01  9.5242E-01
  6.9703E-01 -1.3951E+00  2.2788E-01  9.6370E-01
  7.0191E-01 -1.3709E+00  2.3719E-01  9.7497E-01
  7.0682E-01 -1.3458E+00  2.4680E-01  9.8621E-01
  7.1177E-01 -1.3196E+00  2.5669E-01  9.9741E-01
  7.1675E-01 -1.2926E+00  2.6688E-01  1.0086E+00
  7.2177E-01 -1.2646E+00  2.7738E-01  1.0197E+00
  7.2682E-01 -1.2356E+00  2.8819E-01  1.0308E+00
  7.3191E-01 -1.2058E+00  2.9931E-01  1.0418E+00
  7.3703E-01 -1.1750E+00  3.1075E-01  1.0527E+00
  7.4219E-01 -1.1434E+00  3.2253E-01  1.0635E+00
  7.4739E-01 -1.1109E+00  3.3464E-01  1.0743E+00
  7.5262E-01 -1.0775E+00  3.4709E-01  1.0849E+00
  7.5788E-01 -1.0433E+00  3.5989E-01  1.0955E+00
  7.6319E-01 -1.0082E+00  3.7305E-01  1.1059E+00
  7.6853E-01 -9.7234E-01  3.8657E-01  1.1162E+00
  7.7391E-01 -9.3567E-01  4.0045E-01  1.1263E+00
  7.7933E-01 -8.9821E-01  4.1471E-01  1.1363E+00
  7.8478E-01 -8.5999E-01  4.2935E-01  1.1461E+00
  7.9028E-01 -8.2102E-01  4.4438E-01  1.1557E+00
  7.9581E-01 -7.8133E-01  4.5980E-01  1.1652E+00
  8.0138E-01 -7.4092E-01  4.7562E-01  1.1744E+00
  8.0699E-01 -6.9981E-01  4.9184E-01  1.1835E+00
  8.1264E-01 -6.5804E-01  5.0847E-01  1.1922E+00
  8.1833E-01 -6.1561E-01  5.2552E-01  1.2008E+00
  8.2405E-01 -5.7255E-01  5.4298E-01  1.2091E+00
  8.2982E-01 -5.2887E-01  5.6088E-01  1.2171E+00
  8.3563E-01 -4.8460E-01  5.7920E-01  1.2248E+00
  8.4148E-01 -4.3975E-01  5.9796E-01  1.2323E+00
  8.4737E-01 -3.9436E-01  6.1717E-01  1.2394E+00
  8.5330E-01 -3.4843E-01  6.3681E-01  1.2462E+00
  8.5927E-01 -3.0200E-01  6.5691E-01  1.2526E+00
  8.6529E-01 -2.5508E-01  6.7746E-01  1.2587E+00
  8.7135E-01 -2.0770E-01  6.9847E-01  1.2643E+00
  8.7745E-01 -1.5987E-01  7.1994E-01  1.2696E+00
  8.8359E-01 -1.1163E-01  7.4187E-01  1.2745E+00
  8.8977E-01 -6.2988E-02  7.6427E-01  1.2789E+00
  8.9600E-01 -1.3974E-02  7.8713E-01  1.2829E+00
  9.0227E-01  3.5390E-02  8.1047E-01  1.2865E+00
  9.0859E-01  8.5082E-02  8.3428E-01  1.2895E+00
  9.1495E-01  1.3508E-01  8.5856E-01  1.2920E+00
  9.2135E-01  1.8535E-01  8.8332E-01  1.2941E+00
  9.2780E-01  2.3588E-01  9.0855E-01  1.2956E+00
  9.3430E-01  2.8664E-01  9.3425E-01  1.2965E+00
  9.4084E-01  3.3761E-01  9.6043E-01  1.2969E+00
  9.4742E-01  3.8877E-01  9.8708E-01  1.2966E+00
  9.5405E-01  4.4008E-01  1.0142E+00  1.2958E+00
  9.6073E-01  4.9153E-01  1.0418E+00  1.2944E+00
  9.6746E-01  5.4309E-01  1.0698E+00  1.2923E+00
  9.7423E-01  5.9474E-01  1.0983E+00  1.2895E+00
  9.8105E-01  6.4645E-01  1.1273E+00  1.2861E+00
  9.8791E-01  6.9820E-01  1.1567E+00  1.2820E+00
  9.9483E-01  7.4996E-01  1.1866E+00  1.2772E+00
  1.0018E+00  8.0171E-01  1.2169E+00  1.2717E+00
  1.0088E+00  8.5342E-01  1.2476E+00  1.2654E+00
  1.0159E+00  9.0508E-01  1.2787E+00  1.2584E+00
  1.0230E+00  9.5665E-01  1.3103E+00  1.2506E+00
  1.0301E+00  1.0081E+00  1.3422E+00  1.2421E+00
  1.0373E+00  1.0594E+00  1.3746E+00  1.2328E+00
  1.0446E+00  1.1106E+00  1.4073E+00  1.2226E+00
  1.0519E+00  1.1616E+00  1.4404E+00  1.2117E+00
  1.0593E+00  1.2124E+00  1.4738E+00  1.2000E+00
  1.0667E+00  1.2629E+00  1.5076E+00  1.1874E+00
  1.0742E+00  1.3132E+00  1.5417E+00  1.1740E+00
  1.0817E+00  1.3633E+00  1.5761E+00  1.1598E+00
  1.0893E+00  1.4130E+00  1.6108E+00  1.1447E+00
  1.0969E+00  1.4624E+00  1.6458E+00  1.1288E+00
  1.1046E+00  1.5114E+00  1.6810E+00  1.1121E+00
  1.1123E+00  1.5601E+00  1.7164E+00  1.0945E+00
  1.1201E+00  1.6083E+00  1.7521E+00  1.0761E+00
  1.1279E+00  1.6562E+00  1.7879E+00  1.0569E+00
  1.1358E+00  1.7036E+00  1.8239E+00  1.0368E+00
  1.1438E+00  1.7505E+00  1.8600E+00  1.0160E+00
  1.1518E+00  1.7970E+00  1.8962E+00  9.9429E-01
  1.1598E+00  1.8429E+00  1.9325E+00  9.7183E-01
  1.1679E+00  1.8883E+00  1.9688E+00  9.4859E-01
  1.1761E+00  1.9331E+00  2.0052E+00  9.2459E-01
  1.1844E+00  1.9774E+00  2.0415E+00  8.9986E-01
  1.1926E+00  2.0210E+00  2.0778E+00  8.7442E-01
  1.2010E+00  2.0640E+00  2.1140E+00  8.4829E-01
  1.2094E+00  2.1064E+00  2.1501E+00  8.2150E-01
  1.2179E+00  2.1481E+00  2.1860E+00  7.9408E-01
  1.2264E+00  2.1891E+00  2.2218E+00  7.6607E-01
  1.2350E+00  2.2294E+00  2.2573E+00  7.3750E-01
  1.2436E+00  2.2689E+00  2.2925E+00  7.0841E-01
  1.2523E+00  2.3077E+00  2.3275E+00  6.7885E-01
  1.2611E+00  2.3457E+00  2.3621E+00  6.4886E-01
  1.2699E+00  2.3829E+00  2.3963E+00  6.1848E-01
  1.2788E+00  2.4193E+00  2.4300E+00  5.8778E-01
  1.2878E+00  2.4549E+00  2.4633E+00  5.5679E-01
  1.2968E+00  2.4896E+00  2.4961E+00  5.2559E-01
  1.3058E+00  2.5234E+00  2.5283E+00  4.9423E-01
  1.3150E+00  2.5563E+00  2.5599E+00  4.6278E-01
  1.3242E+00  2.5883E+00  2.5908E+00  4.3129E-01
  1.3335E+00  2.6193E+00  2.6210E+00  3.9983E-01
  1.3428E+00  2.6494E+00  2.6505E+00  3.6848E-01
  1.3522E+00  2.6786E+00  2.6792E+00  3.3731E-01
  1.3617E+00  2.7067E+00  2.7070E+00  3.0639E-01
  1.3712E+00  2.7338E+00  2.7339E+00  2.7580E-01
  1.3808E+00  2.7598E+00  2.7599E+00  2.4562E-01
  1.3904E+00  2.7849E+00  2.7849E+00  2.1592E-01
  1.4002E+00  2.8088E+00  2.8088E+00  1.9019E-01
  1.4100E+00  2.8317E+00  2.8317E+00  1.8781E-01
  1.4198E+00  2.8534E+00  2.8534E+00  1.8903E-01
  1.4298E+00  2.8741E+00  2.8741E+00  1.8921E-01
  1.4398E+00  2.8936E+00  2.8936E+00  1.8877E-01
  1.4499E+00  2.9119E+00  2.9119E+00  1.8774E-01
  1.4600E+00  2.9291E+00  2.9291E+00  1.8612E-01
  1.4702E+00  2.9451E+00  2.9451E+00  1.8395E-01
  1.4805E+00  2.9598E+00  2.9598E+00  1.8124E-01
  1.4909E+00  2.9734E+00  2.9734E+00  1.7801E-01
  1.5013E+00  2.9858E+00  2.9858E+00  1.7430E-01
  1.5118E+00  2.9968E+00  2.9968E+00  1.7013E-01
  1.5224E+00  3.0067E+00  3.0067E+00  1.6552E-01
  1.5331E+00  3.0152E+00  3.0152E+00  1.6052E-01
  1.5438E+00  3.0225E+00  3.0225E+00  1.5514E-01
  1.5546E+00  3.0285E+00  3.0285E+00  1.4943E-01
  1.5655E+00  3.0331E+00  3.0331E+00  1.4341E-01
  1.5765E+00  3.0364E+00  3.0364E+00  1.3713E-01
  1.5875E+00  3.0384E+00  3.0384E+00  1.3061E-01
  1.5986E+00  3.0390E+00  3.0390E+00  1.2390E-01
  1.6098E+00  3.0383E+00  3.0383E+00  1.1703E-01
  1.6211E+00  3.0362E+00  3.0362E+00  1.1003E-01
  1.6324E+00  3.0327E+00  3.0327E+00  1.0295E-01
  1.6438E+00  3.0278E+00  3.0278E+00  9.5820E-02
  1.6553E+00  3.0215E+00  3.0215E+00  8.8675E-02
  1.6669E+00  3.0138E+00  3.0138E+00  8.1554E-02
  1.6786E+00  3.0046E+00  3.0046E+00  7.4491E-02
  1.6903E+00  2.9940E+00  2.9940E+00  6.7521E-02
  1.7022E+00  2.9820E+00  2.9820E+00  6.0677E-02
  1.7141E+00  2.9685E+00  2.9685E+00  5.3993E-02
  1.7261E+00  2.9536E+00  2.9536E+00  4.7499E-02
  1.7382E+00  2.9372E+00  2.9372E+00  4.1224E-02
  1.7503E+00  2.9193E+00  2.9193E+00  3.5195E-02
  1.7626E+00  2.9000E+00  2.9000E+00  2.9439E-02
  1.7749E+00  2.8791E+00  2.8791E+00  2.3977E-02
  1.7873E+00  2.8568E+00  2.8568E+00  1.8832E-02
  1.7999E+00  2.8330E+00  2.8330E+00  1.4021E-02
  1.8124E+00  2.8077E+00  2.8077E+00  9.5606E-03
  1.8251E+00  2.7809E+00  2.7809E+00  5.4625E-03
  1.8379E+00  2.7525E+00  2.7525E+00  1.7368E-03
  1.8508E+00  2.7227E+00  2.7227E+00 -1.6097E-03
  1.8637E+00  2.6914E+00  2.6914E+00 -4.5736E-03
  1.8768E+00  2.6586E+00  2.6586E+00 -7.1546E-03
  1.8899E+00  2.6242E+00  2.6242E+00 -9.3559E-03
  1.9031E+00  2.5884E+00  2.5884E+00 -1.1184E-02
  1.9165E+00  2.5510E+00  2.5510E+00 -1.2648E-02
  1.9299E+00  2.5121E+00  2.5121E+00 -1.3761E-02
  1.9434E+00  2.4718E+00  2.4718E+00 -1.4540E-02
  1.9570E+00  2.4299E+00  2.4299E+00 -1.5003E-02
  1.9707E+00  2.3866E+00  2.3866E+00 -1.5172E-02
  1.9845E+00  2.3417E+00  2.3417E+00 -1.5071E-02
  1.9984E+00  2.2954E+00  2.2954E+00 -1.4729E-02
  2.0124E+00  2.2476E+00  2.2476E+00 -1.4172E-02
  2.0264E+00  2.1983E+00  2.1983E+00 -1.3433E-02
  2.0406E+00  2.1476E+00  2.1476E+00 -1.2542E-02
  2.0549E+00  2.0954E+00  2.0954E+00 -1.1532E-02
  2.0693E+00  2.0418E+00  2.0418E+00 -1.0436E-02
  2.0838E+00  1.9867E+00  1.9867E+00 -9.2864E-03
  2.0984E+00  1.9302E+00  1.9302E+00 -8.1151E-03
  2.1130E+00  1.8724E+00  1.8724E+00 -6.9520E-03
  2.1278E+00  1.8131E+00  1.8131E+00 -5.8254E-03
  2.1427E+00  1.7524E+00  1.7524E+00 -4.7604E-03
  2.1577E+00  1.6904E+00  1.6904E+00 -3.7791E-03
  2.1728E+00  1.6271E+00  1.6271E+00 -2.8995E-03
  2.1880E+00  1.5624E+00  1.5624E+00 -2.1349E-03
  2.2034E+00  1.4964E+00  1.4964E+00 -1.4938E-03
  2.2188E+00  1.4292E+00  1.4292E+00 -9.7921E-04
  2.2343E+00  1.3607E+00  1.3607E+00 -5.8830E-04
  2.2499E+00  1.2909E+00  1.2909E+00 -3.1261E-04
  2.2657E+00  1.2199E+00  1.2199E+00 -1.3792E-04
  2.2815E+00  1.1478E+00  1.1478E+00 -4.4744E-05
  2.2975E+00  1.0744E+00  1.0744E+00 -8.9545E-06
  2.3136E+00  1.0000E+00  1.0000E+00  0.0000E+00
  2.3298E+00  9.2445E-01  9.2445E-01  0.0000E+00
  2.3461E+00  8.4783E-01  8.4783E-01  0.0000E+00
  2.3625E+00  7.7018E-01  7.7018E-01  0.0000E+00
  2.3791E+00  6.9153E-01  6.9153E-01  0.0000E+00
  2.3957E+00  6.1191E-01  6.1191E-01  0.0000E+00
  2.4125E+00  5.3137E-01  5.3137E-01  0.0000E+00
  2.4294E+00  4.4993E-01  4.4993E-01  0.0000E+00
  2.4464E+00  3.6765E-01  3.6765E-01  0.0000E+00
  2.4635E+00  2.8457E-01  2.8457E-01  0.0000E+00
  2.4807E+00  2.0073E-01  2.0073E-01  0.0000E+00
  2.4981E+00  1.1617E-01  1.1617E-01  0.0000E+00
  2.5156E+00  3.0945E-02  3.0945E-02  0.0000E+00
  2.5332E+00 -5.4895E-02 -5.4895E-02  0.0000E+00
  2.5509E+00 -1.4130E-01 -1.4130E-01  0.0000E+00
  2.5688E+00 -2.2822E-01 -2.2822E-01  0.0000E+00
  2.5868E+00 -3.1559E-01 -3.1559E-01  0.0000E+00
  2.6049E+00 -4.0336E-01 -4.0336E-01  0.0000E+00
  2.6231E+00 -4.9147E-01 -4.9147E-01  0.0000E+00
  2.6415E+00 -5.7987E-01 -5.7987E-01  0.0000E+00
  2.6599E+00 -6.6848E-01 -6.6848E-01  0.0000E+00
  2.6786E+00 -7.5724E-01 -7.5724E-01  0.0000E+00
  2.6973E+00 -8.4610E-01 -8.4610E-01  0.0000E+00
  2.7162E+00 -9.3496E-01 -9.3496E-01  0.0000E+00
  2.7352E+00 -1.0238E+00 -1.0238E+00  0.0000E+00
  2.7543E+00 -1.1125E+00 -1.1125E+00  0.0000E+00
  2.7736E+00 -1.2010E+00 -1.2010E+00  0.0000E+00
  2.7930E+00 -1.2892E+00 -1.2892E+00  0.0000E+00
  2.8126E+00 -1.3770E+00 -1.3770E+00  0.0000E+00
  2.8323E+00 -1.4645E+00 -1.4645E+00  0.0000E+00
  2.8521E+00 -1.5514E+00 -1.5514E+00  0.0000E+00
  2.8721E+00 -1.6377E+00 -1.6377E+00  0.0000E+00
  2.8922E+00 -1.7233E+00 -1.7233E+00  0.0000E+00
  2.9124E+00 -1.8082E+00 -1.8082E+00  0.0000E+00
  2.9328E+00 -1.8921E+00 -1.8921E+00  0.0000E+00
  2.9533E+00 -1.9752E+00 -1.9752E+00  0.0000E+00
  2.9740E+00 -2.0571E+00 -2.0571E+00  0.0000E+00
  2.9948E+00 -2.1380E+00 -2.1380E+00  0.0000E+00
  3.0158E+00 -2.2175E+00 -2.2175E+00  0.0000E+00
  3.0369E+00 -2.2958E+00 -2.2958E+00  0.0000E+00
  3.0581E+00 -2.3726E+00 -2.3726E+00  0.0000E+00
  3.0795E+00 -2.4478E+00 -2.4478E+00  0.0000E+00
  3.1011E+00 -2.5214E+00 -2.5214E+00  0.0000E+00
  3.1228E+00 -2.5933E+00 -2.5933E+00  0.0000E+00
  3.1447E+00 -2.6633E+00 -2.6633E+00  0.0000E+00
  3.1667E+00 -2.7313E+00 -2.7313E+00  0.0000E+00
  3.1888E+00 -2.7972E+00 -2.7972E+00  0.0000E+00
  3.2111E+00 -2.8610E+00 -2.8610E+00  0.0000E+00
  3.2336E+00 -2.9224E+00 -2.9224E+00  0.0000E+00
  3.2563E+00 -2.9815E+00 -2.9815E+00  0.0000E+00
  3.2790E+00 -3.0380E+00 -3.0380E+00  0.0000E+00
