 # l=           3 basis function with energy     4.00000000000000     
  0.0000E+00  0.0000E+00  0.0000E+00  0.0000E+00
  4.9311E-07  8.2414E-20  2.0082E-26  1.5605E-25
  9.8967E-07  9.6549E-19  3.2584E-25  2.5304E-24
  1.4897E-06  4.0941E-18  1.6728E-24  1.2988E-23
  1.9932E-06  1.1452E-17  5.3614E-24  4.1628E-23
  2.5003E-06  2.5505E-17  1.3274E-23  1.0307E-22
  3.0109E-06  4.9174E-17  2.7914E-23  2.1674E-22
  3.5251E-06  8.5829E-17  5.2447E-23  4.0722E-22
  4.0429E-06  1.3928E-16  9.0740E-23  7.0451E-22
  4.5643E-06  2.1381E-16  1.4741E-22  1.1445E-21
  5.0893E-06  3.1411E-16  2.2787E-22  1.7692E-21
  5.6181E-06  4.4539E-16  3.3836E-22  2.6272E-21
  6.1505E-06  6.1329E-16  4.8605E-22  3.7738E-21
  6.6866E-06  8.2397E-16  6.7901E-22  5.2721E-21
  7.2266E-06  1.0841E-15  9.2633E-22  7.1923E-21
  7.7702E-06  1.4008E-15  1.2382E-21  9.6135E-21
  8.3177E-06  1.7817E-15  1.6258E-21  1.2623E-20
  8.8691E-06  2.2352E-15  2.1016E-21  1.6317E-20
  9.4242E-06  2.7701E-15  2.6793E-21  2.0803E-20
  9.9833E-06  3.3957E-15  3.3740E-21  2.6196E-20
  1.0546E-05  4.1220E-15  4.2018E-21  3.2624E-20
  1.1113E-05  4.9598E-15  5.1808E-21  4.0226E-20
  1.1684E-05  5.9202E-15  6.3303E-21  4.9150E-20
  1.2259E-05  7.0152E-15  7.6712E-21  5.9561E-20
  1.2838E-05  8.2576E-15  9.2261E-21  7.1634E-20
  1.3421E-05  9.6606E-15  1.1020E-20  8.5559E-20
  1.4008E-05  1.1238E-14  1.3078E-20  1.0154E-19
  1.4599E-05  1.3006E-14  1.5429E-20  1.1980E-19
  1.5194E-05  1.4979E-14  1.8104E-20  1.4056E-19
  1.5794E-05  1.7174E-14  2.1134E-20  1.6409E-19
  1.6397E-05  1.9608E-14  2.4555E-20  1.9066E-19
  1.7005E-05  2.2300E-14  2.8404E-20  2.2054E-19
  1.7617E-05  2.5268E-14  3.2720E-20  2.5405E-19
  1.8234E-05  2.8534E-14  3.7545E-20  2.9151E-19
  1.8855E-05  3.2118E-14  4.2925E-20  3.3328E-19
  1.9480E-05  3.6041E-14  4.8907E-20  3.7973E-19
  2.0109E-05  4.0329E-14  5.5541E-20  4.3124E-19
  2.0743E-05  4.5004E-14  6.2882E-20  4.8824E-19
  2.1381E-05  5.0092E-14  7.0987E-20  5.5116E-19
  2.2024E-05  5.5621E-14  7.9915E-20  6.2049E-19
  2.2671E-05  6.1617E-14  8.9732E-20  6.9671E-19
  2.3323E-05  6.8110E-14  1.0050E-19  7.8035E-19
  2.3979E-05  7.5130E-14  1.1230E-19  8.7197E-19
  2.4640E-05  8.2709E-14  1.2521E-19  9.7215E-19
  2.5306E-05  9.0880E-14  1.3929E-19  1.0815E-18
  2.5976E-05  9.9677E-14  1.5465E-19  1.2007E-18
  2.6651E-05  1.0914E-13  1.7136E-19  1.3305E-18
  2.7331E-05  1.1930E-13  1.8952E-19  1.4715E-18
  2.8015E-05  1.3020E-13  2.0922E-19  1.6245E-18
  2.8704E-05  1.4188E-13  2.3059E-19  1.7903E-18
  2.9398E-05  1.5438E-13  2.5371E-19  1.9699E-18
  3.0097E-05  1.6775E-13  2.7871E-19  2.1640E-18
  3.0801E-05  1.8203E-13  3.0570E-19  2.3736E-18
  3.1510E-05  1.9728E-13  3.3482E-19  2.5997E-18
  3.2223E-05  2.1353E-13  3.6620E-19  2.8433E-18
  3.2942E-05  2.3085E-13  3.9998E-19  3.1056E-18
  3.3666E-05  2.4929E-13  4.3630E-19  3.3876E-18
  3.4394E-05  2.6889E-13  4.7533E-19  3.6906E-18
  3.5128E-05  2.8973E-13  5.1721E-19  4.0158E-18
  3.5867E-05  3.1186E-13  5.6212E-19  4.3645E-18
  3.6611E-05  3.3535E-13  6.1024E-19  4.7381E-18
  3.7361E-05  3.6026E-13  6.6176E-19  5.1381E-18
  3.8115E-05  3.8665E-13  7.1687E-19  5.5660E-18
  3.8875E-05  4.1460E-13  7.7577E-19  6.0233E-18
  3.9640E-05  4.4419E-13  8.3867E-19  6.5117E-18
  4.0411E-05  4.7548E-13  9.0581E-19  7.0330E-18
  4.1187E-05  5.0856E-13  9.7741E-19  7.5889E-18
  4.1968E-05  5.4351E-13  1.0537E-18  8.1814E-18
  4.2755E-05  5.8041E-13  1.1350E-18  8.8125E-18
  4.3548E-05  6.1935E-13  1.2215E-18  9.4841E-18
  4.4345E-05  6.6043E-13  1.3135E-18  1.0199E-17
  4.5149E-05  7.0373E-13  1.4113E-18  1.0958E-17
  4.5958E-05  7.4935E-13  1.5153E-18  1.1765E-17
  4.6773E-05  7.9740E-13  1.6256E-18  1.2622E-17
  4.7593E-05  8.4799E-13  1.7427E-18  1.3531E-17
  4.8419E-05  9.0121E-13  1.8669E-18  1.4495E-17
  4.9251E-05  9.5719E-13  1.9986E-18  1.5517E-17
  5.0089E-05  1.0160E-12  2.1381E-18  1.6601E-17
  5.0933E-05  1.0779E-12  2.2858E-18  1.7748E-17
  5.1783E-05  1.1428E-12  2.4422E-18  1.8962E-17
  5.2638E-05  1.2110E-12  2.6076E-18  2.0246E-17
  5.3500E-05  1.2826E-12  2.7826E-18  2.1605E-17
  5.4367E-05  1.3577E-12  2.9675E-18  2.3041E-17
  5.5241E-05  1.4365E-12  3.1629E-18  2.4558E-17
  5.6121E-05  1.5190E-12  3.3692E-18  2.6160E-17
  5.7007E-05  1.6056E-12  3.5871E-18  2.7851E-17
  5.7899E-05  1.6963E-12  3.8169E-18  2.9636E-17
  5.8797E-05  1.7912E-12  4.0594E-18  3.1518E-17
  5.9702E-05  1.8906E-12  4.3150E-18  3.3503E-17
  6.0613E-05  1.9947E-12  4.5845E-18  3.5595E-17
  6.1530E-05  2.1036E-12  4.8684E-18  3.7800E-17
  6.2454E-05  2.2175E-12  5.1674E-18  4.0121E-17
  6.3384E-05  2.3365E-12  5.4822E-18  4.2566E-17
  6.4321E-05  2.4610E-12  5.8136E-18  4.5138E-17
  6.5264E-05  2.5911E-12  6.1622E-18  4.7845E-17
  6.6214E-05  2.7271E-12  6.5289E-18  5.0692E-17
  6.7170E-05  2.8690E-12  6.9144E-18  5.3685E-17
  6.8134E-05  3.0173E-12  7.3196E-18  5.6832E-17
  6.9104E-05  3.1721E-12  7.7454E-18  6.0138E-17
  7.0080E-05  3.3336E-12  8.1927E-18  6.3611E-17
  7.1064E-05  3.5022E-12  8.6624E-18  6.7258E-17
  7.2055E-05  3.6780E-12  9.1556E-18  7.1087E-17
  7.3052E-05  3.8614E-12  9.6732E-18  7.5105E-17
  7.4056E-05  4.0526E-12  1.0216E-17  7.9322E-17
  7.5068E-05  4.2519E-12  1.0786E-17  8.3745E-17
  7.6086E-05  4.4596E-12  1.1383E-17  8.8383E-17
  7.7112E-05  4.6761E-12  1.2010E-17  9.3246E-17
  7.8145E-05  4.9015E-12  1.2666E-17  9.8343E-17
  7.9185E-05  5.1364E-12  1.3354E-17  1.0368E-16
  8.0232E-05  5.3809E-12  1.4075E-17  1.0928E-16
  8.1287E-05  5.6355E-12  1.4829E-17  1.1514E-16
  8.2349E-05  5.9005E-12  1.5620E-17  1.2128E-16
  8.3418E-05  6.1763E-12  1.6447E-17  1.2770E-16
  8.4495E-05  6.4632E-12  1.7313E-17  1.3442E-16
  8.5580E-05  6.7617E-12  1.8219E-17  1.4146E-16
  8.6672E-05  7.0722E-12  1.9167E-17  1.4882E-16
  8.7772E-05  7.3950E-12  2.0159E-17  1.5652E-16
  8.8879E-05  7.7307E-12  2.1195E-17  1.6457E-16
  8.9994E-05  8.0796E-12  2.2279E-17  1.7298E-16
  9.1117E-05  8.4423E-12  2.3412E-17  1.8178E-16
  9.2248E-05  8.8192E-12  2.4596E-17  1.9097E-16
  9.3387E-05  9.2107E-12  2.5834E-17  2.0058E-16
  9.4534E-05  9.6175E-12  2.7126E-17  2.1062E-16
  9.5688E-05  1.0040E-11  2.8476E-17  2.2110E-16
  9.6851E-05  1.0479E-11  2.9886E-17  2.3204E-16
  9.8022E-05  1.0934E-11  3.1357E-17  2.4347E-16
  9.9202E-05  1.1407E-11  3.2894E-17  2.5540E-16
  1.0039E-04  1.1898E-11  3.4497E-17  2.6785E-16
  1.0158E-04  1.2408E-11  3.6170E-17  2.8084E-16
  1.0279E-04  1.2937E-11  3.7916E-17  2.9439E-16
  1.0400E-04  1.3485E-11  3.9737E-17  3.0853E-16
  1.0522E-04  1.4055E-11  4.1636E-17  3.2328E-16
  1.0645E-04  1.4645E-11  4.3617E-17  3.3866E-16
  1.0769E-04  1.5257E-11  4.5682E-17  3.5469E-16
  1.0894E-04  1.5892E-11  4.7835E-17  3.7140E-16
  1.1019E-04  1.6551E-11  5.0078E-17  3.8882E-16
  1.1146E-04  1.7233E-11  5.2417E-17  4.0698E-16
  1.1273E-04  1.7941E-11  5.4853E-17  4.2590E-16
  1.1401E-04  1.8674E-11  5.7391E-17  4.4560E-16
  1.1530E-04  1.9434E-11  6.0036E-17  4.6613E-16
  1.1660E-04  2.0222E-11  6.2790E-17  4.8752E-16
  1.1791E-04  2.1038E-11  6.5657E-17  5.0978E-16
  1.1923E-04  2.1883E-11  6.8644E-17  5.3297E-16
  1.2056E-04  2.2759E-11  7.1752E-17  5.5711E-16
  1.2190E-04  2.3666E-11  7.4988E-17  5.8223E-16
  1.2324E-04  2.4605E-11  7.8357E-17  6.0838E-16
  1.2460E-04  2.5578E-11  8.1862E-17  6.3560E-16
  1.2596E-04  2.6585E-11  8.5509E-17  6.6392E-16
  1.2734E-04  2.7627E-11  8.9303E-17  6.9338E-16
  1.2872E-04  2.8706E-11  9.3251E-17  7.2403E-16
  1.3012E-04  2.9823E-11  9.7356E-17  7.5590E-16
  1.3152E-04  3.0979E-11  1.0163E-16  7.8906E-16
  1.3293E-04  3.2176E-11  1.0607E-16  8.2353E-16
  1.3436E-04  3.3414E-11  1.1068E-16  8.5938E-16
  1.3579E-04  3.4695E-11  1.1548E-16  8.9665E-16
  1.3723E-04  3.6020E-11  1.2047E-16  9.3538E-16
  1.3869E-04  3.7391E-11  1.2566E-16  9.7565E-16
  1.4015E-04  3.8808E-11  1.3105E-16  1.0175E-15
  1.4163E-04  4.0275E-11  1.3665E-16  1.0610E-15
  1.4311E-04  4.1791E-11  1.4247E-16  1.1062E-15
  1.4460E-04  4.3359E-11  1.4851E-16  1.1531E-15
  1.4611E-04  4.4981E-11  1.5480E-16  1.2019E-15
  1.4763E-04  4.6657E-11  1.6132E-16  1.2525E-15
  1.4915E-04  4.8390E-11  1.6810E-16  1.3051E-15
  1.5069E-04  5.0182E-11  1.7513E-16  1.3598E-15
  1.5224E-04  5.2033E-11  1.8244E-16  1.4165E-15
  1.5380E-04  5.3947E-11  1.9003E-16  1.4754E-15
  1.5537E-04  5.5925E-11  1.9790E-16  1.5366E-15
  1.5695E-04  5.7969E-11  2.0608E-16  1.6001E-15
  1.5854E-04  6.0081E-11  2.1457E-16  1.6660E-15
  1.6014E-04  6.2263E-11  2.2338E-16  1.7344E-15
  1.6175E-04  6.4517E-11  2.3252E-16  1.8054E-15
  1.6338E-04  6.6846E-11  2.4201E-16  1.8790E-15
  1.6502E-04  6.9251E-11  2.5185E-16  1.9554E-15
  1.6666E-04  7.1736E-11  2.6206E-16  2.0347E-15
  1.6832E-04  7.4302E-11  2.7266E-16  2.1170E-15
  1.6999E-04  7.6952E-11  2.8365E-16  2.2023E-15
  1.7168E-04  7.9689E-11  2.9505E-16  2.2909E-15
  1.7337E-04  8.2515E-11  3.0687E-16  2.3827E-15
  1.7508E-04  8.5433E-11  3.1914E-16  2.4779E-15
  1.7680E-04  8.8445E-11  3.3185E-16  2.5766E-15
  1.7853E-04  9.1555E-11  3.4504E-16  2.6790E-15
  1.8027E-04  9.4766E-11  3.5871E-16  2.7851E-15
  1.8203E-04  9.8080E-11  3.7288E-16  2.8952E-15
  1.8379E-04  1.0150E-10  3.8757E-16  3.0092E-15
  1.8557E-04  1.0503E-10  4.0280E-16  3.1275E-15
  1.8736E-04  1.0867E-10  4.1859E-16  3.2500E-15
  1.8917E-04  1.1243E-10  4.3495E-16  3.3771E-15
  1.9099E-04  1.1631E-10  4.5190E-16  3.5087E-15
  1.9282E-04  1.2032E-10  4.6947E-16  3.6451E-15
  1.9466E-04  1.2445E-10  4.8768E-16  3.7865E-15
  1.9651E-04  1.2871E-10  5.0654E-16  3.9329E-15
  1.9838E-04  1.3311E-10  5.2608E-16  4.0846E-15
  2.0026E-04  1.3764E-10  5.4632E-16  4.2418E-15
  2.0216E-04  1.4232E-10  5.6730E-16  4.4047E-15
  2.0407E-04  1.4715E-10  5.8902E-16  4.5733E-15
  2.0599E-04  1.5213E-10  6.1152E-16  4.7480E-15
  2.0792E-04  1.5726E-10  6.3482E-16  4.9289E-15
  2.0987E-04  1.6256E-10  6.5895E-16  5.1163E-15
  2.1183E-04  1.6802E-10  6.8394E-16  5.3103E-15
  2.1381E-04  1.7365E-10  7.0982E-16  5.5112E-15
  2.1580E-04  1.7946E-10  7.3661E-16  5.7192E-15
  2.1780E-04  1.8544E-10  7.6435E-16  5.9346E-15
  2.1982E-04  1.9161E-10  7.9306E-16  6.1576E-15
  2.2185E-04  1.9798E-10  8.2279E-16  6.3884E-15
  2.2390E-04  2.0454E-10  8.5356E-16  6.6273E-15
  2.2596E-04  2.1130E-10  8.8542E-16  6.8747E-15
  2.2803E-04  2.1828E-10  9.1839E-16  7.1306E-15
  2.3012E-04  2.2546E-10  9.5251E-16  7.3956E-15
  2.3223E-04  2.3287E-10  9.8782E-16  7.6697E-15
  2.3434E-04  2.4050E-10  1.0244E-15  7.9534E-15
  2.3648E-04  2.4837E-10  1.0622E-15  8.2470E-15
  2.3863E-04  2.5648E-10  1.1013E-15  8.5508E-15
  2.4079E-04  2.6484E-10  1.1418E-15  8.8651E-15
  2.4297E-04  2.7345E-10  1.1837E-15  9.1903E-15
  2.4516E-04  2.8232E-10  1.2270E-15  9.5268E-15
  2.4737E-04  2.9147E-10  1.2718E-15  9.8748E-15
  2.4959E-04  3.0089E-10  1.3182E-15  1.0235E-14
  2.5183E-04  3.1060E-10  1.3662E-15  1.0607E-14
  2.5409E-04  3.2060E-10  1.4158E-15  1.0992E-14
  2.5636E-04  3.3090E-10  1.4671E-15  1.1391E-14
  2.5865E-04  3.4151E-10  1.5201E-15  1.1803E-14
  2.6095E-04  3.5245E-10  1.5750E-15  1.2229E-14
  2.6327E-04  3.6371E-10  1.6318E-15  1.2670E-14
  2.6561E-04  3.7531E-10  1.6905E-15  1.3125E-14
  2.6796E-04  3.8726E-10  1.7511E-15  1.3596E-14
  2.7033E-04  3.9957E-10  1.8139E-15  1.4083E-14
  2.7271E-04  4.1225E-10  1.8787E-15  1.4587E-14
  2.7512E-04  4.2530E-10  1.9458E-15  1.5108E-14
  2.7753E-04  4.3875E-10  2.0151E-15  1.5646E-14
  2.7997E-04  4.5259E-10  2.0868E-15  1.6203E-14
  2.8242E-04  4.6685E-10  2.1609E-15  1.6778E-14
  2.8489E-04  4.8153E-10  2.2375E-15  1.7373E-14
  2.8738E-04  4.9665E-10  2.3167E-15  1.7987E-14
  2.8988E-04  5.1221E-10  2.3985E-15  1.8623E-14
  2.9241E-04  5.2824E-10  2.4830E-15  1.9279E-14
  2.9495E-04  5.4474E-10  2.5704E-15  1.9958E-14
  2.9750E-04  5.6173E-10  2.6608E-15  2.0659E-14
  3.0008E-04  5.7922E-10  2.7541E-15  2.1384E-14
  3.0267E-04  5.9723E-10  2.8506E-15  2.2133E-14
  3.0528E-04  6.1576E-10  2.9502E-15  2.2906E-14
  3.0791E-04  6.3485E-10  3.0532E-15  2.3706E-14
  3.1056E-04  6.5449E-10  3.1596E-15  2.4532E-14
  3.1323E-04  6.7471E-10  3.2695E-15  2.5386E-14
  3.1591E-04  6.9552E-10  3.3831E-15  2.6267E-14
  3.1862E-04  7.1694E-10  3.5004E-15  2.7178E-14
  3.2134E-04  7.3898E-10  3.6216E-15  2.8120E-14
  3.2408E-04  7.6167E-10  3.7469E-15  2.9092E-14
  3.2684E-04  7.8503E-10  3.8762E-15  3.0096E-14
  3.2963E-04  8.0906E-10  4.0098E-15  3.1133E-14
  3.3243E-04  8.3379E-10  4.1478E-15  3.2205E-14
  3.3525E-04  8.5924E-10  4.2904E-15  3.3312E-14
  3.3809E-04  8.8544E-10  4.4376E-15  3.4455E-14
  3.4094E-04  9.1239E-10  4.5896E-15  3.5635E-14
  3.4382E-04  9.4012E-10  4.7466E-15  3.6854E-14
  3.4672E-04  9.6866E-10  4.9088E-15  3.8113E-14
  3.4964E-04  9.9802E-10  5.0762E-15  3.9413E-14
  3.5258E-04  1.0282E-09  5.2492E-15  4.0756E-14
  3.5554E-04  1.0593E-09  5.4277E-15  4.2142E-14
  3.5853E-04  1.0913E-09  5.6121E-15  4.3574E-14
  3.6153E-04  1.1242E-09  5.8025E-15  4.5052E-14
  3.6455E-04  1.1580E-09  5.9990E-15  4.6578E-14
  3.6760E-04  1.1929E-09  6.2020E-15  4.8154E-14
  3.7066E-04  1.2287E-09  6.4115E-15  4.9781E-14
  3.7375E-04  1.2655E-09  6.6278E-15  5.1460E-14
  3.7686E-04  1.3034E-09  6.8511E-15  5.3194E-14
  3.7999E-04  1.3424E-09  7.0816E-15  5.4984E-14
  3.8314E-04  1.3826E-09  7.3195E-15  5.6831E-14
  3.8632E-04  1.4238E-09  7.5652E-15  5.8738E-14
  3.8951E-04  1.4662E-09  7.8187E-15  6.0707E-14
  3.9273E-04  1.5099E-09  8.0804E-15  6.2739E-14
  3.9598E-04  1.5548E-09  8.3506E-15  6.4836E-14
  3.9924E-04  1.6010E-09  8.6294E-15  6.7001E-14
  4.0253E-04  1.6485E-09  8.9171E-15  6.9235E-14
  4.0584E-04  1.6973E-09  9.2141E-15  7.1541E-14
  4.0917E-04  1.7475E-09  9.5206E-15  7.3921E-14
  4.1253E-04  1.7992E-09  9.8369E-15  7.6377E-14
  4.1591E-04  1.8523E-09  1.0163E-14  7.8911E-14
  4.1931E-04  1.9069E-09  1.0500E-14  8.1527E-14
  4.2274E-04  1.9631E-09  1.0848E-14  8.4226E-14
  4.2619E-04  2.0209E-09  1.1206E-14  8.7010E-14
  4.2967E-04  2.0803E-09  1.1577E-14  8.9884E-14
  4.3317E-04  2.1414E-09  1.1958E-14  9.2849E-14
  4.3670E-04  2.2042E-09  1.2352E-14  9.5908E-14
  4.4024E-04  2.2687E-09  1.2759E-14  9.9065E-14
  4.4382E-04  2.3351E-09  1.3178E-14  1.0232E-13
  4.4742E-04  2.4034E-09  1.3611E-14  1.0568E-13
  4.5104E-04  2.4736E-09  1.4058E-14  1.0915E-13
  4.5469E-04  2.5458E-09  1.4518E-14  1.1272E-13
  4.5837E-04  2.6200E-09  1.4993E-14  1.1641E-13
  4.6207E-04  2.6962E-09  1.5484E-14  1.2022E-13
  4.6580E-04  2.7747E-09  1.5989E-14  1.2415E-13
  4.6955E-04  2.8553E-09  1.6511E-14  1.2820E-13
  4.7333E-04  2.9382E-09  1.7049E-14  1.3237E-13
  4.7714E-04  3.0234E-09  1.7604E-14  1.3668E-13
  4.8097E-04  3.1110E-09  1.8176E-14  1.4113E-13
  4.8483E-04  3.2010E-09  1.8767E-14  1.4571E-13
  4.8872E-04  3.2936E-09  1.9376E-14  1.5044E-13
  4.9263E-04  3.3887E-09  2.0004E-14  1.5532E-13
  4.9657E-04  3.4865E-09  2.0652E-14  1.6035E-13
  5.0054E-04  3.5871E-09  2.1320E-14  1.6554E-13
  5.0454E-04  3.6904E-09  2.2009E-14  1.7089E-13
  5.0856E-04  3.7966E-09  2.2720E-14  1.7640E-13
  5.1261E-04  3.9058E-09  2.3453E-14  1.8210E-13
  5.1669E-04  4.0180E-09  2.4209E-14  1.8796E-13
  5.2080E-04  4.1333E-09  2.4988E-14  1.9402E-13
  5.2494E-04  4.2519E-09  2.5792E-14  2.0026E-13
  5.2911E-04  4.3737E-09  2.6621E-14  2.0669E-13
  5.3330E-04  4.4989E-09  2.7475E-14  2.1333E-13
  5.3753E-04  4.6276E-09  2.8357E-14  2.2017E-13
  5.4179E-04  4.7599E-09  2.9265E-14  2.2722E-13
  5.4607E-04  4.8958E-09  3.0202E-14  2.3450E-13
  5.5039E-04  5.0355E-09  3.1168E-14  2.4200E-13
  5.5473E-04  5.1790E-09  3.2164E-14  2.4973E-13
  5.5911E-04  5.3266E-09  3.3191E-14  2.5771E-13
  5.6351E-04  5.4782E-09  3.4250E-14  2.6593E-13
  5.6795E-04  5.6340E-09  3.5341E-14  2.7440E-13
  5.7242E-04  5.7941E-09  3.6467E-14  2.8314E-13
  5.7692E-04  5.9586E-09  3.7627E-14  2.9215E-13
  5.8145E-04  6.1276E-09  3.8823E-14  3.0143E-13
  5.8601E-04  6.3013E-09  4.0056E-14  3.1101E-13
  5.9061E-04  6.4798E-09  4.1327E-14  3.2088E-13
  5.9523E-04  6.6633E-09  4.2638E-14  3.3105E-13
  5.9989E-04  6.8517E-09  4.3988E-14  3.4154E-13
  6.0459E-04  7.0454E-09  4.5381E-14  3.5235E-13
  6.0931E-04  7.2443E-09  4.6816E-14  3.6349E-13
  6.1407E-04  7.4488E-09  4.8295E-14  3.7498E-13
  6.1886E-04  7.6588E-09  4.9820E-14  3.8682E-13
  6.2368E-04  7.8747E-09  5.1392E-14  3.9902E-13
  6.2854E-04  8.0964E-09  5.3012E-14  4.1160E-13
  6.3343E-04  8.3242E-09  5.4682E-14  4.2457E-13
  6.3836E-04  8.5583E-09  5.6403E-14  4.3793E-13
  6.4332E-04  8.7988E-09  5.8177E-14  4.5171E-13
  6.4832E-04  9.0459E-09  6.0006E-14  4.6590E-13
  6.5335E-04  9.2997E-09  6.1890E-14  4.8053E-13
  6.5841E-04  9.5605E-09  6.3832E-14  4.9561E-13
  6.6352E-04  9.8284E-09  6.5833E-14  5.1115E-13
  6.6865E-04  1.0104E-08  6.7896E-14  5.2716E-13
  6.7383E-04  1.0386E-08  7.0022E-14  5.4367E-13
  6.7904E-04  1.0677E-08  7.2212E-14  5.6068E-13
  6.8428E-04  1.0975E-08  7.4470E-14  5.7821E-13
  6.8956E-04  1.1282E-08  7.6796E-14  5.9627E-13
  6.9488E-04  1.1597E-08  7.9193E-14  6.1488E-13
  7.0024E-04  1.1920E-08  8.1664E-14  6.3406E-13
  7.0563E-04  1.2253E-08  8.4209E-14  6.5383E-13
  7.1107E-04  1.2594E-08  8.6832E-14  6.7419E-13
  7.1654E-04  1.2945E-08  8.9535E-14  6.9518E-13
  7.2204E-04  1.3305E-08  9.2320E-14  7.1680E-13
  7.2759E-04  1.3675E-08  9.5190E-14  7.3908E-13
  7.3318E-04  1.4055E-08  9.8147E-14  7.6204E-13
  7.3880E-04  1.4445E-08  1.0119E-13  7.8570E-13
  7.4447E-04  1.4846E-08  1.0433E-13  8.1007E-13
  7.5017E-04  1.5258E-08  1.0757E-13  8.3518E-13
  7.5591E-04  1.5681E-08  1.1090E-13  8.6105E-13
  7.6170E-04  1.6116E-08  1.1433E-13  8.8771E-13
  7.6752E-04  1.6562E-08  1.1787E-13  9.1518E-13
  7.7339E-04  1.7021E-08  1.2151E-13  9.4347E-13
  7.7929E-04  1.7492E-08  1.2527E-13  9.7263E-13
  7.8524E-04  1.7975E-08  1.2914E-13  1.0027E-12
  7.9123E-04  1.8472E-08  1.3312E-13  1.0336E-12
  7.9726E-04  1.8982E-08  1.3723E-13  1.0655E-12
  8.0333E-04  1.9507E-08  1.4146E-13  1.0983E-12
  8.0945E-04  2.0045E-08  1.4581E-13  1.1321E-12
  8.1561E-04  2.0598E-08  1.5030E-13  1.1670E-12
  8.2181E-04  2.1165E-08  1.5493E-13  1.2029E-12
  8.2805E-04  2.1748E-08  1.5969E-13  1.2399E-12
  8.3434E-04  2.2347E-08  1.6460E-13  1.2780E-12
  8.4068E-04  2.2962E-08  1.6965E-13  1.3172E-12
  8.4705E-04  2.3594E-08  1.7486E-13  1.3576E-12
  8.5348E-04  2.4242E-08  1.8022E-13  1.3993E-12
  8.5994E-04  2.4909E-08  1.8575E-13  1.4422E-12
  8.6645E-04  2.5593E-08  1.9144E-13  1.4864E-12
  8.7301E-04  2.6295E-08  1.9730E-13  1.5319E-12
  8.7962E-04  2.7017E-08  2.0333E-13  1.5788E-12
  8.8626E-04  2.7758E-08  2.0955E-13  1.6270E-12
  8.9296E-04  2.8519E-08  2.1596E-13  1.6768E-12
  8.9970E-04  2.9300E-08  2.2256E-13  1.7280E-12
  9.0649E-04  3.0103E-08  2.2935E-13  1.7808E-12
  9.1333E-04  3.0927E-08  2.3635E-13  1.8351E-12
  9.2022E-04  3.1773E-08  2.4356E-13  1.8911E-12
  9.2715E-04  3.2642E-08  2.5098E-13  1.9487E-12
  9.3413E-04  3.3535E-08  2.5863E-13  2.0081E-12
  9.4117E-04  3.4451E-08  2.6650E-13  2.0692E-12
  9.4825E-04  3.5392E-08  2.7462E-13  2.1322E-12
  9.5538E-04  3.6358E-08  2.8297E-13  2.1971E-12
  9.6256E-04  3.7351E-08  2.9157E-13  2.2638E-12
  9.6979E-04  3.8370E-08  3.0043E-13  2.3326E-12
  9.7707E-04  3.9416E-08  3.0955E-13  2.4035E-12
  9.8440E-04  4.0490E-08  3.1895E-13  2.4764E-12
  9.9178E-04  4.1594E-08  3.2863E-13  2.5516E-12
  9.9922E-04  4.2726E-08  3.3859E-13  2.6289E-12
  1.0067E-03  4.3890E-08  3.4886E-13  2.7086E-12
  1.0142E-03  4.5084E-08  3.5942E-13  2.7907E-12
  1.0218E-03  4.6310E-08  3.7031E-13  2.8752E-12
  1.0295E-03  4.7570E-08  3.8151E-13  2.9622E-12
  1.0372E-03  4.8863E-08  3.9306E-13  3.0518E-12
  1.0449E-03  5.0190E-08  4.0494E-13  3.1441E-12
  1.0527E-03  5.1553E-08  4.1718E-13  3.2391E-12
  1.0606E-03  5.2953E-08  4.2978E-13  3.3369E-12
  1.0685E-03  5.4390E-08  4.4275E-13  3.4377E-12
  1.0765E-03  5.5866E-08  4.5612E-13  3.5414E-12
  1.0845E-03  5.7381E-08  4.6987E-13  3.6483E-12
  1.0926E-03  5.8937E-08  4.8404E-13  3.7582E-12
  1.1007E-03  6.0534E-08  4.9863E-13  3.8715E-12
  1.1089E-03  6.2174E-08  5.1365E-13  3.9881E-12
  1.1172E-03  6.3858E-08  5.2912E-13  4.1082E-12
  1.1255E-03  6.5586E-08  5.4504E-13  4.2319E-12
  1.1339E-03  6.7361E-08  5.6144E-13  4.3592E-12
  1.1423E-03  6.9184E-08  5.7832E-13  4.4902E-12
  1.1508E-03  7.1055E-08  5.9570E-13  4.6252E-12
  1.1593E-03  7.2976E-08  6.1360E-13  4.7641E-12
  1.1679E-03  7.4948E-08  6.3202E-13  4.9072E-12
  1.1766E-03  7.6973E-08  6.5099E-13  5.0545E-12
  1.1853E-03  7.9052E-08  6.7053E-13  5.2062E-12
  1.1941E-03  8.1186E-08  6.9064E-13  5.3623E-12
  1.2030E-03  8.3378E-08  7.1134E-13  5.5231E-12
  1.2119E-03  8.5627E-08  7.3266E-13  5.6886E-12
  1.2209E-03  8.7937E-08  7.5461E-13  5.8590E-12
  1.2299E-03  9.0308E-08  7.7720E-13  6.0344E-12
  1.2390E-03  9.2743E-08  8.0046E-13  6.2150E-12
  1.2482E-03  9.5242E-08  8.2441E-13  6.4010E-12
  1.2574E-03  9.7808E-08  8.4907E-13  6.5924E-12
  1.2667E-03  1.0044E-07  8.7445E-13  6.7895E-12
  1.2761E-03  1.0315E-07  9.0058E-13  6.9924E-12
  1.2855E-03  1.0592E-07  9.2748E-13  7.2013E-12
  1.2950E-03  1.0877E-07  9.5518E-13  7.4163E-12
  1.3045E-03  1.1170E-07  9.8369E-13  7.6377E-12
  1.3142E-03  1.1470E-07  1.0130E-12  7.8655E-12
  1.3238E-03  1.1779E-07  1.0433E-12  8.1001E-12
  1.3336E-03  1.2095E-07  1.0744E-12  8.3416E-12
  1.3434E-03  1.2420E-07  1.1064E-12  8.5902E-12
  1.3533E-03  1.2754E-07  1.1393E-12  8.8462E-12
  1.3633E-03  1.3097E-07  1.1733E-12  9.1096E-12
  1.3733E-03  1.3448E-07  1.2082E-12  9.3808E-12
  1.3834E-03  1.3809E-07  1.2442E-12  9.6600E-12
  1.3936E-03  1.4180E-07  1.2812E-12  9.9473E-12
  1.4039E-03  1.4560E-07  1.3193E-12  1.0243E-11
  1.4142E-03  1.4951E-07  1.3585E-12  1.0548E-11
  1.4246E-03  1.5352E-07  1.3989E-12  1.0861E-11
  1.4350E-03  1.5763E-07  1.4404E-12  1.1184E-11
  1.4456E-03  1.6186E-07  1.4832E-12  1.1516E-11
  1.4562E-03  1.6620E-07  1.5272E-12  1.1858E-11
  1.4669E-03  1.7065E-07  1.5725E-12  1.2210E-11
  1.4776E-03  1.7522E-07  1.6192E-12  1.2572E-11
  1.4885E-03  1.7991E-07  1.6672E-12  1.2945E-11
  1.4994E-03  1.8473E-07  1.7166E-12  1.3328E-11
  1.5104E-03  1.8967E-07  1.7675E-12  1.3723E-11
  1.5214E-03  1.9475E-07  1.8199E-12  1.4130E-11
  1.5326E-03  1.9996E-07  1.8738E-12  1.4548E-11
  1.5438E-03  2.0530E-07  1.9292E-12  1.4979E-11
  1.5551E-03  2.1079E-07  1.9863E-12  1.5423E-11
  1.5665E-03  2.1643E-07  2.0451E-12  1.5879E-11
  1.5779E-03  2.2221E-07  2.1056E-12  1.6349E-11
  1.5895E-03  2.2815E-07  2.1679E-12  1.6832E-11
  1.6011E-03  2.3424E-07  2.2319E-12  1.7329E-11
  1.6128E-03  2.4050E-07  2.2979E-12  1.7842E-11
  1.6246E-03  2.4692E-07  2.3658E-12  1.8369E-11
  1.6364E-03  2.5352E-07  2.4356E-12  1.8911E-11
  1.6484E-03  2.6028E-07  2.5076E-12  1.9469E-11
  1.6604E-03  2.6723E-07  2.5816E-12  2.0044E-11
  1.6725E-03  2.7436E-07  2.6577E-12  2.0635E-11
  1.6847E-03  2.8168E-07  2.7361E-12  2.1244E-11
  1.6970E-03  2.8919E-07  2.8168E-12  2.1871E-11
  1.7094E-03  2.9690E-07  2.8999E-12  2.2515E-11
  1.7218E-03  3.0482E-07  2.9853E-12  2.3179E-11
  1.7344E-03  3.1294E-07  3.0733E-12  2.3862E-11
  1.7470E-03  3.2128E-07  3.1638E-12  2.4565E-11
  1.7597E-03  3.2984E-07  3.2569E-12  2.5288E-11
  1.7725E-03  3.3863E-07  3.3528E-12  2.6032E-11
  1.7854E-03  3.4765E-07  3.4515E-12  2.6798E-11
  1.7984E-03  3.5691E-07  3.5530E-12  2.7587E-11
  1.8115E-03  3.6641E-07  3.6575E-12  2.8398E-11
  1.8247E-03  3.7617E-07  3.7651E-12  2.9233E-11
  1.8379E-03  3.8618E-07  3.8758E-12  3.0093E-11
  1.8513E-03  3.9645E-07  3.9897E-12  3.0977E-11
  1.8647E-03  4.0700E-07  4.1069E-12  3.1887E-11
  1.8783E-03  4.1783E-07  4.2275E-12  3.2824E-11
  1.8919E-03  4.2894E-07  4.3516E-12  3.3788E-11
  1.9057E-03  4.4035E-07  4.4794E-12  3.4779E-11
  1.9195E-03  4.5206E-07  4.6109E-12  3.5800E-11
  1.9334E-03  4.6407E-07  4.7462E-12  3.6851E-11
  1.9474E-03  4.7641E-07  4.8854E-12  3.7932E-11
  1.9616E-03  4.8907E-07  5.0287E-12  3.9044E-11
  1.9758E-03  5.0206E-07  5.1761E-12  4.0189E-11
  1.9901E-03  5.1540E-07  5.3278E-12  4.1367E-11
  2.0045E-03  5.2909E-07  5.4839E-12  4.2579E-11
  2.0191E-03  5.4314E-07  5.6446E-12  4.3826E-11
  2.0337E-03  5.5756E-07  5.8099E-12  4.5110E-11
  2.0484E-03  5.7237E-07  5.9801E-12  4.6431E-11
  2.0632E-03  5.8756E-07  6.1551E-12  4.7790E-11
  2.0782E-03  6.0315E-07  6.3353E-12  4.9189E-11
  2.0932E-03  6.1916E-07  6.5207E-12  5.0628E-11
  2.1084E-03  6.3559E-07  6.7114E-12  5.2110E-11
  2.1236E-03  6.5245E-07  6.9077E-12  5.3634E-11
  2.1390E-03  6.6975E-07  7.1097E-12  5.5202E-11
  2.1544E-03  6.8752E-07  7.3175E-12  5.6816E-11
  2.1700E-03  7.0575E-07  7.5314E-12  5.8476E-11
  2.1857E-03  7.2446E-07  7.7515E-12  6.0185E-11
  2.2015E-03  7.4366E-07  7.9779E-12  6.1943E-11
  2.2174E-03  7.6337E-07  8.2110E-12  6.3752E-11
  2.2334E-03  7.8361E-07  8.4507E-12  6.5614E-11
  2.2495E-03  8.0437E-07  8.6974E-12  6.7529E-11
  2.2657E-03  8.2568E-07  8.9513E-12  6.9501E-11
  2.2821E-03  8.4755E-07  9.2125E-12  7.1529E-11
  2.2986E-03  8.7000E-07  9.4813E-12  7.3615E-11
  2.3151E-03  8.9304E-07  9.7578E-12  7.5763E-11
  2.3318E-03  9.1669E-07  1.0042E-11  7.7972E-11
  2.3487E-03  9.4096E-07  1.0335E-11  8.0245E-11
  2.3656E-03  9.6587E-07  1.0636E-11  8.2585E-11
  2.3826E-03  9.9143E-07  1.0946E-11  8.4991E-11
  2.3998E-03  1.0177E-06  1.1265E-11  8.7468E-11
  2.4171E-03  1.0446E-06  1.1594E-11  9.0016E-11
  2.4345E-03  1.0722E-06  1.1931E-11  9.2638E-11
  2.4520E-03  1.1006E-06  1.2279E-11  9.5335E-11
  2.4697E-03  1.1297E-06  1.2636E-11  9.8111E-11
  2.4875E-03  1.1596E-06  1.3004E-11  1.0097E-10
  2.5054E-03  1.1903E-06  1.3382E-11  1.0390E-10
  2.5234E-03  1.2217E-06  1.3772E-11  1.0693E-10
  2.5416E-03  1.2540E-06  1.4172E-11  1.1004E-10
  2.5598E-03  1.2872E-06  1.4585E-11  1.1324E-10
  2.5783E-03  1.3212E-06  1.5009E-11  1.1653E-10
  2.5968E-03  1.3561E-06  1.5445E-11  1.1992E-10
  2.6155E-03  1.3920E-06  1.5894E-11  1.2341E-10
  2.6343E-03  1.4287E-06  1.6356E-11  1.2699E-10
  2.6532E-03  1.4665E-06  1.6831E-11  1.3068E-10
  2.6723E-03  1.5052E-06  1.7320E-11  1.3448E-10
  2.6915E-03  1.5450E-06  1.7823E-11  1.3838E-10
  2.7108E-03  1.5858E-06  1.8341E-11  1.4240E-10
  2.7302E-03  1.6276E-06  1.8873E-11  1.4654E-10
  2.7499E-03  1.6706E-06  1.9421E-11  1.5079E-10
  2.7696E-03  1.7147E-06  1.9985E-11  1.5517E-10
  2.7895E-03  1.7600E-06  2.0565E-11  1.5967E-10
  2.8095E-03  1.8064E-06  2.1162E-11  1.6430E-10
  2.8296E-03  1.8541E-06  2.1775E-11  1.6907E-10
  2.8499E-03  1.9030E-06  2.2407E-11  1.7397E-10
  2.8704E-03  1.9532E-06  2.3057E-11  1.7902E-10
  2.8910E-03  2.0048E-06  2.3725E-11  1.8421E-10
  2.9117E-03  2.0577E-06  2.4413E-11  1.8955E-10
  2.9326E-03  2.1119E-06  2.5121E-11  1.9504E-10
  2.9536E-03  2.1676E-06  2.5849E-11  2.0070E-10
  2.9748E-03  2.2248E-06  2.6598E-11  2.0651E-10
  2.9961E-03  2.2834E-06  2.7368E-11  2.1249E-10
  3.0175E-03  2.3436E-06  2.8161E-11  2.1865E-10
  3.0391E-03  2.4054E-06  2.8976E-11  2.2498E-10
  3.0609E-03  2.4688E-06  2.9815E-11  2.3149E-10
  3.0828E-03  2.5339E-06  3.0678E-11  2.3820E-10
  3.1049E-03  2.6007E-06  3.1566E-11  2.4509E-10
  3.1271E-03  2.6692E-06  3.2480E-11  2.5218E-10
  3.1495E-03  2.7395E-06  3.3420E-11  2.5948E-10
  3.1720E-03  2.8117E-06  3.4387E-11  2.6699E-10
  3.1947E-03  2.8857E-06  3.5381E-11  2.7471E-10
  3.2176E-03  2.9617E-06  3.6405E-11  2.8266E-10
  3.2406E-03  3.0397E-06  3.7457E-11  2.9083E-10
  3.2638E-03  3.1198E-06  3.8540E-11  2.9924E-10
  3.2871E-03  3.2019E-06  3.9655E-11  3.0789E-10
  3.3106E-03  3.2862E-06  4.0801E-11  3.1679E-10
  3.3343E-03  3.3727E-06  4.1980E-11  3.2595E-10
  3.3581E-03  3.4614E-06  4.3193E-11  3.3536E-10
  3.3821E-03  3.5525E-06  4.4441E-11  3.4505E-10
  3.4063E-03  3.6460E-06  4.5725E-11  3.5502E-10
  3.4306E-03  3.7419E-06  4.7046E-11  3.6528E-10
  3.4551E-03  3.8404E-06  4.8404E-11  3.7582E-10
  3.4798E-03  3.9414E-06  4.9802E-11  3.8668E-10
  3.5046E-03  4.0451E-06  5.1240E-11  3.9784E-10
  3.5297E-03  4.1514E-06  5.2719E-11  4.0932E-10
  3.5548E-03  4.2606E-06  5.4240E-11  4.2114E-10
  3.5802E-03  4.3726E-06  5.5806E-11  4.3329E-10
  3.6058E-03  4.4876E-06  5.7416E-11  4.4579E-10
  3.6315E-03  4.6055E-06  5.9072E-11  4.5866E-10
  3.6574E-03  4.7266E-06  6.0776E-11  4.7189E-10
  3.6835E-03  4.8508E-06  6.2529E-11  4.8550E-10
  3.7098E-03  4.9783E-06  6.4333E-11  4.9950E-10
  3.7362E-03  5.1091E-06  6.6188E-11  5.1390E-10
  3.7629E-03  5.2433E-06  6.8096E-11  5.2872E-10
  3.7897E-03  5.3810E-06  7.0059E-11  5.4396E-10
  3.8167E-03  5.5224E-06  7.2078E-11  5.5964E-10
  3.8439E-03  5.6674E-06  7.4156E-11  5.7577E-10
  3.8713E-03  5.8162E-06  7.6292E-11  5.9236E-10
  3.8989E-03  5.9690E-06  7.8491E-11  6.0943E-10
  3.9267E-03  6.1257E-06  8.0752E-11  6.2698E-10
  3.9547E-03  6.2865E-06  8.3078E-11  6.4504E-10
  3.9829E-03  6.4515E-06  8.5471E-11  6.6362E-10
  4.0112E-03  6.6208E-06  8.7932E-11  6.8273E-10
  4.0398E-03  6.7945E-06  9.0464E-11  7.0239E-10
  4.0686E-03  6.9728E-06  9.3068E-11  7.2261E-10
  4.0975E-03  7.1557E-06  9.5748E-11  7.4341E-10
  4.1267E-03  7.3434E-06  9.8504E-11  7.6481E-10
  4.1561E-03  7.5360E-06  1.0134E-10  7.8682E-10
  4.1857E-03  7.7337E-06  1.0425E-10  8.0947E-10
  4.2155E-03  7.9365E-06  1.0725E-10  8.3276E-10
  4.2455E-03  8.1446E-06  1.1034E-10  8.5671E-10
  4.2757E-03  8.3581E-06  1.1351E-10  8.8136E-10
  4.3061E-03  8.5772E-06  1.1678E-10  9.0671E-10
  4.3367E-03  8.8020E-06  1.2014E-10  9.3279E-10
  4.3676E-03  9.0326E-06  1.2359E-10  9.5961E-10
  4.3986E-03  9.2693E-06  1.2715E-10  9.8720E-10
  4.4299E-03  9.5122E-06  1.3080E-10  1.0156E-09
  4.4614E-03  9.7614E-06  1.3456E-10  1.0448E-09
  4.4931E-03  1.0017E-05  1.3843E-10  1.0748E-09
  4.5251E-03  1.0279E-05  1.4241E-10  1.1057E-09
  4.5572E-03  1.0549E-05  1.4650E-10  1.1375E-09
  4.5896E-03  1.0825E-05  1.5071E-10  1.1702E-09
  4.6222E-03  1.1108E-05  1.5504E-10  1.2038E-09
  4.6551E-03  1.1399E-05  1.5949E-10  1.2384E-09
  4.6881E-03  1.1697E-05  1.6408E-10  1.2739E-09
  4.7215E-03  1.2003E-05  1.6879E-10  1.3105E-09
  4.7550E-03  1.2317E-05  1.7363E-10  1.3482E-09
  4.7888E-03  1.2640E-05  1.7862E-10  1.3869E-09
  4.8228E-03  1.2970E-05  1.8375E-10  1.4267E-09
  4.8570E-03  1.3310E-05  1.8902E-10  1.4676E-09
  4.8915E-03  1.3658E-05  1.9445E-10  1.5098E-09
  4.9262E-03  1.4015E-05  2.0003E-10  1.5531E-09
  4.9612E-03  1.4381E-05  2.0577E-10  1.5977E-09
  4.9964E-03  1.4757E-05  2.1168E-10  1.6435E-09
  5.0319E-03  1.5143E-05  2.1775E-10  1.6907E-09
  5.0676E-03  1.5538E-05  2.2400E-10  1.7392E-09
  5.1036E-03  1.5944E-05  2.3043E-10  1.7891E-09
  5.1398E-03  1.6361E-05  2.3704E-10  1.8404E-09
  5.1763E-03  1.6788E-05  2.4384E-10  1.8932E-09
  5.2130E-03  1.7227E-05  2.5083E-10  1.9475E-09
  5.2500E-03  1.7677E-05  2.5802E-10  2.0034E-09
  5.2872E-03  1.8138E-05  2.6542E-10  2.0608E-09
  5.3247E-03  1.8612E-05  2.7303E-10  2.1199E-09
  5.3625E-03  1.9097E-05  2.8086E-10  2.1807E-09
  5.4005E-03  1.9596E-05  2.8891E-10  2.2432E-09
  5.4388E-03  2.0107E-05  2.9719E-10  2.3075E-09
  5.4773E-03  2.0632E-05  3.0571E-10  2.3736E-09
  5.5162E-03  2.1170E-05  3.1447E-10  2.4417E-09
  5.5553E-03  2.1722E-05  3.2349E-10  2.5116E-09
  5.5946E-03  2.2288E-05  3.3275E-10  2.5836E-09
  5.6343E-03  2.2869E-05  3.4229E-10  2.6576E-09
  5.6742E-03  2.3466E-05  3.5210E-10  2.7338E-09
  5.7144E-03  2.4077E-05  3.6218E-10  2.8121E-09
  5.7549E-03  2.4705E-05  3.7256E-10  2.8926E-09
  5.7957E-03  2.5348E-05  3.8323E-10  2.9755E-09
  5.8367E-03  2.6009E-05  3.9420E-10  3.0607E-09
  5.8781E-03  2.6686E-05  4.0549E-10  3.1484E-09
  5.9197E-03  2.7381E-05  4.1710E-10  3.2385E-09
  5.9617E-03  2.8094E-05  4.2904E-10  3.3312E-09
  6.0039E-03  2.8825E-05  4.4133E-10  3.4266E-09
  6.0464E-03  2.9575E-05  4.5396E-10  3.5247E-09
  6.0892E-03  3.0345E-05  4.6696E-10  3.6256E-09
  6.1323E-03  3.1135E-05  4.8032E-10  3.7294E-09
  6.1757E-03  3.1945E-05  4.9407E-10  3.8361E-09
  6.2194E-03  3.2775E-05  5.0821E-10  3.9459E-09
  6.2635E-03  3.3628E-05  5.2275E-10  4.0588E-09
  6.3078E-03  3.4502E-05  5.3771E-10  4.1749E-09
  6.3524E-03  3.5399E-05  5.5309E-10  4.2944E-09
  6.3974E-03  3.6319E-05  5.6892E-10  4.4172E-09
  6.4427E-03  3.7262E-05  5.8519E-10  4.5436E-09
  6.4883E-03  3.8230E-05  6.0193E-10  4.6736E-09
  6.5342E-03  3.9223E-05  6.1915E-10  4.8073E-09
  6.5804E-03  4.0242E-05  6.3685E-10  4.9447E-09
  6.6269E-03  4.1287E-05  6.5507E-10  5.0861E-09
  6.6738E-03  4.2358E-05  6.7380E-10  5.2316E-09
  6.7210E-03  4.3458E-05  6.9307E-10  5.3812E-09
  6.7686E-03  4.4585E-05  7.1288E-10  5.5350E-09
  6.8164E-03  4.5742E-05  7.3326E-10  5.6933E-09
  6.8646E-03  4.6928E-05  7.5422E-10  5.8560E-09
  6.9132E-03  4.8145E-05  7.7578E-10  6.0234E-09
  6.9620E-03  4.9393E-05  7.9796E-10  6.1956E-09
  7.0113E-03  5.0674E-05  8.2076E-10  6.3727E-09
  7.0608E-03  5.1987E-05  8.4422E-10  6.5548E-09
  7.1107E-03  5.3334E-05  8.6835E-10  6.7421E-09
  7.1610E-03  5.4715E-05  8.9316E-10  6.9348E-09
  7.2116E-03  5.6132E-05  9.1868E-10  7.1329E-09
  7.2626E-03  5.7585E-05  9.4493E-10  7.3367E-09
  7.3139E-03  5.9076E-05  9.7192E-10  7.5463E-09
  7.3656E-03  6.0605E-05  9.9969E-10  7.7619E-09
  7.4176E-03  6.2173E-05  1.0282E-09  7.9836E-09
  7.4701E-03  6.3781E-05  1.0576E-09  8.2117E-09
  7.5228E-03  6.5430E-05  1.0878E-09  8.4462E-09
  7.5760E-03  6.7122E-05  1.1189E-09  8.6874E-09
  7.6295E-03  6.8857E-05  1.1508E-09  8.9355E-09
  7.6834E-03  7.0636E-05  1.1837E-09  9.1907E-09
  7.7377E-03  7.2461E-05  1.2175E-09  9.4531E-09
  7.7923E-03  7.4332E-05  1.2523E-09  9.7230E-09
  7.8473E-03  7.6252E-05  1.2880E-09  1.0001E-08
  7.9028E-03  7.8220E-05  1.3248E-09  1.0286E-08
  7.9586E-03  8.0239E-05  1.3626E-09  1.0580E-08
  8.0148E-03  8.2309E-05  1.4015E-09  1.0882E-08
  8.0714E-03  8.4433E-05  1.4415E-09  1.1192E-08
  8.1283E-03  8.6610E-05  1.4826E-09  1.1512E-08
  8.1857E-03  8.8843E-05  1.5250E-09  1.1840E-08
  8.2435E-03  9.1133E-05  1.5685E-09  1.2178E-08
  8.3017E-03  9.3481E-05  1.6132E-09  1.2526E-08
  8.3603E-03  9.5889E-05  1.6593E-09  1.2883E-08
  8.4193E-03  9.8359E-05  1.7066E-09  1.3251E-08
  8.4787E-03  1.0089E-04  1.7553E-09  1.3629E-08
  8.5386E-03  1.0349E-04  1.8054E-09  1.4018E-08
  8.5988E-03  1.0615E-04  1.8569E-09  1.4417E-08
  8.6595E-03  1.0888E-04  1.9099E-09  1.4829E-08
  8.7206E-03  1.1168E-04  1.9643E-09  1.5252E-08
  8.7821E-03  1.1455E-04  2.0204E-09  1.5687E-08
  8.8441E-03  1.1750E-04  2.0780E-09  1.6134E-08
  8.9065E-03  1.2052E-04  2.1372E-09  1.6594E-08
  8.9693E-03  1.2361E-04  2.1982E-09  1.7067E-08
  9.0326E-03  1.2679E-04  2.2609E-09  1.7554E-08
  9.0963E-03  1.3004E-04  2.3253E-09  1.8055E-08
  9.1605E-03  1.3338E-04  2.3916E-09  1.8570E-08
  9.2251E-03  1.3680E-04  2.4598E-09  1.9099E-08
  9.2901E-03  1.4031E-04  2.5300E-09  1.9643E-08
  9.3557E-03  1.4390E-04  2.6021E-09  2.0204E-08
  9.4216E-03  1.4759E-04  2.6763E-09  2.0779E-08
  9.4881E-03  1.5137E-04  2.7526E-09  2.1372E-08
  9.5550E-03  1.5525E-04  2.8310E-09  2.1981E-08
  9.6223E-03  1.5923E-04  2.9117E-09  2.2607E-08
  9.6902E-03  1.6330E-04  2.9947E-09  2.3252E-08
  9.7585E-03  1.6748E-04  3.0800E-09  2.3914E-08
  9.8273E-03  1.7176E-04  3.1678E-09  2.4596E-08
  9.8966E-03  1.7616E-04  3.2581E-09  2.5297E-08
  9.9663E-03  1.8066E-04  3.3509E-09  2.6018E-08
  1.0037E-02  1.8528E-04  3.4464E-09  2.6759E-08
  1.0107E-02  1.9001E-04  3.5446E-09  2.7521E-08
  1.0179E-02  1.9486E-04  3.6456E-09  2.8306E-08
  1.0250E-02  1.9983E-04  3.7494E-09  2.9112E-08
  1.0323E-02  2.0493E-04  3.8563E-09  2.9941E-08
  1.0395E-02  2.1016E-04  3.9661E-09  3.0794E-08
  1.0469E-02  2.1552E-04  4.0791E-09  3.1671E-08
  1.0542E-02  2.2101E-04  4.1953E-09  3.2574E-08
  1.0617E-02  2.2664E-04  4.3148E-09  3.3501E-08
  1.0691E-02  2.3241E-04  4.4377E-09  3.4455E-08
  1.0767E-02  2.3833E-04  4.5640E-09  3.5437E-08
  1.0843E-02  2.4440E-04  4.6940E-09  3.6446E-08
  1.0919E-02  2.5061E-04  4.8277E-09  3.7484E-08
  1.0996E-02  2.5699E-04  4.9652E-09  3.8551E-08
  1.1073E-02  2.6352E-04  5.1065E-09  3.9649E-08
  1.1151E-02  2.7021E-04  5.2519E-09  4.0778E-08
  1.1230E-02  2.7708E-04  5.4015E-09  4.1939E-08
  1.1309E-02  2.8411E-04  5.5553E-09  4.3133E-08
  1.1389E-02  2.9132E-04  5.7134E-09  4.4361E-08
  1.1469E-02  2.9871E-04  5.8761E-09  4.5624E-08
  1.1550E-02  3.0628E-04  6.0433E-09  4.6923E-08
  1.1631E-02  3.1405E-04  6.2154E-09  4.8258E-08
  1.1713E-02  3.2200E-04  6.3923E-09  4.9632E-08
  1.1795E-02  3.3016E-04  6.5742E-09  5.1045E-08
  1.1878E-02  3.3851E-04  6.7613E-09  5.2497E-08
  1.1962E-02  3.4708E-04  6.9538E-09  5.3992E-08
  1.2046E-02  3.5586E-04  7.1517E-09  5.5528E-08
  1.2131E-02  3.6485E-04  7.3552E-09  5.7108E-08
  1.2216E-02  3.7407E-04  7.5645E-09  5.8733E-08
  1.2302E-02  3.8352E-04  7.7798E-09  6.0405E-08
  1.2389E-02  3.9320E-04  8.0011E-09  6.2124E-08
  1.2476E-02  4.0312E-04  8.2288E-09  6.3891E-08
  1.2564E-02  4.1329E-04  8.4629E-09  6.5709E-08
  1.2652E-02  4.2371E-04  8.7037E-09  6.7579E-08
  1.2741E-02  4.3439E-04  8.9513E-09  6.9501E-08
  1.2831E-02  4.4533E-04  9.2060E-09  7.1479E-08
  1.2921E-02  4.5654E-04  9.4679E-09  7.3512E-08
  1.3012E-02  4.6802E-04  9.7372E-09  7.5603E-08
  1.3104E-02  4.7979E-04  1.0014E-08  7.7754E-08
  1.3196E-02  4.9185E-04  1.0299E-08  7.9966E-08
  1.3289E-02  5.0421E-04  1.0592E-08  8.2240E-08
  1.3382E-02  5.1687E-04  1.0893E-08  8.4579E-08
  1.3477E-02  5.2985E-04  1.1203E-08  8.6985E-08
  1.3571E-02  5.4314E-04  1.1522E-08  8.9459E-08
  1.3667E-02  5.5676E-04  1.1849E-08  9.2003E-08
  1.3763E-02  5.7071E-04  1.2186E-08  9.4619E-08
  1.3860E-02  5.8500E-04  1.2533E-08  9.7310E-08
  1.3957E-02  5.9965E-04  1.2889E-08  1.0008E-07
  1.4056E-02  6.1465E-04  1.3256E-08  1.0292E-07
  1.4154E-02  6.3002E-04  1.3633E-08  1.0585E-07
  1.4254E-02  6.4577E-04  1.4020E-08  1.0886E-07
  1.4354E-02  6.6190E-04  1.4419E-08  1.1195E-07
  1.4455E-02  6.7842E-04  1.4829E-08  1.1514E-07
  1.4557E-02  6.9535E-04  1.5250E-08  1.1841E-07
  1.4659E-02  7.1269E-04  1.5684E-08  1.2178E-07
  1.4762E-02  7.3045E-04  1.6130E-08  1.2524E-07
  1.4866E-02  7.4865E-04  1.6588E-08  1.2880E-07
  1.4971E-02  7.6728E-04  1.7060E-08  1.3246E-07
  1.5076E-02  7.8637E-04  1.7545E-08  1.3623E-07
  1.5182E-02  8.0593E-04  1.8044E-08  1.4010E-07
  1.5289E-02  8.2595E-04  1.8557E-08  1.4408E-07
  1.5396E-02  8.4647E-04  1.9084E-08  1.4817E-07
  1.5505E-02  8.6748E-04  1.9626E-08  1.5239E-07
  1.5614E-02  8.8900E-04  2.0184E-08  1.5672E-07
  1.5723E-02  9.1104E-04  2.0758E-08  1.6117E-07
  1.5834E-02  9.3361E-04  2.1348E-08  1.6575E-07
  1.5945E-02  9.5672E-04  2.1954E-08  1.7046E-07
  1.6057E-02  9.8040E-04  2.2578E-08  1.7531E-07
  1.6170E-02  1.0046E-03  2.3220E-08  1.8029E-07
  1.6284E-02  1.0295E-03  2.3880E-08  1.8541E-07
  1.6398E-02  1.0549E-03  2.4558E-08  1.9068E-07
  1.6514E-02  1.0809E-03  2.5256E-08  1.9610E-07
  1.6630E-02  1.1076E-03  2.5973E-08  2.0167E-07
  1.6747E-02  1.1349E-03  2.6711E-08  2.0740E-07
  1.6864E-02  1.1628E-03  2.7470E-08  2.1329E-07
  1.6983E-02  1.1915E-03  2.8251E-08  2.1935E-07
  1.7102E-02  1.2208E-03  2.9053E-08  2.2558E-07
  1.7222E-02  1.2508E-03  2.9879E-08  2.3199E-07
  1.7343E-02  1.2815E-03  3.0727E-08  2.3858E-07
  1.7465E-02  1.3130E-03  3.1600E-08  2.4536E-07
  1.7588E-02  1.3452E-03  3.2498E-08  2.5233E-07
  1.7712E-02  1.3782E-03  3.3421E-08  2.5949E-07
  1.7836E-02  1.4119E-03  3.4370E-08  2.6686E-07
  1.7961E-02  1.4465E-03  3.5346E-08  2.7444E-07
  1.8088E-02  1.4819E-03  3.6350E-08  2.8224E-07
  1.8215E-02  1.5181E-03  3.7383E-08  2.9026E-07
  1.8343E-02  1.5552E-03  3.8444E-08  2.9850E-07
  1.8472E-02  1.5931E-03  3.9536E-08  3.0698E-07
  1.8601E-02  1.6320E-03  4.0659E-08  3.1569E-07
  1.8732E-02  1.6718E-03  4.1814E-08  3.2466E-07
  1.8864E-02  1.7125E-03  4.3001E-08  3.3388E-07
  1.8996E-02  1.7542E-03  4.4222E-08  3.4336E-07
  1.9130E-02  1.7968E-03  4.5478E-08  3.5311E-07
  1.9264E-02  1.8405E-03  4.6769E-08  3.6314E-07
  1.9399E-02  1.8852E-03  4.8097E-08  3.7345E-07
  1.9536E-02  1.9309E-03  4.9463E-08  3.8405E-07
  1.9673E-02  1.9777E-03  5.0867E-08  3.9496E-07
  1.9811E-02  2.0256E-03  5.2312E-08  4.0617E-07
  1.9950E-02  2.0746E-03  5.3797E-08  4.1770E-07
  2.0090E-02  2.1248E-03  5.5324E-08  4.2956E-07
  2.0231E-02  2.1761E-03  5.6895E-08  4.4176E-07
  2.0373E-02  2.2286E-03  5.8510E-08  4.5430E-07
  2.0517E-02  2.2824E-03  6.0171E-08  4.6719E-07
  2.0661E-02  2.3374E-03  6.1879E-08  4.8046E-07
  2.0806E-02  2.3937E-03  6.3636E-08  4.9410E-07
  2.0952E-02  2.4513E-03  6.5442E-08  5.0812E-07
  2.1099E-02  2.5102E-03  6.7300E-08  5.2255E-07
  2.1247E-02  2.5705E-03  6.9210E-08  5.3738E-07
  2.1396E-02  2.6322E-03  7.1175E-08  5.5263E-07
  2.1547E-02  2.6953E-03  7.3195E-08  5.6832E-07
  2.1698E-02  2.7598E-03  7.5272E-08  5.8445E-07
  2.1850E-02  2.8259E-03  7.7409E-08  6.0104E-07
  2.2004E-02  2.8935E-03  7.9606E-08  6.1809E-07
  2.2158E-02  2.9626E-03  8.1865E-08  6.3564E-07
  2.2314E-02  3.0333E-03  8.4188E-08  6.5368E-07
  2.2470E-02  3.1056E-03  8.6577E-08  6.7223E-07
  2.2628E-02  3.1796E-03  8.9034E-08  6.9130E-07
  2.2787E-02  3.2553E-03  9.1561E-08  7.1092E-07
  2.2947E-02  3.3327E-03  9.4159E-08  7.3110E-07
  2.3108E-02  3.4119E-03  9.6831E-08  7.5184E-07
  2.3270E-02  3.4928E-03  9.9579E-08  7.7318E-07
  2.3434E-02  3.5756E-03  1.0240E-07  7.9512E-07
  2.3598E-02  3.6603E-03  1.0531E-07  8.1768E-07
  2.3764E-02  3.7469E-03  1.0830E-07  8.4088E-07
  2.3931E-02  3.8355E-03  1.1137E-07  8.6474E-07
  2.4099E-02  3.9261E-03  1.1453E-07  8.8928E-07
  2.4268E-02  4.0187E-03  1.1778E-07  9.1451E-07
  2.4438E-02  4.1134E-03  1.2112E-07  9.4045E-07
  2.4610E-02  4.2102E-03  1.2456E-07  9.6714E-07
  2.4783E-02  4.3092E-03  1.2809E-07  9.9457E-07
  2.4957E-02  4.4105E-03  1.3173E-07  1.0228E-06
  2.5132E-02  4.5140E-03  1.3546E-07  1.0518E-06
  2.5308E-02  4.6198E-03  1.3931E-07  1.0816E-06
  2.5486E-02  4.7280E-03  1.4326E-07  1.1123E-06
  2.5665E-02  4.8386E-03  1.4732E-07  1.1439E-06
  2.5845E-02  4.9516E-03  1.5150E-07  1.1763E-06
  2.6026E-02  5.0672E-03  1.5580E-07  1.2097E-06
  2.6209E-02  5.1854E-03  1.6022E-07  1.2440E-06
  2.6393E-02  5.3061E-03  1.6476E-07  1.2793E-06
  2.6578E-02  5.4296E-03  1.6944E-07  1.3156E-06
  2.6764E-02  5.5557E-03  1.7424E-07  1.3529E-06
  2.6952E-02  5.6847E-03  1.7918E-07  1.3913E-06
  2.7141E-02  5.8165E-03  1.8427E-07  1.4307E-06
  2.7332E-02  5.9512E-03  1.8949E-07  1.4713E-06
  2.7524E-02  6.0888E-03  1.9487E-07  1.5131E-06
  2.7717E-02  6.2295E-03  2.0039E-07  1.5560E-06
  2.7911E-02  6.3732E-03  2.0608E-07  1.6001E-06
  2.8107E-02  6.5201E-03  2.1192E-07  1.6455E-06
  2.8304E-02  6.6702E-03  2.1793E-07  1.6921E-06
  2.8503E-02  6.8235E-03  2.2411E-07  1.7401E-06
  2.8703E-02  6.9802E-03  2.3047E-07  1.7895E-06
  2.8904E-02  7.1403E-03  2.3700E-07  1.8402E-06
  2.9107E-02  7.3038E-03  2.4372E-07  1.8924E-06
  2.9311E-02  7.4709E-03  2.5063E-07  1.9461E-06
  2.9517E-02  7.6416E-03  2.5774E-07  2.0012E-06
  2.9724E-02  7.8160E-03  2.6505E-07  2.0580E-06
  2.9933E-02  7.9941E-03  2.7256E-07  2.1164E-06
  3.0143E-02  8.1760E-03  2.8029E-07  2.1764E-06
  3.0354E-02  8.3619E-03  2.8824E-07  2.2381E-06
  3.0567E-02  8.5517E-03  2.9641E-07  2.3015E-06
  3.0781E-02  8.7455E-03  3.0482E-07  2.3668E-06
  3.0997E-02  8.9435E-03  3.1346E-07  2.4339E-06
  3.1215E-02  9.1457E-03  3.2235E-07  2.5029E-06
  3.1434E-02  9.3522E-03  3.3149E-07  2.5739E-06
  3.1654E-02  9.5631E-03  3.4088E-07  2.6468E-06
  3.1876E-02  9.7784E-03  3.5055E-07  2.7219E-06
  3.2100E-02  9.9982E-03  3.6049E-07  2.7990E-06
  3.2325E-02  1.0223E-02  3.7070E-07  2.8784E-06
  3.2552E-02  1.0452E-02  3.8121E-07  2.9600E-06
  3.2780E-02  1.0686E-02  3.9202E-07  3.0439E-06
  3.3010E-02  1.0925E-02  4.0313E-07  3.1302E-06
  3.3242E-02  1.1169E-02  4.1456E-07  3.2189E-06
  3.3475E-02  1.1418E-02  4.2631E-07  3.3102E-06
  3.3710E-02  1.1672E-02  4.3840E-07  3.4040E-06
  3.3946E-02  1.1931E-02  4.5082E-07  3.5005E-06
  3.4184E-02  1.2196E-02  4.6360E-07  3.5997E-06
  3.4424E-02  1.2466E-02  4.7674E-07  3.7017E-06
  3.4665E-02  1.2742E-02  4.9025E-07  3.8067E-06
  3.4908E-02  1.3023E-02  5.0415E-07  3.9146E-06
  3.5153E-02  1.3311E-02  5.1844E-07  4.0255E-06
  3.5400E-02  1.3604E-02  5.3313E-07  4.1396E-06
  3.5648E-02  1.3903E-02  5.4824E-07  4.2569E-06
  3.5898E-02  1.4208E-02  5.6378E-07  4.3776E-06
  3.6150E-02  1.4519E-02  5.7976E-07  4.5017E-06
  3.6403E-02  1.4837E-02  5.9619E-07  4.6293E-06
  3.6659E-02  1.5161E-02  6.1309E-07  4.7604E-06
  3.6916E-02  1.5492E-02  6.3046E-07  4.8954E-06
  3.7174E-02  1.5829E-02  6.4833E-07  5.0341E-06
  3.7435E-02  1.6173E-02  6.6670E-07  5.1768E-06
  3.7698E-02  1.6524E-02  6.8559E-07  5.3235E-06
  3.7962E-02  1.6882E-02  7.0502E-07  5.4743E-06
  3.8228E-02  1.7247E-02  7.2500E-07  5.6295E-06
  3.8496E-02  1.7620E-02  7.4554E-07  5.7890E-06
  3.8766E-02  1.8000E-02  7.6667E-07  5.9530E-06
  3.9038E-02  1.8387E-02  7.8839E-07  6.1217E-06
  3.9312E-02  1.8782E-02  8.1073E-07  6.2952E-06
  3.9587E-02  1.9184E-02  8.3371E-07  6.4736E-06
  3.9865E-02  1.9595E-02  8.5733E-07  6.6570E-06
  4.0145E-02  2.0013E-02  8.8162E-07  6.8456E-06
  4.0426E-02  2.0440E-02  9.0660E-07  7.0396E-06
  4.0709E-02  2.0875E-02  9.3228E-07  7.2390E-06
  4.0995E-02  2.1319E-02  9.5870E-07  7.4441E-06
  4.1282E-02  2.1771E-02  9.8586E-07  7.6551E-06
  4.1572E-02  2.2232E-02  1.0138E-06  7.8719E-06
  4.1863E-02  2.2701E-02  1.0425E-06  8.0950E-06
  4.2157E-02  2.3180E-02  1.0720E-06  8.3243E-06
  4.2452E-02  2.3668E-02  1.1024E-06  8.5601E-06
  4.2750E-02  2.4165E-02  1.1337E-06  8.8027E-06
  4.3050E-02  2.4671E-02  1.1658E-06  9.0520E-06
  4.3351E-02  2.5187E-02  1.1988E-06  9.3085E-06
  4.3655E-02  2.5713E-02  1.2327E-06  9.5722E-06
  4.3961E-02  2.6249E-02  1.2677E-06  9.8434E-06
  4.4269E-02  2.6795E-02  1.3036E-06  1.0122E-05
  4.4580E-02  2.7351E-02  1.3405E-06  1.0409E-05
  4.4892E-02  2.7918E-02  1.3785E-06  1.0704E-05
  4.5207E-02  2.8494E-02  1.4175E-06  1.1007E-05
  4.5524E-02  2.9082E-02  1.4577E-06  1.1319E-05
  4.5843E-02  2.9681E-02  1.4990E-06  1.1639E-05
  4.6164E-02  3.0290E-02  1.5414E-06  1.1969E-05
  4.6488E-02  3.0911E-02  1.5851E-06  1.2308E-05
  4.6814E-02  3.1543E-02  1.6300E-06  1.2657E-05
  4.7142E-02  3.2187E-02  1.6761E-06  1.3015E-05
  4.7473E-02  3.2842E-02  1.7236E-06  1.3384E-05
  4.7805E-02  3.3509E-02  1.7724E-06  1.3763E-05
  4.8140E-02  3.4188E-02  1.8226E-06  1.4153E-05
  4.8478E-02  3.4879E-02  1.8742E-06  1.4554E-05
  4.8818E-02  3.5583E-02  1.9273E-06  1.4966E-05
  4.9160E-02  3.6299E-02  1.9819E-06  1.5390E-05
  4.9504E-02  3.7028E-02  2.0380E-06  1.5826E-05
  4.9851E-02  3.7770E-02  2.0958E-06  1.6274E-05
  5.0201E-02  3.8525E-02  2.1551E-06  1.6735E-05
  5.0553E-02  3.9294E-02  2.2161E-06  1.7209E-05
  5.0907E-02  4.0075E-02  2.2789E-06  1.7696E-05
  5.1264E-02  4.0871E-02  2.3434E-06  1.8197E-05
  5.1623E-02  4.1680E-02  2.4098E-06  1.8712E-05
  5.1985E-02  4.2503E-02  2.4780E-06  1.9242E-05
  5.2349E-02  4.3340E-02  2.5482E-06  1.9787E-05
  5.2716E-02  4.4192E-02  2.6203E-06  2.0347E-05
  5.3086E-02  4.5058E-02  2.6945E-06  2.0924E-05
  5.3458E-02  4.5939E-02  2.7708E-06  2.1516E-05
  5.3832E-02  4.6835E-02  2.8493E-06  2.2125E-05
  5.4209E-02  4.7746E-02  2.9300E-06  2.2752E-05
  5.4589E-02  4.8672E-02  3.0129E-06  2.3396E-05
  5.4972E-02  4.9614E-02  3.0982E-06  2.4058E-05
  5.5357E-02  5.0571E-02  3.1859E-06  2.4740E-05
  5.5745E-02  5.1545E-02  3.2761E-06  2.5440E-05
  5.6136E-02  5.2534E-02  3.3689E-06  2.6160E-05
  5.6529E-02  5.3540E-02  3.4643E-06  2.6901E-05
  5.6925E-02  5.4562E-02  3.5623E-06  2.7663E-05
  5.7324E-02  5.5600E-02  3.6632E-06  2.8446E-05
  5.7726E-02  5.6656E-02  3.7669E-06  2.9251E-05
  5.8131E-02  5.7728E-02  3.8735E-06  3.0079E-05
  5.8538E-02  5.8818E-02  3.9832E-06  3.0931E-05
  5.8948E-02  5.9925E-02  4.0959E-06  3.1806E-05
  5.9361E-02  6.1050E-02  4.2119E-06  3.2707E-05
  5.9777E-02  6.2192E-02  4.3311E-06  3.3633E-05
  6.0196E-02  6.3352E-02  4.4537E-06  3.4585E-05
  6.0618E-02  6.4531E-02  4.5798E-06  3.5564E-05
  6.1043E-02  6.5727E-02  4.7094E-06  3.6570E-05
  6.1470E-02  6.6943E-02  4.8427E-06  3.7606E-05
  6.1901E-02  6.8176E-02  4.9797E-06  3.8670E-05
  6.2335E-02  6.9429E-02  5.1207E-06  3.9765E-05
  6.2772E-02  7.0701E-02  5.2656E-06  4.0890E-05
  6.3211E-02  7.1992E-02  5.4147E-06  4.2048E-05
  6.3654E-02  7.3302E-02  5.5679E-06  4.3238E-05
  6.4100E-02  7.4632E-02  5.7255E-06  4.4462E-05
  6.4550E-02  7.5982E-02  5.8875E-06  4.5720E-05
  6.5002E-02  7.7352E-02  6.0541E-06  4.7014E-05
  6.5457E-02  7.8742E-02  6.2255E-06  4.8345E-05
  6.5916E-02  8.0152E-02  6.4016E-06  4.9713E-05
  6.6378E-02  8.1582E-02  6.5828E-06  5.1120E-05
  6.6843E-02  8.3033E-02  6.7691E-06  5.2566E-05
  6.7311E-02  8.4505E-02  6.9606E-06  5.4054E-05
  6.7783E-02  8.5998E-02  7.1576E-06  5.5584E-05
  6.8258E-02  8.7512E-02  7.3601E-06  5.7157E-05
  6.8736E-02  8.9047E-02  7.5684E-06  5.8774E-05
  6.9218E-02  9.0603E-02  7.7826E-06  6.0437E-05
  6.9703E-02  9.2181E-02  8.0028E-06  6.2148E-05
  7.0191E-02  9.3780E-02  8.2292E-06  6.3906E-05
  7.0683E-02  9.5402E-02  8.4620E-06  6.5715E-05
  7.1178E-02  9.7045E-02  8.7014E-06  6.7574E-05
  7.1677E-02  9.8710E-02  8.9476E-06  6.9486E-05
  7.2179E-02  1.0040E-01  9.2008E-06  7.1452E-05
  7.2684E-02  1.0211E-01  9.4611E-06  7.3474E-05
  7.3194E-02  1.0384E-01  9.7287E-06  7.5553E-05
  7.3706E-02  1.0559E-01  1.0004E-05  7.7690E-05
  7.4223E-02  1.0737E-01  1.0287E-05  7.9888E-05
  7.4743E-02  1.0917E-01  1.0578E-05  8.2149E-05
  7.5266E-02  1.1100E-01  1.0877E-05  8.4473E-05
  7.5794E-02  1.1284E-01  1.1185E-05  8.6862E-05
  7.6325E-02  1.1471E-01  1.1501E-05  8.9320E-05
  7.6859E-02  1.1660E-01  1.1827E-05  9.1847E-05
  7.7398E-02  1.1852E-01  1.2161E-05  9.4445E-05
  7.7940E-02  1.2046E-01  1.2505E-05  9.7117E-05
  7.8486E-02  1.2242E-01  1.2859E-05  9.9864E-05
  7.9036E-02  1.2440E-01  1.3223E-05  1.0269E-04
  7.9590E-02  1.2641E-01  1.3597E-05  1.0559E-04
  8.0147E-02  1.2844E-01  1.3981E-05  1.0858E-04
  8.0709E-02  1.3050E-01  1.4377E-05  1.1165E-04
  8.1274E-02  1.3258E-01  1.4783E-05  1.1481E-04
  8.1843E-02  1.3468E-01  1.5201E-05  1.1806E-04
  8.2417E-02  1.3681E-01  1.5631E-05  1.2140E-04
  8.2994E-02  1.3896E-01  1.6073E-05  1.2483E-04
  8.3575E-02  1.4113E-01  1.6528E-05  1.2836E-04
  8.4161E-02  1.4333E-01  1.6995E-05  1.3199E-04
  8.4750E-02  1.4555E-01  1.7476E-05  1.3572E-04
  8.5344E-02  1.4779E-01  1.7970E-05  1.3956E-04
  8.5942E-02  1.5006E-01  1.8478E-05  1.4351E-04
  8.6544E-02  1.5235E-01  1.9000E-05  1.4757E-04
  8.7150E-02  1.5466E-01  1.9538E-05  1.5174E-04
  8.7761E-02  1.5700E-01  2.0090E-05  1.5603E-04
  8.8375E-02  1.5936E-01  2.0658E-05  1.6044E-04
  8.8994E-02  1.6174E-01  2.1242E-05  1.6498E-04
  8.9618E-02  1.6414E-01  2.1843E-05  1.6964E-04
  9.0246E-02  1.6657E-01  2.2460E-05  1.7444E-04
  9.0878E-02  1.6902E-01  2.3095E-05  1.7937E-04
  9.1514E-02  1.7150E-01  2.3748E-05  1.8444E-04
  9.2155E-02  1.7399E-01  2.4419E-05  1.8966E-04
  9.2801E-02  1.7651E-01  2.5109E-05  1.9502E-04
  9.3451E-02  1.7905E-01  2.5819E-05  2.0053E-04
  9.4105E-02  1.8161E-01  2.6549E-05  2.0620E-04
  9.4764E-02  1.8419E-01  2.7299E-05  2.1203E-04
  9.5428E-02  1.8680E-01  2.8071E-05  2.1803E-04
  9.6097E-02  1.8942E-01  2.8864E-05  2.2419E-04
  9.6770E-02  1.9207E-01  2.9680E-05  2.3053E-04
  9.7448E-02  1.9474E-01  3.0519E-05  2.3704E-04
  9.8130E-02  1.9743E-01  3.1381E-05  2.4374E-04
  9.8817E-02  2.0013E-01  3.2268E-05  2.5063E-04
  9.9510E-02  2.0286E-01  3.3180E-05  2.5771E-04
  1.0021E-01  2.0561E-01  3.4118E-05  2.6500E-04
  1.0091E-01  2.0837E-01  3.5082E-05  2.7249E-04
  1.0162E-01  2.1116E-01  3.6073E-05  2.8019E-04
  1.0233E-01  2.1396E-01  3.7092E-05  2.8811E-04
  1.0304E-01  2.1678E-01  3.8140E-05  2.9625E-04
  1.0377E-01  2.1962E-01  3.9218E-05  3.0462E-04
  1.0449E-01  2.2248E-01  4.0326E-05  3.1323E-04
  1.0522E-01  2.2535E-01  4.1465E-05  3.2208E-04
  1.0596E-01  2.2824E-01  4.2637E-05  3.3118E-04
  1.0670E-01  2.3114E-01  4.3841E-05  3.4054E-04
  1.0745E-01  2.3406E-01  4.5080E-05  3.5016E-04
  1.0820E-01  2.3700E-01  4.6353E-05  3.6005E-04
  1.0896E-01  2.3995E-01  4.7662E-05  3.7022E-04
  1.0972E-01  2.4291E-01  4.9009E-05  3.8068E-04
  1.1049E-01  2.4589E-01  5.0393E-05  3.9144E-04
  1.1127E-01  2.4888E-01  5.1816E-05  4.0249E-04
  1.1205E-01  2.5188E-01  5.3280E-05  4.1386E-04
  1.1283E-01  2.5490E-01  5.4784E-05  4.2555E-04
  1.1362E-01  2.5792E-01  5.6331E-05  4.3757E-04
  1.1442E-01  2.6096E-01  5.7922E-05  4.4993E-04
  1.1522E-01  2.6400E-01  5.9558E-05  4.6264E-04
  1.1602E-01  2.6705E-01  6.1240E-05  4.7571E-04
  1.1684E-01  2.7012E-01  6.2969E-05  4.8914E-04
  1.1766E-01  2.7319E-01  6.4747E-05  5.0296E-04
  1.1848E-01  2.7626E-01  6.6575E-05  5.1716E-04
  1.1931E-01  2.7934E-01  6.8454E-05  5.3176E-04
  1.2014E-01  2.8243E-01  7.0387E-05  5.4678E-04
  1.2099E-01  2.8552E-01  7.2374E-05  5.6222E-04
  1.2183E-01  2.8862E-01  7.4417E-05  5.7809E-04
  1.2269E-01  2.9172E-01  7.6518E-05  5.9441E-04
  1.2355E-01  2.9482E-01  7.8677E-05  6.1119E-04
  1.2441E-01  2.9792E-01  8.0898E-05  6.2845E-04
  1.2528E-01  3.0102E-01  8.3181E-05  6.4619E-04
  1.2616E-01  3.0412E-01  8.5529E-05  6.6443E-04
  1.2704E-01  3.0722E-01  8.7943E-05  6.8318E-04
  1.2793E-01  3.1032E-01  9.0424E-05  7.0247E-04
  1.2883E-01  3.1341E-01  9.2976E-05  7.2229E-04
  1.2973E-01  3.1650E-01  9.5600E-05  7.4268E-04
  1.3064E-01  3.1959E-01  9.8297E-05  7.6364E-04
  1.3155E-01  3.2266E-01  1.0107E-04  7.8519E-04
  1.3248E-01  3.2573E-01  1.0392E-04  8.0735E-04
  1.3340E-01  3.2879E-01  1.0685E-04  8.3013E-04
  1.3434E-01  3.3184E-01  1.0987E-04  8.5355E-04
  1.3528E-01  3.3488E-01  1.1297E-04  8.7764E-04
  1.3623E-01  3.3791E-01  1.1615E-04  9.0240E-04
  1.3718E-01  3.4093E-01  1.1943E-04  9.2785E-04
  1.3814E-01  3.4393E-01  1.2280E-04  9.5403E-04
  1.3911E-01  3.4691E-01  1.2626E-04  9.8094E-04
  1.4008E-01  3.4988E-01  1.2982E-04  1.0086E-03
  1.4106E-01  3.5283E-01  1.3348E-04  1.0371E-03
  1.4205E-01  3.5576E-01  1.3725E-04  1.0663E-03
  1.4304E-01  3.5867E-01  1.4112E-04  1.0964E-03
  1.4405E-01  3.6156E-01  1.4510E-04  1.1273E-03
  1.4506E-01  3.6443E-01  1.4919E-04  1.1591E-03
  1.4607E-01  3.6727E-01  1.5339E-04  1.1918E-03
  1.4709E-01  3.7008E-01  1.5772E-04  1.2254E-03
  1.4812E-01  3.7287E-01  1.6216E-04  1.2599E-03
  1.4916E-01  3.7563E-01  1.6673E-04  1.2954E-03
  1.5021E-01  3.7836E-01  1.7143E-04  1.3320E-03
  1.5126E-01  3.8106E-01  1.7626E-04  1.3695E-03
  1.5232E-01  3.8373E-01  1.8123E-04  1.4081E-03
  1.5338E-01  3.8636E-01  1.8634E-04  1.4478E-03
  1.5446E-01  3.8896E-01  1.9159E-04  1.4886E-03
  1.5554E-01  3.9152E-01  1.9699E-04  1.5306E-03
  1.5663E-01  3.9404E-01  2.0254E-04  1.5737E-03
  1.5772E-01  3.9652E-01  2.0824E-04  1.6180E-03
  1.5883E-01  3.9896E-01  2.1411E-04  1.6636E-03
  1.5994E-01  4.0136E-01  2.2014E-04  1.7105E-03
  1.6106E-01  4.0372E-01  2.2634E-04  1.7587E-03
  1.6219E-01  4.0602E-01  2.3271E-04  1.8082E-03
  1.6332E-01  4.0828E-01  2.3927E-04  1.8591E-03
  1.6447E-01  4.1049E-01  2.4600E-04  1.9115E-03
  1.6562E-01  4.1266E-01  2.5293E-04  1.9653E-03
  1.6678E-01  4.1476E-01  2.6005E-04  2.0207E-03
  1.6795E-01  4.1682E-01  2.6737E-04  2.0776E-03
  1.6912E-01  4.1882E-01  2.7490E-04  2.1361E-03
  1.7031E-01  4.2076E-01  2.8264E-04  2.1962E-03
  1.7150E-01  4.2265E-01  2.9059E-04  2.2581E-03
  1.7270E-01  4.2447E-01  2.9877E-04  2.3216E-03
  1.7391E-01  4.2623E-01  3.0718E-04  2.3870E-03
  1.7513E-01  4.2793E-01  3.1582E-04  2.4541E-03
  1.7635E-01  4.2957E-01  3.2471E-04  2.5232E-03
  1.7759E-01  4.3114E-01  3.3384E-04  2.5942E-03
  1.7883E-01  4.3264E-01  3.4323E-04  2.6672E-03
  1.8008E-01  4.3407E-01  3.5289E-04  2.7422E-03
  1.8135E-01  4.3543E-01  3.6281E-04  2.8194E-03
  1.8262E-01  4.3671E-01  3.7302E-04  2.8987E-03
  1.8389E-01  4.3792E-01  3.8351E-04  2.9802E-03
  1.8518E-01  4.3906E-01  3.9429E-04  3.0640E-03
  1.8648E-01  4.4012E-01  4.0538E-04  3.1502E-03
  1.8778E-01  4.4109E-01  4.1677E-04  3.2388E-03
  1.8910E-01  4.4199E-01  4.2849E-04  3.3298E-03
  1.9042E-01  4.4281E-01  4.4053E-04  3.4234E-03
  1.9176E-01  4.4353E-01  4.5292E-04  3.5196E-03
  1.9310E-01  4.4418E-01  4.6564E-04  3.6186E-03
  1.9445E-01  4.4473E-01  4.7873E-04  3.7203E-03
  1.9581E-01  4.4520E-01  4.9218E-04  3.8248E-03
  1.9718E-01  4.4558E-01  5.0600E-04  3.9322E-03
  1.9856E-01  4.4586E-01  5.2022E-04  4.0427E-03
  1.9995E-01  4.4605E-01  5.3483E-04  4.1563E-03
  2.0135E-01  4.4614E-01  5.4985E-04  4.2730E-03
  2.0276E-01  4.4614E-01  5.6529E-04  4.3930E-03
  2.0418E-01  4.4604E-01  5.8116E-04  4.5164E-03
  2.0561E-01  4.4583E-01  5.9748E-04  4.6432E-03
  2.0705E-01  4.4553E-01  6.1425E-04  4.7735E-03
  2.0850E-01  4.4512E-01  6.3149E-04  4.9075E-03
  2.0996E-01  4.4461E-01  6.4921E-04  5.0452E-03
  2.1143E-01  4.4399E-01  6.6743E-04  5.1868E-03
  2.1291E-01  4.4327E-01  6.8616E-04  5.3323E-03
  2.1440E-01  4.4243E-01  7.0541E-04  5.4819E-03
  2.1590E-01  4.4149E-01  7.2520E-04  5.6357E-03
  2.1742E-01  4.4043E-01  7.4554E-04  5.7937E-03
  2.1894E-01  4.3926E-01  7.6644E-04  5.9562E-03
  2.2047E-01  4.3798E-01  7.8794E-04  6.1232E-03
  2.2201E-01  4.3658E-01  8.1003E-04  6.2948E-03
  2.2357E-01  4.3506E-01  8.3273E-04  6.4712E-03
  2.2513E-01  4.3343E-01  8.5607E-04  6.6526E-03
  2.2671E-01  4.3168E-01  8.8006E-04  6.8390E-03
  2.2830E-01  4.2980E-01  9.0472E-04  7.0306E-03
  2.2990E-01  4.2781E-01  9.3007E-04  7.2275E-03
  2.3151E-01  4.2569E-01  9.5613E-04  7.4299E-03
  2.3313E-01  4.2345E-01  9.8291E-04  7.6380E-03
  2.3476E-01  4.2109E-01  1.0104E-03  7.8518E-03
  2.3640E-01  4.1860E-01  1.0387E-03  8.0716E-03
  2.3806E-01  4.1598E-01  1.0678E-03  8.2975E-03
  2.3972E-01  4.1324E-01  1.0977E-03  8.5297E-03
  2.4140E-01  4.1037E-01  1.1284E-03  8.7683E-03
  2.4309E-01  4.0737E-01  1.1600E-03  9.0136E-03
  2.4480E-01  4.0424E-01  1.1924E-03  9.2656E-03
  2.4651E-01  4.0098E-01  1.2258E-03  9.5247E-03
  2.4823E-01  3.9759E-01  1.2601E-03  9.7910E-03
  2.4997E-01  3.9407E-01  1.2953E-03  1.0065E-02
  2.5172E-01  3.9042E-01  1.3315E-03  1.0346E-02
  2.5349E-01  3.8663E-01  1.3688E-03  1.0635E-02
  2.5526E-01  3.8271E-01  1.4070E-03  1.0932E-02
  2.5705E-01  3.7866E-01  1.4463E-03  1.1237E-02
  2.5885E-01  3.7447E-01  1.4868E-03  1.1551E-02
  2.6066E-01  3.7015E-01  1.5283E-03  1.1873E-02
  2.6248E-01  3.6569E-01  1.5710E-03  1.2205E-02
  2.6432E-01  3.6110E-01  1.6148E-03  1.2545E-02
  2.6617E-01  3.5638E-01  1.6599E-03  1.2895E-02
  2.6804E-01  3.5152E-01  1.7063E-03  1.3255E-02
  2.6991E-01  3.4653E-01  1.7539E-03  1.3624E-02
  2.7180E-01  3.4140E-01  1.8028E-03  1.4004E-02
  2.7370E-01  3.3613E-01  1.8531E-03  1.4394E-02
  2.7562E-01  3.3073E-01  1.9048E-03  1.4795E-02
  2.7755E-01  3.2520E-01  1.9579E-03  1.5208E-02
  2.7949E-01  3.1953E-01  2.0125E-03  1.5631E-02
  2.8145E-01  3.1373E-01  2.0686E-03  1.6066E-02
  2.8342E-01  3.0780E-01  2.1262E-03  1.6513E-02
  2.8540E-01  3.0173E-01  2.1855E-03  1.6973E-02
  2.8740E-01  2.9553E-01  2.2463E-03  1.7445E-02
  2.8941E-01  2.8920E-01  2.3089E-03  1.7930E-02
  2.9144E-01  2.8273E-01  2.3732E-03  1.8428E-02
  2.9348E-01  2.7614E-01  2.4393E-03  1.8940E-02
  2.9554E-01  2.6942E-01  2.5071E-03  1.9467E-02
  2.9760E-01  2.6256E-01  2.5769E-03  2.0007E-02
  2.9969E-01  2.5558E-01  2.6486E-03  2.0563E-02
  3.0179E-01  2.4847E-01  2.7222E-03  2.1133E-02
  3.0390E-01  2.4124E-01  2.7979E-03  2.1720E-02
  3.0603E-01  2.3388E-01  2.8757E-03  2.2322E-02
  3.0817E-01  2.2639E-01  2.9556E-03  2.2941E-02
  3.1033E-01  2.1878E-01  3.0377E-03  2.3577E-02
  3.1250E-01  2.1105E-01  3.1221E-03  2.4230E-02
  3.1469E-01  2.0320E-01  3.2088E-03  2.4901E-02
  3.1689E-01  1.9524E-01  3.2978E-03  2.5591E-02
  3.1911E-01  1.8715E-01  3.3893E-03  2.6299E-02
  3.2134E-01  1.7895E-01  3.4834E-03  2.7027E-02
  3.2359E-01  1.7063E-01  3.5800E-03  2.7774E-02
  3.2586E-01  1.6220E-01  3.6793E-03  2.8542E-02
  3.2814E-01  1.5366E-01  3.7812E-03  2.9331E-02
  3.3044E-01  1.4502E-01  3.8860E-03  3.0141E-02
  3.3275E-01  1.3626E-01  3.9937E-03  3.0973E-02
  3.3508E-01  1.2740E-01  4.1043E-03  3.1828E-02
  3.3742E-01  1.1843E-01  4.2179E-03  3.2706E-02
  3.3979E-01  1.0937E-01  4.3346E-03  3.3608E-02
  3.4216E-01  1.0020E-01  4.4546E-03  3.4534E-02
  3.4456E-01  9.0944E-02  4.5778E-03  3.5485E-02
  3.4697E-01  8.1588E-02  4.7044E-03  3.6462E-02
  3.4940E-01  7.2140E-02  4.8344E-03  3.7466E-02
  3.5185E-01  6.2603E-02  4.9680E-03  3.8497E-02
  3.5431E-01  5.2978E-02  5.1052E-03  3.9555E-02
  3.5679E-01  4.3268E-02  5.2462E-03  4.0642E-02
  3.5929E-01  3.3476E-02  5.3910E-03  4.1759E-02
  3.6180E-01  2.3605E-02  5.5398E-03  4.2905E-02
  3.6434E-01  1.3657E-02  5.6926E-03  4.4082E-02
  3.6689E-01  3.6353E-03  5.8496E-03  4.5291E-02
  3.6946E-01 -6.4578E-03  6.0108E-03  4.6533E-02
  3.7204E-01 -1.6619E-02  6.1764E-03  4.7807E-02
  3.7465E-01 -2.6846E-02  6.3465E-03  4.9116E-02
  3.7727E-01 -3.7134E-02  6.5213E-03  5.0460E-02
  3.7991E-01 -4.7482E-02  6.7007E-03  5.1840E-02
  3.8257E-01 -5.7886E-02  6.8851E-03  5.3257E-02
  3.8525E-01 -6.8343E-02  7.0744E-03  5.4711E-02
  3.8794E-01 -7.8849E-02  7.2689E-03  5.6204E-02
  3.9066E-01 -8.9402E-02  7.4686E-03  5.7737E-02
  3.9340E-01 -9.9997E-02  7.6737E-03  5.9311E-02
  3.9615E-01 -1.1063E-01  7.8844E-03  6.0927E-02
  3.9892E-01 -1.2130E-01  8.1007E-03  6.2585E-02
  4.0172E-01 -1.3201E-01  8.3229E-03  6.4288E-02
  4.0453E-01 -1.4274E-01  8.5511E-03  6.6035E-02
  4.0736E-01 -1.5350E-01  8.7855E-03  6.7829E-02
  4.1021E-01 -1.6428E-01  9.0261E-03  6.9670E-02
  4.1308E-01 -1.7508E-01  9.2733E-03  7.1559E-02
  4.1597E-01 -1.8589E-01  9.5270E-03  7.3498E-02
  4.1889E-01 -1.9671E-01  9.7876E-03  7.5488E-02
  4.2182E-01 -2.0754E-01  1.0055E-02  7.7531E-02
  4.2477E-01 -2.1837E-01  1.0330E-02  7.9627E-02
  4.2775E-01 -2.2920E-01  1.0612E-02  8.1778E-02
  4.3074E-01 -2.4003E-01  1.0902E-02  8.3985E-02
  4.3375E-01 -2.5085E-01  1.1199E-02  8.6249E-02
  4.3679E-01 -2.6166E-01  1.1505E-02  8.8573E-02
  4.3985E-01 -2.7244E-01  1.1818E-02  9.0957E-02
  4.4293E-01 -2.8321E-01  1.2140E-02  9.3403E-02
  4.4603E-01 -2.9396E-01  1.2471E-02  9.5912E-02
  4.4915E-01 -3.0467E-01  1.2810E-02  9.8486E-02
  4.5229E-01 -3.1535E-01  1.3158E-02  1.0113E-01
  4.5546E-01 -3.2600E-01  1.3516E-02  1.0384E-01
  4.5865E-01 -3.3660E-01  1.3883E-02  1.0661E-01
  4.6186E-01 -3.4716E-01  1.4260E-02  1.0946E-01
  4.6509E-01 -3.5767E-01  1.4647E-02  1.1239E-01
  4.6835E-01 -3.6813E-01  1.5044E-02  1.1538E-01
  4.7163E-01 -3.7852E-01  1.5452E-02  1.1846E-01
  4.7493E-01 -3.8886E-01  1.5871E-02  1.2161E-01
  4.7825E-01 -3.9913E-01  1.6300E-02  1.2484E-01
  4.8160E-01 -4.0933E-01  1.6741E-02  1.2816E-01
  4.8497E-01 -4.1945E-01  1.7193E-02  1.3155E-01
  4.8837E-01 -4.2950E-01  1.7658E-02  1.3504E-01
  4.9179E-01 -4.3946E-01  1.8135E-02  1.3861E-01
  4.9523E-01 -4.4933E-01  1.8624E-02  1.4227E-01
  4.9870E-01 -4.5911E-01  1.9126E-02  1.4602E-01
  5.0219E-01 -4.6880E-01  1.9641E-02  1.4987E-01
  5.0570E-01 -4.7838E-01  2.0170E-02  1.5381E-01
  5.0924E-01 -4.8786E-01  2.0712E-02  1.5785E-01
  5.1281E-01 -4.9723E-01  2.1269E-02  1.6200E-01
  5.1640E-01 -5.0649E-01  2.1840E-02  1.6624E-01
  5.2001E-01 -5.1563E-01  2.2427E-02  1.7059E-01
  5.2365E-01 -5.2465E-01  2.3028E-02  1.7504E-01
  5.2732E-01 -5.3354E-01  2.3645E-02  1.7961E-01
  5.3101E-01 -5.4230E-01  2.4278E-02  1.8428E-01
  5.3473E-01 -5.5093E-01  2.4928E-02  1.8907E-01
  5.3847E-01 -5.5942E-01  2.5595E-02  1.9398E-01
  5.4224E-01 -5.6777E-01  2.6278E-02  1.9900E-01
  5.4603E-01 -5.7597E-01  2.6980E-02  2.0415E-01
  5.4986E-01 -5.8402E-01  2.7699E-02  2.0941E-01
  5.5370E-01 -5.9191E-01  2.8437E-02  2.1481E-01
  5.5758E-01 -5.9965E-01  2.9194E-02  2.2033E-01
  5.6148E-01 -6.0723E-01  2.9971E-02  2.2599E-01
  5.6541E-01 -6.1464E-01  3.0767E-02  2.3178E-01
  5.6937E-01 -6.2187E-01  3.1584E-02  2.3770E-01
  5.7336E-01 -6.2894E-01  3.2422E-02  2.4377E-01
  5.7737E-01 -6.3583E-01  3.3281E-02  2.4998E-01
  5.8141E-01 -6.4254E-01  3.4162E-02  2.5633E-01
  5.8548E-01 -6.4906E-01  3.5066E-02  2.6282E-01
  5.8958E-01 -6.5540E-01  3.5992E-02  2.6947E-01
  5.9371E-01 -6.6154E-01  3.6942E-02  2.7627E-01
  5.9786E-01 -6.6749E-01  3.7916E-02  2.8323E-01
  6.0205E-01 -6.7324E-01  3.8915E-02  2.9035E-01
  6.0626E-01 -6.7879E-01  3.9939E-02  2.9762E-01
  6.1051E-01 -6.8414E-01  4.0989E-02  3.0506E-01
  6.1478E-01 -6.8928E-01  4.2066E-02  3.1267E-01
  6.1908E-01 -6.9421E-01  4.3169E-02  3.2045E-01
  6.2342E-01 -6.9893E-01  4.4300E-02  3.2839E-01
  6.2778E-01 -7.0343E-01  4.5459E-02  3.3652E-01
  6.3218E-01 -7.0771E-01  4.6648E-02  3.4482E-01
  6.3660E-01 -7.1177E-01  4.7866E-02  3.5330E-01
  6.4106E-01 -7.1560E-01  4.9114E-02  3.6197E-01
  6.4555E-01 -7.1921E-01  5.0394E-02  3.7082E-01
  6.5006E-01 -7.2259E-01  5.1705E-02  3.7986E-01
  6.5461E-01 -7.2574E-01  5.3048E-02  3.8910E-01
  6.5920E-01 -7.2865E-01  5.4425E-02  3.9852E-01
  6.6381E-01 -7.3133E-01  5.5836E-02  4.0815E-01
  6.6846E-01 -7.3377E-01  5.7281E-02  4.1797E-01
  6.7314E-01 -7.3597E-01  5.8762E-02  4.2800E-01
  6.7785E-01 -7.3793E-01  6.0279E-02  4.3823E-01
  6.8259E-01 -7.3964E-01  6.1833E-02  4.4867E-01
  6.8737E-01 -7.4111E-01  6.3425E-02  4.5932E-01
  6.9218E-01 -7.4233E-01  6.5055E-02  4.7018E-01
  6.9703E-01 -7.4330E-01  6.6726E-02  4.8126E-01
  7.0191E-01 -7.4402E-01  6.8436E-02  4.9255E-01
  7.0682E-01 -7.4449E-01  7.0188E-02  5.0406E-01
  7.1177E-01 -7.4471E-01  7.1982E-02  5.1579E-01
  7.1675E-01 -7.4467E-01  7.3819E-02  5.2774E-01
  7.2177E-01 -7.4437E-01  7.5701E-02  5.3992E-01
  7.2682E-01 -7.4382E-01  7.7627E-02  5.5233E-01
  7.3191E-01 -7.4301E-01  7.9599E-02  5.6496E-01
  7.3703E-01 -7.4194E-01  8.1617E-02  5.7782E-01
  7.4219E-01 -7.4062E-01  8.3684E-02  5.9092E-01
  7.4739E-01 -7.3903E-01  8.5799E-02  6.0424E-01
  7.5262E-01 -7.3718E-01  8.7965E-02  6.1780E-01
  7.5788E-01 -7.3507E-01  9.0181E-02  6.3159E-01
  7.6319E-01 -7.3270E-01  9.2448E-02  6.4562E-01
  7.6853E-01 -7.3006E-01  9.4769E-02  6.5988E-01
  7.7391E-01 -7.2717E-01  9.7144E-02  6.7438E-01
  7.7933E-01 -7.2401E-01  9.9574E-02  6.8911E-01
  7.8478E-01 -7.2058E-01  1.0206E-01  7.0407E-01
  7.9028E-01 -7.1690E-01  1.0460E-01  7.1927E-01
  7.9581E-01 -7.1295E-01  1.0720E-01  7.3471E-01
  8.0138E-01 -7.0873E-01  1.0987E-01  7.5038E-01
  8.0699E-01 -7.0426E-01  1.1259E-01  7.6628E-01
  8.1264E-01 -6.9952E-01  1.1537E-01  7.8241E-01
  8.1833E-01 -6.9452E-01  1.1822E-01  7.9877E-01
  8.2405E-01 -6.8925E-01  1.2113E-01  8.1536E-01
  8.2982E-01 -6.8373E-01  1.2410E-01  8.3217E-01
  8.3563E-01 -6.7794E-01  1.2715E-01  8.4920E-01
  8.4148E-01 -6.7190E-01  1.3026E-01  8.6645E-01
  8.4737E-01 -6.6559E-01  1.3344E-01  8.8392E-01
  8.5330E-01 -6.5903E-01  1.3669E-01  9.0160E-01
  8.5927E-01 -6.5220E-01  1.4001E-01  9.1949E-01
  8.6529E-01 -6.4512E-01  1.4340E-01  9.3758E-01
  8.7135E-01 -6.3779E-01  1.4687E-01  9.5587E-01
  8.7745E-01 -6.3019E-01  1.5041E-01  9.7435E-01
  8.8359E-01 -6.2235E-01  1.5403E-01  9.9301E-01
  8.8977E-01 -6.1425E-01  1.5773E-01  1.0119E+00
  8.9600E-01 -6.0589E-01  1.6150E-01  1.0309E+00
  9.0227E-01 -5.9729E-01  1.6536E-01  1.0501E+00
  9.0859E-01 -5.8844E-01  1.6930E-01  1.0694E+00
  9.1495E-01 -5.7934E-01  1.7332E-01  1.0889E+00
  9.2135E-01 -5.6999E-01  1.7743E-01  1.1085E+00
  9.2780E-01 -5.6040E-01  1.8162E-01  1.1283E+00
  9.3430E-01 -5.5057E-01  1.8590E-01  1.1482E+00
  9.4084E-01 -5.4049E-01  1.9026E-01  1.1682E+00
  9.4742E-01 -5.3018E-01  1.9472E-01  1.1883E+00
  9.5405E-01 -5.1962E-01  1.9927E-01  1.2085E+00
  9.6073E-01 -5.0883E-01  2.0390E-01  1.2288E+00
  9.6746E-01 -4.9781E-01  2.0864E-01  1.2491E+00
  9.7423E-01 -4.8655E-01  2.1346E-01  1.2695E+00
  9.8105E-01 -4.7506E-01  2.1839E-01  1.2899E+00
  9.8791E-01 -4.6335E-01  2.2341E-01  1.3103E+00
  9.9483E-01 -4.5141E-01  2.2853E-01  1.3308E+00
  1.0018E+00 -4.3924E-01  2.3374E-01  1.3512E+00
  1.0088E+00 -4.2686E-01  2.3906E-01  1.3716E+00
  1.0159E+00 -4.1425E-01  2.4448E-01  1.3920E+00
  1.0230E+00 -4.0143E-01  2.5001E-01  1.4123E+00
  1.0301E+00 -3.8839E-01  2.5564E-01  1.4325E+00
  1.0373E+00 -3.7514E-01  2.6137E-01  1.4526E+00
  1.0446E+00 -3.6168E-01  2.6721E-01  1.4726E+00
  1.0519E+00 -3.4802E-01  2.7316E-01  1.4924E+00
  1.0593E+00 -3.3415E-01  2.7922E-01  1.5121E+00
  1.0667E+00 -3.2008E-01  2.8538E-01  1.5316E+00
  1.0742E+00 -3.0581E-01  2.9166E-01  1.5509E+00
  1.0817E+00 -2.9135E-01  2.9805E-01  1.5699E+00
  1.0893E+00 -2.7670E-01  3.0455E-01  1.5887E+00
  1.0969E+00 -2.6185E-01  3.1116E-01  1.6073E+00
  1.1046E+00 -2.4683E-01  3.1789E-01  1.6255E+00
  1.1123E+00 -2.3161E-01  3.2474E-01  1.6433E+00
  1.1201E+00 -2.1622E-01  3.3170E-01  1.6609E+00
  1.1279E+00 -2.0066E-01  3.3877E-01  1.6780E+00
  1.1358E+00 -1.8492E-01  3.4596E-01  1.6947E+00
  1.1438E+00 -1.6902E-01  3.5327E-01  1.7110E+00
  1.1518E+00 -1.5295E-01  3.6070E-01  1.7268E+00
  1.1598E+00 -1.3671E-01  3.6824E-01  1.7421E+00
  1.1679E+00 -1.2033E-01  3.7591E-01  1.7569E+00
  1.1761E+00 -1.0378E-01  3.8369E-01  1.7711E+00
  1.1844E+00 -8.7095E-02  3.9159E-01  1.7847E+00
  1.1926E+00 -7.0260E-02  3.9961E-01  1.7978E+00
  1.2010E+00 -5.3285E-02  4.0774E-01  1.8101E+00
  1.2094E+00 -3.6173E-02  4.1600E-01  1.8218E+00
  1.2179E+00 -1.8931E-02  4.2437E-01  1.8328E+00
  1.2264E+00 -1.5615E-03  4.3286E-01  1.8431E+00
  1.2350E+00  1.5930E-02  4.4147E-01  1.8526E+00
  1.2436E+00  3.3539E-02  4.5020E-01  1.8613E+00
  1.2523E+00  5.1259E-02  4.5904E-01  1.8692E+00
  1.2611E+00  6.9087E-02  4.6800E-01  1.8762E+00
  1.2699E+00  8.7017E-02  4.7707E-01  1.8824E+00
  1.2788E+00  1.0504E-01  4.8625E-01  1.8876E+00
  1.2878E+00  1.2316E-01  4.9555E-01  1.8919E+00
  1.2968E+00  1.4136E-01  5.0495E-01  1.8953E+00
  1.3058E+00  1.5964E-01  5.1447E-01  1.8976E+00
  1.3150E+00  1.7800E-01  5.2409E-01  1.8989E+00
  1.3242E+00  1.9642E-01  5.3382E-01  1.8993E+00
  1.3335E+00  2.1490E-01  5.4365E-01  1.8985E+00
  1.3428E+00  2.3344E-01  5.5358E-01  1.8967E+00
  1.3522E+00  2.5203E-01  5.6361E-01  1.8937E+00
  1.3617E+00  2.7066E-01  5.7374E-01  1.8897E+00
  1.3712E+00  2.8932E-01  5.8396E-01  1.8845E+00
  1.3808E+00  3.0801E-01  5.9427E-01  1.8781E+00
  1.3904E+00  3.2672E-01  6.0466E-01  1.8706E+00
  1.4002E+00  3.4544E-01  6.1514E-01  1.8619E+00
  1.4100E+00  3.6417E-01  6.2570E-01  1.8521E+00
  1.4198E+00  3.8289E-01  6.3634E-01  1.8410E+00
  1.4298E+00  4.0161E-01  6.4704E-01  1.8287E+00
  1.4398E+00  4.2031E-01  6.5782E-01  1.8153E+00
  1.4499E+00  4.3897E-01  6.6865E-01  1.8006E+00
  1.4600E+00  4.5761E-01  6.7955E-01  1.7848E+00
  1.4702E+00  4.7620E-01  6.9049E-01  1.7677E+00
  1.4805E+00  4.9473E-01  7.0149E-01  1.7495E+00
  1.4909E+00  5.1320E-01  7.1253E-01  1.7301E+00
  1.5013E+00  5.3160E-01  7.2360E-01  1.7095E+00
  1.5118E+00  5.4992E-01  7.3470E-01  1.6878E+00
  1.5224E+00  5.6815E-01  7.4582E-01  1.6650E+00
  1.5331E+00  5.8628E-01  7.5696E-01  1.6411E+00
  1.5438E+00  6.0429E-01  7.6811E-01  1.6161E+00
  1.5546E+00  6.2218E-01  7.7926E-01  1.5900E+00
  1.5655E+00  6.3994E-01  7.9040E-01  1.5630E+00
  1.5765E+00  6.5756E-01  8.0153E-01  1.5350E+00
  1.5875E+00  6.7502E-01  8.1263E-01  1.5061E+00
  1.5986E+00  6.9231E-01  8.2370E-01  1.4763E+00
  1.6098E+00  7.0943E-01  8.3473E-01  1.4457E+00
  1.6211E+00  7.2636E-01  8.4571E-01  1.4143E+00
  1.6324E+00  7.4308E-01  8.5663E-01  1.3822E+00
  1.6438E+00  7.5959E-01  8.6747E-01  1.3494E+00
  1.6553E+00  7.7587E-01  8.7824E-01  1.3160E+00
  1.6669E+00  7.9192E-01  8.8891E-01  1.2820E+00
  1.6786E+00  8.0771E-01  8.9948E-01  1.2476E+00
  1.6903E+00  8.2323E-01  9.0993E-01  1.2127E+00
  1.7022E+00  8.3848E-01  9.2025E-01  1.1775E+00
  1.7141E+00  8.5343E-01  9.3043E-01  1.1421E+00
  1.7261E+00  8.6808E-01  9.4046E-01  1.1064E+00
  1.7382E+00  8.8240E-01  9.5032E-01  1.0707E+00
  1.7503E+00  8.9639E-01  9.6000E-01  1.0349E+00
  1.7626E+00  9.1003E-01  9.6948E-01  9.9906E-01
  1.7749E+00  9.2330E-01  9.7876E-01  9.6338E-01
  1.7873E+00  9.3620E-01  9.8781E-01  9.2788E-01
  1.7999E+00  9.4869E-01  9.9662E-01  8.9262E-01
  1.8124E+00  9.6078E-01  1.0052E+00  8.5770E-01
  1.8251E+00  9.7245E-01  1.0135E+00  8.2316E-01
  1.8379E+00  9.8367E-01  1.0215E+00  7.8909E-01
  1.8508E+00  9.9443E-01  1.0292E+00  7.5554E-01
  1.8637E+00  1.0047E+00  1.0365E+00  7.2257E-01
  1.8768E+00  1.0145E+00  1.0436E+00  6.9023E-01
  1.8899E+00  1.0238E+00  1.0502E+00  6.5858E-01
  1.9031E+00  1.0326E+00  1.0565E+00  6.2766E-01
  1.9165E+00  1.0408E+00  1.0625E+00  5.9749E-01
  1.9299E+00  1.0485E+00  1.0679E+00  5.6811E-01
  1.9434E+00  1.0556E+00  1.0730E+00  5.3954E-01
  1.9570E+00  1.0621E+00  1.0776E+00  5.1179E-01
  1.9707E+00  1.0681E+00  1.0818E+00  4.8486E-01
  1.9845E+00  1.0733E+00  1.0854E+00  4.5875E-01
  1.9984E+00  1.0780E+00  1.0886E+00  4.3344E-01
  2.0124E+00  1.0820E+00  1.0912E+00  4.0890E-01
  2.0264E+00  1.0853E+00  1.0932E+00  3.8511E-01
  2.0406E+00  1.0880E+00  1.0947E+00  3.6203E-01
  2.0549E+00  1.0899E+00  1.0956E+00  3.3959E-01
  2.0693E+00  1.0911E+00  1.0959E+00  3.1775E-01
  2.0838E+00  1.0916E+00  1.0956E+00  2.9644E-01
  2.0984E+00  1.0913E+00  1.0945E+00  2.7559E-01
  2.1130E+00  1.0902E+00  1.0929E+00  2.5512E-01
  2.1278E+00  1.0884E+00  1.0905E+00  2.3497E-01
  2.1427E+00  1.0858E+00  1.0874E+00  2.1506E-01
  2.1577E+00  1.0823E+00  1.0835E+00  1.9531E-01
  2.1728E+00  1.0781E+00  1.0789E+00  1.7566E-01
  2.1880E+00  1.0729E+00  1.0735E+00  1.5605E-01
  2.2034E+00  1.0669E+00  1.0674E+00  1.3645E-01
  2.2188E+00  1.0601E+00  1.0604E+00  1.1680E-01
  2.2343E+00  1.0524E+00  1.0525E+00  9.7122E-02
  2.2499E+00  1.0437E+00  1.0438E+00  7.7414E-02
  2.2657E+00  1.0342E+00  1.0342E+00  5.7725E-02
  2.2815E+00  1.0237E+00  1.0237E+00  3.8133E-02
  2.2975E+00  1.0123E+00  1.0123E+00  1.8755E-02
  2.3136E+00  1.0000E+00  1.0000E+00  0.0000E+00
  2.3298E+00  9.8672E-01  9.8672E-01  0.0000E+00
  2.3461E+00  9.7249E-01  9.7249E-01  0.0000E+00
  2.3625E+00  9.5730E-01  9.5730E-01  0.0000E+00
  2.3791E+00  9.4113E-01  9.4113E-01  0.0000E+00
  2.3957E+00  9.2400E-01  9.2400E-01  0.0000E+00
  2.4125E+00  9.0588E-01  9.0588E-01  0.0000E+00
  2.4294E+00  8.8679E-01  8.8679E-01  0.0000E+00
  2.4464E+00  8.6671E-01  8.6671E-01  0.0000E+00
  2.4635E+00  8.4566E-01  8.4566E-01  0.0000E+00
  2.4807E+00  8.2362E-01  8.2362E-01  0.0000E+00
  2.4981E+00  8.0060E-01  8.0060E-01  0.0000E+00
  2.5156E+00  7.7661E-01  7.7661E-01  0.0000E+00
  2.5332E+00  7.5165E-01  7.5165E-01  0.0000E+00
  2.5509E+00  7.2573E-01  7.2573E-01  0.0000E+00
  2.5688E+00  6.9885E-01  6.9885E-01  0.0000E+00
  2.5868E+00  6.7103E-01  6.7103E-01  0.0000E+00
  2.6049E+00  6.4228E-01  6.4228E-01  0.0000E+00
  2.6231E+00  6.1262E-01  6.1262E-01  0.0000E+00
  2.6415E+00  5.8206E-01  5.8206E-01  0.0000E+00
  2.6599E+00  5.5061E-01  5.5061E-01  0.0000E+00
  2.6786E+00  5.1830E-01  5.1830E-01  0.0000E+00
  2.6973E+00  4.8515E-01  4.8515E-01  0.0000E+00
  2.7162E+00  4.5119E-01  4.5119E-01  0.0000E+00
  2.7352E+00  4.1644E-01  4.1644E-01  0.0000E+00
  2.7543E+00  3.8093E-01  3.8093E-01  0.0000E+00
  2.7736E+00  3.4469E-01  3.4469E-01  0.0000E+00
  2.7930E+00  3.0776E-01  3.0776E-01  0.0000E+00
  2.8126E+00  2.7017E-01  2.7017E-01  0.0000E+00
  2.8323E+00  2.3196E-01  2.3196E-01  0.0000E+00
  2.8521E+00  1.9317E-01  1.9317E-01  0.0000E+00
  2.8721E+00  1.5384E-01  1.5384E-01  0.0000E+00
  2.8922E+00  1.1403E-01  1.1403E-01  0.0000E+00
  2.9124E+00  7.3786E-02  7.3786E-02  0.0000E+00
  2.9328E+00  3.3151E-02  3.3151E-02  0.0000E+00
  2.9533E+00 -7.8159E-03 -7.8159E-03  0.0000E+00
  2.9740E+00 -4.9058E-02 -4.9058E-02  0.0000E+00
  2.9948E+00 -9.0516E-02 -9.0516E-02  0.0000E+00
  3.0158E+00 -1.3213E-01 -1.3213E-01  0.0000E+00
  3.0369E+00 -1.7382E-01 -1.7382E-01  0.0000E+00
  3.0581E+00 -2.1554E-01 -2.1554E-01  0.0000E+00
  3.0795E+00 -2.5721E-01 -2.5721E-01  0.0000E+00
  3.1011E+00 -2.9875E-01 -2.9875E-01  0.0000E+00
  3.1228E+00 -3.4009E-01 -3.4009E-01  0.0000E+00
  3.1447E+00 -3.8116E-01 -3.8116E-01  0.0000E+00
  3.1667E+00 -4.2187E-01 -4.2187E-01  0.0000E+00
  3.1888E+00 -4.6214E-01 -4.6214E-01  0.0000E+00
  3.2111E+00 -5.0188E-01 -5.0188E-01  0.0000E+00
  3.2336E+00 -5.4101E-01 -5.4101E-01  0.0000E+00
  3.2563E+00 -5.7944E-01 -5.7944E-01  0.0000E+00
  3.2790E+00 -6.1708E-01 -6.1708E-01  0.0000E+00
