 # l=           0 basis function with energy     2.00000000000000     
  0.0000E+00  0.0000E+00  0.0000E+00  0.0000E+00
  4.9311E-07  1.5697E-03  5.5216E-07  8.2548E-06
  9.8967E-07  2.5409E-03  1.1082E-06  1.6567E-05
  1.4897E-06  3.3711E-03  1.6681E-06  2.4938E-05
  1.9932E-06  4.1227E-03  2.2319E-06  3.3368E-05
  2.5003E-06  4.8208E-03  2.7997E-06  4.1856E-05
  3.0109E-06  5.4812E-03  3.3715E-06  5.0404E-05
  3.5251E-06  6.1121E-03  3.9472E-06  5.9012E-05
  4.0429E-06  6.7191E-03  4.5270E-06  6.7679E-05
  4.5643E-06  7.3065E-03  5.1109E-06  7.6408E-05
  5.0893E-06  7.8773E-03  5.6988E-06  8.5198E-05
  5.6181E-06  8.4339E-03  6.2909E-06  9.4049E-05
  6.1505E-06  8.9781E-03  6.8870E-06  1.0296E-04
  6.6866E-06  9.5116E-03  7.4874E-06  1.1194E-04
  7.2266E-06  1.0036E-02  8.0920E-06  1.2098E-04
  7.7702E-06  1.0551E-02  8.7008E-06  1.3008E-04
  8.3177E-06  1.1059E-02  9.3138E-06  1.3924E-04
  8.8691E-06  1.1560E-02  9.9312E-06  1.4847E-04
  9.4242E-06  1.2054E-02  1.0553E-05  1.5777E-04
  9.9833E-06  1.2544E-02  1.1179E-05  1.6713E-04
  1.0546E-05  1.3028E-02  1.1809E-05  1.7655E-04
  1.1113E-05  1.3507E-02  1.2444E-05  1.8604E-04
  1.1684E-05  1.3982E-02  1.3083E-05  1.9560E-04
  1.2259E-05  1.4453E-02  1.3727E-05  2.0522E-04
  1.2838E-05  1.4920E-02  1.4375E-05  2.1491E-04
  1.3421E-05  1.5384E-02  1.5028E-05  2.2467E-04
  1.4008E-05  1.5845E-02  1.5685E-05  2.3450E-04
  1.4599E-05  1.6303E-02  1.6347E-05  2.4439E-04
  1.5194E-05  1.6759E-02  1.7014E-05  2.5436E-04
  1.5794E-05  1.7212E-02  1.7685E-05  2.6440E-04
  1.6397E-05  1.7663E-02  1.8361E-05  2.7450E-04
  1.7005E-05  1.8112E-02  1.9042E-05  2.8468E-04
  1.7617E-05  1.8558E-02  1.9727E-05  2.9492E-04
  1.8234E-05  1.9004E-02  2.0418E-05  3.0524E-04
  1.8855E-05  1.9447E-02  2.1113E-05  3.1563E-04
  1.9480E-05  1.9889E-02  2.1813E-05  3.2610E-04
  2.0109E-05  2.0329E-02  2.2517E-05  3.3664E-04
  2.0743E-05  2.0769E-02  2.3227E-05  3.4725E-04
  2.1381E-05  2.1207E-02  2.3942E-05  3.5793E-04
  2.2024E-05  2.1644E-02  2.4662E-05  3.6869E-04
  2.2671E-05  2.2080E-02  2.5386E-05  3.7953E-04
  2.3323E-05  2.2515E-02  2.6116E-05  3.9044E-04
  2.3979E-05  2.2949E-02  2.6851E-05  4.0143E-04
  2.4640E-05  2.3382E-02  2.7591E-05  4.1249E-04
  2.5306E-05  2.3815E-02  2.8337E-05  4.2363E-04
  2.5976E-05  2.4247E-02  2.9087E-05  4.3485E-04
  2.6651E-05  2.4679E-02  2.9843E-05  4.4615E-04
  2.7331E-05  2.5110E-02  3.0604E-05  4.5753E-04
  2.8015E-05  2.5541E-02  3.1370E-05  4.6899E-04
  2.8704E-05  2.5972E-02  3.2142E-05  4.8052E-04
  2.9398E-05  2.6402E-02  3.2919E-05  4.9214E-04
  3.0097E-05  2.6832E-02  3.3702E-05  5.0384E-04
  3.0801E-05  2.7261E-02  3.4490E-05  5.1562E-04
  3.1510E-05  2.7691E-02  3.5283E-05  5.2749E-04
  3.2223E-05  2.8121E-02  3.6082E-05  5.3943E-04
  3.2942E-05  2.8550E-02  3.6887E-05  5.5146E-04
  3.3666E-05  2.8980E-02  3.7697E-05  5.6358E-04
  3.4394E-05  2.9409E-02  3.8513E-05  5.7578E-04
  3.5128E-05  2.9839E-02  3.9335E-05  5.8806E-04
  3.5867E-05  3.0268E-02  4.0163E-05  6.0043E-04
  3.6611E-05  3.0698E-02  4.0996E-05  6.1289E-04
  3.7361E-05  3.1128E-02  4.1835E-05  6.2543E-04
  3.8115E-05  3.1558E-02  4.2680E-05  6.3807E-04
  3.8875E-05  3.1989E-02  4.3531E-05  6.5079E-04
  3.9640E-05  3.2420E-02  4.4388E-05  6.6360E-04
  4.0411E-05  3.2851E-02  4.5250E-05  6.7650E-04
  4.1187E-05  3.3282E-02  4.6119E-05  6.8949E-04
  4.1968E-05  3.3714E-02  4.6994E-05  7.0257E-04
  4.2755E-05  3.4147E-02  4.7875E-05  7.1574E-04
  4.3548E-05  3.4579E-02  4.8763E-05  7.2900E-04
  4.4345E-05  3.5013E-02  4.9656E-05  7.4236E-04
  4.5149E-05  3.5446E-02  5.0556E-05  7.5581E-04
  4.5958E-05  3.5880E-02  5.1462E-05  7.6936E-04
  4.6773E-05  3.6315E-02  5.2374E-05  7.8300E-04
  4.7593E-05  3.6751E-02  5.3293E-05  7.9673E-04
  4.8419E-05  3.7186E-02  5.4218E-05  8.1056E-04
  4.9251E-05  3.7623E-02  5.5150E-05  8.2449E-04
  5.0089E-05  3.8060E-02  5.6088E-05  8.3852E-04
  5.0933E-05  3.8498E-02  5.7033E-05  8.5264E-04
  5.1783E-05  3.8937E-02  5.7984E-05  8.6686E-04
  5.2638E-05  3.9376E-02  5.8942E-05  8.8119E-04
  5.3500E-05  3.9816E-02  5.9907E-05  8.9561E-04
  5.4367E-05  4.0257E-02  6.0878E-05  9.1013E-04
  5.5241E-05  4.0698E-02  6.1856E-05  9.2476E-04
  5.6121E-05  4.1141E-02  6.2841E-05  9.3948E-04
  5.7007E-05  4.1584E-02  6.3833E-05  9.5431E-04
  5.7899E-05  4.2028E-02  6.4832E-05  9.6925E-04
  5.8797E-05  4.2472E-02  6.5838E-05  9.8429E-04
  5.9702E-05  4.2918E-02  6.6851E-05  9.9943E-04
  6.0613E-05  4.3365E-02  6.7871E-05  1.0147E-03
  6.1530E-05  4.3812E-02  6.8899E-05  1.0300E-03
  6.2454E-05  4.4261E-02  6.9933E-05  1.0455E-03
  6.3384E-05  4.4710E-02  7.0975E-05  1.0611E-03
  6.4321E-05  4.5160E-02  7.2024E-05  1.0768E-03
  6.5264E-05  4.5612E-02  7.3080E-05  1.0925E-03
  6.6214E-05  4.6064E-02  7.4143E-05  1.1084E-03
  6.7170E-05  4.6517E-02  7.5215E-05  1.1245E-03
  6.8134E-05  4.6971E-02  7.6293E-05  1.1406E-03
  6.9104E-05  4.7427E-02  7.7379E-05  1.1568E-03
  7.0080E-05  4.7883E-02  7.8473E-05  1.1732E-03
  7.1064E-05  4.8341E-02  7.9574E-05  1.1896E-03
  7.2055E-05  4.8799E-02  8.0684E-05  1.2062E-03
  7.3052E-05  4.9259E-02  8.1800E-05  1.2229E-03
  7.4056E-05  4.9720E-02  8.2925E-05  1.2397E-03
  7.5068E-05  5.0181E-02  8.4058E-05  1.2567E-03
  7.6086E-05  5.0644E-02  8.5198E-05  1.2737E-03
  7.7112E-05  5.1109E-02  8.6347E-05  1.2909E-03
  7.8145E-05  5.1574E-02  8.7503E-05  1.3082E-03
  7.9185E-05  5.2041E-02  8.8668E-05  1.3256E-03
  8.0232E-05  5.2508E-02  8.9841E-05  1.3431E-03
  8.1287E-05  5.2977E-02  9.1022E-05  1.3608E-03
  8.2349E-05  5.3447E-02  9.2211E-05  1.3786E-03
  8.3418E-05  5.3919E-02  9.3408E-05  1.3965E-03
  8.4495E-05  5.4392E-02  9.4614E-05  1.4145E-03
  8.5580E-05  5.4866E-02  9.5829E-05  1.4326E-03
  8.6672E-05  5.5341E-02  9.7052E-05  1.4509E-03
  8.7772E-05  5.5817E-02  9.8283E-05  1.4693E-03
  8.8879E-05  5.6295E-02  9.9523E-05  1.4879E-03
  8.9994E-05  5.6774E-02  1.0077E-04  1.5065E-03
  9.1117E-05  5.7255E-02  1.0203E-04  1.5253E-03
  9.2248E-05  5.7737E-02  1.0330E-04  1.5443E-03
  9.3387E-05  5.8220E-02  1.0457E-04  1.5633E-03
  9.4534E-05  5.8704E-02  1.0585E-04  1.5825E-03
  9.5688E-05  5.9190E-02  1.0715E-04  1.6019E-03
  9.6851E-05  5.9678E-02  1.0845E-04  1.6213E-03
  9.8022E-05  6.0166E-02  1.0976E-04  1.6409E-03
  9.9202E-05  6.0657E-02  1.1108E-04  1.6607E-03
  1.0039E-04  6.1148E-02  1.1241E-04  1.6806E-03
  1.0158E-04  6.1641E-02  1.1375E-04  1.7006E-03
  1.0279E-04  6.2136E-02  1.1510E-04  1.7207E-03
  1.0400E-04  6.2632E-02  1.1646E-04  1.7410E-03
  1.0522E-04  6.3129E-02  1.1782E-04  1.7615E-03
  1.0645E-04  6.3628E-02  1.1920E-04  1.7821E-03
  1.0769E-04  6.4128E-02  1.2059E-04  1.8028E-03
  1.0894E-04  6.4630E-02  1.2198E-04  1.8237E-03
  1.1019E-04  6.5134E-02  1.2339E-04  1.8447E-03
  1.1146E-04  6.5639E-02  1.2480E-04  1.8658E-03
  1.1273E-04  6.6145E-02  1.2623E-04  1.8872E-03
  1.1401E-04  6.6653E-02  1.2767E-04  1.9086E-03
  1.1530E-04  6.7163E-02  1.2911E-04  1.9302E-03
  1.1660E-04  6.7674E-02  1.3057E-04  1.9520E-03
  1.1791E-04  6.8187E-02  1.3203E-04  1.9739E-03
  1.1923E-04  6.8701E-02  1.3351E-04  1.9960E-03
  1.2056E-04  6.9217E-02  1.3500E-04  2.0182E-03
  1.2190E-04  6.9735E-02  1.3649E-04  2.0406E-03
  1.2324E-04  7.0254E-02  1.3800E-04  2.0631E-03
  1.2460E-04  7.0775E-02  1.3952E-04  2.0858E-03
  1.2596E-04  7.1297E-02  1.4105E-04  2.1087E-03
  1.2734E-04  7.1821E-02  1.4259E-04  2.1317E-03
  1.2872E-04  7.2347E-02  1.4414E-04  2.1549E-03
  1.3012E-04  7.2875E-02  1.4570E-04  2.1782E-03
  1.3152E-04  7.3404E-02  1.4727E-04  2.2017E-03
  1.3293E-04  7.3935E-02  1.4885E-04  2.2254E-03
  1.3436E-04  7.4467E-02  1.5045E-04  2.2492E-03
  1.3579E-04  7.5002E-02  1.5205E-04  2.2732E-03
  1.3723E-04  7.5538E-02  1.5367E-04  2.2974E-03
  1.3869E-04  7.6076E-02  1.5530E-04  2.3217E-03
  1.4015E-04  7.6615E-02  1.5694E-04  2.3462E-03
  1.4163E-04  7.7157E-02  1.5859E-04  2.3709E-03
  1.4311E-04  7.7700E-02  1.6025E-04  2.3957E-03
  1.4460E-04  7.8245E-02  1.6192E-04  2.4207E-03
  1.4611E-04  7.8791E-02  1.6361E-04  2.4459E-03
  1.4763E-04  7.9340E-02  1.6530E-04  2.4713E-03
  1.4915E-04  7.9890E-02  1.6701E-04  2.4969E-03
  1.5069E-04  8.0442E-02  1.6874E-04  2.5226E-03
  1.5224E-04  8.0996E-02  1.7047E-04  2.5485E-03
  1.5380E-04  8.1552E-02  1.7221E-04  2.5746E-03
  1.5537E-04  8.2109E-02  1.7397E-04  2.6009E-03
  1.5695E-04  8.2669E-02  1.7574E-04  2.6273E-03
  1.5854E-04  8.3230E-02  1.7752E-04  2.6540E-03
  1.6014E-04  8.3794E-02  1.7932E-04  2.6808E-03
  1.6175E-04  8.4359E-02  1.8112E-04  2.7078E-03
  1.6338E-04  8.4926E-02  1.8294E-04  2.7350E-03
  1.6502E-04  8.5495E-02  1.8478E-04  2.7624E-03
  1.6666E-04  8.6066E-02  1.8662E-04  2.7900E-03
  1.6832E-04  8.6638E-02  1.8848E-04  2.8178E-03
  1.6999E-04  8.7213E-02  1.9035E-04  2.8458E-03
  1.7168E-04  8.7790E-02  1.9224E-04  2.8740E-03
  1.7337E-04  8.8368E-02  1.9413E-04  2.9023E-03
  1.7508E-04  8.8949E-02  1.9605E-04  2.9309E-03
  1.7680E-04  8.9532E-02  1.9797E-04  2.9597E-03
  1.7853E-04  9.0116E-02  1.9991E-04  2.9886E-03
  1.8027E-04  9.0703E-02  2.0186E-04  3.0178E-03
  1.8203E-04  9.1291E-02  2.0382E-04  3.0472E-03
  1.8379E-04  9.1882E-02  2.0580E-04  3.0768E-03
  1.8557E-04  9.2474E-02  2.0780E-04  3.1066E-03
  1.8736E-04  9.3069E-02  2.0980E-04  3.1366E-03
  1.8917E-04  9.3665E-02  2.1182E-04  3.1668E-03
  1.9099E-04  9.4264E-02  2.1386E-04  3.1972E-03
  1.9282E-04  9.4865E-02  2.1591E-04  3.2278E-03
  1.9466E-04  9.5468E-02  2.1797E-04  3.2587E-03
  1.9651E-04  9.6073E-02  2.2005E-04  3.2897E-03
  1.9838E-04  9.6680E-02  2.2214E-04  3.3210E-03
  2.0026E-04  9.7289E-02  2.2425E-04  3.3525E-03
  2.0216E-04  9.7900E-02  2.2637E-04  3.3842E-03
  2.0407E-04  9.8513E-02  2.2851E-04  3.4162E-03
  2.0599E-04  9.9128E-02  2.3066E-04  3.4483E-03
  2.0792E-04  9.9746E-02  2.3282E-04  3.4807E-03
  2.0987E-04  1.0037E-01  2.3500E-04  3.5133E-03
  2.1183E-04  1.0099E-01  2.3720E-04  3.5462E-03
  2.1381E-04  1.0161E-01  2.3941E-04  3.5793E-03
  2.1580E-04  1.0224E-01  2.4164E-04  3.6126E-03
  2.1780E-04  1.0287E-01  2.4389E-04  3.6461E-03
  2.1982E-04  1.0350E-01  2.4614E-04  3.6799E-03
  2.2185E-04  1.0413E-01  2.4842E-04  3.7139E-03
  2.2390E-04  1.0476E-01  2.5071E-04  3.7481E-03
  2.2596E-04  1.0540E-01  2.5302E-04  3.7826E-03
  2.2803E-04  1.0604E-01  2.5534E-04  3.8174E-03
  2.3012E-04  1.0668E-01  2.5768E-04  3.8523E-03
  2.3223E-04  1.0733E-01  2.6004E-04  3.8875E-03
  2.3434E-04  1.0797E-01  2.6241E-04  3.9230E-03
  2.3648E-04  1.0862E-01  2.6480E-04  3.9587E-03
  2.3863E-04  1.0927E-01  2.6720E-04  3.9947E-03
  2.4079E-04  1.0992E-01  2.6962E-04  4.0309E-03
  2.4297E-04  1.1058E-01  2.7206E-04  4.0674E-03
  2.4516E-04  1.1123E-01  2.7452E-04  4.1041E-03
  2.4737E-04  1.1189E-01  2.7699E-04  4.1411E-03
  2.4959E-04  1.1256E-01  2.7948E-04  4.1783E-03
  2.5183E-04  1.1322E-01  2.8199E-04  4.2158E-03
  2.5409E-04  1.1389E-01  2.8452E-04  4.2536E-03
  2.5636E-04  1.1456E-01  2.8706E-04  4.2916E-03
  2.5865E-04  1.1523E-01  2.8962E-04  4.3299E-03
  2.6095E-04  1.1590E-01  2.9220E-04  4.3685E-03
  2.6327E-04  1.1658E-01  2.9480E-04  4.4073E-03
  2.6561E-04  1.1725E-01  2.9742E-04  4.4464E-03
  2.6796E-04  1.1793E-01  3.0005E-04  4.4858E-03
  2.7033E-04  1.1862E-01  3.0270E-04  4.5254E-03
  2.7271E-04  1.1930E-01  3.0537E-04  4.5653E-03
  2.7512E-04  1.1999E-01  3.0806E-04  4.6056E-03
  2.7753E-04  1.2068E-01  3.1077E-04  4.6460E-03
  2.7997E-04  1.2137E-01  3.1350E-04  4.6868E-03
  2.8242E-04  1.2207E-01  3.1624E-04  4.7279E-03
  2.8489E-04  1.2276E-01  3.1901E-04  4.7692E-03
  2.8738E-04  1.2346E-01  3.2179E-04  4.8109E-03
  2.8988E-04  1.2417E-01  3.2460E-04  4.8528E-03
  2.9241E-04  1.2487E-01  3.2742E-04  4.8950E-03
  2.9495E-04  1.2558E-01  3.3027E-04  4.9375E-03
  2.9750E-04  1.2629E-01  3.3313E-04  4.9803E-03
  3.0008E-04  1.2700E-01  3.3601E-04  5.0234E-03
  3.0267E-04  1.2771E-01  3.3892E-04  5.0669E-03
  3.0528E-04  1.2843E-01  3.4184E-04  5.1106E-03
  3.0791E-04  1.2915E-01  3.4479E-04  5.1546E-03
  3.1056E-04  1.2987E-01  3.4775E-04  5.1989E-03
  3.1323E-04  1.3059E-01  3.5074E-04  5.2436E-03
  3.1591E-04  1.3132E-01  3.5375E-04  5.2885E-03
  3.1862E-04  1.3205E-01  3.5677E-04  5.3338E-03
  3.2134E-04  1.3278E-01  3.5982E-04  5.3794E-03
  3.2408E-04  1.3352E-01  3.6289E-04  5.4253E-03
  3.2684E-04  1.3425E-01  3.6599E-04  5.4715E-03
  3.2963E-04  1.3499E-01  3.6910E-04  5.5181E-03
  3.3243E-04  1.3573E-01  3.7224E-04  5.5650E-03
  3.3525E-04  1.3648E-01  3.7539E-04  5.6122E-03
  3.3809E-04  1.3723E-01  3.7857E-04  5.6597E-03
  3.4094E-04  1.3797E-01  3.8177E-04  5.7076E-03
  3.4382E-04  1.3873E-01  3.8500E-04  5.7558E-03
  3.4672E-04  1.3948E-01  3.8825E-04  5.8043E-03
  3.4964E-04  1.4024E-01  3.9152E-04  5.8532E-03
  3.5258E-04  1.4100E-01  3.9481E-04  5.9024E-03
  3.5554E-04  1.4176E-01  3.9812E-04  5.9520E-03
  3.5853E-04  1.4253E-01  4.0146E-04  6.0019E-03
  3.6153E-04  1.4329E-01  4.0482E-04  6.0521E-03
  3.6455E-04  1.4406E-01  4.0821E-04  6.1028E-03
  3.6760E-04  1.4484E-01  4.1162E-04  6.1537E-03
  3.7066E-04  1.4561E-01  4.1505E-04  6.2051E-03
  3.7375E-04  1.4639E-01  4.1851E-04  6.2567E-03
  3.7686E-04  1.4717E-01  4.2199E-04  6.3088E-03
  3.7999E-04  1.4795E-01  4.2550E-04  6.3612E-03
  3.8314E-04  1.4874E-01  4.2903E-04  6.4140E-03
  3.8632E-04  1.4953E-01  4.3258E-04  6.4671E-03
  3.8951E-04  1.5032E-01  4.3616E-04  6.5206E-03
  3.9273E-04  1.5111E-01  4.3977E-04  6.5745E-03
  3.9598E-04  1.5191E-01  4.4340E-04  6.6288E-03
  3.9924E-04  1.5271E-01  4.4705E-04  6.6835E-03
  4.0253E-04  1.5351E-01  4.5073E-04  6.7385E-03
  4.0584E-04  1.5431E-01  4.5444E-04  6.7939E-03
  4.0917E-04  1.5512E-01  4.5817E-04  6.8497E-03
  4.1253E-04  1.5593E-01  4.6193E-04  6.9059E-03
  4.1591E-04  1.5674E-01  4.6572E-04  6.9625E-03
  4.1931E-04  1.5756E-01  4.6953E-04  7.0195E-03
  4.2274E-04  1.5838E-01  4.7337E-04  7.0769E-03
  4.2619E-04  1.5920E-01  4.7723E-04  7.1347E-03
  4.2967E-04  1.6002E-01  4.8113E-04  7.1929E-03
  4.3317E-04  1.6085E-01  4.8505E-04  7.2515E-03
  4.3670E-04  1.6167E-01  4.8899E-04  7.3105E-03
  4.4024E-04  1.6251E-01  4.9297E-04  7.3699E-03
  4.4382E-04  1.6334E-01  4.9697E-04  7.4297E-03
  4.4742E-04  1.6418E-01  5.0100E-04  7.4900E-03
  4.5104E-04  1.6502E-01  5.0506E-04  7.5507E-03
  4.5469E-04  1.6586E-01  5.0915E-04  7.6118E-03
  4.5837E-04  1.6670E-01  5.1326E-04  7.6733E-03
  4.6207E-04  1.6755E-01  5.1741E-04  7.7353E-03
  4.6580E-04  1.6840E-01  5.2158E-04  7.7977E-03
  4.6955E-04  1.6925E-01  5.2578E-04  7.8605E-03
  4.7333E-04  1.7011E-01  5.3001E-04  7.9238E-03
  4.7714E-04  1.7097E-01  5.3428E-04  7.9875E-03
  4.8097E-04  1.7183E-01  5.3857E-04  8.0516E-03
  4.8483E-04  1.7269E-01  5.4289E-04  8.1162E-03
  4.8872E-04  1.7356E-01  5.4724E-04  8.1813E-03
  4.9263E-04  1.7443E-01  5.5162E-04  8.2468E-03
  4.9657E-04  1.7530E-01  5.5604E-04  8.3128E-03
  5.0054E-04  1.7618E-01  5.6048E-04  8.3792E-03
  5.0454E-04  1.7706E-01  5.6496E-04  8.4461E-03
  5.0856E-04  1.7794E-01  5.6946E-04  8.5135E-03
  5.1261E-04  1.7882E-01  5.7400E-04  8.5813E-03
  5.1669E-04  1.7971E-01  5.7857E-04  8.6497E-03
  5.2080E-04  1.8059E-01  5.8317E-04  8.7185E-03
  5.2494E-04  1.8149E-01  5.8781E-04  8.7877E-03
  5.2911E-04  1.8238E-01  5.9247E-04  8.8575E-03
  5.3330E-04  1.8328E-01  5.9717E-04  8.9277E-03
  5.3753E-04  1.8418E-01  6.0190E-04  8.9985E-03
  5.4179E-04  1.8508E-01  6.0667E-04  9.0697E-03
  5.4607E-04  1.8598E-01  6.1147E-04  9.1415E-03
  5.5039E-04  1.8689E-01  6.1630E-04  9.2137E-03
  5.5473E-04  1.8780E-01  6.2116E-04  9.2864E-03
  5.5911E-04  1.8872E-01  6.2606E-04  9.3597E-03
  5.6351E-04  1.8963E-01  6.3100E-04  9.4335E-03
  5.6795E-04  1.9055E-01  6.3597E-04  9.5077E-03
  5.7242E-04  1.9147E-01  6.4097E-04  9.5825E-03
  5.7692E-04  1.9240E-01  6.4601E-04  9.6579E-03
  5.8145E-04  1.9333E-01  6.5108E-04  9.7337E-03
  5.8601E-04  1.9426E-01  6.5619E-04  9.8101E-03
  5.9061E-04  1.9519E-01  6.6134E-04  9.8870E-03
  5.9523E-04  1.9612E-01  6.6652E-04  9.9645E-03
  5.9989E-04  1.9706E-01  6.7173E-04  1.0042E-02
  6.0459E-04  1.9800E-01  6.7699E-04  1.0121E-02
  6.0931E-04  1.9895E-01  6.8228E-04  1.0200E-02
  6.1407E-04  1.9989E-01  6.8761E-04  1.0280E-02
  6.1886E-04  2.0084E-01  6.9297E-04  1.0360E-02
  6.2368E-04  2.0180E-01  6.9837E-04  1.0441E-02
  6.2854E-04  2.0275E-01  7.0381E-04  1.0522E-02
  6.3343E-04  2.0371E-01  7.0929E-04  1.0604E-02
  6.3836E-04  2.0467E-01  7.1481E-04  1.0686E-02
  6.4332E-04  2.0563E-01  7.2036E-04  1.0769E-02
  6.4832E-04  2.0660E-01  7.2596E-04  1.0853E-02
  6.5335E-04  2.0756E-01  7.3159E-04  1.0937E-02
  6.5841E-04  2.0854E-01  7.3726E-04  1.1022E-02
  6.6352E-04  2.0951E-01  7.4298E-04  1.1108E-02
  6.6865E-04  2.1049E-01  7.4873E-04  1.1194E-02
  6.7383E-04  2.1146E-01  7.5452E-04  1.1280E-02
  6.7904E-04  2.1245E-01  7.6035E-04  1.1367E-02
  6.8428E-04  2.1343E-01  7.6623E-04  1.1455E-02
  6.8956E-04  2.1442E-01  7.7214E-04  1.1544E-02
  6.9488E-04  2.1541E-01  7.7810E-04  1.1633E-02
  7.0024E-04  2.1640E-01  7.8410E-04  1.1722E-02
  7.0563E-04  2.1739E-01  7.9014E-04  1.1813E-02
  7.1107E-04  2.1839E-01  7.9622E-04  1.1904E-02
  7.1654E-04  2.1939E-01  8.0235E-04  1.1995E-02
  7.2204E-04  2.2039E-01  8.0851E-04  1.2087E-02
  7.2759E-04  2.2140E-01  8.1472E-04  1.2180E-02
  7.3318E-04  2.2241E-01  8.2098E-04  1.2274E-02
  7.3880E-04  2.2342E-01  8.2728E-04  1.2368E-02
  7.4447E-04  2.2443E-01  8.3362E-04  1.2463E-02
  7.5017E-04  2.2545E-01  8.4001E-04  1.2558E-02
  7.5591E-04  2.2647E-01  8.4644E-04  1.2654E-02
  7.6170E-04  2.2749E-01  8.5291E-04  1.2751E-02
  7.6752E-04  2.2851E-01  8.5944E-04  1.2849E-02
  7.7339E-04  2.2954E-01  8.6600E-04  1.2947E-02
  7.7929E-04  2.3057E-01  8.7262E-04  1.3046E-02
  7.8524E-04  2.3160E-01  8.7928E-04  1.3145E-02
  7.9123E-04  2.3263E-01  8.8598E-04  1.3246E-02
  7.9726E-04  2.3367E-01  8.9274E-04  1.3346E-02
  8.0333E-04  2.3470E-01  8.9954E-04  1.3448E-02
  8.0945E-04  2.3575E-01  9.0639E-04  1.3551E-02
  8.1561E-04  2.3679E-01  9.1328E-04  1.3654E-02
  8.2181E-04  2.3783E-01  9.2023E-04  1.3757E-02
  8.2805E-04  2.3888E-01  9.2722E-04  1.3862E-02
  8.3434E-04  2.3993E-01  9.3426E-04  1.3967E-02
  8.4068E-04  2.4099E-01  9.4135E-04  1.4073E-02
  8.4705E-04  2.4204E-01  9.4849E-04  1.4180E-02
  8.5348E-04  2.4310E-01  9.5568E-04  1.4288E-02
  8.5994E-04  2.4416E-01  9.6292E-04  1.4396E-02
  8.6645E-04  2.4522E-01  9.7022E-04  1.4505E-02
  8.7301E-04  2.4629E-01  9.7756E-04  1.4615E-02
  8.7962E-04  2.4736E-01  9.8495E-04  1.4725E-02
  8.8626E-04  2.4843E-01  9.9240E-04  1.4836E-02
  8.9296E-04  2.4950E-01  9.9990E-04  1.4949E-02
  8.9970E-04  2.5057E-01  1.0074E-03  1.5061E-02
  9.0649E-04  2.5165E-01  1.0151E-03  1.5175E-02
  9.1333E-04  2.5273E-01  1.0227E-03  1.5290E-02
  9.2022E-04  2.5381E-01  1.0304E-03  1.5405E-02
  9.2715E-04  2.5489E-01  1.0382E-03  1.5521E-02
  9.3413E-04  2.5598E-01  1.0460E-03  1.5638E-02
  9.4117E-04  2.5706E-01  1.0539E-03  1.5755E-02
  9.4825E-04  2.5815E-01  1.0618E-03  1.5874E-02
  9.5538E-04  2.5924E-01  1.0698E-03  1.5993E-02
  9.6256E-04  2.6034E-01  1.0778E-03  1.6114E-02
  9.6979E-04  2.6143E-01  1.0859E-03  1.6235E-02
  9.7707E-04  2.6253E-01  1.0941E-03  1.6356E-02
  9.8440E-04  2.6363E-01  1.1023E-03  1.6479E-02
  9.9178E-04  2.6473E-01  1.1106E-03  1.6603E-02
  9.9922E-04  2.6584E-01  1.1189E-03  1.6727E-02
  1.0067E-03  2.6694E-01  1.1273E-03  1.6853E-02
  1.0142E-03  2.6805E-01  1.1357E-03  1.6979E-02
  1.0218E-03  2.6916E-01  1.1442E-03  1.7106E-02
  1.0295E-03  2.7027E-01  1.1528E-03  1.7234E-02
  1.0372E-03  2.7138E-01  1.1614E-03  1.7363E-02
  1.0449E-03  2.7250E-01  1.1701E-03  1.7493E-02
  1.0527E-03  2.7362E-01  1.1788E-03  1.7623E-02
  1.0606E-03  2.7474E-01  1.1876E-03  1.7755E-02
  1.0685E-03  2.7586E-01  1.1965E-03  1.7887E-02
  1.0765E-03  2.7698E-01  1.2054E-03  1.8021E-02
  1.0845E-03  2.7810E-01  1.2144E-03  1.8155E-02
  1.0926E-03  2.7923E-01  1.2234E-03  1.8291E-02
  1.1007E-03  2.8035E-01  1.2326E-03  1.8427E-02
  1.1089E-03  2.8148E-01  1.2417E-03  1.8564E-02
  1.1172E-03  2.8261E-01  1.2510E-03  1.8702E-02
  1.1255E-03  2.8375E-01  1.2603E-03  1.8841E-02
  1.1339E-03  2.8488E-01  1.2697E-03  1.8981E-02
  1.1423E-03  2.8601E-01  1.2791E-03  1.9123E-02
  1.1508E-03  2.8715E-01  1.2886E-03  1.9265E-02
  1.1593E-03  2.8829E-01  1.2982E-03  1.9408E-02
  1.1679E-03  2.8943E-01  1.3078E-03  1.9552E-02
  1.1766E-03  2.9057E-01  1.3175E-03  1.9697E-02
  1.1853E-03  2.9171E-01  1.3273E-03  1.9843E-02
  1.1941E-03  2.9285E-01  1.3371E-03  1.9990E-02
  1.2030E-03  2.9400E-01  1.3470E-03  2.0138E-02
  1.2119E-03  2.9514E-01  1.3570E-03  2.0288E-02
  1.2209E-03  2.9629E-01  1.3671E-03  2.0438E-02
  1.2299E-03  2.9744E-01  1.3772E-03  2.0589E-02
  1.2390E-03  2.9859E-01  1.3874E-03  2.0742E-02
  1.2482E-03  2.9974E-01  1.3976E-03  2.0895E-02
  1.2574E-03  3.0089E-01  1.4080E-03  2.1049E-02
  1.2667E-03  3.0204E-01  1.4184E-03  2.1205E-02
  1.2761E-03  3.0320E-01  1.4289E-03  2.1362E-02
  1.2855E-03  3.0435E-01  1.4394E-03  2.1519E-02
  1.2950E-03  3.0550E-01  1.4500E-03  2.1678E-02
  1.3045E-03  3.0666E-01  1.4608E-03  2.1838E-02
  1.3142E-03  3.0782E-01  1.4715E-03  2.1999E-02
  1.3238E-03  3.0897E-01  1.4824E-03  2.2162E-02
  1.3336E-03  3.1013E-01  1.4933E-03  2.2325E-02
  1.3434E-03  3.1129E-01  1.5043E-03  2.2490E-02
  1.3533E-03  3.1245E-01  1.5154E-03  2.2655E-02
  1.3633E-03  3.1361E-01  1.5265E-03  2.2822E-02
  1.3733E-03  3.1477E-01  1.5378E-03  2.2990E-02
  1.3834E-03  3.1593E-01  1.5491E-03  2.3159E-02
  1.3936E-03  3.1709E-01  1.5605E-03  2.3330E-02
  1.4039E-03  3.1825E-01  1.5720E-03  2.3501E-02
  1.4142E-03  3.1941E-01  1.5835E-03  2.3674E-02
  1.4246E-03  3.2058E-01  1.5952E-03  2.3848E-02
  1.4350E-03  3.2174E-01  1.6069E-03  2.4023E-02
  1.4456E-03  3.2290E-01  1.6187E-03  2.4199E-02
  1.4562E-03  3.2406E-01  1.6306E-03  2.4377E-02
  1.4669E-03  3.2522E-01  1.6425E-03  2.4556E-02
  1.4776E-03  3.2639E-01  1.6546E-03  2.4736E-02
  1.4885E-03  3.2755E-01  1.6667E-03  2.4917E-02
  1.4994E-03  3.2871E-01  1.6789E-03  2.5100E-02
  1.5104E-03  3.2987E-01  1.6912E-03  2.5284E-02
  1.5214E-03  3.3104E-01  1.7036E-03  2.5469E-02
  1.5326E-03  3.3220E-01  1.7161E-03  2.5656E-02
  1.5438E-03  3.3336E-01  1.7287E-03  2.5843E-02
  1.5551E-03  3.3452E-01  1.7413E-03  2.6033E-02
  1.5665E-03  3.3568E-01  1.7540E-03  2.6223E-02
  1.5779E-03  3.3684E-01  1.7669E-03  2.6415E-02
  1.5895E-03  3.3800E-01  1.7798E-03  2.6608E-02
  1.6011E-03  3.3916E-01  1.7928E-03  2.6802E-02
  1.6128E-03  3.4031E-01  1.8059E-03  2.6998E-02
  1.6246E-03  3.4147E-01  1.8191E-03  2.7196E-02
  1.6364E-03  3.4263E-01  1.8324E-03  2.7394E-02
  1.6484E-03  3.4378E-01  1.8458E-03  2.7594E-02
  1.6604E-03  3.4493E-01  1.8592E-03  2.7796E-02
  1.6725E-03  3.4609E-01  1.8728E-03  2.7998E-02
  1.6847E-03  3.4724E-01  1.8864E-03  2.8203E-02
  1.6970E-03  3.4839E-01  1.9002E-03  2.8408E-02
  1.7094E-03  3.4954E-01  1.9141E-03  2.8615E-02
  1.7218E-03  3.5069E-01  1.9280E-03  2.8824E-02
  1.7344E-03  3.5183E-01  1.9421E-03  2.9034E-02
  1.7470E-03  3.5298E-01  1.9562E-03  2.9245E-02
  1.7597E-03  3.5412E-01  1.9704E-03  2.9458E-02
  1.7725E-03  3.5526E-01  1.9848E-03  2.9673E-02
  1.7854E-03  3.5640E-01  1.9992E-03  2.9889E-02
  1.7984E-03  3.5754E-01  2.0138E-03  3.0106E-02
  1.8115E-03  3.5868E-01  2.0284E-03  3.0325E-02
  1.8247E-03  3.5981E-01  2.0432E-03  3.0545E-02
  1.8379E-03  3.6094E-01  2.0580E-03  3.0768E-02
  1.8513E-03  3.6207E-01  2.0730E-03  3.0991E-02
  1.8647E-03  3.6320E-01  2.0880E-03  3.1216E-02
  1.8783E-03  3.6433E-01  2.1032E-03  3.1443E-02
  1.8919E-03  3.6545E-01  2.1185E-03  3.1671E-02
  1.9057E-03  3.6657E-01  2.1339E-03  3.1901E-02
  1.9195E-03  3.6769E-01  2.1493E-03  3.2133E-02
  1.9334E-03  3.6880E-01  2.1649E-03  3.2366E-02
  1.9474E-03  3.6992E-01  2.1806E-03  3.2601E-02
  1.9616E-03  3.7103E-01  2.1965E-03  3.2837E-02
  1.9758E-03  3.7213E-01  2.2124E-03  3.3075E-02
  1.9901E-03  3.7324E-01  2.2284E-03  3.3315E-02
  2.0045E-03  3.7434E-01  2.2446E-03  3.3556E-02
  2.0191E-03  3.7544E-01  2.2608E-03  3.3800E-02
  2.0337E-03  3.7653E-01  2.2772E-03  3.4044E-02
  2.0484E-03  3.7762E-01  2.2937E-03  3.4291E-02
  2.0632E-03  3.7871E-01  2.3103E-03  3.4539E-02
  2.0782E-03  3.7979E-01  2.3270E-03  3.4789E-02
  2.0932E-03  3.8087E-01  2.3439E-03  3.5041E-02
  2.1084E-03  3.8195E-01  2.3608E-03  3.5294E-02
  2.1236E-03  3.8302E-01  2.3779E-03  3.5550E-02
  2.1390E-03  3.8409E-01  2.3951E-03  3.5807E-02
  2.1544E-03  3.8515E-01  2.4124E-03  3.6066E-02
  2.1700E-03  3.8621E-01  2.4298E-03  3.6326E-02
  2.1857E-03  3.8727E-01  2.4474E-03  3.6589E-02
  2.2015E-03  3.8832E-01  2.4651E-03  3.6853E-02
  2.2174E-03  3.8936E-01  2.4829E-03  3.7119E-02
  2.2334E-03  3.9041E-01  2.5008E-03  3.7387E-02
  2.2495E-03  3.9144E-01  2.5189E-03  3.7657E-02
  2.2657E-03  3.9248E-01  2.5371E-03  3.7929E-02
  2.2821E-03  3.9350E-01  2.5554E-03  3.8203E-02
  2.2986E-03  3.9452E-01  2.5738E-03  3.8478E-02
  2.3151E-03  3.9554E-01  2.5924E-03  3.8756E-02
  2.3318E-03  3.9655E-01  2.6111E-03  3.9036E-02
  2.3487E-03  3.9756E-01  2.6299E-03  3.9317E-02
  2.3656E-03  3.9856E-01  2.6488E-03  3.9600E-02
  2.3826E-03  3.9955E-01  2.6679E-03  3.9886E-02
  2.3998E-03  4.0054E-01  2.6872E-03  4.0173E-02
  2.4171E-03  4.0152E-01  2.7065E-03  4.0463E-02
  2.4345E-03  4.0250E-01  2.7260E-03  4.0754E-02
  2.4520E-03  4.0347E-01  2.7457E-03  4.1048E-02
  2.4697E-03  4.0443E-01  2.7654E-03  4.1343E-02
  2.4875E-03  4.0539E-01  2.7853E-03  4.1641E-02
  2.5054E-03  4.0634E-01  2.8054E-03  4.1941E-02
  2.5234E-03  4.0729E-01  2.8256E-03  4.2242E-02
  2.5416E-03  4.0822E-01  2.8459E-03  4.2546E-02
  2.5598E-03  4.0915E-01  2.8664E-03  4.2852E-02
  2.5783E-03  4.1008E-01  2.8870E-03  4.3160E-02
  2.5968E-03  4.1099E-01  2.9077E-03  4.3471E-02
  2.6155E-03  4.1190E-01  2.9286E-03  4.3783E-02
  2.6343E-03  4.1280E-01  2.9497E-03  4.4098E-02
  2.6532E-03  4.1369E-01  2.9709E-03  4.4415E-02
  2.6723E-03  4.1458E-01  2.9922E-03  4.4734E-02
  2.6915E-03  4.1545E-01  3.0137E-03  4.5055E-02
  2.7108E-03  4.1632E-01  3.0354E-03  4.5379E-02
  2.7302E-03  4.1718E-01  3.0572E-03  4.5705E-02
  2.7499E-03  4.1803E-01  3.0791E-03  4.6033E-02
  2.7696E-03  4.1888E-01  3.1012E-03  4.6363E-02
  2.7895E-03  4.1971E-01  3.1235E-03  4.6696E-02
  2.8095E-03  4.2054E-01  3.1459E-03  4.7031E-02
  2.8296E-03  4.2135E-01  3.1685E-03  4.7369E-02
  2.8499E-03  4.2216E-01  3.1912E-03  4.7708E-02
  2.8704E-03  4.2296E-01  3.2141E-03  4.8050E-02
  2.8910E-03  4.2375E-01  3.2371E-03  4.8395E-02
  2.9117E-03  4.2452E-01  3.2603E-03  4.8742E-02
  2.9326E-03  4.2529E-01  3.2837E-03  4.9091E-02
  2.9536E-03  4.2605E-01  3.3072E-03  4.9443E-02
  2.9748E-03  4.2680E-01  3.3309E-03  4.9798E-02
  2.9961E-03  4.2754E-01  3.3548E-03  5.0154E-02
  3.0175E-03  4.2826E-01  3.3788E-03  5.0514E-02
  3.0391E-03  4.2898E-01  3.4030E-03  5.0875E-02
  3.0609E-03  4.2969E-01  3.4274E-03  5.1240E-02
  3.0828E-03  4.3038E-01  3.4519E-03  5.1607E-02
  3.1049E-03  4.3106E-01  3.4766E-03  5.1976E-02
  3.1271E-03  4.3173E-01  3.5015E-03  5.2348E-02
  3.1495E-03  4.3239E-01  3.5266E-03  5.2723E-02
  3.1720E-03  4.3304E-01  3.5518E-03  5.3100E-02
  3.1947E-03  4.3368E-01  3.5772E-03  5.3480E-02
  3.2176E-03  4.3430E-01  3.6028E-03  5.3862E-02
  3.2406E-03  4.3491E-01  3.6286E-03  5.4248E-02
  3.2638E-03  4.3551E-01  3.6545E-03  5.4636E-02
  3.2871E-03  4.3610E-01  3.6807E-03  5.5026E-02
  3.3106E-03  4.3667E-01  3.7070E-03  5.5420E-02
  3.3343E-03  4.3723E-01  3.7335E-03  5.5816E-02
  3.3581E-03  4.3778E-01  3.7602E-03  5.6215E-02
  3.3821E-03  4.3831E-01  3.7870E-03  5.6616E-02
  3.4063E-03  4.3883E-01  3.8141E-03  5.7021E-02
  3.4306E-03  4.3934E-01  3.8413E-03  5.7428E-02
  3.4551E-03  4.3983E-01  3.8688E-03  5.7838E-02
  3.4798E-03  4.4031E-01  3.8964E-03  5.8251E-02
  3.5046E-03  4.4077E-01  3.9242E-03  5.8667E-02
  3.5297E-03  4.4122E-01  3.9522E-03  5.9086E-02
  3.5548E-03  4.4165E-01  3.9804E-03  5.9508E-02
  3.5802E-03  4.4207E-01  4.0089E-03  5.9933E-02
  3.6058E-03  4.4248E-01  4.0375E-03  6.0360E-02
  3.6315E-03  4.4286E-01  4.0663E-03  6.0791E-02
  3.6574E-03  4.4324E-01  4.0953E-03  6.1225E-02
  3.6835E-03  4.4359E-01  4.1245E-03  6.1661E-02
  3.7098E-03  4.4393E-01  4.1539E-03  6.2101E-02
  3.7362E-03  4.4425E-01  4.1835E-03  6.2544E-02
  3.7629E-03  4.4456E-01  4.2134E-03  6.2990E-02
  3.7897E-03  4.4485E-01  4.2434E-03  6.3439E-02
  3.8167E-03  4.4513E-01  4.2737E-03  6.3891E-02
  3.8439E-03  4.4538E-01  4.3041E-03  6.4347E-02
  3.8713E-03  4.4562E-01  4.3348E-03  6.4805E-02
  3.8989E-03  4.4584E-01  4.3657E-03  6.5267E-02
  3.9267E-03  4.4604E-01  4.3968E-03  6.5732E-02
  3.9547E-03  4.4623E-01  4.4281E-03  6.6201E-02
  3.9829E-03  4.4639E-01  4.4597E-03  6.6672E-02
  4.0112E-03  4.4654E-01  4.4914E-03  6.7147E-02
  4.0398E-03  4.4667E-01  4.5234E-03  6.7625E-02
  4.0686E-03  4.4678E-01  4.5556E-03  6.8107E-02
  4.0975E-03  4.4687E-01  4.5881E-03  6.8592E-02
  4.1267E-03  4.4694E-01  4.6207E-03  6.9080E-02
  4.1561E-03  4.4700E-01  4.6536E-03  6.9572E-02
  4.1857E-03  4.4703E-01  4.6867E-03  7.0067E-02
  4.2155E-03  4.4704E-01  4.7201E-03  7.0565E-02
  4.2455E-03  4.4703E-01  4.7537E-03  7.1068E-02
  4.2757E-03  4.4700E-01  4.7875E-03  7.1573E-02
  4.3061E-03  4.4695E-01  4.8215E-03  7.2082E-02
  4.3367E-03  4.4688E-01  4.8558E-03  7.2595E-02
  4.3676E-03  4.4678E-01  4.8904E-03  7.3111E-02
  4.3986E-03  4.4667E-01  4.9252E-03  7.3631E-02
  4.4299E-03  4.4653E-01  4.9602E-03  7.4155E-02
  4.4614E-03  4.4637E-01  4.9954E-03  7.4682E-02
  4.4931E-03  4.4619E-01  5.0310E-03  7.5213E-02
  4.5251E-03  4.4599E-01  5.0667E-03  7.5748E-02
  4.5572E-03  4.4576E-01  5.1027E-03  7.6286E-02
  4.5896E-03  4.4551E-01  5.1390E-03  7.6828E-02
  4.6222E-03  4.4524E-01  5.1755E-03  7.7374E-02
  4.6551E-03  4.4494E-01  5.2123E-03  7.7924E-02
  4.6881E-03  4.4462E-01  5.2493E-03  7.8477E-02
  4.7215E-03  4.4427E-01  5.2866E-03  7.9035E-02
  4.7550E-03  4.4390E-01  5.3241E-03  7.9596E-02
  4.7888E-03  4.4351E-01  5.3620E-03  8.0162E-02
  4.8228E-03  4.4309E-01  5.4000E-03  8.0731E-02
  4.8570E-03  4.4264E-01  5.4384E-03  8.1304E-02
  4.8915E-03  4.4217E-01  5.4770E-03  8.1881E-02
  4.9262E-03  4.4168E-01  5.5159E-03  8.2463E-02
  4.9612E-03  4.4116E-01  5.5550E-03  8.3048E-02
  4.9964E-03  4.4061E-01  5.5945E-03  8.3637E-02
  5.0319E-03  4.4003E-01  5.6342E-03  8.4231E-02
  5.0676E-03  4.3943E-01  5.6741E-03  8.4829E-02
  5.1036E-03  4.3880E-01  5.7144E-03  8.5431E-02
  5.1398E-03  4.3815E-01  5.7549E-03  8.6037E-02
  5.1763E-03  4.3746E-01  5.7958E-03  8.6647E-02
  5.2130E-03  4.3675E-01  5.8369E-03  8.7262E-02
  5.2500E-03  4.3601E-01  5.8783E-03  8.7881E-02
  5.2872E-03  4.3524E-01  5.9200E-03  8.8504E-02
  5.3247E-03  4.3445E-01  5.9620E-03  8.9132E-02
  5.3625E-03  4.3362E-01  6.0042E-03  8.9764E-02
  5.4005E-03  4.3277E-01  6.0468E-03  9.0400E-02
  5.4388E-03  4.3188E-01  6.0897E-03  9.1041E-02
  5.4773E-03  4.3097E-01  6.1328E-03  9.1686E-02
  5.5162E-03  4.3003E-01  6.1763E-03  9.2336E-02
  5.5553E-03  4.2905E-01  6.2201E-03  9.2991E-02
  5.5946E-03  4.2805E-01  6.2642E-03  9.3650E-02
  5.6343E-03  4.2701E-01  6.3086E-03  9.4313E-02
  5.6742E-03  4.2594E-01  6.3533E-03  9.4981E-02
  5.7144E-03  4.2485E-01  6.3983E-03  9.5654E-02
  5.7549E-03  4.2372E-01  6.4436E-03  9.6332E-02
  5.7957E-03  4.2256E-01  6.4892E-03  9.7014E-02
  5.8367E-03  4.2136E-01  6.5352E-03  9.7702E-02
  5.8781E-03  4.2014E-01  6.5815E-03  9.8394E-02
  5.9197E-03  4.1888E-01  6.6281E-03  9.9090E-02
  5.9617E-03  4.1759E-01  6.6750E-03  9.9792E-02
  6.0039E-03  4.1626E-01  6.7223E-03  1.0050E-01
  6.0464E-03  4.1490E-01  6.7699E-03  1.0121E-01
  6.0892E-03  4.1351E-01  6.8178E-03  1.0193E-01
  6.1323E-03  4.1208E-01  6.8661E-03  1.0265E-01
  6.1757E-03  4.1062E-01  6.9147E-03  1.0337E-01
  6.2194E-03  4.0913E-01  6.9636E-03  1.0411E-01
  6.2635E-03  4.0760E-01  7.0129E-03  1.0484E-01
  6.3078E-03  4.0603E-01  7.0625E-03  1.0559E-01
  6.3524E-03  4.0443E-01  7.1125E-03  1.0633E-01
  6.3974E-03  4.0279E-01  7.1628E-03  1.0708E-01
  6.4427E-03  4.0112E-01  7.2135E-03  1.0784E-01
  6.4883E-03  3.9941E-01  7.2645E-03  1.0861E-01
  6.5342E-03  3.9767E-01  7.3159E-03  1.0937E-01
  6.5804E-03  3.9589E-01  7.3677E-03  1.1015E-01
  6.6269E-03  3.9407E-01  7.4198E-03  1.1093E-01
  6.6738E-03  3.9221E-01  7.4722E-03  1.1171E-01
  6.7210E-03  3.9032E-01  7.5251E-03  1.1250E-01
  6.7686E-03  3.8839E-01  7.5783E-03  1.1330E-01
  6.8164E-03  3.8642E-01  7.6319E-03  1.1410E-01
  6.8646E-03  3.8441E-01  7.6858E-03  1.1490E-01
  6.9132E-03  3.8237E-01  7.7402E-03  1.1572E-01
  6.9620E-03  3.8028E-01  7.7949E-03  1.1653E-01
  7.0113E-03  3.7816E-01  7.8500E-03  1.1736E-01
  7.0608E-03  3.7600E-01  7.9055E-03  1.1819E-01
  7.1107E-03  3.7380E-01  7.9613E-03  1.1902E-01
  7.1610E-03  3.7156E-01  8.0176E-03  1.1986E-01
  7.2116E-03  3.6927E-01  8.0743E-03  1.2071E-01
  7.2626E-03  3.6695E-01  8.1313E-03  1.2156E-01
  7.3139E-03  3.6459E-01  8.1888E-03  1.2242E-01
  7.3656E-03  3.6219E-01  8.2466E-03  1.2329E-01
  7.4176E-03  3.5975E-01  8.3049E-03  1.2416E-01
  7.4701E-03  3.5726E-01  8.3635E-03  1.2503E-01
  7.5228E-03  3.5474E-01  8.4226E-03  1.2592E-01
  7.5760E-03  3.5217E-01  8.4821E-03  1.2681E-01
  7.6295E-03  3.4956E-01  8.5420E-03  1.2770E-01
  7.6834E-03  3.4691E-01  8.6023E-03  1.2860E-01
  7.7377E-03  3.4422E-01  8.6631E-03  1.2951E-01
  7.7923E-03  3.4148E-01  8.7242E-03  1.3043E-01
  7.8473E-03  3.3870E-01  8.7858E-03  1.3135E-01
  7.9028E-03  3.3588E-01  8.8478E-03  1.3228E-01
  7.9586E-03  3.3302E-01  8.9103E-03  1.3321E-01
  8.0148E-03  3.3012E-01  8.9732E-03  1.3415E-01
  8.0714E-03  3.2717E-01  9.0365E-03  1.3510E-01
  8.1283E-03  3.2417E-01  9.1003E-03  1.3605E-01
  8.1857E-03  3.2114E-01  9.1645E-03  1.3701E-01
  8.2435E-03  3.1806E-01  9.2292E-03  1.3798E-01
  8.3017E-03  3.1493E-01  9.2943E-03  1.3895E-01
  8.3603E-03  3.1177E-01  9.3599E-03  1.3993E-01
  8.4193E-03  3.0855E-01  9.4260E-03  1.4092E-01
  8.4787E-03  3.0530E-01  9.4925E-03  1.4191E-01
  8.5386E-03  3.0200E-01  9.5594E-03  1.4291E-01
  8.5988E-03  2.9865E-01  9.6269E-03  1.4392E-01
  8.6595E-03  2.9526E-01  9.6948E-03  1.4494E-01
  8.7206E-03  2.9182E-01  9.7632E-03  1.4596E-01
  8.7821E-03  2.8834E-01  9.8320E-03  1.4699E-01
  8.8441E-03  2.8482E-01  9.9014E-03  1.4803E-01
  8.9065E-03  2.8125E-01  9.9712E-03  1.4907E-01
  8.9693E-03  2.7763E-01  1.0042E-02  1.5012E-01
  9.0326E-03  2.7397E-01  1.0112E-02  1.5118E-01
  9.0963E-03  2.7026E-01  1.0184E-02  1.5225E-01
  9.1605E-03  2.6651E-01  1.0255E-02  1.5332E-01
  9.2251E-03  2.6271E-01  1.0328E-02  1.5440E-01
  9.2901E-03  2.5886E-01  1.0401E-02  1.5549E-01
  9.3557E-03  2.5497E-01  1.0474E-02  1.5658E-01
  9.4216E-03  2.5103E-01  1.0548E-02  1.5769E-01
  9.4881E-03  2.4705E-01  1.0622E-02  1.5880E-01
  9.5550E-03  2.4302E-01  1.0697E-02  1.5992E-01
  9.6223E-03  2.3895E-01  1.0772E-02  1.6105E-01
  9.6902E-03  2.3482E-01  1.0848E-02  1.6218E-01
  9.7585E-03  2.3066E-01  1.0925E-02  1.6332E-01
  9.8273E-03  2.2644E-01  1.1002E-02  1.6447E-01
  9.8966E-03  2.2218E-01  1.1079E-02  1.6563E-01
  9.9663E-03  2.1788E-01  1.1157E-02  1.6680E-01
  1.0037E-02  2.1353E-01  1.1236E-02  1.6797E-01
  1.0107E-02  2.0913E-01  1.1315E-02  1.6916E-01
  1.0179E-02  2.0468E-01  1.1395E-02  1.7035E-01
  1.0250E-02  2.0019E-01  1.1475E-02  1.7155E-01
  1.0323E-02  1.9566E-01  1.1556E-02  1.7276E-01
  1.0395E-02  1.9108E-01  1.1637E-02  1.7397E-01
  1.0469E-02  1.8645E-01  1.1719E-02  1.7520E-01
  1.0542E-02  1.8177E-01  1.1802E-02  1.7643E-01
  1.0617E-02  1.7706E-01  1.1885E-02  1.7768E-01
  1.0691E-02  1.7229E-01  1.1968E-02  1.7893E-01
  1.0767E-02  1.6748E-01  1.2053E-02  1.8019E-01
  1.0843E-02  1.6262E-01  1.2138E-02  1.8146E-01
  1.0919E-02  1.5772E-01  1.2223E-02  1.8273E-01
  1.0996E-02  1.5278E-01  1.2309E-02  1.8402E-01
  1.1073E-02  1.4779E-01  1.2396E-02  1.8532E-01
  1.1151E-02  1.4275E-01  1.2483E-02  1.8662E-01
  1.1230E-02  1.3767E-01  1.2571E-02  1.8793E-01
  1.1309E-02  1.3255E-01  1.2659E-02  1.8926E-01
  1.1389E-02  1.2738E-01  1.2748E-02  1.9059E-01
  1.1469E-02  1.2216E-01  1.2838E-02  1.9193E-01
  1.1550E-02  1.1691E-01  1.2929E-02  1.9328E-01
  1.1631E-02  1.1161E-01  1.3019E-02  1.9464E-01
  1.1713E-02  1.0626E-01  1.3111E-02  1.9601E-01
  1.1795E-02  1.0088E-01  1.3203E-02  1.9739E-01
  1.1878E-02  9.5449E-02  1.3296E-02  1.9878E-01
  1.1962E-02  8.9978E-02  1.3390E-02  2.0018E-01
  1.2046E-02  8.4465E-02  1.3484E-02  2.0159E-01
  1.2131E-02  7.8910E-02  1.3579E-02  2.0300E-01
  1.2216E-02  7.3313E-02  1.3674E-02  2.0443E-01
  1.2302E-02  6.7675E-02  1.3771E-02  2.0587E-01
  1.2389E-02  6.1997E-02  1.3867E-02  2.0732E-01
  1.2476E-02  5.6278E-02  1.3965E-02  2.0878E-01
  1.2564E-02  5.0519E-02  1.4063E-02  2.1024E-01
  1.2652E-02  4.4721E-02  1.4162E-02  2.1172E-01
  1.2741E-02  3.8883E-02  1.4262E-02  2.1321E-01
  1.2831E-02  3.3007E-02  1.4362E-02  2.1471E-01
  1.2921E-02  2.7093E-02  1.4463E-02  2.1622E-01
  1.3012E-02  2.1140E-02  1.4565E-02  2.1774E-01
  1.3104E-02  1.5151E-02  1.4667E-02  2.1927E-01
  1.3196E-02  9.1247E-03  1.4770E-02  2.2081E-01
  1.3289E-02  3.0622E-03  1.4874E-02  2.2237E-01
  1.3382E-02 -3.0360E-03  1.4979E-02  2.2393E-01
  1.3477E-02 -9.1694E-03  1.5084E-02  2.2550E-01
  1.3571E-02 -1.5337E-02  1.5190E-02  2.2709E-01
  1.3667E-02 -2.1539E-02  1.5297E-02  2.2869E-01
  1.3763E-02 -2.7775E-02  1.5404E-02  2.3029E-01
  1.3860E-02 -3.4043E-02  1.5513E-02  2.3191E-01
  1.3957E-02 -4.0344E-02  1.5622E-02  2.3354E-01
  1.4056E-02 -4.6675E-02  1.5731E-02  2.3518E-01
  1.4154E-02 -5.3038E-02  1.5842E-02  2.3683E-01
  1.4254E-02 -5.9431E-02  1.5953E-02  2.3850E-01
  1.4354E-02 -6.5853E-02  1.6065E-02  2.4018E-01
  1.4455E-02 -7.2304E-02  1.6178E-02  2.4186E-01
  1.4557E-02 -7.8783E-02  1.6292E-02  2.4356E-01
  1.4659E-02 -8.5289E-02  1.6406E-02  2.4527E-01
  1.4762E-02 -9.1821E-02  1.6522E-02  2.4700E-01
  1.4866E-02 -9.8379E-02  1.6638E-02  2.4873E-01
  1.4971E-02 -1.0496E-01  1.6755E-02  2.5048E-01
  1.5076E-02 -1.1157E-01  1.6872E-02  2.5224E-01
  1.5182E-02 -1.1820E-01  1.6991E-02  2.5401E-01
  1.5289E-02 -1.2485E-01  1.7110E-02  2.5579E-01
  1.5396E-02 -1.3152E-01  1.7230E-02  2.5759E-01
  1.5505E-02 -1.3822E-01  1.7351E-02  2.5940E-01
  1.5614E-02 -1.4493E-01  1.7473E-02  2.6122E-01
  1.5723E-02 -1.5166E-01  1.7596E-02  2.6306E-01
  1.5834E-02 -1.5841E-01  1.7719E-02  2.6490E-01
  1.5945E-02 -1.6517E-01  1.7844E-02  2.6676E-01
  1.6057E-02 -1.7195E-01  1.7969E-02  2.6864E-01
  1.6170E-02 -1.7875E-01  1.8095E-02  2.7052E-01
  1.6284E-02 -1.8555E-01  1.8222E-02  2.7242E-01
  1.6398E-02 -1.9237E-01  1.8350E-02  2.7433E-01
  1.6514E-02 -1.9920E-01  1.8479E-02  2.7626E-01
  1.6630E-02 -2.0605E-01  1.8609E-02  2.7820E-01
  1.6747E-02 -2.1289E-01  1.8739E-02  2.8015E-01
  1.6864E-02 -2.1975E-01  1.8871E-02  2.8212E-01
  1.6983E-02 -2.2661E-01  1.9003E-02  2.8410E-01
  1.7102E-02 -2.3348E-01  1.9137E-02  2.8609E-01
  1.7222E-02 -2.4035E-01  1.9271E-02  2.8810E-01
  1.7343E-02 -2.4723E-01  1.9406E-02  2.9012E-01
  1.7465E-02 -2.5410E-01  1.9542E-02  2.9216E-01
  1.7588E-02 -2.6098E-01  1.9680E-02  2.9421E-01
  1.7712E-02 -2.6785E-01  1.9818E-02  2.9627E-01
  1.7836E-02 -2.7472E-01  1.9957E-02  2.9835E-01
  1.7961E-02 -2.8159E-01  2.0097E-02  3.0044E-01
  1.8088E-02 -2.8845E-01  2.0238E-02  3.0255E-01
  1.8215E-02 -2.9531E-01  2.0380E-02  3.0467E-01
  1.8343E-02 -3.0215E-01  2.0523E-02  3.0681E-01
  1.8472E-02 -3.0899E-01  2.0667E-02  3.0896E-01
  1.8601E-02 -3.1582E-01  2.0812E-02  3.1113E-01
  1.8732E-02 -3.2263E-01  2.0958E-02  3.1331E-01
  1.8864E-02 -3.2943E-01  2.1105E-02  3.1551E-01
  1.8996E-02 -3.3621E-01  2.1253E-02  3.1772E-01
  1.9130E-02 -3.4297E-01  2.1402E-02  3.1995E-01
  1.9264E-02 -3.4971E-01  2.1552E-02  3.2219E-01
  1.9399E-02 -3.5644E-01  2.1703E-02  3.2445E-01
  1.9536E-02 -3.6314E-01  2.1855E-02  3.2673E-01
  1.9673E-02 -3.6982E-01  2.2008E-02  3.2902E-01
  1.9811E-02 -3.7647E-01  2.2162E-02  3.3132E-01
  1.9950E-02 -3.8309E-01  2.2318E-02  3.3365E-01
  2.0090E-02 -3.8968E-01  2.2474E-02  3.3598E-01
  2.0231E-02 -3.9625E-01  2.2632E-02  3.3834E-01
  2.0373E-02 -4.0278E-01  2.2790E-02  3.4071E-01
  2.0517E-02 -4.0927E-01  2.2950E-02  3.4310E-01
  2.0661E-02 -4.1573E-01  2.3111E-02  3.4550E-01
  2.0806E-02 -4.2215E-01  2.3273E-02  3.4793E-01
  2.0952E-02 -4.2853E-01  2.3436E-02  3.5036E-01
  2.1099E-02 -4.3487E-01  2.3600E-02  3.5282E-01
  2.1247E-02 -4.4116E-01  2.3766E-02  3.5529E-01
  2.1396E-02 -4.4741E-01  2.3932E-02  3.5778E-01
  2.1547E-02 -4.5361E-01  2.4100E-02  3.6029E-01
  2.1698E-02 -4.5976E-01  2.4269E-02  3.6281E-01
  2.1850E-02 -4.6586E-01  2.4439E-02  3.6535E-01
  2.2004E-02 -4.7190E-01  2.4610E-02  3.6791E-01
  2.2158E-02 -4.7789E-01  2.4782E-02  3.7049E-01
  2.2314E-02 -4.8382E-01  2.4956E-02  3.7308E-01
  2.2470E-02 -4.8969E-01  2.5131E-02  3.7570E-01
  2.2628E-02 -4.9549E-01  2.5307E-02  3.7833E-01
  2.2787E-02 -5.0124E-01  2.5484E-02  3.8098E-01
  2.2947E-02 -5.0691E-01  2.5663E-02  3.8365E-01
  2.3108E-02 -5.1252E-01  2.5842E-02  3.8633E-01
  2.3270E-02 -5.1806E-01  2.6023E-02  3.8904E-01
  2.3434E-02 -5.2352E-01  2.6205E-02  3.9176E-01
  2.3598E-02 -5.2891E-01  2.6389E-02  3.9450E-01
  2.3764E-02 -5.3423E-01  2.6574E-02  3.9726E-01
  2.3931E-02 -5.3946E-01  2.6760E-02  4.0005E-01
  2.4099E-02 -5.4461E-01  2.6947E-02  4.0285E-01
  2.4268E-02 -5.4968E-01  2.7136E-02  4.0567E-01
  2.4438E-02 -5.5466E-01  2.7326E-02  4.0850E-01
  2.4610E-02 -5.5955E-01  2.7517E-02  4.1136E-01
  2.4783E-02 -5.6436E-01  2.7709E-02  4.1424E-01
  2.4957E-02 -5.6906E-01  2.7903E-02  4.1714E-01
  2.5132E-02 -5.7368E-01  2.8099E-02  4.2006E-01
  2.5308E-02 -5.7820E-01  2.8295E-02  4.2300E-01
  2.5486E-02 -5.8261E-01  2.8493E-02  4.2596E-01
  2.5665E-02 -5.8693E-01  2.8692E-02  4.2894E-01
  2.5845E-02 -5.9114E-01  2.8893E-02  4.3194E-01
  2.6026E-02 -5.9524E-01  2.9095E-02  4.3496E-01
  2.6209E-02 -5.9924E-01  2.9299E-02  4.3800E-01
  2.6393E-02 -6.0312E-01  2.9504E-02  4.4107E-01
  2.6578E-02 -6.0689E-01  2.9710E-02  4.4415E-01
  2.6764E-02 -6.1054E-01  2.9918E-02  4.4726E-01
  2.6952E-02 -6.1407E-01  3.0127E-02  4.5038E-01
  2.7141E-02 -6.1749E-01  3.0338E-02  4.5353E-01
  2.7332E-02 -6.2078E-01  3.0550E-02  4.5670E-01
  2.7524E-02 -6.2394E-01  3.0764E-02  4.5990E-01
  2.7717E-02 -6.2698E-01  3.0979E-02  4.6311E-01
  2.7911E-02 -6.2989E-01  3.1195E-02  4.6635E-01
  2.8107E-02 -6.3266E-01  3.1413E-02  4.6961E-01
  2.8304E-02 -6.3530E-01  3.1633E-02  4.7289E-01
  2.8503E-02 -6.3780E-01  3.1854E-02  4.7620E-01
  2.8703E-02 -6.4016E-01  3.2076E-02  4.7952E-01
  2.8904E-02 -6.4238E-01  3.2301E-02  4.8287E-01
  2.9107E-02 -6.4446E-01  3.2526E-02  4.8625E-01
  2.9311E-02 -6.4639E-01  3.2754E-02  4.8964E-01
  2.9517E-02 -6.4817E-01  3.2982E-02  4.9307E-01
  2.9724E-02 -6.4980E-01  3.3213E-02  4.9651E-01
  2.9933E-02 -6.5127E-01  3.3445E-02  4.9998E-01
  3.0143E-02 -6.5259E-01  3.3678E-02  5.0347E-01
  3.0354E-02 -6.5376E-01  3.3914E-02  5.0699E-01
  3.0567E-02 -6.5476E-01  3.4151E-02  5.1053E-01
  3.0781E-02 -6.5560E-01  3.4389E-02  5.1409E-01
  3.0997E-02 -6.5628E-01  3.4629E-02  5.1768E-01
  3.1215E-02 -6.5679E-01  3.4871E-02  5.2129E-01
  3.1434E-02 -6.5713E-01  3.5114E-02  5.2493E-01
  3.1654E-02 -6.5730E-01  3.5360E-02  5.2860E-01
  3.1876E-02 -6.5729E-01  3.5606E-02  5.3229E-01
  3.2100E-02 -6.5711E-01  3.5855E-02  5.3600E-01
  3.2325E-02 -6.5676E-01  3.6105E-02  5.3974E-01
  3.2552E-02 -6.5622E-01  3.6357E-02  5.4351E-01
  3.2780E-02 -6.5551E-01  3.6611E-02  5.4730E-01
  3.3010E-02 -6.5461E-01  3.6866E-02  5.5112E-01
  3.3242E-02 -6.5353E-01  3.7124E-02  5.5496E-01
  3.3475E-02 -6.5226E-01  3.7382E-02  5.5883E-01
  3.3710E-02 -6.5080E-01  3.7643E-02  5.6273E-01
  3.3946E-02 -6.4915E-01  3.7906E-02  5.6666E-01
  3.4184E-02 -6.4731E-01  3.8170E-02  5.7061E-01
  3.4424E-02 -6.4527E-01  3.8436E-02  5.7459E-01
  3.4665E-02 -6.4304E-01  3.8704E-02  5.7859E-01
  3.4908E-02 -6.4062E-01  3.8974E-02  5.8263E-01
  3.5153E-02 -6.3799E-01  3.9246E-02  5.8669E-01
  3.5400E-02 -6.3517E-01  3.9520E-02  5.9078E-01
  3.5648E-02 -6.3214E-01  3.9795E-02  5.9489E-01
  3.5898E-02 -6.2891E-01  4.0072E-02  5.9904E-01
  3.6150E-02 -6.2547E-01  4.0352E-02  6.0321E-01
  3.6403E-02 -6.2183E-01  4.0633E-02  6.0742E-01
  3.6659E-02 -6.1798E-01  4.0916E-02  6.1165E-01
  3.6916E-02 -6.1393E-01  4.1201E-02  6.1591E-01
  3.7174E-02 -6.0966E-01  4.1488E-02  6.2020E-01
  3.7435E-02 -6.0519E-01  4.1777E-02  6.2452E-01
  3.7698E-02 -6.0050E-01  4.2068E-02  6.2886E-01
  3.7962E-02 -5.9560E-01  4.2361E-02  6.3324E-01
  3.8228E-02 -5.9049E-01  4.2656E-02  6.3765E-01
  3.8496E-02 -5.8516E-01  4.2953E-02  6.4209E-01
  3.8766E-02 -5.7962E-01  4.3252E-02  6.4656E-01
  3.9038E-02 -5.7386E-01  4.3553E-02  6.5106E-01
  3.9312E-02 -5.6789E-01  4.3856E-02  6.5559E-01
  3.9587E-02 -5.6170E-01  4.4161E-02  6.6015E-01
  3.9865E-02 -5.5529E-01  4.4468E-02  6.6474E-01
  4.0145E-02 -5.4867E-01  4.4778E-02  6.6937E-01
  4.0426E-02 -5.4183E-01  4.5089E-02  6.7402E-01
  4.0709E-02 -5.3477E-01  4.5403E-02  6.7871E-01
  4.0995E-02 -5.2749E-01  4.5719E-02  6.8343E-01
  4.1282E-02 -5.2000E-01  4.6037E-02  6.8818E-01
  4.1572E-02 -5.1228E-01  4.6357E-02  6.9296E-01
  4.1863E-02 -5.0435E-01  4.6679E-02  6.9778E-01
  4.2157E-02 -4.9621E-01  4.7003E-02  7.0263E-01
  4.2452E-02 -4.8784E-01  4.7330E-02  7.0751E-01
  4.2750E-02 -4.7926E-01  4.7659E-02  7.1243E-01
  4.3050E-02 -4.7046E-01  4.7990E-02  7.1738E-01
  4.3351E-02 -4.6145E-01  4.8323E-02  7.2236E-01
  4.3655E-02 -4.5223E-01  4.8659E-02  7.2738E-01
  4.3961E-02 -4.4279E-01  4.8997E-02  7.3243E-01
  4.4269E-02 -4.3313E-01  4.9337E-02  7.3751E-01
  4.4580E-02 -4.2327E-01  4.9680E-02  7.4263E-01
  4.4892E-02 -4.1320E-01  5.0025E-02  7.4778E-01
  4.5207E-02 -4.0291E-01  5.0372E-02  7.5297E-01
  4.5524E-02 -3.9242E-01  5.0722E-02  7.5820E-01
  4.5843E-02 -3.8173E-01  5.1074E-02  7.6346E-01
  4.6164E-02 -3.7082E-01  5.1428E-02  7.6875E-01
  4.6488E-02 -3.5972E-01  5.1785E-02  7.7409E-01
  4.6814E-02 -3.4842E-01  5.2144E-02  7.7945E-01
  4.7142E-02 -3.3691E-01  5.2505E-02  7.8486E-01
  4.7473E-02 -3.2521E-01  5.2869E-02  7.9030E-01
  4.7805E-02 -3.1332E-01  5.3236E-02  7.9577E-01
  4.8140E-02 -3.0123E-01  5.3605E-02  8.0129E-01
  4.8478E-02 -2.8896E-01  5.3976E-02  8.0684E-01
  4.8818E-02 -2.7650E-01  5.4350E-02  8.1243E-01
  4.9160E-02 -2.6385E-01  5.4727E-02  8.1806E-01
  4.9504E-02 -2.5102E-01  5.5106E-02  8.2372E-01
  4.9851E-02 -2.3802E-01  5.5488E-02  8.2942E-01
  5.0201E-02 -2.2483E-01  5.5872E-02  8.3516E-01
  5.0553E-02 -2.1148E-01  5.6259E-02  8.4094E-01
  5.0907E-02 -1.9796E-01  5.6648E-02  8.4676E-01
  5.1264E-02 -1.8427E-01  5.7040E-02  8.5262E-01
  5.1623E-02 -1.7043E-01  5.7435E-02  8.5852E-01
  5.1985E-02 -1.5642E-01  5.7832E-02  8.6445E-01
  5.2349E-02 -1.4227E-01  5.8232E-02  8.7043E-01
  5.2716E-02 -1.2796E-01  5.8635E-02  8.7645E-01
  5.3086E-02 -1.1351E-01  5.9040E-02  8.8250E-01
  5.3458E-02 -9.8914E-02  5.9448E-02  8.8860E-01
  5.3832E-02 -8.4185E-02  5.9859E-02  8.9474E-01
  5.4209E-02 -6.9325E-02  6.0273E-02  9.0092E-01
  5.4589E-02 -5.4338E-02  6.0689E-02  9.0714E-01
  5.4972E-02 -3.9229E-02  6.1108E-02  9.1340E-01
  5.5357E-02 -2.4003E-02  6.1530E-02  9.1971E-01
  5.5745E-02 -8.6657E-03  6.1955E-02  9.2605E-01
  5.6136E-02  6.7780E-03  6.2382E-02  9.3244E-01
  5.6529E-02  2.2323E-02  6.2813E-02  9.3887E-01
  5.6925E-02  3.7962E-02  6.3246E-02  9.4535E-01
  5.7324E-02  5.3692E-02  6.3682E-02  9.5187E-01
  5.7726E-02  6.9504E-02  6.4121E-02  9.5843E-01
  5.8131E-02  8.5395E-02  6.4563E-02  9.6503E-01
  5.8538E-02  1.0136E-01  6.5008E-02  9.7168E-01
  5.8948E-02  1.1738E-01  6.5456E-02  9.7837E-01
  5.9361E-02  1.3347E-01  6.5907E-02  9.8511E-01
  5.9777E-02  1.4961E-01  6.6361E-02  9.9189E-01
  6.0196E-02  1.6579E-01  6.6818E-02  9.9871E-01
  6.0618E-02  1.8201E-01  6.7278E-02  1.0056E+00
  6.1043E-02  1.9827E-01  6.7741E-02  1.0125E+00
  6.1470E-02  2.1455E-01  6.8207E-02  1.0195E+00
  6.1901E-02  2.3084E-01  6.8676E-02  1.0265E+00
  6.2335E-02  2.4715E-01  6.9148E-02  1.0335E+00
  6.2772E-02  2.6346E-01  6.9624E-02  1.0406E+00
  6.3211E-02  2.7976E-01  7.0102E-02  1.0478E+00
  6.3654E-02  2.9605E-01  7.0584E-02  1.0550E+00
  6.4100E-02  3.1233E-01  7.1068E-02  1.0622E+00
  6.4550E-02  3.2857E-01  7.1556E-02  1.0695E+00
  6.5002E-02  3.4478E-01  7.2047E-02  1.0768E+00
  6.5457E-02  3.6094E-01  7.2542E-02  1.0842E+00
  6.5916E-02  3.7705E-01  7.3039E-02  1.0917E+00
  6.6378E-02  3.9310E-01  7.3540E-02  1.0991E+00
  6.6843E-02  4.0908E-01  7.4045E-02  1.1067E+00
  6.7311E-02  4.2499E-01  7.4552E-02  1.1142E+00
  6.7783E-02  4.4080E-01  7.5063E-02  1.1219E+00
  6.8258E-02  4.5653E-01  7.5577E-02  1.1296E+00
  6.8736E-02  4.7215E-01  7.6094E-02  1.1373E+00
  6.9218E-02  4.8765E-01  7.6615E-02  1.1451E+00
  6.9703E-02  5.0304E-01  7.7139E-02  1.1529E+00
  7.0191E-02  5.1829E-01  7.7667E-02  1.1608E+00
  7.0683E-02  5.3340E-01  7.8198E-02  1.1687E+00
  7.1178E-02  5.4837E-01  7.8732E-02  1.1767E+00
  7.1677E-02  5.6318E-01  7.9270E-02  1.1847E+00
  7.2179E-02  5.7782E-01  7.9812E-02  1.1928E+00
  7.2684E-02  5.9228E-01  8.0357E-02  1.2009E+00
  7.3194E-02  6.0656E-01  8.0905E-02  1.2091E+00
  7.3706E-02  6.2065E-01  8.1457E-02  1.2174E+00
  7.4223E-02  6.3452E-01  8.2012E-02  1.2257E+00
  7.4743E-02  6.4819E-01  8.2572E-02  1.2340E+00
  7.5266E-02  6.6163E-01  8.3134E-02  1.2424E+00
  7.5794E-02  6.7484E-01  8.3700E-02  1.2509E+00
  7.6325E-02  6.8781E-01  8.4270E-02  1.2594E+00
  7.6859E-02  7.0052E-01  8.4844E-02  1.2680E+00
  7.7398E-02  7.1297E-01  8.5421E-02  1.2766E+00
  7.7940E-02  7.2515E-01  8.6002E-02  1.2852E+00
  7.8486E-02  7.3705E-01  8.6586E-02  1.2940E+00
  7.9036E-02  7.4866E-01  8.7175E-02  1.3028E+00
  7.9590E-02  7.5998E-01  8.7767E-02  1.3116E+00
  8.0147E-02  7.7098E-01  8.8362E-02  1.3205E+00
  8.0709E-02  7.8166E-01  8.8962E-02  1.3294E+00
  8.1274E-02  7.9202E-01  8.9565E-02  1.3384E+00
  8.1843E-02  8.0204E-01  9.0172E-02  1.3475E+00
  8.2417E-02  8.1171E-01  9.0783E-02  1.3566E+00
  8.2994E-02  8.2103E-01  9.1398E-02  1.3658E+00
  8.3575E-02  8.2999E-01  9.2017E-02  1.3750E+00
  8.4161E-02  8.3857E-01  9.2639E-02  1.3843E+00
  8.4750E-02  8.4677E-01  9.3265E-02  1.3937E+00
  8.5344E-02  8.5458E-01  9.3896E-02  1.4031E+00
  8.5942E-02  8.6199E-01  9.4530E-02  1.4126E+00
  8.6544E-02  8.6899E-01  9.5168E-02  1.4221E+00
  8.7150E-02  8.7557E-01  9.5810E-02  1.4317E+00
  8.7761E-02  8.8173E-01  9.6456E-02  1.4413E+00
  8.8375E-02  8.8745E-01  9.7106E-02  1.4510E+00
  8.8994E-02  8.9274E-01  9.7761E-02  1.4608E+00
  8.9618E-02  8.9757E-01  9.8419E-02  1.4706E+00
  9.0246E-02  9.0195E-01  9.9081E-02  1.4805E+00
  9.0878E-02  9.0587E-01  9.9747E-02  1.4904E+00
  9.1514E-02  9.0931E-01  1.0042E-01  1.5004E+00
  9.2155E-02  9.1227E-01  1.0109E-01  1.5105E+00
  9.2801E-02  9.1475E-01  1.0177E-01  1.5206E+00
  9.3451E-02  9.1674E-01  1.0245E-01  1.5308E+00
  9.4105E-02  9.1822E-01  1.0314E-01  1.5411E+00
  9.4764E-02  9.1920E-01  1.0383E-01  1.5514E+00
  9.5428E-02  9.1967E-01  1.0453E-01  1.5617E+00
  9.6097E-02  9.1962E-01  1.0523E-01  1.5722E+00
  9.6770E-02  9.1905E-01  1.0593E-01  1.5827E+00
  9.7448E-02  9.1795E-01  1.0664E-01  1.5932E+00
  9.8130E-02  9.1632E-01  1.0735E-01  1.6039E+00
  9.8817E-02  9.1415E-01  1.0807E-01  1.6145E+00
  9.9510E-02  9.1143E-01  1.0879E-01  1.6253E+00
  1.0021E-01  9.0817E-01  1.0951E-01  1.6361E+00
  1.0091E-01  9.0436E-01  1.1024E-01  1.6470E+00
  1.0162E-01  8.9999E-01  1.1097E-01  1.6579E+00
  1.0233E-01  8.9507E-01  1.1171E-01  1.6689E+00
  1.0304E-01  8.8958E-01  1.1245E-01  1.6800E+00
  1.0377E-01  8.8353E-01  1.1320E-01  1.6911E+00
  1.0449E-01  8.7692E-01  1.1395E-01  1.7023E+00
  1.0522E-01  8.6973E-01  1.1470E-01  1.7136E+00
  1.0596E-01  8.6198E-01  1.1546E-01  1.7249E+00
  1.0670E-01  8.5366E-01  1.1623E-01  1.7363E+00
  1.0745E-01  8.4476E-01  1.1700E-01  1.7477E+00
  1.0820E-01  8.3529E-01  1.1777E-01  1.7593E+00
  1.0896E-01  8.2525E-01  1.1855E-01  1.7709E+00
  1.0972E-01  8.1464E-01  1.1933E-01  1.7825E+00
  1.1049E-01  8.0346E-01  1.2011E-01  1.7942E+00
  1.1127E-01  7.9171E-01  1.2091E-01  1.8060E+00
  1.1205E-01  7.7939E-01  1.2170E-01  1.8179E+00
  1.1283E-01  7.6650E-01  1.2250E-01  1.8298E+00
  1.1362E-01  7.5304E-01  1.2330E-01  1.8418E+00
  1.1442E-01  7.3903E-01  1.2411E-01  1.8538E+00
  1.1522E-01  7.2446E-01  1.2493E-01  1.8659E+00
  1.1602E-01  7.0933E-01  1.2574E-01  1.8781E+00
  1.1684E-01  6.9365E-01  1.2656E-01  1.8904E+00
  1.1766E-01  6.7742E-01  1.2739E-01  1.9027E+00
  1.1848E-01  6.6066E-01  1.2822E-01  1.9151E+00
  1.1931E-01  6.4335E-01  1.2906E-01  1.9275E+00
  1.2014E-01  6.2552E-01  1.2990E-01  1.9400E+00
  1.2099E-01  6.0716E-01  1.3074E-01  1.9526E+00
  1.2183E-01  5.8829E-01  1.3159E-01  1.9653E+00
  1.2269E-01  5.6890E-01  1.3245E-01  1.9780E+00
  1.2355E-01  5.4902E-01  1.3330E-01  1.9908E+00
  1.2441E-01  5.2864E-01  1.3417E-01  2.0036E+00
  1.2528E-01  5.0777E-01  1.3503E-01  2.0165E+00
  1.2616E-01  4.8643E-01  1.3591E-01  2.0295E+00
  1.2704E-01  4.6462E-01  1.3678E-01  2.0426E+00
  1.2793E-01  4.4236E-01  1.3766E-01  2.0557E+00
  1.2883E-01  4.1965E-01  1.3855E-01  2.0689E+00
  1.2973E-01  3.9650E-01  1.3944E-01  2.0821E+00
  1.3064E-01  3.7293E-01  1.4034E-01  2.0954E+00
  1.3155E-01  3.4895E-01  1.4124E-01  2.1088E+00
  1.3248E-01  3.2457E-01  1.4214E-01  2.1223E+00
  1.3340E-01  2.9980E-01  1.4305E-01  2.1358E+00
  1.3434E-01  2.7466E-01  1.4396E-01  2.1494E+00
  1.3528E-01  2.4916E-01  1.4488E-01  2.1630E+00
  1.3623E-01  2.2332E-01  1.4580E-01  2.1768E+00
  1.3718E-01  1.9714E-01  1.4673E-01  2.1905E+00
  1.3814E-01  1.7065E-01  1.4766E-01  2.2044E+00
  1.3911E-01  1.4386E-01  1.4860E-01  2.2183E+00
  1.4008E-01  1.1679E-01  1.4954E-01  2.2323E+00
  1.4106E-01  8.9447E-02  1.5048E-01  2.2463E+00
  1.4205E-01  6.1855E-02  1.5143E-01  2.2605E+00
  1.4304E-01  3.4030E-02  1.5238E-01  2.2746E+00
  1.4405E-01  5.9893E-03  1.5334E-01  2.2889E+00
  1.4506E-01 -2.2249E-02  1.5431E-01  2.3032E+00
  1.4607E-01 -5.0667E-02  1.5527E-01  2.3176E+00
  1.4709E-01 -7.9245E-02  1.5624E-01  2.3320E+00
  1.4812E-01 -1.0796E-01  1.5722E-01  2.3465E+00
  1.4916E-01 -1.3681E-01  1.5820E-01  2.3610E+00
  1.5021E-01 -1.6575E-01  1.5919E-01  2.3757E+00
  1.5126E-01 -1.9477E-01  1.6017E-01  2.3904E+00
  1.5232E-01 -2.2386E-01  1.6117E-01  2.4051E+00
  1.5338E-01 -2.5299E-01  1.6217E-01  2.4199E+00
  1.5446E-01 -2.8213E-01  1.6317E-01  2.4348E+00
  1.5554E-01 -3.1128E-01  1.6417E-01  2.4497E+00
  1.5663E-01 -3.4040E-01  1.6518E-01  2.4647E+00
  1.5772E-01 -3.6947E-01  1.6620E-01  2.4798E+00
  1.5883E-01 -3.9848E-01  1.6722E-01  2.4949E+00
  1.5994E-01 -4.2740E-01  1.6824E-01  2.5100E+00
  1.6106E-01 -4.5620E-01  1.6927E-01  2.5253E+00
  1.6219E-01 -4.8488E-01  1.7030E-01  2.5406E+00
  1.6332E-01 -5.1339E-01  1.7133E-01  2.5559E+00
  1.6447E-01 -5.4172E-01  1.7237E-01  2.5713E+00
  1.6562E-01 -5.6984E-01  1.7342E-01  2.5868E+00
  1.6678E-01 -5.9774E-01  1.7446E-01  2.6023E+00
  1.6795E-01 -6.2539E-01  1.7551E-01  2.6178E+00
  1.6912E-01 -6.5276E-01  1.7657E-01  2.6335E+00
  1.7031E-01 -6.7984E-01  1.7763E-01  2.6491E+00
  1.7150E-01 -7.0659E-01  1.7869E-01  2.6648E+00
  1.7270E-01 -7.3300E-01  1.7976E-01  2.6806E+00
  1.7391E-01 -7.5904E-01  1.8082E-01  2.6964E+00
  1.7513E-01 -7.8469E-01  1.8190E-01  2.7123E+00
  1.7635E-01 -8.0992E-01  1.8297E-01  2.7282E+00
  1.7759E-01 -8.3471E-01  1.8405E-01  2.7442E+00
  1.7883E-01 -8.5903E-01  1.8514E-01  2.7602E+00
  1.8008E-01 -8.8287E-01  1.8623E-01  2.7763E+00
  1.8135E-01 -9.0620E-01  1.8732E-01  2.7924E+00
  1.8262E-01 -9.2900E-01  1.8841E-01  2.8085E+00
  1.8389E-01 -9.5125E-01  1.8951E-01  2.8247E+00
  1.8518E-01 -9.7291E-01  1.9061E-01  2.8410E+00
  1.8648E-01 -9.9397E-01  1.9171E-01  2.8572E+00
  1.8778E-01 -1.0144E+00  1.9281E-01  2.8736E+00
  1.8910E-01 -1.0342E+00  1.9392E-01  2.8899E+00
  1.9042E-01 -1.0533E+00  1.9503E-01  2.9063E+00
  1.9176E-01 -1.0718E+00  1.9615E-01  2.9227E+00
  1.9310E-01 -1.0895E+00  1.9727E-01  2.9392E+00
  1.9445E-01 -1.1065E+00  1.9839E-01  2.9557E+00
  1.9581E-01 -1.1228E+00  1.9951E-01  2.9722E+00
  1.9718E-01 -1.1382E+00  2.0063E-01  2.9887E+00
  1.9856E-01 -1.1529E+00  2.0176E-01  3.0053E+00
  1.9995E-01 -1.1668E+00  2.0289E-01  3.0219E+00
  2.0135E-01 -1.1799E+00  2.0402E-01  3.0385E+00
  2.0276E-01 -1.1921E+00  2.0515E-01  3.0552E+00
  2.0418E-01 -1.2034E+00  2.0629E-01  3.0718E+00
  2.0561E-01 -1.2139E+00  2.0742E-01  3.0885E+00
  2.0705E-01 -1.2234E+00  2.0856E-01  3.1052E+00
  2.0850E-01 -1.2321E+00  2.0970E-01  3.1219E+00
  2.0996E-01 -1.2398E+00  2.1084E-01  3.1387E+00
  2.1143E-01 -1.2466E+00  2.1199E-01  3.1554E+00
  2.1291E-01 -1.2524E+00  2.1313E-01  3.1722E+00
  2.1440E-01 -1.2572E+00  2.1428E-01  3.1889E+00
  2.1590E-01 -1.2611E+00  2.1542E-01  3.2057E+00
  2.1742E-01 -1.2640E+00  2.1657E-01  3.2225E+00
  2.1894E-01 -1.2658E+00  2.1772E-01  3.2392E+00
  2.2047E-01 -1.2667E+00  2.1886E-01  3.2560E+00
  2.2201E-01 -1.2665E+00  2.2001E-01  3.2728E+00
  2.2357E-01 -1.2653E+00  2.2116E-01  3.2895E+00
  2.2513E-01 -1.2630E+00  2.2231E-01  3.3063E+00
  2.2671E-01 -1.2597E+00  2.2346E-01  3.3230E+00
  2.2830E-01 -1.2553E+00  2.2461E-01  3.3397E+00
  2.2990E-01 -1.2499E+00  2.2576E-01  3.3564E+00
  2.3151E-01 -1.2434E+00  2.2691E-01  3.3731E+00
  2.3313E-01 -1.2358E+00  2.2805E-01  3.3898E+00
  2.3476E-01 -1.2271E+00  2.2920E-01  3.4064E+00
  2.3640E-01 -1.2174E+00  2.3035E-01  3.4230E+00
  2.3806E-01 -1.2066E+00  2.3149E-01  3.4396E+00
  2.3972E-01 -1.1947E+00  2.3263E-01  3.4561E+00
  2.4140E-01 -1.1817E+00  2.3377E-01  3.4726E+00
  2.4309E-01 -1.1677E+00  2.3491E-01  3.4891E+00
  2.4480E-01 -1.1526E+00  2.3605E-01  3.5055E+00
  2.4651E-01 -1.1364E+00  2.3719E-01  3.5218E+00
  2.4823E-01 -1.1191E+00  2.3832E-01  3.5382E+00
  2.4997E-01 -1.1008E+00  2.3945E-01  3.5544E+00
  2.5172E-01 -1.0814E+00  2.4058E-01  3.5706E+00
  2.5349E-01 -1.0610E+00  2.4170E-01  3.5867E+00
  2.5526E-01 -1.0396E+00  2.4282E-01  3.6028E+00
  2.5705E-01 -1.0171E+00  2.4394E-01  3.6188E+00
  2.5885E-01 -9.9359E-01  2.4505E-01  3.6347E+00
  2.6066E-01 -9.6909E-01  2.4616E-01  3.6505E+00
  2.6248E-01 -9.4359E-01  2.4727E-01  3.6663E+00
  2.6432E-01 -9.1712E-01  2.4837E-01  3.6820E+00
  2.6617E-01 -8.8968E-01  2.4947E-01  3.6975E+00
  2.6804E-01 -8.6129E-01  2.5056E-01  3.7130E+00
  2.6991E-01 -8.3197E-01  2.5164E-01  3.7284E+00
  2.7180E-01 -8.0173E-01  2.5272E-01  3.7437E+00
  2.7370E-01 -7.7060E-01  2.5380E-01  3.7588E+00
  2.7562E-01 -7.3860E-01  2.5487E-01  3.7739E+00
  2.7755E-01 -7.0573E-01  2.5593E-01  3.7888E+00
  2.7949E-01 -6.7204E-01  2.5698E-01  3.8036E+00
  2.8145E-01 -6.3753E-01  2.5803E-01  3.8182E+00
  2.8342E-01 -6.0223E-01  2.5907E-01  3.8327E+00
  2.8540E-01 -5.6617E-01  2.6011E-01  3.8471E+00
  2.8740E-01 -5.2937E-01  2.6113E-01  3.8613E+00
  2.8941E-01 -4.9185E-01  2.6215E-01  3.8754E+00
  2.9144E-01 -4.5365E-01  2.6315E-01  3.8893E+00
  2.9348E-01 -4.1479E-01  2.6415E-01  3.9031E+00
  2.9554E-01 -3.7531E-01  2.6514E-01  3.9166E+00
  2.9760E-01 -3.3522E-01  2.6612E-01  3.9300E+00
  2.9969E-01 -2.9456E-01  2.6709E-01  3.9432E+00
  3.0179E-01 -2.5337E-01  2.6805E-01  3.9563E+00
  3.0390E-01 -2.1166E-01  2.6899E-01  3.9691E+00
  3.0603E-01 -1.6949E-01  2.6993E-01  3.9817E+00
  3.0817E-01 -1.2687E-01  2.7085E-01  3.9941E+00
  3.1033E-01 -8.3846E-02  2.7177E-01  4.0063E+00
  3.1250E-01 -4.0449E-02  2.7267E-01  4.0182E+00
  3.1469E-01  3.2848E-03  2.7355E-01  4.0299E+00
  3.1689E-01  4.7320E-02  2.7442E-01  4.0414E+00
  3.1911E-01  9.1619E-02  2.7528E-01  4.0526E+00
  3.2134E-01  1.3615E-01  2.7613E-01  4.0636E+00
  3.2359E-01  1.8086E-01  2.7696E-01  4.0743E+00
  3.2586E-01  2.2573E-01  2.7777E-01  4.0847E+00
  3.2814E-01  2.7072E-01  2.7857E-01  4.0949E+00
  3.3044E-01  3.1578E-01  2.7935E-01  4.1048E+00
  3.3275E-01  3.6087E-01  2.8012E-01  4.1143E+00
  3.3508E-01  4.0596E-01  2.8087E-01  4.1236E+00
  3.3742E-01  4.5101E-01  2.8160E-01  4.1325E+00
  3.3979E-01  4.9598E-01  2.8231E-01  4.1411E+00
  3.4216E-01  5.4081E-01  2.8300E-01  4.1494E+00
  3.4456E-01  5.8549E-01  2.8368E-01  4.1574E+00
  3.4697E-01  6.2996E-01  2.8433E-01  4.1649E+00
  3.4940E-01  6.7418E-01  2.8496E-01  4.1722E+00
  3.5185E-01  7.1811E-01  2.8558E-01  4.1790E+00
  3.5431E-01  7.6172E-01  2.8617E-01  4.1855E+00
  3.5679E-01  8.0496E-01  2.8674E-01  4.1916E+00
  3.5929E-01  8.4778E-01  2.8728E-01  4.1973E+00
  3.6180E-01  8.9015E-01  2.8781E-01  4.2025E+00
  3.6434E-01  9.3203E-01  2.8830E-01  4.2074E+00
  3.6689E-01  9.7338E-01  2.8878E-01  4.2118E+00
  3.6946E-01  1.0142E+00  2.8923E-01  4.2157E+00
  3.7204E-01  1.0543E+00  2.8965E-01  4.2192E+00
  3.7465E-01  1.0938E+00  2.9005E-01  4.2223E+00
  3.7727E-01  1.1326E+00  2.9041E-01  4.2249E+00
  3.7991E-01  1.1707E+00  2.9076E-01  4.2269E+00
  3.8257E-01  1.2080E+00  2.9107E-01  4.2285E+00
  3.8525E-01  1.2445E+00  2.9135E-01  4.2296E+00
  3.8794E-01  1.2801E+00  2.9160E-01  4.2301E+00
  3.9066E-01  1.3149E+00  2.9183E-01  4.2301E+00
  3.9340E-01  1.3487E+00  2.9202E-01  4.2295E+00
  3.9615E-01  1.3816E+00  2.9218E-01  4.2284E+00
  3.9892E-01  1.4135E+00  2.9230E-01  4.2267E+00
  4.0172E-01  1.4443E+00  2.9239E-01  4.2245E+00
  4.0453E-01  1.4741E+00  2.9245E-01  4.2216E+00
  4.0736E-01  1.5027E+00  2.9247E-01  4.2181E+00
  4.1021E-01  1.5303E+00  2.9246E-01  4.2140E+00
  4.1308E-01  1.5567E+00  2.9241E-01  4.2092E+00
  4.1597E-01  1.5818E+00  2.9232E-01  4.2038E+00
  4.1889E-01  1.6058E+00  2.9220E-01  4.1977E+00
  4.2182E-01  1.6285E+00  2.9203E-01  4.1909E+00
  4.2477E-01  1.6499E+00  2.9183E-01  4.1835E+00
  4.2775E-01  1.6700E+00  2.9158E-01  4.1753E+00
  4.3074E-01  1.6888E+00  2.9129E-01  4.1664E+00
  4.3375E-01  1.7061E+00  2.9096E-01  4.1568E+00
  4.3679E-01  1.7222E+00  2.9059E-01  4.1464E+00
  4.3985E-01  1.7368E+00  2.9017E-01  4.1352E+00
  4.4293E-01  1.7499E+00  2.8970E-01  4.1233E+00
  4.4603E-01  1.7616E+00  2.8919E-01  4.1105E+00
  4.4915E-01  1.7719E+00  2.8863E-01  4.0970E+00
  4.5229E-01  1.7806E+00  2.8803E-01  4.0826E+00
  4.5546E-01  1.7878E+00  2.8738E-01  4.0674E+00
  4.5865E-01  1.7935E+00  2.8667E-01  4.0513E+00
  4.6186E-01  1.7977E+00  2.8592E-01  4.0344E+00
  4.6509E-01  1.8003E+00  2.8511E-01  4.0165E+00
  4.6835E-01  1.8014E+00  2.8425E-01  3.9978E+00
  4.7163E-01  1.8008E+00  2.8334E-01  3.9781E+00
  4.7493E-01  1.7987E+00  2.8237E-01  3.9576E+00
  4.7825E-01  1.7950E+00  2.8135E-01  3.9360E+00
  4.8160E-01  1.7897E+00  2.8027E-01  3.9135E+00
  4.8497E-01  1.7828E+00  2.7913E-01  3.8900E+00
  4.8837E-01  1.7742E+00  2.7793E-01  3.8656E+00
  4.9179E-01  1.7641E+00  2.7668E-01  3.8401E+00
  4.9523E-01  1.7523E+00  2.7536E-01  3.8136E+00
  4.9870E-01  1.7390E+00  2.7399E-01  3.7860E+00
  5.0219E-01  1.7240E+00  2.7255E-01  3.7574E+00
  5.0570E-01  1.7074E+00  2.7104E-01  3.7277E+00
  5.0924E-01  1.6892E+00  2.6947E-01  3.6969E+00
  5.1281E-01  1.6694E+00  2.6784E-01  3.6651E+00
  5.1640E-01  1.6480E+00  2.6614E-01  3.6321E+00
  5.2001E-01  1.6250E+00  2.6437E-01  3.5980E+00
  5.2365E-01  1.6005E+00  2.6254E-01  3.5627E+00
  5.2732E-01  1.5744E+00  2.6063E-01  3.5263E+00
  5.3101E-01  1.5468E+00  2.5865E-01  3.4887E+00
  5.3473E-01  1.5176E+00  2.5660E-01  3.4500E+00
  5.3847E-01  1.4869E+00  2.5448E-01  3.4100E+00
  5.4224E-01  1.4547E+00  2.5229E-01  3.3688E+00
  5.4603E-01  1.4211E+00  2.5002E-01  3.3264E+00
  5.4986E-01  1.3859E+00  2.4767E-01  3.2828E+00
  5.5370E-01  1.3494E+00  2.4525E-01  3.2379E+00
  5.5758E-01  1.3114E+00  2.4275E-01  3.1918E+00
  5.6148E-01  1.2721E+00  2.4017E-01  3.1444E+00
  5.6541E-01  1.2314E+00  2.3751E-01  3.0957E+00
  5.6937E-01  1.1893E+00  2.3477E-01  3.0457E+00
  5.7336E-01  1.1460E+00  2.3195E-01  2.9944E+00
  5.7737E-01  1.1014E+00  2.2905E-01  2.9419E+00
  5.8141E-01  1.0555E+00  2.2606E-01  2.8880E+00
  5.8548E-01  1.0084E+00  2.2299E-01  2.8327E+00
  5.8958E-01  9.6019E-01  2.1983E-01  2.7762E+00
  5.9371E-01  9.1080E-01  2.1659E-01  2.7183E+00
  5.9786E-01  8.6031E-01  2.1326E-01  2.6590E+00
  6.0205E-01  8.0875E-01  2.0984E-01  2.5984E+00
  6.0626E-01  7.5615E-01  2.0634E-01  2.5365E+00
  6.1051E-01  7.0256E-01  2.0274E-01  2.4732E+00
  6.1478E-01  6.4802E-01  1.9905E-01  2.4086E+00
  6.1908E-01  5.9257E-01  1.9528E-01  2.3425E+00
  6.2342E-01  5.3625E-01  1.9141E-01  2.2752E+00
  6.2778E-01  4.7910E-01  1.8745E-01  2.2065E+00
  6.3218E-01  4.2116E-01  1.8339E-01  2.1364E+00
  6.3660E-01  3.6249E-01  1.7924E-01  2.0649E+00
  6.4106E-01  3.0311E-01  1.7500E-01  1.9922E+00
  6.4555E-01  2.4309E-01  1.7066E-01  1.9180E+00
  6.5006E-01  1.8246E-01  1.6623E-01  1.8426E+00
  6.5461E-01  1.2127E-01  1.6170E-01  1.7658E+00
  6.5920E-01  5.9577E-02  1.5707E-01  1.6877E+00
  6.6381E-01 -2.5850E-03  1.5235E-01  1.6083E+00
  6.6846E-01 -6.5163E-02  1.4753E-01  1.5276E+00
  6.7314E-01 -1.2811E-01  1.4261E-01  1.4456E+00
  6.7785E-01 -1.9137E-01  1.3760E-01  1.3624E+00
  6.8259E-01 -2.5491E-01  1.3248E-01  1.2779E+00
  6.8737E-01 -3.1866E-01  1.2727E-01  1.1922E+00
  6.9218E-01 -3.8259E-01  1.2196E-01  1.1052E+00
  6.9703E-01 -4.4664E-01  1.1656E-01  1.0171E+00
  7.0191E-01 -5.1077E-01  1.1105E-01  9.2789E-01
  7.0682E-01 -5.7491E-01  1.0544E-01  8.3750E-01
  7.1177E-01 -6.3903E-01  9.9742E-02  7.4602E-01
  7.1675E-01 -7.0308E-01  9.3941E-02  6.5346E-01
  7.2177E-01 -7.6700E-01  8.8043E-02  5.5986E-01
  7.2682E-01 -8.3075E-01  8.2047E-02  4.6527E-01
  7.3191E-01 -8.9427E-01  7.5955E-02  3.6970E-01
  7.3703E-01 -9.5752E-01  6.9766E-02  2.7322E-01
  7.4219E-01 -1.0205E+00  6.3482E-02  1.7585E-01
  7.4739E-01 -1.0830E+00  5.7103E-02  7.7645E-02
  7.5262E-01 -1.1452E+00  5.0629E-02 -2.1350E-02
  7.5788E-01 -1.2069E+00  4.4062E-02 -1.2109E-01
  7.6319E-01 -1.2680E+00  3.7403E-02 -2.2151E-01
  7.6853E-01 -1.3286E+00  3.0652E-02 -3.2257E-01
  7.7391E-01 -1.3887E+00  2.3811E-02 -4.2420E-01
  7.7933E-01 -1.4480E+00  1.6881E-02 -5.2635E-01
  7.8478E-01 -1.5067E+00  9.8641E-03 -6.2895E-01
  7.9028E-01 -1.5647E+00  2.7606E-03 -7.3194E-01
  7.9581E-01 -1.6218E+00 -4.4273E-03 -8.3524E-01
  8.0138E-01 -1.6782E+00 -1.1698E-02 -9.3880E-01
  8.0699E-01 -1.7336E+00 -1.9050E-02 -1.0425E+00
  8.1264E-01 -1.7882E+00 -2.6480E-02 -1.1463E+00
  8.1833E-01 -1.8419E+00 -3.3988E-02 -1.2502E+00
  8.2405E-01 -1.8945E+00 -4.1570E-02 -1.3539E+00
  8.2982E-01 -1.9462E+00 -4.9224E-02 -1.4576E+00
  8.3563E-01 -1.9967E+00 -5.6949E-02 -1.5609E+00
  8.4148E-01 -2.0462E+00 -6.4740E-02 -1.6640E+00
  8.4737E-01 -2.0946E+00 -7.2596E-02 -1.7666E+00
  8.5330E-01 -2.1418E+00 -8.0514E-02 -1.8687E+00
  8.5927E-01 -2.1878E+00 -8.8490E-02 -1.9701E+00
  8.6529E-01 -2.2325E+00 -9.6521E-02 -2.0708E+00
  8.7135E-01 -2.2761E+00 -1.0460E-01 -2.1707E+00
  8.7745E-01 -2.3183E+00 -1.1274E-01 -2.2697E+00
  8.8359E-01 -2.3592E+00 -1.2091E-01 -2.3675E+00
  8.8977E-01 -2.3988E+00 -1.2913E-01 -2.4643E+00
  8.9600E-01 -2.4370E+00 -1.3738E-01 -2.5597E+00
  9.0227E-01 -2.4738E+00 -1.4567E-01 -2.6537E+00
  9.0859E-01 -2.5091E+00 -1.5398E-01 -2.7462E+00
  9.1495E-01 -2.5431E+00 -1.6232E-01 -2.8370E+00
  9.2135E-01 -2.5756E+00 -1.7068E-01 -2.9261E+00
  9.2780E-01 -2.6066E+00 -1.7905E-01 -3.0132E+00
  9.3430E-01 -2.6361E+00 -1.8743E-01 -3.0983E+00
  9.4084E-01 -2.6641E+00 -1.9581E-01 -3.1813E+00
  9.4742E-01 -2.6905E+00 -2.0419E-01 -3.2619E+00
  9.5405E-01 -2.7154E+00 -2.1257E-01 -3.3401E+00
  9.6073E-01 -2.7387E+00 -2.2093E-01 -3.4157E+00
  9.6746E-01 -2.7605E+00 -2.2927E-01 -3.4886E+00
  9.7423E-01 -2.7807E+00 -2.3759E-01 -3.5587E+00
  9.8105E-01 -2.7992E+00 -2.4587E-01 -3.6258E+00
  9.8791E-01 -2.8162E+00 -2.5412E-01 -3.6897E+00
  9.9483E-01 -2.8316E+00 -2.6232E-01 -3.7504E+00
  1.0018E+00 -2.8453E+00 -2.7047E-01 -3.8077E+00
  1.0088E+00 -2.8575E+00 -2.7856E-01 -3.8614E+00
  1.0159E+00 -2.8680E+00 -2.8658E-01 -3.9115E+00
  1.0230E+00 -2.8769E+00 -2.9453E-01 -3.9577E+00
  1.0301E+00 -2.8841E+00 -3.0239E-01 -4.0000E+00
  1.0373E+00 -2.8897E+00 -3.1017E-01 -4.0382E+00
  1.0446E+00 -2.8938E+00 -3.1785E-01 -4.0722E+00
  1.0519E+00 -2.8961E+00 -3.2542E-01 -4.1018E+00
  1.0593E+00 -2.8969E+00 -3.3288E-01 -4.1270E+00
  1.0667E+00 -2.8961E+00 -3.4021E-01 -4.1476E+00
  1.0742E+00 -2.8937E+00 -3.4741E-01 -4.1635E+00
  1.0817E+00 -2.8897E+00 -3.5447E-01 -4.1745E+00
  1.0893E+00 -2.8841E+00 -3.6138E-01 -4.1807E+00
  1.0969E+00 -2.8769E+00 -3.6813E-01 -4.1818E+00
  1.1046E+00 -2.8682E+00 -3.7472E-01 -4.1777E+00
  1.1123E+00 -2.8579E+00 -3.8112E-01 -4.1684E+00
  1.1201E+00 -2.8461E+00 -3.8734E-01 -4.1538E+00
  1.1279E+00 -2.8328E+00 -3.9336E-01 -4.1338E+00
  1.1358E+00 -2.8180E+00 -3.9917E-01 -4.1084E+00
  1.1438E+00 -2.8017E+00 -4.0477E-01 -4.0774E+00
  1.1518E+00 -2.7839E+00 -4.1014E-01 -4.0408E+00
  1.1598E+00 -2.7648E+00 -4.1527E-01 -3.9986E+00
  1.1679E+00 -2.7442E+00 -4.2015E-01 -3.9508E+00
  1.1761E+00 -2.7222E+00 -4.2478E-01 -3.8972E+00
  1.1844E+00 -2.6988E+00 -4.2914E-01 -3.8379E+00
  1.1926E+00 -2.6742E+00 -4.3322E-01 -3.7729E+00
  1.2010E+00 -2.6481E+00 -4.3701E-01 -3.7022E+00
  1.2094E+00 -2.6209E+00 -4.4051E-01 -3.6258E+00
  1.2179E+00 -2.5923E+00 -4.4370E-01 -3.5438E+00
  1.2264E+00 -2.5625E+00 -4.4657E-01 -3.4561E+00
  1.2350E+00 -2.5315E+00 -4.4911E-01 -3.3629E+00
  1.2436E+00 -2.4994E+00 -4.5131E-01 -3.2641E+00
  1.2523E+00 -2.4661E+00 -4.5317E-01 -3.1600E+00
  1.2611E+00 -2.4317E+00 -4.5467E-01 -3.0506E+00
  1.2699E+00 -2.3962E+00 -4.5580E-01 -2.9360E+00
  1.2788E+00 -2.3597E+00 -4.5656E-01 -2.8163E+00
  1.2878E+00 -2.3222E+00 -4.5693E-01 -2.6918E+00
  1.2968E+00 -2.2838E+00 -4.5691E-01 -2.5625E+00
  1.3058E+00 -2.2444E+00 -4.5649E-01 -2.4286E+00
  1.3150E+00 -2.2041E+00 -4.5566E-01 -2.2904E+00
  1.3242E+00 -2.1630E+00 -4.5441E-01 -2.1480E+00
  1.3335E+00 -2.1211E+00 -4.5275E-01 -2.0016E+00
  1.3428E+00 -2.0784E+00 -4.5065E-01 -1.8516E+00
  1.3522E+00 -2.0350E+00 -4.4811E-01 -1.6982E+00
  1.3617E+00 -1.9909E+00 -4.4513E-01 -1.5416E+00
  1.3712E+00 -1.9462E+00 -4.4171E-01 -1.3822E+00
  1.3808E+00 -1.9009E+00 -4.3783E-01 -1.2203E+00
  1.3904E+00 -1.8550E+00 -4.3350E-01 -1.0561E+00
  1.4002E+00 -1.8086E+00 -4.2871E-01 -8.9012E-01
  1.4100E+00 -1.7618E+00 -4.2346E-01 -7.2262E-01
  1.4198E+00 -1.7145E+00 -4.1775E-01 -5.5399E-01
  1.4298E+00 -1.6669E+00 -4.1157E-01 -3.8463E-01
  1.4398E+00 -1.6189E+00 -4.0493E-01 -2.1493E-01
  1.4499E+00 -1.5707E+00 -3.9783E-01 -4.5311E-02
  1.4600E+00 -1.5222E+00 -3.9026E-01  1.2379E-01
  1.4702E+00 -1.4736E+00 -3.8225E-01  2.9195E-01
  1.4805E+00 -1.4248E+00 -3.7377E-01  4.5871E-01
  1.4909E+00 -1.3760E+00 -3.6485E-01  6.2361E-01
  1.5013E+00 -1.3271E+00 -3.5549E-01  7.8618E-01
  1.5118E+00 -1.2782E+00 -3.4569E-01  9.4596E-01
  1.5224E+00 -1.2294E+00 -3.3547E-01  1.1025E+00
  1.5331E+00 -1.1807E+00 -3.2484E-01  1.2552E+00
  1.5438E+00 -1.1322E+00 -3.1380E-01  1.4037E+00
  1.5546E+00 -1.0839E+00 -3.0237E-01  1.5475E+00
  1.5655E+00 -1.0358E+00 -2.9056E-01  1.6860E+00
  1.5765E+00 -9.8811E-01 -2.7840E-01  1.8189E+00
  1.5875E+00 -9.4076E-01 -2.6589E-01  1.9456E+00
  1.5986E+00 -8.9383E-01 -2.5307E-01  2.0657E+00
  1.6098E+00 -8.4738E-01 -2.3994E-01  2.1787E+00
  1.6211E+00 -8.0144E-01 -2.2653E-01  2.2841E+00
  1.6324E+00 -7.5608E-01 -2.1287E-01  2.3816E+00
  1.6438E+00 -7.1135E-01 -1.9898E-01  2.4707E+00
  1.6553E+00 -6.6730E-01 -1.8489E-01  2.5510E+00
  1.6669E+00 -6.2397E-01 -1.7063E-01  2.6222E+00
  1.6786E+00 -5.8143E-01 -1.5623E-01  2.6839E+00
  1.6903E+00 -5.3971E-01 -1.4173E-01  2.7358E+00
  1.7022E+00 -4.9888E-01 -1.2716E-01  2.7775E+00
  1.7141E+00 -4.5898E-01 -1.1256E-01  2.8090E+00
  1.7261E+00 -4.2007E-01 -9.7969E-02  2.8299E+00
  1.7382E+00 -3.8218E-01 -8.3430E-02  2.8400E+00
  1.7503E+00 -3.4539E-01 -6.8987E-02  2.8393E+00
  1.7626E+00 -3.0972E-01 -5.4686E-02  2.8276E+00
  1.7749E+00 -2.7523E-01 -4.0574E-02  2.8050E+00
  1.7873E+00 -2.4198E-01 -2.6701E-02  2.7714E+00
  1.7999E+00 -2.1001E-01 -1.3119E-02  2.7270E+00
  1.8124E+00 -1.7936E-01  1.1779E-04  2.6718E+00
  1.8251E+00 -1.5009E-01  1.2954E-02  2.6060E+00
  1.8379E+00 -1.2224E-01  2.5331E-02  2.5300E+00
  1.8508E+00 -9.5859E-02  3.7190E-02  2.4440E+00
  1.8637E+00 -7.0992E-02  4.8471E-02  2.3485E+00
  1.8768E+00 -4.7684E-02  5.9109E-02  2.2440E+00
  1.8899E+00 -2.5980E-02  6.9040E-02  2.1309E+00
  1.9031E+00 -5.9234E-03  7.8199E-02  2.0099E+00
  1.9165E+00  1.2443E-02  8.6518E-02  1.8818E+00
  1.9299E+00  2.9076E-02  9.3929E-02  1.7472E+00
  1.9434E+00  4.3935E-02  1.0036E-01  1.6072E+00
  1.9570E+00  5.6980E-02  1.0574E-01  1.4625E+00
  1.9707E+00  6.8170E-02  1.1001E-01  1.3143E+00
  1.9845E+00  7.7469E-02  1.1308E-01  1.1636E+00
  1.9984E+00  8.4836E-02  1.1488E-01  1.0116E+00
  2.0124E+00  9.0238E-02  1.1535E-01  8.5957E-01
  2.0264E+00  9.3637E-02  1.1440E-01  7.0880E-01
  2.0406E+00  9.5001E-02  1.1197E-01  5.6068E-01
  2.0549E+00  9.4295E-02  1.0799E-01  4.1662E-01
  2.0693E+00  9.1488E-02  1.0237E-01  2.7812E-01
  2.0838E+00  8.6551E-02  9.5063E-02  1.4670E-01
  2.0984E+00  7.9453E-02  8.5985E-02  2.3899E-02
  2.1130E+00  7.0167E-02  7.5072E-02 -8.8707E-02
  2.1278E+00  5.8668E-02  6.2258E-02 -1.8955E-01
  2.1427E+00  4.4930E-02  4.7480E-02 -2.7708E-01
  2.1577E+00  2.8930E-02  3.0678E-02 -3.4976E-01
  2.1728E+00  1.0648E-02  1.1795E-02 -4.0614E-01
  2.1880E+00 -9.9373E-03 -9.2248E-03 -4.4481E-01
  2.2034E+00 -3.2843E-02 -3.2430E-02 -4.6449E-01
  2.2188E+00 -5.8085E-02 -5.7867E-02 -4.6402E-01
  2.2343E+00 -8.5677E-02 -8.5577E-02 -4.4243E-01
  2.2499E+00 -1.1563E-01 -1.1560E-01 -3.9893E-01
  2.2657E+00 -1.4796E-01 -1.4795E-01 -3.3297E-01
  2.2815E+00 -1.8267E-01 -1.8267E-01 -2.4432E-01
  2.2975E+00 -2.1977E-01 -2.1977E-01 -1.3307E-01
  2.3136E+00 -2.5926E-01 -2.5926E-01  0.0000E+00
  2.3298E+00 -3.0114E-01 -3.0114E-01  0.0000E+00
  2.3461E+00 -3.4542E-01 -3.4542E-01  0.0000E+00
  2.3625E+00 -3.9208E-01 -3.9208E-01  0.0000E+00
  2.3791E+00 -4.4113E-01 -4.4113E-01  0.0000E+00
  2.3957E+00 -4.9256E-01 -4.9256E-01  0.0000E+00
  2.4125E+00 -5.4635E-01 -5.4635E-01  0.0000E+00
  2.4294E+00 -6.0249E-01 -6.0249E-01  0.0000E+00
  2.4464E+00 -6.6097E-01 -6.6097E-01  0.0000E+00
  2.4635E+00 -7.2176E-01 -7.2176E-01  0.0000E+00
  2.4807E+00 -7.8485E-01 -7.8485E-01  0.0000E+00
  2.4981E+00 -8.5021E-01 -8.5021E-01  0.0000E+00
  2.5156E+00 -9.1781E-01 -9.1781E-01  0.0000E+00
  2.5332E+00 -9.8762E-01 -9.8762E-01  0.0000E+00
  2.5509E+00 -1.0596E+00 -1.0596E+00  0.0000E+00
  2.5688E+00 -1.1338E+00 -1.1338E+00  0.0000E+00
  2.5868E+00 -1.2100E+00 -1.2100E+00  0.0000E+00
  2.6049E+00 -1.2883E+00 -1.2883E+00  0.0000E+00
  2.6231E+00 -1.3686E+00 -1.3686E+00  0.0000E+00
  2.6415E+00 -1.4508E+00 -1.4508E+00  0.0000E+00
  2.6599E+00 -1.5350E+00 -1.5350E+00  0.0000E+00
  2.6786E+00 -1.6210E+00 -1.6210E+00  0.0000E+00
  2.6973E+00 -1.7088E+00 -1.7088E+00  0.0000E+00
  2.7162E+00 -1.7983E+00 -1.7983E+00  0.0000E+00
  2.7352E+00 -1.8895E+00 -1.8895E+00  0.0000E+00
  2.7543E+00 -1.9823E+00 -1.9823E+00  0.0000E+00
  2.7736E+00 -2.0765E+00 -2.0765E+00  0.0000E+00
  2.7930E+00 -2.1722E+00 -2.1722E+00  0.0000E+00
  2.8126E+00 -2.2692E+00 -2.2692E+00  0.0000E+00
  2.8323E+00 -2.3675E+00 -2.3675E+00  0.0000E+00
  2.8521E+00 -2.4670E+00 -2.4670E+00  0.0000E+00
  2.8721E+00 -2.5675E+00 -2.5675E+00  0.0000E+00
  2.8922E+00 -2.6689E+00 -2.6689E+00  0.0000E+00
  2.9124E+00 -2.7713E+00 -2.7713E+00  0.0000E+00
  2.9328E+00 -2.8743E+00 -2.8743E+00  0.0000E+00
  2.9533E+00 -2.9780E+00 -2.9780E+00  0.0000E+00
  2.9740E+00 -3.0823E+00 -3.0823E+00  0.0000E+00
  2.9948E+00 -3.1869E+00 -3.1869E+00  0.0000E+00
  3.0158E+00 -3.2919E+00 -3.2919E+00  0.0000E+00
  3.0369E+00 -3.3970E+00 -3.3970E+00  0.0000E+00
  3.0581E+00 -3.5021E+00 -3.5021E+00  0.0000E+00
  3.0795E+00 -3.6070E+00 -3.6070E+00  0.0000E+00
  3.1011E+00 -3.7118E+00 -3.7118E+00  0.0000E+00
  3.1228E+00 -3.8161E+00 -3.8161E+00  0.0000E+00
  3.1447E+00 -3.9199E+00 -3.9199E+00  0.0000E+00
  3.1667E+00 -4.0230E+00 -4.0230E+00  0.0000E+00
  3.1888E+00 -4.1252E+00 -4.1252E+00  0.0000E+00
  3.2111E+00 -4.2264E+00 -4.2264E+00  0.0000E+00
  3.2336E+00 -4.3265E+00 -4.3265E+00  0.0000E+00
  3.2563E+00 -4.4252E+00 -4.4252E+00  0.0000E+00
  3.2790E+00 -4.5225E+00 -4.5225E+00  0.0000E+00
