 # l=           1 basis function with energy     3.00000000000000     
  0.0000E+00  0.0000E+00  0.0000E+00  0.0000E+00
  4.9311E-07 -1.0169E-08 -1.4503E-13 -1.7921E-12
  9.8967E-07 -3.0447E-08 -5.8420E-13 -7.2184E-12
  1.4897E-06 -5.7962E-08 -1.3237E-12 -1.6356E-11
  1.9932E-06 -9.1667E-08 -2.3697E-12 -2.9279E-11
  2.5003E-06 -1.3098E-07 -3.7288E-12 -4.6071E-11
  3.0109E-06 -1.7549E-07 -5.4073E-12 -6.6810E-11
  3.5251E-06 -2.2493E-07 -7.4118E-12 -9.1577E-11
  4.0429E-06 -2.7908E-07 -9.7491E-12 -1.2046E-10
  4.5643E-06 -3.3781E-07 -1.2426E-11 -1.5353E-10
  5.0893E-06 -4.0097E-07 -1.5449E-11 -1.9088E-10
  5.6181E-06 -4.6847E-07 -1.8826E-11 -2.3261E-10
  6.1505E-06 -5.4024E-07 -2.2563E-11 -2.7878E-10
  6.6866E-06 -6.1621E-07 -2.6669E-11 -3.2950E-10
  7.2266E-06 -6.9633E-07 -3.1149E-11 -3.8487E-10
  7.7702E-06 -7.8057E-07 -3.6012E-11 -4.4495E-10
  8.3177E-06 -8.6888E-07 -4.1266E-11 -5.0987E-10
  8.8691E-06 -9.6126E-07 -4.6918E-11 -5.7970E-10
  9.4242E-06 -1.0577E-06 -5.2976E-11 -6.5454E-10
  9.9833E-06 -1.1581E-06 -5.9447E-11 -7.3451E-10
  1.0546E-05 -1.2626E-06 -6.6341E-11 -8.1968E-10
  1.1113E-05 -1.3711E-06 -7.3665E-11 -9.1018E-10
  1.1684E-05 -1.4836E-06 -8.1428E-11 -1.0061E-09
  1.2259E-05 -1.6001E-06 -8.9638E-11 -1.1075E-09
  1.2838E-05 -1.7206E-06 -9.8304E-11 -1.2146E-09
  1.3421E-05 -1.8452E-06 -1.0743E-10 -1.3274E-09
  1.4008E-05 -1.9739E-06 -1.1704E-10 -1.4461E-09
  1.4599E-05 -2.1066E-06 -1.2713E-10 -1.5707E-09
  1.5194E-05 -2.2434E-06 -1.3770E-10 -1.7014E-09
  1.5794E-05 -2.3843E-06 -1.4878E-10 -1.8383E-09
  1.6397E-05 -2.5293E-06 -1.6038E-10 -1.9815E-09
  1.7005E-05 -2.6785E-06 -1.7249E-10 -2.1312E-09
  1.7617E-05 -2.8319E-06 -1.8513E-10 -2.2874E-09
  1.8234E-05 -2.9894E-06 -1.9831E-10 -2.4502E-09
  1.8855E-05 -3.1512E-06 -2.1204E-10 -2.6199E-09
  1.9480E-05 -3.3172E-06 -2.2633E-10 -2.7965E-09
  2.0109E-05 -3.4875E-06 -2.4120E-10 -2.9801E-09
  2.0743E-05 -3.6621E-06 -2.5664E-10 -3.1709E-09
  2.1381E-05 -3.8411E-06 -2.7268E-10 -3.3691E-09
  2.2024E-05 -4.0244E-06 -2.8932E-10 -3.5747E-09
  2.2671E-05 -4.2122E-06 -3.0658E-10 -3.7879E-09
  2.3323E-05 -4.4044E-06 -3.2446E-10 -4.0088E-09
  2.3979E-05 -4.6011E-06 -3.4297E-10 -4.2376E-09
  2.4640E-05 -4.8023E-06 -3.6214E-10 -4.4745E-09
  2.5306E-05 -5.0081E-06 -3.8197E-10 -4.7195E-09
  2.5976E-05 -5.2185E-06 -4.0247E-10 -4.9728E-09
  2.6651E-05 -5.4336E-06 -4.2366E-10 -5.2345E-09
  2.7331E-05 -5.6533E-06 -4.4554E-10 -5.5049E-09
  2.8015E-05 -5.8778E-06 -4.6813E-10 -5.7840E-09
  2.8704E-05 -6.1070E-06 -4.9145E-10 -6.0721E-09
  2.9398E-05 -6.3411E-06 -5.1550E-10 -6.3693E-09
  3.0097E-05 -6.5800E-06 -5.4030E-10 -6.6757E-09
  3.0801E-05 -6.8239E-06 -5.6587E-10 -6.9916E-09
  3.1510E-05 -7.0727E-06 -5.9221E-10 -7.3170E-09
  3.2223E-05 -7.3265E-06 -6.1933E-10 -7.6522E-09
  3.2942E-05 -7.5854E-06 -6.4727E-10 -7.9973E-09
  3.3666E-05 -7.8494E-06 -6.7602E-10 -8.3526E-09
  3.4394E-05 -8.1185E-06 -7.0560E-10 -8.7181E-09
  3.5128E-05 -8.3929E-06 -7.3603E-10 -9.0941E-09
  3.5867E-05 -8.6725E-06 -7.6732E-10 -9.4807E-09
  3.6611E-05 -8.9575E-06 -7.9949E-10 -9.8782E-09
  3.7361E-05 -9.2478E-06 -8.3256E-10 -1.0287E-08
  3.8115E-05 -9.5436E-06 -8.6653E-10 -1.0706E-08
  3.8875E-05 -9.8448E-06 -9.0142E-10 -1.1138E-08
  3.9640E-05 -1.0152E-05 -9.3726E-10 -1.1580E-08
  4.0411E-05 -1.0464E-05 -9.7405E-10 -1.2035E-08
  4.1187E-05 -1.0782E-05 -1.0118E-09 -1.2502E-08
  4.1968E-05 -1.1106E-05 -1.0506E-09 -1.2980E-08
  4.2755E-05 -1.1436E-05 -1.0903E-09 -1.3472E-08
  4.3548E-05 -1.1771E-05 -1.1311E-09 -1.3976E-08
  4.4345E-05 -1.2112E-05 -1.1730E-09 -1.4492E-08
  4.5149E-05 -1.2460E-05 -1.2158E-09 -1.5022E-08
  4.5958E-05 -1.2813E-05 -1.2598E-09 -1.5566E-08
  4.6773E-05 -1.3172E-05 -1.3049E-09 -1.6123E-08
  4.7593E-05 -1.3538E-05 -1.3511E-09 -1.6693E-08
  4.8419E-05 -1.3910E-05 -1.3984E-09 -1.7278E-08
  4.9251E-05 -1.4288E-05 -1.4468E-09 -1.7877E-08
  5.0089E-05 -1.4673E-05 -1.4965E-09 -1.8490E-08
  5.0933E-05 -1.5064E-05 -1.5473E-09 -1.9118E-08
  5.1783E-05 -1.5461E-05 -1.5994E-09 -1.9761E-08
  5.2638E-05 -1.5865E-05 -1.6527E-09 -2.0420E-08
  5.3500E-05 -1.6276E-05 -1.7072E-09 -2.1093E-08
  5.4367E-05 -1.6693E-05 -1.7630E-09 -2.1783E-08
  5.5241E-05 -1.7118E-05 -1.8201E-09 -2.2489E-08
  5.6121E-05 -1.7549E-05 -1.8786E-09 -2.3211E-08
  5.7007E-05 -1.7987E-05 -1.9384E-09 -2.3949E-08
  5.7899E-05 -1.8432E-05 -1.9995E-09 -2.4705E-08
  5.8797E-05 -1.8884E-05 -2.0620E-09 -2.5477E-08
  5.9702E-05 -1.9344E-05 -2.1260E-09 -2.6267E-08
  6.0613E-05 -1.9811E-05 -2.1913E-09 -2.7075E-08
  6.1530E-05 -2.0285E-05 -2.2582E-09 -2.7901E-08
  6.2454E-05 -2.0766E-05 -2.3265E-09 -2.8745E-08
  6.3384E-05 -2.1255E-05 -2.3963E-09 -2.9608E-08
  6.4321E-05 -2.1752E-05 -2.4677E-09 -3.0489E-08
  6.5264E-05 -2.2256E-05 -2.5406E-09 -3.1390E-08
  6.6214E-05 -2.2768E-05 -2.6151E-09 -3.2311E-08
  6.7170E-05 -2.3288E-05 -2.6912E-09 -3.3251E-08
  6.8134E-05 -2.3816E-05 -2.7689E-09 -3.4211E-08
  6.9104E-05 -2.4352E-05 -2.8483E-09 -3.5192E-08
  7.0080E-05 -2.4897E-05 -2.9294E-09 -3.6194E-08
  7.1064E-05 -2.5449E-05 -3.0122E-09 -3.7217E-08
  7.2055E-05 -2.6010E-05 -3.0968E-09 -3.8262E-08
  7.3052E-05 -2.6579E-05 -3.1831E-09 -3.9329E-08
  7.4056E-05 -2.7157E-05 -3.2712E-09 -4.0418E-08
  7.5068E-05 -2.7743E-05 -3.3612E-09 -4.1529E-08
  7.6086E-05 -2.8338E-05 -3.4530E-09 -4.2664E-08
  7.7112E-05 -2.8942E-05 -3.5467E-09 -4.3822E-08
  7.8145E-05 -2.9554E-05 -3.6424E-09 -4.5004E-08
  7.9185E-05 -3.0176E-05 -3.7400E-09 -4.6209E-08
  8.0232E-05 -3.0807E-05 -3.8396E-09 -4.7440E-08
  8.1287E-05 -3.1447E-05 -3.9412E-09 -4.8695E-08
  8.2349E-05 -3.2096E-05 -4.0448E-09 -4.9976E-08
  8.3418E-05 -3.2755E-05 -4.1506E-09 -5.1283E-08
  8.4495E-05 -3.3423E-05 -4.2584E-09 -5.2615E-08
  8.5580E-05 -3.4101E-05 -4.3685E-09 -5.3975E-08
  8.6672E-05 -3.4789E-05 -4.4807E-09 -5.5361E-08
  8.7772E-05 -3.5486E-05 -4.5951E-09 -5.6775E-08
  8.8879E-05 -3.6194E-05 -4.7118E-09 -5.8216E-08
  8.9994E-05 -3.6911E-05 -4.8308E-09 -5.9687E-08
  9.1117E-05 -3.7639E-05 -4.9521E-09 -6.1185E-08
  9.2248E-05 -3.8377E-05 -5.0757E-09 -6.2714E-08
  9.3387E-05 -3.9126E-05 -5.2018E-09 -6.4272E-08
  9.4534E-05 -3.9885E-05 -5.3304E-09 -6.5860E-08
  9.5688E-05 -4.0655E-05 -5.4614E-09 -6.7478E-08
  9.6851E-05 -4.1436E-05 -5.5949E-09 -6.9128E-08
  9.8022E-05 -4.2227E-05 -5.7310E-09 -7.0810E-08
  9.9202E-05 -4.3030E-05 -5.8698E-09 -7.2524E-08
  1.0039E-04 -4.3844E-05 -6.0111E-09 -7.4271E-08
  1.0158E-04 -4.4669E-05 -6.1552E-09 -7.6051E-08
  1.0279E-04 -4.5505E-05 -6.3020E-09 -7.7864E-08
  1.0400E-04 -4.6353E-05 -6.4515E-09 -7.9712E-08
  1.0522E-04 -4.7213E-05 -6.6039E-09 -8.1595E-08
  1.0645E-04 -4.8085E-05 -6.7591E-09 -8.3513E-08
  1.0769E-04 -4.8968E-05 -6.9173E-09 -8.5467E-08
  1.0894E-04 -4.9864E-05 -7.0784E-09 -8.7457E-08
  1.1019E-04 -5.0772E-05 -7.2425E-09 -8.9485E-08
  1.1146E-04 -5.1692E-05 -7.4097E-09 -9.1550E-08
  1.1273E-04 -5.2625E-05 -7.5799E-09 -9.3654E-08
  1.1401E-04 -5.3570E-05 -7.7533E-09 -9.5796E-08
  1.1530E-04 -5.4529E-05 -7.9299E-09 -9.7978E-08
  1.1660E-04 -5.5500E-05 -8.1097E-09 -1.0020E-07
  1.1791E-04 -5.6484E-05 -8.2929E-09 -1.0246E-07
  1.1923E-04 -5.7482E-05 -8.4794E-09 -1.0477E-07
  1.2056E-04 -5.8493E-05 -8.6693E-09 -1.0711E-07
  1.2190E-04 -5.9518E-05 -8.8626E-09 -1.0950E-07
  1.2324E-04 -6.0556E-05 -9.0594E-09 -1.1193E-07
  1.2460E-04 -6.1608E-05 -9.2598E-09 -1.1441E-07
  1.2596E-04 -6.2674E-05 -9.4639E-09 -1.1693E-07
  1.2734E-04 -6.3755E-05 -9.6716E-09 -1.1950E-07
  1.2872E-04 -6.4850E-05 -9.8830E-09 -1.2211E-07
  1.3012E-04 -6.5959E-05 -1.0098E-08 -1.2477E-07
  1.3152E-04 -6.7083E-05 -1.0317E-08 -1.2748E-07
  1.3293E-04 -6.8222E-05 -1.0540E-08 -1.3023E-07
  1.3436E-04 -6.9376E-05 -1.0767E-08 -1.3304E-07
  1.3579E-04 -7.0545E-05 -1.0998E-08 -1.3589E-07
  1.3723E-04 -7.1729E-05 -1.1233E-08 -1.3879E-07
  1.3869E-04 -7.2929E-05 -1.1473E-08 -1.4175E-07
  1.4015E-04 -7.4145E-05 -1.1716E-08 -1.4476E-07
  1.4163E-04 -7.5377E-05 -1.1964E-08 -1.4782E-07
  1.4311E-04 -7.6624E-05 -1.2216E-08 -1.5093E-07
  1.4460E-04 -7.7888E-05 -1.2472E-08 -1.5410E-07
  1.4611E-04 -7.9169E-05 -1.2733E-08 -1.5733E-07
  1.4763E-04 -8.0466E-05 -1.2999E-08 -1.6061E-07
  1.4915E-04 -8.1780E-05 -1.3269E-08 -1.6395E-07
  1.5069E-04 -8.3111E-05 -1.3544E-08 -1.6734E-07
  1.5224E-04 -8.4459E-05 -1.3824E-08 -1.7080E-07
  1.5380E-04 -8.5824E-05 -1.4108E-08 -1.7431E-07
  1.5537E-04 -8.7208E-05 -1.4398E-08 -1.7789E-07
  1.5695E-04 -8.8609E-05 -1.4692E-08 -1.8153E-07
  1.5854E-04 -9.0028E-05 -1.4992E-08 -1.8523E-07
  1.6014E-04 -9.1465E-05 -1.5296E-08 -1.8899E-07
  1.6175E-04 -9.2921E-05 -1.5606E-08 -1.9282E-07
  1.6338E-04 -9.4395E-05 -1.5921E-08 -1.9672E-07
  1.6502E-04 -9.5888E-05 -1.6242E-08 -2.0068E-07
  1.6666E-04 -9.7401E-05 -1.6568E-08 -2.0470E-07
  1.6832E-04 -9.8932E-05 -1.6899E-08 -2.0880E-07
  1.6999E-04 -1.0048E-04 -1.7237E-08 -2.1297E-07
  1.7168E-04 -1.0205E-04 -1.7580E-08 -2.1721E-07
  1.7337E-04 -1.0364E-04 -1.7928E-08 -2.2152E-07
  1.7508E-04 -1.0526E-04 -1.8283E-08 -2.2590E-07
  1.7680E-04 -1.0689E-04 -1.8644E-08 -2.3035E-07
  1.7853E-04 -1.0854E-04 -1.9011E-08 -2.3489E-07
  1.8027E-04 -1.1021E-04 -1.9384E-08 -2.3949E-07
  1.8203E-04 -1.1191E-04 -1.9763E-08 -2.4418E-07
  1.8379E-04 -1.1362E-04 -2.0148E-08 -2.4894E-07
  1.8557E-04 -1.1536E-04 -2.0540E-08 -2.5379E-07
  1.8736E-04 -1.1712E-04 -2.0939E-08 -2.5871E-07
  1.8917E-04 -1.1890E-04 -2.1344E-08 -2.6372E-07
  1.9099E-04 -1.2070E-04 -2.1756E-08 -2.6881E-07
  1.9282E-04 -1.2253E-04 -2.2175E-08 -2.7399E-07
  1.9466E-04 -1.2438E-04 -2.2601E-08 -2.7925E-07
  1.9651E-04 -1.2625E-04 -2.3034E-08 -2.8460E-07
  1.9838E-04 -1.2814E-04 -2.3474E-08 -2.9004E-07
  2.0026E-04 -1.3006E-04 -2.3922E-08 -2.9556E-07
  2.0216E-04 -1.3201E-04 -2.4376E-08 -3.0118E-07
  2.0407E-04 -1.3397E-04 -2.4839E-08 -3.0690E-07
  2.0599E-04 -1.3597E-04 -2.5309E-08 -3.1270E-07
  2.0792E-04 -1.3798E-04 -2.5786E-08 -3.1860E-07
  2.0987E-04 -1.4002E-04 -2.6272E-08 -3.2460E-07
  2.1183E-04 -1.4209E-04 -2.6765E-08 -3.3070E-07
  2.1381E-04 -1.4418E-04 -2.7267E-08 -3.3690E-07
  2.1580E-04 -1.4630E-04 -2.7777E-08 -3.4320E-07
  2.1780E-04 -1.4844E-04 -2.8295E-08 -3.4960E-07
  2.1982E-04 -1.5062E-04 -2.8822E-08 -3.5611E-07
  2.2185E-04 -1.5281E-04 -2.9357E-08 -3.6272E-07
  2.2390E-04 -1.5504E-04 -2.9901E-08 -3.6944E-07
  2.2596E-04 -1.5729E-04 -3.0454E-08 -3.7627E-07
  2.2803E-04 -1.5957E-04 -3.1015E-08 -3.8321E-07
  2.3012E-04 -1.6188E-04 -3.1586E-08 -3.9027E-07
  2.3223E-04 -1.6421E-04 -3.2166E-08 -3.9743E-07
  2.3434E-04 -1.6658E-04 -3.2756E-08 -4.0472E-07
  2.3648E-04 -1.6897E-04 -3.3355E-08 -4.1212E-07
  2.3863E-04 -1.7140E-04 -3.3964E-08 -4.1964E-07
  2.4079E-04 -1.7385E-04 -3.4582E-08 -4.2728E-07
  2.4297E-04 -1.7633E-04 -3.5211E-08 -4.3505E-07
  2.4516E-04 -1.7885E-04 -3.5850E-08 -4.4294E-07
  2.4737E-04 -1.8139E-04 -3.6499E-08 -4.5096E-07
  2.4959E-04 -1.8397E-04 -3.7158E-08 -4.5911E-07
  2.5183E-04 -1.8657E-04 -3.7828E-08 -4.6739E-07
  2.5409E-04 -1.8921E-04 -3.8509E-08 -4.7580E-07
  2.5636E-04 -1.9188E-04 -3.9200E-08 -4.8434E-07
  2.5865E-04 -1.9458E-04 -3.9903E-08 -4.9302E-07
  2.6095E-04 -1.9732E-04 -4.0617E-08 -5.0184E-07
  2.6327E-04 -2.0009E-04 -4.1342E-08 -5.1080E-07
  2.6561E-04 -2.0289E-04 -4.2079E-08 -5.1991E-07
  2.6796E-04 -2.0572E-04 -4.2828E-08 -5.2916E-07
  2.7033E-04 -2.0860E-04 -4.3588E-08 -5.3855E-07
  2.7271E-04 -2.1150E-04 -4.4361E-08 -5.4810E-07
  2.7512E-04 -2.1444E-04 -4.5145E-08 -5.5780E-07
  2.7753E-04 -2.1742E-04 -4.5943E-08 -5.6765E-07
  2.7997E-04 -2.2043E-04 -4.6753E-08 -5.7765E-07
  2.8242E-04 -2.2348E-04 -4.7575E-08 -5.8782E-07
  2.8489E-04 -2.2656E-04 -4.8411E-08 -5.9815E-07
  2.8738E-04 -2.2968E-04 -4.9260E-08 -6.0863E-07
  2.8988E-04 -2.3284E-04 -5.0122E-08 -6.1929E-07
  2.9241E-04 -2.3604E-04 -5.0998E-08 -6.3011E-07
  2.9495E-04 -2.3928E-04 -5.1888E-08 -6.4111E-07
  2.9750E-04 -2.4255E-04 -5.2792E-08 -6.5227E-07
  3.0008E-04 -2.4586E-04 -5.3710E-08 -6.6361E-07
  3.0267E-04 -2.4922E-04 -5.4642E-08 -6.7513E-07
  3.0528E-04 -2.5261E-04 -5.5589E-08 -6.8683E-07
  3.0791E-04 -2.5605E-04 -5.6551E-08 -6.9872E-07
  3.1056E-04 -2.5952E-04 -5.7528E-08 -7.1079E-07
  3.1323E-04 -2.6304E-04 -5.8520E-08 -7.2305E-07
  3.1591E-04 -2.6660E-04 -5.9528E-08 -7.3550E-07
  3.1862E-04 -2.7020E-04 -6.0551E-08 -7.4815E-07
  3.2134E-04 -2.7385E-04 -6.1591E-08 -7.6099E-07
  3.2408E-04 -2.7753E-04 -6.2647E-08 -7.7403E-07
  3.2684E-04 -2.8127E-04 -6.3719E-08 -7.8728E-07
  3.2963E-04 -2.8504E-04 -6.4808E-08 -8.0073E-07
  3.3243E-04 -2.8886E-04 -6.5913E-08 -8.1440E-07
  3.3525E-04 -2.9273E-04 -6.7036E-08 -8.2827E-07
  3.3809E-04 -2.9664E-04 -6.8177E-08 -8.4236E-07
  3.4094E-04 -3.0060E-04 -6.9335E-08 -8.5667E-07
  3.4382E-04 -3.0461E-04 -7.0511E-08 -8.7120E-07
  3.4672E-04 -3.0866E-04 -7.1705E-08 -8.8596E-07
  3.4964E-04 -3.1276E-04 -7.2918E-08 -9.0094E-07
  3.5258E-04 -3.1692E-04 -7.4150E-08 -9.1616E-07
  3.5554E-04 -3.2111E-04 -7.5400E-08 -9.3161E-07
  3.5853E-04 -3.2536E-04 -7.6670E-08 -9.4730E-07
  3.6153E-04 -3.2966E-04 -7.7960E-08 -9.6323E-07
  3.6455E-04 -3.3401E-04 -7.9269E-08 -9.7941E-07
  3.6760E-04 -3.3842E-04 -8.0599E-08 -9.9584E-07
  3.7066E-04 -3.4287E-04 -8.1949E-08 -1.0125E-06
  3.7375E-04 -3.4738E-04 -8.3320E-08 -1.0295E-06
  3.7686E-04 -3.5194E-04 -8.4712E-08 -1.0467E-06
  3.7999E-04 -3.5655E-04 -8.6125E-08 -1.0641E-06
  3.8314E-04 -3.6122E-04 -8.7560E-08 -1.0819E-06
  3.8632E-04 -3.6594E-04 -8.9017E-08 -1.0999E-06
  3.8951E-04 -3.7072E-04 -9.0496E-08 -1.1181E-06
  3.9273E-04 -3.7555E-04 -9.1999E-08 -1.1367E-06
  3.9598E-04 -3.8044E-04 -9.3524E-08 -1.1555E-06
  3.9924E-04 -3.8539E-04 -9.5072E-08 -1.1747E-06
  4.0253E-04 -3.9040E-04 -9.6644E-08 -1.1941E-06
  4.0584E-04 -3.9546E-04 -9.8241E-08 -1.2138E-06
  4.0917E-04 -4.0059E-04 -9.9861E-08 -1.2338E-06
  4.1253E-04 -4.0577E-04 -1.0151E-07 -1.2542E-06
  4.1591E-04 -4.1102E-04 -1.0318E-07 -1.2748E-06
  4.1931E-04 -4.1633E-04 -1.0487E-07 -1.2958E-06
  4.2274E-04 -4.2170E-04 -1.0659E-07 -1.3170E-06
  4.2619E-04 -4.2713E-04 -1.0834E-07 -1.3386E-06
  4.2967E-04 -4.3263E-04 -1.1012E-07 -1.3606E-06
  4.3317E-04 -4.3819E-04 -1.1192E-07 -1.3828E-06
  4.3670E-04 -4.4381E-04 -1.1375E-07 -1.4054E-06
  4.4024E-04 -4.4950E-04 -1.1560E-07 -1.4283E-06
  4.4382E-04 -4.5526E-04 -1.1749E-07 -1.4516E-06
  4.4742E-04 -4.6108E-04 -1.1940E-07 -1.4753E-06
  4.5104E-04 -4.6697E-04 -1.2134E-07 -1.4993E-06
  4.5469E-04 -4.7294E-04 -1.2332E-07 -1.5236E-06
  4.5837E-04 -4.7897E-04 -1.2532E-07 -1.5484E-06
  4.6207E-04 -4.8507E-04 -1.2735E-07 -1.5735E-06
  4.6580E-04 -4.9124E-04 -1.2941E-07 -1.5990E-06
  4.6955E-04 -4.9748E-04 -1.3151E-07 -1.6248E-06
  4.7333E-04 -5.0380E-04 -1.3363E-07 -1.6511E-06
  4.7714E-04 -5.1019E-04 -1.3579E-07 -1.6778E-06
  4.8097E-04 -5.1665E-04 -1.3798E-07 -1.7048E-06
  4.8483E-04 -5.2319E-04 -1.4020E-07 -1.7323E-06
  4.8872E-04 -5.2980E-04 -1.4246E-07 -1.7602E-06
  4.9263E-04 -5.3649E-04 -1.4475E-07 -1.7885E-06
  4.9657E-04 -5.4326E-04 -1.4708E-07 -1.8172E-06
  5.0054E-04 -5.5011E-04 -1.4944E-07 -1.8464E-06
  5.0454E-04 -5.5704E-04 -1.5183E-07 -1.8760E-06
  5.0856E-04 -5.6404E-04 -1.5427E-07 -1.9060E-06
  5.1261E-04 -5.7113E-04 -1.5673E-07 -1.9365E-06
  5.1669E-04 -5.7830E-04 -1.5924E-07 -1.9675E-06
  5.2080E-04 -5.8555E-04 -1.6178E-07 -1.9989E-06
  5.2494E-04 -5.9289E-04 -1.6436E-07 -2.0308E-06
  5.2911E-04 -6.0031E-04 -1.6698E-07 -2.0632E-06
  5.3330E-04 -6.0782E-04 -1.6964E-07 -2.0960E-06
  5.3753E-04 -6.1541E-04 -1.7234E-07 -2.1294E-06
  5.4179E-04 -6.2310E-04 -1.7508E-07 -2.1632E-06
  5.4607E-04 -6.3087E-04 -1.7786E-07 -2.1976E-06
  5.5039E-04 -6.3873E-04 -1.8068E-07 -2.2324E-06
  5.5473E-04 -6.4668E-04 -1.8355E-07 -2.2678E-06
  5.5911E-04 -6.5472E-04 -1.8645E-07 -2.3038E-06
  5.6351E-04 -6.6285E-04 -1.8941E-07 -2.3402E-06
  5.6795E-04 -6.7108E-04 -1.9240E-07 -2.3772E-06
  5.7242E-04 -6.7940E-04 -1.9544E-07 -2.4148E-06
  5.7692E-04 -6.8782E-04 -1.9852E-07 -2.4529E-06
  5.8145E-04 -6.9634E-04 -2.0165E-07 -2.4916E-06
  5.8601E-04 -7.0495E-04 -2.0483E-07 -2.5308E-06
  5.9061E-04 -7.1366E-04 -2.0806E-07 -2.5707E-06
  5.9523E-04 -7.2248E-04 -2.1133E-07 -2.6111E-06
  5.9989E-04 -7.3139E-04 -2.1465E-07 -2.6521E-06
  6.0459E-04 -7.4041E-04 -2.1802E-07 -2.6938E-06
  6.0931E-04 -7.4953E-04 -2.2144E-07 -2.7360E-06
  6.1407E-04 -7.5875E-04 -2.2491E-07 -2.7789E-06
  6.1886E-04 -7.6808E-04 -2.2844E-07 -2.8225E-06
  6.2368E-04 -7.7752E-04 -2.3201E-07 -2.8666E-06
  6.2854E-04 -7.8706E-04 -2.3564E-07 -2.9115E-06
  6.3343E-04 -7.9671E-04 -2.3932E-07 -2.9570E-06
  6.3836E-04 -8.0648E-04 -2.4306E-07 -3.0032E-06
  6.4332E-04 -8.1636E-04 -2.4685E-07 -3.0500E-06
  6.4832E-04 -8.2634E-04 -2.5070E-07 -3.0976E-06
  6.5335E-04 -8.3645E-04 -2.5461E-07 -3.1458E-06
  6.5841E-04 -8.4667E-04 -2.5857E-07 -3.1948E-06
  6.6352E-04 -8.5700E-04 -2.6260E-07 -3.2445E-06
  6.6865E-04 -8.6746E-04 -2.6668E-07 -3.2949E-06
  6.7383E-04 -8.7803E-04 -2.7082E-07 -3.3461E-06
  6.7904E-04 -8.8872E-04 -2.7502E-07 -3.3981E-06
  6.8428E-04 -8.9954E-04 -2.7929E-07 -3.4508E-06
  6.8956E-04 -9.1048E-04 -2.8362E-07 -3.5042E-06
  6.9488E-04 -9.2154E-04 -2.8801E-07 -3.5585E-06
  7.0024E-04 -9.3273E-04 -2.9247E-07 -3.6136E-06
  7.0563E-04 -9.4405E-04 -2.9699E-07 -3.6695E-06
  7.1107E-04 -9.5550E-04 -3.0158E-07 -3.7262E-06
  7.1654E-04 -9.6707E-04 -3.0624E-07 -3.7837E-06
  7.2204E-04 -9.7878E-04 -3.1097E-07 -3.8421E-06
  7.2759E-04 -9.9062E-04 -3.1576E-07 -3.9014E-06
  7.3318E-04 -1.0026E-03 -3.2063E-07 -3.9615E-06
  7.3880E-04 -1.0147E-03 -3.2557E-07 -4.0225E-06
  7.4447E-04 -1.0270E-03 -3.3058E-07 -4.0845E-06
  7.5017E-04 -1.0393E-03 -3.3566E-07 -4.1473E-06
  7.5591E-04 -1.0519E-03 -3.4082E-07 -4.2110E-06
  7.6170E-04 -1.0645E-03 -3.4606E-07 -4.2757E-06
  7.6752E-04 -1.0774E-03 -3.5137E-07 -4.3414E-06
  7.7339E-04 -1.0903E-03 -3.5676E-07 -4.4080E-06
  7.7929E-04 -1.1034E-03 -3.6223E-07 -4.4756E-06
  7.8524E-04 -1.1167E-03 -3.6778E-07 -4.5441E-06
  7.9123E-04 -1.1301E-03 -3.7341E-07 -4.6137E-06
  7.9726E-04 -1.1437E-03 -3.7913E-07 -4.6843E-06
  8.0333E-04 -1.1574E-03 -3.8492E-07 -4.7560E-06
  8.0945E-04 -1.1712E-03 -3.9081E-07 -4.8286E-06
  8.1561E-04 -1.1853E-03 -3.9678E-07 -4.9024E-06
  8.2181E-04 -1.1994E-03 -4.0283E-07 -4.9772E-06
  8.2805E-04 -1.2138E-03 -4.0898E-07 -5.0532E-06
  8.3434E-04 -1.2283E-03 -4.1522E-07 -5.1302E-06
  8.4068E-04 -1.2430E-03 -4.2154E-07 -5.2084E-06
  8.4705E-04 -1.2578E-03 -4.2796E-07 -5.2877E-06
  8.5348E-04 -1.2728E-03 -4.3448E-07 -5.3682E-06
  8.5994E-04 -1.2880E-03 -4.4108E-07 -5.4498E-06
  8.6645E-04 -1.3033E-03 -4.4779E-07 -5.5327E-06
  8.7301E-04 -1.3188E-03 -4.5459E-07 -5.6168E-06
  8.7962E-04 -1.3345E-03 -4.6150E-07 -5.7020E-06
  8.8626E-04 -1.3504E-03 -4.6850E-07 -5.7886E-06
  8.9296E-04 -1.3664E-03 -4.7561E-07 -5.8764E-06
  8.9970E-04 -1.3827E-03 -4.8282E-07 -5.9655E-06
  9.0649E-04 -1.3991E-03 -4.9013E-07 -6.0559E-06
  9.1333E-04 -1.4157E-03 -4.9756E-07 -6.1476E-06
  9.2022E-04 -1.4324E-03 -5.0509E-07 -6.2406E-06
  9.2715E-04 -1.4494E-03 -5.1273E-07 -6.3350E-06
  9.3413E-04 -1.4666E-03 -5.2048E-07 -6.4308E-06
  9.4117E-04 -1.4839E-03 -5.2834E-07 -6.5280E-06
  9.4825E-04 -1.5015E-03 -5.3632E-07 -6.6265E-06
  9.5538E-04 -1.5192E-03 -5.4442E-07 -6.7266E-06
  9.6256E-04 -1.5372E-03 -5.5263E-07 -6.8281E-06
  9.6979E-04 -1.5553E-03 -5.6096E-07 -6.9310E-06
  9.7707E-04 -1.5737E-03 -5.6942E-07 -7.0355E-06
  9.8440E-04 -1.5922E-03 -5.7800E-07 -7.1415E-06
  9.9178E-04 -1.6110E-03 -5.8670E-07 -7.2490E-06
  9.9922E-04 -1.6300E-03 -5.9553E-07 -7.3581E-06
  1.0067E-03 -1.6491E-03 -6.0449E-07 -7.4688E-06
  1.0142E-03 -1.6685E-03 -6.1357E-07 -7.5810E-06
  1.0218E-03 -1.6882E-03 -6.2279E-07 -7.6950E-06
  1.0295E-03 -1.7080E-03 -6.3215E-07 -7.8105E-06
  1.0372E-03 -1.7281E-03 -6.4164E-07 -7.9278E-06
  1.0449E-03 -1.7483E-03 -6.5127E-07 -8.0467E-06
  1.0527E-03 -1.7688E-03 -6.6103E-07 -8.1674E-06
  1.0606E-03 -1.7896E-03 -6.7094E-07 -8.2899E-06
  1.0685E-03 -1.8106E-03 -6.8100E-07 -8.4141E-06
  1.0765E-03 -1.8318E-03 -6.9120E-07 -8.5401E-06
  1.0845E-03 -1.8532E-03 -7.0154E-07 -8.6679E-06
  1.0926E-03 -1.8749E-03 -7.1204E-07 -8.7976E-06
  1.1007E-03 -1.8968E-03 -7.2269E-07 -8.9292E-06
  1.1089E-03 -1.9190E-03 -7.3349E-07 -9.0627E-06
  1.1172E-03 -1.9414E-03 -7.4445E-07 -9.1981E-06
  1.1255E-03 -1.9641E-03 -7.5557E-07 -9.3355E-06
  1.1339E-03 -1.9870E-03 -7.6685E-07 -9.4749E-06
  1.1423E-03 -2.0102E-03 -7.7830E-07 -9.6163E-06
  1.1508E-03 -2.0336E-03 -7.8991E-07 -9.7598E-06
  1.1593E-03 -2.0573E-03 -8.0169E-07 -9.9053E-06
  1.1679E-03 -2.0812E-03 -8.1363E-07 -1.0053E-05
  1.1766E-03 -2.1054E-03 -8.2576E-07 -1.0203E-05
  1.1853E-03 -2.1299E-03 -8.3805E-07 -1.0355E-05
  1.1941E-03 -2.1547E-03 -8.5053E-07 -1.0509E-05
  1.2030E-03 -2.1797E-03 -8.6318E-07 -1.0665E-05
  1.2119E-03 -2.2050E-03 -8.7602E-07 -1.0824E-05
  1.2209E-03 -2.2306E-03 -8.8904E-07 -1.0985E-05
  1.2299E-03 -2.2565E-03 -9.0226E-07 -1.1148E-05
  1.2390E-03 -2.2827E-03 -9.1566E-07 -1.1313E-05
  1.2482E-03 -2.3091E-03 -9.2926E-07 -1.1481E-05
  1.2574E-03 -2.3359E-03 -9.4305E-07 -1.1652E-05
  1.2667E-03 -2.3629E-03 -9.5704E-07 -1.1825E-05
  1.2761E-03 -2.3903E-03 -9.7124E-07 -1.2000E-05
  1.2855E-03 -2.4179E-03 -9.8564E-07 -1.2178E-05
  1.2950E-03 -2.4459E-03 -1.0002E-06 -1.2359E-05
  1.3045E-03 -2.4741E-03 -1.0151E-06 -1.2542E-05
  1.3142E-03 -2.5027E-03 -1.0301E-06 -1.2727E-05
  1.3238E-03 -2.5316E-03 -1.0453E-06 -1.2916E-05
  1.3336E-03 -2.5608E-03 -1.0608E-06 -1.3107E-05
  1.3434E-03 -2.5903E-03 -1.0765E-06 -1.3301E-05
  1.3533E-03 -2.6202E-03 -1.0924E-06 -1.3497E-05
  1.3633E-03 -2.6504E-03 -1.1086E-06 -1.3697E-05
  1.3733E-03 -2.6809E-03 -1.1249E-06 -1.3899E-05
  1.3834E-03 -2.7118E-03 -1.1416E-06 -1.4105E-05
  1.3936E-03 -2.7430E-03 -1.1584E-06 -1.4313E-05
  1.4039E-03 -2.7745E-03 -1.1755E-06 -1.4524E-05
  1.4142E-03 -2.8064E-03 -1.1929E-06 -1.4738E-05
  1.4246E-03 -2.8386E-03 -1.2105E-06 -1.4956E-05
  1.4350E-03 -2.8712E-03 -1.2283E-06 -1.5176E-05
  1.4456E-03 -2.9041E-03 -1.2464E-06 -1.5400E-05
  1.4562E-03 -2.9375E-03 -1.2648E-06 -1.5627E-05
  1.4669E-03 -2.9711E-03 -1.2834E-06 -1.5857E-05
  1.4776E-03 -3.0052E-03 -1.3023E-06 -1.6091E-05
  1.4885E-03 -3.0396E-03 -1.3215E-06 -1.6327E-05
  1.4994E-03 -3.0744E-03 -1.3409E-06 -1.6568E-05
  1.5104E-03 -3.1096E-03 -1.3606E-06 -1.6811E-05
  1.5214E-03 -3.1451E-03 -1.3806E-06 -1.7059E-05
  1.5326E-03 -3.1811E-03 -1.4009E-06 -1.7309E-05
  1.5438E-03 -3.2174E-03 -1.4215E-06 -1.7564E-05
  1.5551E-03 -3.2542E-03 -1.4424E-06 -1.7822E-05
  1.5665E-03 -3.2913E-03 -1.4636E-06 -1.8084E-05
  1.5779E-03 -3.3288E-03 -1.4851E-06 -1.8349E-05
  1.5895E-03 -3.3668E-03 -1.5069E-06 -1.8618E-05
  1.6011E-03 -3.4052E-03 -1.5290E-06 -1.8891E-05
  1.6128E-03 -3.4440E-03 -1.5514E-06 -1.9169E-05
  1.6246E-03 -3.4832E-03 -1.5742E-06 -1.9450E-05
  1.6364E-03 -3.5228E-03 -1.5972E-06 -1.9735E-05
  1.6484E-03 -3.5629E-03 -1.6206E-06 -2.0024E-05
  1.6604E-03 -3.6034E-03 -1.6444E-06 -2.0317E-05
  1.6725E-03 -3.6444E-03 -1.6685E-06 -2.0615E-05
  1.6847E-03 -3.6858E-03 -1.6929E-06 -2.0917E-05
  1.6970E-03 -3.7276E-03 -1.7177E-06 -2.1223E-05
  1.7094E-03 -3.7699E-03 -1.7428E-06 -2.1533E-05
  1.7218E-03 -3.8127E-03 -1.7683E-06 -2.1848E-05
  1.7344E-03 -3.8559E-03 -1.7942E-06 -2.2168E-05
  1.7470E-03 -3.8996E-03 -1.8204E-06 -2.2492E-05
  1.7597E-03 -3.9437E-03 -1.8470E-06 -2.2821E-05
  1.7725E-03 -3.9884E-03 -1.8740E-06 -2.3154E-05
  1.7854E-03 -4.0335E-03 -1.9014E-06 -2.3492E-05
  1.7984E-03 -4.0791E-03 -1.9291E-06 -2.3835E-05
  1.8115E-03 -4.1252E-03 -1.9573E-06 -2.4183E-05
  1.8247E-03 -4.1719E-03 -1.9859E-06 -2.4536E-05
  1.8379E-03 -4.2190E-03 -2.0148E-06 -2.4894E-05
  1.8513E-03 -4.2666E-03 -2.0442E-06 -2.5258E-05
  1.8647E-03 -4.3147E-03 -2.0740E-06 -2.5626E-05
  1.8783E-03 -4.3634E-03 -2.1043E-06 -2.6000E-05
  1.8919E-03 -4.4125E-03 -2.1350E-06 -2.6379E-05
  1.9057E-03 -4.4623E-03 -2.1661E-06 -2.6763E-05
  1.9195E-03 -4.5125E-03 -2.1976E-06 -2.7153E-05
  1.9334E-03 -4.5633E-03 -2.2296E-06 -2.7548E-05
  1.9474E-03 -4.6146E-03 -2.2621E-06 -2.7949E-05
  1.9616E-03 -4.6665E-03 -2.2950E-06 -2.8356E-05
  1.9758E-03 -4.7189E-03 -2.3284E-06 -2.8769E-05
  1.9901E-03 -4.7719E-03 -2.3623E-06 -2.9188E-05
  2.0045E-03 -4.8255E-03 -2.3967E-06 -2.9612E-05
  2.0191E-03 -4.8796E-03 -2.4315E-06 -3.0043E-05
  2.0337E-03 -4.9344E-03 -2.4669E-06 -3.0480E-05
  2.0484E-03 -4.9897E-03 -2.5027E-06 -3.0923E-05
  2.0632E-03 -5.0456E-03 -2.5391E-06 -3.1372E-05
  2.0782E-03 -5.1021E-03 -2.5760E-06 -3.1828E-05
  2.0932E-03 -5.1592E-03 -2.6134E-06 -3.2290E-05
  2.1084E-03 -5.2169E-03 -2.6514E-06 -3.2759E-05
  2.1236E-03 -5.2752E-03 -2.6899E-06 -3.3235E-05
  2.1390E-03 -5.3342E-03 -2.7289E-06 -3.3717E-05
  2.1544E-03 -5.3937E-03 -2.7685E-06 -3.4206E-05
  2.1700E-03 -5.4539E-03 -2.8087E-06 -3.4703E-05
  2.1857E-03 -5.5148E-03 -2.8494E-06 -3.5206E-05
  2.2015E-03 -5.5763E-03 -2.8907E-06 -3.5717E-05
  2.2174E-03 -5.6385E-03 -2.9326E-06 -3.6234E-05
  2.2334E-03 -5.7013E-03 -2.9751E-06 -3.6760E-05
  2.2495E-03 -5.7647E-03 -3.0183E-06 -3.7292E-05
  2.2657E-03 -5.8289E-03 -3.0620E-06 -3.7833E-05
  2.2821E-03 -5.8937E-03 -3.1063E-06 -3.8381E-05
  2.2986E-03 -5.9592E-03 -3.1513E-06 -3.8937E-05
  2.3151E-03 -6.0254E-03 -3.1970E-06 -3.9500E-05
  2.3318E-03 -6.0924E-03 -3.2432E-06 -4.0072E-05
  2.3487E-03 -6.1600E-03 -3.2902E-06 -4.0652E-05
  2.3656E-03 -6.2283E-03 -3.3378E-06 -4.1240E-05
  2.3826E-03 -6.2973E-03 -3.3861E-06 -4.1837E-05
  2.3998E-03 -6.3671E-03 -3.4351E-06 -4.2442E-05
  2.4171E-03 -6.4376E-03 -3.4847E-06 -4.3056E-05
  2.4345E-03 -6.5089E-03 -3.5351E-06 -4.3678E-05
  2.4520E-03 -6.5809E-03 -3.5862E-06 -4.4310E-05
  2.4697E-03 -6.6536E-03 -3.6380E-06 -4.4950E-05
  2.4875E-03 -6.7272E-03 -3.6906E-06 -4.5600E-05
  2.5054E-03 -6.8014E-03 -3.7439E-06 -4.6258E-05
  2.5234E-03 -6.8765E-03 -3.7980E-06 -4.6927E-05
  2.5416E-03 -6.9524E-03 -3.8529E-06 -4.7604E-05
  2.5598E-03 -7.0290E-03 -3.9085E-06 -4.8291E-05
  2.5783E-03 -7.1065E-03 -3.9649E-06 -4.8989E-05
  2.5968E-03 -7.1847E-03 -4.0221E-06 -4.9696E-05
  2.6155E-03 -7.2638E-03 -4.0802E-06 -5.0413E-05
  2.6343E-03 -7.3437E-03 -4.1390E-06 -5.1140E-05
  2.6532E-03 -7.4244E-03 -4.1987E-06 -5.1878E-05
  2.6723E-03 -7.5060E-03 -4.2593E-06 -5.2626E-05
  2.6915E-03 -7.5884E-03 -4.3207E-06 -5.3385E-05
  2.7108E-03 -7.6716E-03 -4.3830E-06 -5.4154E-05
  2.7302E-03 -7.7558E-03 -4.4462E-06 -5.4935E-05
  2.7499E-03 -7.8408E-03 -4.5102E-06 -5.5726E-05
  2.7696E-03 -7.9267E-03 -4.5752E-06 -5.6529E-05
  2.7895E-03 -8.0134E-03 -4.6411E-06 -5.7344E-05
  2.8095E-03 -8.1011E-03 -4.7080E-06 -5.8170E-05
  2.8296E-03 -8.1897E-03 -4.7758E-06 -5.9007E-05
  2.8499E-03 -8.2791E-03 -4.8445E-06 -5.9857E-05
  2.8704E-03 -8.3695E-03 -4.9143E-06 -6.0719E-05
  2.8910E-03 -8.4609E-03 -4.9850E-06 -6.1593E-05
  2.9117E-03 -8.5531E-03 -5.0567E-06 -6.2479E-05
  2.9326E-03 -8.6464E-03 -5.1295E-06 -6.3378E-05
  2.9536E-03 -8.7405E-03 -5.2033E-06 -6.4290E-05
  2.9748E-03 -8.8357E-03 -5.2781E-06 -6.5214E-05
  2.9961E-03 -8.9318E-03 -5.3540E-06 -6.6152E-05
  3.0175E-03 -9.0289E-03 -5.4310E-06 -6.7103E-05
  3.0391E-03 -9.1269E-03 -5.5091E-06 -6.8068E-05
  3.0609E-03 -9.2260E-03 -5.5883E-06 -6.9046E-05
  3.0828E-03 -9.3261E-03 -5.6686E-06 -7.0039E-05
  3.1049E-03 -9.4272E-03 -5.7501E-06 -7.1045E-05
  3.1271E-03 -9.5294E-03 -5.8327E-06 -7.2066E-05
  3.1495E-03 -9.6325E-03 -5.9165E-06 -7.3101E-05
  3.1720E-03 -9.7368E-03 -6.0014E-06 -7.4151E-05
  3.1947E-03 -9.8420E-03 -6.0876E-06 -7.5216E-05
  3.2176E-03 -9.9484E-03 -6.1750E-06 -7.6296E-05
  3.2406E-03 -1.0056E-02 -6.2637E-06 -7.7391E-05
  3.2638E-03 -1.0164E-02 -6.3536E-06 -7.8502E-05
  3.2871E-03 -1.0274E-02 -6.4448E-06 -7.9629E-05
  3.3106E-03 -1.0385E-02 -6.5372E-06 -8.0771E-05
  3.3343E-03 -1.0496E-02 -6.6310E-06 -8.1930E-05
  3.3581E-03 -1.0609E-02 -6.7261E-06 -8.3105E-05
  3.3821E-03 -1.0723E-02 -6.8226E-06 -8.4297E-05
  3.4063E-03 -1.0839E-02 -6.9205E-06 -8.5506E-05
  3.4306E-03 -1.0955E-02 -7.0197E-06 -8.6732E-05
  3.4551E-03 -1.1072E-02 -7.1203E-06 -8.7976E-05
  3.4798E-03 -1.1191E-02 -7.2224E-06 -8.9237E-05
  3.5046E-03 -1.1311E-02 -7.3259E-06 -9.0516E-05
  3.5297E-03 -1.1432E-02 -7.4309E-06 -9.1813E-05
  3.5548E-03 -1.1554E-02 -7.5374E-06 -9.3129E-05
  3.5802E-03 -1.1678E-02 -7.6454E-06 -9.4463E-05
  3.6058E-03 -1.1802E-02 -7.7549E-06 -9.5816E-05
  3.6315E-03 -1.1928E-02 -7.8659E-06 -9.7188E-05
  3.6574E-03 -1.2055E-02 -7.9786E-06 -9.8580E-05
  3.6835E-03 -1.2184E-02 -8.0928E-06 -9.9992E-05
  3.7098E-03 -1.2313E-02 -8.2087E-06 -1.0142E-04
  3.7362E-03 -1.2444E-02 -8.3262E-06 -1.0287E-04
  3.7629E-03 -1.2577E-02 -8.4454E-06 -1.0435E-04
  3.7897E-03 -1.2710E-02 -8.5662E-06 -1.0584E-04
  3.8167E-03 -1.2845E-02 -8.6888E-06 -1.0736E-04
  3.8439E-03 -1.2981E-02 -8.8131E-06 -1.0889E-04
  3.8713E-03 -1.3119E-02 -8.9392E-06 -1.1045E-04
  3.8989E-03 -1.3257E-02 -9.0671E-06 -1.1203E-04
  3.9267E-03 -1.3398E-02 -9.1967E-06 -1.1363E-04
  3.9547E-03 -1.3539E-02 -9.3282E-06 -1.1526E-04
  3.9829E-03 -1.3682E-02 -9.4616E-06 -1.1690E-04
  4.0112E-03 -1.3826E-02 -9.5969E-06 -1.1858E-04
  4.0398E-03 -1.3972E-02 -9.7341E-06 -1.2027E-04
  4.0686E-03 -1.4119E-02 -9.8732E-06 -1.2199E-04
  4.0975E-03 -1.4267E-02 -1.0014E-05 -1.2373E-04
  4.1267E-03 -1.4417E-02 -1.0157E-05 -1.2550E-04
  4.1561E-03 -1.4569E-02 -1.0303E-05 -1.2729E-04
  4.1857E-03 -1.4721E-02 -1.0450E-05 -1.2911E-04
  4.2155E-03 -1.4876E-02 -1.0599E-05 -1.3096E-04
  4.2455E-03 -1.5031E-02 -1.0750E-05 -1.3283E-04
  4.2757E-03 -1.5189E-02 -1.0904E-05 -1.3472E-04
  4.3061E-03 -1.5347E-02 -1.1060E-05 -1.3665E-04
  4.3367E-03 -1.5507E-02 -1.1217E-05 -1.3860E-04
  4.3676E-03 -1.5669E-02 -1.1378E-05 -1.4058E-04
  4.3986E-03 -1.5832E-02 -1.1540E-05 -1.4258E-04
  4.4299E-03 -1.5997E-02 -1.1705E-05 -1.4462E-04
  4.4614E-03 -1.6163E-02 -1.1872E-05 -1.4668E-04
  4.4931E-03 -1.6331E-02 -1.2041E-05 -1.4878E-04
  4.5251E-03 -1.6501E-02 -1.2213E-05 -1.5090E-04
  4.5572E-03 -1.6672E-02 -1.2387E-05 -1.5305E-04
  4.5896E-03 -1.6844E-02 -1.2564E-05 -1.5523E-04
  4.6222E-03 -1.7018E-02 -1.2743E-05 -1.5745E-04
  4.6551E-03 -1.7194E-02 -1.2925E-05 -1.5969E-04
  4.6881E-03 -1.7372E-02 -1.3109E-05 -1.6197E-04
  4.7215E-03 -1.7551E-02 -1.3296E-05 -1.6428E-04
  4.7550E-03 -1.7731E-02 -1.3486E-05 -1.6662E-04
  4.7888E-03 -1.7914E-02 -1.3678E-05 -1.6900E-04
  4.8228E-03 -1.8098E-02 -1.3873E-05 -1.7141E-04
  4.8570E-03 -1.8284E-02 -1.4071E-05 -1.7385E-04
  4.8915E-03 -1.8471E-02 -1.4271E-05 -1.7633E-04
  4.9262E-03 -1.8660E-02 -1.4475E-05 -1.7884E-04
  4.9612E-03 -1.8851E-02 -1.4681E-05 -1.8139E-04
  4.9964E-03 -1.9044E-02 -1.4890E-05 -1.8397E-04
  5.0319E-03 -1.9238E-02 -1.5102E-05 -1.8659E-04
  5.0676E-03 -1.9434E-02 -1.5317E-05 -1.8925E-04
  5.1036E-03 -1.9632E-02 -1.5535E-05 -1.9195E-04
  5.1398E-03 -1.9831E-02 -1.5757E-05 -1.9468E-04
  5.1763E-03 -2.0033E-02 -1.5981E-05 -1.9745E-04
  5.2130E-03 -2.0236E-02 -1.6208E-05 -2.0027E-04
  5.2500E-03 -2.0441E-02 -1.6439E-05 -2.0312E-04
  5.2872E-03 -2.0648E-02 -1.6673E-05 -2.0601E-04
  5.3247E-03 -2.0856E-02 -1.6911E-05 -2.0894E-04
  5.3625E-03 -2.1067E-02 -1.7151E-05 -2.1191E-04
  5.4005E-03 -2.1279E-02 -1.7395E-05 -2.1493E-04
  5.4388E-03 -2.1493E-02 -1.7643E-05 -2.1799E-04
  5.4773E-03 -2.1709E-02 -1.7894E-05 -2.2109E-04
  5.5162E-03 -2.1927E-02 -1.8149E-05 -2.2424E-04
  5.5553E-03 -2.2147E-02 -1.8407E-05 -2.2743E-04
  5.5946E-03 -2.2369E-02 -1.8669E-05 -2.3066E-04
  5.6343E-03 -2.2593E-02 -1.8934E-05 -2.3394E-04
  5.6742E-03 -2.2818E-02 -1.9204E-05 -2.3727E-04
  5.7144E-03 -2.3046E-02 -1.9477E-05 -2.4065E-04
  5.7549E-03 -2.3275E-02 -1.9754E-05 -2.4407E-04
  5.7957E-03 -2.3506E-02 -2.0034E-05 -2.4754E-04
  5.8367E-03 -2.3740E-02 -2.0319E-05 -2.5106E-04
  5.8781E-03 -2.3975E-02 -2.0608E-05 -2.5463E-04
  5.9197E-03 -2.4213E-02 -2.0901E-05 -2.5825E-04
  5.9617E-03 -2.4452E-02 -2.1198E-05 -2.6192E-04
  6.0039E-03 -2.4693E-02 -2.1500E-05 -2.6564E-04
  6.0464E-03 -2.4937E-02 -2.1805E-05 -2.6942E-04
  6.0892E-03 -2.5182E-02 -2.2115E-05 -2.7324E-04
  6.1323E-03 -2.5429E-02 -2.2429E-05 -2.7713E-04
  6.1757E-03 -2.5679E-02 -2.2748E-05 -2.8107E-04
  6.2194E-03 -2.5930E-02 -2.3071E-05 -2.8506E-04
  6.2635E-03 -2.6184E-02 -2.3399E-05 -2.8911E-04
  6.3078E-03 -2.6439E-02 -2.3731E-05 -2.9321E-04
  6.3524E-03 -2.6697E-02 -2.4068E-05 -2.9738E-04
  6.3974E-03 -2.6957E-02 -2.4410E-05 -3.0160E-04
  6.4427E-03 -2.7219E-02 -2.4757E-05 -3.0589E-04
  6.4883E-03 -2.7483E-02 -2.5108E-05 -3.1023E-04
  6.5342E-03 -2.7749E-02 -2.5465E-05 -3.1464E-04
  6.5804E-03 -2.8017E-02 -2.5827E-05 -3.1910E-04
  6.6269E-03 -2.8288E-02 -2.6193E-05 -3.2363E-04
  6.6738E-03 -2.8560E-02 -2.6565E-05 -3.2823E-04
  6.7210E-03 -2.8835E-02 -2.6942E-05 -3.3289E-04
  6.7686E-03 -2.9111E-02 -2.7325E-05 -3.3761E-04
  6.8164E-03 -2.9390E-02 -2.7712E-05 -3.4240E-04
  6.8646E-03 -2.9671E-02 -2.8106E-05 -3.4726E-04
  6.9132E-03 -2.9955E-02 -2.8505E-05 -3.5219E-04
  6.9620E-03 -3.0240E-02 -2.8909E-05 -3.5719E-04
  7.0113E-03 -3.0528E-02 -2.9319E-05 -3.6226E-04
  7.0608E-03 -3.0818E-02 -2.9735E-05 -3.6740E-04
  7.1107E-03 -3.1110E-02 -3.0157E-05 -3.7261E-04
  7.1610E-03 -3.1404E-02 -3.0585E-05 -3.7790E-04
  7.2116E-03 -3.1700E-02 -3.1019E-05 -3.8326E-04
  7.2626E-03 -3.1999E-02 -3.1459E-05 -3.8869E-04
  7.3139E-03 -3.2300E-02 -3.1905E-05 -3.9421E-04
  7.3656E-03 -3.2603E-02 -3.2357E-05 -3.9980E-04
  7.4176E-03 -3.2908E-02 -3.2816E-05 -4.0547E-04
  7.4701E-03 -3.3215E-02 -3.3282E-05 -4.1122E-04
  7.5228E-03 -3.3525E-02 -3.3754E-05 -4.1705E-04
  7.5760E-03 -3.3837E-02 -3.4232E-05 -4.2296E-04
  7.6295E-03 -3.4151E-02 -3.4717E-05 -4.2896E-04
  7.6834E-03 -3.4468E-02 -3.5210E-05 -4.3504E-04
  7.7377E-03 -3.4786E-02 -3.5709E-05 -4.4121E-04
  7.7923E-03 -3.5107E-02 -3.6215E-05 -4.4746E-04
  7.8473E-03 -3.5430E-02 -3.6728E-05 -4.5380E-04
  7.9028E-03 -3.5756E-02 -3.7249E-05 -4.6023E-04
  7.9586E-03 -3.6083E-02 -3.7777E-05 -4.6676E-04
  8.0148E-03 -3.6413E-02 -3.8312E-05 -4.7337E-04
  8.0714E-03 -3.6745E-02 -3.8855E-05 -4.8008E-04
  8.1283E-03 -3.7080E-02 -3.9405E-05 -4.8688E-04
  8.1857E-03 -3.7416E-02 -3.9964E-05 -4.9378E-04
  8.2435E-03 -3.7755E-02 -4.0530E-05 -5.0078E-04
  8.3017E-03 -3.8096E-02 -4.1104E-05 -5.0787E-04
  8.3603E-03 -3.8440E-02 -4.1686E-05 -5.1506E-04
  8.4193E-03 -3.8785E-02 -4.2277E-05 -5.2236E-04
  8.4787E-03 -3.9133E-02 -4.2876E-05 -5.2976E-04
  8.5386E-03 -3.9483E-02 -4.3483E-05 -5.3726E-04
  8.5988E-03 -3.9835E-02 -4.4099E-05 -5.4487E-04
  8.6595E-03 -4.0190E-02 -4.4723E-05 -5.5259E-04
  8.7206E-03 -4.0547E-02 -4.5357E-05 -5.6041E-04
  8.7821E-03 -4.0905E-02 -4.5999E-05 -5.6835E-04
  8.8441E-03 -4.1267E-02 -4.6650E-05 -5.7640E-04
  8.9065E-03 -4.1630E-02 -4.7311E-05 -5.8456E-04
  8.9693E-03 -4.1995E-02 -4.7980E-05 -5.9283E-04
  9.0326E-03 -4.2363E-02 -4.8660E-05 -6.0123E-04
  9.0963E-03 -4.2733E-02 -4.9348E-05 -6.0974E-04
  9.1605E-03 -4.3105E-02 -5.0047E-05 -6.1837E-04
  9.2251E-03 -4.3479E-02 -5.0755E-05 -6.2712E-04
  9.2901E-03 -4.3855E-02 -5.1474E-05 -6.3600E-04
  9.3557E-03 -4.4234E-02 -5.2202E-05 -6.4500E-04
  9.4216E-03 -4.4614E-02 -5.2941E-05 -6.5413E-04
  9.4881E-03 -4.4997E-02 -5.3690E-05 -6.6338E-04
  9.5550E-03 -4.5382E-02 -5.4450E-05 -6.7277E-04
  9.6223E-03 -4.5769E-02 -5.5220E-05 -6.8229E-04
  9.6902E-03 -4.6158E-02 -5.6002E-05 -6.9194E-04
  9.7585E-03 -4.6549E-02 -5.6794E-05 -7.0173E-04
  9.8273E-03 -4.6942E-02 -5.7597E-05 -7.1166E-04
  9.8966E-03 -4.7337E-02 -5.8412E-05 -7.2173E-04
  9.9663E-03 -4.7734E-02 -5.9239E-05 -7.3194E-04
  1.0037E-02 -4.8133E-02 -6.0077E-05 -7.4229E-04
  1.0107E-02 -4.8534E-02 -6.0926E-05 -7.5279E-04
  1.0179E-02 -4.8937E-02 -6.1788E-05 -7.6344E-04
  1.0250E-02 -4.9342E-02 -6.2662E-05 -7.7424E-04
  1.0323E-02 -4.9749E-02 -6.3548E-05 -7.8519E-04
  1.0395E-02 -5.0158E-02 -6.4447E-05 -7.9629E-04
  1.0469E-02 -5.0569E-02 -6.5358E-05 -8.0755E-04
  1.0542E-02 -5.0981E-02 -6.6282E-05 -8.1897E-04
  1.0617E-02 -5.1396E-02 -6.7220E-05 -8.3055E-04
  1.0691E-02 -5.1812E-02 -6.8170E-05 -8.4230E-04
  1.0767E-02 -5.2230E-02 -6.9134E-05 -8.5421E-04
  1.0843E-02 -5.2650E-02 -7.0111E-05 -8.6628E-04
  1.0919E-02 -5.3071E-02 -7.1102E-05 -8.7853E-04
  1.0996E-02 -5.3494E-02 -7.2107E-05 -8.9095E-04
  1.1073E-02 -5.3919E-02 -7.3127E-05 -9.0354E-04
  1.1151E-02 -5.4346E-02 -7.4160E-05 -9.1631E-04
  1.1230E-02 -5.4774E-02 -7.5209E-05 -9.2927E-04
  1.1309E-02 -5.5203E-02 -7.6272E-05 -9.4240E-04
  1.1389E-02 -5.5635E-02 -7.7350E-05 -9.5572E-04
  1.1469E-02 -5.6067E-02 -7.8443E-05 -9.6923E-04
  1.1550E-02 -5.6502E-02 -7.9551E-05 -9.8292E-04
  1.1631E-02 -5.6937E-02 -8.0675E-05 -9.9681E-04
  1.1713E-02 -5.7375E-02 -8.1815E-05 -1.0109E-03
  1.1795E-02 -5.7813E-02 -8.2971E-05 -1.0252E-03
  1.1878E-02 -5.8253E-02 -8.4144E-05 -1.0397E-03
  1.1962E-02 -5.8694E-02 -8.5333E-05 -1.0544E-03
  1.2046E-02 -5.9136E-02 -8.6538E-05 -1.0693E-03
  1.2131E-02 -5.9580E-02 -8.7761E-05 -1.0844E-03
  1.2216E-02 -6.0025E-02 -8.9000E-05 -1.0997E-03
  1.2302E-02 -6.0470E-02 -9.0258E-05 -1.1152E-03
  1.2389E-02 -6.0917E-02 -9.1533E-05 -1.1310E-03
  1.2476E-02 -6.1365E-02 -9.2826E-05 -1.1469E-03
  1.2564E-02 -6.1814E-02 -9.4137E-05 -1.1631E-03
  1.2652E-02 -6.2264E-02 -9.5466E-05 -1.1796E-03
  1.2741E-02 -6.2715E-02 -9.6815E-05 -1.1962E-03
  1.2831E-02 -6.3167E-02 -9.8182E-05 -1.2131E-03
  1.2921E-02 -6.3619E-02 -9.9568E-05 -1.2303E-03
  1.3012E-02 -6.4072E-02 -1.0097E-04 -1.2476E-03
  1.3104E-02 -6.4526E-02 -1.0240E-04 -1.2653E-03
  1.3196E-02 -6.4980E-02 -1.0385E-04 -1.2831E-03
  1.3289E-02 -6.5435E-02 -1.0531E-04 -1.3012E-03
  1.3382E-02 -6.5891E-02 -1.0680E-04 -1.3196E-03
  1.3477E-02 -6.6347E-02 -1.0831E-04 -1.3382E-03
  1.3571E-02 -6.6803E-02 -1.0984E-04 -1.3571E-03
  1.3667E-02 -6.7259E-02 -1.1139E-04 -1.3763E-03
  1.3763E-02 -6.7716E-02 -1.1296E-04 -1.3957E-03
  1.3860E-02 -6.8173E-02 -1.1455E-04 -1.4154E-03
  1.3957E-02 -6.8630E-02 -1.1617E-04 -1.4354E-03
  1.4056E-02 -6.9088E-02 -1.1781E-04 -1.4557E-03
  1.4154E-02 -6.9545E-02 -1.1947E-04 -1.4762E-03
  1.4254E-02 -7.0002E-02 -1.2116E-04 -1.4971E-03
  1.4354E-02 -7.0459E-02 -1.2287E-04 -1.5182E-03
  1.4455E-02 -7.0915E-02 -1.2460E-04 -1.5396E-03
  1.4557E-02 -7.1372E-02 -1.2636E-04 -1.5613E-03
  1.4659E-02 -7.1828E-02 -1.2815E-04 -1.5834E-03
  1.4762E-02 -7.2283E-02 -1.2995E-04 -1.6057E-03
  1.4866E-02 -7.2738E-02 -1.3179E-04 -1.6284E-03
  1.4971E-02 -7.3192E-02 -1.3365E-04 -1.6514E-03
  1.5076E-02 -7.3646E-02 -1.3553E-04 -1.6747E-03
  1.5182E-02 -7.4099E-02 -1.3745E-04 -1.6983E-03
  1.5289E-02 -7.4550E-02 -1.3938E-04 -1.7223E-03
  1.5396E-02 -7.5001E-02 -1.4135E-04 -1.7466E-03
  1.5505E-02 -7.5451E-02 -1.4335E-04 -1.7712E-03
  1.5614E-02 -7.5900E-02 -1.4537E-04 -1.7962E-03
  1.5723E-02 -7.6347E-02 -1.4742E-04 -1.8215E-03
  1.5834E-02 -7.6793E-02 -1.4950E-04 -1.8472E-03
  1.5945E-02 -7.7238E-02 -1.5161E-04 -1.8733E-03
  1.6057E-02 -7.7681E-02 -1.5375E-04 -1.8997E-03
  1.6170E-02 -7.8122E-02 -1.5591E-04 -1.9265E-03
  1.6284E-02 -7.8562E-02 -1.5811E-04 -1.9537E-03
  1.6398E-02 -7.8999E-02 -1.6034E-04 -1.9812E-03
  1.6514E-02 -7.9435E-02 -1.6260E-04 -2.0092E-03
  1.6630E-02 -7.9869E-02 -1.6490E-04 -2.0375E-03
  1.6747E-02 -8.0300E-02 -1.6722E-04 -2.0662E-03
  1.6864E-02 -8.0730E-02 -1.6958E-04 -2.0954E-03
  1.6983E-02 -8.1156E-02 -1.7197E-04 -2.1249E-03
  1.7102E-02 -8.1581E-02 -1.7440E-04 -2.1549E-03
  1.7222E-02 -8.2002E-02 -1.7686E-04 -2.1853E-03
  1.7343E-02 -8.2421E-02 -1.7935E-04 -2.2161E-03
  1.7465E-02 -8.2838E-02 -1.8188E-04 -2.2473E-03
  1.7588E-02 -8.3251E-02 -1.8444E-04 -2.2790E-03
  1.7712E-02 -8.3661E-02 -1.8704E-04 -2.3112E-03
  1.7836E-02 -8.4067E-02 -1.8968E-04 -2.3438E-03
  1.7961E-02 -8.4471E-02 -1.9235E-04 -2.3768E-03
  1.8088E-02 -8.4871E-02 -1.9507E-04 -2.4103E-03
  1.8215E-02 -8.5267E-02 -1.9782E-04 -2.4443E-03
  1.8343E-02 -8.5660E-02 -2.0060E-04 -2.4787E-03
  1.8472E-02 -8.6048E-02 -2.0343E-04 -2.5137E-03
  1.8601E-02 -8.6433E-02 -2.0630E-04 -2.5491E-03
  1.8732E-02 -8.6813E-02 -2.0921E-04 -2.5851E-03
  1.8864E-02 -8.7190E-02 -2.1216E-04 -2.6215E-03
  1.8996E-02 -8.7561E-02 -2.1515E-04 -2.6584E-03
  1.9130E-02 -8.7928E-02 -2.1818E-04 -2.6959E-03
  1.9264E-02 -8.8291E-02 -2.2125E-04 -2.7339E-03
  1.9399E-02 -8.8648E-02 -2.2437E-04 -2.7724E-03
  1.9536E-02 -8.9001E-02 -2.2753E-04 -2.8115E-03
  1.9673E-02 -8.9348E-02 -2.3074E-04 -2.8511E-03
  1.9811E-02 -8.9690E-02 -2.3399E-04 -2.8913E-03
  1.9950E-02 -9.0027E-02 -2.3729E-04 -2.9321E-03
  2.0090E-02 -9.0358E-02 -2.4063E-04 -2.9734E-03
  2.0231E-02 -9.0683E-02 -2.4402E-04 -3.0153E-03
  2.0373E-02 -9.1002E-02 -2.4746E-04 -3.0578E-03
  2.0517E-02 -9.1316E-02 -2.5095E-04 -3.1009E-03
  2.0661E-02 -9.1622E-02 -2.5448E-04 -3.1445E-03
  2.0806E-02 -9.1923E-02 -2.5807E-04 -3.1888E-03
  2.0952E-02 -9.2217E-02 -2.6170E-04 -3.2338E-03
  2.1099E-02 -9.2504E-02 -2.6539E-04 -3.2793E-03
  2.1247E-02 -9.2784E-02 -2.6913E-04 -3.3255E-03
  2.1396E-02 -9.3057E-02 -2.7292E-04 -3.3724E-03
  2.1547E-02 -9.3323E-02 -2.7677E-04 -3.4199E-03
  2.1698E-02 -9.3581E-02 -2.8066E-04 -3.4681E-03
  2.1850E-02 -9.3832E-02 -2.8462E-04 -3.5169E-03
  2.2004E-02 -9.4075E-02 -2.8863E-04 -3.5665E-03
  2.2158E-02 -9.4310E-02 -2.9269E-04 -3.6167E-03
  2.2314E-02 -9.4537E-02 -2.9681E-04 -3.6676E-03
  2.2470E-02 -9.4755E-02 -3.0099E-04 -3.7193E-03
  2.2628E-02 -9.4965E-02 -3.0523E-04 -3.7717E-03
  2.2787E-02 -9.5167E-02 -3.0953E-04 -3.8248E-03
  2.2947E-02 -9.5359E-02 -3.1389E-04 -3.8787E-03
  2.3108E-02 -9.5542E-02 -3.1831E-04 -3.9333E-03
  2.3270E-02 -9.5717E-02 -3.2279E-04 -3.9887E-03
  2.3434E-02 -9.5881E-02 -3.2734E-04 -4.0449E-03
  2.3598E-02 -9.6036E-02 -3.3195E-04 -4.1018E-03
  2.3764E-02 -9.6181E-02 -3.3662E-04 -4.1596E-03
  2.3931E-02 -9.6317E-02 -3.4136E-04 -4.2182E-03
  2.4099E-02 -9.6442E-02 -3.4617E-04 -4.2776E-03
  2.4268E-02 -9.6556E-02 -3.5104E-04 -4.3378E-03
  2.4438E-02 -9.6660E-02 -3.5598E-04 -4.3989E-03
  2.4610E-02 -9.6754E-02 -3.6099E-04 -4.4608E-03
  2.4783E-02 -9.6836E-02 -3.6608E-04 -4.5236E-03
  2.4957E-02 -9.6907E-02 -3.7123E-04 -4.5873E-03
  2.5132E-02 -9.6967E-02 -3.7646E-04 -4.6519E-03
  2.5308E-02 -9.7015E-02 -3.8176E-04 -4.7174E-03
  2.5486E-02 -9.7051E-02 -3.8713E-04 -4.7838E-03
  2.5665E-02 -9.7075E-02 -3.9258E-04 -4.8511E-03
  2.5845E-02 -9.7087E-02 -3.9810E-04 -4.9194E-03
  2.6026E-02 -9.7087E-02 -4.0371E-04 -4.9887E-03
  2.6209E-02 -9.7074E-02 -4.0939E-04 -5.0589E-03
  2.6393E-02 -9.7049E-02 -4.1515E-04 -5.1301E-03
  2.6578E-02 -9.7010E-02 -4.2099E-04 -5.2023E-03
  2.6764E-02 -9.6959E-02 -4.2692E-04 -5.2755E-03
  2.6952E-02 -9.6893E-02 -4.3293E-04 -5.3498E-03
  2.7141E-02 -9.6815E-02 -4.3902E-04 -5.4251E-03
  2.7332E-02 -9.6722E-02 -4.4520E-04 -5.5014E-03
  2.7524E-02 -9.6616E-02 -4.5146E-04 -5.5789E-03
  2.7717E-02 -9.6495E-02 -4.5781E-04 -5.6574E-03
  2.7911E-02 -9.6360E-02 -4.6425E-04 -5.7370E-03
  2.8107E-02 -9.6210E-02 -4.7079E-04 -5.8177E-03
  2.8304E-02 -9.6045E-02 -4.7741E-04 -5.8996E-03
  2.8503E-02 -9.5866E-02 -4.8413E-04 -5.9826E-03
  2.8703E-02 -9.5671E-02 -4.9094E-04 -6.0668E-03
  2.8904E-02 -9.5461E-02 -4.9785E-04 -6.1521E-03
  2.9107E-02 -9.5235E-02 -5.0485E-04 -6.2387E-03
  2.9311E-02 -9.4994E-02 -5.1195E-04 -6.3265E-03
  2.9517E-02 -9.4736E-02 -5.1915E-04 -6.4155E-03
  2.9724E-02 -9.4462E-02 -5.2646E-04 -6.5058E-03
  2.9933E-02 -9.4172E-02 -5.3386E-04 -6.5973E-03
  3.0143E-02 -9.3866E-02 -5.4137E-04 -6.6901E-03
  3.0354E-02 -9.3542E-02 -5.4899E-04 -6.7842E-03
  3.0567E-02 -9.3202E-02 -5.5671E-04 -6.8797E-03
  3.0781E-02 -9.2844E-02 -5.6454E-04 -6.9764E-03
  3.0997E-02 -9.2470E-02 -5.7248E-04 -7.0746E-03
  3.1215E-02 -9.2077E-02 -5.8053E-04 -7.1741E-03
  3.1434E-02 -9.1667E-02 -5.8869E-04 -7.2750E-03
  3.1654E-02 -9.1239E-02 -5.9697E-04 -7.3773E-03
  3.1876E-02 -9.0793E-02 -6.0536E-04 -7.4811E-03
  3.2100E-02 -9.0329E-02 -6.1388E-04 -7.5863E-03
  3.2325E-02 -8.9846E-02 -6.2251E-04 -7.6930E-03
  3.2552E-02 -8.9345E-02 -6.3126E-04 -7.8012E-03
  3.2780E-02 -8.8825E-02 -6.4014E-04 -7.9109E-03
  3.3010E-02 -8.8287E-02 -6.4914E-04 -8.0222E-03
  3.3242E-02 -8.7729E-02 -6.5827E-04 -8.1350E-03
  3.3475E-02 -8.7152E-02 -6.6752E-04 -8.2494E-03
  3.3710E-02 -8.6555E-02 -6.7690E-04 -8.3654E-03
  3.3946E-02 -8.5939E-02 -6.8642E-04 -8.4830E-03
  3.4184E-02 -8.5304E-02 -6.9607E-04 -8.6023E-03
  3.4424E-02 -8.4648E-02 -7.0586E-04 -8.7232E-03
  3.4665E-02 -8.3973E-02 -7.1578E-04 -8.8459E-03
  3.4908E-02 -8.3278E-02 -7.2584E-04 -8.9703E-03
  3.5153E-02 -8.2562E-02 -7.3604E-04 -9.0964E-03
  3.5400E-02 -8.1826E-02 -7.4639E-04 -9.2243E-03
  3.5648E-02 -8.1070E-02 -7.5688E-04 -9.3539E-03
  3.5898E-02 -8.0293E-02 -7.6751E-04 -9.4854E-03
  3.6150E-02 -7.9495E-02 -7.7830E-04 -9.6188E-03
  3.6403E-02 -7.8676E-02 -7.8924E-04 -9.7540E-03
  3.6659E-02 -7.7837E-02 -8.0033E-04 -9.8911E-03
  3.6916E-02 -7.6977E-02 -8.1158E-04 -1.0030E-02
  3.7174E-02 -7.6095E-02 -8.2298E-04 -1.0171E-02
  3.7435E-02 -7.5193E-02 -8.3455E-04 -1.0314E-02
  3.7698E-02 -7.4269E-02 -8.4627E-04 -1.0459E-02
  3.7962E-02 -7.3323E-02 -8.5816E-04 -1.0606E-02
  3.8228E-02 -7.2357E-02 -8.7022E-04 -1.0755E-02
  3.8496E-02 -7.1369E-02 -8.8245E-04 -1.0906E-02
  3.8766E-02 -7.0359E-02 -8.9484E-04 -1.1059E-02
  3.9038E-02 -6.9328E-02 -9.0741E-04 -1.1215E-02
  3.9312E-02 -6.8276E-02 -9.2016E-04 -1.1373E-02
  3.9587E-02 -6.7201E-02 -9.3309E-04 -1.1532E-02
  3.9865E-02 -6.6105E-02 -9.4619E-04 -1.1694E-02
  4.0145E-02 -6.4988E-02 -9.5949E-04 -1.1859E-02
  4.0426E-02 -6.3849E-02 -9.7296E-04 -1.2025E-02
  4.0709E-02 -6.2688E-02 -9.8663E-04 -1.2194E-02
  4.0995E-02 -6.1505E-02 -1.0005E-03 -1.2366E-02
  4.1282E-02 -6.0301E-02 -1.0145E-03 -1.2539E-02
  4.1572E-02 -5.9075E-02 -1.0288E-03 -1.2715E-02
  4.1863E-02 -5.7828E-02 -1.0432E-03 -1.2894E-02
  4.2157E-02 -5.6559E-02 -1.0579E-03 -1.3075E-02
  4.2452E-02 -5.5268E-02 -1.0727E-03 -1.3259E-02
  4.2750E-02 -5.3956E-02 -1.0878E-03 -1.3445E-02
  4.3050E-02 -5.2623E-02 -1.1031E-03 -1.3634E-02
  4.3351E-02 -5.1268E-02 -1.1186E-03 -1.3825E-02
  4.3655E-02 -4.9893E-02 -1.1343E-03 -1.4020E-02
  4.3961E-02 -4.8496E-02 -1.1502E-03 -1.4217E-02
  4.4269E-02 -4.7078E-02 -1.1663E-03 -1.4416E-02
  4.4580E-02 -4.5639E-02 -1.1827E-03 -1.4619E-02
  4.4892E-02 -4.4179E-02 -1.1993E-03 -1.4824E-02
  4.5207E-02 -4.2699E-02 -1.2161E-03 -1.5032E-02
  4.5524E-02 -4.1199E-02 -1.2332E-03 -1.5243E-02
  4.5843E-02 -3.9678E-02 -1.2505E-03 -1.5457E-02
  4.6164E-02 -3.8137E-02 -1.2681E-03 -1.5674E-02
  4.6488E-02 -3.6576E-02 -1.2859E-03 -1.5894E-02
  4.6814E-02 -3.4995E-02 -1.3039E-03 -1.6117E-02
  4.7142E-02 -3.3395E-02 -1.3222E-03 -1.6344E-02
  4.7473E-02 -3.1775E-02 -1.3408E-03 -1.6573E-02
  4.7805E-02 -3.0136E-02 -1.3596E-03 -1.6806E-02
  4.8140E-02 -2.8479E-02 -1.3787E-03 -1.7042E-02
  4.8478E-02 -2.6802E-02 -1.3980E-03 -1.7281E-02
  4.8818E-02 -2.5108E-02 -1.4176E-03 -1.7523E-02
  4.9160E-02 -2.3395E-02 -1.4375E-03 -1.7769E-02
  4.9504E-02 -2.1665E-02 -1.4577E-03 -1.8019E-02
  4.9851E-02 -1.9917E-02 -1.4781E-03 -1.8272E-02
  5.0201E-02 -1.8152E-02 -1.4988E-03 -1.8528E-02
  5.0553E-02 -1.6371E-02 -1.5199E-03 -1.8788E-02
  5.0907E-02 -1.4573E-02 -1.5412E-03 -1.9052E-02
  5.1264E-02 -1.2758E-02 -1.5628E-03 -1.9319E-02
  5.1623E-02 -1.0928E-02 -1.5847E-03 -1.9590E-02
  5.1985E-02 -9.0831E-03 -1.6069E-03 -1.9865E-02
  5.2349E-02 -7.2229E-03 -1.6295E-03 -2.0144E-02
  5.2716E-02 -5.3482E-03 -1.6523E-03 -2.0426E-02
  5.3086E-02 -3.4594E-03 -1.6755E-03 -2.0713E-02
  5.3458E-02 -1.5570E-03 -1.6990E-03 -2.1003E-02
  5.3832E-02  3.5865E-04 -1.7228E-03 -2.1298E-02
  5.4209E-02  2.2870E-03 -1.7469E-03 -2.1597E-02
  5.4589E-02  4.2276E-03 -1.7714E-03 -2.1900E-02
  5.4972E-02  6.1799E-03 -1.7963E-03 -2.2207E-02
  5.5357E-02  8.1434E-03 -1.8214E-03 -2.2518E-02
  5.5745E-02  1.0118E-02 -1.8470E-03 -2.2834E-02
  5.6136E-02  1.2102E-02 -1.8729E-03 -2.3154E-02
  5.6529E-02  1.4096E-02 -1.8991E-03 -2.3479E-02
  5.6925E-02  1.6099E-02 -1.9257E-03 -2.3808E-02
  5.7324E-02  1.8110E-02 -1.9527E-03 -2.4142E-02
  5.7726E-02  2.0129E-02 -1.9801E-03 -2.4480E-02
  5.8131E-02  2.2156E-02 -2.0078E-03 -2.4824E-02
  5.8538E-02  2.4189E-02 -2.0359E-03 -2.5172E-02
  5.8948E-02  2.6228E-02 -2.0644E-03 -2.5524E-02
  5.9361E-02  2.8272E-02 -2.0934E-03 -2.5882E-02
  5.9777E-02  3.0320E-02 -2.1227E-03 -2.6245E-02
  6.0196E-02  3.2373E-02 -2.1524E-03 -2.6613E-02
  6.0618E-02  3.4429E-02 -2.1826E-03 -2.6986E-02
  6.1043E-02  3.6487E-02 -2.2131E-03 -2.7364E-02
  6.1470E-02  3.8547E-02 -2.2441E-03 -2.7747E-02
  6.1901E-02  4.0609E-02 -2.2755E-03 -2.8136E-02
  6.2335E-02  4.2670E-02 -2.3074E-03 -2.8530E-02
  6.2772E-02  4.4731E-02 -2.3397E-03 -2.8930E-02
  6.3211E-02  4.6790E-02 -2.3724E-03 -2.9336E-02
  6.3654E-02  4.8848E-02 -2.4057E-03 -2.9746E-02
  6.4100E-02  5.0902E-02 -2.4393E-03 -3.0163E-02
  6.4550E-02  5.2953E-02 -2.4735E-03 -3.0586E-02
  6.5002E-02  5.4999E-02 -2.5081E-03 -3.1014E-02
  6.5457E-02  5.7039E-02 -2.5432E-03 -3.1448E-02
  6.5916E-02  5.9074E-02 -2.5788E-03 -3.1889E-02
  6.6378E-02  6.1101E-02 -2.6149E-03 -3.2335E-02
  6.6843E-02  6.3120E-02 -2.6514E-03 -3.2788E-02
  6.7311E-02  6.5129E-02 -2.6885E-03 -3.3247E-02
  6.7783E-02  6.7130E-02 -2.7261E-03 -3.3713E-02
  6.8258E-02  6.9119E-02 -2.7643E-03 -3.4185E-02
  6.8736E-02  7.1096E-02 -2.8029E-03 -3.4663E-02
  6.9218E-02  7.3061E-02 -2.8421E-03 -3.5148E-02
  6.9703E-02  7.5011E-02 -2.8819E-03 -3.5640E-02
  7.0191E-02  7.6948E-02 -2.9222E-03 -3.6139E-02
  7.0683E-02  7.8868E-02 -2.9630E-03 -3.6645E-02
  7.1178E-02  8.0772E-02 -3.0044E-03 -3.7158E-02
  7.1677E-02  8.2658E-02 -3.0464E-03 -3.7678E-02
  7.2179E-02  8.4526E-02 -3.0890E-03 -3.8205E-02
  7.2684E-02  8.6374E-02 -3.1322E-03 -3.8739E-02
  7.3194E-02  8.8201E-02 -3.1760E-03 -3.9281E-02
  7.3706E-02  9.0006E-02 -3.2203E-03 -3.9831E-02
  7.4223E-02  9.1789E-02 -3.2653E-03 -4.0388E-02
  7.4743E-02  9.3548E-02 -3.3110E-03 -4.0953E-02
  7.5266E-02  9.5282E-02 -3.3572E-03 -4.1526E-02
  7.5794E-02  9.6990E-02 -3.4041E-03 -4.2106E-02
  7.6325E-02  9.8670E-02 -3.4517E-03 -4.2695E-02
  7.6859E-02  1.0032E-01 -3.4999E-03 -4.3292E-02
  7.7398E-02  1.0195E-01 -3.5487E-03 -4.3897E-02
  7.7940E-02  1.0354E-01 -3.5983E-03 -4.4511E-02
  7.8486E-02  1.0510E-01 -3.6485E-03 -4.5133E-02
  7.9036E-02  1.0663E-01 -3.6994E-03 -4.5764E-02
  7.9590E-02  1.0813E-01 -3.7511E-03 -4.6403E-02
  8.0147E-02  1.0959E-01 -3.8034E-03 -4.7052E-02
  8.0709E-02  1.1102E-01 -3.8565E-03 -4.7709E-02
  8.1274E-02  1.1240E-01 -3.9103E-03 -4.8376E-02
  8.1843E-02  1.1376E-01 -3.9649E-03 -4.9051E-02
  8.2417E-02  1.1507E-01 -4.0202E-03 -4.9737E-02
  8.2994E-02  1.1634E-01 -4.0763E-03 -5.0431E-02
  8.3575E-02  1.1757E-01 -4.1331E-03 -5.1136E-02
  8.4161E-02  1.1876E-01 -4.1908E-03 -5.1850E-02
  8.4750E-02  1.1991E-01 -4.2492E-03 -5.2574E-02
  8.5344E-02  1.2101E-01 -4.3084E-03 -5.3308E-02
  8.5942E-02  1.2206E-01 -4.3685E-03 -5.4052E-02
  8.6544E-02  1.2307E-01 -4.4294E-03 -5.4806E-02
  8.7150E-02  1.2404E-01 -4.4911E-03 -5.5571E-02
  8.7761E-02  1.2495E-01 -4.5537E-03 -5.6347E-02
  8.8375E-02  1.2582E-01 -4.6171E-03 -5.7133E-02
  8.8994E-02  1.2663E-01 -4.6815E-03 -5.7930E-02
  8.9618E-02  1.2739E-01 -4.7467E-03 -5.8738E-02
  9.0246E-02  1.2810E-01 -4.8128E-03 -5.9558E-02
  9.0878E-02  1.2876E-01 -4.8798E-03 -6.0388E-02
  9.1514E-02  1.2936E-01 -4.9477E-03 -6.1230E-02
  9.2155E-02  1.2991E-01 -5.0166E-03 -6.2084E-02
  9.2801E-02  1.3040E-01 -5.0865E-03 -6.2950E-02
  9.3451E-02  1.3083E-01 -5.1572E-03 -6.3827E-02
  9.4105E-02  1.3120E-01 -5.2290E-03 -6.4717E-02
  9.4764E-02  1.3152E-01 -5.3018E-03 -6.5619E-02
  9.5428E-02  1.3177E-01 -5.3755E-03 -6.6533E-02
  9.6097E-02  1.3197E-01 -5.4503E-03 -6.7460E-02
  9.6770E-02  1.3210E-01 -5.5261E-03 -6.8400E-02
  9.7448E-02  1.3217E-01 -5.6029E-03 -6.9353E-02
  9.8130E-02  1.3218E-01 -5.6808E-03 -7.0319E-02
  9.8817E-02  1.3213E-01 -5.7598E-03 -7.1298E-02
  9.9510E-02  1.3200E-01 -5.8398E-03 -7.2291E-02
  1.0021E-01  1.3182E-01 -5.9210E-03 -7.3298E-02
  1.0091E-01  1.3157E-01 -6.0032E-03 -7.4318E-02
  1.0162E-01  1.3125E-01 -6.0866E-03 -7.5352E-02
  1.0233E-01  1.3086E-01 -6.1712E-03 -7.6401E-02
  1.0304E-01  1.3041E-01 -6.2568E-03 -7.7464E-02
  1.0377E-01  1.2989E-01 -6.3437E-03 -7.8542E-02
  1.0449E-01  1.2930E-01 -6.4318E-03 -7.9634E-02
  1.0522E-01  1.2864E-01 -6.5210E-03 -8.0742E-02
  1.0596E-01  1.2791E-01 -6.6115E-03 -8.1864E-02
  1.0670E-01  1.2710E-01 -6.7032E-03 -8.3002E-02
  1.0745E-01  1.2623E-01 -6.7962E-03 -8.4156E-02
  1.0820E-01  1.2529E-01 -6.8905E-03 -8.5326E-02
  1.0896E-01  1.2428E-01 -6.9860E-03 -8.6512E-02
  1.0972E-01  1.2319E-01 -7.0828E-03 -8.7714E-02
  1.1049E-01  1.2204E-01 -7.1810E-03 -8.8932E-02
  1.1127E-01  1.2081E-01 -7.2805E-03 -9.0167E-02
  1.1205E-01  1.1951E-01 -7.3814E-03 -9.1419E-02
  1.1283E-01  1.1814E-01 -7.4836E-03 -9.2689E-02
  1.1362E-01  1.1669E-01 -7.5872E-03 -9.3975E-02
  1.1442E-01  1.1517E-01 -7.6923E-03 -9.5280E-02
  1.1522E-01  1.1359E-01 -7.7987E-03 -9.6602E-02
  1.1602E-01  1.1192E-01 -7.9067E-03 -9.7942E-02
  1.1684E-01  1.1019E-01 -8.0161E-03 -9.9301E-02
  1.1766E-01  1.0839E-01 -8.1269E-03 -1.0068E-01
  1.1848E-01  1.0651E-01 -8.2393E-03 -1.0207E-01
  1.1931E-01  1.0456E-01 -8.3532E-03 -1.0349E-01
  1.2014E-01  1.0254E-01 -8.4687E-03 -1.0492E-01
  1.2099E-01  1.0045E-01 -8.5857E-03 -1.0638E-01
  1.2183E-01  9.8292E-02 -8.7044E-03 -1.0785E-01
  1.2269E-01  9.6063E-02 -8.8246E-03 -1.0934E-01
  1.2355E-01  9.3764E-02 -8.9464E-03 -1.1086E-01
  1.2441E-01  9.1397E-02 -9.0699E-03 -1.1239E-01
  1.2528E-01  8.8962E-02 -9.1951E-03 -1.1395E-01
  1.2616E-01  8.6459E-02 -9.3220E-03 -1.1553E-01
  1.2704E-01  8.3890E-02 -9.4506E-03 -1.1713E-01
  1.2793E-01  8.1256E-02 -9.5809E-03 -1.1875E-01
  1.2883E-01  7.8556E-02 -9.7130E-03 -1.2039E-01
  1.2973E-01  7.5793E-02 -9.8469E-03 -1.2205E-01
  1.3064E-01  7.2966E-02 -9.9825E-03 -1.2374E-01
  1.3155E-01  7.0078E-02 -1.0120E-02 -1.2545E-01
  1.3248E-01  6.7129E-02 -1.0259E-02 -1.2718E-01
  1.3340E-01  6.4120E-02 -1.0401E-02 -1.2894E-01
  1.3434E-01  6.1052E-02 -1.0544E-02 -1.3072E-01
  1.3528E-01  5.7928E-02 -1.0689E-02 -1.3252E-01
  1.3623E-01  5.4747E-02 -1.0836E-02 -1.3435E-01
  1.3718E-01  5.1512E-02 -1.0985E-02 -1.3621E-01
  1.3814E-01  4.8223E-02 -1.1136E-02 -1.3809E-01
  1.3911E-01  4.4883E-02 -1.1289E-02 -1.3999E-01
  1.4008E-01  4.1493E-02 -1.1444E-02 -1.4192E-01
  1.4106E-01  3.8055E-02 -1.1601E-02 -1.4388E-01
  1.4205E-01  3.4569E-02 -1.1760E-02 -1.4586E-01
  1.4304E-01  3.1038E-02 -1.1922E-02 -1.4787E-01
  1.4405E-01  2.7464E-02 -1.2085E-02 -1.4991E-01
  1.4506E-01  2.3848E-02 -1.2251E-02 -1.5197E-01
  1.4607E-01  2.0193E-02 -1.2419E-02 -1.5406E-01
  1.4709E-01  1.6500E-02 -1.2589E-02 -1.5618E-01
  1.4812E-01  1.2771E-02 -1.2762E-02 -1.5833E-01
  1.4916E-01  9.0078E-03 -1.2936E-02 -1.6051E-01
  1.5021E-01  5.2133E-03 -1.3113E-02 -1.6271E-01
  1.5126E-01  1.3894E-03 -1.3293E-02 -1.6495E-01
  1.5232E-01 -2.4619E-03 -1.3475E-02 -1.6721E-01
  1.5338E-01 -6.3382E-03 -1.3659E-02 -1.6951E-01
  1.5446E-01 -1.0237E-02 -1.3845E-02 -1.7184E-01
  1.5554E-01 -1.4157E-02 -1.4035E-02 -1.7419E-01
  1.5663E-01 -1.8095E-02 -1.4226E-02 -1.7658E-01
  1.5772E-01 -2.2048E-02 -1.4420E-02 -1.7900E-01
  1.5883E-01 -2.6014E-02 -1.4617E-02 -1.8146E-01
  1.5994E-01 -2.9991E-02 -1.4816E-02 -1.8394E-01
  1.6106E-01 -3.3977E-02 -1.5018E-02 -1.8646E-01
  1.6219E-01 -3.7967E-02 -1.5223E-02 -1.8902E-01
  1.6332E-01 -4.1961E-02 -1.5430E-02 -1.9160E-01
  1.6447E-01 -4.5954E-02 -1.5640E-02 -1.9423E-01
  1.6562E-01 -4.9945E-02 -1.5853E-02 -1.9688E-01
  1.6678E-01 -5.3931E-02 -1.6069E-02 -1.9957E-01
  1.6795E-01 -5.7908E-02 -1.6287E-02 -2.0230E-01
  1.6912E-01 -6.1874E-02 -1.6509E-02 -2.0506E-01
  1.7031E-01 -6.5827E-02 -1.6733E-02 -2.0786E-01
  1.7150E-01 -6.9763E-02 -1.6960E-02 -2.1070E-01
  1.7270E-01 -7.3680E-02 -1.7190E-02 -2.1357E-01
  1.7391E-01 -7.7574E-02 -1.7423E-02 -2.1649E-01
  1.7513E-01 -8.1442E-02 -1.7659E-02 -2.1944E-01
  1.7635E-01 -8.5282E-02 -1.7898E-02 -2.2243E-01
  1.7759E-01 -8.9091E-02 -1.8141E-02 -2.2546E-01
  1.7883E-01 -9.2865E-02 -1.8386E-02 -2.2852E-01
  1.8008E-01 -9.6602E-02 -1.8635E-02 -2.3163E-01
  1.8135E-01 -1.0030E-01 -1.8887E-02 -2.3478E-01
  1.8262E-01 -1.0395E-01 -1.9142E-02 -2.3797E-01
  1.8389E-01 -1.0756E-01 -1.9400E-02 -2.4121E-01
  1.8518E-01 -1.1111E-01 -1.9662E-02 -2.4448E-01
  1.8648E-01 -1.1462E-01 -1.9927E-02 -2.4780E-01
  1.8778E-01 -1.1807E-01 -2.0195E-02 -2.5116E-01
  1.8910E-01 -1.2146E-01 -2.0467E-02 -2.5456E-01
  1.9042E-01 -1.2478E-01 -2.0743E-02 -2.5801E-01
  1.9176E-01 -1.2805E-01 -2.1022E-02 -2.6150E-01
  1.9310E-01 -1.3124E-01 -2.1304E-02 -2.6504E-01
  1.9445E-01 -1.3437E-01 -2.1591E-02 -2.6863E-01
  1.9581E-01 -1.3742E-01 -2.1880E-02 -2.7226E-01
  1.9718E-01 -1.4039E-01 -2.2174E-02 -2.7594E-01
  1.9856E-01 -1.4329E-01 -2.2471E-02 -2.7966E-01
  1.9995E-01 -1.4610E-01 -2.2772E-02 -2.8344E-01
  2.0135E-01 -1.4882E-01 -2.3077E-02 -2.8726E-01
  2.0276E-01 -1.5146E-01 -2.3386E-02 -2.9113E-01
  2.0418E-01 -1.5401E-01 -2.3698E-02 -2.9505E-01
  2.0561E-01 -1.5646E-01 -2.4015E-02 -2.9902E-01
  2.0705E-01 -1.5881E-01 -2.4335E-02 -3.0304E-01
  2.0850E-01 -1.6107E-01 -2.4660E-02 -3.0712E-01
  2.0996E-01 -1.6322E-01 -2.4988E-02 -3.1124E-01
  2.1143E-01 -1.6527E-01 -2.5321E-02 -3.1542E-01
  2.1291E-01 -1.6721E-01 -2.5658E-02 -3.1965E-01
  2.1440E-01 -1.6904E-01 -2.5999E-02 -3.2394E-01
  2.1590E-01 -1.7076E-01 -2.6344E-02 -3.2828E-01
  2.1742E-01 -1.7236E-01 -2.6694E-02 -3.3267E-01
  2.1894E-01 -1.7385E-01 -2.7048E-02 -3.3712E-01
  2.2047E-01 -1.7521E-01 -2.7406E-02 -3.4162E-01
  2.2201E-01 -1.7646E-01 -2.7769E-02 -3.4619E-01
  2.2357E-01 -1.7758E-01 -2.8136E-02 -3.5081E-01
  2.2513E-01 -1.7857E-01 -2.8508E-02 -3.5548E-01
  2.2671E-01 -1.7944E-01 -2.8885E-02 -3.6022E-01
  2.2830E-01 -1.8018E-01 -2.9265E-02 -3.6501E-01
  2.2990E-01 -1.8078E-01 -2.9651E-02 -3.6987E-01
  2.3151E-01 -1.8126E-01 -3.0041E-02 -3.7478E-01
  2.3313E-01 -1.8159E-01 -3.0436E-02 -3.7976E-01
  2.3476E-01 -1.8179E-01 -3.0836E-02 -3.8480E-01
  2.3640E-01 -1.8186E-01 -3.1241E-02 -3.8990E-01
  2.3806E-01 -1.8178E-01 -3.1650E-02 -3.9506E-01
  2.3972E-01 -1.8156E-01 -3.2065E-02 -4.0029E-01
  2.4140E-01 -1.8120E-01 -3.2484E-02 -4.0558E-01
  2.4309E-01 -1.8070E-01 -3.2909E-02 -4.1094E-01
  2.4480E-01 -1.8006E-01 -3.3339E-02 -4.1636E-01
  2.4651E-01 -1.7927E-01 -3.3773E-02 -4.2184E-01
  2.4823E-01 -1.7833E-01 -3.4213E-02 -4.2740E-01
  2.4997E-01 -1.7725E-01 -3.4658E-02 -4.3302E-01
  2.5172E-01 -1.7602E-01 -3.5109E-02 -4.3871E-01
  2.5349E-01 -1.7465E-01 -3.5564E-02 -4.4447E-01
  2.5526E-01 -1.7312E-01 -3.6025E-02 -4.5030E-01
  2.5705E-01 -1.7145E-01 -3.6492E-02 -4.5619E-01
  2.5885E-01 -1.6964E-01 -3.6963E-02 -4.6216E-01
  2.6066E-01 -1.6767E-01 -3.7441E-02 -4.6820E-01
  2.6248E-01 -1.6556E-01 -3.7924E-02 -4.7431E-01
  2.6432E-01 -1.6331E-01 -3.8412E-02 -4.8050E-01
  2.6617E-01 -1.6090E-01 -3.8906E-02 -4.8675E-01
  2.6804E-01 -1.5835E-01 -3.9406E-02 -4.9308E-01
  2.6991E-01 -1.5566E-01 -3.9911E-02 -4.9949E-01
  2.7180E-01 -1.5282E-01 -4.0423E-02 -5.0597E-01
  2.7370E-01 -1.4984E-01 -4.0940E-02 -5.1253E-01
  2.7562E-01 -1.4672E-01 -4.1462E-02 -5.1916E-01
  2.7755E-01 -1.4345E-01 -4.1991E-02 -5.2587E-01
  2.7949E-01 -1.4005E-01 -4.2526E-02 -5.3266E-01
  2.8145E-01 -1.3651E-01 -4.3067E-02 -5.3952E-01
  2.8342E-01 -1.3283E-01 -4.3613E-02 -5.4646E-01
  2.8540E-01 -1.2902E-01 -4.4166E-02 -5.5349E-01
  2.8740E-01 -1.2508E-01 -4.4725E-02 -5.6059E-01
  2.8941E-01 -1.2101E-01 -4.5290E-02 -5.6778E-01
  2.9144E-01 -1.1680E-01 -4.5861E-02 -5.7504E-01
  2.9348E-01 -1.1248E-01 -4.6438E-02 -5.8239E-01
  2.9554E-01 -1.0803E-01 -4.7022E-02 -5.8982E-01
  2.9760E-01 -1.0346E-01 -4.7612E-02 -5.9733E-01
  2.9969E-01 -9.8769E-02 -4.8208E-02 -6.0493E-01
  3.0179E-01 -9.3966E-02 -4.8811E-02 -6.1261E-01
  3.0390E-01 -8.9050E-02 -4.9420E-02 -6.2037E-01
  3.0603E-01 -8.4026E-02 -5.0036E-02 -6.2822E-01
  3.0817E-01 -7.8896E-02 -5.0657E-02 -6.3616E-01
  3.1033E-01 -7.3664E-02 -5.1286E-02 -6.4418E-01
  3.1250E-01 -6.8334E-02 -5.1921E-02 -6.5229E-01
  3.1469E-01 -6.2908E-02 -5.2562E-02 -6.6048E-01
  3.1689E-01 -5.7391E-02 -5.3211E-02 -6.6877E-01
  3.1911E-01 -5.1787E-02 -5.3865E-02 -6.7714E-01
  3.2134E-01 -4.6099E-02 -5.4527E-02 -6.8560E-01
  3.2359E-01 -4.0331E-02 -5.5195E-02 -6.9415E-01
  3.2586E-01 -3.4489E-02 -5.5869E-02 -7.0278E-01
  3.2814E-01 -2.8576E-02 -5.6551E-02 -7.1151E-01
  3.3044E-01 -2.2596E-02 -5.7239E-02 -7.2033E-01
  3.3275E-01 -1.6555E-02 -5.7934E-02 -7.2924E-01
  3.3508E-01 -1.0457E-02 -5.8635E-02 -7.3824E-01
  3.3742E-01 -4.3060E-03 -5.9344E-02 -7.4733E-01
  3.3979E-01  1.8923E-03 -6.0059E-02 -7.5651E-01
  3.4216E-01  8.1332E-03 -6.0781E-02 -7.6578E-01
  3.4456E-01  1.4412E-02 -6.1509E-02 -7.7514E-01
  3.4697E-01  2.0723E-02 -6.2245E-02 -7.8460E-01
  3.4940E-01  2.7061E-02 -6.2987E-02 -7.9415E-01
  3.5185E-01  3.3421E-02 -6.3736E-02 -8.0379E-01
  3.5431E-01  3.9798E-02 -6.4492E-02 -8.1352E-01
  3.5679E-01  4.6186E-02 -6.5255E-02 -8.2335E-01
  3.5929E-01  5.2580E-02 -6.6025E-02 -8.3327E-01
  3.6180E-01  5.8973E-02 -6.6801E-02 -8.4328E-01
  3.6434E-01  6.5362E-02 -6.7584E-02 -8.5338E-01
  3.6689E-01  7.1739E-02 -6.8374E-02 -8.6358E-01
  3.6946E-01  7.8100E-02 -6.9170E-02 -8.7387E-01
  3.7204E-01  8.4438E-02 -6.9974E-02 -8.8425E-01
  3.7465E-01  9.0747E-02 -7.0783E-02 -8.9472E-01
  3.7727E-01  9.7022E-02 -7.1600E-02 -9.0529E-01
  3.7991E-01  1.0326E-01 -7.2423E-02 -9.1594E-01
  3.8257E-01  1.0945E-01 -7.3253E-02 -9.2669E-01
  3.8525E-01  1.1558E-01 -7.4089E-02 -9.3753E-01
  3.8794E-01  1.2166E-01 -7.4932E-02 -9.4846E-01
  3.9066E-01  1.2768E-01 -7.5781E-02 -9.5948E-01
  3.9340E-01  1.3363E-01 -7.6637E-02 -9.7060E-01
  3.9615E-01  1.3950E-01 -7.7499E-02 -9.8180E-01
  3.9892E-01  1.4529E-01 -7.8367E-02 -9.9308E-01
  4.0172E-01  1.5099E-01 -7.9241E-02 -1.0045E+00
  4.0453E-01  1.5660E-01 -8.0122E-02 -1.0159E+00
  4.0736E-01  1.6211E-01 -8.1009E-02 -1.0275E+00
  4.1021E-01  1.6751E-01 -8.1901E-02 -1.0391E+00
  4.1308E-01  1.7280E-01 -8.2800E-02 -1.0508E+00
  4.1597E-01  1.7798E-01 -8.3704E-02 -1.0626E+00
  4.1889E-01  1.8304E-01 -8.4614E-02 -1.0745E+00
  4.2182E-01  1.8796E-01 -8.5529E-02 -1.0865E+00
  4.2477E-01  1.9276E-01 -8.6450E-02 -1.0986E+00
  4.2775E-01  1.9741E-01 -8.7377E-02 -1.1107E+00
  4.3074E-01  2.0192E-01 -8.8308E-02 -1.1229E+00
  4.3375E-01  2.0628E-01 -8.9245E-02 -1.1352E+00
  4.3679E-01  2.1049E-01 -9.0187E-02 -1.1475E+00
  4.3985E-01  2.1453E-01 -9.1133E-02 -1.1600E+00
  4.4293E-01  2.1841E-01 -9.2084E-02 -1.1725E+00
  4.4603E-01  2.2212E-01 -9.3040E-02 -1.1851E+00
  4.4915E-01  2.2565E-01 -9.4000E-02 -1.1977E+00
  4.5229E-01  2.2901E-01 -9.4964E-02 -1.2104E+00
  4.5546E-01  2.3217E-01 -9.5932E-02 -1.2232E+00
  4.5865E-01  2.3515E-01 -9.6904E-02 -1.2360E+00
  4.6186E-01  2.3794E-01 -9.7880E-02 -1.2489E+00
  4.6509E-01  2.4053E-01 -9.8859E-02 -1.2619E+00
  4.6835E-01  2.4291E-01 -9.9841E-02 -1.2749E+00
  4.7163E-01  2.4509E-01 -1.0083E-01 -1.2880E+00
  4.7493E-01  2.4706E-01 -1.0181E-01 -1.3011E+00
  4.7825E-01  2.4881E-01 -1.0280E-01 -1.3142E+00
  4.8160E-01  2.5035E-01 -1.0380E-01 -1.3274E+00
  4.8497E-01  2.5166E-01 -1.0479E-01 -1.3407E+00
  4.8837E-01  2.5275E-01 -1.0579E-01 -1.3540E+00
  4.9179E-01  2.5362E-01 -1.0678E-01 -1.3673E+00
  4.9523E-01  2.5425E-01 -1.0778E-01 -1.3806E+00
  4.9870E-01  2.5465E-01 -1.0878E-01 -1.3940E+00
  5.0219E-01  2.5481E-01 -1.0978E-01 -1.4074E+00
  5.0570E-01  2.5474E-01 -1.1078E-01 -1.4208E+00
  5.0924E-01  2.5443E-01 -1.1178E-01 -1.4342E+00
  5.1281E-01  2.5387E-01 -1.1278E-01 -1.4477E+00
  5.1640E-01  2.5307E-01 -1.1377E-01 -1.4611E+00
  5.2001E-01  2.5203E-01 -1.1477E-01 -1.4746E+00
  5.2365E-01  2.5074E-01 -1.1576E-01 -1.4880E+00
  5.2732E-01  2.4920E-01 -1.1675E-01 -1.5015E+00
  5.3101E-01  2.4741E-01 -1.1774E-01 -1.5149E+00
  5.3473E-01  2.4537E-01 -1.1873E-01 -1.5283E+00
  5.3847E-01  2.4308E-01 -1.1971E-01 -1.5417E+00
  5.4224E-01  2.4054E-01 -1.2069E-01 -1.5551E+00
  5.4603E-01  2.3776E-01 -1.2166E-01 -1.5684E+00
  5.4986E-01  2.3472E-01 -1.2263E-01 -1.5817E+00
  5.5370E-01  2.3143E-01 -1.2359E-01 -1.5949E+00
  5.5758E-01  2.2789E-01 -1.2455E-01 -1.6081E+00
  5.6148E-01  2.2411E-01 -1.2549E-01 -1.6212E+00
  5.6541E-01  2.2008E-01 -1.2644E-01 -1.6343E+00
  5.6937E-01  2.1581E-01 -1.2737E-01 -1.6473E+00
  5.7336E-01  2.1129E-01 -1.2829E-01 -1.6602E+00
  5.7737E-01  2.0653E-01 -1.2921E-01 -1.6730E+00
  5.8141E-01  2.0153E-01 -1.3011E-01 -1.6857E+00
  5.8548E-01  1.9629E-01 -1.3101E-01 -1.6983E+00
  5.8958E-01  1.9082E-01 -1.3189E-01 -1.7108E+00
  5.9371E-01  1.8512E-01 -1.3276E-01 -1.7232E+00
  5.9786E-01  1.7919E-01 -1.3362E-01 -1.7355E+00
  6.0205E-01  1.7304E-01 -1.3446E-01 -1.7476E+00
  6.0626E-01  1.6666E-01 -1.3529E-01 -1.7596E+00
  6.1051E-01  1.6007E-01 -1.3610E-01 -1.7714E+00
  6.1478E-01  1.5327E-01 -1.3690E-01 -1.7831E+00
  6.1908E-01  1.4625E-01 -1.3768E-01 -1.7946E+00
  6.2342E-01  1.3904E-01 -1.3844E-01 -1.8059E+00
  6.2778E-01  1.3162E-01 -1.3918E-01 -1.8170E+00
  6.3218E-01  1.2401E-01 -1.3990E-01 -1.8279E+00
  6.3660E-01  1.1621E-01 -1.4061E-01 -1.8386E+00
  6.4106E-01  1.0823E-01 -1.4129E-01 -1.8490E+00
  6.4555E-01  1.0007E-01 -1.4194E-01 -1.8593E+00
  6.5006E-01  9.1744E-02 -1.4257E-01 -1.8692E+00
  6.5461E-01  8.3249E-02 -1.4318E-01 -1.8789E+00
  6.5920E-01  7.4596E-02 -1.4376E-01 -1.8884E+00
  6.6381E-01  6.5790E-02 -1.4431E-01 -1.8976E+00
  6.6846E-01  5.6840E-02 -1.4483E-01 -1.9064E+00
  6.7314E-01  4.7751E-02 -1.4533E-01 -1.9150E+00
  6.7785E-01  3.8532E-02 -1.4579E-01 -1.9232E+00
  6.8259E-01  2.9190E-02 -1.4621E-01 -1.9311E+00
  6.8737E-01  1.9732E-02 -1.4661E-01 -1.9387E+00
  6.9218E-01  1.0166E-02 -1.4697E-01 -1.9458E+00
  6.9703E-01  5.0025E-04 -1.4729E-01 -1.9527E+00
  7.0191E-01 -9.2569E-03 -1.4757E-01 -1.9591E+00
  7.0682E-01 -1.9097E-02 -1.4782E-01 -1.9651E+00
  7.1177E-01 -2.9012E-02 -1.4802E-01 -1.9707E+00
  7.1675E-01 -3.8993E-02 -1.4818E-01 -1.9759E+00
  7.2177E-01 -4.9031E-02 -1.4829E-01 -1.9806E+00
  7.2682E-01 -5.9117E-02 -1.4836E-01 -1.9849E+00
  7.3191E-01 -6.9242E-02 -1.4838E-01 -1.9887E+00
  7.3703E-01 -7.9397E-02 -1.4835E-01 -1.9920E+00
  7.4219E-01 -8.9572E-02 -1.4826E-01 -1.9947E+00
  7.4739E-01 -9.9758E-02 -1.4813E-01 -1.9970E+00
  7.5262E-01 -1.0994E-01 -1.4794E-01 -1.9987E+00
  7.5788E-01 -1.2012E-01 -1.4769E-01 -1.9999E+00
  7.6319E-01 -1.3028E-01 -1.4739E-01 -2.0005E+00
  7.6853E-01 -1.4041E-01 -1.4702E-01 -2.0005E+00
  7.7391E-01 -1.5051E-01 -1.4659E-01 -1.9999E+00
  7.7933E-01 -1.6055E-01 -1.4609E-01 -1.9987E+00
  7.8478E-01 -1.7054E-01 -1.4553E-01 -1.9969E+00
  7.9028E-01 -1.8045E-01 -1.4489E-01 -1.9944E+00
  7.9581E-01 -1.9029E-01 -1.4419E-01 -1.9912E+00
  8.0138E-01 -2.0003E-01 -1.4341E-01 -1.9874E+00
  8.0699E-01 -2.0968E-01 -1.4255E-01 -1.9828E+00
  8.1264E-01 -2.1921E-01 -1.4162E-01 -1.9776E+00
  8.1833E-01 -2.2863E-01 -1.4061E-01 -1.9716E+00
  8.2405E-01 -2.3791E-01 -1.3951E-01 -1.9648E+00
  8.2982E-01 -2.4705E-01 -1.3832E-01 -1.9573E+00
  8.3563E-01 -2.5603E-01 -1.3705E-01 -1.9491E+00
  8.4148E-01 -2.6485E-01 -1.3568E-01 -1.9400E+00
  8.4737E-01 -2.7350E-01 -1.3422E-01 -1.9301E+00
  8.5330E-01 -2.8196E-01 -1.3267E-01 -1.9194E+00
  8.5927E-01 -2.9023E-01 -1.3101E-01 -1.9079E+00
  8.6529E-01 -2.9828E-01 -1.2925E-01 -1.8955E+00
  8.7135E-01 -3.0613E-01 -1.2739E-01 -1.8822E+00
  8.7745E-01 -3.1374E-01 -1.2542E-01 -1.8681E+00
  8.8359E-01 -3.2112E-01 -1.2333E-01 -1.8530E+00
  8.8977E-01 -3.2824E-01 -1.2114E-01 -1.8371E+00
  8.9600E-01 -3.3511E-01 -1.1882E-01 -1.8202E+00
  9.0227E-01 -3.4171E-01 -1.1639E-01 -1.8024E+00
  9.0859E-01 -3.4803E-01 -1.1383E-01 -1.7837E+00
  9.1495E-01 -3.5406E-01 -1.1114E-01 -1.7641E+00
  9.2135E-01 -3.5979E-01 -1.0833E-01 -1.7434E+00
  9.2780E-01 -3.6522E-01 -1.0538E-01 -1.7218E+00
  9.3430E-01 -3.7032E-01 -1.0229E-01 -1.6992E+00
  9.4084E-01 -3.7509E-01 -9.9065E-02 -1.6757E+00
  9.4742E-01 -3.7952E-01 -9.5695E-02 -1.6511E+00
  9.5405E-01 -3.8360E-01 -9.2177E-02 -1.6256E+00
  9.6073E-01 -3.8733E-01 -8.8508E-02 -1.5991E+00
  9.6746E-01 -3.9069E-01 -8.4684E-02 -1.5715E+00
  9.7423E-01 -3.9367E-01 -8.0702E-02 -1.5430E+00
  9.8105E-01 -3.9626E-01 -7.6558E-02 -1.5134E+00
  9.8791E-01 -3.9846E-01 -7.2249E-02 -1.4829E+00
  9.9483E-01 -4.0026E-01 -6.7769E-02 -1.4513E+00
  1.0018E+00 -4.0165E-01 -6.3117E-02 -1.4188E+00
  1.0088E+00 -4.0261E-01 -5.8287E-02 -1.3852E+00
  1.0159E+00 -4.0315E-01 -5.3276E-02 -1.3507E+00
  1.0230E+00 -4.0325E-01 -4.8079E-02 -1.3152E+00
  1.0301E+00 -4.0290E-01 -4.2694E-02 -1.2787E+00
  1.0373E+00 -4.0211E-01 -3.7116E-02 -1.2412E+00
  1.0446E+00 -4.0085E-01 -3.1340E-02 -1.2028E+00
  1.0519E+00 -3.9913E-01 -2.5363E-02 -1.1635E+00
  1.0593E+00 -3.9694E-01 -1.9181E-02 -1.1232E+00
  1.0667E+00 -3.9426E-01 -1.2790E-02 -1.0821E+00
  1.0742E+00 -3.9110E-01 -6.1849E-03 -1.0400E+00
  1.0817E+00 -3.8744E-01  6.3762E-04 -9.9707E-01
  1.0893E+00 -3.8329E-01  7.6818E-03 -9.5330E-01
  1.0969E+00 -3.7863E-01  1.4952E-02 -9.0871E-01
  1.1046E+00 -3.7346E-01  2.2452E-02 -8.6333E-01
  1.1123E+00 -3.6778E-01  3.0186E-02 -8.1719E-01
  1.1201E+00 -3.6157E-01  3.8159E-02 -7.7031E-01
  1.1279E+00 -3.5485E-01  4.6374E-02 -7.2274E-01
  1.1358E+00 -3.4759E-01  5.4835E-02 -6.7450E-01
  1.1438E+00 -3.3980E-01  6.3547E-02 -6.2563E-01
  1.1518E+00 -3.3147E-01  7.2514E-02 -5.7617E-01
  1.1598E+00 -3.2260E-01  8.1739E-02 -5.2617E-01
  1.1679E+00 -3.1319E-01  9.1227E-02 -4.7566E-01
  1.1761E+00 -3.0324E-01  1.0098E-01 -4.2469E-01
  1.1844E+00 -2.9273E-01  1.1101E-01 -3.7332E-01
  1.1926E+00 -2.8168E-01  1.2131E-01 -3.2158E-01
  1.2010E+00 -2.7007E-01  1.3188E-01 -2.6953E-01
  1.2094E+00 -2.5791E-01  1.4274E-01 -2.1723E-01
  1.2179E+00 -2.4520E-01  1.5389E-01 -1.6473E-01
  1.2264E+00 -2.3193E-01  1.6532E-01 -1.1209E-01
  1.2350E+00 -2.1811E-01  1.7705E-01 -5.9375E-02
  1.2436E+00 -2.0373E-01  1.8907E-01 -6.6375E-03
  1.2523E+00 -1.8880E-01  2.0139E-01  4.6055E-02
  1.2611E+00 -1.7331E-01  2.1402E-01  9.8636E-02
  1.2699E+00 -1.5727E-01  2.2694E-01  1.5104E-01
  1.2788E+00 -1.4069E-01  2.4018E-01  2.0319E-01
  1.2878E+00 -1.2355E-01  2.5373E-01  2.5503E-01
  1.2968E+00 -1.0588E-01  2.6759E-01  3.0648E-01
  1.3058E+00 -8.7657E-02  2.8176E-01  3.5747E-01
  1.3150E+00 -6.8900E-02  2.9626E-01  4.0792E-01
  1.3242E+00 -4.9609E-02  3.1107E-01  4.5776E-01
  1.3335E+00 -2.9789E-02  3.2621E-01  5.0692E-01
  1.3428E+00 -9.4443E-03  3.4167E-01  5.5531E-01
  1.3522E+00  1.1419E-02  3.5745E-01  6.0286E-01
  1.3617E+00  3.2794E-02  3.7356E-01  6.4950E-01
  1.3712E+00  5.4676E-02  3.8999E-01  6.9515E-01
  1.3808E+00  7.7056E-02  4.0676E-01  7.3973E-01
  1.3904E+00  9.9929E-02  4.2385E-01  7.8316E-01
  1.4002E+00  1.2328E-01  4.4126E-01  8.2537E-01
  1.4100E+00  1.4712E-01  4.5901E-01  8.6628E-01
  1.4198E+00  1.7141E-01  4.7708E-01  9.0583E-01
  1.4298E+00  1.9617E-01  4.9548E-01  9.4393E-01
  1.4398E+00  2.2137E-01  5.1420E-01  9.8052E-01
  1.4499E+00  2.4700E-01  5.3324E-01  1.0155E+00
  1.4600E+00  2.7306E-01  5.5260E-01  1.0489E+00
  1.4702E+00  2.9954E-01  5.7228E-01  1.0805E+00
  1.4805E+00  3.2641E-01  5.9228E-01  1.1104E+00
  1.4909E+00  3.5367E-01  6.1259E-01  1.1385E+00
  1.5013E+00  3.8131E-01  6.3320E-01  1.1646E+00
  1.5118E+00  4.0930E-01  6.5412E-01  1.1889E+00
  1.5224E+00  4.3764E-01  6.7533E-01  1.2111E+00
  1.5331E+00  4.6631E-01  6.9684E-01  1.2313E+00
  1.5438E+00  4.9530E-01  7.1864E-01  1.2495E+00
  1.5546E+00  5.2458E-01  7.4072E-01  1.2656E+00
  1.5655E+00  5.5415E-01  7.6307E-01  1.2795E+00
  1.5765E+00  5.8398E-01  7.8568E-01  1.2913E+00
  1.5875E+00  6.1405E-01  8.0856E-01  1.3010E+00
  1.5986E+00  6.4435E-01  8.3168E-01  1.3085E+00
  1.6098E+00  6.7486E-01  8.5504E-01  1.3138E+00
  1.6211E+00  7.0556E-01  8.7863E-01  1.3169E+00
  1.6324E+00  7.3642E-01  9.0244E-01  1.3179E+00
  1.6438E+00  7.6743E-01  9.2645E-01  1.3167E+00
  1.6553E+00  7.9857E-01  9.5066E-01  1.3135E+00
  1.6669E+00  8.2980E-01  9.7505E-01  1.3081E+00
  1.6786E+00  8.6112E-01  9.9961E-01  1.3007E+00
  1.6903E+00  8.9249E-01  1.0243E+00  1.2912E+00
  1.7022E+00  9.2389E-01  1.0492E+00  1.2798E+00
  1.7141E+00  9.5530E-01  1.0741E+00  1.2665E+00
  1.7261E+00  9.8669E-01  1.0992E+00  1.2514E+00
  1.7382E+00  1.0180E+00  1.1244E+00  1.2345E+00
  1.7503E+00  1.0493E+00  1.1496E+00  1.2159E+00
  1.7626E+00  1.0805E+00  1.1749E+00  1.1958E+00
  1.7749E+00  1.1115E+00  1.2002E+00  1.1741E+00
  1.7873E+00  1.1424E+00  1.2255E+00  1.1510E+00
  1.7999E+00  1.1731E+00  1.2507E+00  1.1265E+00
  1.8124E+00  1.2036E+00  1.2760E+00  1.1009E+00
  1.8251E+00  1.2339E+00  1.3012E+00  1.0741E+00
  1.8379E+00  1.2639E+00  1.3262E+00  1.0463E+00
  1.8508E+00  1.2936E+00  1.3512E+00  1.0176E+00
  1.8637E+00  1.3230E+00  1.3760E+00  9.8809E-01
  1.8768E+00  1.3519E+00  1.4007E+00  9.5791E-01
  1.8899E+00  1.3805E+00  1.4251E+00  9.2714E-01
  1.9031E+00  1.4087E+00  1.4493E+00  8.9590E-01
  1.9165E+00  1.4364E+00  1.4733E+00  8.6426E-01
  1.9299E+00  1.4636E+00  1.4970E+00  8.3234E-01
  1.9434E+00  1.4903E+00  1.5203E+00  8.0021E-01
  1.9570E+00  1.5164E+00  1.5433E+00  7.6796E-01
  1.9707E+00  1.5419E+00  1.5658E+00  7.3565E-01
  1.9845E+00  1.5668E+00  1.5880E+00  7.0334E-01
  1.9984E+00  1.5910E+00  1.6096E+00  6.7109E-01
  2.0124E+00  1.6146E+00  1.6308E+00  6.3894E-01
  2.0264E+00  1.6373E+00  1.6514E+00  6.0691E-01
  2.0406E+00  1.6594E+00  1.6714E+00  5.7502E-01
  2.0549E+00  1.6806E+00  1.6908E+00  5.4326E-01
  2.0693E+00  1.7009E+00  1.7095E+00  5.1164E-01
  2.0838E+00  1.7204E+00  1.7275E+00  4.8013E-01
  2.0984E+00  1.7389E+00  1.7448E+00  4.4870E-01
  2.1130E+00  1.7565E+00  1.7613E+00  4.1730E-01
  2.1278E+00  1.7732E+00  1.7769E+00  3.8590E-01
  2.1427E+00  1.7888E+00  1.7917E+00  3.5444E-01
  2.1577E+00  1.8033E+00  1.8055E+00  3.2287E-01
  2.1728E+00  1.8167E+00  1.8184E+00  2.9114E-01
  2.1880E+00  1.8291E+00  1.8302E+00  2.5921E-01
  2.2034E+00  1.8402E+00  1.8410E+00  2.2706E-01
  2.2188E+00  1.8502E+00  1.8506E+00  1.9467E-01
  2.2343E+00  1.8589E+00  1.8592E+00  1.6208E-01
  2.2499E+00  1.8663E+00  1.8665E+00  1.2933E-01
  2.2657E+00  1.8725E+00  1.8725E+00  9.6528E-02
  2.2815E+00  1.8773E+00  1.8773E+00  6.3839E-02
  2.2975E+00  1.8807E+00  1.8807E+00  3.1484E-02
  2.3136E+00  1.8828E+00  1.8828E+00  0.0000E+00
  2.3298E+00  1.8834E+00  1.8834E+00  0.0000E+00
  2.3461E+00  1.8826E+00  1.8826E+00  0.0000E+00
  2.3625E+00  1.8803E+00  1.8803E+00  0.0000E+00
  2.3791E+00  1.8765E+00  1.8765E+00  0.0000E+00
  2.3957E+00  1.8711E+00  1.8711E+00  0.0000E+00
  2.4125E+00  1.8642E+00  1.8642E+00  0.0000E+00
  2.4294E+00  1.8557E+00  1.8557E+00  0.0000E+00
  2.4464E+00  1.8456E+00  1.8456E+00  0.0000E+00
  2.4635E+00  1.8339E+00  1.8339E+00  0.0000E+00
  2.4807E+00  1.8205E+00  1.8205E+00  0.0000E+00
  2.4981E+00  1.8054E+00  1.8054E+00  0.0000E+00
  2.5156E+00  1.7887E+00  1.7887E+00  0.0000E+00
  2.5332E+00  1.7702E+00  1.7702E+00  0.0000E+00
  2.5509E+00  1.7501E+00  1.7501E+00  0.0000E+00
  2.5688E+00  1.7282E+00  1.7282E+00  0.0000E+00
  2.5868E+00  1.7046E+00  1.7046E+00  0.0000E+00
  2.6049E+00  1.6792E+00  1.6792E+00  0.0000E+00
  2.6231E+00  1.6521E+00  1.6521E+00  0.0000E+00
  2.6415E+00  1.6233E+00  1.6233E+00  0.0000E+00
  2.6599E+00  1.5927E+00  1.5927E+00  0.0000E+00
  2.6786E+00  1.5604E+00  1.5604E+00  0.0000E+00
  2.6973E+00  1.5264E+00  1.5264E+00  0.0000E+00
  2.7162E+00  1.4906E+00  1.4906E+00  0.0000E+00
  2.7352E+00  1.4531E+00  1.4531E+00  0.0000E+00
  2.7543E+00  1.4139E+00  1.4139E+00  0.0000E+00
  2.7736E+00  1.3730E+00  1.3730E+00  0.0000E+00
  2.7930E+00  1.3305E+00  1.3305E+00  0.0000E+00
  2.8126E+00  1.2863E+00  1.2863E+00  0.0000E+00
  2.8323E+00  1.2405E+00  1.2405E+00  0.0000E+00
  2.8521E+00  1.1931E+00  1.1931E+00  0.0000E+00
  2.8721E+00  1.1442E+00  1.1442E+00  0.0000E+00
  2.8922E+00  1.0937E+00  1.0937E+00  0.0000E+00
  2.9124E+00  1.0419E+00  1.0419E+00  0.0000E+00
  2.9328E+00  9.8853E-01  9.8853E-01  0.0000E+00
  2.9533E+00  9.3383E-01  9.3383E-01  0.0000E+00
  2.9740E+00  8.7782E-01  8.7782E-01  0.0000E+00
  2.9948E+00  8.2054E-01  8.2054E-01  0.0000E+00
  3.0158E+00  7.6205E-01  7.6205E-01  0.0000E+00
  3.0369E+00  7.0243E-01  7.0243E-01  0.0000E+00
  3.0581E+00  6.4173E-01  6.4173E-01  0.0000E+00
  3.0795E+00  5.8004E-01  5.8004E-01  0.0000E+00
  3.1011E+00  5.1743E-01  5.1743E-01  0.0000E+00
  3.1228E+00  4.5398E-01  4.5398E-01  0.0000E+00
  3.1447E+00  3.8977E-01  3.8977E-01  0.0000E+00
  3.1667E+00  3.2490E-01  3.2490E-01  0.0000E+00
  3.1888E+00  2.5946E-01  2.5946E-01  0.0000E+00
  3.2111E+00  1.9355E-01  1.9355E-01  0.0000E+00
  3.2336E+00  1.2727E-01  1.2727E-01  0.0000E+00
  3.2563E+00  6.0721E-02  6.0721E-02  0.0000E+00
  3.2790E+00 -5.9824E-03 -5.9824E-03  0.0000E+00
