 # l=           3 basis function with energy     4.00000000000000     
  0.0000E+00  0.0000E+00  0.0000E+00  0.0000E+00
  4.9311E-07  6.3075E-19 -7.3838E-26 -5.3205E-25
  9.8967E-07  7.3893E-18 -1.1980E-24 -8.6463E-24
  1.4897E-06  3.1334E-17 -6.1505E-24 -4.4370E-23
  1.9932E-06  8.7650E-17 -1.9713E-23 -1.4220E-22
  2.5003E-06  1.9520E-16 -4.8806E-23 -3.5207E-22
  3.0109E-06  3.7635E-16 -1.0264E-22 -7.4037E-22
  3.5251E-06  6.5689E-16 -1.9284E-22 -1.3910E-21
  4.0429E-06  1.0660E-15 -3.3363E-22 -2.4065E-21
  4.5643E-06  1.6364E-15 -5.4199E-22 -3.9096E-21
  5.0893E-06  2.4041E-15 -8.3782E-22 -6.0435E-21
  5.6181E-06  3.4088E-15 -1.2441E-21 -8.9743E-21
  6.1505E-06  4.6938E-15 -1.7871E-21 -1.2891E-20
  6.6866E-06  6.3063E-15 -2.4966E-21 -1.8009E-20
  7.2266E-06  8.2970E-15 -3.4059E-21 -2.4568E-20
  7.7702E-06  1.0721E-14 -4.5525E-21 -3.2839E-20
  8.3177E-06  1.3636E-14 -5.9776E-21 -4.3118E-20
  8.8691E-06  1.7107E-14 -7.7271E-21 -5.5738E-20
  9.4242E-06  2.1201E-14 -9.8513E-21 -7.1061E-20
  9.9833E-06  2.5989E-14 -1.2405E-20 -8.9483E-20
  1.0546E-05  3.1548E-14 -1.5449E-20 -1.1144E-19
  1.1113E-05  3.7959E-14 -1.9049E-20 -1.3741E-19
  1.1684E-05  4.5310E-14 -2.3275E-20 -1.6789E-19
  1.2259E-05  5.3691E-14 -2.8205E-20 -2.0345E-19
  1.2838E-05  6.3199E-14 -3.3922E-20 -2.4469E-19
  1.3421E-05  7.3937E-14 -4.0516E-20 -2.9226E-19
  1.4008E-05  8.6013E-14 -4.8084E-20 -3.4685E-19
  1.4599E-05  9.9541E-14 -5.6730E-20 -4.0921E-19
  1.5194E-05  1.1464E-13 -6.6564E-20 -4.8015E-19
  1.5794E-05  1.3144E-13 -7.7706E-20 -5.6052E-19
  1.6397E-05  1.5007E-13 -9.0285E-20 -6.5125E-19
  1.7005E-05  1.7067E-13 -1.0444E-19 -7.5333E-19
  1.7617E-05  1.9339E-13 -1.2030E-19 -8.6780E-19
  1.8234E-05  2.1838E-13 -1.3805E-19 -9.9578E-19
  1.8855E-05  2.4581E-13 -1.5783E-19 -1.1385E-18
  1.9480E-05  2.7584E-13 -1.7982E-19 -1.2971E-18
  2.0109E-05  3.0866E-13 -2.0421E-19 -1.4731E-18
  2.0743E-05  3.4444E-13 -2.3120E-19 -1.6677E-18
  2.1381E-05  3.8338E-13 -2.6100E-19 -1.8827E-18
  2.2024E-05  4.2569E-13 -2.9383E-19 -2.1195E-18
  2.2671E-05  4.7158E-13 -3.2993E-19 -2.3799E-18
  2.3323E-05  5.2128E-13 -3.6953E-19 -2.6656E-18
  2.3979E-05  5.7500E-13 -4.1292E-19 -2.9785E-18
  2.4640E-05  6.3301E-13 -4.6036E-19 -3.3207E-18
  2.5306E-05  6.9555E-13 -5.1215E-19 -3.6943E-18
  2.5976E-05  7.6288E-13 -5.6861E-19 -4.1015E-18
  2.6651E-05  8.3528E-13 -6.3004E-19 -4.5447E-18
  2.7331E-05  9.1304E-13 -6.9681E-19 -5.0263E-18
  2.8015E-05  9.9647E-13 -7.6927E-19 -5.5490E-18
  2.8704E-05  1.0859E-12 -8.4781E-19 -6.1155E-18
  2.9398E-05  1.1816E-12 -9.3283E-19 -6.7288E-18
  3.0097E-05  1.2839E-12 -1.0247E-18 -7.3918E-18
  3.0801E-05  1.3932E-12 -1.1240E-18 -8.1078E-18
  3.1510E-05  1.5099E-12 -1.2311E-18 -8.8802E-18
  3.2223E-05  1.6343E-12 -1.3465E-18 -9.7124E-18
  3.2942E-05  1.7668E-12 -1.4706E-18 -1.0608E-17
  3.3666E-05  1.9079E-12 -1.6042E-18 -1.1572E-17
  3.4394E-05  2.0580E-12 -1.7477E-18 -1.2607E-17
  3.5128E-05  2.2175E-12 -1.9017E-18 -1.3717E-17
  3.5867E-05  2.3869E-12 -2.0668E-18 -1.4909E-17
  3.6611E-05  2.5666E-12 -2.2437E-18 -1.6185E-17
  3.7361E-05  2.7572E-12 -2.4332E-18 -1.7551E-17
  3.8115E-05  2.9592E-12 -2.6358E-18 -1.9013E-17
  3.8875E-05  3.1732E-12 -2.8523E-18 -2.0575E-17
  3.9640E-05  3.3996E-12 -3.0836E-18 -2.2243E-17
  4.0411E-05  3.6391E-12 -3.3305E-18 -2.4024E-17
  4.1187E-05  3.8923E-12 -3.5937E-18 -2.5923E-17
  4.1968E-05  4.1597E-12 -3.8743E-18 -2.7947E-17
  4.2755E-05  4.4422E-12 -4.1731E-18 -3.0102E-17
  4.3548E-05  4.7402E-12 -4.4912E-18 -3.2396E-17
  4.4345E-05  5.0546E-12 -4.8295E-18 -3.4837E-17
  4.5149E-05  5.3860E-12 -5.1892E-18 -3.7431E-17
  4.5958E-05  5.7352E-12 -5.5713E-18 -4.0187E-17
  4.6773E-05  6.1029E-12 -5.9770E-18 -4.3114E-17
  4.7593E-05  6.4900E-12 -6.4075E-18 -4.6220E-17
  4.8419E-05  6.8974E-12 -6.8642E-18 -4.9514E-17
  4.9251E-05  7.3258E-12 -7.3483E-18 -5.3006E-17
  5.0089E-05  7.7762E-12 -7.8612E-18 -5.6705E-17
  5.0933E-05  8.2495E-12 -8.4044E-18 -6.0624E-17
  5.1783E-05  8.7466E-12 -8.9793E-18 -6.4771E-17
  5.2638E-05  9.2685E-12 -9.5876E-18 -6.9159E-17
  5.3500E-05  9.8164E-12 -1.0231E-17 -7.3799E-17
  5.4367E-05  1.0391E-11 -1.0911E-17 -7.8703E-17
  5.5241E-05  1.0994E-11 -1.1629E-17 -8.3885E-17
  5.6121E-05  1.1626E-11 -1.2388E-17 -8.9358E-17
  5.7007E-05  1.2288E-11 -1.3189E-17 -9.5136E-17
  5.7899E-05  1.2982E-11 -1.4034E-17 -1.0123E-16
  5.8797E-05  1.3709E-11 -1.4926E-17 -1.0766E-16
  5.9702E-05  1.4470E-11 -1.5865E-17 -1.1444E-16
  6.0613E-05  1.5266E-11 -1.6856E-17 -1.2159E-16
  6.1530E-05  1.6100E-11 -1.7900E-17 -1.2912E-16
  6.2454E-05  1.6971E-11 -1.8999E-17 -1.3705E-16
  6.3384E-05  1.7883E-11 -2.0157E-17 -1.4540E-16
  6.4321E-05  1.8835E-11 -2.1375E-17 -1.5419E-16
  6.5264E-05  1.9831E-11 -2.2657E-17 -1.6343E-16
  6.6214E-05  2.0872E-11 -2.4005E-17 -1.7316E-16
  6.7170E-05  2.1958E-11 -2.5423E-17 -1.8338E-16
  6.8134E-05  2.3093E-11 -2.6913E-17 -1.9413E-16
  6.9104E-05  2.4277E-11 -2.8478E-17 -2.0542E-16
  7.0080E-05  2.5514E-11 -3.0123E-17 -2.1729E-16
  7.1064E-05  2.6804E-11 -3.1850E-17 -2.2974E-16
  7.2055E-05  2.8149E-11 -3.3663E-17 -2.4282E-16
  7.3052E-05  2.9553E-11 -3.5566E-17 -2.5655E-16
  7.4056E-05  3.1016E-11 -3.7563E-17 -2.7095E-16
  7.5068E-05  3.2542E-11 -3.9657E-17 -2.8606E-16
  7.6086E-05  3.4132E-11 -4.1854E-17 -3.0191E-16
  7.7112E-05  3.5788E-11 -4.4157E-17 -3.1852E-16
  7.8145E-05  3.7514E-11 -4.6570E-17 -3.3593E-16
  7.9185E-05  3.9311E-11 -4.9100E-17 -3.5417E-16
  8.0232E-05  4.1183E-11 -5.1749E-17 -3.7328E-16
  8.1287E-05  4.3131E-11 -5.4524E-17 -3.9330E-16
  8.2349E-05  4.5159E-11 -5.7430E-17 -4.1426E-16
  8.3418E-05  4.7270E-11 -6.0472E-17 -4.3621E-16
  8.4495E-05  4.9466E-11 -6.3656E-17 -4.5917E-16
  8.5580E-05  5.1751E-11 -6.6988E-17 -4.8321E-16
  8.6672E-05  5.4127E-11 -7.0473E-17 -5.0835E-16
  8.7772E-05  5.6598E-11 -7.4119E-17 -5.3464E-16
  8.8879E-05  5.9167E-11 -7.7931E-17 -5.6214E-16
  8.9994E-05  6.1837E-11 -8.1916E-17 -5.9089E-16
  9.1117E-05  6.4613E-11 -8.6082E-17 -6.2094E-16
  9.2248E-05  6.7497E-11 -9.0436E-17 -6.5234E-16
  9.3387E-05  7.0494E-11 -9.4985E-17 -6.8516E-16
  9.4534E-05  7.3608E-11 -9.9737E-17 -7.1943E-16
  9.5688E-05  7.6841E-11 -1.0470E-16 -7.5524E-16
  9.6851E-05  8.0199E-11 -1.0988E-16 -7.9262E-16
  9.8022E-05  8.3686E-11 -1.1529E-16 -8.3166E-16
  9.9202E-05  8.7306E-11 -1.2094E-16 -8.7240E-16
  1.0039E-04  9.1064E-11 -1.2684E-16 -9.1493E-16
  1.0158E-04  9.4964E-11 -1.3299E-16 -9.5931E-16
  1.0279E-04  9.9011E-11 -1.3941E-16 -1.0056E-15
  1.0400E-04  1.0321E-10 -1.4610E-16 -1.0539E-15
  1.0522E-04  1.0757E-10 -1.5309E-16 -1.1043E-15
  1.0645E-04  1.1208E-10 -1.6037E-16 -1.1568E-15
  1.0769E-04  1.1677E-10 -1.6796E-16 -1.2116E-15
  1.0894E-04  1.2163E-10 -1.7588E-16 -1.2687E-15
  1.1019E-04  1.2667E-10 -1.8413E-16 -1.3282E-15
  1.1146E-04  1.3189E-10 -1.9272E-16 -1.3902E-15
  1.1273E-04  1.3731E-10 -2.0168E-16 -1.4548E-15
  1.1401E-04  1.4292E-10 -2.1102E-16 -1.5221E-15
  1.1530E-04  1.4874E-10 -2.2074E-16 -1.5923E-15
  1.1660E-04  1.5477E-10 -2.3086E-16 -1.6653E-15
  1.1791E-04  1.6101E-10 -2.4141E-16 -1.7414E-15
  1.1923E-04  1.6748E-10 -2.5239E-16 -1.8206E-15
  1.2056E-04  1.7418E-10 -2.6382E-16 -1.9030E-15
  1.2190E-04  1.8113E-10 -2.7572E-16 -1.9888E-15
  1.2324E-04  1.8831E-10 -2.8810E-16 -2.0782E-15
  1.2460E-04  1.9576E-10 -3.0099E-16 -2.1711E-15
  1.2596E-04  2.0346E-10 -3.1440E-16 -2.2678E-15
  1.2734E-04  2.1144E-10 -3.2835E-16 -2.3685E-15
  1.2872E-04  2.1970E-10 -3.4286E-16 -2.4732E-15
  1.3012E-04  2.2825E-10 -3.5796E-16 -2.5821E-15
  1.3152E-04  2.3710E-10 -3.7366E-16 -2.6953E-15
  1.3293E-04  2.4626E-10 -3.8998E-16 -2.8131E-15
  1.3436E-04  2.5573E-10 -4.0696E-16 -2.9355E-15
  1.3579E-04  2.6554E-10 -4.2461E-16 -3.0628E-15
  1.3723E-04  2.7568E-10 -4.4295E-16 -3.1952E-15
  1.3869E-04  2.8617E-10 -4.6202E-16 -3.3327E-15
  1.4015E-04  2.9702E-10 -4.8184E-16 -3.4756E-15
  1.4163E-04  3.0824E-10 -5.0243E-16 -3.6242E-15
  1.4311E-04  3.1985E-10 -5.2383E-16 -3.7785E-15
  1.4460E-04  3.3185E-10 -5.4606E-16 -3.9389E-15
  1.4611E-04  3.4426E-10 -5.6915E-16 -4.1055E-15
  1.4763E-04  3.5709E-10 -5.9314E-16 -4.2785E-15
  1.4915E-04  3.7035E-10 -6.1805E-16 -4.4582E-15
  1.5069E-04  3.8407E-10 -6.4393E-16 -4.6448E-15
  1.5224E-04  3.9824E-10 -6.7079E-16 -4.8386E-15
  1.5380E-04  4.1288E-10 -6.9869E-16 -5.0399E-15
  1.5537E-04  4.2802E-10 -7.2765E-16 -5.2488E-15
  1.5695E-04  4.4366E-10 -7.5771E-16 -5.4656E-15
  1.5854E-04  4.5983E-10 -7.8892E-16 -5.6907E-15
  1.6014E-04  4.7653E-10 -8.2131E-16 -5.9244E-15
  1.6175E-04  4.9378E-10 -8.5492E-16 -6.1668E-15
  1.6338E-04  5.1160E-10 -8.8981E-16 -6.4185E-15
  1.6502E-04  5.3001E-10 -9.2600E-16 -6.6795E-15
  1.6666E-04  5.4903E-10 -9.6355E-16 -6.9504E-15
  1.6832E-04  5.6867E-10 -1.0025E-15 -7.2314E-15
  1.6999E-04  5.8895E-10 -1.0429E-15 -7.5229E-15
  1.7168E-04  6.0990E-10 -1.0848E-15 -7.8253E-15
  1.7337E-04  6.3153E-10 -1.1283E-15 -8.1388E-15
  1.7508E-04  6.5386E-10 -1.1734E-15 -8.4641E-15
  1.7680E-04  6.7691E-10 -1.2201E-15 -8.8013E-15
  1.7853E-04  7.0072E-10 -1.2686E-15 -9.1510E-15
  1.8027E-04  7.2529E-10 -1.3189E-15 -9.5136E-15
  1.8203E-04  7.5065E-10 -1.3710E-15 -9.8895E-15
  1.8379E-04  7.7683E-10 -1.4250E-15 -1.0279E-14
  1.8557E-04  8.0385E-10 -1.4810E-15 -1.0683E-14
  1.8736E-04  8.3174E-10 -1.5391E-15 -1.1102E-14
  1.8917E-04  8.6052E-10 -1.5992E-15 -1.1536E-14
  1.9099E-04  8.9021E-10 -1.6615E-15 -1.1985E-14
  1.9282E-04  9.2086E-10 -1.7261E-15 -1.2451E-14
  1.9466E-04  9.5247E-10 -1.7931E-15 -1.2934E-14
  1.9651E-04  9.8509E-10 -1.8624E-15 -1.3434E-14
  1.9838E-04  1.0187E-09 -1.9343E-15 -1.3953E-14
  2.0026E-04  1.0535E-09 -2.0087E-15 -1.4490E-14
  2.0216E-04  1.0893E-09 -2.0858E-15 -1.5046E-14
  2.0407E-04  1.1262E-09 -2.1657E-15 -1.5622E-14
  2.0599E-04  1.1643E-09 -2.2484E-15 -1.6219E-14
  2.0792E-04  1.2036E-09 -2.3341E-15 -1.6837E-14
  2.0987E-04  1.2441E-09 -2.4228E-15 -1.7477E-14
  2.1183E-04  1.2859E-09 -2.5147E-15 -1.8139E-14
  2.1381E-04  1.3290E-09 -2.6098E-15 -1.8826E-14
  2.1580E-04  1.3735E-09 -2.7083E-15 -1.9536E-14
  2.1780E-04  1.4193E-09 -2.8103E-15 -2.0272E-14
  2.1982E-04  1.4665E-09 -2.9159E-15 -2.1034E-14
  2.2185E-04  1.5152E-09 -3.0252E-15 -2.1822E-14
  2.2390E-04  1.5654E-09 -3.1384E-15 -2.2638E-14
  2.2596E-04  1.6172E-09 -3.2555E-15 -2.3483E-14
  2.2803E-04  1.6706E-09 -3.3767E-15 -2.4357E-14
  2.3012E-04  1.7256E-09 -3.5022E-15 -2.5262E-14
  2.3223E-04  1.7823E-09 -3.6320E-15 -2.6199E-14
  2.3434E-04  1.8407E-09 -3.7664E-15 -2.7168E-14
  2.3648E-04  1.9009E-09 -3.9054E-15 -2.8171E-14
  2.3863E-04  1.9630E-09 -4.0492E-15 -2.9208E-14
  2.4079E-04  2.0269E-09 -4.1981E-15 -3.0282E-14
  2.4297E-04  2.0929E-09 -4.3521E-15 -3.1393E-14
  2.4516E-04  2.1608E-09 -4.5114E-15 -3.2542E-14
  2.4737E-04  2.2308E-09 -4.6762E-15 -3.3731E-14
  2.4959E-04  2.3029E-09 -4.8467E-15 -3.4961E-14
  2.5183E-04  2.3771E-09 -5.0230E-15 -3.6233E-14
  2.5409E-04  2.4537E-09 -5.2055E-15 -3.7549E-14
  2.5636E-04  2.5325E-09 -5.3941E-15 -3.8909E-14
  2.5865E-04  2.6138E-09 -5.5892E-15 -4.0317E-14
  2.6095E-04  2.6975E-09 -5.7910E-15 -4.1772E-14
  2.6327E-04  2.7837E-09 -5.9997E-15 -4.3277E-14
  2.6561E-04  2.8725E-09 -6.2154E-15 -4.4834E-14
  2.6796E-04  2.9639E-09 -6.4385E-15 -4.6443E-14
  2.7033E-04  3.0581E-09 -6.6692E-15 -4.8107E-14
  2.7271E-04  3.1551E-09 -6.9077E-15 -4.9828E-14
  2.7512E-04  3.2550E-09 -7.1543E-15 -5.1606E-14
  2.7753E-04  3.3579E-09 -7.4093E-15 -5.3445E-14
  2.7997E-04  3.4639E-09 -7.6728E-15 -5.5346E-14
  2.8242E-04  3.5730E-09 -7.9452E-15 -5.7311E-14
  2.8489E-04  3.6854E-09 -8.2268E-15 -5.9343E-14
  2.8738E-04  3.8011E-09 -8.5179E-15 -6.1442E-14
  2.8988E-04  3.9202E-09 -8.8187E-15 -6.3612E-14
  2.9241E-04  4.0429E-09 -9.1296E-15 -6.5855E-14
  2.9495E-04  4.1692E-09 -9.4510E-15 -6.8173E-14
  2.9750E-04  4.2992E-09 -9.7831E-15 -7.0568E-14
  3.0008E-04  4.4331E-09 -1.0126E-14 -7.3044E-14
  3.0267E-04  4.5709E-09 -1.0481E-14 -7.5602E-14
  3.0528E-04  4.7127E-09 -1.0847E-14 -7.8245E-14
  3.0791E-04  4.8588E-09 -1.1226E-14 -8.0976E-14
  3.1056E-04  5.0091E-09 -1.1617E-14 -8.3798E-14
  3.1323E-04  5.1639E-09 -1.2021E-14 -8.6714E-14
  3.1591E-04  5.3231E-09 -1.2439E-14 -8.9726E-14
  3.1862E-04  5.4871E-09 -1.2870E-14 -9.2838E-14
  3.2134E-04  5.6558E-09 -1.3316E-14 -9.6053E-14
  3.2408E-04  5.8295E-09 -1.3776E-14 -9.9374E-14
  3.2684E-04  6.0082E-09 -1.4252E-14 -1.0280E-13
  3.2963E-04  6.1921E-09 -1.4743E-14 -1.0635E-13
  3.3243E-04  6.3814E-09 -1.5251E-14 -1.1001E-13
  3.3525E-04  6.5762E-09 -1.5775E-14 -1.1379E-13
  3.3809E-04  6.7767E-09 -1.6316E-14 -1.1769E-13
  3.4094E-04  6.9829E-09 -1.6875E-14 -1.2172E-13
  3.4382E-04  7.1952E-09 -1.7452E-14 -1.2589E-13
  3.4672E-04  7.4136E-09 -1.8049E-14 -1.3019E-13
  3.4964E-04  7.6383E-09 -1.8664E-14 -1.3463E-13
  3.5258E-04  7.8695E-09 -1.9300E-14 -1.3922E-13
  3.5554E-04  8.1074E-09 -1.9957E-14 -1.4395E-13
  3.5853E-04  8.3522E-09 -2.0634E-14 -1.4884E-13
  3.6153E-04  8.6040E-09 -2.1334E-14 -1.5389E-13
  3.6455E-04  8.8630E-09 -2.2057E-14 -1.5910E-13
  3.6760E-04  9.1296E-09 -2.2803E-14 -1.6449E-13
  3.7066E-04  9.4037E-09 -2.3574E-14 -1.7004E-13
  3.7375E-04  9.6858E-09 -2.4369E-14 -1.7578E-13
  3.7686E-04  9.9759E-09 -2.5190E-14 -1.8170E-13
  3.7999E-04  1.0274E-08 -2.6037E-14 -1.8782E-13
  3.8314E-04  1.0581E-08 -2.6912E-14 -1.9413E-13
  3.8632E-04  1.0897E-08 -2.7816E-14 -2.0064E-13
  3.8951E-04  1.1222E-08 -2.8748E-14 -2.0737E-13
  3.9273E-04  1.1556E-08 -2.9710E-14 -2.1431E-13
  3.9598E-04  1.1900E-08 -3.0703E-14 -2.2147E-13
  3.9924E-04  1.2253E-08 -3.1728E-14 -2.2887E-13
  4.0253E-04  1.2616E-08 -3.2786E-14 -2.3650E-13
  4.0584E-04  1.2990E-08 -3.3878E-14 -2.4438E-13
  4.0917E-04  1.3375E-08 -3.5005E-14 -2.5250E-13
  4.1253E-04  1.3770E-08 -3.6168E-14 -2.6089E-13
  4.1591E-04  1.4177E-08 -3.7368E-14 -2.6955E-13
  4.1931E-04  1.4595E-08 -3.8607E-14 -2.7848E-13
  4.2274E-04  1.5025E-08 -3.9885E-14 -2.8770E-13
  4.2619E-04  1.5467E-08 -4.1204E-14 -2.9722E-13
  4.2967E-04  1.5921E-08 -4.2565E-14 -3.0703E-13
  4.3317E-04  1.6389E-08 -4.3969E-14 -3.1716E-13
  4.3670E-04  1.6869E-08 -4.5417E-14 -3.2761E-13
  4.4024E-04  1.7364E-08 -4.6912E-14 -3.3839E-13
  4.4382E-04  1.7872E-08 -4.8454E-14 -3.4952E-13
  4.4742E-04  1.8394E-08 -5.0046E-14 -3.6099E-13
  4.5104E-04  1.8932E-08 -5.1687E-14 -3.7284E-13
  4.5469E-04  1.9484E-08 -5.3381E-14 -3.8505E-13
  4.5837E-04  2.0052E-08 -5.5128E-14 -3.9765E-13
  4.6207E-04  2.0636E-08 -5.6930E-14 -4.1065E-13
  4.6580E-04  2.1236E-08 -5.8789E-14 -4.2407E-13
  4.6955E-04  2.1853E-08 -6.0707E-14 -4.3790E-13
  4.7333E-04  2.2487E-08 -6.2685E-14 -4.5217E-13
  4.7714E-04  2.3139E-08 -6.4726E-14 -4.6689E-13
  4.8097E-04  2.3810E-08 -6.6831E-14 -4.8207E-13
  4.8483E-04  2.4499E-08 -6.9002E-14 -4.9773E-13
  4.8872E-04  2.5207E-08 -7.1241E-14 -5.1389E-13
  4.9263E-04  2.5936E-08 -7.3551E-14 -5.3055E-13
  4.9657E-04  2.6684E-08 -7.5933E-14 -5.4773E-13
  5.0054E-04  2.7454E-08 -7.8390E-14 -5.6545E-13
  5.0454E-04  2.8244E-08 -8.0923E-14 -5.8373E-13
  5.0856E-04  2.9057E-08 -8.3536E-14 -6.0258E-13
  5.1261E-04  2.9893E-08 -8.6231E-14 -6.2201E-13
  5.1669E-04  3.0752E-08 -8.9010E-14 -6.4206E-13
  5.2080E-04  3.1634E-08 -9.1876E-14 -6.6273E-13
  5.2494E-04  3.2542E-08 -9.4831E-14 -6.8405E-13
  5.2911E-04  3.3474E-08 -9.7878E-14 -7.0603E-13
  5.3330E-04  3.4432E-08 -1.0102E-13 -7.2869E-13
  5.3753E-04  3.5417E-08 -1.0426E-13 -7.5207E-13
  5.4179E-04  3.6430E-08 -1.0760E-13 -7.7617E-13
  5.4607E-04  3.7470E-08 -1.1105E-13 -8.0101E-13
  5.5039E-04  3.8539E-08 -1.1460E-13 -8.2664E-13
  5.5473E-04  3.9638E-08 -1.1826E-13 -8.5305E-13
  5.5911E-04  4.0767E-08 -1.2204E-13 -8.8029E-13
  5.6351E-04  4.1927E-08 -1.2593E-13 -9.0837E-13
  5.6795E-04  4.3119E-08 -1.2994E-13 -9.3732E-13
  5.7242E-04  4.4345E-08 -1.3408E-13 -9.6717E-13
  5.7692E-04  4.5604E-08 -1.3835E-13 -9.9794E-13
  5.8145E-04  4.6898E-08 -1.4274E-13 -1.0297E-12
  5.8601E-04  4.8227E-08 -1.4728E-13 -1.0624E-12
  5.9061E-04  4.9593E-08 -1.5195E-13 -1.0961E-12
  5.9523E-04  5.0997E-08 -1.5677E-13 -1.1308E-12
  5.9989E-04  5.2439E-08 -1.6174E-13 -1.1666E-12
  6.0459E-04  5.3922E-08 -1.6685E-13 -1.2036E-12
  6.0931E-04  5.5444E-08 -1.7213E-13 -1.2416E-12
  6.1407E-04  5.7009E-08 -1.7757E-13 -1.2809E-12
  6.1886E-04  5.8617E-08 -1.8318E-13 -1.3213E-12
  6.2368E-04  6.0269E-08 -1.8896E-13 -1.3630E-12
  6.2854E-04  6.1966E-08 -1.9492E-13 -1.4060E-12
  6.3343E-04  6.3709E-08 -2.0105E-13 -1.4503E-12
  6.3836E-04  6.5501E-08 -2.0738E-13 -1.4959E-12
  6.4332E-04  6.7341E-08 -2.1391E-13 -1.5430E-12
  6.4832E-04  6.9232E-08 -2.2063E-13 -1.5915E-12
  6.5335E-04  7.1175E-08 -2.2756E-13 -1.6414E-12
  6.5841E-04  7.3171E-08 -2.3470E-13 -1.6929E-12
  6.6352E-04  7.5222E-08 -2.4206E-13 -1.7460E-12
  6.6865E-04  7.7328E-08 -2.4964E-13 -1.8007E-12
  6.7383E-04  7.9492E-08 -2.5745E-13 -1.8571E-12
  6.7904E-04  8.1716E-08 -2.6551E-13 -1.9152E-12
  6.8428E-04  8.4000E-08 -2.7381E-13 -1.9751E-12
  6.8956E-04  8.6346E-08 -2.8236E-13 -2.0368E-12
  6.9488E-04  8.8756E-08 -2.9118E-13 -2.1004E-12
  7.0024E-04  9.1232E-08 -3.0026E-13 -2.1659E-12
  7.0563E-04  9.3775E-08 -3.0962E-13 -2.2334E-12
  7.1107E-04  9.6388E-08 -3.1926E-13 -2.3029E-12
  7.1654E-04  9.9072E-08 -3.2920E-13 -2.3746E-12
  7.2204E-04  1.0183E-07 -3.3944E-13 -2.4485E-12
  7.2759E-04  1.0466E-07 -3.4999E-13 -2.5246E-12
  7.3318E-04  1.0757E-07 -3.6086E-13 -2.6030E-12
  7.3880E-04  1.1056E-07 -3.7207E-13 -2.6838E-12
  7.4447E-04  1.1363E-07 -3.8361E-13 -2.7671E-12
  7.5017E-04  1.1678E-07 -3.9550E-13 -2.8529E-12
  7.5591E-04  1.2002E-07 -4.0775E-13 -2.9413E-12
  7.6170E-04  1.2334E-07 -4.2038E-13 -3.0323E-12
  7.6752E-04  1.2676E-07 -4.3338E-13 -3.1261E-12
  7.7339E-04  1.3027E-07 -4.4678E-13 -3.2228E-12
  7.7929E-04  1.3387E-07 -4.6059E-13 -3.3224E-12
  7.8524E-04  1.3757E-07 -4.7481E-13 -3.4250E-12
  7.9123E-04  1.4138E-07 -4.8946E-13 -3.5306E-12
  7.9726E-04  1.4528E-07 -5.0456E-13 -3.6395E-12
  8.0333E-04  1.4929E-07 -5.2011E-13 -3.7517E-12
  8.0945E-04  1.5341E-07 -5.3613E-13 -3.8673E-12
  8.1561E-04  1.5764E-07 -5.5263E-13 -3.9863E-12
  8.2181E-04  1.6199E-07 -5.6963E-13 -4.1089E-12
  8.2805E-04  1.6645E-07 -5.8714E-13 -4.2353E-12
  8.3434E-04  1.7103E-07 -6.0519E-13 -4.3654E-12
  8.4068E-04  1.7574E-07 -6.2377E-13 -4.4995E-12
  8.4705E-04  1.8057E-07 -6.4291E-13 -4.6375E-12
  8.5348E-04  1.8554E-07 -6.6263E-13 -4.7798E-12
  8.5994E-04  1.9064E-07 -6.8294E-13 -4.9263E-12
  8.6645E-04  1.9587E-07 -7.0387E-13 -5.0772E-12
  8.7301E-04  2.0125E-07 -7.2542E-13 -5.2327E-12
  8.7962E-04  2.0677E-07 -7.4762E-13 -5.3928E-12
  8.8626E-04  2.1244E-07 -7.7048E-13 -5.5577E-12
  8.9296E-04  2.1827E-07 -7.9403E-13 -5.7276E-12
  8.9970E-04  2.2425E-07 -8.1829E-13 -5.9026E-12
  9.0649E-04  2.3039E-07 -8.4327E-13 -6.0828E-12
  9.1333E-04  2.3670E-07 -8.6901E-13 -6.2684E-12
  9.2022E-04  2.4318E-07 -8.9551E-13 -6.4596E-12
  9.2715E-04  2.4983E-07 -9.2281E-13 -6.6565E-12
  9.3413E-04  2.5666E-07 -9.5092E-13 -6.8593E-12
  9.4117E-04  2.6367E-07 -9.7988E-13 -7.0682E-12
  9.4825E-04  2.7087E-07 -1.0097E-12 -7.2833E-12
  9.5538E-04  2.7827E-07 -1.0404E-12 -7.5048E-12
  9.6256E-04  2.8586E-07 -1.0720E-12 -7.7330E-12
  9.6979E-04  2.9366E-07 -1.1046E-12 -7.9680E-12
  9.7707E-04  3.0167E-07 -1.1382E-12 -8.2100E-12
  9.8440E-04  3.0989E-07 -1.1727E-12 -8.4592E-12
  9.9178E-04  3.1834E-07 -1.2083E-12 -8.7158E-12
  9.9922E-04  3.2701E-07 -1.2449E-12 -8.9801E-12
  1.0067E-03  3.3591E-07 -1.2827E-12 -9.2523E-12
  1.0142E-03  3.4505E-07 -1.3215E-12 -9.5326E-12
  1.0218E-03  3.5444E-07 -1.3615E-12 -9.8212E-12
  1.0295E-03  3.6407E-07 -1.4027E-12 -1.0118E-11
  1.0372E-03  3.7397E-07 -1.4452E-12 -1.0425E-11
  1.0449E-03  3.8413E-07 -1.4889E-12 -1.0740E-11
  1.0527E-03  3.9456E-07 -1.5339E-12 -1.1064E-11
  1.0606E-03  4.0528E-07 -1.5802E-12 -1.1399E-11
  1.0685E-03  4.1628E-07 -1.6279E-12 -1.1743E-11
  1.0765E-03  4.2757E-07 -1.6770E-12 -1.2097E-11
  1.0845E-03  4.3916E-07 -1.7276E-12 -1.2462E-11
  1.0926E-03  4.5107E-07 -1.7797E-12 -1.2838E-11
  1.1007E-03  4.6330E-07 -1.8334E-12 -1.3225E-11
  1.1089E-03  4.7585E-07 -1.8886E-12 -1.3623E-11
  1.1172E-03  4.8873E-07 -1.9454E-12 -1.4033E-11
  1.1255E-03  5.0196E-07 -2.0040E-12 -1.4455E-11
  1.1339E-03  5.1555E-07 -2.0643E-12 -1.4890E-11
  1.1423E-03  5.2950E-07 -2.1263E-12 -1.5338E-11
  1.1508E-03  5.4382E-07 -2.1903E-12 -1.5799E-11
  1.1593E-03  5.5852E-07 -2.2561E-12 -1.6274E-11
  1.1679E-03  5.7361E-07 -2.3238E-12 -1.6762E-11
  1.1766E-03  5.8911E-07 -2.3936E-12 -1.7266E-11
  1.1853E-03  6.0502E-07 -2.4654E-12 -1.7784E-11
  1.1941E-03  6.2136E-07 -2.5393E-12 -1.8317E-11
  1.2030E-03  6.3813E-07 -2.6155E-12 -1.8866E-11
  1.2119E-03  6.5535E-07 -2.6938E-12 -1.9432E-11
  1.2209E-03  6.7302E-07 -2.7745E-12 -2.0014E-11
  1.2299E-03  6.9117E-07 -2.8576E-12 -2.0613E-11
  1.2390E-03  7.0981E-07 -2.9431E-12 -2.1230E-11
  1.2482E-03  7.2893E-07 -3.0312E-12 -2.1865E-11
  1.2574E-03  7.4857E-07 -3.1218E-12 -2.2519E-11
  1.2667E-03  7.6874E-07 -3.2152E-12 -2.3192E-11
  1.2761E-03  7.8943E-07 -3.3112E-12 -2.3885E-11
  1.2855E-03  8.1068E-07 -3.4102E-12 -2.4599E-11
  1.2950E-03  8.3250E-07 -3.5120E-12 -2.5333E-11
  1.3045E-03  8.5489E-07 -3.6168E-12 -2.6089E-11
  1.3142E-03  8.7789E-07 -3.7247E-12 -2.6868E-11
  1.3238E-03  9.0149E-07 -3.8358E-12 -2.7669E-11
  1.3336E-03  9.2572E-07 -3.9502E-12 -2.8494E-11
  1.3434E-03  9.5060E-07 -4.0679E-12 -2.9343E-11
  1.3533E-03  9.7614E-07 -4.1891E-12 -3.0217E-11
  1.3633E-03  1.0024E-06 -4.3139E-12 -3.1117E-11
  1.3733E-03  1.0293E-06 -4.4423E-12 -3.2044E-11
  1.3834E-03  1.0569E-06 -4.5745E-12 -3.2997E-11
  1.3936E-03  1.0853E-06 -4.7106E-12 -3.3979E-11
  1.4039E-03  1.1144E-06 -4.8506E-12 -3.4989E-11
  1.4142E-03  1.1443E-06 -4.9948E-12 -3.6029E-11
  1.4246E-03  1.1749E-06 -5.1433E-12 -3.7100E-11
  1.4350E-03  1.2064E-06 -5.2961E-12 -3.8202E-11
  1.4456E-03  1.2388E-06 -5.4533E-12 -3.9337E-11
  1.4562E-03  1.2720E-06 -5.6152E-12 -4.0504E-11
  1.4669E-03  1.3061E-06 -5.7819E-12 -4.1706E-11
  1.4776E-03  1.3410E-06 -5.9534E-12 -4.2944E-11
  1.4885E-03  1.3769E-06 -6.1299E-12 -4.4217E-11
  1.4994E-03  1.4138E-06 -6.3117E-12 -4.5528E-11
  1.5104E-03  1.4516E-06 -6.4987E-12 -4.6877E-11
  1.5214E-03  1.4905E-06 -6.6912E-12 -4.8266E-11
  1.5326E-03  1.5304E-06 -6.8894E-12 -4.9696E-11
  1.5438E-03  1.5713E-06 -7.0934E-12 -5.1167E-11
  1.5551E-03  1.6133E-06 -7.3033E-12 -5.2681E-11
  1.5665E-03  1.6564E-06 -7.5194E-12 -5.4240E-11
  1.5779E-03  1.7007E-06 -7.7418E-12 -5.5844E-11
  1.5895E-03  1.7461E-06 -7.9707E-12 -5.7496E-11
  1.6011E-03  1.7928E-06 -8.2064E-12 -5.9195E-11
  1.6128E-03  1.8407E-06 -8.4489E-12 -6.0944E-11
  1.6246E-03  1.8898E-06 -8.6985E-12 -6.2745E-11
  1.6364E-03  1.9403E-06 -8.9553E-12 -6.4598E-11
  1.6484E-03  1.9921E-06 -9.2197E-12 -6.6505E-11
  1.6604E-03  2.0452E-06 -9.4918E-12 -6.8468E-11
  1.6725E-03  2.0998E-06 -9.7719E-12 -7.0488E-11
  1.6847E-03  2.1558E-06 -1.0060E-11 -7.2567E-11
  1.6970E-03  2.2133E-06 -1.0357E-11 -7.4707E-11
  1.7094E-03  2.2723E-06 -1.0662E-11 -7.6909E-11
  1.7218E-03  2.3329E-06 -1.0976E-11 -7.9176E-11
  1.7344E-03  2.3951E-06 -1.1300E-11 -8.1509E-11
  1.7470E-03  2.4589E-06 -1.1633E-11 -8.3909E-11
  1.7597E-03  2.5245E-06 -1.1975E-11 -8.6380E-11
  1.7725E-03  2.5917E-06 -1.2328E-11 -8.8923E-11
  1.7854E-03  2.6607E-06 -1.2690E-11 -9.1540E-11
  1.7984E-03  2.7316E-06 -1.3064E-11 -9.4233E-11
  1.8115E-03  2.8043E-06 -1.3448E-11 -9.7005E-11
  1.8247E-03  2.8790E-06 -1.3843E-11 -9.9857E-11
  1.8379E-03  2.9556E-06 -1.4250E-11 -1.0279E-10
  1.8513E-03  3.0343E-06 -1.4669E-11 -1.0581E-10
  1.8647E-03  3.1150E-06 -1.5100E-11 -1.0892E-10
  1.8783E-03  3.1978E-06 -1.5544E-11 -1.1212E-10
  1.8919E-03  3.2829E-06 -1.6000E-11 -1.1541E-10
  1.9057E-03  3.3702E-06 -1.6470E-11 -1.1880E-10
  1.9195E-03  3.4598E-06 -1.6953E-11 -1.2229E-10
  1.9334E-03  3.5518E-06 -1.7451E-11 -1.2588E-10
  1.9474E-03  3.6462E-06 -1.7962E-11 -1.2957E-10
  1.9616E-03  3.7431E-06 -1.8489E-11 -1.3337E-10
  1.9758E-03  3.8425E-06 -1.9031E-11 -1.3728E-10
  1.9901E-03  3.9446E-06 -1.9589E-11 -1.4130E-10
  2.0045E-03  4.0494E-06 -2.0163E-11 -1.4544E-10
  2.0191E-03  4.1569E-06 -2.0754E-11 -1.4971E-10
  2.0337E-03  4.2673E-06 -2.1362E-11 -1.5409E-10
  2.0484E-03  4.3806E-06 -2.1987E-11 -1.5860E-10
  2.0632E-03  4.4969E-06 -2.2631E-11 -1.6325E-10
  2.0782E-03  4.6162E-06 -2.3293E-11 -1.6802E-10
  2.0932E-03  4.7387E-06 -2.3975E-11 -1.7294E-10
  2.1084E-03  4.8645E-06 -2.4676E-11 -1.7800E-10
  2.1236E-03  4.9935E-06 -2.5398E-11 -1.8321E-10
  2.1390E-03  5.1260E-06 -2.6141E-11 -1.8856E-10
  2.1544E-03  5.2619E-06 -2.6905E-11 -1.9407E-10
  2.1700E-03  5.4014E-06 -2.7691E-11 -1.9975E-10
  2.1857E-03  5.5446E-06 -2.8501E-11 -2.0558E-10
  2.2015E-03  5.6916E-06 -2.9333E-11 -2.1159E-10
  2.2174E-03  5.8425E-06 -3.0190E-11 -2.1777E-10
  2.2334E-03  5.9973E-06 -3.1071E-11 -2.2413E-10
  2.2495E-03  6.1562E-06 -3.1979E-11 -2.3067E-10
  2.2657E-03  6.3193E-06 -3.2912E-11 -2.3740E-10
  2.2821E-03  6.4867E-06 -3.3872E-11 -2.4433E-10
  2.2986E-03  6.6585E-06 -3.4860E-11 -2.5146E-10
  2.3151E-03  6.8349E-06 -3.5877E-11 -2.5880E-10
  2.3318E-03  7.0159E-06 -3.6924E-11 -2.6634E-10
  2.3487E-03  7.2016E-06 -3.8000E-11 -2.7411E-10
  2.3656E-03  7.3922E-06 -3.9108E-11 -2.8210E-10
  2.3826E-03  7.5879E-06 -4.0248E-11 -2.9032E-10
  2.3998E-03  7.7887E-06 -4.1420E-11 -2.9878E-10
  2.4171E-03  7.9948E-06 -4.2627E-11 -3.0748E-10
  2.4345E-03  8.2064E-06 -4.3868E-11 -3.1644E-10
  2.4520E-03  8.4235E-06 -4.5146E-11 -3.2565E-10
  2.4697E-03  8.6463E-06 -4.6460E-11 -3.3513E-10
  2.4875E-03  8.8749E-06 -4.7813E-11 -3.4489E-10
  2.5054E-03  9.1096E-06 -4.9204E-11 -3.5493E-10
  2.5234E-03  9.3505E-06 -5.0636E-11 -3.6525E-10
  2.5416E-03  9.5977E-06 -5.2109E-11 -3.7588E-10
  2.5598E-03  9.8514E-06 -5.3624E-11 -3.8681E-10
  2.5783E-03  1.0112E-05 -5.5184E-11 -3.9806E-10
  2.5968E-03  1.0379E-05 -5.6788E-11 -4.0963E-10
  2.6155E-03  1.0653E-05 -5.8439E-11 -4.2154E-10
  2.6343E-03  1.0935E-05 -6.0137E-11 -4.3379E-10
  2.6532E-03  1.1224E-05 -6.1884E-11 -4.4639E-10
  2.6723E-03  1.1520E-05 -6.3682E-11 -4.5936E-10
  2.6915E-03  1.1824E-05 -6.5532E-11 -4.7270E-10
  2.7108E-03  1.2137E-05 -6.7435E-11 -4.8643E-10
  2.7302E-03  1.2457E-05 -6.9393E-11 -5.0056E-10
  2.7499E-03  1.2786E-05 -7.1407E-11 -5.1509E-10
  2.7696E-03  1.3124E-05 -7.3480E-11 -5.3004E-10
  2.7895E-03  1.3470E-05 -7.5612E-11 -5.4542E-10
  2.8095E-03  1.3826E-05 -7.7806E-11 -5.6124E-10
  2.8296E-03  1.4190E-05 -8.0063E-11 -5.7752E-10
  2.8499E-03  1.4565E-05 -8.2385E-11 -5.9427E-10
  2.8704E-03  1.4949E-05 -8.4774E-11 -6.1151E-10
  2.8910E-03  1.5344E-05 -8.7232E-11 -6.2924E-10
  2.9117E-03  1.5748E-05 -8.9761E-11 -6.4748E-10
  2.9326E-03  1.6164E-05 -9.2363E-11 -6.6625E-10
  2.9536E-03  1.6590E-05 -9.5039E-11 -6.8555E-10
  2.9748E-03  1.7027E-05 -9.7793E-11 -7.0542E-10
  2.9961E-03  1.7476E-05 -1.0063E-10 -7.2585E-10
  3.0175E-03  1.7937E-05 -1.0354E-10 -7.4687E-10
  3.0391E-03  1.8410E-05 -1.0654E-10 -7.6850E-10
  3.0609E-03  1.8895E-05 -1.0962E-10 -7.9076E-10
  3.0828E-03  1.9393E-05 -1.1280E-10 -8.1365E-10
  3.1049E-03  1.9904E-05 -1.1606E-10 -8.3720E-10
  3.1271E-03  2.0429E-05 -1.1942E-10 -8.6143E-10
  3.1495E-03  2.0967E-05 -1.2288E-10 -8.8636E-10
  3.1720E-03  2.1519E-05 -1.2643E-10 -9.1200E-10
  3.1947E-03  2.2086E-05 -1.3009E-10 -9.3838E-10
  3.2176E-03  2.2668E-05 -1.3385E-10 -9.6552E-10
  3.2406E-03  2.3264E-05 -1.3772E-10 -9.9344E-10
  3.2638E-03  2.3877E-05 -1.4170E-10 -1.0222E-09
  3.2871E-03  2.4506E-05 -1.4580E-10 -1.0517E-09
  3.3106E-03  2.5151E-05 -1.5002E-10 -1.0821E-09
  3.3343E-03  2.5813E-05 -1.5435E-10 -1.1134E-09
  3.3581E-03  2.6492E-05 -1.5881E-10 -1.1456E-09
  3.3821E-03  2.7189E-05 -1.6340E-10 -1.1787E-09
  3.4063E-03  2.7905E-05 -1.6812E-10 -1.2127E-09
  3.4306E-03  2.8639E-05 -1.7298E-10 -1.2477E-09
  3.4551E-03  2.9392E-05 -1.7797E-10 -1.2838E-09
  3.4798E-03  3.0165E-05 -1.8311E-10 -1.3208E-09
  3.5046E-03  3.0959E-05 -1.8840E-10 -1.3590E-09
  3.5297E-03  3.1773E-05 -1.9383E-10 -1.3982E-09
  3.5548E-03  3.2609E-05 -1.9943E-10 -1.4386E-09
  3.5802E-03  3.3466E-05 -2.0518E-10 -1.4801E-09
  3.6058E-03  3.4346E-05 -2.1110E-10 -1.5228E-09
  3.6315E-03  3.5249E-05 -2.1720E-10 -1.5667E-09
  3.6574E-03  3.6175E-05 -2.2346E-10 -1.6119E-09
  3.6835E-03  3.7126E-05 -2.2991E-10 -1.6584E-09
  3.7098E-03  3.8101E-05 -2.3654E-10 -1.7062E-09
  3.7362E-03  3.9102E-05 -2.4336E-10 -1.7554E-09
  3.7629E-03  4.0130E-05 -2.5037E-10 -1.8060E-09
  3.7897E-03  4.1184E-05 -2.5759E-10 -1.8581E-09
  3.8167E-03  4.2266E-05 -2.6501E-10 -1.9117E-09
  3.8439E-03  4.3376E-05 -2.7265E-10 -1.9667E-09
  3.8713E-03  4.4515E-05 -2.8051E-10 -2.0234E-09
  3.8989E-03  4.5683E-05 -2.8859E-10 -2.0817E-09
  3.9267E-03  4.6883E-05 -2.9690E-10 -2.1417E-09
  3.9547E-03  4.8113E-05 -3.0546E-10 -2.2034E-09
  3.9829E-03  4.9376E-05 -3.1425E-10 -2.2668E-09
  4.0112E-03  5.0672E-05 -3.2330E-10 -2.3321E-09
  4.0398E-03  5.2002E-05 -3.3261E-10 -2.3993E-09
  4.0686E-03  5.3366E-05 -3.4219E-10 -2.4683E-09
  4.0975E-03  5.4766E-05 -3.5204E-10 -2.5394E-09
  4.1267E-03  5.6203E-05 -3.6217E-10 -2.6125E-09
  4.1561E-03  5.7677E-05 -3.7260E-10 -2.6877E-09
  4.1857E-03  5.9190E-05 -3.8332E-10 -2.7650E-09
  4.2155E-03  6.0742E-05 -3.9435E-10 -2.8446E-09
  4.2455E-03  6.2335E-05 -4.0569E-10 -2.9264E-09
  4.2757E-03  6.3969E-05 -4.1736E-10 -3.0106E-09
  4.3061E-03  6.5645E-05 -4.2937E-10 -3.0972E-09
  4.3367E-03  6.7366E-05 -4.4172E-10 -3.1863E-09
  4.3676E-03  6.9131E-05 -4.5442E-10 -3.2779E-09
  4.3986E-03  7.0943E-05 -4.6748E-10 -3.3722E-09
  4.4299E-03  7.2802E-05 -4.8092E-10 -3.4691E-09
  4.4614E-03  7.4709E-05 -4.9475E-10 -3.5688E-09
  4.4931E-03  7.6666E-05 -5.0897E-10 -3.6714E-09
  4.5251E-03  7.8673E-05 -5.2360E-10 -3.7769E-09
  4.5572E-03  8.0734E-05 -5.3864E-10 -3.8855E-09
  4.5896E-03  8.2847E-05 -5.5412E-10 -3.9971E-09
  4.6222E-03  8.5016E-05 -5.7004E-10 -4.1119E-09
  4.6551E-03  8.7242E-05 -5.8642E-10 -4.2301E-09
  4.6881E-03  8.9525E-05 -6.0326E-10 -4.3516E-09
  4.7215E-03  9.1868E-05 -6.2059E-10 -4.4766E-09
  4.7550E-03  9.4271E-05 -6.3841E-10 -4.6051E-09
  4.7888E-03  9.6738E-05 -6.5674E-10 -4.7374E-09
  4.8228E-03  9.9268E-05 -6.7560E-10 -4.8734E-09
  4.8570E-03  1.0186E-04 -6.9500E-10 -5.0133E-09
  4.8915E-03  1.0453E-04 -7.1495E-10 -5.1572E-09
  4.9262E-03  1.0726E-04 -7.3547E-10 -5.3052E-09
  4.9612E-03  1.1007E-04 -7.5658E-10 -5.4575E-09
  4.9964E-03  1.1294E-04 -7.7829E-10 -5.6141E-09
  5.0319E-03  1.1589E-04 -8.0062E-10 -5.7752E-09
  5.0676E-03  1.1892E-04 -8.2359E-10 -5.9409E-09
  5.1036E-03  1.2203E-04 -8.4722E-10 -6.1114E-09
  5.1398E-03  1.2522E-04 -8.7152E-10 -6.2867E-09
  5.1763E-03  1.2849E-04 -8.9652E-10 -6.4670E-09
  5.2130E-03  1.3185E-04 -9.2224E-10 -6.6525E-09
  5.2500E-03  1.3529E-04 -9.4868E-10 -6.8433E-09
  5.2872E-03  1.3882E-04 -9.7589E-10 -7.0395E-09
  5.3247E-03  1.4244E-04 -1.0039E-09 -7.2414E-09
  5.3625E-03  1.4616E-04 -1.0326E-09 -7.4490E-09
  5.4005E-03  1.4998E-04 -1.0623E-09 -7.6625E-09
  5.4388E-03  1.5389E-04 -1.0927E-09 -7.8822E-09
  5.4773E-03  1.5791E-04 -1.1240E-09 -8.1081E-09
  5.5162E-03  1.6202E-04 -1.1562E-09 -8.3404E-09
  5.5553E-03  1.6625E-04 -1.1894E-09 -8.5795E-09
  5.5946E-03  1.7058E-04 -1.2234E-09 -8.8253E-09
  5.6343E-03  1.7503E-04 -1.2585E-09 -9.0782E-09
  5.6742E-03  1.7960E-04 -1.2946E-09 -9.3382E-09
  5.7144E-03  1.8428E-04 -1.3316E-09 -9.6058E-09
  5.7549E-03  1.8908E-04 -1.3698E-09 -9.8809E-09
  5.7957E-03  1.9400E-04 -1.4090E-09 -1.0164E-08
  5.8367E-03  1.9906E-04 -1.4494E-09 -1.0455E-08
  5.8781E-03  2.0424E-04 -1.4909E-09 -1.0754E-08
  5.9197E-03  2.0956E-04 -1.5336E-09 -1.1062E-08
  5.9617E-03  2.1502E-04 -1.5775E-09 -1.1379E-08
  6.0039E-03  2.2062E-04 -1.6226E-09 -1.1705E-08
  6.0464E-03  2.2636E-04 -1.6691E-09 -1.2040E-08
  6.0892E-03  2.3225E-04 -1.7169E-09 -1.2385E-08
  6.1323E-03  2.3829E-04 -1.7660E-09 -1.2739E-08
  6.1757E-03  2.4449E-04 -1.8166E-09 -1.3104E-08
  6.2194E-03  2.5085E-04 -1.8685E-09 -1.3479E-08
  6.2635E-03  2.5737E-04 -1.9220E-09 -1.3864E-08
  6.3078E-03  2.6406E-04 -1.9770E-09 -1.4261E-08
  6.3524E-03  2.7093E-04 -2.0336E-09 -1.4669E-08
  6.3974E-03  2.7797E-04 -2.0917E-09 -1.5089E-08
  6.4427E-03  2.8519E-04 -2.1516E-09 -1.5520E-08
  6.4883E-03  2.9260E-04 -2.2131E-09 -1.5964E-08
  6.5342E-03  3.0020E-04 -2.2764E-09 -1.6421E-08
  6.5804E-03  3.0799E-04 -2.3415E-09 -1.6891E-08
  6.6269E-03  3.1599E-04 -2.4085E-09 -1.7374E-08
  6.6738E-03  3.2419E-04 -2.4774E-09 -1.7870E-08
  6.7210E-03  3.3261E-04 -2.5482E-09 -1.8381E-08
  6.7686E-03  3.4124E-04 -2.6211E-09 -1.8907E-08
  6.8164E-03  3.5009E-04 -2.6960E-09 -1.9448E-08
  6.8646E-03  3.5917E-04 -2.7731E-09 -2.0003E-08
  6.9132E-03  3.6848E-04 -2.8523E-09 -2.0575E-08
  6.9620E-03  3.7804E-04 -2.9338E-09 -2.1163E-08
  7.0113E-03  3.8783E-04 -3.0177E-09 -2.1768E-08
  7.0608E-03  3.9788E-04 -3.1039E-09 -2.2390E-08
  7.1107E-03  4.0819E-04 -3.1926E-09 -2.3030E-08
  7.1610E-03  4.1877E-04 -3.2839E-09 -2.3688E-08
  7.2116E-03  4.2961E-04 -3.3777E-09 -2.4365E-08
  7.2626E-03  4.4073E-04 -3.4742E-09 -2.5061E-08
  7.3139E-03  4.5214E-04 -3.5735E-09 -2.5777E-08
  7.3656E-03  4.6384E-04 -3.6755E-09 -2.6514E-08
  7.4176E-03  4.7584E-04 -3.7805E-09 -2.7271E-08
  7.4701E-03  4.8815E-04 -3.8885E-09 -2.8050E-08
  7.5228E-03  5.0078E-04 -3.9996E-09 -2.8851E-08
  7.5760E-03  5.1372E-04 -4.1138E-09 -2.9675E-08
  7.6295E-03  5.2700E-04 -4.2313E-09 -3.0523E-08
  7.6834E-03  5.4062E-04 -4.3521E-09 -3.1394E-08
  7.7377E-03  5.5459E-04 -4.4764E-09 -3.2291E-08
  7.7923E-03  5.6891E-04 -4.6042E-09 -3.3213E-08
  7.8473E-03  5.8360E-04 -4.7356E-09 -3.4161E-08
  7.9028E-03  5.9867E-04 -4.8708E-09 -3.5136E-08
  7.9586E-03  6.1412E-04 -5.0099E-09 -3.6139E-08
  8.0148E-03  6.2996E-04 -5.1529E-09 -3.7171E-08
  8.0714E-03  6.4621E-04 -5.2999E-09 -3.8232E-08
  8.1283E-03  6.6288E-04 -5.4512E-09 -3.9323E-08
  8.1857E-03  6.7997E-04 -5.6068E-09 -4.0445E-08
  8.2435E-03  6.9750E-04 -5.7668E-09 -4.1599E-08
  8.3017E-03  7.1547E-04 -5.9313E-09 -4.2786E-08
  8.3603E-03  7.3390E-04 -6.1006E-09 -4.4007E-08
  8.4193E-03  7.5280E-04 -6.2746E-09 -4.5263E-08
  8.4787E-03  7.7218E-04 -6.4536E-09 -4.6554E-08
  8.5386E-03  7.9206E-04 -6.6378E-09 -4.7882E-08
  8.5988E-03  8.1244E-04 -6.8271E-09 -4.9248E-08
  8.6595E-03  8.3334E-04 -7.0219E-09 -5.0653E-08
  8.7206E-03  8.5477E-04 -7.2221E-09 -5.2098E-08
  8.7821E-03  8.7674E-04 -7.4281E-09 -5.3584E-08
  8.8441E-03  8.9928E-04 -7.6400E-09 -5.5112E-08
  8.9065E-03  9.2238E-04 -7.8579E-09 -5.6684E-08
  8.9693E-03  9.4608E-04 -8.0820E-09 -5.8301E-08
  9.0326E-03  9.7037E-04 -8.3124E-09 -5.9963E-08
  9.0963E-03  9.9528E-04 -8.5494E-09 -6.1673E-08
  9.1605E-03  1.0208E-03 -8.7932E-09 -6.3431E-08
  9.2251E-03  1.0470E-03 -9.0439E-09 -6.5240E-08
  9.2901E-03  1.0739E-03 -9.3017E-09 -6.7100E-08
  9.3557E-03  1.1014E-03 -9.5669E-09 -6.9013E-08
  9.4216E-03  1.1296E-03 -9.8396E-09 -7.0980E-08
  9.4881E-03  1.1586E-03 -1.0120E-08 -7.3004E-08
  9.5550E-03  1.1882E-03 -1.0409E-08 -7.5084E-08
  9.6223E-03  1.2187E-03 -1.0705E-08 -7.7224E-08
  9.6902E-03  1.2499E-03 -1.1010E-08 -7.9425E-08
  9.7585E-03  1.2818E-03 -1.1324E-08 -8.1689E-08
  9.8273E-03  1.3146E-03 -1.1647E-08 -8.4017E-08
  9.8966E-03  1.3482E-03 -1.1979E-08 -8.6411E-08
  9.9663E-03  1.3827E-03 -1.2320E-08 -8.8874E-08
  1.0037E-02  1.4180E-03 -1.2671E-08 -9.1406E-08
  1.0107E-02  1.4543E-03 -1.3032E-08 -9.4010E-08
  1.0179E-02  1.4914E-03 -1.3403E-08 -9.6689E-08
  1.0250E-02  1.5295E-03 -1.3785E-08 -9.9443E-08
  1.0323E-02  1.5685E-03 -1.4178E-08 -1.0228E-07
  1.0395E-02  1.6085E-03 -1.4582E-08 -1.0519E-07
  1.0469E-02  1.6495E-03 -1.4997E-08 -1.0819E-07
  1.0542E-02  1.6916E-03 -1.5424E-08 -1.1127E-07
  1.0617E-02  1.7346E-03 -1.5864E-08 -1.1444E-07
  1.0691E-02  1.7788E-03 -1.6315E-08 -1.1770E-07
  1.0767E-02  1.8241E-03 -1.6780E-08 -1.2105E-07
  1.0843E-02  1.8705E-03 -1.7258E-08 -1.2450E-07
  1.0919E-02  1.9181E-03 -1.7749E-08 -1.2804E-07
  1.0996E-02  1.9669E-03 -1.8255E-08 -1.3169E-07
  1.1073E-02  2.0169E-03 -1.8774E-08 -1.3544E-07
  1.1151E-02  2.0681E-03 -1.9309E-08 -1.3929E-07
  1.1230E-02  2.1207E-03 -1.9859E-08 -1.4326E-07
  1.1309E-02  2.1745E-03 -2.0424E-08 -1.4734E-07
  1.1389E-02  2.2297E-03 -2.1006E-08 -1.5153E-07
  1.1469E-02  2.2863E-03 -2.1604E-08 -1.5585E-07
  1.1550E-02  2.3442E-03 -2.2219E-08 -1.6028E-07
  1.1631E-02  2.4036E-03 -2.2851E-08 -1.6484E-07
  1.1713E-02  2.4645E-03 -2.3501E-08 -1.6954E-07
  1.1795E-02  2.5269E-03 -2.4170E-08 -1.7436E-07
  1.1878E-02  2.5909E-03 -2.4858E-08 -1.7933E-07
  1.1962E-02  2.6565E-03 -2.5566E-08 -1.8443E-07
  1.2046E-02  2.7237E-03 -2.6293E-08 -1.8968E-07
  1.2131E-02  2.7925E-03 -2.7041E-08 -1.9508E-07
  1.2216E-02  2.8631E-03 -2.7811E-08 -2.0063E-07
  1.2302E-02  2.9354E-03 -2.8602E-08 -2.0634E-07
  1.2389E-02  3.0095E-03 -2.9416E-08 -2.1221E-07
  1.2476E-02  3.0854E-03 -3.0253E-08 -2.1825E-07
  1.2564E-02  3.1632E-03 -3.1114E-08 -2.2446E-07
  1.2652E-02  3.2430E-03 -3.1999E-08 -2.3084E-07
  1.2741E-02  3.3247E-03 -3.2909E-08 -2.3741E-07
  1.2831E-02  3.4084E-03 -3.3846E-08 -2.4416E-07
  1.2921E-02  3.4942E-03 -3.4808E-08 -2.5111E-07
  1.3012E-02  3.5822E-03 -3.5799E-08 -2.5825E-07
  1.3104E-02  3.6723E-03 -3.6817E-08 -2.6560E-07
  1.3196E-02  3.7646E-03 -3.7864E-08 -2.7315E-07
  1.3289E-02  3.8592E-03 -3.8941E-08 -2.8092E-07
  1.3382E-02  3.9561E-03 -4.0049E-08 -2.8891E-07
  1.3477E-02  4.0554E-03 -4.1188E-08 -2.9713E-07
  1.3571E-02  4.1571E-03 -4.2359E-08 -3.0558E-07
  1.3667E-02  4.2613E-03 -4.3563E-08 -3.1427E-07
  1.3763E-02  4.3681E-03 -4.4802E-08 -3.2321E-07
  1.3860E-02  4.4775E-03 -4.6076E-08 -3.3240E-07
  1.3957E-02  4.5896E-03 -4.7386E-08 -3.4185E-07
  1.4056E-02  4.7044E-03 -4.8734E-08 -3.5157E-07
  1.4154E-02  4.8221E-03 -5.0119E-08 -3.6157E-07
  1.4254E-02  4.9426E-03 -5.1544E-08 -3.7185E-07
  1.4354E-02  5.0661E-03 -5.3010E-08 -3.8242E-07
  1.4455E-02  5.1926E-03 -5.4517E-08 -3.9330E-07
  1.4557E-02  5.3221E-03 -5.6067E-08 -4.0448E-07
  1.4659E-02  5.4548E-03 -5.7661E-08 -4.1598E-07
  1.4762E-02  5.5908E-03 -5.9300E-08 -4.2780E-07
  1.4866E-02  5.7301E-03 -6.0985E-08 -4.3997E-07
  1.4971E-02  5.8727E-03 -6.2719E-08 -4.5247E-07
  1.5076E-02  6.0188E-03 -6.4502E-08 -4.6533E-07
  1.5182E-02  6.1685E-03 -6.6335E-08 -4.7856E-07
  1.5289E-02  6.3218E-03 -6.8220E-08 -4.9216E-07
  1.5396E-02  6.4788E-03 -7.0159E-08 -5.0615E-07
  1.5505E-02  6.6396E-03 -7.2153E-08 -5.2054E-07
  1.5614E-02  6.8043E-03 -7.4203E-08 -5.3533E-07
  1.5723E-02  6.9730E-03 -7.6312E-08 -5.5055E-07
  1.5834E-02  7.1458E-03 -7.8481E-08 -5.6619E-07
  1.5945E-02  7.3227E-03 -8.0711E-08 -5.8228E-07
  1.6057E-02  7.5039E-03 -8.3004E-08 -5.9883E-07
  1.6170E-02  7.6895E-03 -8.5363E-08 -6.1585E-07
  1.6284E-02  7.8796E-03 -8.7788E-08 -6.3335E-07
  1.6398E-02  8.0742E-03 -9.0282E-08 -6.5134E-07
  1.6514E-02  8.2735E-03 -9.2847E-08 -6.6985E-07
  1.6630E-02  8.4775E-03 -9.5485E-08 -6.8888E-07
  1.6747E-02  8.6865E-03 -9.8198E-08 -7.0845E-07
  1.6864E-02  8.9005E-03 -1.0099E-07 -7.2858E-07
  1.6983E-02  9.1196E-03 -1.0386E-07 -7.4928E-07
  1.7102E-02  9.3439E-03 -1.0681E-07 -7.7057E-07
  1.7222E-02  9.5736E-03 -1.0984E-07 -7.9246E-07
  1.7343E-02  9.8088E-03 -1.1296E-07 -8.1497E-07
  1.7465E-02  1.0050E-02 -1.1617E-07 -8.3812E-07
  1.7588E-02  1.0296E-02 -1.1947E-07 -8.6193E-07
  1.7712E-02  1.0549E-02 -1.2286E-07 -8.8641E-07
  1.7836E-02  1.0807E-02 -1.2635E-07 -9.1159E-07
  1.7961E-02  1.1072E-02 -1.2994E-07 -9.3748E-07
  1.8088E-02  1.1342E-02 -1.3363E-07 -9.6411E-07
  1.8215E-02  1.1620E-02 -1.3743E-07 -9.9149E-07
  1.8343E-02  1.1904E-02 -1.4133E-07 -1.0197E-06
  1.8472E-02  1.2194E-02 -1.4534E-07 -1.0486E-06
  1.8601E-02  1.2492E-02 -1.4947E-07 -1.0784E-06
  1.8732E-02  1.2796E-02 -1.5371E-07 -1.1090E-06
  1.8864E-02  1.3108E-02 -1.5808E-07 -1.1405E-06
  1.8996E-02  1.3427E-02 -1.6257E-07 -1.1729E-06
  1.9130E-02  1.3753E-02 -1.6718E-07 -1.2062E-06
  1.9264E-02  1.4087E-02 -1.7193E-07 -1.2405E-06
  1.9399E-02  1.4429E-02 -1.7681E-07 -1.2757E-06
  1.9536E-02  1.4779E-02 -1.8183E-07 -1.3119E-06
  1.9673E-02  1.5138E-02 -1.8699E-07 -1.3491E-06
  1.9811E-02  1.5504E-02 -1.9230E-07 -1.3875E-06
  1.9950E-02  1.5880E-02 -1.9776E-07 -1.4268E-06
  2.0090E-02  1.6264E-02 -2.0337E-07 -1.4674E-06
  2.0231E-02  1.6656E-02 -2.0915E-07 -1.5090E-06
  2.0373E-02  1.7059E-02 -2.1508E-07 -1.5519E-06
  2.0517E-02  1.7470E-02 -2.2119E-07 -1.5959E-06
  2.0661E-02  1.7891E-02 -2.2747E-07 -1.6412E-06
  2.0806E-02  1.8322E-02 -2.3392E-07 -1.6878E-06
  2.0952E-02  1.8763E-02 -2.4056E-07 -1.7357E-06
  2.1099E-02  1.9214E-02 -2.4739E-07 -1.7850E-06
  2.1247E-02  1.9675E-02 -2.5441E-07 -1.8357E-06
  2.1396E-02  2.0148E-02 -2.6163E-07 -1.8878E-06
  2.1547E-02  2.0631E-02 -2.6906E-07 -1.9413E-06
  2.1698E-02  2.1125E-02 -2.7669E-07 -1.9964E-06
  2.1850E-02  2.1630E-02 -2.8455E-07 -2.0531E-06
  2.2004E-02  2.2148E-02 -2.9262E-07 -2.1114E-06
  2.2158E-02  2.2677E-02 -3.0093E-07 -2.1713E-06
  2.2314E-02  2.3218E-02 -3.0946E-07 -2.2329E-06
  2.2470E-02  2.3772E-02 -3.1825E-07 -2.2963E-06
  2.2628E-02  2.4338E-02 -3.2728E-07 -2.3615E-06
  2.2787E-02  2.4917E-02 -3.3656E-07 -2.4285E-06
  2.2947E-02  2.5510E-02 -3.4611E-07 -2.4974E-06
  2.3108E-02  2.6116E-02 -3.5593E-07 -2.5683E-06
  2.3270E-02  2.6736E-02 -3.6603E-07 -2.6412E-06
  2.3434E-02  2.7370E-02 -3.7642E-07 -2.7161E-06
  2.3598E-02  2.8018E-02 -3.8709E-07 -2.7932E-06
  2.3764E-02  2.8681E-02 -3.9808E-07 -2.8724E-06
  2.3931E-02  2.9359E-02 -4.0937E-07 -2.9539E-06
  2.4099E-02  3.0052E-02 -4.2098E-07 -3.0377E-06
  2.4268E-02  3.0761E-02 -4.3293E-07 -3.1239E-06
  2.4438E-02  3.1486E-02 -4.4521E-07 -3.2126E-06
  2.4610E-02  3.2228E-02 -4.5784E-07 -3.3037E-06
  2.4783E-02  3.2986E-02 -4.7082E-07 -3.3974E-06
  2.4957E-02  3.3761E-02 -4.8418E-07 -3.4938E-06
  2.5132E-02  3.4553E-02 -4.9791E-07 -3.5930E-06
  2.5308E-02  3.5363E-02 -5.1203E-07 -3.6949E-06
  2.5486E-02  3.6191E-02 -5.2656E-07 -3.7997E-06
  2.5665E-02  3.7038E-02 -5.4149E-07 -3.9075E-06
  2.5845E-02  3.7903E-02 -5.5685E-07 -4.0183E-06
  2.6026E-02  3.8788E-02 -5.7264E-07 -4.1323E-06
  2.6209E-02  3.9693E-02 -5.8888E-07 -4.2496E-06
  2.6393E-02  4.0617E-02 -6.0558E-07 -4.3701E-06
  2.6578E-02  4.1562E-02 -6.2276E-07 -4.4941E-06
  2.6764E-02  4.2528E-02 -6.4042E-07 -4.6215E-06
  2.6952E-02  4.3515E-02 -6.5858E-07 -4.7526E-06
  2.7141E-02  4.4524E-02 -6.7726E-07 -4.8874E-06
  2.7332E-02  4.5555E-02 -6.9646E-07 -5.0260E-06
  2.7524E-02  4.6609E-02 -7.1621E-07 -5.1686E-06
  2.7717E-02  4.7686E-02 -7.3652E-07 -5.3152E-06
  2.7911E-02  4.8786E-02 -7.5740E-07 -5.4659E-06
  2.8107E-02  4.9911E-02 -7.7888E-07 -5.6210E-06
  2.8304E-02  5.1060E-02 -8.0096E-07 -5.7804E-06
  2.8503E-02  5.2234E-02 -8.2367E-07 -5.9443E-06
  2.8703E-02  5.3433E-02 -8.4702E-07 -6.1129E-06
  2.8904E-02  5.4659E-02 -8.7104E-07 -6.2862E-06
  2.9107E-02  5.5911E-02 -8.9573E-07 -6.4645E-06
  2.9311E-02  5.7190E-02 -9.2113E-07 -6.6478E-06
  2.9517E-02  5.8497E-02 -9.4724E-07 -6.8363E-06
  2.9724E-02  5.9832E-02 -9.7409E-07 -7.0302E-06
  2.9933E-02  6.1196E-02 -1.0017E-06 -7.2295E-06
  3.0143E-02  6.2589E-02 -1.0301E-06 -7.4345E-06
  3.0354E-02  6.4011E-02 -1.0593E-06 -7.6453E-06
  3.0567E-02  6.5465E-02 -1.0893E-06 -7.8621E-06
  3.0781E-02  6.6949E-02 -1.1202E-06 -8.0850E-06
  3.0997E-02  6.8465E-02 -1.1520E-06 -8.3143E-06
  3.1215E-02  7.0013E-02 -1.1846E-06 -8.5500E-06
  3.1434E-02  7.1594E-02 -1.2182E-06 -8.7924E-06
  3.1654E-02  7.3208E-02 -1.2527E-06 -9.0417E-06
  3.1876E-02  7.4856E-02 -1.2882E-06 -9.2981E-06
  3.2100E-02  7.6540E-02 -1.3247E-06 -9.5617E-06
  3.2325E-02  7.8258E-02 -1.3623E-06 -9.8327E-06
  3.2552E-02  8.0013E-02 -1.4009E-06 -1.0111E-05
  3.2780E-02  8.1805E-02 -1.4406E-06 -1.0398E-05
  3.3010E-02  8.3634E-02 -1.4814E-06 -1.0693E-05
  3.3242E-02  8.5501E-02 -1.5234E-06 -1.0996E-05
  3.3475E-02  8.7407E-02 -1.5666E-06 -1.1308E-05
  3.3710E-02  8.9353E-02 -1.6110E-06 -1.1628E-05
  3.3946E-02  9.1339E-02 -1.6566E-06 -1.1958E-05
  3.4184E-02  9.3367E-02 -1.7036E-06 -1.2297E-05
  3.4424E-02  9.5436E-02 -1.7518E-06 -1.2645E-05
  3.4665E-02  9.7547E-02 -1.8015E-06 -1.3004E-05
  3.4908E-02  9.9703E-02 -1.8525E-06 -1.3373E-05
  3.5153E-02  1.0190E-01 -1.9050E-06 -1.3752E-05
  3.5400E-02  1.0415E-01 -1.9590E-06 -1.4141E-05
  3.5648E-02  1.0644E-01 -2.0145E-06 -1.4542E-05
  3.5898E-02  1.0877E-01 -2.0716E-06 -1.4954E-05
  3.6150E-02  1.1116E-01 -2.1302E-06 -1.5378E-05
  3.6403E-02  1.1359E-01 -2.1906E-06 -1.5814E-05
  3.6659E-02  1.1607E-01 -2.2527E-06 -1.6262E-05
  3.6916E-02  1.1860E-01 -2.3165E-06 -1.6723E-05
  3.7174E-02  1.2119E-01 -2.3821E-06 -1.7197E-05
  3.7435E-02  1.2382E-01 -2.4496E-06 -1.7684E-05
  3.7698E-02  1.2651E-01 -2.5190E-06 -1.8186E-05
  3.7962E-02  1.2925E-01 -2.5903E-06 -1.8701E-05
  3.8228E-02  1.3205E-01 -2.6637E-06 -1.9231E-05
  3.8496E-02  1.3490E-01 -2.7392E-06 -1.9776E-05
  3.8766E-02  1.3781E-01 -2.8167E-06 -2.0336E-05
  3.9038E-02  1.4077E-01 -2.8965E-06 -2.0913E-05
  3.9312E-02  1.4380E-01 -2.9786E-06 -2.1505E-05
  3.9587E-02  1.4688E-01 -3.0629E-06 -2.2115E-05
  3.9865E-02  1.5002E-01 -3.1497E-06 -2.2741E-05
  4.0145E-02  1.5323E-01 -3.2389E-06 -2.3386E-05
  4.0426E-02  1.5650E-01 -3.3306E-06 -2.4048E-05
  4.0709E-02  1.5983E-01 -3.4249E-06 -2.4730E-05
  4.0995E-02  1.6323E-01 -3.5219E-06 -2.5430E-05
  4.1282E-02  1.6669E-01 -3.6217E-06 -2.6151E-05
  4.1572E-02  1.7022E-01 -3.7242E-06 -2.6892E-05
  4.1863E-02  1.7381E-01 -3.8297E-06 -2.7654E-05
  4.2157E-02  1.7748E-01 -3.9382E-06 -2.8437E-05
  4.2452E-02  1.8122E-01 -4.0497E-06 -2.9243E-05
  4.2750E-02  1.8502E-01 -4.1643E-06 -3.0072E-05
  4.3050E-02  1.8890E-01 -4.2823E-06 -3.0924E-05
  4.3351E-02  1.9286E-01 -4.4035E-06 -3.1800E-05
  4.3655E-02  1.9688E-01 -4.5282E-06 -3.2701E-05
  4.3961E-02  2.0099E-01 -4.6564E-06 -3.3627E-05
  4.4269E-02  2.0517E-01 -4.7882E-06 -3.4580E-05
  4.4580E-02  2.0943E-01 -4.9238E-06 -3.5559E-05
  4.4892E-02  2.1377E-01 -5.0632E-06 -3.6567E-05
  4.5207E-02  2.1819E-01 -5.2066E-06 -3.7603E-05
  4.5524E-02  2.2269E-01 -5.3540E-06 -3.8668E-05
  4.5843E-02  2.2727E-01 -5.5055E-06 -3.9763E-05
  4.6164E-02  2.3194E-01 -5.6614E-06 -4.0890E-05
  4.6488E-02  2.3669E-01 -5.8216E-06 -4.2048E-05
  4.6814E-02  2.4154E-01 -5.9864E-06 -4.3239E-05
  4.7142E-02  2.4647E-01 -6.1559E-06 -4.4464E-05
  4.7473E-02  2.5149E-01 -6.3301E-06 -4.5723E-05
  4.7805E-02  2.5660E-01 -6.5093E-06 -4.7018E-05
  4.8140E-02  2.6180E-01 -6.6936E-06 -4.8350E-05
  4.8478E-02  2.6709E-01 -6.8830E-06 -4.9719E-05
  4.8818E-02  2.7249E-01 -7.0778E-06 -5.1128E-05
  4.9160E-02  2.7797E-01 -7.2782E-06 -5.2576E-05
  4.9504E-02  2.8356E-01 -7.4842E-06 -5.4065E-05
  4.9851E-02  2.8924E-01 -7.6960E-06 -5.5596E-05
  5.0201E-02  2.9503E-01 -7.9138E-06 -5.7171E-05
  5.0553E-02  3.0091E-01 -8.1377E-06 -5.8790E-05
  5.0907E-02  3.0690E-01 -8.3680E-06 -6.0455E-05
  5.1264E-02  3.1299E-01 -8.6048E-06 -6.2167E-05
  5.1623E-02  3.1919E-01 -8.8483E-06 -6.3928E-05
  5.1985E-02  3.2550E-01 -9.0987E-06 -6.5738E-05
  5.2349E-02  3.3191E-01 -9.3562E-06 -6.7600E-05
  5.2716E-02  3.3844E-01 -9.6209E-06 -6.9514E-05
  5.3086E-02  3.4508E-01 -9.8931E-06 -7.1483E-05
  5.3458E-02  3.5183E-01 -1.0173E-05 -7.3507E-05
  5.3832E-02  3.5869E-01 -1.0461E-05 -7.5588E-05
  5.4209E-02  3.6567E-01 -1.0757E-05 -7.7729E-05
  5.4589E-02  3.7277E-01 -1.1061E-05 -7.9930E-05
  5.4972E-02  3.7999E-01 -1.1374E-05 -8.2193E-05
  5.5357E-02  3.8732E-01 -1.1696E-05 -8.4521E-05
  5.5745E-02  3.9478E-01 -1.2027E-05 -8.6914E-05
  5.6136E-02  4.0236E-01 -1.2367E-05 -8.9375E-05
  5.6529E-02  4.1007E-01 -1.2717E-05 -9.1906E-05
  5.6925E-02  4.1790E-01 -1.3076E-05 -9.4508E-05
  5.7324E-02  4.2586E-01 -1.3446E-05 -9.7184E-05
  5.7726E-02  4.3395E-01 -1.3827E-05 -9.9935E-05
  5.8131E-02  4.4217E-01 -1.4218E-05 -1.0276E-04
  5.8538E-02  4.5052E-01 -1.4620E-05 -1.0567E-04
  5.8948E-02  4.5901E-01 -1.5033E-05 -1.0867E-04
  5.9361E-02  4.6763E-01 -1.5459E-05 -1.1174E-04
  5.9777E-02  4.7638E-01 -1.5896E-05 -1.1491E-04
  6.0196E-02  4.8528E-01 -1.6345E-05 -1.1816E-04
  6.0618E-02  4.9431E-01 -1.6807E-05 -1.2150E-04
  6.1043E-02  5.0348E-01 -1.7283E-05 -1.2494E-04
  6.1470E-02  5.1280E-01 -1.7771E-05 -1.2848E-04
  6.1901E-02  5.2226E-01 -1.8274E-05 -1.3212E-04
  6.2335E-02  5.3186E-01 -1.8791E-05 -1.3586E-04
  6.2772E-02  5.4161E-01 -1.9322E-05 -1.3970E-04
  6.3211E-02  5.5151E-01 -1.9868E-05 -1.4366E-04
  6.3654E-02  5.6155E-01 -2.0430E-05 -1.4773E-04
  6.4100E-02  5.7175E-01 -2.1008E-05 -1.5191E-04
  6.4550E-02  5.8210E-01 -2.1602E-05 -1.5621E-04
  6.5002E-02  5.9260E-01 -2.2212E-05 -1.6063E-04
  6.5457E-02  6.0326E-01 -2.2840E-05 -1.6518E-04
  6.5916E-02  6.1407E-01 -2.3486E-05 -1.6985E-04
  6.6378E-02  6.2504E-01 -2.4150E-05 -1.7466E-04
  6.6843E-02  6.3616E-01 -2.4832E-05 -1.7960E-04
  6.7311E-02  6.4745E-01 -2.5534E-05 -1.8468E-04
  6.7783E-02  6.5890E-01 -2.6256E-05 -1.8991E-04
  6.8258E-02  6.7051E-01 -2.6998E-05 -1.9529E-04
  6.8736E-02  6.8228E-01 -2.7761E-05 -2.0081E-04
  6.9218E-02  6.9422E-01 -2.8546E-05 -2.0650E-04
  6.9703E-02  7.0632E-01 -2.9352E-05 -2.1234E-04
  7.0191E-02  7.1859E-01 -3.0182E-05 -2.1835E-04
  7.0683E-02  7.3102E-01 -3.1035E-05 -2.2453E-04
  7.1178E-02  7.4363E-01 -3.1911E-05 -2.3088E-04
  7.1677E-02  7.5640E-01 -3.2813E-05 -2.3742E-04
  7.2179E-02  7.6935E-01 -3.3740E-05 -2.4414E-04
  7.2684E-02  7.8247E-01 -3.4694E-05 -2.5104E-04
  7.3194E-02  7.9576E-01 -3.5674E-05 -2.5815E-04
  7.3706E-02  8.0922E-01 -3.6682E-05 -2.6545E-04
  7.4223E-02  8.2286E-01 -3.7718E-05 -2.7296E-04
  7.4743E-02  8.3667E-01 -3.8783E-05 -2.8069E-04
  7.5266E-02  8.5066E-01 -3.9879E-05 -2.8863E-04
  7.5794E-02  8.6482E-01 -4.1005E-05 -2.9680E-04
  7.6325E-02  8.7916E-01 -4.2163E-05 -3.0519E-04
  7.6859E-02  8.9369E-01 -4.3354E-05 -3.1383E-04
  7.7398E-02  9.0838E-01 -4.4579E-05 -3.2271E-04
  7.7940E-02  9.2326E-01 -4.5838E-05 -3.3184E-04
  7.8486E-02  9.3832E-01 -4.7132E-05 -3.4123E-04
  7.9036E-02  9.5356E-01 -4.8463E-05 -3.5088E-04
  7.9590E-02  9.6898E-01 -4.9832E-05 -3.6081E-04
  8.0147E-02  9.8457E-01 -5.1239E-05 -3.7101E-04
  8.0709E-02  1.0004E+00 -5.2685E-05 -3.8151E-04
  8.1274E-02  1.0163E+00 -5.4173E-05 -3.9230E-04
  8.1843E-02  1.0325E+00 -5.5702E-05 -4.0340E-04
  8.2417E-02  1.0488E+00 -5.7275E-05 -4.1481E-04
  8.2994E-02  1.0653E+00 -5.8892E-05 -4.2655E-04
  8.3575E-02  1.0820E+00 -6.0554E-05 -4.3861E-04
  8.4161E-02  1.0988E+00 -6.2263E-05 -4.5102E-04
  8.4750E-02  1.1159E+00 -6.4021E-05 -4.6377E-04
  8.5344E-02  1.1331E+00 -6.5828E-05 -4.7689E-04
  8.5942E-02  1.1505E+00 -6.7686E-05 -4.9038E-04
  8.6544E-02  1.1681E+00 -6.9596E-05 -5.0425E-04
  8.7150E-02  1.1859E+00 -7.1560E-05 -5.1851E-04
  8.7761E-02  1.2038E+00 -7.3579E-05 -5.3318E-04
  8.8375E-02  1.2220E+00 -7.5655E-05 -5.4826E-04
  8.8994E-02  1.2403E+00 -7.7790E-05 -5.6376E-04
  8.9618E-02  1.2588E+00 -7.9984E-05 -5.7970E-04
  9.0246E-02  1.2774E+00 -8.2241E-05 -5.9610E-04
  9.0878E-02  1.2963E+00 -8.4561E-05 -6.1296E-04
  9.1514E-02  1.3153E+00 -8.6946E-05 -6.3029E-04
  9.2155E-02  1.3345E+00 -8.9399E-05 -6.4811E-04
  9.2801E-02  1.3538E+00 -9.1920E-05 -6.6644E-04
  9.3451E-02  1.3733E+00 -9.4513E-05 -6.8528E-04
  9.4105E-02  1.3930E+00 -9.7178E-05 -7.0466E-04
  9.4764E-02  1.4129E+00 -9.9919E-05 -7.2458E-04
  9.5428E-02  1.4329E+00 -1.0274E-04 -7.4507E-04
  9.6097E-02  1.4531E+00 -1.0563E-04 -7.6613E-04
  9.6770E-02  1.4735E+00 -1.0861E-04 -7.8780E-04
  9.7448E-02  1.4940E+00 -1.1167E-04 -8.1007E-04
  9.8130E-02  1.5147E+00 -1.1482E-04 -8.3297E-04
  9.8817E-02  1.5355E+00 -1.1806E-04 -8.5652E-04
  9.9510E-02  1.5565E+00 -1.2139E-04 -8.8073E-04
  1.0021E-01  1.5776E+00 -1.2481E-04 -9.0563E-04
  1.0091E-01  1.5989E+00 -1.2833E-04 -9.3123E-04
  1.0162E-01  1.6203E+00 -1.3194E-04 -9.5755E-04
  1.0233E-01  1.6419E+00 -1.3566E-04 -9.8462E-04
  1.0304E-01  1.6636E+00 -1.3948E-04 -1.0124E-03
  1.0377E-01  1.6855E+00 -1.4341E-04 -1.0411E-03
  1.0449E-01  1.7075E+00 -1.4745E-04 -1.0705E-03
  1.0522E-01  1.7296E+00 -1.5161E-04 -1.1007E-03
  1.0596E-01  1.7519E+00 -1.5588E-04 -1.1318E-03
  1.0670E-01  1.7743E+00 -1.6027E-04 -1.1638E-03
  1.0745E-01  1.7968E+00 -1.6478E-04 -1.1967E-03
  1.0820E-01  1.8194E+00 -1.6942E-04 -1.2305E-03
  1.0896E-01  1.8421E+00 -1.7419E-04 -1.2653E-03
  1.0972E-01  1.8650E+00 -1.7910E-04 -1.3011E-03
  1.1049E-01  1.8879E+00 -1.8414E-04 -1.3378E-03
  1.1127E-01  1.9110E+00 -1.8933E-04 -1.3756E-03
  1.1205E-01  1.9341E+00 -1.9466E-04 -1.4145E-03
  1.1283E-01  1.9574E+00 -2.0014E-04 -1.4545E-03
  1.1362E-01  1.9807E+00 -2.0577E-04 -1.4956E-03
  1.1442E-01  2.0041E+00 -2.1156E-04 -1.5378E-03
  1.1522E-01  2.0276E+00 -2.1751E-04 -1.5813E-03
  1.1602E-01  2.0512E+00 -2.2363E-04 -1.6259E-03
  1.1684E-01  2.0748E+00 -2.2993E-04 -1.6719E-03
  1.1766E-01  2.0985E+00 -2.3640E-04 -1.7191E-03
  1.1848E-01  2.1223E+00 -2.4305E-04 -1.7676E-03
  1.1931E-01  2.1461E+00 -2.4988E-04 -1.8176E-03
  1.2014E-01  2.1700E+00 -2.5691E-04 -1.8689E-03
  1.2099E-01  2.1939E+00 -2.6414E-04 -1.9217E-03
  1.2183E-01  2.2178E+00 -2.7156E-04 -1.9760E-03
  1.2269E-01  2.2418E+00 -2.7920E-04 -2.0318E-03
  1.2355E-01  2.2658E+00 -2.8705E-04 -2.0891E-03
  1.2441E-01  2.2898E+00 -2.9512E-04 -2.1481E-03
  1.2528E-01  2.3138E+00 -3.0342E-04 -2.2088E-03
  1.2616E-01  2.3378E+00 -3.1194E-04 -2.2711E-03
  1.2704E-01  2.3618E+00 -3.2071E-04 -2.3353E-03
  1.2793E-01  2.3858E+00 -3.2972E-04 -2.4012E-03
  1.2883E-01  2.4097E+00 -3.3899E-04 -2.4690E-03
  1.2973E-01  2.4337E+00 -3.4851E-04 -2.5387E-03
  1.3064E-01  2.4576E+00 -3.5830E-04 -2.6104E-03
  1.3155E-01  2.4814E+00 -3.6837E-04 -2.6840E-03
  1.3248E-01  2.5052E+00 -3.7871E-04 -2.7598E-03
  1.3340E-01  2.5290E+00 -3.8935E-04 -2.8377E-03
  1.3434E-01  2.5527E+00 -4.0028E-04 -2.9178E-03
  1.3528E-01  2.5763E+00 -4.1152E-04 -3.0001E-03
  1.3623E-01  2.5998E+00 -4.2307E-04 -3.0848E-03
  1.3718E-01  2.6233E+00 -4.3495E-04 -3.1718E-03
  1.3814E-01  2.6466E+00 -4.4716E-04 -3.2613E-03
  1.3911E-01  2.6698E+00 -4.5970E-04 -3.3534E-03
  1.4008E-01  2.6929E+00 -4.7260E-04 -3.4480E-03
  1.4106E-01  2.7159E+00 -4.8586E-04 -3.5453E-03
  1.4205E-01  2.7387E+00 -4.9949E-04 -3.6453E-03
  1.4304E-01  2.7614E+00 -5.1350E-04 -3.7481E-03
  1.4405E-01  2.7839E+00 -5.2790E-04 -3.8538E-03
  1.4506E-01  2.8063E+00 -5.4270E-04 -3.9625E-03
  1.4607E-01  2.8285E+00 -5.5792E-04 -4.0743E-03
  1.4709E-01  2.8505E+00 -5.7356E-04 -4.1892E-03
  1.4812E-01  2.8723E+00 -5.8963E-04 -4.3073E-03
  1.4916E-01  2.8939E+00 -6.0616E-04 -4.4288E-03
  1.5021E-01  2.9153E+00 -6.2314E-04 -4.5537E-03
  1.5126E-01  2.9364E+00 -6.4060E-04 -4.6821E-03
  1.5232E-01  2.9573E+00 -6.5855E-04 -4.8141E-03
  1.5338E-01  2.9780E+00 -6.7699E-04 -4.9498E-03
  1.5446E-01  2.9984E+00 -6.9595E-04 -5.0893E-03
  1.5554E-01  3.0185E+00 -7.1544E-04 -5.2328E-03
  1.5663E-01  3.0384E+00 -7.3546E-04 -5.3803E-03
  1.5772E-01  3.0579E+00 -7.5605E-04 -5.5319E-03
  1.5883E-01  3.0772E+00 -7.7721E-04 -5.6878E-03
  1.5994E-01  3.0961E+00 -7.9896E-04 -5.8481E-03
  1.6106E-01  3.1147E+00 -8.2131E-04 -6.0129E-03
  1.6219E-01  3.1330E+00 -8.4428E-04 -6.1823E-03
  1.6332E-01  3.1509E+00 -8.6790E-04 -6.3565E-03
  1.6447E-01  3.1685E+00 -8.9216E-04 -6.5355E-03
  1.6562E-01  3.1857E+00 -9.1711E-04 -6.7196E-03
  1.6678E-01  3.2025E+00 -9.4274E-04 -6.9089E-03
  1.6795E-01  3.2189E+00 -9.6909E-04 -7.1035E-03
  1.6912E-01  3.2349E+00 -9.9617E-04 -7.3035E-03
  1.7031E-01  3.2504E+00 -1.0240E-03 -7.5092E-03
  1.7150E-01  3.2656E+00 -1.0526E-03 -7.7206E-03
  1.7270E-01  3.2802E+00 -1.0820E-03 -7.9380E-03
  1.7391E-01  3.2945E+00 -1.1122E-03 -8.1614E-03
  1.7513E-01  3.3082E+00 -1.1433E-03 -8.3912E-03
  1.7635E-01  3.3215E+00 -1.1752E-03 -8.6274E-03
  1.7759E-01  3.3343E+00 -1.2080E-03 -8.8701E-03
  1.7883E-01  3.3466E+00 -1.2417E-03 -9.1198E-03
  1.8008E-01  3.3583E+00 -1.2763E-03 -9.3764E-03
  1.8135E-01  3.3696E+00 -1.3119E-03 -9.6402E-03
  1.8262E-01  3.3803E+00 -1.3485E-03 -9.9113E-03
  1.8389E-01  3.3904E+00 -1.3860E-03 -1.0190E-02
  1.8518E-01  3.4000E+00 -1.4247E-03 -1.0477E-02
  1.8648E-01  3.4089E+00 -1.4644E-03 -1.0771E-02
  1.8778E-01  3.4173E+00 -1.5052E-03 -1.1074E-02
  1.8910E-01  3.4251E+00 -1.5471E-03 -1.1386E-02
  1.9042E-01  3.4323E+00 -1.5902E-03 -1.1706E-02
  1.9176E-01  3.4388E+00 -1.6344E-03 -1.2035E-02
  1.9310E-01  3.4447E+00 -1.6799E-03 -1.2373E-02
  1.9445E-01  3.4499E+00 -1.7267E-03 -1.2721E-02
  1.9581E-01  3.4545E+00 -1.7747E-03 -1.3078E-02
  1.9718E-01  3.4584E+00 -1.8240E-03 -1.3446E-02
  1.9856E-01  3.4616E+00 -1.8748E-03 -1.3823E-02
  1.9995E-01  3.4641E+00 -1.9269E-03 -1.4211E-02
  2.0135E-01  3.4659E+00 -1.9804E-03 -1.4611E-02
  2.0276E-01  3.4669E+00 -2.0354E-03 -1.5021E-02
  2.0418E-01  3.4673E+00 -2.0920E-03 -1.5443E-02
  2.0561E-01  3.4668E+00 -2.1500E-03 -1.5876E-02
  2.0705E-01  3.4656E+00 -2.2097E-03 -1.6322E-02
  2.0850E-01  3.4637E+00 -2.2710E-03 -1.6780E-02
  2.0996E-01  3.4609E+00 -2.3341E-03 -1.7251E-02
  2.1143E-01  3.4574E+00 -2.3988E-03 -1.7735E-02
  2.1291E-01  3.4530E+00 -2.4653E-03 -1.8232E-02
  2.1440E-01  3.4479E+00 -2.5336E-03 -1.8743E-02
  2.1590E-01  3.4419E+00 -2.6038E-03 -1.9269E-02
  2.1742E-01  3.4351E+00 -2.6760E-03 -1.9809E-02
  2.1894E-01  3.4274E+00 -2.7501E-03 -2.0364E-02
  2.2047E-01  3.4189E+00 -2.8262E-03 -2.0935E-02
  2.2201E-01  3.4095E+00 -2.9044E-03 -2.1522E-02
  2.2357E-01  3.3992E+00 -2.9848E-03 -2.2125E-02
  2.2513E-01  3.3880E+00 -3.0673E-03 -2.2745E-02
  2.2671E-01  3.3760E+00 -3.1521E-03 -2.3381E-02
  2.2830E-01  3.3630E+00 -3.2393E-03 -2.4036E-02
  2.2990E-01  3.3492E+00 -3.3288E-03 -2.4709E-02
  2.3151E-01  3.3344E+00 -3.4207E-03 -2.5401E-02
  2.3313E-01  3.3187E+00 -3.5152E-03 -2.6111E-02
  2.3476E-01  3.3020E+00 -3.6122E-03 -2.6842E-02
  2.3640E-01  3.2844E+00 -3.7118E-03 -2.7593E-02
  2.3806E-01  3.2659E+00 -3.8142E-03 -2.8365E-02
  2.3972E-01  3.2464E+00 -3.9194E-03 -2.9158E-02
  2.4140E-01  3.2259E+00 -4.0274E-03 -2.9973E-02
  2.4309E-01  3.2045E+00 -4.1383E-03 -3.0810E-02
  2.4480E-01  3.1821E+00 -4.2523E-03 -3.1671E-02
  2.4651E-01  3.1587E+00 -4.3694E-03 -3.2556E-02
  2.4823E-01  3.1343E+00 -4.4896E-03 -3.3465E-02
  2.4997E-01  3.1090E+00 -4.6131E-03 -3.4399E-02
  2.5172E-01  3.0826E+00 -4.7399E-03 -3.5360E-02
  2.5349E-01  3.0552E+00 -4.8702E-03 -3.6346E-02
  2.5526E-01  3.0269E+00 -5.0040E-03 -3.7360E-02
  2.5705E-01  2.9975E+00 -5.1414E-03 -3.8402E-02
  2.5885E-01  2.9671E+00 -5.2825E-03 -3.9473E-02
  2.6066E-01  2.9357E+00 -5.4274E-03 -4.0573E-02
  2.6248E-01  2.9033E+00 -5.5763E-03 -4.1704E-02
  2.6432E-01  2.8699E+00 -5.7291E-03 -4.2866E-02
  2.6617E-01  2.8354E+00 -5.8861E-03 -4.4060E-02
  2.6804E-01  2.8000E+00 -6.0473E-03 -4.5286E-02
  2.6991E-01  2.7635E+00 -6.2128E-03 -4.6547E-02
  2.7180E-01  2.7259E+00 -6.3827E-03 -4.7842E-02
  2.7370E-01  2.6874E+00 -6.5573E-03 -4.9173E-02
  2.7562E-01  2.6478E+00 -6.7365E-03 -5.0540E-02
  2.7755E-01  2.6073E+00 -6.9205E-03 -5.1945E-02
  2.7949E-01  2.5657E+00 -7.1095E-03 -5.3388E-02
  2.8145E-01  2.5230E+00 -7.3035E-03 -5.4871E-02
  2.8342E-01  2.4794E+00 -7.5027E-03 -5.6394E-02
  2.8540E-01  2.4348E+00 -7.7072E-03 -5.7960E-02
  2.8740E-01  2.3891E+00 -7.9172E-03 -5.9568E-02
  2.8941E-01  2.3424E+00 -8.1328E-03 -6.1220E-02
  2.9144E-01  2.2948E+00 -8.3541E-03 -6.2917E-02
  2.9348E-01  2.2461E+00 -8.5813E-03 -6.4661E-02
  2.9554E-01  2.1964E+00 -8.8146E-03 -6.6452E-02
  2.9760E-01  2.1458E+00 -9.0541E-03 -6.8292E-02
  2.9969E-01  2.0942E+00 -9.2999E-03 -7.0182E-02
  3.0179E-01  2.0416E+00 -9.5522E-03 -7.2124E-02
  3.0390E-01  1.9880E+00 -9.8113E-03 -7.4118E-02
  3.0603E-01  1.9335E+00 -1.0077E-02 -7.6167E-02
  3.0817E-01  1.8780E+00 -1.0350E-02 -7.8271E-02
  3.1033E-01  1.8215E+00 -1.0630E-02 -8.0433E-02
  3.1250E-01  1.7642E+00 -1.0918E-02 -8.2653E-02
  3.1469E-01  1.7058E+00 -1.1213E-02 -8.4933E-02
  3.1689E-01  1.6466E+00 -1.1516E-02 -8.7275E-02
  3.1911E-01  1.5865E+00 -1.1827E-02 -8.9680E-02
  3.2134E-01  1.5255E+00 -1.2146E-02 -9.2150E-02
  3.2359E-01  1.4635E+00 -1.2473E-02 -9.4687E-02
  3.2586E-01  1.4007E+00 -1.2809E-02 -9.7292E-02
  3.2814E-01  1.3371E+00 -1.3154E-02 -9.9968E-02
  3.3044E-01  1.2726E+00 -1.3508E-02 -1.0272E-01
  3.3275E-01  1.2072E+00 -1.3871E-02 -1.0554E-01
  3.3508E-01  1.1410E+00 -1.4243E-02 -1.0843E-01
  3.3742E-01  1.0740E+00 -1.4625E-02 -1.1141E-01
  3.3979E-01  1.0062E+00 -1.5018E-02 -1.1446E-01
  3.4216E-01  9.3765E-01 -1.5420E-02 -1.1760E-01
  3.4456E-01  8.6831E-01 -1.5833E-02 -1.2082E-01
  3.4697E-01  7.9821E-01 -1.6256E-02 -1.2412E-01
  3.4940E-01  7.2737E-01 -1.6691E-02 -1.2752E-01
  3.5185E-01  6.5582E-01 -1.7137E-02 -1.3100E-01
  3.5431E-01  5.8356E-01 -1.7594E-02 -1.3458E-01
  3.5679E-01  5.1062E-01 -1.8063E-02 -1.3825E-01
  3.5929E-01  4.3700E-01 -1.8544E-02 -1.4202E-01
  3.6180E-01  3.6274E-01 -1.9038E-02 -1.4589E-01
  3.6434E-01  2.8785E-01 -1.9544E-02 -1.4986E-01
  3.6689E-01  2.1234E-01 -2.0063E-02 -1.5393E-01
  3.6946E-01  1.3625E-01 -2.0595E-02 -1.5812E-01
  3.7204E-01  5.9578E-02 -2.1141E-02 -1.6241E-01
  3.7465E-01 -1.7644E-02 -2.1701E-02 -1.6682E-01
  3.7727E-01 -9.5397E-02 -2.2276E-02 -1.7134E-01
  3.7991E-01 -1.7366E-01 -2.2864E-02 -1.7598E-01
  3.8257E-01 -2.5241E-01 -2.3468E-02 -1.8074E-01
  3.8525E-01 -3.3163E-01 -2.4087E-02 -1.8562E-01
  3.8794E-01 -4.1129E-01 -2.4722E-02 -1.9063E-01
  3.9066E-01 -4.9138E-01 -2.5373E-02 -1.9578E-01
  3.9340E-01 -5.7186E-01 -2.6040E-02 -2.0105E-01
  3.9615E-01 -6.5272E-01 -2.6724E-02 -2.0647E-01
  3.9892E-01 -7.3393E-01 -2.7425E-02 -2.1202E-01
  4.0172E-01 -8.1547E-01 -2.8144E-02 -2.1771E-01
  4.0453E-01 -8.9732E-01 -2.8881E-02 -2.2356E-01
  4.0736E-01 -9.7944E-01 -2.9636E-02 -2.2955E-01
  4.1021E-01 -1.0618E+00 -3.0410E-02 -2.3569E-01
  4.1308E-01 -1.1444E+00 -3.1203E-02 -2.4200E-01
  4.1597E-01 -1.2272E+00 -3.2016E-02 -2.4846E-01
  4.1889E-01 -1.3102E+00 -3.2849E-02 -2.5509E-01
  4.2182E-01 -1.3934E+00 -3.3702E-02 -2.6188E-01
  4.2477E-01 -1.4766E+00 -3.4577E-02 -2.6885E-01
  4.2775E-01 -1.5600E+00 -3.5473E-02 -2.7600E-01
  4.3074E-01 -1.6435E+00 -3.6391E-02 -2.8332E-01
  4.3375E-01 -1.7269E+00 -3.7332E-02 -2.9083E-01
  4.3679E-01 -1.8105E+00 -3.8296E-02 -2.9852E-01
  4.3985E-01 -1.8940E+00 -3.9283E-02 -3.0641E-01
  4.4293E-01 -1.9774E+00 -4.0294E-02 -3.1449E-01
  4.4603E-01 -2.0609E+00 -4.1329E-02 -3.2278E-01
  4.4915E-01 -2.1442E+00 -4.2390E-02 -3.3127E-01
  4.5229E-01 -2.2274E+00 -4.3476E-02 -3.3997E-01
  4.5546E-01 -2.3105E+00 -4.4589E-02 -3.4888E-01
  4.5865E-01 -2.3934E+00 -4.5728E-02 -3.5801E-01
  4.6186E-01 -2.4761E+00 -4.6894E-02 -3.6736E-01
  4.6509E-01 -2.5585E+00 -4.8088E-02 -3.7695E-01
  4.6835E-01 -2.6407E+00 -4.9311E-02 -3.8676E-01
  4.7163E-01 -2.7227E+00 -5.0563E-02 -3.9681E-01
  4.7493E-01 -2.8043E+00 -5.1844E-02 -4.0710E-01
  4.7825E-01 -2.8856E+00 -5.3155E-02 -4.1764E-01
  4.8160E-01 -2.9665E+00 -5.4497E-02 -4.2843E-01
  4.8497E-01 -3.0470E+00 -5.5871E-02 -4.3948E-01
  4.8837E-01 -3.1271E+00 -5.7277E-02 -4.5079E-01
  4.9179E-01 -3.2067E+00 -5.8715E-02 -4.6236E-01
  4.9523E-01 -3.2859E+00 -6.0187E-02 -4.7421E-01
  4.9870E-01 -3.3646E+00 -6.1693E-02 -4.8633E-01
  5.0219E-01 -3.4427E+00 -6.3234E-02 -4.9874E-01
  5.0570E-01 -3.5202E+00 -6.4810E-02 -5.1143E-01
  5.0924E-01 -3.5972E+00 -6.6422E-02 -5.2441E-01
  5.1281E-01 -3.6735E+00 -6.8070E-02 -5.3769E-01
  5.1640E-01 -3.7492E+00 -6.9757E-02 -5.5127E-01
  5.2001E-01 -3.8242E+00 -7.1481E-02 -5.6516E-01
  5.2365E-01 -3.8985E+00 -7.3244E-02 -5.7937E-01
  5.2732E-01 -3.9721E+00 -7.5047E-02 -5.9389E-01
  5.3101E-01 -4.0449E+00 -7.6890E-02 -6.0873E-01
  5.3473E-01 -4.1170E+00 -7.8774E-02 -6.2390E-01
  5.3847E-01 -4.1882E+00 -8.0699E-02 -6.3940E-01
  5.4224E-01 -4.2586E+00 -8.2667E-02 -6.5524E-01
  5.4603E-01 -4.3281E+00 -8.4678E-02 -6.7143E-01
  5.4986E-01 -4.3967E+00 -8.6734E-02 -6.8796E-01
  5.5370E-01 -4.4644E+00 -8.8833E-02 -7.0485E-01
  5.5758E-01 -4.5312E+00 -9.0979E-02 -7.2209E-01
  5.6148E-01 -4.5970E+00 -9.3170E-02 -7.3969E-01
  5.6541E-01 -4.6619E+00 -9.5408E-02 -7.5767E-01
  5.6937E-01 -4.7257E+00 -9.7694E-02 -7.7601E-01
  5.7336E-01 -4.7885E+00 -1.0003E-01 -7.9473E-01
  5.7737E-01 -4.8502E+00 -1.0241E-01 -8.1383E-01
  5.8141E-01 -4.9108E+00 -1.0485E-01 -8.3331E-01
  5.8548E-01 -4.9704E+00 -1.0733E-01 -8.5319E-01
  5.8958E-01 -5.0288E+00 -1.0987E-01 -8.7345E-01
  5.9371E-01 -5.0861E+00 -1.1245E-01 -8.9411E-01
  5.9786E-01 -5.1422E+00 -1.1509E-01 -9.1517E-01
  6.0205E-01 -5.1971E+00 -1.1779E-01 -9.3663E-01
  6.0626E-01 -5.2508E+00 -1.2054E-01 -9.5850E-01
  6.1051E-01 -5.3034E+00 -1.2334E-01 -9.8077E-01
  6.1478E-01 -5.3546E+00 -1.2620E-01 -1.0035E+00
  6.1908E-01 -5.4046E+00 -1.2912E-01 -1.0266E+00
  6.2342E-01 -5.4534E+00 -1.3209E-01 -1.0501E+00
  6.2778E-01 -5.5008E+00 -1.3512E-01 -1.0740E+00
  6.3218E-01 -5.5469E+00 -1.3821E-01 -1.0983E+00
  6.3660E-01 -5.5918E+00 -1.4136E-01 -1.1231E+00
  6.4106E-01 -5.6352E+00 -1.4457E-01 -1.1483E+00
  6.4555E-01 -5.6774E+00 -1.4784E-01 -1.1739E+00
  6.5006E-01 -5.7181E+00 -1.5117E-01 -1.1999E+00
  6.5461E-01 -5.7575E+00 -1.5456E-01 -1.2263E+00
  6.5920E-01 -5.7955E+00 -1.5801E-01 -1.2532E+00
  6.6381E-01 -5.8321E+00 -1.6153E-01 -1.2804E+00
  6.6846E-01 -5.8673E+00 -1.6511E-01 -1.3081E+00
  6.7314E-01 -5.9011E+00 -1.6875E-01 -1.3362E+00
  6.7785E-01 -5.9334E+00 -1.7246E-01 -1.3647E+00
  6.8259E-01 -5.9643E+00 -1.7623E-01 -1.3936E+00
  6.8737E-01 -5.9937E+00 -1.8007E-01 -1.4229E+00
  6.9218E-01 -6.0217E+00 -1.8397E-01 -1.4525E+00
  6.9703E-01 -6.0483E+00 -1.8794E-01 -1.4826E+00
  7.0191E-01 -6.0733E+00 -1.9197E-01 -1.5130E+00
  7.0682E-01 -6.0969E+00 -1.9607E-01 -1.5438E+00
  7.1177E-01 -6.1190E+00 -2.0023E-01 -1.5750E+00
  7.1675E-01 -6.1396E+00 -2.0447E-01 -1.6065E+00
  7.2177E-01 -6.1588E+00 -2.0876E-01 -1.6383E+00
  7.2682E-01 -6.1764E+00 -2.1313E-01 -1.6705E+00
  7.3191E-01 -6.1926E+00 -2.1756E-01 -1.7030E+00
  7.3703E-01 -6.2072E+00 -2.2206E-01 -1.7357E+00
  7.4219E-01 -6.2204E+00 -2.2662E-01 -1.7688E+00
  7.4739E-01 -6.2321E+00 -2.3125E-01 -1.8022E+00
  7.5262E-01 -6.2422E+00 -2.3595E-01 -1.8358E+00
  7.5788E-01 -6.2509E+00 -2.4071E-01 -1.8696E+00
  7.6319E-01 -6.2581E+00 -2.4553E-01 -1.9036E+00
  7.6853E-01 -6.2637E+00 -2.5042E-01 -1.9379E+00
  7.7391E-01 -6.2679E+00 -2.5538E-01 -1.9723E+00
  7.7933E-01 -6.2706E+00 -2.6039E-01 -2.0069E+00
  7.8478E-01 -6.2719E+00 -2.6547E-01 -2.0416E+00
  7.9028E-01 -6.2716E+00 -2.7061E-01 -2.0764E+00
  7.9581E-01 -6.2699E+00 -2.7581E-01 -2.1113E+00
  8.0138E-01 -6.2667E+00 -2.8107E-01 -2.1462E+00
  8.0699E-01 -6.2620E+00 -2.8639E-01 -2.1812E+00
  8.1264E-01 -6.2559E+00 -2.9176E-01 -2.2161E+00
  8.1833E-01 -6.2483E+00 -2.9719E-01 -2.2510E+00
  8.2405E-01 -6.2392E+00 -3.0267E-01 -2.2858E+00
  8.2982E-01 -6.2288E+00 -3.0820E-01 -2.3204E+00
  8.3563E-01 -6.2169E+00 -3.1379E-01 -2.3550E+00
  8.4148E-01 -6.2036E+00 -3.1942E-01 -2.3893E+00
  8.4737E-01 -6.1888E+00 -3.2510E-01 -2.4234E+00
  8.5330E-01 -6.1727E+00 -3.3082E-01 -2.4572E+00
  8.5927E-01 -6.1552E+00 -3.3659E-01 -2.4906E+00
  8.6529E-01 -6.1363E+00 -3.4239E-01 -2.5237E+00
  8.7135E-01 -6.1160E+00 -3.4823E-01 -2.5564E+00
  8.7745E-01 -6.0944E+00 -3.5410E-01 -2.5886E+00
  8.8359E-01 -6.0714E+00 -3.6001E-01 -2.6203E+00
  8.8977E-01 -6.0470E+00 -3.6594E-01 -2.6514E+00
  8.9600E-01 -6.0214E+00 -3.7189E-01 -2.6819E+00
  9.0227E-01 -5.9944E+00 -3.7786E-01 -2.7117E+00
  9.0859E-01 -5.9662E+00 -3.8385E-01 -2.7408E+00
  9.1495E-01 -5.9366E+00 -3.8986E-01 -2.7690E+00
  9.2135E-01 -5.9058E+00 -3.9587E-01 -2.7964E+00
  9.2780E-01 -5.8737E+00 -4.0188E-01 -2.8228E+00
  9.3430E-01 -5.8404E+00 -4.0789E-01 -2.8483E+00
  9.4084E-01 -5.8058E+00 -4.1390E-01 -2.8727E+00
  9.4742E-01 -5.7701E+00 -4.1989E-01 -2.8959E+00
  9.5405E-01 -5.7331E+00 -4.2587E-01 -2.9180E+00
  9.6073E-01 -5.6950E+00 -4.3183E-01 -2.9387E+00
  9.6746E-01 -5.6556E+00 -4.3776E-01 -2.9582E+00
  9.7423E-01 -5.6151E+00 -4.4366E-01 -2.9762E+00
  9.8105E-01 -5.5735E+00 -4.4952E-01 -2.9927E+00
  9.8791E-01 -5.5308E+00 -4.5533E-01 -3.0076E+00
  9.9483E-01 -5.4870E+00 -4.6108E-01 -3.0209E+00
  1.0018E+00 -5.4420E+00 -4.6678E-01 -3.0325E+00
  1.0088E+00 -5.3960E+00 -4.7241E-01 -3.0423E+00
  1.0159E+00 -5.3490E+00 -4.7796E-01 -3.0502E+00
  1.0230E+00 -5.3009E+00 -4.8343E-01 -3.0562E+00
  1.0301E+00 -5.2517E+00 -4.8881E-01 -3.0601E+00
  1.0373E+00 -5.2016E+00 -4.9409E-01 -3.0619E+00
  1.0446E+00 -5.1505E+00 -4.9926E-01 -3.0615E+00
  1.0519E+00 -5.0985E+00 -5.0431E-01 -3.0589E+00
  1.0593E+00 -5.0454E+00 -5.0924E-01 -3.0539E+00
  1.0667E+00 -4.9915E+00 -5.1403E-01 -3.0465E+00
  1.0742E+00 -4.9366E+00 -5.1867E-01 -3.0366E+00
  1.0817E+00 -4.8809E+00 -5.2315E-01 -3.0241E+00
  1.0893E+00 -4.8242E+00 -5.2747E-01 -3.0090E+00
  1.0969E+00 -4.7668E+00 -5.3161E-01 -2.9912E+00
  1.1046E+00 -4.7084E+00 -5.3557E-01 -2.9706E+00
  1.1123E+00 -4.6493E+00 -5.3932E-01 -2.9472E+00
  1.1201E+00 -4.5894E+00 -5.4286E-01 -2.9209E+00
  1.1279E+00 -4.5287E+00 -5.4617E-01 -2.8916E+00
  1.1358E+00 -4.4672E+00 -5.4925E-01 -2.8593E+00
  1.1438E+00 -4.4050E+00 -5.5209E-01 -2.8240E+00
  1.1518E+00 -4.3420E+00 -5.5466E-01 -2.7855E+00
  1.1598E+00 -4.2784E+00 -5.5695E-01 -2.7438E+00
  1.1679E+00 -4.2141E+00 -5.5896E-01 -2.6990E+00
  1.1761E+00 -4.1491E+00 -5.6067E-01 -2.6510E+00
  1.1844E+00 -4.0835E+00 -5.6206E-01 -2.5997E+00
  1.1926E+00 -4.0173E+00 -5.6313E-01 -2.5451E+00
  1.2010E+00 -3.9505E+00 -5.6385E-01 -2.4873E+00
  1.2094E+00 -3.8831E+00 -5.6421E-01 -2.4261E+00
  1.2179E+00 -3.8152E+00 -5.6421E-01 -2.3617E+00
  1.2264E+00 -3.7467E+00 -5.6382E-01 -2.2939E+00
  1.2350E+00 -3.6777E+00 -5.6302E-01 -2.2229E+00
  1.2436E+00 -3.6082E+00 -5.6182E-01 -2.1487E+00
  1.2523E+00 -3.5383E+00 -5.6018E-01 -2.0713E+00
  1.2611E+00 -3.4679E+00 -5.5809E-01 -1.9907E+00
  1.2699E+00 -3.3971E+00 -5.5555E-01 -1.9069E+00
  1.2788E+00 -3.3259E+00 -5.5253E-01 -1.8201E+00
  1.2878E+00 -3.2543E+00 -5.4902E-01 -1.7304E+00
  1.2968E+00 -3.1824E+00 -5.4500E-01 -1.6377E+00
  1.3058E+00 -3.1101E+00 -5.4046E-01 -1.5422E+00
  1.3150E+00 -3.0375E+00 -5.3539E-01 -1.4440E+00
  1.3242E+00 -2.9647E+00 -5.2977E-01 -1.3432E+00
  1.3335E+00 -2.8915E+00 -5.2358E-01 -1.2400E+00
  1.3428E+00 -2.8182E+00 -5.1681E-01 -1.1344E+00
  1.3522E+00 -2.7446E+00 -5.0945E-01 -1.0267E+00
  1.3617E+00 -2.6709E+00 -5.0148E-01 -9.1695E-01
  1.3712E+00 -2.5970E+00 -4.9289E-01 -8.0536E-01
  1.3808E+00 -2.5229E+00 -4.8367E-01 -6.9213E-01
  1.3904E+00 -2.4488E+00 -4.7380E-01 -5.7743E-01
  1.4002E+00 -2.3746E+00 -4.6327E-01 -4.6150E-01
  1.4100E+00 -2.3003E+00 -4.5207E-01 -3.4454E-01
  1.4198E+00 -2.2259E+00 -4.4019E-01 -2.2680E-01
  1.4298E+00 -2.1516E+00 -4.2762E-01 -1.0851E-01
  1.4398E+00 -2.0773E+00 -4.1435E-01  1.0066E-02
  1.4499E+00 -2.0031E+00 -4.0037E-01  1.2866E-01
  1.4600E+00 -1.9289E+00 -3.8568E-01  2.4700E-01
  1.4702E+00 -1.8548E+00 -3.7026E-01  3.6479E-01
  1.4805E+00 -1.7809E+00 -3.5410E-01  4.8175E-01
  1.4909E+00 -1.7071E+00 -3.3722E-01  5.9756E-01
  1.5013E+00 -1.6335E+00 -3.1959E-01  7.1192E-01
  1.5118E+00 -1.5602E+00 -3.0122E-01  8.2450E-01
  1.5224E+00 -1.4871E+00 -2.8211E-01  9.3498E-01
  1.5331E+00 -1.4143E+00 -2.6226E-01  1.0430E+00
  1.5438E+00 -1.3417E+00 -2.4166E-01  1.1483E+00
  1.5546E+00 -1.2696E+00 -2.2033E-01  1.2505E+00
  1.5655E+00 -1.1978E+00 -1.9826E-01  1.3492E+00
  1.5765E+00 -1.1264E+00 -1.7547E-01  1.4442E+00
  1.5875E+00 -1.0555E+00 -1.5195E-01  1.5351E+00
  1.5986E+00 -9.8505E-01 -1.2773E-01  1.6215E+00
  1.6098E+00 -9.1510E-01 -1.0280E-01  1.7031E+00
  1.6211E+00 -8.4569E-01 -7.7191E-02  1.7797E+00
  1.6324E+00 -7.7686E-01 -5.0911E-02  1.8508E+00
  1.6438E+00 -7.0864E-01 -2.3980E-02  1.9162E+00
  1.6553E+00 -6.4106E-01  3.5831E-03  1.9756E+00
  1.6669E+00 -5.7416E-01  3.1756E-02  2.0287E+00
  1.6786E+00 -5.0798E-01  6.0515E-02  2.0753E+00
  1.6903E+00 -4.4255E-01  8.9832E-02  2.1151E+00
  1.7022E+00 -3.7791E-01  1.1968E-01  2.1479E+00
  1.7141E+00 -3.1410E-01  1.5002E-01  2.1734E+00
  1.7261E+00 -2.5115E-01  1.8083E-01  2.1916E+00
  1.7382E+00 -1.8910E-01  2.1206E-01  2.2023E+00
  1.7503E+00 -1.2799E-01  2.4368E-01  2.2053E+00
  1.7626E+00 -6.7853E-02  2.7564E-01  2.2006E+00
  1.7749E+00 -8.7378E-03  3.0791E-01  2.1882E+00
  1.7873E+00  4.9321E-02  3.4042E-01  2.1680E+00
  1.7999E+00  1.0628E-01  3.7314E-01  2.1400E+00
  1.8124E+00  1.6211E-01  4.0600E-01  2.1044E+00
  1.8251E+00  2.1676E-01  4.3896E-01  2.0612E+00
  1.8379E+00  2.7019E-01  4.7195E-01  2.0106E+00
  1.8508E+00  3.2237E-01  5.0491E-01  1.9529E+00
  1.8637E+00  3.7324E-01  5.3778E-01  1.8883E+00
  1.8768E+00  4.2278E-01  5.7049E-01  1.8171E+00
  1.8899E+00  4.7093E-01  6.0298E-01  1.7396E+00
  1.9031E+00  5.1766E-01  6.3517E-01  1.6564E+00
  1.9165E+00  5.6292E-01  6.6698E-01  1.5679E+00
  1.9299E+00  6.0667E-01  6.9835E-01  1.4746E+00
  1.9434E+00  6.4888E-01  7.2919E-01  1.3770E+00
  1.9570E+00  6.8949E-01  7.5943E-01  1.2760E+00
  1.9707E+00  7.2847E-01  7.8897E-01  1.1720E+00
  1.9845E+00  7.6578E-01  8.1775E-01  1.0659E+00
  1.9984E+00  8.0137E-01  8.4566E-01  9.5853E-01
  2.0124E+00  8.3519E-01  8.7264E-01  8.5064E-01
  2.0264E+00  8.6722E-01  8.9858E-01  7.4313E-01
  2.0406E+00  8.9741E-01  9.2340E-01  6.3692E-01
  2.0549E+00  9.2571E-01  9.4702E-01  5.3297E-01
  2.0693E+00  9.5209E-01  9.6934E-01  4.3224E-01
  2.0838E+00  9.7651E-01  9.9027E-01  3.3573E-01
  2.0984E+00  9.9892E-01  1.0097E+00  2.4444E-01
  2.1130E+00  1.0193E+00  1.0276E+00  1.5938E-01
  2.1278E+00  1.0376E+00  1.0439E+00  8.1531E-02
  2.1427E+00  1.0538E+00  1.0584E+00  1.1881E-02
  2.1577E+00  1.0678E+00  1.0711E+00 -4.8634E-02
  2.1728E+00  1.0796E+00  1.0819E+00 -9.9122E-02
  2.1880E+00  1.0892E+00  1.0907E+00 -1.3875E-01
  2.2034E+00  1.0966E+00  1.0975E+00 -1.6677E-01
  2.2188E+00  1.1016E+00  1.1022E+00 -1.8252E-01
  2.2343E+00  1.1044E+00  1.1047E+00 -1.8545E-01
  2.2499E+00  1.1048E+00  1.1049E+00 -1.7517E-01
  2.2657E+00  1.1028E+00  1.1028E+00 -1.5140E-01
  2.2815E+00  1.0984E+00  1.0984E+00 -1.1407E-01
  2.2975E+00  1.0915E+00  1.0915E+00 -6.3301E-02
  2.3136E+00  1.0823E+00  1.0823E+00  0.0000E+00
  2.3298E+00  1.0705E+00  1.0705E+00  0.0000E+00
  2.3461E+00  1.0562E+00  1.0562E+00  0.0000E+00
  2.3625E+00  1.0395E+00  1.0395E+00  0.0000E+00
  2.3791E+00  1.0202E+00  1.0202E+00  0.0000E+00
  2.3957E+00  9.9838E-01  9.9838E-01  0.0000E+00
  2.4125E+00  9.7402E-01  9.7402E-01  0.0000E+00
  2.4294E+00  9.4710E-01  9.4710E-01  0.0000E+00
  2.4464E+00  9.1763E-01  9.1763E-01  0.0000E+00
  2.4635E+00  8.8561E-01  8.8561E-01  0.0000E+00
  2.4807E+00  8.5103E-01  8.5103E-01  0.0000E+00
  2.4981E+00  8.1391E-01  8.1391E-01  0.0000E+00
  2.5156E+00  7.7426E-01  7.7426E-01  0.0000E+00
  2.5332E+00  7.3208E-01  7.3208E-01  0.0000E+00
  2.5509E+00  6.8740E-01  6.8740E-01  0.0000E+00
  2.5688E+00  6.4024E-01  6.4024E-01  0.0000E+00
  2.5868E+00  5.9062E-01  5.9062E-01  0.0000E+00
  2.6049E+00  5.3858E-01  5.3858E-01  0.0000E+00
  2.6231E+00  4.8414E-01  4.8414E-01  0.0000E+00
  2.6415E+00  4.2736E-01  4.2736E-01  0.0000E+00
  2.6599E+00  3.6827E-01  3.6827E-01  0.0000E+00
  2.6786E+00  3.0691E-01  3.0691E-01  0.0000E+00
  2.6973E+00  2.4336E-01  2.4336E-01  0.0000E+00
  2.7162E+00  1.7766E-01  1.7766E-01  0.0000E+00
  2.7352E+00  1.0987E-01  1.0987E-01  0.0000E+00
  2.7543E+00  4.0084E-02  4.0084E-02  0.0000E+00
  2.7736E+00 -3.1640E-02 -3.1640E-02  0.0000E+00
  2.7930E+00 -1.0522E-01 -1.0522E-01  0.0000E+00
  2.8126E+00 -1.8056E-01 -1.8056E-01  0.0000E+00
  2.8323E+00 -2.5757E-01 -2.5757E-01  0.0000E+00
  2.8521E+00 -3.3615E-01 -3.3615E-01  0.0000E+00
  2.8721E+00 -4.1619E-01 -4.1619E-01  0.0000E+00
  2.8922E+00 -4.9759E-01 -4.9759E-01  0.0000E+00
  2.9124E+00 -5.8021E-01 -5.8021E-01  0.0000E+00
  2.9328E+00 -6.6395E-01 -6.6395E-01  0.0000E+00
  2.9533E+00 -7.4867E-01 -7.4867E-01  0.0000E+00
  2.9740E+00 -8.3422E-01 -8.3422E-01  0.0000E+00
  2.9948E+00 -9.2046E-01 -9.2046E-01  0.0000E+00
  3.0158E+00 -1.0073E+00 -1.0073E+00  0.0000E+00
  3.0369E+00 -1.0944E+00 -1.0944E+00  0.0000E+00
  3.0581E+00 -1.1818E+00 -1.1818E+00  0.0000E+00
  3.0795E+00 -1.2693E+00 -1.2693E+00  0.0000E+00
  3.1011E+00 -1.3566E+00 -1.3566E+00  0.0000E+00
  3.1228E+00 -1.4436E+00 -1.4436E+00  0.0000E+00
  3.1447E+00 -1.5302E+00 -1.5302E+00  0.0000E+00
  3.1667E+00 -1.6160E+00 -1.6160E+00  0.0000E+00
  3.1888E+00 -1.7010E+00 -1.7010E+00  0.0000E+00
  3.2111E+00 -1.7849E+00 -1.7849E+00  0.0000E+00
  3.2336E+00 -1.8674E+00 -1.8674E+00  0.0000E+00
  3.2563E+00 -1.9485E+00 -1.9485E+00  0.0000E+00
  3.2790E+00 -2.0278E+00 -2.0278E+00  0.0000E+00
