 # l=           0 basis function with energy   -0.303394277075432     
  0.0000E+00  0.0000E+00  0.0000E+00  0.0000E+00
  4.8052E-07 -9.2639E-04 -5.2632E-07 -1.5069E-07
  9.6442E-07 -1.4751E-03 -1.0563E-06 -3.0243E-07
  1.4517E-06 -1.9382E-03 -1.5900E-06 -4.5524E-07
  1.9424E-06 -2.3540E-03 -2.1275E-06 -6.0912E-07
  2.4366E-06 -2.7379E-03 -2.6688E-06 -7.6408E-07
  2.9342E-06 -3.0993E-03 -3.2138E-06 -9.2013E-07
  3.4353E-06 -3.4432E-03 -3.7626E-06 -1.0773E-06
  3.9399E-06 -3.7730E-03 -4.3153E-06 -1.2355E-06
  4.4480E-06 -4.0910E-03 -4.8719E-06 -1.3949E-06
  4.9597E-06 -4.3993E-03 -5.4324E-06 -1.5553E-06
  5.4751E-06 -4.6992E-03 -5.9968E-06 -1.7169E-06
  5.9940E-06 -4.9917E-03 -6.5652E-06 -1.8797E-06
  6.5165E-06 -5.2779E-03 -7.1376E-06 -2.0435E-06
  7.0428E-06 -5.5585E-03 -7.7139E-06 -2.2086E-06
  7.5727E-06 -5.8339E-03 -8.2943E-06 -2.3747E-06
  8.1063E-06 -6.1049E-03 -8.8788E-06 -2.5421E-06
  8.6437E-06 -6.3718E-03 -9.4674E-06 -2.7106E-06
  9.1848E-06 -6.6350E-03 -1.0060E-05 -2.8803E-06
  9.7298E-06 -6.8948E-03 -1.0657E-05 -3.0512E-06
  1.0279E-05 -7.1516E-03 -1.1258E-05 -3.2233E-06
  1.0831E-05 -7.4056E-03 -1.1863E-05 -3.3966E-06
  1.1388E-05 -7.6570E-03 -1.2473E-05 -3.5711E-06
  1.1948E-05 -7.9060E-03 -1.3087E-05 -3.7468E-06
  1.2512E-05 -8.1528E-03 -1.3705E-05 -3.9238E-06
  1.3081E-05 -8.3976E-03 -1.4327E-05 -4.1020E-06
  1.3653E-05 -8.6405E-03 -1.4954E-05 -4.2814E-06
  1.4229E-05 -8.8816E-03 -1.5585E-05 -4.4621E-06
  1.4809E-05 -9.1212E-03 -1.6221E-05 -4.6441E-06
  1.5394E-05 -9.3592E-03 -1.6861E-05 -4.8274E-06
  1.5982E-05 -9.5959E-03 -1.7505E-05 -5.0119E-06
  1.6575E-05 -9.8313E-03 -1.8154E-05 -5.1978E-06
  1.7172E-05 -1.0065E-02 -1.8808E-05 -5.3849E-06
  1.7773E-05 -1.0298E-02 -1.9466E-05 -5.5733E-06
  1.8378E-05 -1.0530E-02 -2.0129E-05 -5.7631E-06
  1.8987E-05 -1.0761E-02 -2.0797E-05 -5.9542E-06
  1.9601E-05 -1.0992E-02 -2.1469E-05 -6.1467E-06
  2.0219E-05 -1.1221E-02 -2.2146E-05 -6.3405E-06
  2.0841E-05 -1.1449E-02 -2.2827E-05 -6.5356E-06
  2.1468E-05 -1.1677E-02 -2.3514E-05 -6.7321E-06
  2.2099E-05 -1.1904E-02 -2.4205E-05 -6.9301E-06
  2.2734E-05 -1.2131E-02 -2.4901E-05 -7.1293E-06
  2.3374E-05 -1.2357E-02 -2.5602E-05 -7.3300E-06
  2.4019E-05 -1.2582E-02 -2.6308E-05 -7.5321E-06
  2.4668E-05 -1.2807E-02 -2.7019E-05 -7.7356E-06
  2.5321E-05 -1.3031E-02 -2.7735E-05 -7.9406E-06
  2.5979E-05 -1.3255E-02 -2.8455E-05 -8.1470E-06
  2.6642E-05 -1.3479E-02 -2.9181E-05 -8.3548E-06
  2.7310E-05 -1.3702E-02 -2.9912E-05 -8.5641E-06
  2.7982E-05 -1.3925E-02 -3.0648E-05 -8.7748E-06
  2.8658E-05 -1.4148E-02 -3.1390E-05 -8.9870E-06
  2.9340E-05 -1.4370E-02 -3.2136E-05 -9.2007E-06
  3.0026E-05 -1.4592E-02 -3.2888E-05 -9.4160E-06
  3.0717E-05 -1.4814E-02 -3.3645E-05 -9.6327E-06
  3.1413E-05 -1.5036E-02 -3.4407E-05 -9.8509E-06
  3.2114E-05 -1.5258E-02 -3.5175E-05 -1.0071E-05
  3.2820E-05 -1.5480E-02 -3.5948E-05 -1.0292E-05
  3.3531E-05 -1.5701E-02 -3.6726E-05 -1.0515E-05
  3.4246E-05 -1.5923E-02 -3.7510E-05 -1.0739E-05
  3.4967E-05 -1.6144E-02 -3.8299E-05 -1.0965E-05
  3.5693E-05 -1.6365E-02 -3.9094E-05 -1.1193E-05
  3.6423E-05 -1.6587E-02 -3.9895E-05 -1.1422E-05
  3.7159E-05 -1.6808E-02 -4.0701E-05 -1.1653E-05
  3.7901E-05 -1.7029E-02 -4.1513E-05 -1.1885E-05
  3.8647E-05 -1.7251E-02 -4.2330E-05 -1.2119E-05
  3.9398E-05 -1.7472E-02 -4.3153E-05 -1.2355E-05
  4.0155E-05 -1.7694E-02 -4.3982E-05 -1.2592E-05
  4.0917E-05 -1.7916E-02 -4.4817E-05 -1.2831E-05
  4.1685E-05 -1.8137E-02 -4.5658E-05 -1.3072E-05
  4.2458E-05 -1.8359E-02 -4.6504E-05 -1.3314E-05
  4.3236E-05 -1.8581E-02 -4.7356E-05 -1.3558E-05
  4.4020E-05 -1.8804E-02 -4.8215E-05 -1.3804E-05
  4.4809E-05 -1.9026E-02 -4.9079E-05 -1.4052E-05
  4.5604E-05 -1.9249E-02 -4.9950E-05 -1.4301E-05
  4.6404E-05 -1.9471E-02 -5.0827E-05 -1.4552E-05
  4.7210E-05 -1.9694E-02 -5.1709E-05 -1.4805E-05
  4.8022E-05 -1.9918E-02 -5.2598E-05 -1.5059E-05
  4.8839E-05 -2.0141E-02 -5.3493E-05 -1.5316E-05
  4.9662E-05 -2.0365E-02 -5.4395E-05 -1.5574E-05
  5.0491E-05 -2.0589E-02 -5.5303E-05 -1.5834E-05
  5.1326E-05 -2.0813E-02 -5.6217E-05 -1.6095E-05
  5.2166E-05 -2.1038E-02 -5.7137E-05 -1.6359E-05
  5.3012E-05 -2.1263E-02 -5.8065E-05 -1.6624E-05
  5.3865E-05 -2.1488E-02 -5.8998E-05 -1.6892E-05
  5.4723E-05 -2.1713E-02 -5.9938E-05 -1.7161E-05
  5.5587E-05 -2.1939E-02 -6.0885E-05 -1.7432E-05
  5.6458E-05 -2.2165E-02 -6.1838E-05 -1.7705E-05
  5.7334E-05 -2.2392E-02 -6.2798E-05 -1.7980E-05
  5.8217E-05 -2.2618E-02 -6.3765E-05 -1.8256E-05
  5.9106E-05 -2.2846E-02 -6.4738E-05 -1.8535E-05
  6.0001E-05 -2.3073E-02 -6.5719E-05 -1.8816E-05
  6.0902E-05 -2.3301E-02 -6.6706E-05 -1.9098E-05
  6.1810E-05 -2.3530E-02 -6.7700E-05 -1.9383E-05
  6.2724E-05 -2.3758E-02 -6.8701E-05 -1.9670E-05
  6.3644E-05 -2.3988E-02 -6.9709E-05 -1.9958E-05
  6.4571E-05 -2.4217E-02 -7.0724E-05 -2.0249E-05
  6.5504E-05 -2.4447E-02 -7.1747E-05 -2.0542E-05
  6.6444E-05 -2.4678E-02 -7.2776E-05 -2.0836E-05
  6.7391E-05 -2.4909E-02 -7.3813E-05 -2.1133E-05
  6.8344E-05 -2.5140E-02 -7.4857E-05 -2.1432E-05
  6.9304E-05 -2.5372E-02 -7.5908E-05 -2.1733E-05
  7.0270E-05 -2.5604E-02 -7.6967E-05 -2.2036E-05
  7.1244E-05 -2.5837E-02 -7.8033E-05 -2.2341E-05
  7.2224E-05 -2.6070E-02 -7.9107E-05 -2.2649E-05
  7.3211E-05 -2.6304E-02 -8.0188E-05 -2.2958E-05
  7.4205E-05 -2.6539E-02 -8.1276E-05 -2.3270E-05
  7.5206E-05 -2.6773E-02 -8.2373E-05 -2.3584E-05
  7.6214E-05 -2.7009E-02 -8.3477E-05 -2.3900E-05
  7.7229E-05 -2.7245E-02 -8.4589E-05 -2.4218E-05
  7.8251E-05 -2.7481E-02 -8.5708E-05 -2.4539E-05
  7.9280E-05 -2.7718E-02 -8.6836E-05 -2.4862E-05
  8.0317E-05 -2.7955E-02 -8.7971E-05 -2.5187E-05
  8.1360E-05 -2.8193E-02 -8.9114E-05 -2.5514E-05
  8.2412E-05 -2.8432E-02 -9.0265E-05 -2.5844E-05
  8.3470E-05 -2.8671E-02 -9.1425E-05 -2.6176E-05
  8.4536E-05 -2.8911E-02 -9.2592E-05 -2.6510E-05
  8.5609E-05 -2.9151E-02 -9.3768E-05 -2.6846E-05
  8.6690E-05 -2.9392E-02 -9.4952E-05 -2.7185E-05
  8.7779E-05 -2.9634E-02 -9.6144E-05 -2.7527E-05
  8.8875E-05 -2.9876E-02 -9.7345E-05 -2.7870E-05
  8.9979E-05 -3.0118E-02 -9.8554E-05 -2.8217E-05
  9.1090E-05 -3.0362E-02 -9.9771E-05 -2.8565E-05
  9.2210E-05 -3.0606E-02 -1.0100E-04 -2.8916E-05
  9.3337E-05 -3.0850E-02 -1.0223E-04 -2.9270E-05
  9.4472E-05 -3.1095E-02 -1.0348E-04 -2.9626E-05
  9.5615E-05 -3.1341E-02 -1.0473E-04 -2.9984E-05
  9.6766E-05 -3.1587E-02 -1.0599E-04 -3.0345E-05
  9.7925E-05 -3.1835E-02 -1.0726E-04 -3.0709E-05
  9.9093E-05 -3.2082E-02 -1.0854E-04 -3.1075E-05
  1.0027E-04 -3.2331E-02 -1.0982E-04 -3.1443E-05
  1.0145E-04 -3.2580E-02 -1.1112E-04 -3.1814E-05
  1.0264E-04 -3.2829E-02 -1.1243E-04 -3.2188E-05
  1.0384E-04 -3.3080E-02 -1.1374E-04 -3.2565E-05
  1.0505E-04 -3.3331E-02 -1.1506E-04 -3.2944E-05
  1.0627E-04 -3.3583E-02 -1.1640E-04 -3.3325E-05
  1.0750E-04 -3.3835E-02 -1.1774E-04 -3.3710E-05
  1.0873E-04 -3.4088E-02 -1.1909E-04 -3.4097E-05
  1.0997E-04 -3.4342E-02 -1.2045E-04 -3.4487E-05
  1.1123E-04 -3.4597E-02 -1.2183E-04 -3.4879E-05
  1.1249E-04 -3.4852E-02 -1.2321E-04 -3.5275E-05
  1.1376E-04 -3.5108E-02 -1.2460E-04 -3.5673E-05
  1.1503E-04 -3.5365E-02 -1.2600E-04 -3.6074E-05
  1.1632E-04 -3.5622E-02 -1.2741E-04 -3.6477E-05
  1.1762E-04 -3.5880E-02 -1.2883E-04 -3.6884E-05
  1.1892E-04 -3.6139E-02 -1.3026E-04 -3.7293E-05
  1.2024E-04 -3.6399E-02 -1.3170E-04 -3.7705E-05
  1.2156E-04 -3.6659E-02 -1.3315E-04 -3.8121E-05
  1.2289E-04 -3.6920E-02 -1.3461E-04 -3.8539E-05
  1.2424E-04 -3.7182E-02 -1.3608E-04 -3.8960E-05
  1.2559E-04 -3.7445E-02 -1.3756E-04 -3.9383E-05
  1.2695E-04 -3.7708E-02 -1.3905E-04 -3.9810E-05
  1.2832E-04 -3.7973E-02 -1.4055E-04 -4.0240E-05
  1.2970E-04 -3.8238E-02 -1.4206E-04 -4.0673E-05
  1.3109E-04 -3.8503E-02 -1.4358E-04 -4.1109E-05
  1.3249E-04 -3.8770E-02 -1.4512E-04 -4.1548E-05
  1.3390E-04 -3.9037E-02 -1.4666E-04 -4.1990E-05
  1.3532E-04 -3.9306E-02 -1.4822E-04 -4.2435E-05
  1.3675E-04 -3.9574E-02 -1.4978E-04 -4.2884E-05
  1.3819E-04 -3.9844E-02 -1.5136E-04 -4.3335E-05
  1.3964E-04 -4.0115E-02 -1.5295E-04 -4.3790E-05
  1.4110E-04 -4.0386E-02 -1.5455E-04 -4.4247E-05
  1.4257E-04 -4.0658E-02 -1.5616E-04 -4.4708E-05
  1.4405E-04 -4.0932E-02 -1.5778E-04 -4.5173E-05
  1.4554E-04 -4.1205E-02 -1.5941E-04 -4.5640E-05
  1.4704E-04 -4.1480E-02 -1.6105E-04 -4.6111E-05
  1.4855E-04 -4.1756E-02 -1.6271E-04 -4.6585E-05
  1.5008E-04 -4.2032E-02 -1.6438E-04 -4.7062E-05
  1.5161E-04 -4.2309E-02 -1.6606E-04 -4.7543E-05
  1.5315E-04 -4.2587E-02 -1.6775E-04 -4.8027E-05
  1.5471E-04 -4.2866E-02 -1.6945E-04 -4.8515E-05
  1.5627E-04 -4.3146E-02 -1.7117E-04 -4.9006E-05
  1.5785E-04 -4.3427E-02 -1.7289E-04 -4.9500E-05
  1.5944E-04 -4.3708E-02 -1.7463E-04 -4.9998E-05
  1.6104E-04 -4.3991E-02 -1.7638E-04 -5.0499E-05
  1.6264E-04 -4.4274E-02 -1.7814E-04 -5.1004E-05
  1.6427E-04 -4.4558E-02 -1.7992E-04 -5.1513E-05
  1.6590E-04 -4.4844E-02 -1.8171E-04 -5.2024E-05
  1.6754E-04 -4.5130E-02 -1.8351E-04 -5.2540E-05
  1.6920E-04 -4.5416E-02 -1.8532E-04 -5.3059E-05
  1.7087E-04 -4.5704E-02 -1.8715E-04 -5.3582E-05
  1.7254E-04 -4.5993E-02 -1.8899E-04 -5.4108E-05
  1.7423E-04 -4.6282E-02 -1.9084E-04 -5.4639E-05
  1.7594E-04 -4.6573E-02 -1.9270E-04 -5.5172E-05
  1.7765E-04 -4.6864E-02 -1.9458E-04 -5.5710E-05
  1.7938E-04 -4.7157E-02 -1.9647E-04 -5.6251E-05
  1.8112E-04 -4.7450E-02 -1.9838E-04 -5.6797E-05
  1.8287E-04 -4.7744E-02 -2.0029E-04 -5.7346E-05
  1.8463E-04 -4.8039E-02 -2.0223E-04 -5.7899E-05
  1.8641E-04 -4.8335E-02 -2.0417E-04 -5.8455E-05
  1.8819E-04 -4.8633E-02 -2.0613E-04 -5.9016E-05
  1.8999E-04 -4.8930E-02 -2.0810E-04 -5.9581E-05
  1.9181E-04 -4.9229E-02 -2.1009E-04 -6.0149E-05
  1.9363E-04 -4.9529E-02 -2.1209E-04 -6.0722E-05
  1.9547E-04 -4.9830E-02 -2.1410E-04 -6.1298E-05
  1.9732E-04 -5.0132E-02 -2.1613E-04 -6.1879E-05
  1.9919E-04 -5.0435E-02 -2.1817E-04 -6.2463E-05
  2.0106E-04 -5.0738E-02 -2.2023E-04 -6.3052E-05
  2.0296E-04 -5.1043E-02 -2.2230E-04 -6.3645E-05
  2.0486E-04 -5.1349E-02 -2.2438E-04 -6.4242E-05
  2.0678E-04 -5.1656E-02 -2.2648E-04 -6.4843E-05
  2.0871E-04 -5.1963E-02 -2.2860E-04 -6.5449E-05
  2.1065E-04 -5.2272E-02 -2.3073E-04 -6.6058E-05
  2.1261E-04 -5.2582E-02 -2.3287E-04 -6.6672E-05
  2.1458E-04 -5.2892E-02 -2.3503E-04 -6.7291E-05
  2.1657E-04 -5.3204E-02 -2.3720E-04 -6.7913E-05
  2.1857E-04 -5.3516E-02 -2.3939E-04 -6.8540E-05
  2.2058E-04 -5.3830E-02 -2.4160E-04 -6.9172E-05
  2.2261E-04 -5.4145E-02 -2.4382E-04 -6.9807E-05
  2.2465E-04 -5.4461E-02 -2.4606E-04 -7.0448E-05
  2.2670E-04 -5.4777E-02 -2.4831E-04 -7.1092E-05
  2.2877E-04 -5.5095E-02 -2.5058E-04 -7.1742E-05
  2.3086E-04 -5.5414E-02 -2.5286E-04 -7.2396E-05
  2.3296E-04 -5.5734E-02 -2.5516E-04 -7.3054E-05
  2.3507E-04 -5.6054E-02 -2.5748E-04 -7.3717E-05
  2.3720E-04 -5.6376E-02 -2.5981E-04 -7.4385E-05
  2.3935E-04 -5.6699E-02 -2.6216E-04 -7.5057E-05
  2.4151E-04 -5.7023E-02 -2.6452E-04 -7.5734E-05
  2.4368E-04 -5.7348E-02 -2.6690E-04 -7.6416E-05
  2.4587E-04 -5.7674E-02 -2.6930E-04 -7.7103E-05
  2.4807E-04 -5.8001E-02 -2.7172E-04 -7.7794E-05
  2.5029E-04 -5.8329E-02 -2.7415E-04 -7.8490E-05
  2.5253E-04 -5.8659E-02 -2.7660E-04 -7.9191E-05
  2.5478E-04 -5.8989E-02 -2.7906E-04 -7.9898E-05
  2.5705E-04 -5.9320E-02 -2.8155E-04 -8.0609E-05
  2.5933E-04 -5.9653E-02 -2.8405E-04 -8.1325E-05
  2.6163E-04 -5.9986E-02 -2.8657E-04 -8.2046E-05
  2.6395E-04 -6.0321E-02 -2.8910E-04 -8.2772E-05
  2.6628E-04 -6.0657E-02 -2.9166E-04 -8.3503E-05
  2.6863E-04 -6.0993E-02 -2.9423E-04 -8.4239E-05
  2.7099E-04 -6.1331E-02 -2.9682E-04 -8.4981E-05
  2.7337E-04 -6.1670E-02 -2.9942E-04 -8.5727E-05
  2.7577E-04 -6.2010E-02 -3.0205E-04 -8.6479E-05
  2.7818E-04 -6.2351E-02 -3.0470E-04 -8.7236E-05
  2.8062E-04 -6.2693E-02 -3.0736E-04 -8.7999E-05
  2.8306E-04 -6.3037E-02 -3.1004E-04 -8.8767E-05
  2.8553E-04 -6.3381E-02 -3.1274E-04 -8.9540E-05
  2.8801E-04 -6.3727E-02 -3.1546E-04 -9.0319E-05
  2.9051E-04 -6.4073E-02 -3.1820E-04 -9.1103E-05
  2.9303E-04 -6.4421E-02 -3.2096E-04 -9.1892E-05
  2.9557E-04 -6.4770E-02 -3.2373E-04 -9.2688E-05
  2.9812E-04 -6.5120E-02 -3.2653E-04 -9.3488E-05
  3.0069E-04 -6.5471E-02 -3.2935E-04 -9.4295E-05
  3.0328E-04 -6.5823E-02 -3.3218E-04 -9.5107E-05
  3.0589E-04 -6.6177E-02 -3.3504E-04 -9.5924E-05
  3.0851E-04 -6.6531E-02 -3.3792E-04 -9.6748E-05
  3.1116E-04 -6.6887E-02 -3.4081E-04 -9.7577E-05
  3.1382E-04 -6.7244E-02 -3.4373E-04 -9.8412E-05
  3.1650E-04 -6.7602E-02 -3.4667E-04 -9.9253E-05
  3.1920E-04 -6.7961E-02 -3.4962E-04 -1.0010E-04
  3.2192E-04 -6.8321E-02 -3.5260E-04 -1.0095E-04
  3.2466E-04 -6.8682E-02 -3.5560E-04 -1.0181E-04
  3.2742E-04 -6.9045E-02 -3.5862E-04 -1.0268E-04
  3.3019E-04 -6.9409E-02 -3.6166E-04 -1.0355E-04
  3.3299E-04 -6.9773E-02 -3.6472E-04 -1.0442E-04
  3.3581E-04 -7.0139E-02 -3.6781E-04 -1.0531E-04
  3.3864E-04 -7.0507E-02 -3.7091E-04 -1.0620E-04
  3.4150E-04 -7.0875E-02 -3.7404E-04 -1.0709E-04
  3.4437E-04 -7.1244E-02 -3.7719E-04 -1.0799E-04
  3.4727E-04 -7.1615E-02 -3.8036E-04 -1.0890E-04
  3.5019E-04 -7.1987E-02 -3.8356E-04 -1.0982E-04
  3.5312E-04 -7.2360E-02 -3.8677E-04 -1.1074E-04
  3.5608E-04 -7.2734E-02 -3.9001E-04 -1.1166E-04
  3.5906E-04 -7.3109E-02 -3.9327E-04 -1.1260E-04
  3.6206E-04 -7.3486E-02 -3.9656E-04 -1.1354E-04
  3.6507E-04 -7.3863E-02 -3.9987E-04 -1.1448E-04
  3.6812E-04 -7.4242E-02 -4.0320E-04 -1.1544E-04
  3.7118E-04 -7.4622E-02 -4.0655E-04 -1.1640E-04
  3.7426E-04 -7.5004E-02 -4.0993E-04 -1.1737E-04
  3.7737E-04 -7.5386E-02 -4.1333E-04 -1.1834E-04
  3.8049E-04 -7.5770E-02 -4.1675E-04 -1.1932E-04
  3.8364E-04 -7.6154E-02 -4.2020E-04 -1.2031E-04
  3.8681E-04 -7.6540E-02 -4.2368E-04 -1.2130E-04
  3.9001E-04 -7.6927E-02 -4.2717E-04 -1.2230E-04
  3.9322E-04 -7.7316E-02 -4.3070E-04 -1.2331E-04
  3.9646E-04 -7.7705E-02 -4.3424E-04 -1.2433E-04
  3.9972E-04 -7.8096E-02 -4.3782E-04 -1.2535E-04
  4.0301E-04 -7.8488E-02 -4.4141E-04 -1.2638E-04
  4.0631E-04 -7.8881E-02 -4.4503E-04 -1.2742E-04
  4.0964E-04 -7.9276E-02 -4.4868E-04 -1.2846E-04
  4.1300E-04 -7.9671E-02 -4.5235E-04 -1.2951E-04
  4.1637E-04 -8.0068E-02 -4.5605E-04 -1.3057E-04
  4.1977E-04 -8.0466E-02 -4.5978E-04 -1.3164E-04
  4.2320E-04 -8.0865E-02 -4.6353E-04 -1.3271E-04
  4.2665E-04 -8.1265E-02 -4.6731E-04 -1.3379E-04
  4.3012E-04 -8.1667E-02 -4.7111E-04 -1.3488E-04
  4.3362E-04 -8.2070E-02 -4.7494E-04 -1.3598E-04
  4.3714E-04 -8.2474E-02 -4.7880E-04 -1.3708E-04
  4.4068E-04 -8.2879E-02 -4.8268E-04 -1.3820E-04
  4.4426E-04 -8.3285E-02 -4.8659E-04 -1.3932E-04
  4.4785E-04 -8.3693E-02 -4.9053E-04 -1.4044E-04
  4.5147E-04 -8.4102E-02 -4.9450E-04 -1.4158E-04
  4.5512E-04 -8.4512E-02 -4.9849E-04 -1.4272E-04
  4.5879E-04 -8.4923E-02 -5.0252E-04 -1.4387E-04
  4.6249E-04 -8.5335E-02 -5.0657E-04 -1.4503E-04
  4.6621E-04 -8.5749E-02 -5.1064E-04 -1.4620E-04
  4.6996E-04 -8.6164E-02 -5.1475E-04 -1.4738E-04
  4.7374E-04 -8.6580E-02 -5.1889E-04 -1.4856E-04
  4.7754E-04 -8.6997E-02 -5.2305E-04 -1.4975E-04
  4.8137E-04 -8.7416E-02 -5.2725E-04 -1.5096E-04
  4.8523E-04 -8.7835E-02 -5.3147E-04 -1.5216E-04
  4.8911E-04 -8.8256E-02 -5.3573E-04 -1.5338E-04
  4.9302E-04 -8.8679E-02 -5.4001E-04 -1.5461E-04
  4.9696E-04 -8.9102E-02 -5.4432E-04 -1.5584E-04
  5.0093E-04 -8.9526E-02 -5.4867E-04 -1.5709E-04
  5.0492E-04 -8.9952E-02 -5.5304E-04 -1.5834E-04
  5.0894E-04 -9.0379E-02 -5.5745E-04 -1.5960E-04
  5.1299E-04 -9.0807E-02 -5.6188E-04 -1.6087E-04
  5.1707E-04 -9.1237E-02 -5.6635E-04 -1.6215E-04
  5.2118E-04 -9.1667E-02 -5.7085E-04 -1.6344E-04
  5.2531E-04 -9.2099E-02 -5.7538E-04 -1.6473E-04
  5.2948E-04 -9.2532E-02 -5.7994E-04 -1.6604E-04
  5.3367E-04 -9.2966E-02 -5.8453E-04 -1.6736E-04
  5.3790E-04 -9.3402E-02 -5.8916E-04 -1.6868E-04
  5.4215E-04 -9.3839E-02 -5.9382E-04 -1.7001E-04
  5.4643E-04 -9.4276E-02 -5.9851E-04 -1.7136E-04
  5.5074E-04 -9.4715E-02 -6.0323E-04 -1.7271E-04
  5.5509E-04 -9.5156E-02 -6.0799E-04 -1.7407E-04
  5.5946E-04 -9.5597E-02 -6.1278E-04 -1.7544E-04
  5.6387E-04 -9.6040E-02 -6.1760E-04 -1.7682E-04
  5.6830E-04 -9.6484E-02 -6.2246E-04 -1.7821E-04
  5.7277E-04 -9.6929E-02 -6.2735E-04 -1.7962E-04
  5.7726E-04 -9.7375E-02 -6.3228E-04 -1.8103E-04
  5.8179E-04 -9.7822E-02 -6.3724E-04 -1.8245E-04
  5.8635E-04 -9.8271E-02 -6.4223E-04 -1.8388E-04
  5.9095E-04 -9.8720E-02 -6.4726E-04 -1.8532E-04
  5.9557E-04 -9.9171E-02 -6.5233E-04 -1.8677E-04
  6.0023E-04 -9.9623E-02 -6.5743E-04 -1.8823E-04
  6.0492E-04 -1.0008E-01 -6.6257E-04 -1.8970E-04
  6.0964E-04 -1.0053E-01 -6.6774E-04 -1.9118E-04
  6.1440E-04 -1.0099E-01 -6.7295E-04 -1.9267E-04
  6.1919E-04 -1.0144E-01 -6.7820E-04 -1.9417E-04
  6.2401E-04 -1.0190E-01 -6.8348E-04 -1.9569E-04
  6.2887E-04 -1.0236E-01 -6.8880E-04 -1.9721E-04
  6.3376E-04 -1.0282E-01 -6.9415E-04 -1.9874E-04
  6.3868E-04 -1.0328E-01 -6.9955E-04 -2.0029E-04
  6.4364E-04 -1.0374E-01 -7.0498E-04 -2.0184E-04
  6.4864E-04 -1.0421E-01 -7.1045E-04 -2.0341E-04
  6.5367E-04 -1.0467E-01 -7.1596E-04 -2.0499E-04
  6.5873E-04 -1.0514E-01 -7.2151E-04 -2.0657E-04
  6.6383E-04 -1.0561E-01 -7.2709E-04 -2.0817E-04
  6.6897E-04 -1.0608E-01 -7.3272E-04 -2.0978E-04
  6.7414E-04 -1.0654E-01 -7.3839E-04 -2.1141E-04
  6.7935E-04 -1.0701E-01 -7.4409E-04 -2.1304E-04
  6.8459E-04 -1.0749E-01 -7.4983E-04 -2.1468E-04
  6.8988E-04 -1.0796E-01 -7.5562E-04 -2.1634E-04
  6.9519E-04 -1.0843E-01 -7.6145E-04 -2.1801E-04
  7.0055E-04 -1.0891E-01 -7.6731E-04 -2.1969E-04
  7.0594E-04 -1.0938E-01 -7.7322E-04 -2.2138E-04
  7.1138E-04 -1.0986E-01 -7.7917E-04 -2.2308E-04
  7.1685E-04 -1.1034E-01 -7.8516E-04 -2.2480E-04
  7.2235E-04 -1.1082E-01 -7.9119E-04 -2.2653E-04
  7.2790E-04 -1.1130E-01 -7.9727E-04 -2.2826E-04
  7.3348E-04 -1.1178E-01 -8.0338E-04 -2.3002E-04
  7.3911E-04 -1.1226E-01 -8.0955E-04 -2.3178E-04
  7.4477E-04 -1.1275E-01 -8.1575E-04 -2.3356E-04
  7.5048E-04 -1.1323E-01 -8.2200E-04 -2.3534E-04
  7.5622E-04 -1.1372E-01 -8.2829E-04 -2.3715E-04
  7.6201E-04 -1.1420E-01 -8.3462E-04 -2.3896E-04
  7.6783E-04 -1.1469E-01 -8.4100E-04 -2.4079E-04
  7.7370E-04 -1.1518E-01 -8.4743E-04 -2.4263E-04
  7.7960E-04 -1.1567E-01 -8.5390E-04 -2.4448E-04
  7.8555E-04 -1.1616E-01 -8.6041E-04 -2.4634E-04
  7.9154E-04 -1.1665E-01 -8.6697E-04 -2.4822E-04
  7.9757E-04 -1.1715E-01 -8.7358E-04 -2.5011E-04
  8.0365E-04 -1.1764E-01 -8.8023E-04 -2.5202E-04
  8.0976E-04 -1.1814E-01 -8.8693E-04 -2.5394E-04
  8.1592E-04 -1.1863E-01 -8.9368E-04 -2.5587E-04
  8.2212E-04 -1.1913E-01 -9.0047E-04 -2.5781E-04
  8.2837E-04 -1.1963E-01 -9.0731E-04 -2.5977E-04
  8.3466E-04 -1.2012E-01 -9.1420E-04 -2.6174E-04
  8.4099E-04 -1.2062E-01 -9.2114E-04 -2.6373E-04
  8.4737E-04 -1.2112E-01 -9.2813E-04 -2.6573E-04
  8.5380E-04 -1.2163E-01 -9.3516E-04 -2.6775E-04
  8.6027E-04 -1.2213E-01 -9.4225E-04 -2.6977E-04
  8.6678E-04 -1.2263E-01 -9.4938E-04 -2.7182E-04
  8.7334E-04 -1.2314E-01 -9.5657E-04 -2.7387E-04
  8.7994E-04 -1.2364E-01 -9.6380E-04 -2.7595E-04
  8.8660E-04 -1.2415E-01 -9.7109E-04 -2.7803E-04
  8.9329E-04 -1.2465E-01 -9.7842E-04 -2.8013E-04
  9.0004E-04 -1.2516E-01 -9.8581E-04 -2.8225E-04
  9.0683E-04 -1.2567E-01 -9.9325E-04 -2.8438E-04
  9.1367E-04 -1.2618E-01 -1.0007E-03 -2.8652E-04
  9.2056E-04 -1.2669E-01 -1.0083E-03 -2.8868E-04
  9.2750E-04 -1.2720E-01 -1.0159E-03 -2.9086E-04
  9.3448E-04 -1.2771E-01 -1.0235E-03 -2.9305E-04
  9.4152E-04 -1.2823E-01 -1.0312E-03 -2.9525E-04
  9.4860E-04 -1.2874E-01 -1.0390E-03 -2.9748E-04
  9.5573E-04 -1.2925E-01 -1.0468E-03 -2.9971E-04
  9.6292E-04 -1.2977E-01 -1.0547E-03 -3.0197E-04
  9.7015E-04 -1.3028E-01 -1.0626E-03 -3.0423E-04
  9.7743E-04 -1.3080E-01 -1.0706E-03 -3.0652E-04
  9.8477E-04 -1.3132E-01 -1.0786E-03 -3.0882E-04
  9.9216E-04 -1.3184E-01 -1.0867E-03 -3.1114E-04
  9.9960E-04 -1.3235E-01 -1.0949E-03 -3.1347E-04
  1.0071E-03 -1.3287E-01 -1.1031E-03 -3.1582E-04
  1.0146E-03 -1.3339E-01 -1.1113E-03 -3.1818E-04
  1.0222E-03 -1.3391E-01 -1.1196E-03 -3.2057E-04
  1.0299E-03 -1.3443E-01 -1.1280E-03 -3.2296E-04
  1.0376E-03 -1.3496E-01 -1.1365E-03 -3.2538E-04
  1.0453E-03 -1.3548E-01 -1.1450E-03 -3.2781E-04
  1.0531E-03 -1.3600E-01 -1.1535E-03 -3.3026E-04
  1.0610E-03 -1.3653E-01 -1.1621E-03 -3.3273E-04
  1.0689E-03 -1.3705E-01 -1.1708E-03 -3.3521E-04
  1.0769E-03 -1.3757E-01 -1.1795E-03 -3.3772E-04
  1.0849E-03 -1.3810E-01 -1.1883E-03 -3.4023E-04
  1.0930E-03 -1.3863E-01 -1.1972E-03 -3.4277E-04
  1.1012E-03 -1.3915E-01 -1.2061E-03 -3.4533E-04
  1.1094E-03 -1.3968E-01 -1.2151E-03 -3.4790E-04
  1.1176E-03 -1.4021E-01 -1.2242E-03 -3.5049E-04
  1.1260E-03 -1.4073E-01 -1.2333E-03 -3.5310E-04
  1.1343E-03 -1.4126E-01 -1.2424E-03 -3.5573E-04
  1.1428E-03 -1.4179E-01 -1.2517E-03 -3.5837E-04
  1.1513E-03 -1.4232E-01 -1.2610E-03 -3.6103E-04
  1.1598E-03 -1.4285E-01 -1.2704E-03 -3.6372E-04
  1.1684E-03 -1.4338E-01 -1.2798E-03 -3.6642E-04
  1.1771E-03 -1.4391E-01 -1.2893E-03 -3.6914E-04
  1.1859E-03 -1.4444E-01 -1.2989E-03 -3.7188E-04
  1.1947E-03 -1.4497E-01 -1.3085E-03 -3.7464E-04
  1.2035E-03 -1.4550E-01 -1.3182E-03 -3.7742E-04
  1.2124E-03 -1.4603E-01 -1.3280E-03 -3.8021E-04
  1.2214E-03 -1.4656E-01 -1.3378E-03 -3.8303E-04
  1.2305E-03 -1.4709E-01 -1.3477E-03 -3.8587E-04
  1.2396E-03 -1.4763E-01 -1.3577E-03 -3.8873E-04
  1.2487E-03 -1.4816E-01 -1.3677E-03 -3.9160E-04
  1.2580E-03 -1.4869E-01 -1.3779E-03 -3.9450E-04
  1.2673E-03 -1.4922E-01 -1.3881E-03 -3.9742E-04
  1.2767E-03 -1.4975E-01 -1.3983E-03 -4.0035E-04
  1.2861E-03 -1.5029E-01 -1.4086E-03 -4.0331E-04
  1.2956E-03 -1.5082E-01 -1.4191E-03 -4.0629E-04
  1.3052E-03 -1.5135E-01 -1.4295E-03 -4.0929E-04
  1.3148E-03 -1.5188E-01 -1.4401E-03 -4.1231E-04
  1.3245E-03 -1.5242E-01 -1.4507E-03 -4.1536E-04
  1.3343E-03 -1.5295E-01 -1.4614E-03 -4.1842E-04
  1.3441E-03 -1.5348E-01 -1.4722E-03 -4.2151E-04
  1.3540E-03 -1.5401E-01 -1.4830E-03 -4.2461E-04
  1.3640E-03 -1.5455E-01 -1.4940E-03 -4.2774E-04
  1.3740E-03 -1.5508E-01 -1.5050E-03 -4.3089E-04
  1.3841E-03 -1.5561E-01 -1.5160E-03 -4.3406E-04
  1.3943E-03 -1.5614E-01 -1.5272E-03 -4.3726E-04
  1.4046E-03 -1.5667E-01 -1.5384E-03 -4.4048E-04
  1.4149E-03 -1.5720E-01 -1.5498E-03 -4.4372E-04
  1.4253E-03 -1.5774E-01 -1.5612E-03 -4.4698E-04
  1.4358E-03 -1.5827E-01 -1.5726E-03 -4.5027E-04
  1.4464E-03 -1.5880E-01 -1.5842E-03 -4.5357E-04
  1.4570E-03 -1.5933E-01 -1.5958E-03 -4.5691E-04
  1.4677E-03 -1.5986E-01 -1.6075E-03 -4.6026E-04
  1.4784E-03 -1.6039E-01 -1.6193E-03 -4.6364E-04
  1.4893E-03 -1.6092E-01 -1.6312E-03 -4.6704E-04
  1.5002E-03 -1.6144E-01 -1.6432E-03 -4.7047E-04
  1.5112E-03 -1.6197E-01 -1.6552E-03 -4.7392E-04
  1.5223E-03 -1.6250E-01 -1.6674E-03 -4.7739E-04
  1.5335E-03 -1.6303E-01 -1.6796E-03 -4.8089E-04
  1.5447E-03 -1.6355E-01 -1.6919E-03 -4.8442E-04
  1.5560E-03 -1.6408E-01 -1.7043E-03 -4.8796E-04
  1.5674E-03 -1.6460E-01 -1.7168E-03 -4.9154E-04
  1.5789E-03 -1.6513E-01 -1.7293E-03 -4.9514E-04
  1.5904E-03 -1.6565E-01 -1.7420E-03 -4.9876E-04
  1.6021E-03 -1.6617E-01 -1.7547E-03 -5.0241E-04
  1.6138E-03 -1.6670E-01 -1.7676E-03 -5.0608E-04
  1.6256E-03 -1.6722E-01 -1.7805E-03 -5.0978E-04
  1.6375E-03 -1.6774E-01 -1.7935E-03 -5.1351E-04
  1.6494E-03 -1.6826E-01 -1.8066E-03 -5.1726E-04
  1.6615E-03 -1.6878E-01 -1.8198E-03 -5.2104E-04
  1.6736E-03 -1.6929E-01 -1.8331E-03 -5.2484E-04
  1.6858E-03 -1.6981E-01 -1.8465E-03 -5.2868E-04
  1.6981E-03 -1.7033E-01 -1.8599E-03 -5.3253E-04
  1.7105E-03 -1.7084E-01 -1.8735E-03 -5.3642E-04
  1.7230E-03 -1.7135E-01 -1.8872E-03 -5.4033E-04
  1.7356E-03 -1.7186E-01 -1.9009E-03 -5.4427E-04
  1.7482E-03 -1.7238E-01 -1.9148E-03 -5.4824E-04
  1.7610E-03 -1.7289E-01 -1.9288E-03 -5.5224E-04
  1.7738E-03 -1.7339E-01 -1.9428E-03 -5.5626E-04
  1.7867E-03 -1.7390E-01 -1.9570E-03 -5.6031E-04
  1.7997E-03 -1.7441E-01 -1.9712E-03 -5.6439E-04
  1.8128E-03 -1.7491E-01 -1.9856E-03 -5.6850E-04
  1.8260E-03 -1.7541E-01 -2.0000E-03 -5.7264E-04
  1.8393E-03 -1.7592E-01 -2.0146E-03 -5.7681E-04
  1.8527E-03 -1.7642E-01 -2.0292E-03 -5.8100E-04
  1.8661E-03 -1.7691E-01 -2.0440E-03 -5.8523E-04
  1.8797E-03 -1.7741E-01 -2.0588E-03 -5.8949E-04
  1.8934E-03 -1.7791E-01 -2.0738E-03 -5.9377E-04
  1.9071E-03 -1.7840E-01 -2.0889E-03 -5.9809E-04
  1.9210E-03 -1.7889E-01 -2.1040E-03 -6.0243E-04
  1.9349E-03 -1.7938E-01 -2.1193E-03 -6.0681E-04
  1.9490E-03 -1.7987E-01 -2.1347E-03 -6.1121E-04
  1.9631E-03 -1.8035E-01 -2.1502E-03 -6.1565E-04
  1.9774E-03 -1.8084E-01 -2.1658E-03 -6.2012E-04
  1.9917E-03 -1.8132E-01 -2.1815E-03 -6.2462E-04
  2.0062E-03 -1.8180E-01 -2.1974E-03 -6.2915E-04
  2.0207E-03 -1.8228E-01 -2.2133E-03 -6.3372E-04
  2.0354E-03 -1.8276E-01 -2.2293E-03 -6.3831E-04
  2.0502E-03 -1.8323E-01 -2.2455E-03 -6.4294E-04
  2.0650E-03 -1.8370E-01 -2.2618E-03 -6.4760E-04
  2.0800E-03 -1.8417E-01 -2.2782E-03 -6.5229E-04
  2.0950E-03 -1.8464E-01 -2.2947E-03 -6.5702E-04
  2.1102E-03 -1.8510E-01 -2.3113E-03 -6.6178E-04
  2.1255E-03 -1.8556E-01 -2.3280E-03 -6.6657E-04
  2.1409E-03 -1.8602E-01 -2.3449E-03 -6.7139E-04
  2.1564E-03 -1.8648E-01 -2.3619E-03 -6.7625E-04
  2.1720E-03 -1.8693E-01 -2.3789E-03 -6.8115E-04
  2.1877E-03 -1.8739E-01 -2.3962E-03 -6.8608E-04
  2.2035E-03 -1.8784E-01 -2.4135E-03 -6.9104E-04
  2.2195E-03 -1.8828E-01 -2.4309E-03 -6.9604E-04
  2.2355E-03 -1.8873E-01 -2.4485E-03 -7.0107E-04
  2.2517E-03 -1.8917E-01 -2.4662E-03 -7.0614E-04
  2.2679E-03 -1.8960E-01 -2.4840E-03 -7.1124E-04
  2.2843E-03 -1.9004E-01 -2.5020E-03 -7.1638E-04
  2.3008E-03 -1.9047E-01 -2.5201E-03 -7.2156E-04
  2.3174E-03 -1.9090E-01 -2.5382E-03 -7.2677E-04
  2.3342E-03 -1.9132E-01 -2.5566E-03 -7.3202E-04
  2.3510E-03 -1.9175E-01 -2.5750E-03 -7.3730E-04
  2.3680E-03 -1.9216E-01 -2.5936E-03 -7.4262E-04
  2.3851E-03 -1.9258E-01 -2.6123E-03 -7.4798E-04
  2.4023E-03 -1.9299E-01 -2.6312E-03 -7.5338E-04
  2.4196E-03 -1.9340E-01 -2.6502E-03 -7.5881E-04
  2.4371E-03 -1.9381E-01 -2.6693E-03 -7.6429E-04
  2.4546E-03 -1.9421E-01 -2.6885E-03 -7.6980E-04
  2.4723E-03 -1.9460E-01 -2.7079E-03 -7.7535E-04
  2.4901E-03 -1.9500E-01 -2.7274E-03 -7.8094E-04
  2.5081E-03 -1.9539E-01 -2.7471E-03 -7.8657E-04
  2.5262E-03 -1.9577E-01 -2.7669E-03 -7.9223E-04
  2.5444E-03 -1.9616E-01 -2.7868E-03 -7.9794E-04
  2.5627E-03 -1.9653E-01 -2.8069E-03 -8.0369E-04
  2.5811E-03 -1.9691E-01 -2.8271E-03 -8.0948E-04
  2.5997E-03 -1.9728E-01 -2.8474E-03 -8.1531E-04
  2.6184E-03 -1.9764E-01 -2.8679E-03 -8.2118E-04
  2.6373E-03 -1.9801E-01 -2.8886E-03 -8.2709E-04
  2.6562E-03 -1.9836E-01 -2.9093E-03 -8.3304E-04
  2.6754E-03 -1.9871E-01 -2.9303E-03 -8.3903E-04
  2.6946E-03 -1.9906E-01 -2.9513E-03 -8.4507E-04
  2.7140E-03 -1.9941E-01 -2.9726E-03 -8.5115E-04
  2.7335E-03 -1.9975E-01 -2.9939E-03 -8.5727E-04
  2.7531E-03 -2.0008E-01 -3.0155E-03 -8.6343E-04
  2.7729E-03 -2.0041E-01 -3.0371E-03 -8.6964E-04
  2.7929E-03 -2.0073E-01 -3.0590E-03 -8.7589E-04
  2.8129E-03 -2.0105E-01 -3.0809E-03 -8.8218E-04
  2.8331E-03 -2.0137E-01 -3.1031E-03 -8.8852E-04
  2.8535E-03 -2.0168E-01 -3.1254E-03 -8.9491E-04
  2.8740E-03 -2.0198E-01 -3.1478E-03 -9.0133E-04
  2.8946E-03 -2.0228E-01 -3.1704E-03 -9.0781E-04
  2.9154E-03 -2.0257E-01 -3.1932E-03 -9.1433E-04
  2.9363E-03 -2.0286E-01 -3.2161E-03 -9.2089E-04
  2.9574E-03 -2.0314E-01 -3.2392E-03 -9.2750E-04
  2.9786E-03 -2.0342E-01 -3.2624E-03 -9.3416E-04
  3.0000E-03 -2.0369E-01 -3.2858E-03 -9.4086E-04
  3.0215E-03 -2.0395E-01 -3.3094E-03 -9.4761E-04
  3.0432E-03 -2.0421E-01 -3.3331E-03 -9.5441E-04
  3.0650E-03 -2.0447E-01 -3.3570E-03 -9.6125E-04
  3.0870E-03 -2.0471E-01 -3.3811E-03 -9.6815E-04
  3.1091E-03 -2.0496E-01 -3.4053E-03 -9.7509E-04
  3.1314E-03 -2.0519E-01 -3.4297E-03 -9.8208E-04
  3.1538E-03 -2.0542E-01 -3.4543E-03 -9.8912E-04
  3.1764E-03 -2.0564E-01 -3.4791E-03 -9.9621E-04
  3.1992E-03 -2.0586E-01 -3.5040E-03 -1.0033E-03
  3.2221E-03 -2.0607E-01 -3.5291E-03 -1.0105E-03
  3.2452E-03 -2.0627E-01 -3.5544E-03 -1.0178E-03
  3.2684E-03 -2.0646E-01 -3.5798E-03 -1.0251E-03
  3.2918E-03 -2.0665E-01 -3.6054E-03 -1.0324E-03
  3.3154E-03 -2.0684E-01 -3.6313E-03 -1.0398E-03
  3.3391E-03 -2.0701E-01 -3.6573E-03 -1.0472E-03
  3.3630E-03 -2.0718E-01 -3.6834E-03 -1.0547E-03
  3.3871E-03 -2.0734E-01 -3.7098E-03 -1.0623E-03
  3.4113E-03 -2.0749E-01 -3.7363E-03 -1.0699E-03
  3.4357E-03 -2.0764E-01 -3.7631E-03 -1.0776E-03
  3.4603E-03 -2.0778E-01 -3.7900E-03 -1.0853E-03
  3.4851E-03 -2.0791E-01 -3.8171E-03 -1.0930E-03
  3.5100E-03 -2.0803E-01 -3.8444E-03 -1.1008E-03
  3.5351E-03 -2.0815E-01 -3.8719E-03 -1.1087E-03
  3.5603E-03 -2.0825E-01 -3.8995E-03 -1.1166E-03
  3.5858E-03 -2.0835E-01 -3.9274E-03 -1.1246E-03
  3.6114E-03 -2.0845E-01 -3.9555E-03 -1.1327E-03
  3.6372E-03 -2.0853E-01 -3.9837E-03 -1.1408E-03
  3.6632E-03 -2.0860E-01 -4.0122E-03 -1.1489E-03
  3.6894E-03 -2.0867E-01 -4.0409E-03 -1.1571E-03
  3.7158E-03 -2.0873E-01 -4.0697E-03 -1.1654E-03
  3.7423E-03 -2.0878E-01 -4.0988E-03 -1.1737E-03
  3.7690E-03 -2.0882E-01 -4.1281E-03 -1.1821E-03
  3.7959E-03 -2.0885E-01 -4.1575E-03 -1.1906E-03
  3.8230E-03 -2.0887E-01 -4.1872E-03 -1.1991E-03
  3.8503E-03 -2.0889E-01 -4.2171E-03 -1.2076E-03
  3.8778E-03 -2.0889E-01 -4.2472E-03 -1.2162E-03
  3.9055E-03 -2.0889E-01 -4.2775E-03 -1.2249E-03
  3.9334E-03 -2.0888E-01 -4.3080E-03 -1.2337E-03
  3.9614E-03 -2.0885E-01 -4.3388E-03 -1.2425E-03
  3.9897E-03 -2.0882E-01 -4.3697E-03 -1.2513E-03
  4.0181E-03 -2.0878E-01 -4.4009E-03 -1.2603E-03
  4.0468E-03 -2.0873E-01 -4.4323E-03 -1.2693E-03
  4.0757E-03 -2.0866E-01 -4.4639E-03 -1.2783E-03
  4.1047E-03 -2.0859E-01 -4.4957E-03 -1.2874E-03
  4.1340E-03 -2.0851E-01 -4.5278E-03 -1.2966E-03
  4.1635E-03 -2.0842E-01 -4.5601E-03 -1.3059E-03
  4.1932E-03 -2.0832E-01 -4.5926E-03 -1.3152E-03
  4.2230E-03 -2.0820E-01 -4.6253E-03 -1.3246E-03
  4.2531E-03 -2.0808E-01 -4.6583E-03 -1.3340E-03
  4.2834E-03 -2.0795E-01 -4.6915E-03 -1.3435E-03
  4.3140E-03 -2.0780E-01 -4.7249E-03 -1.3531E-03
  4.3447E-03 -2.0764E-01 -4.7585E-03 -1.3627E-03
  4.3757E-03 -2.0748E-01 -4.7924E-03 -1.3724E-03
  4.4068E-03 -2.0730E-01 -4.8266E-03 -1.3822E-03
  4.4382E-03 -2.0711E-01 -4.8609E-03 -1.3921E-03
  4.4698E-03 -2.0691E-01 -4.8956E-03 -1.4020E-03
  4.5016E-03 -2.0670E-01 -4.9304E-03 -1.4120E-03
  4.5337E-03 -2.0647E-01 -4.9655E-03 -1.4220E-03
  4.5660E-03 -2.0624E-01 -5.0009E-03 -1.4322E-03
  4.5985E-03 -2.0599E-01 -5.0365E-03 -1.4424E-03
  4.6312E-03 -2.0573E-01 -5.0723E-03 -1.4526E-03
  4.6642E-03 -2.0546E-01 -5.1084E-03 -1.4630E-03
  4.6974E-03 -2.0518E-01 -5.1447E-03 -1.4734E-03
  4.7308E-03 -2.0488E-01 -5.1813E-03 -1.4839E-03
  4.7644E-03 -2.0457E-01 -5.2182E-03 -1.4944E-03
  4.7983E-03 -2.0425E-01 -5.2553E-03 -1.5051E-03
  4.8325E-03 -2.0392E-01 -5.2927E-03 -1.5158E-03
  4.8668E-03 -2.0357E-01 -5.3303E-03 -1.5266E-03
  4.9014E-03 -2.0322E-01 -5.3682E-03 -1.5374E-03
  4.9363E-03 -2.0284E-01 -5.4064E-03 -1.5484E-03
  4.9714E-03 -2.0246E-01 -5.4449E-03 -1.5594E-03
  5.0067E-03 -2.0206E-01 -5.4836E-03 -1.5705E-03
  5.0423E-03 -2.0165E-01 -5.5225E-03 -1.5817E-03
  5.0782E-03 -2.0122E-01 -5.5618E-03 -1.5929E-03
  5.1143E-03 -2.0078E-01 -5.6013E-03 -1.6042E-03
  5.1506E-03 -2.0033E-01 -5.6411E-03 -1.6156E-03
  5.1872E-03 -1.9987E-01 -5.6812E-03 -1.6271E-03
  5.2241E-03 -1.9938E-01 -5.7216E-03 -1.6387E-03
  5.2612E-03 -1.9889E-01 -5.7622E-03 -1.6503E-03
  5.2986E-03 -1.9838E-01 -5.8032E-03 -1.6621E-03
  5.3362E-03 -1.9786E-01 -5.8444E-03 -1.6739E-03
  5.3741E-03 -1.9732E-01 -5.8859E-03 -1.6858E-03
  5.4123E-03 -1.9677E-01 -5.9277E-03 -1.6978E-03
  5.4507E-03 -1.9620E-01 -5.9698E-03 -1.7098E-03
  5.4894E-03 -1.9562E-01 -6.0122E-03 -1.7220E-03
  5.5284E-03 -1.9502E-01 -6.0548E-03 -1.7342E-03
  5.5677E-03 -1.9441E-01 -6.0978E-03 -1.7465E-03
  5.6072E-03 -1.9378E-01 -6.1411E-03 -1.7590E-03
  5.6470E-03 -1.9314E-01 -6.1847E-03 -1.7714E-03
  5.6871E-03 -1.9248E-01 -6.2286E-03 -1.7840E-03
  5.7275E-03 -1.9181E-01 -6.2728E-03 -1.7967E-03
  5.7681E-03 -1.9112E-01 -6.3173E-03 -1.8095E-03
  5.8090E-03 -1.9042E-01 -6.3621E-03 -1.8223E-03
  5.8503E-03 -1.8970E-01 -6.4073E-03 -1.8353E-03
  5.8918E-03 -1.8896E-01 -6.4527E-03 -1.8483E-03
  5.9336E-03 -1.8821E-01 -6.4985E-03 -1.8614E-03
  5.9757E-03 -1.8744E-01 -6.5446E-03 -1.8746E-03
  6.0181E-03 -1.8665E-01 -6.5910E-03 -1.8879E-03
  6.0607E-03 -1.8585E-01 -6.6378E-03 -1.9013E-03
  6.1037E-03 -1.8503E-01 -6.6848E-03 -1.9148E-03
  6.1470E-03 -1.8420E-01 -6.7322E-03 -1.9284E-03
  6.1906E-03 -1.8334E-01 -6.7800E-03 -1.9421E-03
  6.2345E-03 -1.8247E-01 -6.8280E-03 -1.9559E-03
  6.2787E-03 -1.8159E-01 -6.8764E-03 -1.9698E-03
  6.3232E-03 -1.8068E-01 -6.9252E-03 -1.9837E-03
  6.3680E-03 -1.7976E-01 -6.9743E-03 -1.9978E-03
  6.4132E-03 -1.7882E-01 -7.0237E-03 -2.0120E-03
  6.4586E-03 -1.7787E-01 -7.0735E-03 -2.0263E-03
  6.5044E-03 -1.7690E-01 -7.1236E-03 -2.0406E-03
  6.5505E-03 -1.7590E-01 -7.1741E-03 -2.0551E-03
  6.5969E-03 -1.7490E-01 -7.2249E-03 -2.0697E-03
  6.6437E-03 -1.7387E-01 -7.2761E-03 -2.0844E-03
  6.6908E-03 -1.7282E-01 -7.3276E-03 -2.0992E-03
  6.7382E-03 -1.7176E-01 -7.3795E-03 -2.1140E-03
  6.7859E-03 -1.7068E-01 -7.4318E-03 -2.1290E-03
  6.8340E-03 -1.6958E-01 -7.4844E-03 -2.1441E-03
  6.8824E-03 -1.6846E-01 -7.5374E-03 -2.1593E-03
  6.9311E-03 -1.6732E-01 -7.5908E-03 -2.1746E-03
  6.9802E-03 -1.6617E-01 -7.6446E-03 -2.1901E-03
  7.0297E-03 -1.6499E-01 -7.6987E-03 -2.2056E-03
  7.0794E-03 -1.6380E-01 -7.7532E-03 -2.2212E-03
  7.1296E-03 -1.6259E-01 -7.8081E-03 -2.2370E-03
  7.1800E-03 -1.6135E-01 -7.8634E-03 -2.2528E-03
  7.2309E-03 -1.6010E-01 -7.9190E-03 -2.2688E-03
  7.2821E-03 -1.5883E-01 -7.9751E-03 -2.2849E-03
  7.3336E-03 -1.5754E-01 -8.0315E-03 -2.3011E-03
  7.3855E-03 -1.5624E-01 -8.0883E-03 -2.3174E-03
  7.4378E-03 -1.5491E-01 -8.1456E-03 -2.3338E-03
  7.4905E-03 -1.5356E-01 -8.2032E-03 -2.3503E-03
  7.5435E-03 -1.5219E-01 -8.2613E-03 -2.3670E-03
  7.5969E-03 -1.5081E-01 -8.3197E-03 -2.3838E-03
  7.6506E-03 -1.4940E-01 -8.3786E-03 -2.4006E-03
  7.7048E-03 -1.4797E-01 -8.4378E-03 -2.4177E-03
  7.7593E-03 -1.4652E-01 -8.4975E-03 -2.4348E-03
  7.8142E-03 -1.4506E-01 -8.5576E-03 -2.4520E-03
  7.8694E-03 -1.4357E-01 -8.6181E-03 -2.4694E-03
  7.9251E-03 -1.4206E-01 -8.6791E-03 -2.4869E-03
  7.9812E-03 -1.4053E-01 -8.7405E-03 -2.5045E-03
  8.0376E-03 -1.3899E-01 -8.8023E-03 -2.5222E-03
  8.0945E-03 -1.3742E-01 -8.8645E-03 -2.5401E-03
  8.1517E-03 -1.3583E-01 -8.9272E-03 -2.5581E-03
  8.2094E-03 -1.3422E-01 -8.9903E-03 -2.5762E-03
  8.2674E-03 -1.3259E-01 -9.0539E-03 -2.5945E-03
  8.3259E-03 -1.3094E-01 -9.1179E-03 -2.6128E-03
  8.3848E-03 -1.2927E-01 -9.1823E-03 -2.6313E-03
  8.4441E-03 -1.2758E-01 -9.2472E-03 -2.6500E-03
  8.5038E-03 -1.2586E-01 -9.3126E-03 -2.6687E-03
  8.5639E-03 -1.2413E-01 -9.3784E-03 -2.6876E-03
  8.6244E-03 -1.2238E-01 -9.4447E-03 -2.7067E-03
  8.6854E-03 -1.2060E-01 -9.5114E-03 -2.7258E-03
  8.7468E-03 -1.1881E-01 -9.5786E-03 -2.7451E-03
  8.8086E-03 -1.1699E-01 -9.6463E-03 -2.7646E-03
  8.8709E-03 -1.1515E-01 -9.7144E-03 -2.7841E-03
  8.9335E-03 -1.1329E-01 -9.7831E-03 -2.8038E-03
  8.9967E-03 -1.1141E-01 -9.8522E-03 -2.8237E-03
  9.0603E-03 -1.0951E-01 -9.9218E-03 -2.8437E-03
  9.1243E-03 -1.0759E-01 -9.9919E-03 -2.8638E-03
  9.1887E-03 -1.0565E-01 -1.0062E-02 -2.8841E-03
  9.2537E-03 -1.0369E-01 -1.0134E-02 -2.9045E-03
  9.3191E-03 -1.0170E-01 -1.0205E-02 -2.9250E-03
  9.3849E-03 -9.9695E-02 -1.0277E-02 -2.9457E-03
  9.4512E-03 -9.7669E-02 -1.0350E-02 -2.9666E-03
  9.5179E-03 -9.5621E-02 -1.0423E-02 -2.9876E-03
  9.5852E-03 -9.3553E-02 -1.0496E-02 -3.0087E-03
  9.6529E-03 -9.1463E-02 -1.0570E-02 -3.0300E-03
  9.7211E-03 -8.9353E-02 -1.0645E-02 -3.0515E-03
  9.7897E-03 -8.7222E-02 -1.0720E-02 -3.0731E-03
  9.8589E-03 -8.5070E-02 -1.0796E-02 -3.0948E-03
  9.9285E-03 -8.2898E-02 -1.0872E-02 -3.1167E-03
  9.9986E-03 -8.0704E-02 -1.0949E-02 -3.1388E-03
  1.0069E-02 -7.8490E-02 -1.1026E-02 -3.1610E-03
  1.0140E-02 -7.6256E-02 -1.1104E-02 -3.1833E-03
  1.0212E-02 -7.4000E-02 -1.1182E-02 -3.2059E-03
  1.0284E-02 -7.1724E-02 -1.1261E-02 -3.2285E-03
  1.0357E-02 -6.9428E-02 -1.1341E-02 -3.2514E-03
  1.0430E-02 -6.7111E-02 -1.1421E-02 -3.2744E-03
  1.0503E-02 -6.4775E-02 -1.1501E-02 -3.2976E-03
  1.0577E-02 -6.2417E-02 -1.1582E-02 -3.3209E-03
  1.0652E-02 -6.0040E-02 -1.1664E-02 -3.3444E-03
  1.0727E-02 -5.7643E-02 -1.1746E-02 -3.3681E-03
  1.0803E-02 -5.5226E-02 -1.1829E-02 -3.3919E-03
  1.0879E-02 -5.2789E-02 -1.1913E-02 -3.4159E-03
  1.0956E-02 -5.0332E-02 -1.1997E-02 -3.4401E-03
  1.1033E-02 -4.7856E-02 -1.2081E-02 -3.4644E-03
  1.1111E-02 -4.5360E-02 -1.2167E-02 -3.4889E-03
  1.1190E-02 -4.2845E-02 -1.2252E-02 -3.5136E-03
  1.1269E-02 -4.0311E-02 -1.2339E-02 -3.5384E-03
  1.1348E-02 -3.7757E-02 -1.2426E-02 -3.5635E-03
  1.1428E-02 -3.5185E-02 -1.2513E-02 -3.5887E-03
  1.1509E-02 -3.2594E-02 -1.2602E-02 -3.6141E-03
  1.1590E-02 -2.9984E-02 -1.2691E-02 -3.6396E-03
  1.1672E-02 -2.7356E-02 -1.2780E-02 -3.6654E-03
  1.1754E-02 -2.4710E-02 -1.2870E-02 -3.6913E-03
  1.1837E-02 -2.2046E-02 -1.2961E-02 -3.7174E-03
  1.1921E-02 -1.9364E-02 -1.3052E-02 -3.7437E-03
  1.2005E-02 -1.6664E-02 -1.3144E-02 -3.7702E-03
  1.2089E-02 -1.3947E-02 -1.3237E-02 -3.7969E-03
  1.2175E-02 -1.1212E-02 -1.3330E-02 -3.8238E-03
  1.2260E-02 -8.4603E-03 -1.3424E-02 -3.8508E-03
  1.2347E-02 -5.6918E-03 -1.3519E-02 -3.8781E-03
  1.2434E-02 -2.9067E-03 -1.3614E-02 -3.9055E-03
  1.2522E-02 -1.0526E-04 -1.3710E-02 -3.9331E-03
  1.2610E-02  2.7123E-03 -1.3806E-02 -3.9610E-03
  1.2699E-02  5.5457E-03 -1.3904E-02 -3.9890E-03
  1.2788E-02  8.3947E-03 -1.4002E-02 -4.0172E-03
  1.2879E-02  1.1259E-02 -1.4100E-02 -4.0456E-03
  1.2969E-02  1.4138E-02 -1.4200E-02 -4.0742E-03
  1.3061E-02  1.7033E-02 -1.4300E-02 -4.1031E-03
  1.3153E-02  1.9941E-02 -1.4400E-02 -4.1321E-03
  1.3246E-02  2.2864E-02 -1.4502E-02 -4.1613E-03
  1.3339E-02  2.5801E-02 -1.4604E-02 -4.1908E-03
  1.3433E-02  2.8751E-02 -1.4707E-02 -4.2204E-03
  1.3528E-02  3.1714E-02 -1.4810E-02 -4.2503E-03
  1.3623E-02  3.4691E-02 -1.4915E-02 -4.2804E-03
  1.3719E-02  3.7679E-02 -1.5020E-02 -4.3107E-03
  1.3816E-02  4.0681E-02 -1.5126E-02 -4.3412E-03
  1.3913E-02  4.3693E-02 -1.5232E-02 -4.3719E-03
  1.4011E-02  4.6718E-02 -1.5339E-02 -4.4028E-03
  1.4110E-02  4.9753E-02 -1.5447E-02 -4.4340E-03
  1.4209E-02  5.2799E-02 -1.5556E-02 -4.4654E-03
  1.4309E-02  5.5856E-02 -1.5666E-02 -4.4970E-03
  1.4410E-02  5.8922E-02 -1.5776E-02 -4.5288E-03
  1.4512E-02  6.1998E-02 -1.5887E-02 -4.5608E-03
  1.4614E-02  6.5082E-02 -1.5999E-02 -4.5931E-03
  1.4717E-02  6.8176E-02 -1.6111E-02 -4.6256E-03
  1.4821E-02  7.1277E-02 -1.6225E-02 -4.6584E-03
  1.4925E-02  7.4387E-02 -1.6339E-02 -4.6914E-03
  1.5030E-02  7.7503E-02 -1.6454E-02 -4.7246E-03
  1.5136E-02  8.0627E-02 -1.6570E-02 -4.7580E-03
  1.5243E-02  8.3756E-02 -1.6686E-02 -4.7917E-03
  1.5350E-02  8.6892E-02 -1.6804E-02 -4.8256E-03
  1.5458E-02  9.0033E-02 -1.6922E-02 -4.8598E-03
  1.5567E-02  9.3178E-02 -1.7041E-02 -4.8942E-03
  1.5677E-02  9.6328E-02 -1.7161E-02 -4.9288E-03
  1.5787E-02  9.9482E-02 -1.7282E-02 -4.9637E-03
  1.5899E-02  1.0264E-01 -1.7403E-02 -4.9989E-03
  1.6011E-02  1.0580E-01 -1.7526E-02 -5.0343E-03
  1.6123E-02  1.0896E-01 -1.7649E-02 -5.0699E-03
  1.6237E-02  1.1212E-01 -1.7773E-02 -5.1058E-03
  1.6351E-02  1.1529E-01 -1.7898E-02 -5.1420E-03
  1.6466E-02  1.1845E-01 -1.8024E-02 -5.1784E-03
  1.6582E-02  1.2162E-01 -1.8151E-02 -5.2151E-03
  1.6699E-02  1.2478E-01 -1.8279E-02 -5.2520E-03
  1.6817E-02  1.2794E-01 -1.8407E-02 -5.2892E-03
  1.6935E-02  1.3110E-01 -1.8537E-02 -5.3267E-03
  1.7054E-02  1.3426E-01 -1.8667E-02 -5.3644E-03
  1.7174E-02  1.3741E-01 -1.8798E-02 -5.4024E-03
  1.7295E-02  1.4056E-01 -1.8930E-02 -5.4407E-03
  1.7417E-02  1.4371E-01 -1.9063E-02 -5.4793E-03
  1.7540E-02  1.4685E-01 -1.9197E-02 -5.5181E-03
  1.7663E-02  1.4998E-01 -1.9332E-02 -5.5572E-03
  1.7788E-02  1.5311E-01 -1.9468E-02 -5.5966E-03
  1.7913E-02  1.5623E-01 -1.9605E-02 -5.6362E-03
  1.8039E-02  1.5934E-01 -1.9743E-02 -5.6762E-03
  1.8166E-02  1.6244E-01 -1.9882E-02 -5.7164E-03
  1.8294E-02  1.6553E-01 -2.0021E-02 -5.7569E-03
  1.8423E-02  1.6862E-01 -2.0162E-02 -5.7977E-03
  1.8552E-02  1.7169E-01 -2.0304E-02 -5.8389E-03
  1.8683E-02  1.7475E-01 -2.0447E-02 -5.8803E-03
  1.8814E-02  1.7779E-01 -2.0590E-02 -5.9219E-03
  1.8947E-02  1.8083E-01 -2.0735E-02 -5.9639E-03
  1.9080E-02  1.8384E-01 -2.0881E-02 -6.0062E-03
  1.9214E-02  1.8685E-01 -2.1027E-02 -6.0488E-03
  1.9350E-02  1.8983E-01 -2.1175E-02 -6.0917E-03
  1.9486E-02  1.9280E-01 -2.1324E-02 -6.1350E-03
  1.9623E-02  1.9576E-01 -2.1474E-02 -6.1785E-03
  1.9761E-02  1.9869E-01 -2.1625E-02 -6.2223E-03
  1.9900E-02  2.0161E-01 -2.1776E-02 -6.2665E-03
  2.0040E-02  2.0450E-01 -2.1929E-02 -6.3109E-03
  2.0181E-02  2.0737E-01 -2.2083E-02 -6.3557E-03
  2.0323E-02  2.1023E-01 -2.2239E-02 -6.4008E-03
  2.0466E-02  2.1305E-01 -2.2395E-02 -6.4463E-03
  2.0610E-02  2.1586E-01 -2.2552E-02 -6.4920E-03
  2.0755E-02  2.1864E-01 -2.2710E-02 -6.5381E-03
  2.0901E-02  2.2139E-01 -2.2870E-02 -6.5845E-03
  2.1048E-02  2.2412E-01 -2.3030E-02 -6.6313E-03
  2.1197E-02  2.2682E-01 -2.3192E-02 -6.6784E-03
  2.1346E-02  2.2949E-01 -2.3355E-02 -6.7258E-03
  2.1496E-02  2.3214E-01 -2.3519E-02 -6.7736E-03
  2.1647E-02  2.3475E-01 -2.3684E-02 -6.8217E-03
  2.1799E-02  2.3733E-01 -2.3850E-02 -6.8702E-03
  2.1953E-02  2.3988E-01 -2.4018E-02 -6.9190E-03
  2.2107E-02  2.4239E-01 -2.4186E-02 -6.9682E-03
  2.2263E-02  2.4487E-01 -2.4356E-02 -7.0177E-03
  2.2419E-02  2.4732E-01 -2.4527E-02 -7.0676E-03
  2.2577E-02  2.4973E-01 -2.4699E-02 -7.1178E-03
  2.2736E-02  2.5210E-01 -2.4872E-02 -7.1684E-03
  2.2896E-02  2.5443E-01 -2.5047E-02 -7.2194E-03
  2.3057E-02  2.5673E-01 -2.5223E-02 -7.2708E-03
  2.3219E-02  2.5898E-01 -2.5400E-02 -7.3225E-03
  2.3382E-02  2.6120E-01 -2.5578E-02 -7.3746E-03
  2.3547E-02  2.6337E-01 -2.5757E-02 -7.4270E-03
  2.3712E-02  2.6549E-01 -2.5938E-02 -7.4799E-03
  2.3879E-02  2.6757E-01 -2.6120E-02 -7.5331E-03
  2.4047E-02  2.6961E-01 -2.6303E-02 -7.5867E-03
  2.4216E-02  2.7160E-01 -2.6488E-02 -7.6407E-03
  2.4387E-02  2.7354E-01 -2.6673E-02 -7.6951E-03
  2.4558E-02  2.7544E-01 -2.6860E-02 -7.7499E-03
  2.4731E-02  2.7728E-01 -2.7049E-02 -7.8051E-03
  2.4905E-02  2.7907E-01 -2.7238E-02 -7.8607E-03
  2.5080E-02  2.8081E-01 -2.7429E-02 -7.9167E-03
  2.5256E-02  2.8250E-01 -2.7622E-02 -7.9731E-03
  2.5434E-02  2.8414E-01 -2.7815E-02 -8.0300E-03
  2.5613E-02  2.8571E-01 -2.8010E-02 -8.0872E-03
  2.5793E-02  2.8724E-01 -2.8207E-02 -8.1448E-03
  2.5974E-02  2.8870E-01 -2.8404E-02 -8.2029E-03
  2.6157E-02  2.9011E-01 -2.8604E-02 -8.2614E-03
  2.6341E-02  2.9146E-01 -2.8804E-02 -8.3203E-03
  2.6526E-02  2.9274E-01 -2.9006E-02 -8.3797E-03
  2.6713E-02  2.9397E-01 -2.9209E-02 -8.4395E-03
  2.6900E-02  2.9513E-01 -2.9414E-02 -8.4997E-03
  2.7089E-02  2.9623E-01 -2.9620E-02 -8.5604E-03
  2.7280E-02  2.9726E-01 -2.9827E-02 -8.6215E-03
  2.7472E-02  2.9823E-01 -3.0036E-02 -8.6831E-03
  2.7665E-02  2.9913E-01 -3.0247E-02 -8.7451E-03
  2.7859E-02  2.9997E-01 -3.0459E-02 -8.8076E-03
  2.8055E-02  3.0073E-01 -3.0672E-02 -8.8705E-03
  2.8253E-02  3.0143E-01 -3.0887E-02 -8.9339E-03
  2.8451E-02  3.0205E-01 -3.1103E-02 -8.9977E-03
  2.8651E-02  3.0260E-01 -3.1321E-02 -9.0621E-03
  2.8853E-02  3.0308E-01 -3.1540E-02 -9.1269E-03
  2.9055E-02  3.0349E-01 -3.1761E-02 -9.1922E-03
  2.9260E-02  3.0381E-01 -3.1984E-02 -9.2579E-03
  2.9465E-02  3.0407E-01 -3.2207E-02 -9.3242E-03
  2.9672E-02  3.0424E-01 -3.2433E-02 -9.3909E-03
  2.9881E-02  3.0434E-01 -3.2660E-02 -9.4581E-03
  3.0091E-02  3.0436E-01 -3.2889E-02 -9.5259E-03
  3.0303E-02  3.0430E-01 -3.3119E-02 -9.5941E-03
  3.0516E-02  3.0416E-01 -3.3351E-02 -9.6628E-03
  3.0730E-02  3.0394E-01 -3.3584E-02 -9.7321E-03
  3.0946E-02  3.0363E-01 -3.3819E-02 -9.8018E-03
  3.1164E-02  3.0324E-01 -3.4056E-02 -9.8721E-03
  3.1383E-02  3.0277E-01 -3.4294E-02 -9.9429E-03
  3.1603E-02  3.0221E-01 -3.4534E-02 -1.0014E-02
  3.1825E-02  3.0156E-01 -3.4775E-02 -1.0086E-02
  3.2049E-02  3.0083E-01 -3.5018E-02 -1.0158E-02
  3.2274E-02  3.0001E-01 -3.5263E-02 -1.0231E-02
  3.2501E-02  2.9910E-01 -3.5510E-02 -1.0305E-02
  3.2729E-02  2.9811E-01 -3.5758E-02 -1.0379E-02
  3.2960E-02  2.9702E-01 -3.6008E-02 -1.0453E-02
  3.3191E-02  2.9584E-01 -3.6260E-02 -1.0529E-02
  3.3424E-02  2.9457E-01 -3.6514E-02 -1.0604E-02
  3.3659E-02  2.9321E-01 -3.6769E-02 -1.0681E-02
  3.3896E-02  2.9175E-01 -3.7026E-02 -1.0757E-02
  3.4134E-02  2.9021E-01 -3.7285E-02 -1.0835E-02
  3.4374E-02  2.8856E-01 -3.7545E-02 -1.0913E-02
  3.4615E-02  2.8683E-01 -3.7807E-02 -1.0991E-02
  3.4859E-02  2.8499E-01 -3.8072E-02 -1.1071E-02
  3.5104E-02  2.8306E-01 -3.8338E-02 -1.1150E-02
  3.5350E-02  2.8104E-01 -3.8605E-02 -1.1231E-02
  3.5599E-02  2.7892E-01 -3.8875E-02 -1.1312E-02
  3.5849E-02  2.7670E-01 -3.9147E-02 -1.1393E-02
  3.6101E-02  2.7438E-01 -3.9420E-02 -1.1475E-02
  3.6354E-02  2.7197E-01 -3.9695E-02 -1.1558E-02
  3.6610E-02  2.6946E-01 -3.9972E-02 -1.1642E-02
  3.6867E-02  2.6685E-01 -4.0251E-02 -1.1726E-02
  3.7126E-02  2.6414E-01 -4.0532E-02 -1.1811E-02
  3.7387E-02  2.6133E-01 -4.0815E-02 -1.1896E-02
  3.7650E-02  2.5842E-01 -4.1100E-02 -1.1982E-02
  3.7914E-02  2.5541E-01 -4.1387E-02 -1.2069E-02
  3.8181E-02  2.5230E-01 -4.1676E-02 -1.2156E-02
  3.8449E-02  2.4909E-01 -4.1967E-02 -1.2244E-02
  3.8719E-02  2.4578E-01 -4.2259E-02 -1.2333E-02
  3.8991E-02  2.4238E-01 -4.2554E-02 -1.2422E-02
  3.9265E-02  2.3887E-01 -4.2851E-02 -1.2512E-02
  3.9541E-02  2.3526E-01 -4.3150E-02 -1.2603E-02
  3.9819E-02  2.3155E-01 -4.3451E-02 -1.2694E-02
  4.0098E-02  2.2775E-01 -4.3754E-02 -1.2786E-02
  4.0380E-02  2.2384E-01 -4.4059E-02 -1.2879E-02
  4.0664E-02  2.1983E-01 -4.4366E-02 -1.2973E-02
  4.0949E-02  2.1573E-01 -4.4675E-02 -1.3067E-02
  4.1237E-02  2.1152E-01 -4.4986E-02 -1.3162E-02
  4.1527E-02  2.0722E-01 -4.5300E-02 -1.3258E-02
  4.1818E-02  2.0282E-01 -4.5615E-02 -1.3354E-02
  4.2112E-02  1.9833E-01 -4.5933E-02 -1.3451E-02
  4.2408E-02  1.9373E-01 -4.6253E-02 -1.3549E-02
  4.2706E-02  1.8904E-01 -4.6575E-02 -1.3648E-02
  4.3006E-02  1.8426E-01 -4.6900E-02 -1.3747E-02
  4.3308E-02  1.7938E-01 -4.7226E-02 -1.3848E-02
  4.3612E-02  1.7440E-01 -4.7555E-02 -1.3949E-02
  4.3918E-02  1.6933E-01 -4.7886E-02 -1.4051E-02
  4.4227E-02  1.6417E-01 -4.8219E-02 -1.4153E-02
  4.4538E-02  1.5892E-01 -4.8555E-02 -1.4257E-02
  4.4850E-02  1.5357E-01 -4.8892E-02 -1.4361E-02
  4.5165E-02  1.4814E-01 -4.9233E-02 -1.4466E-02
  4.5483E-02  1.4262E-01 -4.9575E-02 -1.4572E-02
  4.5802E-02  1.3701E-01 -4.9920E-02 -1.4679E-02
  4.6124E-02  1.3131E-01 -5.0267E-02 -1.4786E-02
  4.6448E-02  1.2553E-01 -5.0616E-02 -1.4895E-02
  4.6774E-02  1.1966E-01 -5.0968E-02 -1.5004E-02
  4.7103E-02  1.1371E-01 -5.1322E-02 -1.5114E-02
  4.7433E-02  1.0768E-01 -5.1679E-02 -1.5225E-02
  4.7767E-02  1.0157E-01 -5.2038E-02 -1.5337E-02
  4.8102E-02  9.5385E-02 -5.2400E-02 -1.5450E-02
  4.8440E-02  8.9120E-02 -5.2764E-02 -1.5563E-02
  4.8780E-02  8.2780E-02 -5.3130E-02 -1.5678E-02
  4.9123E-02  7.6366E-02 -5.3499E-02 -1.5793E-02
  4.9468E-02  6.9881E-02 -5.3870E-02 -1.5910E-02
  4.9815E-02  6.3326E-02 -5.4244E-02 -1.6027E-02
  5.0165E-02  5.6703E-02 -5.4621E-02 -1.6146E-02
  5.0517E-02  5.0014E-02 -5.5000E-02 -1.6265E-02
  5.0872E-02  4.3261E-02 -5.5381E-02 -1.6385E-02
  5.1229E-02  3.6446E-02 -5.5765E-02 -1.6506E-02
  5.1589E-02  2.9572E-02 -5.6152E-02 -1.6628E-02
  5.1951E-02  2.2640E-02 -5.6541E-02 -1.6752E-02
  5.2316E-02  1.5653E-02 -5.6933E-02 -1.6876E-02
  5.2683E-02  8.6124E-03 -5.7328E-02 -1.7001E-02
  5.3053E-02  1.5218E-03 -5.7725E-02 -1.7127E-02
  5.3426E-02 -5.6170E-03 -5.8125E-02 -1.7254E-02
  5.3801E-02 -1.2801E-02 -5.8528E-02 -1.7382E-02
  5.4179E-02 -2.0028E-02 -5.8933E-02 -1.7512E-02
  5.4559E-02 -2.7296E-02 -5.9341E-02 -1.7642E-02
  5.4942E-02 -3.4601E-02 -5.9752E-02 -1.7773E-02
  5.5328E-02 -4.1941E-02 -6.0165E-02 -1.7906E-02
  5.5717E-02 -4.9313E-02 -6.0582E-02 -1.8040E-02
  5.6108E-02 -5.6714E-02 -6.1001E-02 -1.8174E-02
  5.6502E-02 -6.4141E-02 -6.1423E-02 -1.8310E-02
  5.6899E-02 -7.1591E-02 -6.1847E-02 -1.8447E-02
  5.7298E-02 -7.9062E-02 -6.2275E-02 -1.8585E-02
  5.7701E-02 -8.6549E-02 -6.2705E-02 -1.8724E-02
  5.8106E-02 -9.4050E-02 -6.3139E-02 -1.8865E-02
  5.8514E-02 -1.0156E-01 -6.3575E-02 -1.9006E-02
  5.8925E-02 -1.0908E-01 -6.4014E-02 -1.9149E-02
  5.9338E-02 -1.1660E-01 -6.4456E-02 -1.9293E-02
  5.9755E-02 -1.2412E-01 -6.4901E-02 -1.9438E-02
  6.0174E-02 -1.3164E-01 -6.5349E-02 -1.9584E-02
  6.0597E-02 -1.3916E-01 -6.5800E-02 -1.9732E-02
  6.1022E-02 -1.4666E-01 -6.6254E-02 -1.9881E-02
  6.1451E-02 -1.5415E-01 -6.6710E-02 -2.0031E-02
  6.1882E-02 -1.6162E-01 -6.7170E-02 -2.0182E-02
  6.2317E-02 -1.6907E-01 -6.7633E-02 -2.0335E-02
  6.2754E-02 -1.7649E-01 -6.8099E-02 -2.0489E-02
  6.3195E-02 -1.8389E-01 -6.8568E-02 -2.0644E-02
  6.3639E-02 -1.9125E-01 -6.9041E-02 -2.0801E-02
  6.4085E-02 -1.9858E-01 -6.9516E-02 -2.0959E-02
  6.4535E-02 -2.0587E-01 -6.9994E-02 -2.1118E-02
  6.4988E-02 -2.1311E-01 -7.0476E-02 -2.1279E-02
  6.5445E-02 -2.2030E-01 -7.0961E-02 -2.1441E-02
  6.5904E-02 -2.2744E-01 -7.1449E-02 -2.1605E-02
  6.6367E-02 -2.3452E-01 -7.1940E-02 -2.1769E-02
  6.6833E-02 -2.4154E-01 -7.2434E-02 -2.1936E-02
  6.7302E-02 -2.4850E-01 -7.2932E-02 -2.2104E-02
  6.7774E-02 -2.5539E-01 -7.3433E-02 -2.2273E-02
  6.8250E-02 -2.6220E-01 -7.3937E-02 -2.2444E-02
  6.8729E-02 -2.6894E-01 -7.4445E-02 -2.2616E-02
  6.9212E-02 -2.7559E-01 -7.4955E-02 -2.2790E-02
  6.9698E-02 -2.8216E-01 -7.5470E-02 -2.2965E-02
  7.0187E-02 -2.8864E-01 -7.5987E-02 -2.3142E-02
  7.0680E-02 -2.9502E-01 -7.6508E-02 -2.3320E-02
  7.1176E-02 -3.0130E-01 -7.7032E-02 -2.3500E-02
  7.1676E-02 -3.0748E-01 -7.7560E-02 -2.3682E-02
  7.2179E-02 -3.1355E-01 -7.8091E-02 -2.3865E-02
  7.2685E-02 -3.1950E-01 -7.8625E-02 -2.4050E-02
  7.3196E-02 -3.2535E-01 -7.9163E-02 -2.4237E-02
  7.3709E-02 -3.3106E-01 -7.9705E-02 -2.4425E-02
  7.4227E-02 -3.3666E-01 -8.0250E-02 -2.4615E-02
  7.4748E-02 -3.4212E-01 -8.0798E-02 -2.4806E-02
  7.5273E-02 -3.4745E-01 -8.1350E-02 -2.5000E-02
  7.5801E-02 -3.5264E-01 -8.1906E-02 -2.5195E-02
  7.6333E-02 -3.5769E-01 -8.2465E-02 -2.5392E-02
  7.6869E-02 -3.6259E-01 -8.3028E-02 -2.5591E-02
  7.7408E-02 -3.6734E-01 -8.3594E-02 -2.5791E-02
  7.7952E-02 -3.7193E-01 -8.4164E-02 -2.5994E-02
  7.8499E-02 -3.7637E-01 -8.4737E-02 -2.6198E-02
  7.9050E-02 -3.8063E-01 -8.5315E-02 -2.6404E-02
  7.9605E-02 -3.8473E-01 -8.5896E-02 -2.6612E-02
  8.0164E-02 -3.8866E-01 -8.6480E-02 -2.6822E-02
  8.0726E-02 -3.9241E-01 -8.7068E-02 -2.7034E-02
  8.1293E-02 -3.9598E-01 -8.7661E-02 -2.7248E-02
  8.1864E-02 -3.9937E-01 -8.8256E-02 -2.7464E-02
  8.2438E-02 -4.0256E-01 -8.8856E-02 -2.7682E-02
  8.3017E-02 -4.0557E-01 -8.9459E-02 -2.7902E-02
  8.3599E-02 -4.0838E-01 -9.0066E-02 -2.8124E-02
  8.4186E-02 -4.1098E-01 -9.0677E-02 -2.8349E-02
  8.4777E-02 -4.1339E-01 -9.1292E-02 -2.8575E-02
  8.5372E-02 -4.1558E-01 -9.1911E-02 -2.8804E-02
  8.5971E-02 -4.1757E-01 -9.2533E-02 -2.9034E-02
  8.6575E-02 -4.1934E-01 -9.3160E-02 -2.9267E-02
  8.7182E-02 -4.2089E-01 -9.3790E-02 -2.9503E-02
  8.7794E-02 -4.2222E-01 -9.4424E-02 -2.9740E-02
  8.8411E-02 -4.2333E-01 -9.5062E-02 -2.9980E-02
  8.9031E-02 -4.2421E-01 -9.5705E-02 -3.0222E-02
  8.9656E-02 -4.2486E-01 -9.6351E-02 -3.0467E-02
  9.0285E-02 -4.2527E-01 -9.7001E-02 -3.0713E-02
  9.0919E-02 -4.2545E-01 -9.7655E-02 -3.0963E-02
  9.1557E-02 -4.2539E-01 -9.8313E-02 -3.1215E-02
  9.2200E-02 -4.2509E-01 -9.8975E-02 -3.1469E-02
  9.2847E-02 -4.2454E-01 -9.9642E-02 -3.1726E-02
  9.3498E-02 -4.2375E-01 -1.0031E-01 -3.1985E-02
  9.4155E-02 -4.2271E-01 -1.0099E-01 -3.2247E-02
  9.4815E-02 -4.2142E-01 -1.0166E-01 -3.2511E-02
  9.5481E-02 -4.1988E-01 -1.0235E-01 -3.2779E-02
  9.6151E-02 -4.1808E-01 -1.0303E-01 -3.3048E-02
  9.6826E-02 -4.1603E-01 -1.0373E-01 -3.3321E-02
  9.7505E-02 -4.1372E-01 -1.0442E-01 -3.3596E-02
  9.8190E-02 -4.1115E-01 -1.0512E-01 -3.3875E-02
  9.8879E-02 -4.0832E-01 -1.0582E-01 -3.4156E-02
  9.9573E-02 -4.0523E-01 -1.0653E-01 -3.4440E-02
  1.0027E-01 -4.0188E-01 -1.0724E-01 -3.4726E-02
  1.0098E-01 -3.9826E-01 -1.0796E-01 -3.5016E-02
  1.0168E-01 -3.9438E-01 -1.0868E-01 -3.5309E-02
  1.0240E-01 -3.9024E-01 -1.0940E-01 -3.5605E-02
  1.0312E-01 -3.8583E-01 -1.1013E-01 -3.5903E-02
  1.0384E-01 -3.8116E-01 -1.1087E-01 -3.6205E-02
  1.0457E-01 -3.7623E-01 -1.1160E-01 -3.6511E-02
  1.0530E-01 -3.7103E-01 -1.1235E-01 -3.6819E-02
  1.0604E-01 -3.6557E-01 -1.1309E-01 -3.7131E-02
  1.0679E-01 -3.5985E-01 -1.1384E-01 -3.7445E-02
  1.0753E-01 -3.5386E-01 -1.1460E-01 -3.7764E-02
  1.0829E-01 -3.4762E-01 -1.1536E-01 -3.8085E-02
  1.0905E-01 -3.4112E-01 -1.1612E-01 -3.8410E-02
  1.0981E-01 -3.3435E-01 -1.1689E-01 -3.8739E-02
  1.1059E-01 -3.2734E-01 -1.1766E-01 -3.9071E-02
  1.1136E-01 -3.2007E-01 -1.1844E-01 -3.9407E-02
  1.1214E-01 -3.1254E-01 -1.1922E-01 -3.9746E-02
  1.1293E-01 -3.0477E-01 -1.2000E-01 -4.0089E-02
  1.1372E-01 -2.9675E-01 -1.2079E-01 -4.0436E-02
  1.1452E-01 -2.8848E-01 -1.2159E-01 -4.0786E-02
  1.1532E-01 -2.7998E-01 -1.2239E-01 -4.1140E-02
  1.1613E-01 -2.7123E-01 -1.2319E-01 -4.1499E-02
  1.1695E-01 -2.6225E-01 -1.2400E-01 -4.1861E-02
  1.1777E-01 -2.5304E-01 -1.2481E-01 -4.2227E-02
  1.1860E-01 -2.4360E-01 -1.2563E-01 -4.2597E-02
  1.1943E-01 -2.3394E-01 -1.2645E-01 -4.2972E-02
  1.2027E-01 -2.2406E-01 -1.2728E-01 -4.3350E-02
  1.2111E-01 -2.1396E-01 -1.2811E-01 -4.3733E-02
  1.2196E-01 -2.0366E-01 -1.2894E-01 -4.4121E-02
  1.2281E-01 -1.9314E-01 -1.2978E-01 -4.4512E-02
  1.2368E-01 -1.8243E-01 -1.3063E-01 -4.4908E-02
  1.2454E-01 -1.7152E-01 -1.3147E-01 -4.5309E-02
  1.2542E-01 -1.6042E-01 -1.3233E-01 -4.5714E-02
  1.2630E-01 -1.4914E-01 -1.3318E-01 -4.6123E-02
  1.2718E-01 -1.3768E-01 -1.3405E-01 -4.6538E-02
  1.2808E-01 -1.2605E-01 -1.3491E-01 -4.6957E-02
  1.2898E-01 -1.1425E-01 -1.3578E-01 -4.7381E-02
  1.2988E-01 -1.0230E-01 -1.3666E-01 -4.7810E-02
  1.3079E-01 -9.0187E-02 -1.3754E-01 -4.8244E-02
  1.3171E-01 -7.7933E-02 -1.3843E-01 -4.8684E-02
  1.3263E-01 -6.5542E-02 -1.3931E-01 -4.9128E-02
  1.3356E-01 -5.3020E-02 -1.4021E-01 -4.9577E-02
  1.3450E-01 -4.0375E-02 -1.4111E-01 -5.0032E-02
  1.3545E-01 -2.7615E-02 -1.4201E-01 -5.0492E-02
  1.3640E-01 -1.4747E-02 -1.4292E-01 -5.0958E-02
  1.3735E-01 -1.7807E-03 -1.4383E-01 -5.1429E-02
  1.3832E-01  1.1277E-02 -1.4475E-01 -5.1906E-02
  1.3929E-01  2.4416E-02 -1.4567E-01 -5.2389E-02
  1.4027E-01  3.7630E-02 -1.4659E-01 -5.2877E-02
  1.4125E-01  5.0908E-02 -1.4752E-01 -5.3372E-02
  1.4224E-01  6.4242E-02 -1.4845E-01 -5.3872E-02
  1.4324E-01  7.7622E-02 -1.4939E-01 -5.4379E-02
  1.4424E-01  9.1040E-02 -1.5034E-01 -5.4891E-02
  1.4526E-01  1.0449E-01 -1.5128E-01 -5.5410E-02
  1.4627E-01  1.1795E-01 -1.5224E-01 -5.5936E-02
  1.4730E-01  1.3142E-01 -1.5319E-01 -5.6468E-02
  1.4833E-01  1.4489E-01 -1.5415E-01 -5.7006E-02
  1.4938E-01  1.5835E-01 -1.5512E-01 -5.7551E-02
  1.5042E-01  1.7179E-01 -1.5609E-01 -5.8103E-02
  1.5148E-01  1.8520E-01 -1.5706E-01 -5.8662E-02
  1.5254E-01  1.9856E-01 -1.5804E-01 -5.9228E-02
  1.5361E-01  2.1187E-01 -1.5902E-01 -5.9801E-02
  1.5469E-01  2.2512E-01 -1.6001E-01 -6.0381E-02
  1.5578E-01  2.3830E-01 -1.6100E-01 -6.0968E-02
  1.5687E-01  2.5139E-01 -1.6199E-01 -6.1563E-02
  1.5797E-01  2.6439E-01 -1.6299E-01 -6.2166E-02
  1.5908E-01  2.7728E-01 -1.6399E-01 -6.2776E-02
  1.6019E-01  2.9005E-01 -1.6500E-01 -6.3394E-02
  1.6132E-01  3.0270E-01 -1.6601E-01 -6.4021E-02
  1.6245E-01  3.1521E-01 -1.6703E-01 -6.4655E-02
  1.6359E-01  3.2757E-01 -1.6805E-01 -6.5297E-02
  1.6474E-01  3.3977E-01 -1.6907E-01 -6.5948E-02
  1.6589E-01  3.5180E-01 -1.7010E-01 -6.6607E-02
  1.6706E-01  3.6364E-01 -1.7113E-01 -6.7275E-02
  1.6823E-01  3.7530E-01 -1.7216E-01 -6.7951E-02
  1.6941E-01  3.8675E-01 -1.7320E-01 -6.8637E-02
  1.7060E-01  3.9799E-01 -1.7425E-01 -6.9331E-02
  1.7179E-01  4.0900E-01 -1.7529E-01 -7.0035E-02
  1.7300E-01  4.1977E-01 -1.7634E-01 -7.0748E-02
  1.7421E-01  4.3030E-01 -1.7740E-01 -7.1471E-02
  1.7544E-01  4.4058E-01 -1.7845E-01 -7.2203E-02
  1.7667E-01  4.5058E-01 -1.7951E-01 -7.2945E-02
  1.7791E-01  4.6031E-01 -1.8058E-01 -7.3696E-02
  1.7915E-01  4.6975E-01 -1.8165E-01 -7.4458E-02
  1.8041E-01  4.7889E-01 -1.8272E-01 -7.5231E-02
  1.8168E-01  4.8772E-01 -1.8379E-01 -7.6013E-02
  1.8295E-01  4.9623E-01 -1.8487E-01 -7.6807E-02
  1.8423E-01  5.0442E-01 -1.8595E-01 -7.7611E-02
  1.8553E-01  5.1227E-01 -1.8703E-01 -7.8426E-02
  1.8683E-01  5.1977E-01 -1.8812E-01 -7.9252E-02
  1.8814E-01  5.2692E-01 -1.8921E-01 -8.0090E-02
  1.8946E-01  5.3370E-01 -1.9030E-01 -8.0939E-02
  1.9079E-01  5.4010E-01 -1.9140E-01 -8.1799E-02
  1.9213E-01  5.4613E-01 -1.9250E-01 -8.2672E-02
  1.9348E-01  5.5176E-01 -1.9360E-01 -8.3557E-02
  1.9483E-01  5.5700E-01 -1.9470E-01 -8.4454E-02
  1.9620E-01  5.6182E-01 -1.9580E-01 -8.5363E-02
  1.9758E-01  5.6624E-01 -1.9691E-01 -8.6285E-02
  1.9896E-01  5.7023E-01 -1.9802E-01 -8.7221E-02
  2.0036E-01  5.7379E-01 -1.9914E-01 -8.8169E-02
  2.0176E-01  5.7691E-01 -2.0025E-01 -8.9130E-02
  2.0318E-01  5.7960E-01 -2.0137E-01 -9.0105E-02
  2.0460E-01  5.8183E-01 -2.0249E-01 -9.1094E-02
  2.0604E-01  5.8361E-01 -2.0361E-01 -9.2097E-02
  2.0749E-01  5.8493E-01 -2.0473E-01 -9.3114E-02
  2.0894E-01  5.8579E-01 -2.0585E-01 -9.4145E-02
  2.1041E-01  5.8617E-01 -2.0698E-01 -9.5192E-02
  2.1188E-01  5.8609E-01 -2.0810E-01 -9.6253E-02
  2.1337E-01  5.8552E-01 -2.0923E-01 -9.7329E-02
  2.1487E-01  5.8447E-01 -2.1036E-01 -9.8421E-02
  2.1637E-01  5.8294E-01 -2.1149E-01 -9.9528E-02
  2.1789E-01  5.8091E-01 -2.1262E-01 -1.0065E-01
  2.1942E-01  5.7840E-01 -2.1375E-01 -1.0179E-01
  2.2096E-01  5.7539E-01 -2.1488E-01 -1.0295E-01
  2.2251E-01  5.7189E-01 -2.1602E-01 -1.0412E-01
  2.2407E-01  5.6789E-01 -2.1715E-01 -1.0531E-01
  2.2564E-01  5.6339E-01 -2.1828E-01 -1.0652E-01
  2.2723E-01  5.5839E-01 -2.1941E-01 -1.0774E-01
  2.2882E-01  5.5290E-01 -2.2055E-01 -1.0898E-01
  2.3042E-01  5.4691E-01 -2.2168E-01 -1.1024E-01
  2.3204E-01  5.4042E-01 -2.2281E-01 -1.1152E-01
  2.3367E-01  5.3344E-01 -2.2394E-01 -1.1282E-01
  2.3531E-01  5.2596E-01 -2.2507E-01 -1.1414E-01
  2.3696E-01  5.1800E-01 -2.2620E-01 -1.1547E-01
  2.3862E-01  5.0954E-01 -2.2733E-01 -1.1683E-01
  2.4030E-01  5.0059E-01 -2.2845E-01 -1.1820E-01
  2.4198E-01  4.9117E-01 -2.2958E-01 -1.1960E-01
  2.4368E-01  4.8126E-01 -2.3070E-01 -1.2102E-01
  2.4539E-01  4.7088E-01 -2.3182E-01 -1.2245E-01
  2.4711E-01  4.6003E-01 -2.3294E-01 -1.2391E-01
  2.4884E-01  4.4872E-01 -2.3405E-01 -1.2539E-01
  2.5059E-01  4.3695E-01 -2.3517E-01 -1.2690E-01
  2.5235E-01  4.2473E-01 -2.3628E-01 -1.2842E-01
  2.5412E-01  4.1206E-01 -2.3738E-01 -1.2997E-01
  2.5590E-01  3.9895E-01 -2.3849E-01 -1.3154E-01
  2.5769E-01  3.8542E-01 -2.3959E-01 -1.3313E-01
  2.5950E-01  3.7146E-01 -2.4068E-01 -1.3475E-01
  2.6132E-01  3.5709E-01 -2.4177E-01 -1.3639E-01
  2.6316E-01  3.4231E-01 -2.4286E-01 -1.3806E-01
  2.6500E-01  3.2714E-01 -2.4394E-01 -1.3975E-01
  2.6686E-01  3.1158E-01 -2.4502E-01 -1.4147E-01
  2.6873E-01  2.9565E-01 -2.4609E-01 -1.4321E-01
  2.7062E-01  2.7936E-01 -2.4716E-01 -1.4498E-01
  2.7252E-01  2.6271E-01 -2.4822E-01 -1.4678E-01
  2.7443E-01  2.4572E-01 -2.4928E-01 -1.4860E-01
  2.7635E-01  2.2840E-01 -2.5033E-01 -1.5045E-01
  2.7829E-01  2.1076E-01 -2.5137E-01 -1.5232E-01
  2.8024E-01  1.9282E-01 -2.5240E-01 -1.5423E-01
  2.8221E-01  1.7459E-01 -2.5343E-01 -1.5616E-01
  2.8419E-01  1.5608E-01 -2.5445E-01 -1.5813E-01
  2.8618E-01  1.3730E-01 -2.5546E-01 -1.6012E-01
  2.8819E-01  1.1828E-01 -2.5646E-01 -1.6214E-01
  2.9021E-01  9.9023E-02 -2.5746E-01 -1.6420E-01
  2.9225E-01  7.9545E-02 -2.5845E-01 -1.6628E-01
  2.9430E-01  5.9862E-02 -2.5942E-01 -1.6840E-01
  2.9636E-01  3.9989E-02 -2.6039E-01 -1.7054E-01
  2.9844E-01  1.9943E-02 -2.6134E-01 -1.7272E-01
  3.0054E-01 -2.5996E-04 -2.6229E-01 -1.7494E-01
  3.0264E-01 -2.0604E-02 -2.6322E-01 -1.7718E-01
  3.0477E-01 -4.1073E-02 -2.6415E-01 -1.7946E-01
  3.0690E-01 -6.1649E-02 -2.6506E-01 -1.8177E-01
  3.0906E-01 -8.2316E-02 -2.6596E-01 -1.8412E-01
  3.1123E-01 -1.0306E-01 -2.6684E-01 -1.8651E-01
  3.1341E-01 -1.2385E-01 -2.6772E-01 -1.8892E-01
  3.1561E-01 -1.4468E-01 -2.6858E-01 -1.9138E-01
  3.1782E-01 -1.6554E-01 -2.6942E-01 -1.9387E-01
  3.2005E-01 -1.8639E-01 -2.7025E-01 -1.9640E-01
  3.2230E-01 -2.0723E-01 -2.7107E-01 -1.9897E-01
  3.2456E-01 -2.2803E-01 -2.7187E-01 -2.0157E-01
  3.2683E-01 -2.4878E-01 -2.7265E-01 -2.0422E-01
  3.2913E-01 -2.6946E-01 -2.7342E-01 -2.0690E-01
  3.3143E-01 -2.9005E-01 -2.7417E-01 -2.0962E-01
  3.3376E-01 -3.1053E-01 -2.7490E-01 -2.1239E-01
  3.3610E-01 -3.3089E-01 -2.7562E-01 -2.1519E-01
  3.3846E-01 -3.5110E-01 -2.7631E-01 -2.1804E-01
  3.4083E-01 -3.7114E-01 -2.7699E-01 -2.2092E-01
  3.4322E-01 -3.9100E-01 -2.7764E-01 -2.2385E-01
  3.4563E-01 -4.1066E-01 -2.7828E-01 -2.2683E-01
  3.4805E-01 -4.3010E-01 -2.7890E-01 -2.2984E-01
  3.5050E-01 -4.4930E-01 -2.7949E-01 -2.3291E-01
  3.5295E-01 -4.6824E-01 -2.8006E-01 -2.3601E-01
  3.5543E-01 -4.8691E-01 -2.8061E-01 -2.3916E-01
  3.5792E-01 -5.0528E-01 -2.8113E-01 -2.4236E-01
  3.6043E-01 -5.2334E-01 -2.8163E-01 -2.4560E-01
  3.6296E-01 -5.4107E-01 -2.8211E-01 -2.4889E-01
  3.6551E-01 -5.5846E-01 -2.8256E-01 -2.5223E-01
  3.6807E-01 -5.7548E-01 -2.8298E-01 -2.5561E-01
  3.7065E-01 -5.9212E-01 -2.8338E-01 -2.5904E-01
  3.7325E-01 -6.0837E-01 -2.8375E-01 -2.6253E-01
  3.7587E-01 -6.2419E-01 -2.8409E-01 -2.6606E-01
  3.7851E-01 -6.3959E-01 -2.8440E-01 -2.6964E-01
  3.8116E-01 -6.5454E-01 -2.8468E-01 -2.7327E-01
  3.8384E-01 -6.6902E-01 -2.8493E-01 -2.7695E-01
  3.8653E-01 -6.8303E-01 -2.8515E-01 -2.8069E-01
  3.8924E-01 -6.9654E-01 -2.8534E-01 -2.8447E-01
  3.9197E-01 -7.0955E-01 -2.8549E-01 -2.8831E-01
  3.9472E-01 -7.2203E-01 -2.8561E-01 -2.9220E-01
  3.9749E-01 -7.3397E-01 -2.8570E-01 -2.9615E-01
  4.0028E-01 -7.4536E-01 -2.8575E-01 -3.0015E-01
  4.0309E-01 -7.5619E-01 -2.8576E-01 -3.0420E-01
  4.0591E-01 -7.6644E-01 -2.8574E-01 -3.0831E-01
  4.0876E-01 -7.7611E-01 -2.8567E-01 -3.1247E-01
  4.1163E-01 -7.8517E-01 -2.8557E-01 -3.1669E-01
  4.1451E-01 -7.9362E-01 -2.8543E-01 -3.2096E-01
  4.1742E-01 -8.0144E-01 -2.8525E-01 -3.2529E-01
  4.2035E-01 -8.0864E-01 -2.8502E-01 -3.2968E-01
  4.2330E-01 -8.1519E-01 -2.8475E-01 -3.3412E-01
  4.2627E-01 -8.2109E-01 -2.8444E-01 -3.3862E-01
  4.2926E-01 -8.2632E-01 -2.8409E-01 -3.4318E-01
  4.3227E-01 -8.3089E-01 -2.8368E-01 -3.4780E-01
  4.3530E-01 -8.3478E-01 -2.8323E-01 -3.5247E-01
  4.3835E-01 -8.3798E-01 -2.8273E-01 -3.5720E-01
  4.4143E-01 -8.4049E-01 -2.8219E-01 -3.6200E-01
  4.4453E-01 -8.4231E-01 -2.8159E-01 -3.6685E-01
  4.4764E-01 -8.4342E-01 -2.8094E-01 -3.7176E-01
  4.5078E-01 -8.4383E-01 -2.8024E-01 -3.7672E-01
  4.5395E-01 -8.4352E-01 -2.7949E-01 -3.8175E-01
  4.5713E-01 -8.4250E-01 -2.7868E-01 -3.8684E-01
  4.6034E-01 -8.4076E-01 -2.7781E-01 -3.9198E-01
  4.6356E-01 -8.3830E-01 -2.7689E-01 -3.9719E-01
  4.6682E-01 -8.3511E-01 -2.7591E-01 -4.0245E-01
  4.7009E-01 -8.3120E-01 -2.7487E-01 -4.0777E-01
  4.7339E-01 -8.2657E-01 -2.7377E-01 -4.1315E-01
  4.7671E-01 -8.2121E-01 -2.7261E-01 -4.1859E-01
  4.8005E-01 -8.1513E-01 -2.7139E-01 -4.2409E-01
  4.8342E-01 -8.0832E-01 -2.7010E-01 -4.2965E-01
  4.8681E-01 -8.0079E-01 -2.6874E-01 -4.3526E-01
  4.9022E-01 -7.9254E-01 -2.6732E-01 -4.4093E-01
  4.9366E-01 -7.8357E-01 -2.6583E-01 -4.4666E-01
  4.9713E-01 -7.7390E-01 -2.6427E-01 -4.5244E-01
  5.0061E-01 -7.6351E-01 -2.6264E-01 -4.5828E-01
  5.0412E-01 -7.5242E-01 -2.6094E-01 -4.6418E-01
  5.0766E-01 -7.4064E-01 -2.5917E-01 -4.7013E-01
  5.1122E-01 -7.2816E-01 -2.5732E-01 -4.7613E-01
  5.1481E-01 -7.1500E-01 -2.5539E-01 -4.8219E-01
  5.1842E-01 -7.0116E-01 -2.5338E-01 -4.8830E-01
  5.2205E-01 -6.8665E-01 -2.5130E-01 -4.9446E-01
  5.2572E-01 -6.7148E-01 -2.4914E-01 -5.0067E-01
  5.2940E-01 -6.5565E-01 -2.4689E-01 -5.0692E-01
  5.3312E-01 -6.3919E-01 -2.4456E-01 -5.1323E-01
  5.3686E-01 -6.2209E-01 -2.4214E-01 -5.1958E-01
  5.4062E-01 -6.0437E-01 -2.3964E-01 -5.2598E-01
  5.4441E-01 -5.8605E-01 -2.3705E-01 -5.3241E-01
  5.4823E-01 -5.6712E-01 -2.3437E-01 -5.3890E-01
  5.5208E-01 -5.4761E-01 -2.3160E-01 -5.4542E-01
  5.5595E-01 -5.2752E-01 -2.2874E-01 -5.5197E-01
  5.5985E-01 -5.0687E-01 -2.2578E-01 -5.5857E-01
  5.6378E-01 -4.8568E-01 -2.2273E-01 -5.6520E-01
  5.6773E-01 -4.6395E-01 -2.1958E-01 -5.7186E-01
  5.7171E-01 -4.4171E-01 -2.1633E-01 -5.7854E-01
  5.7572E-01 -4.1896E-01 -2.1298E-01 -5.8526E-01
  5.7976E-01 -3.9573E-01 -2.0953E-01 -5.9200E-01
  5.8383E-01 -3.7202E-01 -2.0598E-01 -5.9876E-01
  5.8792E-01 -3.4786E-01 -2.0232E-01 -6.0554E-01
  5.9205E-01 -3.2325E-01 -1.9855E-01 -6.1234E-01
  5.9620E-01 -2.9823E-01 -1.9468E-01 -6.1915E-01
  6.0038E-01 -2.7279E-01 -1.9069E-01 -6.2596E-01
  6.0459E-01 -2.4697E-01 -1.8659E-01 -6.3279E-01
  6.0883E-01 -2.2078E-01 -1.8238E-01 -6.3961E-01
  6.1310E-01 -1.9423E-01 -1.7806E-01 -6.4644E-01
  6.1740E-01 -1.6735E-01 -1.7362E-01 -6.5326E-01
  6.2173E-01 -1.4015E-01 -1.6906E-01 -6.6006E-01
  6.2609E-01 -1.1265E-01 -1.6438E-01 -6.6686E-01
  6.3048E-01 -8.4870E-02 -1.5957E-01 -6.7363E-01
  6.3491E-01 -5.6827E-02 -1.5465E-01 -6.8039E-01
  6.3936E-01 -2.8540E-02 -1.4960E-01 -6.8711E-01
  6.4384E-01 -2.7407E-05 -1.4443E-01 -6.9380E-01
  6.4836E-01  2.8691E-02 -1.3912E-01 -7.0045E-01
  6.5291E-01  5.7597E-02 -1.3369E-01 -7.0706E-01
  6.5749E-01  8.6671E-02 -1.2812E-01 -7.1362E-01
  6.6210E-01  1.1589E-01 -1.2243E-01 -7.2012E-01
  6.6674E-01  1.4525E-01 -1.1660E-01 -7.2657E-01
  6.7142E-01  1.7471E-01 -1.1063E-01 -7.3294E-01
  6.7613E-01  2.0427E-01 -1.0452E-01 -7.3924E-01
  6.8087E-01  2.3391E-01 -9.8280E-02 -7.4545E-01
  6.8565E-01  2.6359E-01 -9.1896E-02 -7.5158E-01
  6.9046E-01  2.9332E-01 -8.5370E-02 -7.5761E-01
  6.9530E-01  3.2306E-01 -7.8700E-02 -7.6354E-01
  7.0018E-01  3.5281E-01 -7.1885E-02 -7.6936E-01
  7.0509E-01  3.8253E-01 -6.4924E-02 -7.7506E-01
  7.1003E-01  4.1222E-01 -5.7815E-02 -7.8063E-01
  7.1501E-01  4.4186E-01 -5.0557E-02 -7.8606E-01
  7.2003E-01  4.7143E-01 -4.3148E-02 -7.9135E-01
  7.2508E-01  5.0091E-01 -3.5587E-02 -7.9648E-01
  7.3016E-01  5.3028E-01 -2.7873E-02 -8.0146E-01
  7.3528E-01  5.5953E-01 -2.0005E-02 -8.0626E-01
  7.4044E-01  5.8864E-01 -1.1981E-02 -8.1087E-01
  7.4563E-01  6.1760E-01 -3.8007E-03 -8.1530E-01
  7.5086E-01  6.4639E-01  4.5379E-03 -8.1952E-01
  7.5613E-01  6.7499E-01  1.3036E-02 -8.2353E-01
  7.6143E-01  7.0339E-01  2.1693E-02 -8.2731E-01
  7.6677E-01  7.3157E-01  3.0512E-02 -8.3086E-01
  7.7215E-01  7.5953E-01  3.9493E-02 -8.3416E-01
  7.7757E-01  7.8723E-01  4.8637E-02 -8.3721E-01
  7.8302E-01  8.1469E-01  5.7944E-02 -8.3998E-01
  7.8851E-01  8.4186E-01  6.7416E-02 -8.4247E-01
  7.9404E-01  8.6876E-01  7.7054E-02 -8.4467E-01
  7.9961E-01  8.9535E-01  8.6857E-02 -8.4656E-01
  8.0522E-01  9.2164E-01  9.6827E-02 -8.4813E-01
  8.1087E-01  9.4761E-01  1.0696E-01 -8.4937E-01
  8.1656E-01  9.7324E-01  1.1727E-01 -8.5026E-01
  8.2228E-01  9.9853E-01  1.2774E-01 -8.5079E-01
  8.2805E-01  1.0235E+00  1.3838E-01 -8.5096E-01
  8.3386E-01  1.0480E+00  1.4919E-01 -8.5073E-01
  8.3971E-01  1.0722E+00  1.6016E-01 -8.5011E-01
  8.4560E-01  1.0961E+00  1.7131E-01 -8.4907E-01
  8.5153E-01  1.1195E+00  1.8262E-01 -8.4760E-01
  8.5750E-01  1.1425E+00  1.9410E-01 -8.4569E-01
  8.6351E-01  1.1651E+00  2.0575E-01 -8.4333E-01
  8.6957E-01  1.1873E+00  2.1757E-01 -8.4049E-01
  8.7567E-01  1.2091E+00  2.2956E-01 -8.3717E-01
  8.8181E-01  1.2305E+00  2.4171E-01 -8.3335E-01
  8.8800E-01  1.2514E+00  2.5402E-01 -8.2902E-01
  8.9422E-01  1.2719E+00  2.6651E-01 -8.2416E-01
  9.0050E-01  1.2920E+00  2.7915E-01 -8.1875E-01
  9.0681E-01  1.3116E+00  2.9196E-01 -8.1279E-01
  9.1317E-01  1.3307E+00  3.0493E-01 -8.0626E-01
  9.1958E-01  1.3494E+00  3.1806E-01 -7.9914E-01
  9.2603E-01  1.3676E+00  3.3136E-01 -7.9142E-01
  9.3252E-01  1.3854E+00  3.4480E-01 -7.8309E-01
  9.3906E-01  1.4027E+00  3.5841E-01 -7.7414E-01
  9.4565E-01  1.4196E+00  3.7217E-01 -7.6454E-01
  9.5228E-01  1.4360E+00  3.8608E-01 -7.5429E-01
  9.5896E-01  1.4519E+00  4.0014E-01 -7.4338E-01
  9.6569E-01  1.4673E+00  4.1435E-01 -7.3179E-01
  9.7246E-01  1.4823E+00  4.2871E-01 -7.1951E-01
  9.7928E-01  1.4968E+00  4.4320E-01 -7.0654E-01
  9.8615E-01  1.5109E+00  4.5784E-01 -6.9285E-01
  9.9306E-01  1.5245E+00  4.7261E-01 -6.7844E-01
  1.0000E+00  1.5376E+00  4.8752E-01 -6.6330E-01
  1.0070E+00  1.5503E+00  5.0256E-01 -6.4742E-01
  1.0141E+00  1.5625E+00  5.1773E-01 -6.3080E-01
  1.0212E+00  1.5742E+00  5.3302E-01 -6.1342E-01
  1.0284E+00  1.5855E+00  5.4843E-01 -5.9529E-01
  1.0356E+00  1.5964E+00  5.6396E-01 -5.7638E-01
  1.0429E+00  1.6068E+00  5.7960E-01 -5.5671E-01
  1.0502E+00  1.6167E+00  5.9534E-01 -5.3627E-01
  1.0575E+00  1.6262E+00  6.1119E-01 -5.1505E-01
  1.0650E+00  1.6353E+00  6.2714E-01 -4.9305E-01
  1.0724E+00  1.6440E+00  6.4318E-01 -4.7027E-01
  1.0799E+00  1.6522E+00  6.5931E-01 -4.4672E-01
  1.0875E+00  1.6600E+00  6.7552E-01 -4.2240E-01
  1.0951E+00  1.6674E+00  6.9181E-01 -3.9731E-01
  1.1028E+00  1.6744E+00  7.0817E-01 -3.7145E-01
  1.1106E+00  1.6810E+00  7.2460E-01 -3.4484E-01
  1.1184E+00  1.6872E+00  7.4109E-01 -3.1748E-01
  1.1262E+00  1.6931E+00  7.5763E-01 -2.8939E-01
  1.1341E+00  1.6985E+00  7.7422E-01 -2.6057E-01
  1.1420E+00  1.7036E+00  7.9086E-01 -2.3103E-01
  1.1501E+00  1.7083E+00  8.0752E-01 -2.0081E-01
  1.1581E+00  1.7126E+00  8.2421E-01 -1.6990E-01
  1.1662E+00  1.7166E+00  8.4093E-01 -1.3834E-01
  1.1744E+00  1.7203E+00  8.5765E-01 -1.0614E-01
  1.1827E+00  1.7236E+00  8.7439E-01 -7.3323E-02
  1.1910E+00  1.7266E+00  8.9111E-01 -3.9921E-02
  1.1993E+00  1.7292E+00  9.0783E-01 -5.9595E-03
  1.2077E+00  1.7316E+00  9.2453E-01  2.8532E-02
  1.2162E+00  1.7336E+00  9.4121E-01  6.3521E-02
  1.2247E+00  1.7354E+00  9.5785E-01  9.8972E-02
  1.2333E+00  1.7369E+00  9.7444E-01  1.3485E-01
  1.2420E+00  1.7381E+00  9.9099E-01  1.7112E-01
  1.2507E+00  1.7390E+00  1.0075E+00  2.0773E-01
  1.2594E+00  1.7397E+00  1.0239E+00  2.4464E-01
  1.2683E+00  1.7401E+00  1.0402E+00  2.8181E-01
  1.2772E+00  1.7403E+00  1.0565E+00  3.1918E-01
  1.2861E+00  1.7403E+00  1.0726E+00  3.5672E-01
  1.2952E+00  1.7400E+00  1.0887E+00  3.9435E-01
  1.3042E+00  1.7395E+00  1.1046E+00  4.3204E-01
  1.3134E+00  1.7388E+00  1.1204E+00  4.6971E-01
  1.3226E+00  1.7379E+00  1.1361E+00  5.0732E-01
  1.3319E+00  1.7368E+00  1.1516E+00  5.4480E-01
  1.3412E+00  1.7355E+00  1.1670E+00  5.8208E-01
  1.3506E+00  1.7341E+00  1.1822E+00  6.1910E-01
  1.3601E+00  1.7324E+00  1.1972E+00  6.5580E-01
  1.3696E+00  1.7307E+00  1.2121E+00  6.9210E-01
  1.3792E+00  1.7288E+00  1.2267E+00  7.2793E-01
  1.3889E+00  1.7267E+00  1.2412E+00  7.6322E-01
  1.3987E+00  1.7245E+00  1.2555E+00  7.9789E-01
  1.4085E+00  1.7222E+00  1.2695E+00  8.3187E-01
  1.4183E+00  1.7198E+00  1.2833E+00  8.6509E-01
  1.4283E+00  1.7172E+00  1.2969E+00  8.9746E-01
  1.4383E+00  1.7146E+00  1.3102E+00  9.2892E-01
  1.4484E+00  1.7119E+00  1.3232E+00  9.5937E-01
  1.4585E+00  1.7090E+00  1.3360E+00  9.8874E-01
  1.4688E+00  1.7061E+00  1.3485E+00  1.0170E+00
  1.4791E+00  1.7032E+00  1.3608E+00  1.0439E+00
  1.4895E+00  1.7001E+00  1.3727E+00  1.0696E+00
  1.4999E+00  1.6971E+00  1.3844E+00  1.0939E+00
  1.5104E+00  1.6939E+00  1.3957E+00  1.1167E+00
  1.5210E+00  1.6907E+00  1.4068E+00  1.1379E+00
  1.5317E+00  1.6875E+00  1.4175E+00  1.1575E+00
  1.5424E+00  1.6842E+00  1.4279E+00  1.1755E+00
  1.5532E+00  1.6810E+00  1.4380E+00  1.1917E+00
  1.5641E+00  1.6776E+00  1.4477E+00  1.2060E+00
  1.5751E+00  1.6743E+00  1.4571E+00  1.2185E+00
  1.5862E+00  1.6710E+00  1.4661E+00  1.2290E+00
  1.5973E+00  1.6677E+00  1.4748E+00  1.2376E+00
  1.6085E+00  1.6643E+00  1.4832E+00  1.2440E+00
  1.6198E+00  1.6610E+00  1.4911E+00  1.2483E+00
  1.6311E+00  1.6577E+00  1.4988E+00  1.2505E+00
  1.6426E+00  1.6544E+00  1.5060E+00  1.2505E+00
  1.6541E+00  1.6511E+00  1.5129E+00  1.2483E+00
  1.6657E+00  1.6478E+00  1.5195E+00  1.2439E+00
  1.6774E+00  1.6446E+00  1.5256E+00  1.2371E+00
  1.6891E+00  1.6413E+00  1.5315E+00  1.2281E+00
  1.7010E+00  1.6382E+00  1.5369E+00  1.2168E+00
  1.7129E+00  1.6350E+00  1.5420E+00  1.2033E+00
  1.7249E+00  1.6319E+00  1.5467E+00  1.1874E+00
  1.7370E+00  1.6288E+00  1.5511E+00  1.1693E+00
  1.7492E+00  1.6258E+00  1.5552E+00  1.1490E+00
  1.7615E+00  1.6228E+00  1.5588E+00  1.1265E+00
  1.7738E+00  1.6199E+00  1.5622E+00  1.1018E+00
  1.7863E+00  1.6170E+00  1.5652E+00  1.0750E+00
  1.7988E+00  1.6142E+00  1.5679E+00  1.0463E+00
  1.8114E+00  1.6114E+00  1.5703E+00  1.0156E+00
  1.8241E+00  1.6087E+00  1.5724E+00  9.8300E-01
  1.8369E+00  1.6061E+00  1.5741E+00  9.4867E-01
  1.8498E+00  1.6035E+00  1.5756E+00  9.1269E-01
  1.8628E+00  1.6009E+00  1.5768E+00  8.7518E-01
  1.8758E+00  1.5984E+00  1.5777E+00  8.3627E-01
  1.8890E+00  1.5960E+00  1.5784E+00  7.9609E-01
  1.9022E+00  1.5937E+00  1.5789E+00  7.5481E-01
  1.9156E+00  1.5914E+00  1.5791E+00  7.1258E-01
  1.9290E+00  1.5891E+00  1.5790E+00  6.6958E-01
  1.9425E+00  1.5869E+00  1.5788E+00  6.2599E-01
  1.9562E+00  1.5848E+00  1.5784E+00  5.8200E-01
  1.9699E+00  1.5827E+00  1.5778E+00  5.3781E-01
  1.9837E+00  1.5807E+00  1.5771E+00  4.9365E-01
  1.9976E+00  1.5788E+00  1.5762E+00  4.4972E-01
  2.0116E+00  1.5769E+00  1.5752E+00  4.0625E-01
  2.0257E+00  1.5750E+00  1.5741E+00  3.6348E-01
  2.0399E+00  1.5732E+00  1.5729E+00  3.2166E-01
  2.0542E+00  1.5715E+00  1.5715E+00  2.8101E-01
  2.0686E+00  1.5698E+00  1.5702E+00  2.4181E-01
  2.0831E+00  1.5682E+00  1.5687E+00  2.0428E-01
  2.0978E+00  1.5666E+00  1.5673E+00  1.6870E-01
  2.1125E+00  1.5650E+00  1.5658E+00  1.3531E-01
  2.1273E+00  1.5635E+00  1.5643E+00  1.0435E-01
  2.1422E+00  1.5620E+00  1.5627E+00  7.6086E-02
  2.1572E+00  1.5606E+00  1.5612E+00  5.0743E-02
  2.1724E+00  1.5592E+00  1.5597E+00  2.8554E-02
  2.1876E+00  1.5578E+00  1.5583E+00  9.7358E-03
  2.2029E+00  1.5565E+00  1.5568E+00 -5.5079E-03
  2.2184E+00  1.5552E+00  1.5554E+00 -1.6993E-02
  2.2339E+00  1.5539E+00  1.5541E+00 -2.4557E-02
  2.2496E+00  1.5527E+00  1.5528E+00 -2.8063E-02
  2.2654E+00  1.5514E+00  1.5515E+00 -2.7406E-02
  2.2813E+00  1.5502E+00  1.5502E+00 -2.2516E-02
  2.2973E+00  1.5490E+00  1.5490E+00 -1.3365E-02
  2.3134E+00  1.5478E+00  1.5478E+00  0.0000E+00
  2.3296E+00  1.5466E+00  1.5466E+00  0.0000E+00
  2.3460E+00  1.5454E+00  1.5454E+00  0.0000E+00
  2.3624E+00  1.5442E+00  1.5442E+00  0.0000E+00
  2.3790E+00  1.5430E+00  1.5430E+00  0.0000E+00
  2.3957E+00  1.5418E+00  1.5418E+00  0.0000E+00
  2.4125E+00  1.5406E+00  1.5406E+00  0.0000E+00
  2.4294E+00  1.5394E+00  1.5394E+00  0.0000E+00
  2.4464E+00  1.5382E+00  1.5382E+00  0.0000E+00
  2.4636E+00  1.5369E+00  1.5369E+00  0.0000E+00
  2.4809E+00  1.5356E+00  1.5356E+00  0.0000E+00
  2.4983E+00  1.5343E+00  1.5343E+00  0.0000E+00
  2.5158E+00  1.5330E+00  1.5330E+00  0.0000E+00
  2.5334E+00  1.5316E+00  1.5316E+00  0.0000E+00
  2.5512E+00  1.5302E+00  1.5302E+00  0.0000E+00
  2.5691E+00  1.5288E+00  1.5288E+00  0.0000E+00
  2.5871E+00  1.5273E+00  1.5273E+00  0.0000E+00
  2.6052E+00  1.5257E+00  1.5257E+00  0.0000E+00
  2.6235E+00  1.5241E+00  1.5241E+00  0.0000E+00
  2.6419E+00  1.5225E+00  1.5225E+00  0.0000E+00
  2.6604E+00  1.5208E+00  1.5208E+00  0.0000E+00
  2.6791E+00  1.5190E+00  1.5190E+00  0.0000E+00
  2.6979E+00  1.5172E+00  1.5172E+00  0.0000E+00
  2.7168E+00  1.5153E+00  1.5153E+00  0.0000E+00
  2.7359E+00  1.5133E+00  1.5133E+00  0.0000E+00
  2.7551E+00  1.5113E+00  1.5113E+00  0.0000E+00
  2.7744E+00  1.5092E+00  1.5092E+00  0.0000E+00
  2.7938E+00  1.5070E+00  1.5070E+00  0.0000E+00
  2.8134E+00  1.5047E+00  1.5047E+00  0.0000E+00
  2.8332E+00  1.5023E+00  1.5023E+00  0.0000E+00
  2.8530E+00  1.4999E+00  1.4999E+00  0.0000E+00
  2.8730E+00  1.4974E+00  1.4974E+00  0.0000E+00
  2.8932E+00  1.4947E+00  1.4947E+00  0.0000E+00
  2.9135E+00  1.4920E+00  1.4920E+00  0.0000E+00
  2.9339E+00  1.4892E+00  1.4892E+00  0.0000E+00
  2.9545E+00  1.4862E+00  1.4862E+00  0.0000E+00
  2.9752E+00  1.4832E+00  1.4832E+00  0.0000E+00
  2.9961E+00  1.4801E+00  1.4801E+00  0.0000E+00
  3.0171E+00  1.4768E+00  1.4768E+00  0.0000E+00
  3.0383E+00  1.4734E+00  1.4734E+00  0.0000E+00
  3.0596E+00  1.4700E+00  1.4700E+00  0.0000E+00
  3.0810E+00  1.4664E+00  1.4664E+00  0.0000E+00
  3.1026E+00  1.4627E+00  1.4627E+00  0.0000E+00
  3.1244E+00  1.4588E+00  1.4588E+00  0.0000E+00
  3.1463E+00  1.4549E+00  1.4549E+00  0.0000E+00
  3.1684E+00  1.4508E+00  1.4508E+00  0.0000E+00
  3.1906E+00  1.4466E+00  1.4466E+00  0.0000E+00
  3.2130E+00  1.4423E+00  1.4423E+00  0.0000E+00
  3.2355E+00  1.4378E+00  1.4378E+00  0.0000E+00
  3.2582E+00  1.4332E+00  1.4332E+00  0.0000E+00
  3.2810E+00  1.4285E+00  1.4285E+00  0.0000E+00
