 # l=           0 basis function with energy     3.00000000000000     
  0.0000E+00  0.0000E+00  0.0000E+00  0.0000E+00
  4.8052E-07  4.8273E-03  6.7703E-07  5.7005E-06
  9.6442E-07  7.6864E-03  1.3588E-06  1.1441E-05
  1.4517E-06  1.0100E-02  2.0454E-06  1.7222E-05
  1.9424E-06  1.2267E-02  2.7367E-06  2.3043E-05
  2.4366E-06  1.4267E-02  3.4329E-06  2.8905E-05
  2.9342E-06  1.6151E-02  4.1341E-06  3.4809E-05
  3.4353E-06  1.7943E-02  4.8401E-06  4.0753E-05
  3.9399E-06  1.9661E-02  5.5510E-06  4.6740E-05
  4.4480E-06  2.1318E-02  6.2670E-06  5.2768E-05
  4.9597E-06  2.2925E-02  6.9880E-06  5.8839E-05
  5.4751E-06  2.4487E-02  7.7140E-06  6.4952E-05
  5.9940E-06  2.6012E-02  8.4451E-06  7.1108E-05
  6.5165E-06  2.7503E-02  9.1814E-06  7.7307E-05
  7.0428E-06  2.8965E-02  9.9228E-06  8.3550E-05
  7.5727E-06  3.0401E-02  1.0669E-05  8.9836E-05
  8.1063E-06  3.1813E-02  1.1421E-05  9.6167E-05
  8.6437E-06  3.3203E-02  1.2178E-05  1.0254E-04
  9.1848E-06  3.4575E-02  1.2941E-05  1.0896E-04
  9.7298E-06  3.5929E-02  1.3709E-05  1.1543E-04
  1.0279E-05  3.7267E-02  1.4482E-05  1.2194E-04
  1.0831E-05  3.8590E-02  1.5260E-05  1.2849E-04
  1.1388E-05  3.9900E-02  1.6044E-05  1.3509E-04
  1.1948E-05  4.1198E-02  1.6834E-05  1.4174E-04
  1.2512E-05  4.2484E-02  1.7629E-05  1.4844E-04
  1.3081E-05  4.3760E-02  1.8430E-05  1.5518E-04
  1.3653E-05  4.5025E-02  1.9236E-05  1.6197E-04
  1.4229E-05  4.6282E-02  2.0048E-05  1.6880E-04
  1.4809E-05  4.7530E-02  2.0866E-05  1.7569E-04
  1.5394E-05  4.8771E-02  2.1689E-05  1.8262E-04
  1.5982E-05  5.0004E-02  2.2518E-05  1.8960E-04
  1.6575E-05  5.1231E-02  2.3353E-05  1.9663E-04
  1.7172E-05  5.2451E-02  2.4194E-05  2.0371E-04
  1.7773E-05  5.3665E-02  2.5041E-05  2.1084E-04
  1.8378E-05  5.4874E-02  2.5893E-05  2.1802E-04
  1.8987E-05  5.6078E-02  2.6752E-05  2.2525E-04
  1.9601E-05  5.7277E-02  2.7616E-05  2.3253E-04
  2.0219E-05  5.8472E-02  2.8487E-05  2.3986E-04
  2.0841E-05  5.9663E-02  2.9364E-05  2.4724E-04
  2.1468E-05  6.0849E-02  3.0247E-05  2.5468E-04
  2.2099E-05  6.2033E-02  3.1136E-05  2.6216E-04
  2.2734E-05  6.3213E-02  3.2031E-05  2.6970E-04
  2.3374E-05  6.4390E-02  3.2933E-05  2.7730E-04
  2.4019E-05  6.5564E-02  3.3841E-05  2.8494E-04
  2.4668E-05  6.6736E-02  3.4755E-05  2.9264E-04
  2.5321E-05  6.7906E-02  3.5676E-05  3.0039E-04
  2.5979E-05  6.9073E-02  3.6603E-05  3.0820E-04
  2.6642E-05  7.0238E-02  3.7537E-05  3.1606E-04
  2.7310E-05  7.1402E-02  3.8478E-05  3.2398E-04
  2.7982E-05  7.2564E-02  3.9424E-05  3.3195E-04
  2.8658E-05  7.3724E-02  4.0378E-05  3.3998E-04
  2.9340E-05  7.4883E-02  4.1338E-05  3.4807E-04
  3.0026E-05  7.6041E-02  4.2305E-05  3.5621E-04
  3.0717E-05  7.7198E-02  4.3279E-05  3.6441E-04
  3.1413E-05  7.8354E-02  4.4259E-05  3.7266E-04
  3.2114E-05  7.9510E-02  4.5247E-05  3.8098E-04
  3.2820E-05  8.0665E-02  4.6241E-05  3.8935E-04
  3.3531E-05  8.1819E-02  4.7242E-05  3.9778E-04
  3.4246E-05  8.2973E-02  4.8251E-05  4.0627E-04
  3.4967E-05  8.4126E-02  4.9266E-05  4.1482E-04
  3.5693E-05  8.5280E-02  5.0289E-05  4.2343E-04
  3.6423E-05  8.6433E-02  5.1318E-05  4.3210E-04
  3.7159E-05  8.7587E-02  5.2355E-05  4.4083E-04
  3.7901E-05  8.8741E-02  5.3400E-05  4.4962E-04
  3.8647E-05  8.9894E-02  5.4451E-05  4.5848E-04
  3.9398E-05  9.1049E-02  5.5510E-05  4.6739E-04
  4.0155E-05  9.2203E-02  5.6576E-05  4.7637E-04
  4.0917E-05  9.3359E-02  5.7650E-05  4.8541E-04
  4.1685E-05  9.4514E-02  5.8731E-05  4.9452E-04
  4.2458E-05  9.5671E-02  5.9820E-05  5.0369E-04
  4.3236E-05  9.6828E-02  6.0917E-05  5.1292E-04
  4.4020E-05  9.7986E-02  6.2021E-05  5.2222E-04
  4.4809E-05  9.9145E-02  6.3133E-05  5.3158E-04
  4.5604E-05  1.0030E-01  6.4253E-05  5.4101E-04
  4.6404E-05  1.0147E-01  6.5381E-05  5.5050E-04
  4.7210E-05  1.0263E-01  6.6516E-05  5.6006E-04
  4.8022E-05  1.0379E-01  6.7660E-05  5.6969E-04
  4.8839E-05  1.0496E-01  6.8811E-05  5.7939E-04
  4.9662E-05  1.0612E-01  6.9971E-05  5.8915E-04
  5.0491E-05  1.0729E-01  7.1139E-05  5.9898E-04
  5.1326E-05  1.0846E-01  7.2315E-05  6.0889E-04
  5.2166E-05  1.0963E-01  7.3499E-05  6.1886E-04
  5.3012E-05  1.1080E-01  7.4691E-05  6.2890E-04
  5.3865E-05  1.1197E-01  7.5892E-05  6.3901E-04
  5.4723E-05  1.1315E-01  7.7101E-05  6.4919E-04
  5.5587E-05  1.1432E-01  7.8319E-05  6.5944E-04
  5.6458E-05  1.1550E-01  7.9545E-05  6.6977E-04
  5.7334E-05  1.1668E-01  8.0780E-05  6.8017E-04
  5.8217E-05  1.1786E-01  8.2024E-05  6.9064E-04
  5.9106E-05  1.1905E-01  8.3276E-05  7.0118E-04
  6.0001E-05  1.2023E-01  8.4537E-05  7.1180E-04
  6.0902E-05  1.2142E-01  8.5807E-05  7.2249E-04
  6.1810E-05  1.2261E-01  8.7086E-05  7.3326E-04
  6.2724E-05  1.2380E-01  8.8374E-05  7.4410E-04
  6.3644E-05  1.2500E-01  8.9670E-05  7.5502E-04
  6.4571E-05  1.2620E-01  9.0976E-05  7.6602E-04
  6.5504E-05  1.2739E-01  9.2291E-05  7.7709E-04
  6.6444E-05  1.2860E-01  9.3616E-05  7.8824E-04
  6.7391E-05  1.2980E-01  9.4949E-05  7.9947E-04
  6.8344E-05  1.3101E-01  9.6292E-05  8.1078E-04
  6.9304E-05  1.3221E-01  9.7645E-05  8.2216E-04
  7.0270E-05  1.3342E-01  9.9006E-05  8.3363E-04
  7.1244E-05  1.3464E-01  1.0038E-04  8.4518E-04
  7.2224E-05  1.3585E-01  1.0176E-04  8.5681E-04
  7.3211E-05  1.3707E-01  1.0315E-04  8.6851E-04
  7.4205E-05  1.3829E-01  1.0455E-04  8.8031E-04
  7.5206E-05  1.3952E-01  1.0596E-04  8.9218E-04
  7.6214E-05  1.4074E-01  1.0738E-04  9.0414E-04
  7.7229E-05  1.4197E-01  1.0881E-04  9.1618E-04
  7.8251E-05  1.4320E-01  1.1025E-04  9.2831E-04
  7.9280E-05  1.4444E-01  1.1170E-04  9.4052E-04
  8.0317E-05  1.4568E-01  1.1316E-04  9.5281E-04
  8.1360E-05  1.4692E-01  1.1463E-04  9.6520E-04
  8.2412E-05  1.4816E-01  1.1611E-04  9.7767E-04
  8.3470E-05  1.4941E-01  1.1760E-04  9.9022E-04
  8.4536E-05  1.5065E-01  1.1911E-04  1.0029E-03
  8.5609E-05  1.5191E-01  1.2062E-04  1.0156E-03
  8.6690E-05  1.5316E-01  1.2214E-04  1.0284E-03
  8.7779E-05  1.5442E-01  1.2367E-04  1.0413E-03
  8.8875E-05  1.5568E-01  1.2522E-04  1.0543E-03
  8.9979E-05  1.5695E-01  1.2677E-04  1.0674E-03
  9.1090E-05  1.5821E-01  1.2834E-04  1.0806E-03
  9.2210E-05  1.5949E-01  1.2992E-04  1.0939E-03
  9.3337E-05  1.6076E-01  1.3151E-04  1.1073E-03
  9.4472E-05  1.6204E-01  1.3311E-04  1.1207E-03
  9.5615E-05  1.6332E-01  1.3472E-04  1.1343E-03
  9.6766E-05  1.6460E-01  1.3634E-04  1.1480E-03
  9.7925E-05  1.6589E-01  1.3797E-04  1.1617E-03
  9.9093E-05  1.6718E-01  1.3962E-04  1.1756E-03
  1.0027E-04  1.6847E-01  1.4127E-04  1.1895E-03
  1.0145E-04  1.6977E-01  1.4294E-04  1.2035E-03
  1.0264E-04  1.7107E-01  1.4462E-04  1.2177E-03
  1.0384E-04  1.7238E-01  1.4631E-04  1.2319E-03
  1.0505E-04  1.7369E-01  1.4801E-04  1.2463E-03
  1.0627E-04  1.7500E-01  1.4973E-04  1.2607E-03
  1.0750E-04  1.7631E-01  1.5146E-04  1.2752E-03
  1.0873E-04  1.7763E-01  1.5319E-04  1.2899E-03
  1.0997E-04  1.7896E-01  1.5495E-04  1.3046E-03
  1.1123E-04  1.8028E-01  1.5671E-04  1.3195E-03
  1.1249E-04  1.8161E-01  1.5849E-04  1.3344E-03
  1.1376E-04  1.8295E-01  1.6027E-04  1.3495E-03
  1.1503E-04  1.8428E-01  1.6208E-04  1.3647E-03
  1.1632E-04  1.8563E-01  1.6389E-04  1.3799E-03
  1.1762E-04  1.8697E-01  1.6572E-04  1.3953E-03
  1.1892E-04  1.8832E-01  1.6755E-04  1.4108E-03
  1.2024E-04  1.8967E-01  1.6941E-04  1.4264E-03
  1.2156E-04  1.9103E-01  1.7127E-04  1.4421E-03
  1.2289E-04  1.9239E-01  1.7315E-04  1.4579E-03
  1.2424E-04  1.9376E-01  1.7504E-04  1.4738E-03
  1.2559E-04  1.9513E-01  1.7695E-04  1.4899E-03
  1.2695E-04  1.9650E-01  1.7886E-04  1.5060E-03
  1.2832E-04  1.9788E-01  1.8080E-04  1.5223E-03
  1.2970E-04  1.9926E-01  1.8274E-04  1.5387E-03
  1.3109E-04  2.0064E-01  1.8470E-04  1.5552E-03
  1.3249E-04  2.0203E-01  1.8667E-04  1.5718E-03
  1.3390E-04  2.0342E-01  1.8866E-04  1.5885E-03
  1.3532E-04  2.0482E-01  1.9066E-04  1.6053E-03
  1.3675E-04  2.0622E-01  1.9267E-04  1.6223E-03
  1.3819E-04  2.0763E-01  1.9470E-04  1.6394E-03
  1.3964E-04  2.0904E-01  1.9674E-04  1.6566E-03
  1.4110E-04  2.1045E-01  1.9880E-04  1.6739E-03
  1.4257E-04  2.1187E-01  2.0087E-04  1.6913E-03
  1.4405E-04  2.1329E-01  2.0296E-04  1.7089E-03
  1.4554E-04  2.1472E-01  2.0506E-04  1.7266E-03
  1.4704E-04  2.1615E-01  2.0717E-04  1.7444E-03
  1.4855E-04  2.1759E-01  2.0930E-04  1.7623E-03
  1.5008E-04  2.1903E-01  2.1145E-04  1.7804E-03
  1.5161E-04  2.2047E-01  2.1361E-04  1.7986E-03
  1.5315E-04  2.2192E-01  2.1578E-04  1.8169E-03
  1.5471E-04  2.2338E-01  2.1797E-04  1.8353E-03
  1.5627E-04  2.2483E-01  2.2018E-04  1.8539E-03
  1.5785E-04  2.2630E-01  2.2240E-04  1.8726E-03
  1.5944E-04  2.2776E-01  2.2464E-04  1.8914E-03
  1.6104E-04  2.2924E-01  2.2689E-04  1.9104E-03
  1.6264E-04  2.3071E-01  2.2916E-04  1.9295E-03
  1.6427E-04  2.3219E-01  2.3144E-04  1.9487E-03
  1.6590E-04  2.3368E-01  2.3374E-04  1.9681E-03
  1.6754E-04  2.3517E-01  2.3606E-04  1.9876E-03
  1.6920E-04  2.3666E-01  2.3839E-04  2.0072E-03
  1.7087E-04  2.3816E-01  2.4074E-04  2.0270E-03
  1.7254E-04  2.3967E-01  2.4310E-04  2.0469E-03
  1.7423E-04  2.4118E-01  2.4549E-04  2.0670E-03
  1.7594E-04  2.4269E-01  2.4788E-04  2.0872E-03
  1.7765E-04  2.4421E-01  2.5030E-04  2.1075E-03
  1.7938E-04  2.4573E-01  2.5273E-04  2.1280E-03
  1.8112E-04  2.4726E-01  2.5518E-04  2.1486E-03
  1.8287E-04  2.4879E-01  2.5765E-04  2.1694E-03
  1.8463E-04  2.5033E-01  2.6013E-04  2.1903E-03
  1.8641E-04  2.5188E-01  2.6263E-04  2.2114E-03
  1.8819E-04  2.5342E-01  2.6515E-04  2.2326E-03
  1.8999E-04  2.5498E-01  2.6769E-04  2.2539E-03
  1.9181E-04  2.5653E-01  2.7024E-04  2.2754E-03
  1.9363E-04  2.5810E-01  2.7282E-04  2.2971E-03
  1.9547E-04  2.5966E-01  2.7541E-04  2.3189E-03
  1.9732E-04  2.6124E-01  2.7802E-04  2.3409E-03
  1.9919E-04  2.6281E-01  2.8064E-04  2.3630E-03
  2.0106E-04  2.6440E-01  2.8329E-04  2.3853E-03
  2.0296E-04  2.6599E-01  2.8595E-04  2.4077E-03
  2.0486E-04  2.6758E-01  2.8863E-04  2.4303E-03
  2.0678E-04  2.6918E-01  2.9133E-04  2.4530E-03
  2.0871E-04  2.7078E-01  2.9405E-04  2.4759E-03
  2.1065E-04  2.7239E-01  2.9679E-04  2.4990E-03
  2.1261E-04  2.7400E-01  2.9955E-04  2.5222E-03
  2.1458E-04  2.7562E-01  3.0233E-04  2.5456E-03
  2.1657E-04  2.7724E-01  3.0513E-04  2.5692E-03
  2.1857E-04  2.7887E-01  3.0794E-04  2.5929E-03
  2.2058E-04  2.8051E-01  3.1078E-04  2.6168E-03
  2.2261E-04  2.8215E-01  3.1364E-04  2.6408E-03
  2.2465E-04  2.8379E-01  3.1651E-04  2.6650E-03
  2.2670E-04  2.8544E-01  3.1941E-04  2.6894E-03
  2.2877E-04  2.8710E-01  3.2233E-04  2.7140E-03
  2.3086E-04  2.8876E-01  3.2527E-04  2.7387E-03
  2.3296E-04  2.9043E-01  3.2822E-04  2.7636E-03
  2.3507E-04  2.9210E-01  3.3120E-04  2.7887E-03
  2.3720E-04  2.9378E-01  3.3420E-04  2.8140E-03
  2.3935E-04  2.9546E-01  3.3722E-04  2.8394E-03
  2.4151E-04  2.9715E-01  3.4027E-04  2.8650E-03
  2.4368E-04  2.9884E-01  3.4333E-04  2.8908E-03
  2.4587E-04  3.0054E-01  3.4641E-04  2.9168E-03
  2.4807E-04  3.0224E-01  3.4952E-04  2.9430E-03
  2.5029E-04  3.0395E-01  3.5265E-04  2.9693E-03
  2.5253E-04  3.0567E-01  3.5580E-04  2.9958E-03
  2.5478E-04  3.0739E-01  3.5897E-04  3.0225E-03
  2.5705E-04  3.0912E-01  3.6217E-04  3.0494E-03
  2.5933E-04  3.1085E-01  3.6538E-04  3.0765E-03
  2.6163E-04  3.1259E-01  3.6862E-04  3.1038E-03
  2.6395E-04  3.1433E-01  3.7189E-04  3.1313E-03
  2.6628E-04  3.1608E-01  3.7517E-04  3.1589E-03
  2.6863E-04  3.1783E-01  3.7848E-04  3.1868E-03
  2.7099E-04  3.1960E-01  3.8181E-04  3.2148E-03
  2.7337E-04  3.2136E-01  3.8516E-04  3.2431E-03
  2.7577E-04  3.2313E-01  3.8854E-04  3.2715E-03
  2.7818E-04  3.2491E-01  3.9194E-04  3.3002E-03
  2.8062E-04  3.2669E-01  3.9537E-04  3.3290E-03
  2.8306E-04  3.2848E-01  3.9882E-04  3.3581E-03
  2.8553E-04  3.3028E-01  4.0229E-04  3.3873E-03
  2.8801E-04  3.3208E-01  4.0579E-04  3.4168E-03
  2.9051E-04  3.3389E-01  4.0932E-04  3.4464E-03
  2.9303E-04  3.3570E-01  4.1286E-04  3.4763E-03
  2.9557E-04  3.3752E-01  4.1644E-04  3.5064E-03
  2.9812E-04  3.3934E-01  4.2003E-04  3.5367E-03
  3.0069E-04  3.4117E-01  4.2366E-04  3.5672E-03
  3.0328E-04  3.4300E-01  4.2730E-04  3.5979E-03
  3.0589E-04  3.4485E-01  4.3098E-04  3.6288E-03
  3.0851E-04  3.4669E-01  4.3468E-04  3.6600E-03
  3.1116E-04  3.4855E-01  4.3840E-04  3.6913E-03
  3.1382E-04  3.5041E-01  4.4215E-04  3.7229E-03
  3.1650E-04  3.5227E-01  4.4593E-04  3.7547E-03
  3.1920E-04  3.5414E-01  4.4974E-04  3.7868E-03
  3.2192E-04  3.5602E-01  4.5357E-04  3.8190E-03
  3.2466E-04  3.5790E-01  4.5743E-04  3.8515E-03
  3.2742E-04  3.5979E-01  4.6131E-04  3.8842E-03
  3.3019E-04  3.6169E-01  4.6522E-04  3.9172E-03
  3.3299E-04  3.6359E-01  4.6916E-04  3.9503E-03
  3.3581E-04  3.6550E-01  4.7313E-04  3.9837E-03
  3.3864E-04  3.6741E-01  4.7713E-04  4.0174E-03
  3.4150E-04  3.6933E-01  4.8115E-04  4.0513E-03
  3.4437E-04  3.7125E-01  4.8520E-04  4.0854E-03
  3.4727E-04  3.7318E-01  4.8928E-04  4.1197E-03
  3.5019E-04  3.7512E-01  4.9339E-04  4.1543E-03
  3.5312E-04  3.7707E-01  4.9753E-04  4.1892E-03
  3.5608E-04  3.7901E-01  5.0169E-04  4.2242E-03
  3.5906E-04  3.8097E-01  5.0589E-04  4.2596E-03
  3.6206E-04  3.8293E-01  5.1011E-04  4.2951E-03
  3.6507E-04  3.8490E-01  5.1437E-04  4.3310E-03
  3.6812E-04  3.8687E-01  5.1865E-04  4.3670E-03
  3.7118E-04  3.8885E-01  5.2297E-04  4.4034E-03
  3.7426E-04  3.9084E-01  5.2731E-04  4.4399E-03
  3.7737E-04  3.9283E-01  5.3169E-04  4.4768E-03
  3.8049E-04  3.9483E-01  5.3609E-04  4.5139E-03
  3.8364E-04  3.9684E-01  5.4053E-04  4.5512E-03
  3.8681E-04  3.9885E-01  5.4500E-04  4.5889E-03
  3.9001E-04  4.0087E-01  5.4950E-04  4.6267E-03
  3.9322E-04  4.0289E-01  5.5403E-04  4.6649E-03
  3.9646E-04  4.0492E-01  5.5859E-04  4.7033E-03
  3.9972E-04  4.0696E-01  5.6318E-04  4.7420E-03
  4.0301E-04  4.0900E-01  5.6781E-04  4.7809E-03
  4.0631E-04  4.1105E-01  5.7247E-04  4.8202E-03
  4.0964E-04  4.1310E-01  5.7716E-04  4.8597E-03
  4.1300E-04  4.1516E-01  5.8189E-04  4.8995E-03
  4.1637E-04  4.1723E-01  5.8664E-04  4.9395E-03
  4.1977E-04  4.1930E-01  5.9144E-04  4.9799E-03
  4.2320E-04  4.2138E-01  5.9626E-04  5.0205E-03
  4.2665E-04  4.2347E-01  6.0112E-04  5.0614E-03
  4.3012E-04  4.2556E-01  6.0601E-04  5.1026E-03
  4.3362E-04  4.2766E-01  6.1094E-04  5.1441E-03
  4.3714E-04  4.2977E-01  6.1590E-04  5.1859E-03
  4.4068E-04  4.3188E-01  6.2090E-04  5.2279E-03
  4.4426E-04  4.3400E-01  6.2593E-04  5.2703E-03
  4.4785E-04  4.3612E-01  6.3100E-04  5.3130E-03
  4.5147E-04  4.3825E-01  6.3610E-04  5.3559E-03
  4.5512E-04  4.4039E-01  6.4124E-04  5.3992E-03
  4.5879E-04  4.4253E-01  6.4641E-04  5.4427E-03
  4.6249E-04  4.4468E-01  6.5162E-04  5.4866E-03
  4.6621E-04  4.4683E-01  6.5687E-04  5.5308E-03
  4.6996E-04  4.4900E-01  6.6215E-04  5.5753E-03
  4.7374E-04  4.5116E-01  6.6747E-04  5.6201E-03
  4.7754E-04  4.5334E-01  6.7283E-04  5.6652E-03
  4.8137E-04  4.5552E-01  6.7823E-04  5.7106E-03
  4.8523E-04  4.5771E-01  6.8366E-04  5.7564E-03
  4.8911E-04  4.5990E-01  6.8913E-04  5.8025E-03
  4.9302E-04  4.6210E-01  6.9464E-04  5.8489E-03
  4.9696E-04  4.6431E-01  7.0019E-04  5.8956E-03
  5.0093E-04  4.6652E-01  7.0578E-04  5.9426E-03
  5.0492E-04  4.6874E-01  7.1140E-04  5.9900E-03
  5.0894E-04  4.7096E-01  7.1707E-04  6.0377E-03
  5.1299E-04  4.7319E-01  7.2278E-04  6.0857E-03
  5.1707E-04  4.7543E-01  7.2852E-04  6.1341E-03
  5.2118E-04  4.7768E-01  7.3431E-04  6.1829E-03
  5.2531E-04  4.7993E-01  7.4014E-04  6.2319E-03
  5.2948E-04  4.8218E-01  7.4600E-04  6.2813E-03
  5.3367E-04  4.8444E-01  7.5191E-04  6.3311E-03
  5.3790E-04  4.8671E-01  7.5786E-04  6.3812E-03
  5.4215E-04  4.8899E-01  7.6385E-04  6.4316E-03
  5.4643E-04  4.9127E-01  7.6989E-04  6.4824E-03
  5.5074E-04  4.9356E-01  7.7596E-04  6.5336E-03
  5.5509E-04  4.9585E-01  7.8208E-04  6.5851E-03
  5.5946E-04  4.9815E-01  7.8825E-04  6.6370E-03
  5.6387E-04  5.0046E-01  7.9445E-04  6.6892E-03
  5.6830E-04  5.0277E-01  8.0070E-04  6.7419E-03
  5.7277E-04  5.0509E-01  8.0699E-04  6.7948E-03
  5.7726E-04  5.0742E-01  8.1333E-04  6.8482E-03
  5.8179E-04  5.0975E-01  8.1971E-04  6.9019E-03
  5.8635E-04  5.1208E-01  8.2614E-04  6.9560E-03
  5.9095E-04  5.1443E-01  8.3261E-04  7.0105E-03
  5.9557E-04  5.1678E-01  8.3912E-04  7.0654E-03
  6.0023E-04  5.1913E-01  8.4568E-04  7.1206E-03
  6.0492E-04  5.2150E-01  8.5229E-04  7.1763E-03
  6.0964E-04  5.2386E-01  8.5895E-04  7.2323E-03
  6.1440E-04  5.2624E-01  8.6565E-04  7.2887E-03
  6.1919E-04  5.2862E-01  8.7240E-04  7.3455E-03
  6.2401E-04  5.3100E-01  8.7919E-04  7.4028E-03
  6.2887E-04  5.3340E-01  8.8603E-04  7.4604E-03
  6.3376E-04  5.3579E-01  8.9292E-04  7.5184E-03
  6.3868E-04  5.3820E-01  8.9986E-04  7.5768E-03
  6.4364E-04  5.4061E-01  9.0685E-04  7.6357E-03
  6.4864E-04  5.4303E-01  9.1389E-04  7.6949E-03
  6.5367E-04  5.4545E-01  9.2098E-04  7.7546E-03
  6.5873E-04  5.4788E-01  9.2811E-04  7.8147E-03
  6.6383E-04  5.5031E-01  9.3530E-04  7.8752E-03
  6.6897E-04  5.5275E-01  9.4253E-04  7.9361E-03
  6.7414E-04  5.5520E-01  9.4982E-04  7.9975E-03
  6.7935E-04  5.5765E-01  9.5716E-04  8.0592E-03
  6.8459E-04  5.6011E-01  9.6455E-04  8.1215E-03
  6.8988E-04  5.6257E-01  9.7199E-04  8.1841E-03
  6.9519E-04  5.6504E-01  9.7948E-04  8.2472E-03
  7.0055E-04  5.6751E-01  9.8703E-04  8.3108E-03
  7.0594E-04  5.7000E-01  9.9463E-04  8.3748E-03
  7.1138E-04  5.7248E-01  1.0023E-03  8.4392E-03
  7.1685E-04  5.7497E-01  1.0100E-03  8.5041E-03
  7.2235E-04  5.7747E-01  1.0177E-03  8.5694E-03
  7.2790E-04  5.7998E-01  1.0256E-03  8.6352E-03
  7.3348E-04  5.8248E-01  1.0334E-03  8.7015E-03
  7.3911E-04  5.8500E-01  1.0414E-03  8.7682E-03
  7.4477E-04  5.8752E-01  1.0493E-03  8.8354E-03
  7.5048E-04  5.9004E-01  1.0574E-03  8.9031E-03
  7.5622E-04  5.9258E-01  1.0655E-03  8.9712E-03
  7.6201E-04  5.9511E-01  1.0736E-03  9.0398E-03
  7.6783E-04  5.9765E-01  1.0818E-03  9.1089E-03
  7.7370E-04  6.0020E-01  1.0901E-03  9.1785E-03
  7.7960E-04  6.0275E-01  1.0984E-03  9.2486E-03
  7.8555E-04  6.0531E-01  1.1068E-03  9.3191E-03
  7.9154E-04  6.0787E-01  1.1152E-03  9.3902E-03
  7.9757E-04  6.1044E-01  1.1237E-03  9.4617E-03
  8.0365E-04  6.1302E-01  1.1323E-03  9.5338E-03
  8.0976E-04  6.1559E-01  1.1409E-03  9.6064E-03
  8.1592E-04  6.1818E-01  1.1496E-03  9.6794E-03
  8.2212E-04  6.2077E-01  1.1583E-03  9.7530E-03
  8.2837E-04  6.2336E-01  1.1671E-03  9.8271E-03
  8.3466E-04  6.2596E-01  1.1760E-03  9.9017E-03
  8.4099E-04  6.2856E-01  1.1849E-03  9.9769E-03
  8.4737E-04  6.3117E-01  1.1939E-03  1.0053E-02
  8.5380E-04  6.3378E-01  1.2029E-03  1.0129E-02
  8.6027E-04  6.3640E-01  1.2121E-03  1.0205E-02
  8.6678E-04  6.3903E-01  1.2212E-03  1.0283E-02
  8.7334E-04  6.4165E-01  1.2305E-03  1.0361E-02
  8.7994E-04  6.4429E-01  1.2398E-03  1.0439E-02
  8.8660E-04  6.4692E-01  1.2492E-03  1.0518E-02
  8.9329E-04  6.4956E-01  1.2586E-03  1.0597E-02
  9.0004E-04  6.5221E-01  1.2681E-03  1.0677E-02
  9.0683E-04  6.5486E-01  1.2777E-03  1.0758E-02
  9.1367E-04  6.5751E-01  1.2873E-03  1.0839E-02
  9.2056E-04  6.6017E-01  1.2970E-03  1.0921E-02
  9.2750E-04  6.6283E-01  1.3068E-03  1.1003E-02
  9.3448E-04  6.6550E-01  1.3166E-03  1.1086E-02
  9.4152E-04  6.6817E-01  1.3265E-03  1.1169E-02
  9.4860E-04  6.7085E-01  1.3365E-03  1.1253E-02
  9.5573E-04  6.7353E-01  1.3466E-03  1.1338E-02
  9.6292E-04  6.7621E-01  1.3567E-03  1.1423E-02
  9.7015E-04  6.7890E-01  1.3669E-03  1.1509E-02
  9.7743E-04  6.8159E-01  1.3771E-03  1.1595E-02
  9.8477E-04  6.8428E-01  1.3875E-03  1.1683E-02
  9.9216E-04  6.8698E-01  1.3979E-03  1.1770E-02
  9.9960E-04  6.8969E-01  1.4084E-03  1.1858E-02
  1.0071E-03  6.9239E-01  1.4189E-03  1.1947E-02
  1.0146E-03  6.9510E-01  1.4295E-03  1.2037E-02
  1.0222E-03  6.9781E-01  1.4402E-03  1.2127E-02
  1.0299E-03  7.0053E-01  1.4510E-03  1.2218E-02
  1.0376E-03  7.0325E-01  1.4619E-03  1.2309E-02
  1.0453E-03  7.0597E-01  1.4728E-03  1.2401E-02
  1.0531E-03  7.0869E-01  1.4838E-03  1.2494E-02
  1.0610E-03  7.1142E-01  1.4949E-03  1.2587E-02
  1.0689E-03  7.1415E-01  1.5061E-03  1.2681E-02
  1.0769E-03  7.1689E-01  1.5173E-03  1.2776E-02
  1.0849E-03  7.1962E-01  1.5286E-03  1.2871E-02
  1.0930E-03  7.2236E-01  1.5400E-03  1.2967E-02
  1.1012E-03  7.2511E-01  1.5515E-03  1.3064E-02
  1.1094E-03  7.2785E-01  1.5631E-03  1.3161E-02
  1.1176E-03  7.3060E-01  1.5747E-03  1.3259E-02
  1.1260E-03  7.3335E-01  1.5864E-03  1.3358E-02
  1.1343E-03  7.3610E-01  1.5982E-03  1.3457E-02
  1.1428E-03  7.3885E-01  1.6101E-03  1.3557E-02
  1.1513E-03  7.4161E-01  1.6221E-03  1.3658E-02
  1.1598E-03  7.4437E-01  1.6341E-03  1.3759E-02
  1.1684E-03  7.4713E-01  1.6463E-03  1.3861E-02
  1.1771E-03  7.4989E-01  1.6585E-03  1.3964E-02
  1.1859E-03  7.5265E-01  1.6708E-03  1.4068E-02
  1.1947E-03  7.5542E-01  1.6832E-03  1.4172E-02
  1.2035E-03  7.5818E-01  1.6957E-03  1.4277E-02
  1.2124E-03  7.6095E-01  1.7082E-03  1.4383E-02
  1.2214E-03  7.6372E-01  1.7209E-03  1.4490E-02
  1.2305E-03  7.6649E-01  1.7336E-03  1.4597E-02
  1.2396E-03  7.6926E-01  1.7465E-03  1.4705E-02
  1.2487E-03  7.7203E-01  1.7594E-03  1.4814E-02
  1.2580E-03  7.7480E-01  1.7724E-03  1.4924E-02
  1.2673E-03  7.7758E-01  1.7855E-03  1.5034E-02
  1.2767E-03  7.8035E-01  1.7987E-03  1.5145E-02
  1.2861E-03  7.8312E-01  1.8120E-03  1.5257E-02
  1.2956E-03  7.8590E-01  1.8254E-03  1.5370E-02
  1.3052E-03  7.8867E-01  1.8389E-03  1.5483E-02
  1.3148E-03  7.9145E-01  1.8524E-03  1.5598E-02
  1.3245E-03  7.9422E-01  1.8661E-03  1.5713E-02
  1.3343E-03  7.9700E-01  1.8799E-03  1.5829E-02
  1.3441E-03  7.9977E-01  1.8937E-03  1.5945E-02
  1.3540E-03  8.0255E-01  1.9077E-03  1.6063E-02
  1.3640E-03  8.0532E-01  1.9218E-03  1.6181E-02
  1.3740E-03  8.0809E-01  1.9359E-03  1.6300E-02
  1.3841E-03  8.1086E-01  1.9502E-03  1.6420E-02
  1.3943E-03  8.1364E-01  1.9645E-03  1.6541E-02
  1.4046E-03  8.1641E-01  1.9790E-03  1.6663E-02
  1.4149E-03  8.1917E-01  1.9935E-03  1.6785E-02
  1.4253E-03  8.2194E-01  2.0082E-03  1.6909E-02
  1.4358E-03  8.2471E-01  2.0229E-03  1.7033E-02
  1.4464E-03  8.2747E-01  2.0378E-03  1.7158E-02
  1.4570E-03  8.3023E-01  2.0528E-03  1.7284E-02
  1.4677E-03  8.3299E-01  2.0679E-03  1.7411E-02
  1.4784E-03  8.3575E-01  2.0830E-03  1.7539E-02
  1.4893E-03  8.3851E-01  2.0983E-03  1.7668E-02
  1.5002E-03  8.4126E-01  2.1137E-03  1.7797E-02
  1.5112E-03  8.4401E-01  2.1292E-03  1.7928E-02
  1.5223E-03  8.4676E-01  2.1448E-03  1.8059E-02
  1.5335E-03  8.4951E-01  2.1605E-03  1.8192E-02
  1.5447E-03  8.5225E-01  2.1764E-03  1.8325E-02
  1.5560E-03  8.5499E-01  2.1923E-03  1.8459E-02
  1.5674E-03  8.5772E-01  2.2084E-03  1.8594E-02
  1.5789E-03  8.6045E-01  2.2245E-03  1.8730E-02
  1.5904E-03  8.6318E-01  2.2408E-03  1.8867E-02
  1.6021E-03  8.6591E-01  2.2572E-03  1.9005E-02
  1.6138E-03  8.6863E-01  2.2737E-03  1.9144E-02
  1.6256E-03  8.7134E-01  2.2903E-03  1.9284E-02
  1.6375E-03  8.7405E-01  2.3071E-03  1.9425E-02
  1.6494E-03  8.7676E-01  2.3239E-03  1.9567E-02
  1.6615E-03  8.7946E-01  2.3409E-03  1.9710E-02
  1.6736E-03  8.8216E-01  2.3580E-03  1.9854E-02
  1.6858E-03  8.8485E-01  2.3752E-03  1.9999E-02
  1.6981E-03  8.8754E-01  2.3925E-03  2.0145E-02
  1.7105E-03  8.9022E-01  2.4100E-03  2.0292E-02
  1.7230E-03  8.9289E-01  2.4276E-03  2.0440E-02
  1.7356E-03  8.9556E-01  2.4453E-03  2.0589E-02
  1.7482E-03  8.9822E-01  2.4631E-03  2.0739E-02
  1.7610E-03  9.0088E-01  2.4810E-03  2.0890E-02
  1.7738E-03  9.0353E-01  2.4991E-03  2.1043E-02
  1.7867E-03  9.0617E-01  2.5173E-03  2.1196E-02
  1.7997E-03  9.0881E-01  2.5357E-03  2.1350E-02
  1.8128E-03  9.1143E-01  2.5541E-03  2.1506E-02
  1.8260E-03  9.1405E-01  2.5727E-03  2.1662E-02
  1.8393E-03  9.1667E-01  2.5914E-03  2.1820E-02
  1.8527E-03  9.1927E-01  2.6103E-03  2.1978E-02
  1.8661E-03  9.2187E-01  2.6293E-03  2.2138E-02
  1.8797E-03  9.2446E-01  2.6484E-03  2.2299E-02
  1.8934E-03  9.2704E-01  2.6676E-03  2.2461E-02
  1.9071E-03  9.2961E-01  2.6870E-03  2.2625E-02
  1.9210E-03  9.3217E-01  2.7065E-03  2.2789E-02
  1.9349E-03  9.3472E-01  2.7262E-03  2.2954E-02
  1.9490E-03  9.3726E-01  2.7460E-03  2.3121E-02
  1.9631E-03  9.3980E-01  2.7659E-03  2.3289E-02
  1.9774E-03  9.4232E-01  2.7860E-03  2.3458E-02
  1.9917E-03  9.4483E-01  2.8062E-03  2.3628E-02
  2.0062E-03  9.4733E-01  2.8266E-03  2.3800E-02
  2.0207E-03  9.4982E-01  2.8471E-03  2.3972E-02
  2.0354E-03  9.5230E-01  2.8677E-03  2.4146E-02
  2.0502E-03  9.5477E-01  2.8885E-03  2.4321E-02
  2.0650E-03  9.5723E-01  2.9094E-03  2.4497E-02
  2.0800E-03  9.5967E-01  2.9305E-03  2.4675E-02
  2.0950E-03  9.6211E-01  2.9517E-03  2.4854E-02
  2.1102E-03  9.6453E-01  2.9731E-03  2.5034E-02
  2.1255E-03  9.6693E-01  2.9947E-03  2.5215E-02
  2.1409E-03  9.6933E-01  3.0163E-03  2.5397E-02
  2.1564E-03  9.7171E-01  3.0382E-03  2.5581E-02
  2.1720E-03  9.7408E-01  3.0601E-03  2.5766E-02
  2.1877E-03  9.7643E-01  3.0823E-03  2.5953E-02
  2.2035E-03  9.7877E-01  3.1046E-03  2.6140E-02
  2.2195E-03  9.8110E-01  3.1270E-03  2.6329E-02
  2.2355E-03  9.8341E-01  3.1496E-03  2.6520E-02
  2.2517E-03  9.8570E-01  3.1724E-03  2.6712E-02
  2.2679E-03  9.8798E-01  3.1953E-03  2.6905E-02
  2.2843E-03  9.9025E-01  3.2184E-03  2.7099E-02
  2.3008E-03  9.9250E-01  3.2417E-03  2.7295E-02
  2.3174E-03  9.9473E-01  3.2651E-03  2.7492E-02
  2.3342E-03  9.9694E-01  3.2886E-03  2.7690E-02
  2.3510E-03  9.9914E-01  3.3124E-03  2.7890E-02
  2.3680E-03  1.0013E+00  3.3363E-03  2.8091E-02
  2.3851E-03  1.0035E+00  3.3604E-03  2.8294E-02
  2.4023E-03  1.0056E+00  3.3846E-03  2.8498E-02
  2.4196E-03  1.0078E+00  3.4090E-03  2.8704E-02
  2.4371E-03  1.0099E+00  3.4336E-03  2.8911E-02
  2.4546E-03  1.0120E+00  3.4584E-03  2.9119E-02
  2.4723E-03  1.0140E+00  3.4833E-03  2.9329E-02
  2.4901E-03  1.0161E+00  3.5084E-03  2.9541E-02
  2.5081E-03  1.0181E+00  3.5337E-03  2.9754E-02
  2.5262E-03  1.0201E+00  3.5591E-03  2.9968E-02
  2.5444E-03  1.0221E+00  3.5848E-03  3.0184E-02
  2.5627E-03  1.0241E+00  3.6106E-03  3.0401E-02
  2.5811E-03  1.0260E+00  3.6366E-03  3.0620E-02
  2.5997E-03  1.0280E+00  3.6628E-03  3.0840E-02
  2.6184E-03  1.0299E+00  3.6891E-03  3.1062E-02
  2.6373E-03  1.0318E+00  3.7157E-03  3.1286E-02
  2.6562E-03  1.0336E+00  3.7424E-03  3.1511E-02
  2.6754E-03  1.0354E+00  3.7693E-03  3.1738E-02
  2.6946E-03  1.0373E+00  3.7964E-03  3.1966E-02
  2.7140E-03  1.0390E+00  3.8238E-03  3.2196E-02
  2.7335E-03  1.0408E+00  3.8512E-03  3.2427E-02
  2.7531E-03  1.0426E+00  3.8789E-03  3.2661E-02
  2.7729E-03  1.0443E+00  3.9068E-03  3.2895E-02
  2.7929E-03  1.0460E+00  3.9349E-03  3.3132E-02
  2.8129E-03  1.0476E+00  3.9632E-03  3.3370E-02
  2.8331E-03  1.0493E+00  3.9916E-03  3.3609E-02
  2.8535E-03  1.0509E+00  4.0203E-03  3.3851E-02
  2.8740E-03  1.0525E+00  4.0492E-03  3.4094E-02
  2.8946E-03  1.0540E+00  4.0782E-03  3.4339E-02
  2.9154E-03  1.0555E+00  4.1075E-03  3.4585E-02
  2.9363E-03  1.0570E+00  4.1370E-03  3.4833E-02
  2.9574E-03  1.0585E+00  4.1667E-03  3.5083E-02
  2.9786E-03  1.0599E+00  4.1966E-03  3.5335E-02
  3.0000E-03  1.0614E+00  4.2267E-03  3.5589E-02
  3.0215E-03  1.0627E+00  4.2570E-03  3.5844E-02
  3.0432E-03  1.0641E+00  4.2875E-03  3.6101E-02
  3.0650E-03  1.0654E+00  4.3183E-03  3.6360E-02
  3.0870E-03  1.0667E+00  4.3492E-03  3.6621E-02
  3.1091E-03  1.0679E+00  4.3804E-03  3.6883E-02
  3.1314E-03  1.0692E+00  4.4118E-03  3.7147E-02
  3.1538E-03  1.0704E+00  4.4434E-03  3.7414E-02
  3.1764E-03  1.0715E+00  4.4753E-03  3.7682E-02
  3.1992E-03  1.0726E+00  4.5073E-03  3.7952E-02
  3.2221E-03  1.0737E+00  4.5396E-03  3.8224E-02
  3.2452E-03  1.0748E+00  4.5721E-03  3.8497E-02
  3.2684E-03  1.0758E+00  4.6049E-03  3.8773E-02
  3.2918E-03  1.0768E+00  4.6378E-03  3.9051E-02
  3.3154E-03  1.0777E+00  4.6710E-03  3.9330E-02
  3.3391E-03  1.0787E+00  4.7045E-03  3.9612E-02
  3.3630E-03  1.0795E+00  4.7381E-03  3.9895E-02
  3.3871E-03  1.0804E+00  4.7721E-03  4.0181E-02
  3.4113E-03  1.0812E+00  4.8062E-03  4.0468E-02
  3.4357E-03  1.0819E+00  4.8406E-03  4.0758E-02
  3.4603E-03  1.0826E+00  4.8752E-03  4.1049E-02
  3.4851E-03  1.0833E+00  4.9101E-03  4.1343E-02
  3.5100E-03  1.0840E+00  4.9452E-03  4.1638E-02
  3.5351E-03  1.0846E+00  4.9805E-03  4.1936E-02
  3.5603E-03  1.0851E+00  5.0161E-03  4.2236E-02
  3.5858E-03  1.0856E+00  5.0520E-03  4.2538E-02
  3.6114E-03  1.0861E+00  5.0881E-03  4.2842E-02
  3.6372E-03  1.0866E+00  5.1245E-03  4.3148E-02
  3.6632E-03  1.0869E+00  5.1611E-03  4.3456E-02
  3.6894E-03  1.0873E+00  5.1979E-03  4.3767E-02
  3.7158E-03  1.0876E+00  5.2351E-03  4.4079E-02
  3.7423E-03  1.0878E+00  5.2725E-03  4.4394E-02
  3.7690E-03  1.0881E+00  5.3101E-03  4.4711E-02
  3.7959E-03  1.0882E+00  5.3480E-03  4.5030E-02
  3.8230E-03  1.0883E+00  5.3862E-03  4.5352E-02
  3.8503E-03  1.0884E+00  5.4246E-03  4.5676E-02
  3.8778E-03  1.0884E+00  5.4634E-03  4.6002E-02
  3.9055E-03  1.0884E+00  5.5024E-03  4.6330E-02
  3.9334E-03  1.0883E+00  5.5416E-03  4.6660E-02
  3.9614E-03  1.0882E+00  5.5812E-03  4.6993E-02
  3.9897E-03  1.0881E+00  5.6210E-03  4.7329E-02
  4.0181E-03  1.0878E+00  5.6611E-03  4.7666E-02
  4.0468E-03  1.0876E+00  5.7014E-03  4.8006E-02
  4.0757E-03  1.0872E+00  5.7421E-03  4.8348E-02
  4.1047E-03  1.0869E+00  5.7830E-03  4.8693E-02
  4.1340E-03  1.0864E+00  5.8243E-03  4.9040E-02
  4.1635E-03  1.0860E+00  5.8658E-03  4.9390E-02
  4.1932E-03  1.0854E+00  5.9076E-03  4.9742E-02
  4.2230E-03  1.0848E+00  5.9497E-03  5.0097E-02
  4.2531E-03  1.0842E+00  5.9921E-03  5.0454E-02
  4.2834E-03  1.0835E+00  6.0348E-03  5.0813E-02
  4.3140E-03  1.0827E+00  6.0778E-03  5.1175E-02
  4.3447E-03  1.0819E+00  6.1211E-03  5.1540E-02
  4.3757E-03  1.0810E+00  6.1647E-03  5.1907E-02
  4.4068E-03  1.0801E+00  6.2086E-03  5.2277E-02
  4.4382E-03  1.0791E+00  6.2528E-03  5.2649E-02
  4.4698E-03  1.0781E+00  6.2973E-03  5.3024E-02
  4.5016E-03  1.0770E+00  6.3422E-03  5.3401E-02
  4.5337E-03  1.0758E+00  6.3873E-03  5.3781E-02
  4.5660E-03  1.0746E+00  6.4328E-03  5.4164E-02
  4.5985E-03  1.0733E+00  6.4786E-03  5.4550E-02
  4.6312E-03  1.0719E+00  6.5247E-03  5.4938E-02
  4.6642E-03  1.0705E+00  6.5711E-03  5.5329E-02
  4.6974E-03  1.0690E+00  6.6179E-03  5.5723E-02
  4.7308E-03  1.0675E+00  6.6650E-03  5.6119E-02
  4.7644E-03  1.0659E+00  6.7124E-03  5.6518E-02
  4.7983E-03  1.0642E+00  6.7601E-03  5.6920E-02
  4.8325E-03  1.0625E+00  6.8082E-03  5.7325E-02
  4.8668E-03  1.0607E+00  6.8566E-03  5.7733E-02
  4.9014E-03  1.0588E+00  6.9054E-03  5.8143E-02
  4.9363E-03  1.0569E+00  6.9545E-03  5.8557E-02
  4.9714E-03  1.0549E+00  7.0039E-03  5.8973E-02
  5.0067E-03  1.0528E+00  7.0537E-03  5.9392E-02
  5.0423E-03  1.0506E+00  7.1039E-03  5.9815E-02
  5.0782E-03  1.0484E+00  7.1543E-03  6.0240E-02
  5.1143E-03  1.0461E+00  7.2052E-03  6.0668E-02
  5.1506E-03  1.0438E+00  7.2564E-03  6.1099E-02
  5.1872E-03  1.0413E+00  7.3079E-03  6.1533E-02
  5.2241E-03  1.0388E+00  7.3599E-03  6.1970E-02
  5.2612E-03  1.0363E+00  7.4122E-03  6.2411E-02
  5.2986E-03  1.0336E+00  7.4648E-03  6.2854E-02
  5.3362E-03  1.0309E+00  7.5178E-03  6.3300E-02
  5.3741E-03  1.0281E+00  7.5712E-03  6.3750E-02
  5.4123E-03  1.0252E+00  7.6250E-03  6.4203E-02
  5.4507E-03  1.0222E+00  7.6791E-03  6.4659E-02
  5.4894E-03  1.0192E+00  7.7337E-03  6.5118E-02
  5.5284E-03  1.0161E+00  7.7886E-03  6.5580E-02
  5.5677E-03  1.0129E+00  7.8438E-03  6.6046E-02
  5.6072E-03  1.0096E+00  7.8995E-03  6.6514E-02
  5.6470E-03  1.0063E+00  7.9556E-03  6.6986E-02
  5.6871E-03  1.0029E+00  8.0121E-03  6.7462E-02
  5.7275E-03  9.9935E-01  8.0689E-03  6.7941E-02
  5.7681E-03  9.9576E-01  8.1262E-03  6.8423E-02
  5.8090E-03  9.9208E-01  8.1838E-03  6.8908E-02
  5.8503E-03  9.8832E-01  8.2419E-03  6.9397E-02
  5.8918E-03  9.8448E-01  8.3004E-03  6.9889E-02
  5.9336E-03  9.8056E-01  8.3592E-03  7.0385E-02
  5.9757E-03  9.7655E-01  8.4185E-03  7.0884E-02
  6.0181E-03  9.7245E-01  8.4782E-03  7.1387E-02
  6.0607E-03  9.6827E-01  8.5384E-03  7.1893E-02
  6.1037E-03  9.6400E-01  8.5989E-03  7.2403E-02
  6.1470E-03  9.5965E-01  8.6599E-03  7.2917E-02
  6.1906E-03  9.5520E-01  8.7213E-03  7.3434E-02
  6.2345E-03  9.5067E-01  8.7831E-03  7.3954E-02
  6.2787E-03  9.4605E-01  8.8454E-03  7.4478E-02
  6.3232E-03  9.4134E-01  8.9081E-03  7.5006E-02
  6.3680E-03  9.3654E-01  8.9712E-03  7.5538E-02
  6.4132E-03  9.3165E-01  9.0348E-03  7.6073E-02
  6.4586E-03  9.2666E-01  9.0988E-03  7.6612E-02
  6.5044E-03  9.2159E-01  9.1633E-03  7.7155E-02
  6.5505E-03  9.1642E-01  9.2282E-03  7.7702E-02
  6.5969E-03  9.1116E-01  9.2936E-03  7.8253E-02
  6.6437E-03  9.0581E-01  9.3594E-03  7.8807E-02
  6.6908E-03  9.0036E-01  9.4257E-03  7.9365E-02
  6.7382E-03  8.9482E-01  9.4925E-03  7.9927E-02
  6.7859E-03  8.8918E-01  9.5597E-03  8.0493E-02
  6.8340E-03  8.8344E-01  9.6274E-03  8.1064E-02
  6.8824E-03  8.7761E-01  9.6956E-03  8.1638E-02
  6.9311E-03  8.7169E-01  9.7642E-03  8.2216E-02
  6.9802E-03  8.6566E-01  9.8334E-03  8.2798E-02
  7.0297E-03  8.5954E-01  9.9030E-03  8.3384E-02
  7.0794E-03  8.5332E-01  9.9731E-03  8.3974E-02
  7.1296E-03  8.4700E-01  1.0044E-02  8.4569E-02
  7.1800E-03  8.4058E-01  1.0115E-02  8.5168E-02
  7.2309E-03  8.3406E-01  1.0186E-02  8.5770E-02
  7.2821E-03  8.2744E-01  1.0259E-02  8.6378E-02
  7.3336E-03  8.2072E-01  1.0331E-02  8.6989E-02
  7.3855E-03  8.1390E-01  1.0404E-02  8.7604E-02
  7.4378E-03  8.0697E-01  1.0478E-02  8.8224E-02
  7.4905E-03  7.9995E-01  1.0552E-02  8.8849E-02
  7.5435E-03  7.9282E-01  1.0627E-02  8.9477E-02
  7.5969E-03  7.8559E-01  1.0702E-02  9.0110E-02
  7.6506E-03  7.7825E-01  1.0778E-02  9.0748E-02
  7.7048E-03  7.7081E-01  1.0854E-02  9.1390E-02
  7.7593E-03  7.6327E-01  1.0931E-02  9.2036E-02
  7.8142E-03  7.5562E-01  1.1008E-02  9.2687E-02
  7.8694E-03  7.4787E-01  1.1086E-02  9.3343E-02
  7.9251E-03  7.4001E-01  1.1164E-02  9.4003E-02
  7.9812E-03  7.3205E-01  1.1243E-02  9.4668E-02
  8.0376E-03  7.2398E-01  1.1323E-02  9.5337E-02
  8.0945E-03  7.1581E-01  1.1403E-02  9.6011E-02
  8.1517E-03  7.0753E-01  1.1483E-02  9.6690E-02
  8.2094E-03  6.9914E-01  1.1564E-02  9.7374E-02
  8.2674E-03  6.9064E-01  1.1646E-02  9.8062E-02
  8.3259E-03  6.8204E-01  1.1728E-02  9.8755E-02
  8.3848E-03  6.7333E-01  1.1811E-02  9.9453E-02
  8.4441E-03  6.6451E-01  1.1895E-02  1.0016E-01
  8.5038E-03  6.5558E-01  1.1979E-02  1.0086E-01
  8.5639E-03  6.4655E-01  1.2064E-02  1.0158E-01
  8.6244E-03  6.3740E-01  1.2149E-02  1.0229E-01
  8.6854E-03  6.2815E-01  1.2235E-02  1.0302E-01
  8.7468E-03  6.1879E-01  1.2321E-02  1.0375E-01
  8.8086E-03  6.0932E-01  1.2408E-02  1.0448E-01
  8.8709E-03  5.9974E-01  1.2496E-02  1.0522E-01
  8.9335E-03  5.9006E-01  1.2584E-02  1.0596E-01
  8.9967E-03  5.8026E-01  1.2673E-02  1.0671E-01
  9.0603E-03  5.7035E-01  1.2762E-02  1.0746E-01
  9.1243E-03  5.6034E-01  1.2853E-02  1.0822E-01
  9.1887E-03  5.5021E-01  1.2943E-02  1.0899E-01
  9.2537E-03  5.3998E-01  1.3035E-02  1.0976E-01
  9.3191E-03  5.2963E-01  1.3127E-02  1.1053E-01
  9.3849E-03  5.1918E-01  1.3220E-02  1.1131E-01
  9.4512E-03  5.0862E-01  1.3313E-02  1.1210E-01
  9.5179E-03  4.9795E-01  1.3407E-02  1.1289E-01
  9.5852E-03  4.8717E-01  1.3502E-02  1.1369E-01
  9.6529E-03  4.7628E-01  1.3597E-02  1.1449E-01
  9.7211E-03  4.6528E-01  1.3693E-02  1.1530E-01
  9.7897E-03  4.5417E-01  1.3789E-02  1.1611E-01
  9.8589E-03  4.4295E-01  1.3887E-02  1.1693E-01
  9.9285E-03  4.3163E-01  1.3985E-02  1.1776E-01
  9.9986E-03  4.2020E-01  1.4084E-02  1.1859E-01
  1.0069E-02  4.0866E-01  1.4183E-02  1.1942E-01
  1.0140E-02  3.9701E-01  1.4283E-02  1.2027E-01
  1.0212E-02  3.8526E-01  1.4384E-02  1.2111E-01
  1.0284E-02  3.7340E-01  1.4485E-02  1.2197E-01
  1.0357E-02  3.6143E-01  1.4588E-02  1.2283E-01
  1.0430E-02  3.4935E-01  1.4690E-02  1.2370E-01
  1.0503E-02  3.3717E-01  1.4794E-02  1.2457E-01
  1.0577E-02  3.2489E-01  1.4898E-02  1.2545E-01
  1.0652E-02  3.1250E-01  1.5004E-02  1.2633E-01
  1.0727E-02  3.0000E-01  1.5109E-02  1.2722E-01
  1.0803E-02  2.8740E-01  1.5216E-02  1.2812E-01
  1.0879E-02  2.7470E-01  1.5323E-02  1.2903E-01
  1.0956E-02  2.6190E-01  1.5431E-02  1.2994E-01
  1.1033E-02  2.4899E-01  1.5540E-02  1.3085E-01
  1.1111E-02  2.3599E-01  1.5650E-02  1.3178E-01
  1.1190E-02  2.2288E-01  1.5760E-02  1.3270E-01
  1.1269E-02  2.0967E-01  1.5871E-02  1.3364E-01
  1.1348E-02  1.9636E-01  1.5983E-02  1.3458E-01
  1.1428E-02  1.8296E-01  1.6096E-02  1.3553E-01
  1.1509E-02  1.6945E-01  1.6209E-02  1.3649E-01
  1.1590E-02  1.5585E-01  1.6324E-02  1.3745E-01
  1.1672E-02  1.4215E-01  1.6439E-02  1.3842E-01
  1.1754E-02  1.2836E-01  1.6555E-02  1.3939E-01
  1.1837E-02  1.1448E-01  1.6671E-02  1.4038E-01
  1.1921E-02  1.0050E-01  1.6789E-02  1.4137E-01
  1.2005E-02  8.6428E-02  1.6907E-02  1.4236E-01
  1.2089E-02  7.2266E-02  1.7026E-02  1.4337E-01
  1.2175E-02  5.8015E-02  1.7146E-02  1.4438E-01
  1.2260E-02  4.3674E-02  1.7267E-02  1.4539E-01
  1.2347E-02  2.9246E-02  1.7389E-02  1.4642E-01
  1.2434E-02  1.4731E-02  1.7511E-02  1.4745E-01
  1.2522E-02  1.3121E-04  1.7635E-02  1.4849E-01
  1.2610E-02 -1.4553E-02  1.7759E-02  1.4954E-01
  1.2699E-02 -2.9319E-02  1.7884E-02  1.5059E-01
  1.2788E-02 -4.4167E-02  1.8010E-02  1.5165E-01
  1.2879E-02 -5.9094E-02  1.8137E-02  1.5272E-01
  1.2969E-02 -7.4100E-02  1.8265E-02  1.5379E-01
  1.3061E-02 -8.9183E-02  1.8393E-02  1.5488E-01
  1.3153E-02 -1.0434E-01  1.8523E-02  1.5597E-01
  1.3246E-02 -1.1957E-01  1.8653E-02  1.5707E-01
  1.3339E-02 -1.3488E-01  1.8785E-02  1.5817E-01
  1.3433E-02 -1.5025E-01  1.8917E-02  1.5929E-01
  1.3528E-02 -1.6569E-01  1.9050E-02  1.6041E-01
  1.3623E-02 -1.8121E-01  1.9184E-02  1.6154E-01
  1.3719E-02 -1.9678E-01  1.9319E-02  1.6268E-01
  1.3816E-02 -2.1242E-01  1.9455E-02  1.6382E-01
  1.3913E-02 -2.2812E-01  1.9592E-02  1.6498E-01
  1.4011E-02 -2.4388E-01  1.9730E-02  1.6614E-01
  1.4110E-02 -2.5970E-01  1.9869E-02  1.6731E-01
  1.4209E-02 -2.7557E-01  2.0009E-02  1.6848E-01
  1.4309E-02 -2.9150E-01  2.0150E-02  1.6967E-01
  1.4410E-02 -3.0748E-01  2.0292E-02  1.7087E-01
  1.4512E-02 -3.2351E-01  2.0435E-02  1.7207E-01
  1.4614E-02 -3.3958E-01  2.0578E-02  1.7328E-01
  1.4717E-02 -3.5570E-01  2.0723E-02  1.7450E-01
  1.4821E-02 -3.7187E-01  2.0869E-02  1.7573E-01
  1.4925E-02 -3.8807E-01  2.1016E-02  1.7696E-01
  1.5030E-02 -4.0431E-01  2.1164E-02  1.7821E-01
  1.5136E-02 -4.2058E-01  2.1313E-02  1.7946E-01
  1.5243E-02 -4.3689E-01  2.1463E-02  1.8073E-01
  1.5350E-02 -4.5323E-01  2.1614E-02  1.8200E-01
  1.5458E-02 -4.6960E-01  2.1766E-02  1.8328E-01
  1.5567E-02 -4.8599E-01  2.1919E-02  1.8457E-01
  1.5677E-02 -5.0240E-01  2.2073E-02  1.8587E-01
  1.5787E-02 -5.1884E-01  2.2228E-02  1.8717E-01
  1.5899E-02 -5.3529E-01  2.2385E-02  1.8849E-01
  1.6011E-02 -5.5175E-01  2.2542E-02  1.8982E-01
  1.6123E-02 -5.6822E-01  2.2701E-02  1.9115E-01
  1.6237E-02 -5.8471E-01  2.2860E-02  1.9250E-01
  1.6351E-02 -6.0119E-01  2.3021E-02  1.9385E-01
  1.6466E-02 -6.1768E-01  2.3183E-02  1.9521E-01
  1.6582E-02 -6.3417E-01  2.3346E-02  1.9659E-01
  1.6699E-02 -6.5065E-01  2.3510E-02  1.9797E-01
  1.6817E-02 -6.6713E-01  2.3675E-02  1.9936E-01
  1.6935E-02 -6.8359E-01  2.3842E-02  2.0076E-01
  1.7054E-02 -7.0004E-01  2.4009E-02  2.0218E-01
  1.7174E-02 -7.1648E-01  2.4178E-02  2.0360E-01
  1.7295E-02 -7.3289E-01  2.4348E-02  2.0503E-01
  1.7417E-02 -7.4928E-01  2.4519E-02  2.0647E-01
  1.7540E-02 -7.6563E-01  2.4692E-02  2.0792E-01
  1.7663E-02 -7.8196E-01  2.4865E-02  2.0938E-01
  1.7788E-02 -7.9825E-01  2.5040E-02  2.1085E-01
  1.7913E-02 -8.1450E-01  2.5216E-02  2.1234E-01
  1.8039E-02 -8.3071E-01  2.5393E-02  2.1383E-01
  1.8166E-02 -8.4688E-01  2.5572E-02  2.1533E-01
  1.8294E-02 -8.6299E-01  2.5751E-02  2.1685E-01
  1.8423E-02 -8.7904E-01  2.5932E-02  2.1837E-01
  1.8552E-02 -8.9504E-01  2.6114E-02  2.1990E-01
  1.8683E-02 -9.1098E-01  2.6298E-02  2.2145E-01
  1.8814E-02 -9.2685E-01  2.6483E-02  2.2301E-01
  1.8947E-02 -9.4265E-01  2.6669E-02  2.2457E-01
  1.9080E-02 -9.5837E-01  2.6856E-02  2.2615E-01
  1.9214E-02 -9.7401E-01  2.7045E-02  2.2774E-01
  1.9350E-02 -9.8957E-01  2.7235E-02  2.2934E-01
  1.9486E-02 -1.0050E+00  2.7426E-02  2.3095E-01
  1.9623E-02 -1.0204E+00  2.7619E-02  2.3257E-01
  1.9761E-02 -1.0357E+00  2.7812E-02  2.3421E-01
  1.9900E-02 -1.0509E+00  2.8008E-02  2.3585E-01
  2.0040E-02 -1.0660E+00  2.8204E-02  2.3751E-01
  2.0181E-02 -1.0809E+00  2.8402E-02  2.3918E-01
  2.0323E-02 -1.0958E+00  2.8602E-02  2.4086E-01
  2.0466E-02 -1.1105E+00  2.8803E-02  2.4255E-01
  2.0610E-02 -1.1251E+00  2.9005E-02  2.4425E-01
  2.0755E-02 -1.1396E+00  2.9209E-02  2.4597E-01
  2.0901E-02 -1.1540E+00  2.9414E-02  2.4769E-01
  2.1048E-02 -1.1682E+00  2.9620E-02  2.4943E-01
  2.1197E-02 -1.1822E+00  2.9828E-02  2.5118E-01
  2.1346E-02 -1.1961E+00  3.0037E-02  2.5295E-01
  2.1496E-02 -1.2099E+00  3.0248E-02  2.5472E-01
  2.1647E-02 -1.2235E+00  3.0460E-02  2.5651E-01
  2.1799E-02 -1.2369E+00  3.0674E-02  2.5831E-01
  2.1953E-02 -1.2502E+00  3.0889E-02  2.6012E-01
  2.2107E-02 -1.2633E+00  3.1106E-02  2.6195E-01
  2.2263E-02 -1.2762E+00  3.1324E-02  2.6379E-01
  2.2419E-02 -1.2890E+00  3.1544E-02  2.6564E-01
  2.2577E-02 -1.3015E+00  3.1765E-02  2.6750E-01
  2.2736E-02 -1.3139E+00  3.1988E-02  2.6938E-01
  2.2896E-02 -1.3260E+00  3.2213E-02  2.7127E-01
  2.3057E-02 -1.3379E+00  3.2438E-02  2.7317E-01
  2.3219E-02 -1.3497E+00  3.2666E-02  2.7509E-01
  2.3382E-02 -1.3612E+00  3.2895E-02  2.7702E-01
  2.3547E-02 -1.3725E+00  3.3126E-02  2.7896E-01
  2.3712E-02 -1.3836E+00  3.3358E-02  2.8092E-01
  2.3879E-02 -1.3944E+00  3.3592E-02  2.8289E-01
  2.4047E-02 -1.4050E+00  3.3827E-02  2.8487E-01
  2.4216E-02 -1.4154E+00  3.4065E-02  2.8687E-01
  2.4387E-02 -1.4255E+00  3.4303E-02  2.8888E-01
  2.4558E-02 -1.4353E+00  3.4544E-02  2.9091E-01
  2.4731E-02 -1.4449E+00  3.4786E-02  2.9295E-01
  2.4905E-02 -1.4542E+00  3.5030E-02  2.9500E-01
  2.5080E-02 -1.4633E+00  3.5275E-02  2.9707E-01
  2.5256E-02 -1.4721E+00  3.5522E-02  2.9915E-01
  2.5434E-02 -1.4806E+00  3.5771E-02  3.0125E-01
  2.5613E-02 -1.4888E+00  3.6022E-02  3.0336E-01
  2.5793E-02 -1.4967E+00  3.6274E-02  3.0549E-01
  2.5974E-02 -1.5043E+00  3.6529E-02  3.0763E-01
  2.6157E-02 -1.5116E+00  3.6784E-02  3.0978E-01
  2.6341E-02 -1.5186E+00  3.7042E-02  3.1196E-01
  2.6526E-02 -1.5253E+00  3.7302E-02  3.1414E-01
  2.6713E-02 -1.5317E+00  3.7563E-02  3.1634E-01
  2.6900E-02 -1.5377E+00  3.7826E-02  3.1856E-01
  2.7089E-02 -1.5434E+00  3.8091E-02  3.2079E-01
  2.7280E-02 -1.5488E+00  3.8357E-02  3.2304E-01
  2.7472E-02 -1.5538E+00  3.8626E-02  3.2530E-01
  2.7665E-02 -1.5585E+00  3.8896E-02  3.2758E-01
  2.7859E-02 -1.5628E+00  3.9169E-02  3.2987E-01
  2.8055E-02 -1.5668E+00  3.9443E-02  3.3218E-01
  2.8253E-02 -1.5704E+00  3.9719E-02  3.3451E-01
  2.8451E-02 -1.5736E+00  3.9997E-02  3.3685E-01
  2.8651E-02 -1.5765E+00  4.0277E-02  3.3921E-01
  2.8853E-02 -1.5789E+00  4.0559E-02  3.4159E-01
  2.9055E-02 -1.5810E+00  4.0843E-02  3.4398E-01
  2.9260E-02 -1.5827E+00  4.1128E-02  3.4639E-01
  2.9465E-02 -1.5840E+00  4.1416E-02  3.4881E-01
  2.9672E-02 -1.5849E+00  4.1706E-02  3.5125E-01
  2.9881E-02 -1.5854E+00  4.1998E-02  3.5371E-01
  3.0091E-02 -1.5854E+00  4.2291E-02  3.5618E-01
  3.0303E-02 -1.5851E+00  4.2587E-02  3.5868E-01
  3.0516E-02 -1.5843E+00  4.2885E-02  3.6119E-01
  3.0730E-02 -1.5832E+00  4.3185E-02  3.6371E-01
  3.0946E-02 -1.5815E+00  4.3487E-02  3.6626E-01
  3.1164E-02 -1.5795E+00  4.3791E-02  3.6882E-01
  3.1383E-02 -1.5770E+00  4.4097E-02  3.7140E-01
  3.1603E-02 -1.5740E+00  4.4405E-02  3.7400E-01
  3.1825E-02 -1.5706E+00  4.4716E-02  3.7661E-01
  3.2049E-02 -1.5668E+00  4.5028E-02  3.7925E-01
  3.2274E-02 -1.5625E+00  4.5343E-02  3.8190E-01
  3.2501E-02 -1.5577E+00  4.5660E-02  3.8457E-01
  3.2729E-02 -1.5525E+00  4.5979E-02  3.8726E-01
  3.2960E-02 -1.5468E+00  4.6300E-02  3.8997E-01
  3.3191E-02 -1.5406E+00  4.6623E-02  3.9269E-01
  3.3424E-02 -1.5340E+00  4.6949E-02  3.9544E-01
  3.3659E-02 -1.5269E+00  4.7277E-02  3.9820E-01
  3.3896E-02 -1.5192E+00  4.7607E-02  4.0098E-01
  3.4134E-02 -1.5111E+00  4.7939E-02  4.0378E-01
  3.4374E-02 -1.5025E+00  4.8274E-02  4.0660E-01
  3.4615E-02 -1.4935E+00  4.8611E-02  4.0945E-01
  3.4859E-02 -1.4839E+00  4.8950E-02  4.1231E-01
  3.5104E-02 -1.4738E+00  4.9292E-02  4.1518E-01
  3.5350E-02 -1.4632E+00  4.9636E-02  4.1808E-01
  3.5599E-02 -1.4521E+00  4.9982E-02  4.2100E-01
  3.5849E-02 -1.4405E+00  5.0331E-02  4.2394E-01
  3.6101E-02 -1.4284E+00  5.0682E-02  4.2690E-01
  3.6354E-02 -1.4158E+00  5.1036E-02  4.2988E-01
  3.6610E-02 -1.4027E+00  5.1392E-02  4.3288E-01
  3.6867E-02 -1.3890E+00  5.1750E-02  4.3591E-01
  3.7126E-02 -1.3749E+00  5.2111E-02  4.3895E-01
  3.7387E-02 -1.3602E+00  5.2474E-02  4.4201E-01
  3.7650E-02 -1.3450E+00  5.2840E-02  4.4510E-01
  3.7914E-02 -1.3293E+00  5.3209E-02  4.4820E-01
  3.8181E-02 -1.3130E+00  5.3580E-02  4.5133E-01
  3.8449E-02 -1.2963E+00  5.3953E-02  4.5447E-01
  3.8719E-02 -1.2790E+00  5.4329E-02  4.5764E-01
  3.8991E-02 -1.2612E+00  5.4707E-02  4.6084E-01
  3.9265E-02 -1.2429E+00  5.5088E-02  4.6405E-01
  3.9541E-02 -1.2240E+00  5.5472E-02  4.6728E-01
  3.9819E-02 -1.2047E+00  5.5859E-02  4.7054E-01
  4.0098E-02 -1.1848E+00  5.6248E-02  4.7382E-01
  4.0380E-02 -1.1644E+00  5.6639E-02  4.7712E-01
  4.0664E-02 -1.1435E+00  5.7033E-02  4.8045E-01
  4.0949E-02 -1.1221E+00  5.7430E-02  4.8380E-01
  4.1237E-02 -1.1001E+00  5.7830E-02  4.8717E-01
  4.1527E-02 -1.0777E+00  5.8233E-02  4.9056E-01
  4.1818E-02 -1.0547E+00  5.8638E-02  4.9398E-01
  4.2112E-02 -1.0312E+00  5.9046E-02  4.9742E-01
  4.2408E-02 -1.0072E+00  5.9456E-02  5.0088E-01
  4.2706E-02 -9.8276E-01  5.9870E-02  5.0437E-01
  4.3006E-02 -9.5778E-01  6.0286E-02  5.0788E-01
  4.3308E-02 -9.3230E-01  6.0705E-02  5.1141E-01
  4.3612E-02 -9.0634E-01  6.1127E-02  5.1497E-01
  4.3918E-02 -8.7989E-01  6.1552E-02  5.1855E-01
  4.4227E-02 -8.5295E-01  6.1980E-02  5.2216E-01
  4.4538E-02 -8.2554E-01  6.2410E-02  5.2579E-01
  4.4850E-02 -7.9765E-01  6.2844E-02  5.2945E-01
  4.5165E-02 -7.6930E-01  6.3280E-02  5.3313E-01
  4.5483E-02 -7.4048E-01  6.3720E-02  5.3684E-01
  4.5802E-02 -7.1121E-01  6.4162E-02  5.4057E-01
  4.6124E-02 -6.8148E-01  6.4608E-02  5.4433E-01
  4.6448E-02 -6.5131E-01  6.5056E-02  5.4811E-01
  4.6774E-02 -6.2071E-01  6.5508E-02  5.5192E-01
  4.7103E-02 -5.8967E-01  6.5962E-02  5.5575E-01
  4.7433E-02 -5.5821E-01  6.6420E-02  5.5961E-01
  4.7767E-02 -5.2634E-01  6.6880E-02  5.6350E-01
  4.8102E-02 -4.9405E-01  6.7344E-02  5.6741E-01
  4.8440E-02 -4.6137E-01  6.7811E-02  5.7135E-01
  4.8780E-02 -4.2830E-01  6.8281E-02  5.7532E-01
  4.9123E-02 -3.9484E-01  6.8754E-02  5.7931E-01
  4.9468E-02 -3.6101E-01  6.9231E-02  5.8333E-01
  4.9815E-02 -3.2682E-01  6.9710E-02  5.8738E-01
  5.0165E-02 -2.9228E-01  7.0193E-02  5.9145E-01
  5.0517E-02 -2.5739E-01  7.0679E-02  5.9555E-01
  5.0872E-02 -2.2217E-01  7.1168E-02  5.9968E-01
  5.1229E-02 -1.8663E-01  7.1661E-02  6.0384E-01
  5.1589E-02 -1.5078E-01  7.2157E-02  6.0802E-01
  5.1951E-02 -1.1463E-01  7.2656E-02  6.1224E-01
  5.2316E-02 -7.8197E-02  7.3159E-02  6.1648E-01
  5.2683E-02 -4.1486E-02  7.3665E-02  6.2075E-01
  5.3053E-02 -4.5126E-03  7.4174E-02  6.2505E-01
  5.3426E-02  3.2710E-02  7.4687E-02  6.2937E-01
  5.3801E-02  7.0168E-02  7.5203E-02  6.3373E-01
  5.4179E-02  1.0785E-01  7.5722E-02  6.3812E-01
  5.4559E-02  1.4574E-01  7.6245E-02  6.4253E-01
  5.4942E-02  1.8382E-01  7.6772E-02  6.4698E-01
  5.5328E-02  2.2209E-01  7.7302E-02  6.5145E-01
  5.5717E-02  2.6052E-01  7.7836E-02  6.5596E-01
  5.6108E-02  2.9909E-01  7.8373E-02  6.6049E-01
  5.6502E-02  3.3781E-01  7.8913E-02  6.6506E-01
  5.6899E-02  3.7664E-01  7.9458E-02  6.6965E-01
  5.7298E-02  4.1558E-01  8.0006E-02  6.7428E-01
  5.7701E-02  4.5460E-01  8.0557E-02  6.7894E-01
  5.8106E-02  4.9369E-01  8.1112E-02  6.8362E-01
  5.8514E-02  5.3283E-01  8.1671E-02  6.8834E-01
  5.8925E-02  5.7201E-01  8.2234E-02  6.9309E-01
  5.9338E-02  6.1121E-01  8.2800E-02  6.9788E-01
  5.9755E-02  6.5040E-01  8.3370E-02  7.0269E-01
  6.0174E-02  6.8958E-01  8.3944E-02  7.0754E-01
  6.0597E-02  7.2872E-01  8.4521E-02  7.1242E-01
  6.1022E-02  7.6780E-01  8.5102E-02  7.1733E-01
  6.1451E-02  8.0681E-01  8.5688E-02  7.2227E-01
  6.1882E-02  8.4573E-01  8.6277E-02  7.2724E-01
  6.2317E-02  8.8453E-01  8.6869E-02  7.3225E-01
  6.2754E-02  9.2320E-01  8.7466E-02  7.3729E-01
  6.3195E-02  9.6172E-01  8.8067E-02  7.4237E-01
  6.3639E-02  1.0001E+00  8.8671E-02  7.4748E-01
  6.4085E-02  1.0382E+00  8.9280E-02  7.5262E-01
  6.4535E-02  1.0761E+00  8.9892E-02  7.5779E-01
  6.4988E-02  1.1138E+00  9.0509E-02  7.6300E-01
  6.5445E-02  1.1513E+00  9.1129E-02  7.6825E-01
  6.5904E-02  1.1884E+00  9.1754E-02  7.7353E-01
  6.6367E-02  1.2253E+00  9.2382E-02  7.7884E-01
  6.6833E-02  1.2619E+00  9.3015E-02  7.8419E-01
  6.7302E-02  1.2981E+00  9.3652E-02  7.8957E-01
  6.7774E-02  1.3339E+00  9.4293E-02  7.9499E-01
  6.8250E-02  1.3693E+00  9.4938E-02  8.0044E-01
  6.8729E-02  1.4044E+00  9.5587E-02  8.0593E-01
  6.9212E-02  1.4390E+00  9.6240E-02  8.1145E-01
  6.9698E-02  1.4731E+00  9.6898E-02  8.1701E-01
  7.0187E-02  1.5068E+00  9.7560E-02  8.2261E-01
  7.0680E-02  1.5400E+00  9.8226E-02  8.2824E-01
  7.1176E-02  1.5727E+00  9.8896E-02  8.3391E-01
  7.1676E-02  1.6048E+00  9.9571E-02  8.3962E-01
  7.2179E-02  1.6363E+00  1.0025E-01  8.4536E-01
  7.2685E-02  1.6673E+00  1.0093E-01  8.5114E-01
  7.3196E-02  1.6976E+00  1.0162E-01  8.5696E-01
  7.3709E-02  1.7273E+00  1.0231E-01  8.6281E-01
  7.4227E-02  1.7564E+00  1.0301E-01  8.6870E-01
  7.4748E-02  1.7847E+00  1.0371E-01  8.7463E-01
  7.5273E-02  1.8124E+00  1.0442E-01  8.8060E-01
  7.5801E-02  1.8393E+00  1.0513E-01  8.8661E-01
  7.6333E-02  1.8655E+00  1.0584E-01  8.9265E-01
  7.6869E-02  1.8909E+00  1.0656E-01  8.9874E-01
  7.7408E-02  1.9155E+00  1.0728E-01  9.0486E-01
  7.7952E-02  1.9393E+00  1.0801E-01  9.1102E-01
  7.8499E-02  1.9623E+00  1.0874E-01  9.1722E-01
  7.9050E-02  1.9844E+00  1.0948E-01  9.2346E-01
  7.9605E-02  2.0056E+00  1.1022E-01  9.2974E-01
  8.0164E-02  2.0259E+00  1.1097E-01  9.3606E-01
  8.0726E-02  2.0453E+00  1.1172E-01  9.4242E-01
  8.1293E-02  2.0638E+00  1.1247E-01  9.4881E-01
  8.1864E-02  2.0812E+00  1.1323E-01  9.5525E-01
  8.2438E-02  2.0977E+00  1.1400E-01  9.6173E-01
  8.3017E-02  2.1132E+00  1.1477E-01  9.6825E-01
  8.3599E-02  2.1276E+00  1.1554E-01  9.7482E-01
  8.4186E-02  2.1411E+00  1.1632E-01  9.8142E-01
  8.4777E-02  2.1534E+00  1.1711E-01  9.8806E-01
  8.5372E-02  2.1646E+00  1.1790E-01  9.9475E-01
  8.5971E-02  2.1748E+00  1.1869E-01  1.0015E+00
  8.6575E-02  2.1838E+00  1.1949E-01  1.0082E+00
  8.7182E-02  2.1917E+00  1.2029E-01  1.0151E+00
  8.7794E-02  2.1984E+00  1.2110E-01  1.0219E+00
  8.8411E-02  2.2040E+00  1.2191E-01  1.0288E+00
  8.9031E-02  2.2083E+00  1.2273E-01  1.0357E+00
  8.9656E-02  2.2115E+00  1.2356E-01  1.0427E+00
  9.0285E-02  2.2134E+00  1.2438E-01  1.0497E+00
  9.0919E-02  2.2141E+00  1.2522E-01  1.0568E+00
  9.1557E-02  2.2135E+00  1.2606E-01  1.0639E+00
  9.2200E-02  2.2117E+00  1.2690E-01  1.0711E+00
  9.2847E-02  2.2086E+00  1.2775E-01  1.0783E+00
  9.3498E-02  2.2043E+00  1.2860E-01  1.0855E+00
  9.4155E-02  2.1986E+00  1.2946E-01  1.0928E+00
  9.4815E-02  2.1916E+00  1.3032E-01  1.1001E+00
  9.5481E-02  2.1833E+00  1.3119E-01  1.1075E+00
  9.6151E-02  2.1736E+00  1.3206E-01  1.1149E+00
  9.6826E-02  2.1627E+00  1.3294E-01  1.1224E+00
  9.7505E-02  2.1504E+00  1.3383E-01  1.1299E+00
  9.8190E-02  2.1367E+00  1.3472E-01  1.1374E+00
  9.8879E-02  2.1217E+00  1.3561E-01  1.1450E+00
  9.9573E-02  2.1053E+00  1.3651E-01  1.1527E+00
  1.0027E-01  2.0875E+00  1.3742E-01  1.1603E+00
  1.0098E-01  2.0684E+00  1.3833E-01  1.1681E+00
  1.0168E-01  2.0478E+00  1.3924E-01  1.1758E+00
  1.0240E-01  2.0260E+00  1.4016E-01  1.1837E+00
  1.0312E-01  2.0027E+00  1.4109E-01  1.1915E+00
  1.0384E-01  1.9780E+00  1.4202E-01  1.1994E+00
  1.0457E-01  1.9520E+00  1.4295E-01  1.2074E+00
  1.0530E-01  1.9246E+00  1.4390E-01  1.2154E+00
  1.0604E-01  1.8958E+00  1.4484E-01  1.2235E+00
  1.0679E-01  1.8657E+00  1.4580E-01  1.2316E+00
  1.0753E-01  1.8342E+00  1.4675E-01  1.2397E+00
  1.0829E-01  1.8013E+00  1.4772E-01  1.2479E+00
  1.0905E-01  1.7671E+00  1.4868E-01  1.2561E+00
  1.0981E-01  1.7316E+00  1.4966E-01  1.2644E+00
  1.1059E-01  1.6947E+00  1.5064E-01  1.2728E+00
  1.1136E-01  1.6565E+00  1.5162E-01  1.2811E+00
  1.1214E-01  1.6169E+00  1.5261E-01  1.2896E+00
  1.1293E-01  1.5761E+00  1.5361E-01  1.2980E+00
  1.1372E-01  1.5340E+00  1.5461E-01  1.3065E+00
  1.1452E-01  1.4906E+00  1.5561E-01  1.3151E+00
  1.1532E-01  1.4460E+00  1.5662E-01  1.3237E+00
  1.1613E-01  1.4001E+00  1.5764E-01  1.3324E+00
  1.1695E-01  1.3530E+00  1.5866E-01  1.3411E+00
  1.1777E-01  1.3047E+00  1.5969E-01  1.3499E+00
  1.1860E-01  1.2552E+00  1.6072E-01  1.3587E+00
  1.1943E-01  1.2045E+00  1.6176E-01  1.3675E+00
  1.2027E-01  1.1527E+00  1.6281E-01  1.3764E+00
  1.2111E-01  1.0998E+00  1.6386E-01  1.3854E+00
  1.2196E-01  1.0458E+00  1.6491E-01  1.3944E+00
  1.2281E-01  9.9068E-01  1.6597E-01  1.4034E+00
  1.2368E-01  9.3456E-01  1.6704E-01  1.4125E+00
  1.2454E-01  8.7743E-01  1.6811E-01  1.4216E+00
  1.2542E-01  8.1932E-01  1.6918E-01  1.4308E+00
  1.2630E-01  7.6026E-01  1.7027E-01  1.4401E+00
  1.2718E-01  7.0027E-01  1.7135E-01  1.4494E+00
  1.2808E-01  6.3940E-01  1.7244E-01  1.4587E+00
  1.2898E-01  5.7767E-01  1.7354E-01  1.4681E+00
  1.2988E-01  5.1512E-01  1.7465E-01  1.4775E+00
  1.3079E-01  4.5179E-01  1.7575E-01  1.4870E+00
  1.3171E-01  3.8771E-01  1.7687E-01  1.4965E+00
  1.3263E-01  3.2292E-01  1.7799E-01  1.5061E+00
  1.3356E-01  2.5746E-01  1.7911E-01  1.5157E+00
  1.3450E-01  1.9137E-01  1.8024E-01  1.5253E+00
  1.3545E-01  1.2469E-01  1.8138E-01  1.5351E+00
  1.3640E-01  5.7460E-02  1.8252E-01  1.5448E+00
  1.3735E-01 -1.0271E-02  1.8366E-01  1.5546E+00
  1.3832E-01 -7.8463E-02  1.8481E-01  1.5645E+00
  1.3929E-01 -1.4707E-01  1.8597E-01  1.5744E+00
  1.4027E-01 -2.1605E-01  1.8713E-01  1.5843E+00
  1.4125E-01 -2.8535E-01  1.8830E-01  1.5943E+00
  1.4224E-01 -3.5492E-01  1.8947E-01  1.6044E+00
  1.4324E-01 -4.2473E-01  1.9065E-01  1.6145E+00
  1.4424E-01 -4.9471E-01  1.9183E-01  1.6246E+00
  1.4526E-01 -5.6482E-01  1.9301E-01  1.6348E+00
  1.4627E-01 -6.3501E-01  1.9421E-01  1.6450E+00
  1.4730E-01 -7.0522E-01  1.9540E-01  1.6553E+00
  1.4833E-01 -7.7541E-01  1.9661E-01  1.6656E+00
  1.4938E-01 -8.4552E-01  1.9781E-01  1.6759E+00
  1.5042E-01 -9.1550E-01  1.9902E-01  1.6863E+00
  1.5148E-01 -9.8529E-01  2.0024E-01  1.6968E+00
  1.5254E-01 -1.0548E+00  2.0146E-01  1.7073E+00
  1.5361E-01 -1.1241E+00  2.0269E-01  1.7178E+00
  1.5469E-01 -1.1930E+00  2.0392E-01  1.7284E+00
  1.5578E-01 -1.2615E+00  2.0515E-01  1.7390E+00
  1.5687E-01 -1.3296E+00  2.0639E-01  1.7497E+00
  1.5797E-01 -1.3971E+00  2.0764E-01  1.7604E+00
  1.5908E-01 -1.4640E+00  2.0889E-01  1.7712E+00
  1.6019E-01 -1.5303E+00  2.1014E-01  1.7820E+00
  1.6132E-01 -1.5960E+00  2.1140E-01  1.7928E+00
  1.6245E-01 -1.6608E+00  2.1266E-01  1.8037E+00
  1.6359E-01 -1.7249E+00  2.1393E-01  1.8146E+00
  1.6474E-01 -1.7881E+00  2.1520E-01  1.8256E+00
  1.6589E-01 -1.8504E+00  2.1647E-01  1.8366E+00
  1.6706E-01 -1.9118E+00  2.1775E-01  1.8476E+00
  1.6823E-01 -1.9720E+00  2.1904E-01  1.8587E+00
  1.6941E-01 -2.0312E+00  2.2032E-01  1.8698E+00
  1.7060E-01 -2.0893E+00  2.2161E-01  1.8810E+00
  1.7179E-01 -2.1461E+00  2.2291E-01  1.8922E+00
  1.7300E-01 -2.2017E+00  2.2421E-01  1.9034E+00
  1.7421E-01 -2.2560E+00  2.2551E-01  1.9147E+00
  1.7544E-01 -2.3089E+00  2.2682E-01  1.9260E+00
  1.7667E-01 -2.3604E+00  2.2813E-01  1.9373E+00
  1.7791E-01 -2.4104E+00  2.2944E-01  1.9487E+00
  1.7915E-01 -2.4589E+00  2.3075E-01  1.9601E+00
  1.8041E-01 -2.5057E+00  2.3207E-01  1.9715E+00
  1.8168E-01 -2.5510E+00  2.3340E-01  1.9830E+00
  1.8295E-01 -2.5945E+00  2.3472E-01  1.9945E+00
  1.8423E-01 -2.6363E+00  2.3605E-01  2.0060E+00
  1.8553E-01 -2.6763E+00  2.3738E-01  2.0176E+00
  1.8683E-01 -2.7145E+00  2.3871E-01  2.0292E+00
  1.8814E-01 -2.7508E+00  2.4005E-01  2.0408E+00
  1.8946E-01 -2.7851E+00  2.4139E-01  2.0524E+00
  1.9079E-01 -2.8175E+00  2.4273E-01  2.0641E+00
  1.9213E-01 -2.8478E+00  2.4407E-01  2.0758E+00
  1.9348E-01 -2.8760E+00  2.4542E-01  2.0875E+00
  1.9483E-01 -2.9022E+00  2.4677E-01  2.0993E+00
  1.9620E-01 -2.9262E+00  2.4812E-01  2.1110E+00
  1.9758E-01 -2.9480E+00  2.4947E-01  2.1228E+00
  1.9896E-01 -2.9675E+00  2.5082E-01  2.1346E+00
  2.0036E-01 -2.9848E+00  2.5217E-01  2.1464E+00
  2.0176E-01 -2.9998E+00  2.5353E-01  2.1583E+00
  2.0318E-01 -3.0124E+00  2.5489E-01  2.1701E+00
  2.0460E-01 -3.0227E+00  2.5624E-01  2.1820E+00
  2.0604E-01 -3.0306E+00  2.5760E-01  2.1939E+00
  2.0749E-01 -3.0360E+00  2.5896E-01  2.2058E+00
  2.0894E-01 -3.0390E+00  2.6032E-01  2.2177E+00
  2.1041E-01 -3.0395E+00  2.6168E-01  2.2296E+00
  2.1188E-01 -3.0375E+00  2.6304E-01  2.2416E+00
  2.1337E-01 -3.0330E+00  2.6440E-01  2.2535E+00
  2.1487E-01 -3.0259E+00  2.6575E-01  2.2654E+00
  2.1637E-01 -3.0163E+00  2.6711E-01  2.2774E+00
  2.1789E-01 -3.0041E+00  2.6847E-01  2.2893E+00
  2.1942E-01 -2.9893E+00  2.6983E-01  2.3013E+00
  2.2096E-01 -2.9720E+00  2.7118E-01  2.3132E+00
  2.2251E-01 -2.9520E+00  2.7254E-01  2.3252E+00
  2.2407E-01 -2.9294E+00  2.7389E-01  2.3371E+00
  2.2564E-01 -2.9042E+00  2.7524E-01  2.3491E+00
  2.2723E-01 -2.8764E+00  2.7659E-01  2.3610E+00
  2.2882E-01 -2.8459E+00  2.7794E-01  2.3729E+00
  2.3042E-01 -2.8129E+00  2.7928E-01  2.3848E+00
  2.3204E-01 -2.7772E+00  2.8063E-01  2.3967E+00
  2.3367E-01 -2.7389E+00  2.8196E-01  2.4086E+00
  2.3531E-01 -2.6981E+00  2.8330E-01  2.4204E+00
  2.3696E-01 -2.6547E+00  2.8463E-01  2.4323E+00
  2.3862E-01 -2.6087E+00  2.8596E-01  2.4441E+00
  2.4030E-01 -2.5601E+00  2.8729E-01  2.4559E+00
  2.4198E-01 -2.5091E+00  2.8861E-01  2.4676E+00
  2.4368E-01 -2.4555E+00  2.8992E-01  2.4794E+00
  2.4539E-01 -2.3995E+00  2.9123E-01  2.4911E+00
  2.4711E-01 -2.3410E+00  2.9254E-01  2.5027E+00
  2.4884E-01 -2.2801E+00  2.9384E-01  2.5144E+00
  2.5059E-01 -2.2169E+00  2.9513E-01  2.5259E+00
  2.5235E-01 -2.1512E+00  2.9642E-01  2.5375E+00
  2.5412E-01 -2.0833E+00  2.9770E-01  2.5490E+00
  2.5590E-01 -2.0131E+00  2.9898E-01  2.5605E+00
  2.5769E-01 -1.9406E+00  3.0025E-01  2.5719E+00
  2.5950E-01 -1.8660E+00  3.0151E-01  2.5832E+00
  2.6132E-01 -1.7893E+00  3.0276E-01  2.5945E+00
  2.6316E-01 -1.7104E+00  3.0400E-01  2.6057E+00
  2.6500E-01 -1.6295E+00  3.0524E-01  2.6169E+00
  2.6686E-01 -1.5466E+00  3.0647E-01  2.6280E+00
  2.6873E-01 -1.4618E+00  3.0768E-01  2.6391E+00
  2.7062E-01 -1.3752E+00  3.0889E-01  2.6500E+00
  2.7252E-01 -1.2867E+00  3.1009E-01  2.6609E+00
  2.7443E-01 -1.1965E+00  3.1128E-01  2.6717E+00
  2.7635E-01 -1.1046E+00  3.1245E-01  2.6825E+00
  2.7829E-01 -1.0111E+00  3.1362E-01  2.6931E+00
  2.8024E-01 -9.1605E-01  3.1477E-01  2.7037E+00
  2.8221E-01 -8.1954E-01  3.1591E-01  2.7141E+00
  2.8419E-01 -7.2164E-01  3.1704E-01  2.7245E+00
  2.8618E-01 -6.2242E-01  3.1815E-01  2.7347E+00
  2.8819E-01 -5.2197E-01  3.1925E-01  2.7449E+00
  2.9021E-01 -4.2035E-01  3.2034E-01  2.7549E+00
  2.9225E-01 -3.1766E-01  3.2141E-01  2.7649E+00
  2.9430E-01 -2.1396E-01  3.2247E-01  2.7747E+00
  2.9636E-01 -1.0936E-01  3.2351E-01  2.7844E+00
  2.9844E-01 -3.9304E-03  3.2454E-01  2.7939E+00
  3.0054E-01  1.0224E-01  3.2555E-01  2.8034E+00
  3.0264E-01  2.0905E-01  3.2654E-01  2.8127E+00
  3.0477E-01  3.1642E-01  3.2751E-01  2.8218E+00
  3.0690E-01  4.2426E-01  3.2847E-01  2.8308E+00
  3.0906E-01  5.3247E-01  3.2940E-01  2.8397E+00
  3.1123E-01  6.4096E-01  3.3032E-01  2.8484E+00
  3.1341E-01  7.4964E-01  3.3122E-01  2.8569E+00
  3.1561E-01  8.5840E-01  3.3209E-01  2.8653E+00
  3.1782E-01  9.6715E-01  3.3295E-01  2.8735E+00
  3.2005E-01  1.0758E+00  3.3378E-01  2.8815E+00
  3.2230E-01  1.1842E+00  3.3459E-01  2.8893E+00
  3.2456E-01  1.2924E+00  3.3538E-01  2.8970E+00
  3.2683E-01  1.4001E+00  3.3614E-01  2.9044E+00
  3.2913E-01  1.5073E+00  3.3688E-01  2.9117E+00
  3.3143E-01  1.6139E+00  3.3759E-01  2.9188E+00
  3.3376E-01  1.7198E+00  3.3828E-01  2.9256E+00
  3.3610E-01  1.8249E+00  3.3894E-01  2.9322E+00
  3.3846E-01  1.9291E+00  3.3958E-01  2.9386E+00
  3.4083E-01  2.0323E+00  3.4018E-01  2.9448E+00
  3.4322E-01  2.1344E+00  3.4076E-01  2.9507E+00
  3.4563E-01  2.2352E+00  3.4131E-01  2.9564E+00
  3.4805E-01  2.3348E+00  3.4183E-01  2.9618E+00
  3.5050E-01  2.4329E+00  3.4231E-01  2.9670E+00
  3.5295E-01  2.5296E+00  3.4277E-01  2.9719E+00
  3.5543E-01  2.6246E+00  3.4319E-01  2.9765E+00
  3.5792E-01  2.7179E+00  3.4358E-01  2.9809E+00
  3.6043E-01  2.8094E+00  3.4393E-01  2.9850E+00
  3.6296E-01  2.8991E+00  3.4425E-01  2.9887E+00
  3.6551E-01  2.9867E+00  3.4454E-01  2.9922E+00
  3.6807E-01  3.0722E+00  3.4479E-01  2.9954E+00
  3.7065E-01  3.1556E+00  3.4500E-01  2.9982E+00
  3.7325E-01  3.2367E+00  3.4517E-01  3.0008E+00
  3.7587E-01  3.3154E+00  3.4530E-01  3.0030E+00
  3.7851E-01  3.3917E+00  3.4539E-01  3.0048E+00
  3.8116E-01  3.4655E+00  3.4544E-01  3.0063E+00
  3.8384E-01  3.5366E+00  3.4545E-01  3.0075E+00
  3.8653E-01  3.6051E+00  3.4542E-01  3.0083E+00
  3.8924E-01  3.6707E+00  3.4534E-01  3.0087E+00
  3.9197E-01  3.7336E+00  3.4522E-01  3.0087E+00
  3.9472E-01  3.7934E+00  3.4505E-01  3.0083E+00
  3.9749E-01  3.8503E+00  3.4484E-01  3.0076E+00
  4.0028E-01  3.9041E+00  3.4457E-01  3.0064E+00
  4.0309E-01  3.9547E+00  3.4426E-01  3.0048E+00
  4.0591E-01  4.0022E+00  3.4390E-01  3.0028E+00
  4.0876E-01  4.0463E+00  3.4349E-01  3.0003E+00
  4.1163E-01  4.0871E+00  3.4303E-01  2.9974E+00
  4.1451E-01  4.1245E+00  3.4251E-01  2.9940E+00
  4.1742E-01  4.1585E+00  3.4194E-01  2.9902E+00
  4.2035E-01  4.1889E+00  3.4132E-01  2.9859E+00
  4.2330E-01  4.2158E+00  3.4064E-01  2.9811E+00
  4.2627E-01  4.2391E+00  3.3990E-01  2.9758E+00
  4.2926E-01  4.2587E+00  3.3911E-01  2.9700E+00
  4.3227E-01  4.2746E+00  3.3825E-01  2.9637E+00
  4.3530E-01  4.2868E+00  3.3734E-01  2.9568E+00
  4.3835E-01  4.2953E+00  3.3636E-01  2.9494E+00
  4.4143E-01  4.2999E+00  3.3532E-01  2.9415E+00
  4.4453E-01  4.3008E+00  3.3422E-01  2.9330E+00
  4.4764E-01  4.2977E+00  3.3305E-01  2.9240E+00
  4.5078E-01  4.2908E+00  3.3182E-01  2.9143E+00
  4.5395E-01  4.2801E+00  3.3052E-01  2.9041E+00
  4.5713E-01  4.2654E+00  3.2915E-01  2.8933E+00
  4.6034E-01  4.2468E+00  3.2772E-01  2.8818E+00
  4.6356E-01  4.2243E+00  3.2621E-01  2.8698E+00
  4.6682E-01  4.1978E+00  3.2463E-01  2.8571E+00
  4.7009E-01  4.1674E+00  3.2298E-01  2.8437E+00
  4.7339E-01  4.1331E+00  3.2125E-01  2.8298E+00
  4.7671E-01  4.0949E+00  3.1945E-01  2.8151E+00
  4.8005E-01  4.0528E+00  3.1757E-01  2.7998E+00
  4.8342E-01  4.0068E+00  3.1562E-01  2.7837E+00
  4.8681E-01  3.9569E+00  3.1359E-01  2.7670E+00
  4.9022E-01  3.9032E+00  3.1147E-01  2.7496E+00
  4.9366E-01  3.8456E+00  3.0928E-01  2.7314E+00
  4.9713E-01  3.7842E+00  3.0700E-01  2.7125E+00
  5.0061E-01  3.7191E+00  3.0464E-01  2.6929E+00
  5.0412E-01  3.6502E+00  3.0220E-01  2.6725E+00
  5.0766E-01  3.5776E+00  2.9967E-01  2.6513E+00
  5.1122E-01  3.5014E+00  2.9706E-01  2.6294E+00
  5.1481E-01  3.4216E+00  2.9435E-01  2.6067E+00
  5.1842E-01  3.3382E+00  2.9156E-01  2.5832E+00
  5.2205E-01  3.2513E+00  2.8868E-01  2.5589E+00
  5.2572E-01  3.1609E+00  2.8570E-01  2.5337E+00
  5.2940E-01  3.0672E+00  2.8264E-01  2.5078E+00
  5.3312E-01  2.9702E+00  2.7948E-01  2.4810E+00
  5.3686E-01  2.8699E+00  2.7623E-01  2.4533E+00
  5.4062E-01  2.7664E+00  2.7288E-01  2.4248E+00
  5.4441E-01  2.6598E+00  2.6943E-01  2.3954E+00
  5.4823E-01  2.5502E+00  2.6589E-01  2.3652E+00
  5.5208E-01  2.4376E+00  2.6225E-01  2.3341E+00
  5.5595E-01  2.3221E+00  2.5851E-01  2.3021E+00
  5.5985E-01  2.2039E+00  2.5467E-01  2.2691E+00
  5.6378E-01  2.0829E+00  2.5072E-01  2.2353E+00
  5.6773E-01  1.9594E+00  2.4668E-01  2.2006E+00
  5.7171E-01  1.8333E+00  2.4253E-01  2.1649E+00
  5.7572E-01  1.7048E+00  2.3828E-01  2.1283E+00
  5.7976E-01  1.5739E+00  2.3392E-01  2.0908E+00
  5.8383E-01  1.4408E+00  2.2946E-01  2.0523E+00
  5.8792E-01  1.3056E+00  2.2489E-01  2.0129E+00
  5.9205E-01  1.1684E+00  2.2022E-01  1.9725E+00
  5.9620E-01  1.0293E+00  2.1543E-01  1.9312E+00
  6.0038E-01  8.8834E-01  2.1054E-01  1.8889E+00
  6.0459E-01  7.4570E-01  2.0554E-01  1.8456E+00
  6.0883E-01  6.0146E-01  2.0043E-01  1.8014E+00
  6.1310E-01  4.5575E-01  1.9522E-01  1.7562E+00
  6.1740E-01  3.0867E-01  1.8989E-01  1.7100E+00
  6.2173E-01  1.6035E-01  1.8445E-01  1.6629E+00
  6.2609E-01  1.0898E-02  1.7890E-01  1.6148E+00
  6.3048E-01 -1.3957E-01  1.7324E-01  1.5657E+00
  6.3491E-01 -2.9093E-01  1.6746E-01  1.5156E+00
  6.3936E-01 -4.4307E-01  1.6158E-01  1.4646E+00
  6.4384E-01 -5.9587E-01  1.5558E-01  1.4126E+00
  6.4836E-01 -7.4921E-01  1.4948E-01  1.3597E+00
  6.5291E-01 -9.0296E-01  1.4326E-01  1.3057E+00
  6.5749E-01 -1.0570E+00  1.3693E-01  1.2509E+00
  6.6210E-01 -1.2112E+00  1.3049E-01  1.1951E+00
  6.6674E-01 -1.3655E+00  1.2394E-01  1.1383E+00
  6.7142E-01 -1.5197E+00  1.1728E-01  1.0806E+00
  6.7613E-01 -1.6737E+00  1.1051E-01  1.0221E+00
  6.8087E-01 -1.8275E+00  1.0363E-01  9.6255E-01
  6.8565E-01 -1.9808E+00  9.6642E-02  9.0216E-01
  6.9046E-01 -2.1335E+00  8.9547E-02  8.4089E-01
  6.9530E-01 -2.2856E+00  8.2346E-02  7.7875E-01
  7.0018E-01 -2.4369E+00  7.5040E-02  7.1576E-01
  7.0509E-01 -2.5873E+00  6.7629E-02  6.5194E-01
  7.1003E-01 -2.7366E+00  6.0115E-02  5.8731E-01
  7.1501E-01 -2.8849E+00  5.2499E-02  5.2189E-01
  7.2003E-01 -3.0319E+00  4.4783E-02  4.5570E-01
  7.2508E-01 -3.1775E+00  3.6969E-02  3.8876E-01
  7.3016E-01 -3.3217E+00  2.9058E-02  3.2110E-01
  7.3528E-01 -3.4643E+00  2.1051E-02  2.5275E-01
  7.4044E-01 -3.6052E+00  1.2952E-02  1.8373E-01
  7.4563E-01 -3.7443E+00  4.7627E-03  1.1408E-01
  7.5086E-01 -3.8815E+00 -3.5154E-03  4.3817E-02
  7.5613E-01 -4.0168E+00 -1.1879E-02 -2.7011E-02
  7.6143E-01 -4.1499E+00 -2.0327E-02 -9.8373E-02
  7.6677E-01 -4.2808E+00 -2.8855E-02 -1.7023E-01
  7.7215E-01 -4.4094E+00 -3.7460E-02 -2.4255E-01
  7.7757E-01 -4.5357E+00 -4.6140E-02 -3.1528E-01
  7.8302E-01 -4.6595E+00 -5.4891E-02 -3.8839E-01
  7.8851E-01 -4.7807E+00 -6.3710E-02 -4.6183E-01
  7.9404E-01 -4.8992E+00 -7.2592E-02 -5.3555E-01
  7.9961E-01 -5.0150E+00 -8.1535E-02 -6.0950E-01
  8.0522E-01 -5.1280E+00 -9.0535E-02 -6.8363E-01
  8.1087E-01 -5.2381E+00 -9.9586E-02 -7.5789E-01
  8.1656E-01 -5.3452E+00 -1.0868E-01 -8.3222E-01
  8.2228E-01 -5.4492E+00 -1.1783E-01 -9.0657E-01
  8.2805E-01 -5.5502E+00 -1.2701E-01 -9.8088E-01
  8.3386E-01 -5.6479E+00 -1.3622E-01 -1.0551E+00
  8.3971E-01 -5.7424E+00 -1.4546E-01 -1.1291E+00
  8.4560E-01 -5.8336E+00 -1.5473E-01 -1.2029E+00
  8.5153E-01 -5.9214E+00 -1.6401E-01 -1.2764E+00
  8.5750E-01 -6.0058E+00 -1.7330E-01 -1.3495E+00
  8.6351E-01 -6.0867E+00 -1.8259E-01 -1.4222E+00
  8.6957E-01 -6.1640E+00 -1.9189E-01 -1.4943E+00
  8.7567E-01 -6.2378E+00 -2.0118E-01 -1.5659E+00
  8.8181E-01 -6.3080E+00 -2.1045E-01 -1.6368E+00
  8.8800E-01 -6.3745E+00 -2.1970E-01 -1.7069E+00
  8.9422E-01 -6.4373E+00 -2.2893E-01 -1.7762E+00
  9.0050E-01 -6.4963E+00 -2.3811E-01 -1.8445E+00
  9.0681E-01 -6.5516E+00 -2.4726E-01 -1.9119E+00
  9.1317E-01 -6.6031E+00 -2.5635E-01 -1.9782E+00
  9.1958E-01 -6.6508E+00 -2.6538E-01 -2.0433E+00
  9.2603E-01 -6.6946E+00 -2.7434E-01 -2.1071E+00
  9.3252E-01 -6.7346E+00 -2.8323E-01 -2.1695E+00
  9.3906E-01 -6.7707E+00 -2.9203E-01 -2.2305E+00
  9.4565E-01 -6.8030E+00 -3.0073E-01 -2.2899E+00
  9.5228E-01 -6.8313E+00 -3.0934E-01 -2.3477E+00
  9.5896E-01 -6.8558E+00 -3.1782E-01 -2.4037E+00
  9.6569E-01 -6.8763E+00 -3.2619E-01 -2.4579E+00
  9.7246E-01 -6.8930E+00 -3.3442E-01 -2.5101E+00
  9.7928E-01 -6.9058E+00 -3.4251E-01 -2.5603E+00
  9.8615E-01 -6.9147E+00 -3.5044E-01 -2.6083E+00
  9.9306E-01 -6.9197E+00 -3.5821E-01 -2.6541E+00
  1.0000E+00 -6.9208E+00 -3.6580E-01 -2.6975E+00
  1.0070E+00 -6.9182E+00 -3.7321E-01 -2.7385E+00
  1.0141E+00 -6.9117E+00 -3.8042E-01 -2.7769E+00
  1.0212E+00 -6.9014E+00 -3.8742E-01 -2.8127E+00
  1.0284E+00 -6.8873E+00 -3.9421E-01 -2.8458E+00
  1.0356E+00 -6.8695E+00 -4.0076E-01 -2.8760E+00
  1.0429E+00 -6.8480E+00 -4.0706E-01 -2.9032E+00
  1.0502E+00 -6.8228E+00 -4.1311E-01 -2.9275E+00
  1.0575E+00 -6.7940E+00 -4.1890E-01 -2.9486E+00
  1.0650E+00 -6.7616E+00 -4.2440E-01 -2.9664E+00
  1.0724E+00 -6.7257E+00 -4.2961E-01 -2.9810E+00
  1.0799E+00 -6.6862E+00 -4.3452E-01 -2.9922E+00
  1.0875E+00 -6.6433E+00 -4.3911E-01 -2.9999E+00
  1.0951E+00 -6.5971E+00 -4.4337E-01 -3.0040E+00
  1.1028E+00 -6.5474E+00 -4.4729E-01 -3.0045E+00
  1.1106E+00 -6.4945E+00 -4.5086E-01 -3.0013E+00
  1.1184E+00 -6.4384E+00 -4.5406E-01 -2.9943E+00
  1.1262E+00 -6.3791E+00 -4.5689E-01 -2.9835E+00
  1.1341E+00 -6.3167E+00 -4.5932E-01 -2.9688E+00
  1.1420E+00 -6.2513E+00 -4.6135E-01 -2.9501E+00
  1.1501E+00 -6.1829E+00 -4.6297E-01 -2.9274E+00
  1.1581E+00 -6.1117E+00 -4.6416E-01 -2.9007E+00
  1.1662E+00 -6.0376E+00 -4.6492E-01 -2.8700E+00
  1.1744E+00 -5.9608E+00 -4.6523E-01 -2.8351E+00
  1.1827E+00 -5.8814E+00 -4.6508E-01 -2.7961E+00
  1.1910E+00 -5.7994E+00 -4.6445E-01 -2.7530E+00
  1.1993E+00 -5.7149E+00 -4.6335E-01 -2.7058E+00
  1.2077E+00 -5.6281E+00 -4.6176E-01 -2.6544E+00
  1.2162E+00 -5.5389E+00 -4.5967E-01 -2.5989E+00
  1.2247E+00 -5.4475E+00 -4.5707E-01 -2.5393E+00
  1.2333E+00 -5.3540E+00 -4.5395E-01 -2.4757E+00
  1.2420E+00 -5.2585E+00 -4.5031E-01 -2.4080E+00
  1.2507E+00 -5.1610E+00 -4.4614E-01 -2.3364E+00
  1.2594E+00 -5.0617E+00 -4.4143E-01 -2.2608E+00
  1.2683E+00 -4.9606E+00 -4.3618E-01 -2.1815E+00
  1.2772E+00 -4.8580E+00 -4.3038E-01 -2.0983E+00
  1.2861E+00 -4.7538E+00 -4.2403E-01 -2.0116E+00
  1.2952E+00 -4.6481E+00 -4.1712E-01 -1.9212E+00
  1.3042E+00 -4.5412E+00 -4.0966E-01 -1.8275E+00
  1.3134E+00 -4.4330E+00 -4.0164E-01 -1.7304E+00
  1.3226E+00 -4.3237E+00 -3.9306E-01 -1.6302E+00
  1.3319E+00 -4.2135E+00 -3.8392E-01 -1.5270E+00
  1.3412E+00 -4.1023E+00 -3.7423E-01 -1.4210E+00
  1.3506E+00 -3.9904E+00 -3.6399E-01 -1.3123E+00
  1.3601E+00 -3.8778E+00 -3.5321E-01 -1.2011E+00
  1.3696E+00 -3.7647E+00 -3.4189E-01 -1.0877E+00
  1.3792E+00 -3.6512E+00 -3.3004E-01 -9.7223E-01
  1.3889E+00 -3.5373E+00 -3.1767E-01 -8.5496E-01
  1.3987E+00 -3.4233E+00 -3.0480E-01 -7.3611E-01
  1.4085E+00 -3.3092E+00 -2.9143E-01 -6.1595E-01
  1.4183E+00 -3.1951E+00 -2.7759E-01 -4.9473E-01
  1.4283E+00 -3.0812E+00 -2.6328E-01 -3.7273E-01
  1.4383E+00 -2.9676E+00 -2.4854E-01 -2.5023E-01
  1.4484E+00 -2.8544E+00 -2.3338E-01 -1.2753E-01
  1.4585E+00 -2.7417E+00 -2.1783E-01 -4.9338E-03
  1.4688E+00 -2.6296E+00 -2.0191E-01  1.1725E-01
  1.4791E+00 -2.5183E+00 -1.8565E-01  2.3870E-01
  1.4895E+00 -2.4080E+00 -1.6908E-01  3.5908E-01
  1.4999E+00 -2.2986E+00 -1.5224E-01  4.7807E-01
  1.5104E+00 -2.1904E+00 -1.3517E-01  5.9531E-01
  1.5210E+00 -2.0834E+00 -1.1789E-01  7.1047E-01
  1.5317E+00 -1.9778E+00 -1.0047E-01  8.2319E-01
  1.5424E+00 -1.8737E+00 -8.2927E-02  9.3312E-01
  1.5532E+00 -1.7713E+00 -6.5327E-02  1.0399E+00
  1.5641E+00 -1.6706E+00 -4.7715E-02  1.1432E+00
  1.5751E+00 -1.5717E+00 -3.0147E-02  1.2427E+00
  1.5862E+00 -1.4749E+00 -1.2679E-02  1.3379E+00
  1.5973E+00 -1.3801E+00  4.6286E-03  1.4287E+00
  1.6085E+00 -1.2876E+00  2.1711E-02  1.5146E+00
  1.6198E+00 -1.1974E+00  3.8502E-02  1.5952E+00
  1.6311E+00 -1.1097E+00  5.4931E-02  1.6704E+00
  1.6426E+00 -1.0246E+00  7.0924E-02  1.7397E+00
  1.6541E+00 -9.4221E-01  8.6404E-02  1.8029E+00
  1.6657E+00 -8.6261E-01  1.0129E-01  1.8598E+00
  1.6774E+00 -7.8594E-01  1.1550E-01  1.9100E+00
  1.6891E+00 -7.1230E-01  1.2894E-01  1.9532E+00
  1.7010E+00 -6.4182E-01  1.4152E-01  1.9894E+00
  1.7129E+00 -5.7460E-01  1.5316E-01  2.0183E+00
  1.7249E+00 -5.1075E-01  1.6374E-01  2.0398E+00
  1.7370E+00 -4.5038E-01  1.7317E-01  2.0536E+00
  1.7492E+00 -3.9358E-01  1.8135E-01  2.0598E+00
  1.7615E+00 -3.4047E-01  1.8817E-01  2.0581E+00
  1.7738E+00 -2.9114E-01  1.9351E-01  2.0487E+00
  1.7863E+00 -2.4569E-01  1.9727E-01  2.0314E+00
  1.7988E+00 -2.0422E-01  1.9932E-01  2.0064E+00
  1.8114E+00 -1.6682E-01  1.9955E-01  1.9738E+00
  1.8241E+00 -1.3359E-01  1.9784E-01  1.9336E+00
  1.8369E+00 -1.0460E-01  1.9406E-01  1.8860E+00
  1.8498E+00 -7.9946E-02  1.8808E-01  1.8312E+00
  1.8628E+00 -5.9711E-02  1.7978E-01  1.7696E+00
  1.8758E+00 -4.3975E-02  1.6903E-01  1.7015E+00
  1.8890E+00 -3.2813E-02  1.5569E-01  1.6272E+00
  1.9022E+00 -2.6298E-02  1.3963E-01  1.5471E+00
  1.9156E+00 -2.4500E-02  1.2073E-01  1.4618E+00
  1.9290E+00 -2.7484E-02  9.8836E-02  1.3717E+00
  1.9425E+00 -3.5313E-02  7.3829E-02  1.2775E+00
  1.9562E+00 -4.8045E-02  4.5572E-02  1.1799E+00
  1.9699E+00 -6.5735E-02  1.3932E-02  1.0794E+00
  1.9837E+00 -8.8432E-02 -2.1222E-02  9.7681E-01
  1.9976E+00 -1.1618E-01 -6.0020E-02  8.7296E-01
  2.0116E+00 -1.4903E-01 -1.0259E-01  7.6867E-01
  2.0257E+00 -1.8700E-01 -1.4905E-01  6.6481E-01
  2.0399E+00 -2.3014E-01 -1.9952E-01  5.6228E-01
  2.0542E+00 -2.7846E-01 -2.5413E-01  4.6202E-01
  2.0686E+00 -3.3200E-01 -3.1298E-01  3.6500E-01
  2.0831E+00 -3.9076E-01 -3.7618E-01  2.7221E-01
  2.0978E+00 -4.5476E-01 -4.4382E-01  1.8465E-01
  2.1125E+00 -5.2400E-01 -5.1601E-01  1.0330E-01
  2.1273E+00 -5.9848E-01 -5.9283E-01  2.9179E-02
  2.1422E+00 -6.7820E-01 -6.7434E-01 -3.6750E-02
  2.1572E+00 -7.6314E-01 -7.6063E-01 -9.3537E-02
  2.1724E+00 -8.5328E-01 -8.5174E-01 -1.4028E-01
  2.1876E+00 -9.4860E-01 -9.4773E-01 -1.7611E-01
  2.2029E+00 -1.0491E+00 -1.0486E+00 -2.0027E-01
  2.2184E+00 -1.1546E+00 -1.1544E+00 -2.1206E-01
  2.2339E+00 -1.2652E+00 -1.2652E+00 -2.1089E-01
  2.2496E+00 -1.3809E+00 -1.3809E+00 -1.9628E-01
  2.2654E+00 -1.5015E+00 -1.5015E+00 -1.6793E-01
  2.2813E+00 -1.6269E+00 -1.6269E+00 -1.2567E-01
  2.2973E+00 -1.7572E+00 -1.7572E+00 -6.9533E-02
  2.3134E+00 -1.8921E+00 -1.8921E+00  0.0000E+00
  2.3296E+00 -2.0317E+00 -2.0317E+00  0.0000E+00
  2.3460E+00 -2.1758E+00 -2.1758E+00  0.0000E+00
  2.3624E+00 -2.3244E+00 -2.3244E+00  0.0000E+00
  2.3790E+00 -2.4772E+00 -2.4772E+00  0.0000E+00
  2.3957E+00 -2.6343E+00 -2.6343E+00  0.0000E+00
  2.4125E+00 -2.7953E+00 -2.7953E+00  0.0000E+00
  2.4294E+00 -2.9603E+00 -2.9603E+00  0.0000E+00
  2.4464E+00 -3.1290E+00 -3.1290E+00  0.0000E+00
  2.4636E+00 -3.3013E+00 -3.3013E+00  0.0000E+00
  2.4809E+00 -3.4771E+00 -3.4771E+00  0.0000E+00
  2.4983E+00 -3.6561E+00 -3.6561E+00  0.0000E+00
  2.5158E+00 -3.8381E+00 -3.8381E+00  0.0000E+00
  2.5334E+00 -4.0230E+00 -4.0230E+00  0.0000E+00
  2.5512E+00 -4.2106E+00 -4.2106E+00  0.0000E+00
  2.5691E+00 -4.4006E+00 -4.4006E+00  0.0000E+00
  2.5871E+00 -4.5928E+00 -4.5928E+00  0.0000E+00
  2.6052E+00 -4.7871E+00 -4.7871E+00  0.0000E+00
  2.6235E+00 -4.9831E+00 -4.9831E+00  0.0000E+00
  2.6419E+00 -5.1805E+00 -5.1805E+00  0.0000E+00
  2.6604E+00 -5.3792E+00 -5.3792E+00  0.0000E+00
  2.6791E+00 -5.5789E+00 -5.5789E+00  0.0000E+00
  2.6979E+00 -5.7793E+00 -5.7793E+00  0.0000E+00
  2.7168E+00 -5.9801E+00 -5.9801E+00  0.0000E+00
  2.7359E+00 -6.1810E+00 -6.1810E+00  0.0000E+00
  2.7551E+00 -6.3816E+00 -6.3816E+00  0.0000E+00
  2.7744E+00 -6.5818E+00 -6.5818E+00  0.0000E+00
  2.7938E+00 -6.7812E+00 -6.7812E+00  0.0000E+00
  2.8134E+00 -6.9794E+00 -6.9794E+00  0.0000E+00
  2.8332E+00 -7.1761E+00 -7.1761E+00  0.0000E+00
  2.8530E+00 -7.3710E+00 -7.3710E+00  0.0000E+00
  2.8730E+00 -7.5637E+00 -7.5637E+00  0.0000E+00
  2.8932E+00 -7.7538E+00 -7.7538E+00  0.0000E+00
  2.9135E+00 -7.9411E+00 -7.9411E+00  0.0000E+00
  2.9339E+00 -8.1251E+00 -8.1251E+00  0.0000E+00
  2.9545E+00 -8.3054E+00 -8.3054E+00  0.0000E+00
  2.9752E+00 -8.4818E+00 -8.4818E+00  0.0000E+00
  2.9961E+00 -8.6537E+00 -8.6537E+00  0.0000E+00
  3.0171E+00 -8.8209E+00 -8.8209E+00  0.0000E+00
  3.0383E+00 -8.9829E+00 -8.9829E+00  0.0000E+00
  3.0596E+00 -9.1393E+00 -9.1393E+00  0.0000E+00
  3.0810E+00 -9.2898E+00 -9.2898E+00  0.0000E+00
  3.1026E+00 -9.4339E+00 -9.4339E+00  0.0000E+00
  3.1244E+00 -9.5713E+00 -9.5713E+00  0.0000E+00
  3.1463E+00 -9.7016E+00 -9.7016E+00  0.0000E+00
  3.1684E+00 -9.8244E+00 -9.8244E+00  0.0000E+00
  3.1906E+00 -9.9393E+00 -9.9393E+00  0.0000E+00
  3.2130E+00 -1.0046E+01 -1.0046E+01  0.0000E+00
  3.2355E+00 -1.0144E+01 -1.0144E+01  0.0000E+00
  3.2582E+00 -1.0233E+01 -1.0233E+01  0.0000E+00
  3.2810E+00 -1.0312E+01 -1.0312E+01  0.0000E+00
