  0.0000000E+00  0.0000000E+00  0.0000000E+00
  5.3551111E-07 -8.1139772E-04 -1.0306909E-06
  1.0747464E-06 -1.4531849E-03 -2.0685496E-06
  1.6177317E-06 -2.0465566E-03 -3.1136260E-06
  2.1644931E-06 -2.6117843E-03 -4.1659702E-06
  2.7150569E-06 -3.1584496E-03 -5.2256328E-06
  3.2694495E-06 -3.6920201E-03 -6.2926647E-06
  3.8276976E-06 -4.2156576E-03 -7.3671172E-06
  4.3898280E-06 -4.7318245E-03 -8.4490418E-06
  4.9558676E-06 -5.2422205E-03 -9.5384905E-06
  5.5258437E-06 -5.7481899E-03 -1.0635516E-05
  6.0997836E-06 -6.2508161E-03 -1.1740170E-05
  6.6777150E-06 -6.7509868E-03 -1.2852507E-05
  7.2596654E-06 -7.2494494E-03 -1.3972579E-05
  7.8456630E-06 -7.7468397E-03 -1.5100440E-05
  8.4357358E-06 -8.2437138E-03 -1.6236145E-05
  9.0299122E-06 -8.7405621E-03 -1.7379748E-05
  9.6282208E-06 -9.2378223E-03 -1.8531305E-05
  1.0230690E-05 -9.7358900E-03 -1.9690869E-05
  1.0837349E-05 -1.0235126E-02 -2.0858498E-05
  1.1448228E-05 -1.0735861E-02 -2.2034247E-05
  1.2063354E-05 -1.1238403E-02 -2.3218172E-05
  1.2682758E-05 -1.1743037E-02 -2.4410331E-05
  1.3306470E-05 -1.2250034E-02 -2.5610781E-05
  1.3934519E-05 -1.2759645E-02 -2.6819579E-05
  1.4566936E-05 -1.3272112E-02 -2.8036783E-05
  1.5203752E-05 -1.3787663E-02 -2.9262452E-05
  1.5844995E-05 -1.4306516E-02 -3.0496645E-05
  1.6490698E-05 -1.4828882E-02 -3.1739421E-05
  1.7140892E-05 -1.5354962E-02 -3.2990840E-05
  1.7795608E-05 -1.5884951E-02 -3.4250962E-05
  1.8454876E-05 -1.6419036E-02 -3.5519847E-05
  1.9118729E-05 -1.6957400E-02 -3.6797557E-05
  1.9787199E-05 -1.7500220E-02 -3.8084152E-05
  2.0460318E-05 -1.8047669E-02 -3.9379694E-05
  2.1138118E-05 -1.8599913E-02 -4.0684246E-05
  2.1820632E-05 -1.9157116E-02 -4.1997871E-05
  2.2507892E-05 -1.9719439E-02 -4.3320631E-05
  2.3199931E-05 -2.0287037E-02 -4.4652590E-05
  2.3896783E-05 -2.0860063E-02 -4.5993812E-05
  2.4598482E-05 -2.1438666E-02 -4.7344361E-05
  2.5305060E-05 -2.2022994E-02 -4.8704303E-05
  2.6016552E-05 -2.2613189E-02 -5.0073702E-05
  2.6732992E-05 -2.3209393E-02 -5.1452624E-05
  2.7454415E-05 -2.3811742E-02 -5.2841136E-05
  2.8180854E-05 -2.4420374E-02 -5.4239304E-05
  2.8912346E-05 -2.5035419E-02 -5.5647196E-05
  2.9648924E-05 -2.5657009E-02 -5.7064879E-05
  3.0390625E-05 -2.6285270E-02 -5.8492420E-05
  3.1137484E-05 -2.6920328E-02 -5.9929890E-05
  3.1889537E-05 -2.7562305E-02 -6.1377356E-05
  3.2646820E-05 -2.8211322E-02 -6.2834888E-05
  3.3409370E-05 -2.8867494E-02 -6.4302557E-05
  3.4177222E-05 -2.9530938E-02 -6.5780432E-05
  3.4950415E-05 -3.0201766E-02 -6.7268585E-05
  3.5728984E-05 -3.0880087E-02 -6.8767087E-05
  3.6512968E-05 -3.1566009E-02 -7.0276010E-05
  3.7302405E-05 -3.2259635E-02 -7.1795427E-05
  3.8097331E-05 -3.2961068E-02 -7.3325411E-05
  3.8897785E-05 -3.3670407E-02 -7.4866034E-05
  3.9703806E-05 -3.4387748E-02 -7.6417372E-05
  4.0515433E-05 -3.5113184E-02 -7.7979498E-05
  4.1332703E-05 -3.5846806E-02 -7.9552488E-05
  4.2155658E-05 -3.6588701E-02 -8.1136417E-05
  4.2984335E-05 -3.7338954E-02 -8.2731362E-05
  4.3818776E-05 -3.8097646E-02 -8.4337398E-05
  4.4659019E-05 -3.8864857E-02 -8.5954603E-05
  4.5505106E-05 -3.9640660E-02 -8.7583055E-05
  4.6357077E-05 -4.0425128E-02 -8.9222831E-05
  4.7214973E-05 -4.1218329E-02 -9.0874012E-05
  4.8078835E-05 -4.2020328E-02 -9.2536675E-05
  4.8948704E-05 -4.2831188E-02 -9.4210901E-05
  4.9824623E-05 -4.3650966E-02 -9.5896770E-05
  5.0706634E-05 -4.4479717E-02 -9.7594364E-05
  5.1594778E-05 -4.5317491E-02 -9.9303763E-05
  5.2489099E-05 -4.6164337E-02 -1.0102505E-04
  5.3389639E-05 -4.7020296E-02 -1.0275831E-04
  5.4296442E-05 -4.7885409E-02 -1.0450362E-04
  5.5209551E-05 -4.8759712E-02 -1.0626107E-04
  5.6129010E-05 -4.9643235E-02 -1.0803074E-04
  5.7054864E-05 -5.0536005E-02 -1.0981272E-04
  5.7987156E-05 -5.1438048E-02 -1.1160709E-04
  5.8925932E-05 -5.2349380E-02 -1.1341393E-04
  5.9871236E-05 -5.3270018E-02 -1.1523335E-04
  6.0823115E-05 -5.4199971E-02 -1.1706542E-04
  6.1781613E-05 -5.5139245E-02 -1.1891022E-04
  6.2746777E-05 -5.6087843E-02 -1.2076786E-04
  6.3718653E-05 -5.7045761E-02 -1.2263842E-04
  6.4697288E-05 -5.8012991E-02 -1.2452198E-04
  6.5682728E-05 -5.8989523E-02 -1.2641865E-04
  6.6675022E-05 -5.9975338E-02 -1.2832850E-04
  6.7674216E-05 -6.0970417E-02 -1.3025164E-04
  6.8680360E-05 -6.1974731E-02 -1.3218815E-04
  6.9693500E-05 -6.2988251E-02 -1.3413812E-04
  7.0713686E-05 -6.4010941E-02 -1.3610166E-04
  7.1740967E-05 -6.5042760E-02 -1.3807886E-04
  7.2775392E-05 -6.6083662E-02 -1.4006980E-04
  7.3817011E-05 -6.7133598E-02 -1.4207459E-04
  7.4865873E-05 -6.8192512E-02 -1.4409332E-04
  7.5922030E-05 -6.9260344E-02 -1.4612609E-04
  7.6985532E-05 -7.0337028E-02 -1.4817300E-04
  7.8056430E-05 -7.1422495E-02 -1.5023414E-04
  7.9134775E-05 -7.2516668E-02 -1.5230962E-04
  8.0220619E-05 -7.3619469E-02 -1.5439953E-04
  8.1314015E-05 -7.4730811E-02 -1.5650397E-04
  8.2415015E-05 -7.5850605E-02 -1.5862305E-04
  8.3523671E-05 -7.6978755E-02 -1.6075687E-04
  8.4640037E-05 -7.8115162E-02 -1.6290552E-04
  8.5764167E-05 -7.9259721E-02 -1.6506912E-04
  8.6896115E-05 -8.0412321E-02 -1.6724776E-04
  8.8035935E-05 -8.1572848E-02 -1.6944156E-04
  8.9183681E-05 -8.2741181E-02 -1.7165061E-04
  9.0339409E-05 -8.3917197E-02 -1.7387502E-04
  9.1503175E-05 -8.5100767E-02 -1.7611491E-04
  9.2675034E-05 -8.6291756E-02 -1.7837037E-04
  9.3855042E-05 -8.7490025E-02 -1.8064151E-04
  9.5043257E-05 -8.8695431E-02 -1.8292845E-04
  9.6239735E-05 -8.9907826E-02 -1.8523130E-04
  9.7444534E-05 -9.1127058E-02 -1.8755016E-04
  9.8657711E-05 -9.2352969E-02 -1.8988514E-04
  9.9879325E-05 -9.3585399E-02 -1.9223637E-04
  1.0110944E-04 -9.4824182E-02 -1.9460394E-04
  1.0234810E-04 -9.6069148E-02 -1.9698799E-04
  1.0359538E-04 -9.7320123E-02 -1.9938861E-04
  1.0485133E-04 -9.8576929E-02 -2.0180592E-04
  1.0611602E-04 -9.9839384E-02 -2.0424005E-04
  1.0738950E-04 -1.0110730E-01 -2.0669110E-04
  1.0867184E-04 -1.0238050E-01 -2.0915920E-04
  1.0996309E-04 -1.0365877E-01 -2.1164446E-04
  1.1126333E-04 -1.0494193E-01 -2.1414701E-04
  1.1257261E-04 -1.0622977E-01 -2.1666696E-04
  1.1389099E-04 -1.0752210E-01 -2.1920443E-04
  1.1521855E-04 -1.0881869E-01 -2.2175956E-04
  1.1655533E-04 -1.1011936E-01 -2.2433245E-04
  1.1790141E-04 -1.1142387E-01 -2.2692323E-04
  1.1925685E-04 -1.1273203E-01 -2.2953203E-04
  1.2062172E-04 -1.1404360E-01 -2.3215898E-04
  1.2199608E-04 -1.1535838E-01 -2.3480419E-04
  1.2338000E-04 -1.1667613E-01 -2.3746780E-04
  1.2477354E-04 -1.1799663E-01 -2.4014993E-04
  1.2617678E-04 -1.1931966E-01 -2.4285071E-04
  1.2758977E-04 -1.2064499E-01 -2.4557028E-04
  1.2901259E-04 -1.2197239E-01 -2.4830876E-04
  1.3044530E-04 -1.2330162E-01 -2.5106628E-04
  1.3188798E-04 -1.2463245E-01 -2.5384299E-04
  1.3334069E-04 -1.2596466E-01 -2.5663900E-04
  1.3480350E-04 -1.2729799E-01 -2.5945445E-04
  1.3627649E-04 -1.2863222E-01 -2.6228949E-04
  1.3775972E-04 -1.2996711E-01 -2.6514424E-04
  1.3925326E-04 -1.3130242E-01 -2.6801884E-04
  1.4075719E-04 -1.3263792E-01 -2.7091344E-04
  1.4227158E-04 -1.3397336E-01 -2.7382817E-04
  1.4379650E-04 -1.3530851E-01 -2.7676316E-04
  1.4533203E-04 -1.3664312E-01 -2.7971857E-04
  1.4687824E-04 -1.3797697E-01 -2.8269453E-04
  1.4843519E-04 -1.3930981E-01 -2.8569118E-04
  1.5000298E-04 -1.4064141E-01 -2.8870868E-04
  1.5158167E-04 -1.4197153E-01 -2.9174716E-04
  1.5317134E-04 -1.4329994E-01 -2.9480677E-04
  1.5477206E-04 -1.4462640E-01 -2.9788766E-04
  1.5638391E-04 -1.4595068E-01 -3.0098998E-04
  1.5800698E-04 -1.4727255E-01 -3.0411386E-04
  1.5964133E-04 -1.4859179E-01 -3.0725948E-04
  1.6128705E-04 -1.4990815E-01 -3.1042697E-04
  1.6294421E-04 -1.5122143E-01 -3.1361649E-04
  1.6461290E-04 -1.5253139E-01 -3.1682819E-04
  1.6629319E-04 -1.5383782E-01 -3.2006222E-04
  1.6798516E-04 -1.5514049E-01 -3.2331874E-04
  1.6968891E-04 -1.5643919E-01 -3.2659792E-04
  1.7140450E-04 -1.5773372E-01 -3.2989989E-04
  1.7313202E-04 -1.5902385E-01 -3.3322483E-04
  1.7487156E-04 -1.6030938E-01 -3.3657290E-04
  1.7662319E-04 -1.6159012E-01 -3.3994424E-04
  1.7838701E-04 -1.6286585E-01 -3.4333903E-04
  1.8016309E-04 -1.6413638E-01 -3.4675744E-04
  1.8195153E-04 -1.6540153E-01 -3.5019961E-04
  1.8375240E-04 -1.6666109E-01 -3.5366572E-04
  1.8556579E-04 -1.6791490E-01 -3.5715594E-04
  1.8739180E-04 -1.6916275E-01 -3.6067043E-04
  1.8923050E-04 -1.7040449E-01 -3.6420936E-04
  1.9108199E-04 -1.7163993E-01 -3.6777290E-04
  1.9294636E-04 -1.7286891E-01 -3.7136122E-04
  1.9482370E-04 -1.7409127E-01 -3.7497450E-04
  1.9671408E-04 -1.7530683E-01 -3.7861290E-04
  1.9861762E-04 -1.7651546E-01 -3.8227661E-04
  2.0053439E-04 -1.7771701E-01 -3.8596580E-04
  2.0246450E-04 -1.7891131E-01 -3.8968064E-04
  2.0440802E-04 -1.8009825E-01 -3.9342132E-04
  2.0636506E-04 -1.8127768E-01 -3.9718801E-04
  2.0833572E-04 -1.8244947E-01 -4.0098090E-04
  2.1032007E-04 -1.8361350E-01 -4.0480016E-04
  2.1231823E-04 -1.8476965E-01 -4.0864599E-04
  2.1433028E-04 -1.8591781E-01 -4.1251856E-04
  2.1635633E-04 -1.8705786E-01 -4.1641806E-04
  2.1839646E-04 -1.8818971E-01 -4.2034468E-04
  2.2045079E-04 -1.8931326E-01 -4.2429861E-04
  2.2251940E-04 -1.9042841E-01 -4.2828003E-04
  2.2460239E-04 -1.9153508E-01 -4.3228914E-04
  2.2669987E-04 -1.9263319E-01 -4.3632614E-04
  2.2881194E-04 -1.9372266E-01 -4.4039121E-04
  2.3093870E-04 -1.9480342E-01 -4.4448455E-04
  2.3308024E-04 -1.9587541E-01 -4.4860635E-04
  2.3523668E-04 -1.9693857E-01 -4.5275682E-04
  2.3740812E-04 -1.9799285E-01 -4.5693615E-04
  2.3959466E-04 -1.9903819E-01 -4.6114455E-04
  2.4179640E-04 -2.0007456E-01 -4.6538222E-04
  2.4401345E-04 -2.0110192E-01 -4.6964935E-04
  2.4624593E-04 -2.0212024E-01 -4.7394616E-04
  2.4849393E-04 -2.0312949E-01 -4.7827285E-04
  2.5075756E-04 -2.0412966E-01 -4.8262964E-04
  2.5303693E-04 -2.0512072E-01 -4.8701672E-04
  2.5533216E-04 -2.0610268E-01 -4.9143431E-04
  2.5764335E-04 -2.0707553E-01 -4.9588262E-04
  2.5997061E-04 -2.0803926E-01 -5.0036187E-04
  2.6231405E-04 -2.0899389E-01 -5.0487226E-04
  2.6467379E-04 -2.0993942E-01 -5.0941403E-04
  2.6704995E-04 -2.1087589E-01 -5.1398738E-04
  2.6944263E-04 -2.1180330E-01 -5.1859253E-04
  2.7185194E-04 -2.1272168E-01 -5.2322971E-04
  2.7427802E-04 -2.1363108E-01 -5.2789914E-04
  2.7672096E-04 -2.1453152E-01 -5.3260104E-04
  2.7918089E-04 -2.1542305E-01 -5.3733564E-04
  2.8165793E-04 -2.1630572E-01 -5.4210317E-04
  2.8415220E-04 -2.1717958E-01 -5.4690385E-04
  2.8666382E-04 -2.1804468E-01 -5.5173792E-04
  2.8919290E-04 -2.1890109E-01 -5.5660560E-04
  2.9173956E-04 -2.1974887E-01 -5.6150714E-04
  2.9430394E-04 -2.2058809E-01 -5.6644276E-04
  2.9688615E-04 -2.2141883E-01 -5.7141271E-04
  2.9948632E-04 -2.2224117E-01 -5.7641723E-04
  3.0210458E-04 -2.2305518E-01 -5.8145654E-04
  3.0474104E-04 -2.2386095E-01 -5.8653090E-04
  3.0739583E-04 -2.2465858E-01 -5.9164055E-04
  3.1006909E-04 -2.2544816E-01 -5.9678573E-04
  3.1276094E-04 -2.2622978E-01 -6.0196670E-04
  3.1547151E-04 -2.2700355E-01 -6.0718369E-04
  3.1820093E-04 -2.2776958E-01 -6.1243697E-04
  3.2094933E-04 -2.2852796E-01 -6.1772678E-04
  3.2371685E-04 -2.2927882E-01 -6.2305338E-04
  3.2650361E-04 -2.3002227E-01 -6.2841702E-04
  3.2930975E-04 -2.3075842E-01 -6.3381796E-04
  3.3213540E-04 -2.3148740E-01 -6.3925646E-04
  3.3498071E-04 -2.3220933E-01 -6.4473278E-04
  3.3784580E-04 -2.3292433E-01 -6.5024719E-04
  3.4073082E-04 -2.3363254E-01 -6.5579995E-04
  3.4363591E-04 -2.3433409E-01 -6.6139132E-04
  3.4656119E-04 -2.3502911E-01 -6.6702158E-04
  3.4950682E-04 -2.3571773E-01 -6.7269099E-04
  3.5247294E-04 -2.3640010E-01 -6.7839983E-04
  3.5545968E-04 -2.3707636E-01 -6.8414837E-04
  3.5846719E-04 -2.3774664E-01 -6.8993689E-04
  3.6149562E-04 -2.3841110E-01 -6.9576566E-04
  3.6454511E-04 -2.3906987E-01 -7.0163497E-04
  3.6761580E-04 -2.3972311E-01 -7.0754510E-04
  3.7070785E-04 -2.4037097E-01 -7.1349632E-04
  3.7382141E-04 -2.4101360E-01 -7.1948894E-04
  3.7695661E-04 -2.4165114E-01 -7.2552323E-04
  3.8011362E-04 -2.4228376E-01 -7.3159948E-04
  3.8329259E-04 -2.4291160E-01 -7.3771799E-04
  3.8649366E-04 -2.4353482E-01 -7.4387906E-04
  3.8971700E-04 -2.4415359E-01 -7.5008296E-04
  3.9296275E-04 -2.4476805E-01 -7.5633002E-04
  3.9623107E-04 -2.4537836E-01 -7.6262051E-04
  3.9952212E-04 -2.4598469E-01 -7.6895476E-04
  4.0283606E-04 -2.4658720E-01 -7.7533305E-04
  4.0617305E-04 -2.4718603E-01 -7.8175570E-04
  4.0953324E-04 -2.4778136E-01 -7.8822302E-04
  4.1291680E-04 -2.4837334E-01 -7.9473531E-04
  4.1632389E-04 -2.4896214E-01 -8.0129289E-04
  4.1975468E-04 -2.4954792E-01 -8.0789608E-04
  4.2320932E-04 -2.5013083E-01 -8.1454518E-04
  4.2668799E-04 -2.5071104E-01 -8.2124053E-04
  4.3019085E-04 -2.5128872E-01 -8.2798244E-04
  4.3371808E-04 -2.5186401E-01 -8.3477124E-04
  4.3726983E-04 -2.5243709E-01 -8.4160724E-04
  4.4084628E-04 -2.5300810E-01 -8.4849079E-04
  4.4444760E-04 -2.5357723E-01 -8.5542221E-04
  4.4807397E-04 -2.5414461E-01 -8.6240183E-04
  4.5172556E-04 -2.5471041E-01 -8.6942999E-04
  4.5540254E-04 -2.5527480E-01 -8.7650703E-04
  4.5910509E-04 -2.5583793E-01 -8.8363328E-04
  4.6283340E-04 -2.5639995E-01 -8.9080909E-04
  4.6658763E-04 -2.5696102E-01 -8.9803481E-04
  4.7036796E-04 -2.5752130E-01 -9.0531077E-04
  4.7417459E-04 -2.5808095E-01 -9.1263734E-04
  4.7800769E-04 -2.5864011E-01 -9.2001485E-04
  4.8186745E-04 -2.5919895E-01 -9.2744368E-04
  4.8575405E-04 -2.5975761E-01 -9.3492416E-04
  4.8966768E-04 -2.6031624E-01 -9.4245667E-04
  4.9360853E-04 -2.6087500E-01 -9.5004156E-04
  4.9757678E-04 -2.6143404E-01 -9.5767920E-04
  5.0157263E-04 -2.6199349E-01 -9.6536996E-04
  5.0559626E-04 -2.6255352E-01 -9.7311420E-04
  5.0964788E-04 -2.6311426E-01 -9.8091229E-04
  5.1372768E-04 -2.6367586E-01 -9.8876462E-04
  5.1783585E-04 -2.6423846E-01 -9.9667156E-04
  5.2197259E-04 -2.6480220E-01 -1.0046335E-03
  5.2613809E-04 -2.6536723E-01 -1.0126508E-03
  5.3033257E-04 -2.6593369E-01 -1.0207238E-03
  5.3455621E-04 -2.6650170E-01 -1.0288530E-03
  5.3880923E-04 -2.6707141E-01 -1.0370387E-03
  5.4309183E-04 -2.6764295E-01 -1.0452814E-03
  5.4740420E-04 -2.6821646E-01 -1.0535814E-03
  5.5174657E-04 -2.6879206E-01 -1.0619391E-03
  5.5611914E-04 -2.6936989E-01 -1.0703549E-03
  5.6052211E-04 -2.6995008E-01 -1.0788292E-03
  5.6495571E-04 -2.7053275E-01 -1.0873625E-03
  5.6942013E-04 -2.7111803E-01 -1.0959551E-03
  5.7391561E-04 -2.7170604E-01 -1.1046075E-03
  5.7844235E-04 -2.7229691E-01 -1.1133200E-03
  5.8300056E-04 -2.7289075E-01 -1.1220932E-03
  5.8759048E-04 -2.7348769E-01 -1.1309273E-03
  5.9221232E-04 -2.7408785E-01 -1.1398229E-03
  5.9686630E-04 -2.7469133E-01 -1.1487804E-03
  6.0155265E-04 -2.7529826E-01 -1.1578001E-03
  6.0627158E-04 -2.7590875E-01 -1.1668826E-03
  6.1102334E-04 -2.7652291E-01 -1.1760282E-03
  6.1580814E-04 -2.7714085E-01 -1.1852375E-03
  6.2062621E-04 -2.7776268E-01 -1.1945108E-03
  6.2547779E-04 -2.7838850E-01 -1.2038485E-03
  6.3036311E-04 -2.7901842E-01 -1.2132512E-03
  6.3528241E-04 -2.7965255E-01 -1.2227193E-03
  6.4023591E-04 -2.8029098E-01 -1.2322533E-03
  6.4522387E-04 -2.8093382E-01 -1.2418535E-03
  6.5024651E-04 -2.8158116E-01 -1.2515205E-03
  6.5530408E-04 -2.8223310E-01 -1.2612548E-03
  6.6039683E-04 -2.8288974E-01 -1.2710567E-03
  6.6552499E-04 -2.8355118E-01 -1.2809268E-03
  6.7068881E-04 -2.8421749E-01 -1.2908656E-03
  6.7588855E-04 -2.8488879E-01 -1.3008734E-03
  6.8112445E-04 -2.8556514E-01 -1.3109509E-03
  6.8639675E-04 -2.8624665E-01 -1.3210984E-03
  6.9170573E-04 -2.8693340E-01 -1.3313165E-03
  6.9705162E-04 -2.8762548E-01 -1.3416057E-03
  7.0243470E-04 -2.8832296E-01 -1.3519664E-03
  7.0785521E-04 -2.8902593E-01 -1.3623992E-03
  7.1331341E-04 -2.8973447E-01 -1.3729045E-03
  7.1880957E-04 -2.9044866E-01 -1.3834829E-03
  7.2434396E-04 -2.9116858E-01 -1.3941349E-03
  7.2991683E-04 -2.9189430E-01 -1.4048609E-03
  7.3552846E-04 -2.9262590E-01 -1.4156615E-03
  7.4117912E-04 -2.9336345E-01 -1.4265373E-03
  7.4686907E-04 -2.9410703E-01 -1.4374886E-03
  7.5259859E-04 -2.9485670E-01 -1.4485162E-03
  7.5836796E-04 -2.9561253E-01 -1.4596204E-03
  7.6417745E-04 -2.9637460E-01 -1.4708018E-03
  7.7002734E-04 -2.9714297E-01 -1.4820610E-03
  7.7591791E-04 -2.9791770E-01 -1.4933986E-03
  7.8184945E-04 -2.9869885E-01 -1.5048149E-03
  7.8782224E-04 -2.9948650E-01 -1.5163106E-03
  7.9383657E-04 -3.0028071E-01 -1.5278863E-03
  7.9989272E-04 -3.0108152E-01 -1.5395425E-03
  8.0599099E-04 -3.0188901E-01 -1.5512798E-03
  8.1213166E-04 -3.0270323E-01 -1.5630987E-03
  8.1831505E-04 -3.0352424E-01 -1.5749997E-03
  8.2454143E-04 -3.0435209E-01 -1.5869836E-03
  8.3081112E-04 -3.0518684E-01 -1.5990507E-03
  8.3712440E-04 -3.0602854E-01 -1.6112018E-03
  8.4348159E-04 -3.0687724E-01 -1.6234374E-03
  8.4988300E-04 -3.0773300E-01 -1.6357581E-03
  8.5632892E-04 -3.0859587E-01 -1.6481645E-03
  8.6281966E-04 -3.0946588E-01 -1.6606572E-03
  8.6935555E-04 -3.1034310E-01 -1.6732367E-03
  8.7593689E-04 -3.1122757E-01 -1.6859037E-03
  8.8256400E-04 -3.1211934E-01 -1.6986588E-03
  8.8923719E-04 -3.1301844E-01 -1.7115026E-03
  8.9595680E-04 -3.1392493E-01 -1.7244357E-03
  9.0272313E-04 -3.1483884E-01 -1.7374588E-03
  9.0953652E-04 -3.1576023E-01 -1.7505724E-03
  9.1639730E-04 -3.1668912E-01 -1.7637773E-03
  9.2330578E-04 -3.1762556E-01 -1.7770739E-03
  9.3026231E-04 -3.1856960E-01 -1.7904631E-03
  9.3726722E-04 -3.1952126E-01 -1.8039453E-03
  9.4432084E-04 -3.2048058E-01 -1.8175213E-03
  9.5142352E-04 -3.2144761E-01 -1.8311918E-03
  9.5857559E-04 -3.2242238E-01 -1.8449573E-03
  9.6577740E-04 -3.2340492E-01 -1.8588185E-03
  9.7302929E-04 -3.2439527E-01 -1.8727761E-03
  9.8033162E-04 -3.2539345E-01 -1.8868308E-03
  9.8768473E-04 -3.2639952E-01 -1.9009832E-03
  9.9508897E-04 -3.2741348E-01 -1.9152341E-03
  1.0025447E-03 -3.2843538E-01 -1.9295840E-03
  1.0100523E-03 -3.2946525E-01 -1.9440338E-03
  1.0176121E-03 -3.3050311E-01 -1.9585840E-03
  1.0252245E-03 -3.3154900E-01 -1.9732354E-03
  1.0328898E-03 -3.3260294E-01 -1.9879887E-03
  1.0406084E-03 -3.3366496E-01 -2.0028447E-03
  1.0483807E-03 -3.3473509E-01 -2.0178039E-03
  1.0562070E-03 -3.3581335E-01 -2.0328672E-03
  1.0640878E-03 -3.3689977E-01 -2.0480352E-03
  1.0720234E-03 -3.3799437E-01 -2.0633087E-03
  1.0800142E-03 -3.3909718E-01 -2.0786884E-03
  1.0880605E-03 -3.4020822E-01 -2.0941751E-03
  1.0961628E-03 -3.4132751E-01 -2.1097695E-03
  1.1043214E-03 -3.4245508E-01 -2.1254723E-03
  1.1125368E-03 -3.4359094E-01 -2.1412843E-03
  1.1208093E-03 -3.4473512E-01 -2.1572063E-03
  1.1291394E-03 -3.4588765E-01 -2.1732390E-03
  1.1375274E-03 -3.4704853E-01 -2.1893832E-03
  1.1459737E-03 -3.4821779E-01 -2.2056397E-03
  1.1544787E-03 -3.4939544E-01 -2.2220093E-03
  1.1630429E-03 -3.5058151E-01 -2.2384927E-03
  1.1716667E-03 -3.5177601E-01 -2.2550907E-03
  1.1803504E-03 -3.5297896E-01 -2.2718041E-03
  1.1890945E-03 -3.5419038E-01 -2.2886338E-03
  1.1978994E-03 -3.5541028E-01 -2.3055805E-03
  1.2067656E-03 -3.5663868E-01 -2.3226451E-03
  1.2156934E-03 -3.5787559E-01 -2.3398283E-03
  1.2246833E-03 -3.5912103E-01 -2.3571311E-03
  1.2337357E-03 -3.6037501E-01 -2.3745542E-03
  1.2428511E-03 -3.6163755E-01 -2.3920984E-03
  1.2520299E-03 -3.6290865E-01 -2.4097646E-03
  1.2612725E-03 -3.6418834E-01 -2.4275538E-03
  1.2705794E-03 -3.6547662E-01 -2.4454666E-03
  1.2799510E-03 -3.6677350E-01 -2.4635040E-03
  1.2893877E-03 -3.6807900E-01 -2.4816668E-03
  1.2988901E-03 -3.6939313E-01 -2.4999559E-03
  1.3084586E-03 -3.7071590E-01 -2.5183723E-03
  1.3180937E-03 -3.7204731E-01 -2.5369167E-03
  1.3277957E-03 -3.7338738E-01 -2.5555900E-03
  1.3375652E-03 -3.7473612E-01 -2.5743933E-03
  1.3474026E-03 -3.7609353E-01 -2.5933273E-03
  1.3573085E-03 -3.7745962E-01 -2.6123929E-03
  1.3672833E-03 -3.7883441E-01 -2.6315912E-03
  1.3773274E-03 -3.8021790E-01 -2.6509230E-03
  1.3874413E-03 -3.8161009E-01 -2.6703892E-03
  1.3976256E-03 -3.8301099E-01 -2.6899908E-03
  1.4078808E-03 -3.8442061E-01 -2.7097287E-03
  1.4182072E-03 -3.8583895E-01 -2.7296038E-03
  1.4286055E-03 -3.8726603E-01 -2.7496172E-03
  1.4390761E-03 -3.8870183E-01 -2.7697698E-03
  1.4496195E-03 -3.9014638E-01 -2.7900625E-03
  1.4602362E-03 -3.9159967E-01 -2.8104964E-03
  1.4709267E-03 -3.9306171E-01 -2.8310723E-03
  1.4816916E-03 -3.9453249E-01 -2.8517913E-03
  1.4925314E-03 -3.9601203E-01 -2.8726545E-03
  1.5034465E-03 -3.9750032E-01 -2.8936627E-03
  1.5144376E-03 -3.9899737E-01 -2.9148170E-03
  1.5255050E-03 -4.0050318E-01 -2.9361184E-03
  1.5366495E-03 -4.0201775E-01 -2.9575680E-03
  1.5478714E-03 -4.0354108E-01 -2.9791667E-03
  1.5591714E-03 -4.0507318E-01 -3.0009157E-03
  1.5705500E-03 -4.0661403E-01 -3.0228159E-03
  1.5820077E-03 -4.0816365E-01 -3.0448684E-03
  1.5935451E-03 -4.0972202E-01 -3.0670742E-03
  1.6051628E-03 -4.1128916E-01 -3.0894345E-03
  1.6168612E-03 -4.1286505E-01 -3.1119503E-03
  1.6286410E-03 -4.1444971E-01 -3.1346227E-03
  1.6405026E-03 -4.1604311E-01 -3.1574527E-03
  1.6524468E-03 -4.1764527E-01 -3.1804415E-03
  1.6644741E-03 -4.1925617E-01 -3.2035902E-03
  1.6765850E-03 -4.2087582E-01 -3.2268999E-03
  1.6887801E-03 -4.2250420E-01 -3.2503717E-03
  1.7010600E-03 -4.2414133E-01 -3.2740067E-03
  1.7134254E-03 -4.2578718E-01 -3.2978060E-03
  1.7258767E-03 -4.2744176E-01 -3.3217709E-03
  1.7384146E-03 -4.2910506E-01 -3.3459025E-03
  1.7510397E-03 -4.3077707E-01 -3.3702018E-03
  1.7637526E-03 -4.3245779E-01 -3.3946702E-03
  1.7765539E-03 -4.3414722E-01 -3.4193087E-03
  1.7894443E-03 -4.3584533E-01 -3.4441185E-03
  1.8024243E-03 -4.3755213E-01 -3.4691009E-03
  1.8154945E-03 -4.3926760E-01 -3.4942571E-03
  1.8286557E-03 -4.4099174E-01 -3.5195881E-03
  1.8419083E-03 -4.4272454E-01 -3.5450954E-03
  1.8552532E-03 -4.4446599E-01 -3.5707800E-03
  1.8686908E-03 -4.4621607E-01 -3.5966432E-03
  1.8822219E-03 -4.4797478E-01 -3.6226863E-03
  1.8958471E-03 -4.4974211E-01 -3.6489106E-03
  1.9095671E-03 -4.5151804E-01 -3.6753172E-03
  1.9233824E-03 -4.5330257E-01 -3.7019074E-03
  1.9372939E-03 -4.5509567E-01 -3.7286825E-03
  1.9513021E-03 -4.5689734E-01 -3.7556439E-03
  1.9654077E-03 -4.5870756E-01 -3.7827928E-03
  1.9796114E-03 -4.6052632E-01 -3.8101304E-03
  1.9939138E-03 -4.6235361E-01 -3.8376582E-03
  2.0083158E-03 -4.6418940E-01 -3.8653774E-03
  2.0228179E-03 -4.6603369E-01 -3.8932894E-03
  2.0374208E-03 -4.6788645E-01 -3.9213955E-03
  2.0521253E-03 -4.6974767E-01 -3.9496970E-03
  2.0669321E-03 -4.7161733E-01 -3.9781954E-03
  2.0818419E-03 -4.7349541E-01 -4.0068920E-03
  2.0968553E-03 -4.7538190E-01 -4.0357881E-03
  2.1119731E-03 -4.7727678E-01 -4.0648852E-03
  2.1271961E-03 -4.7918003E-01 -4.0941846E-03
  2.1425249E-03 -4.8109162E-01 -4.1236878E-03
  2.1579604E-03 -4.8301153E-01 -4.1533962E-03
  2.1735032E-03 -4.8493975E-01 -4.1833112E-03
  2.1891540E-03 -4.8687625E-01 -4.2134342E-03
  2.2049138E-03 -4.8882101E-01 -4.2437667E-03
  2.2207831E-03 -4.9077400E-01 -4.2743101E-03
  2.2367628E-03 -4.9273521E-01 -4.3050660E-03
  2.2528536E-03 -4.9470461E-01 -4.3360357E-03
  2.2690563E-03 -4.9668216E-01 -4.3672209E-03
  2.2853717E-03 -4.9866786E-01 -4.3986229E-03
  2.3018005E-03 -5.0066166E-01 -4.4302432E-03
  2.3183436E-03 -5.0266354E-01 -4.4620835E-03
  2.3350018E-03 -5.0467348E-01 -4.4941452E-03
  2.3517758E-03 -5.0669145E-01 -4.5264299E-03
  2.3686664E-03 -5.0871741E-01 -4.5589391E-03
  2.3856745E-03 -5.1075134E-01 -4.5916743E-03
  2.4028009E-03 -5.1279321E-01 -4.6246373E-03
  2.4200464E-03 -5.1484298E-01 -4.6578294E-03
  2.4374119E-03 -5.1690062E-01 -4.6912524E-03
  2.4548981E-03 -5.1896610E-01 -4.7249078E-03
  2.4725059E-03 -5.2103939E-01 -4.7587973E-03
  2.4902361E-03 -5.2312045E-01 -4.7929225E-03
  2.5080897E-03 -5.2520925E-01 -4.8272850E-03
  2.5260674E-03 -5.2730575E-01 -4.8618864E-03
  2.5441701E-03 -5.2940992E-01 -4.8967285E-03
  2.5623988E-03 -5.3152171E-01 -4.9318129E-03
  2.5807542E-03 -5.3364109E-01 -4.9671412E-03
  2.5992372E-03 -5.3576802E-01 -5.0027153E-03
  2.6178488E-03 -5.3790246E-01 -5.0385368E-03
  2.6365899E-03 -5.4004436E-01 -5.0746073E-03
  2.6554612E-03 -5.4219370E-01 -5.1109287E-03
  2.6744638E-03 -5.4435042E-01 -5.1475028E-03
  2.6935986E-03 -5.4651449E-01 -5.1843311E-03
  2.7128664E-03 -5.4868585E-01 -5.2214156E-03
  2.7322682E-03 -5.5086446E-01 -5.2587580E-03
  2.7518049E-03 -5.5305028E-01 -5.2963601E-03
  2.7714775E-03 -5.5524327E-01 -5.3342236E-03
  2.7912870E-03 -5.5744336E-01 -5.3723505E-03
  2.8112341E-03 -5.5965052E-01 -5.4107425E-03
  2.8313200E-03 -5.6186470E-01 -5.4494016E-03
  2.8515456E-03 -5.6408583E-01 -5.4883295E-03
  2.8719119E-03 -5.6631389E-01 -5.5275280E-03
  2.8924197E-03 -5.6854880E-01 -5.5669992E-03
  2.9130702E-03 -5.7079052E-01 -5.6067449E-03
  2.9338643E-03 -5.7303899E-01 -5.6467670E-03
  2.9548031E-03 -5.7529416E-01 -5.6870675E-03
  2.9758874E-03 -5.7755597E-01 -5.7276482E-03
  2.9971183E-03 -5.7982437E-01 -5.7685111E-03
  3.0184970E-03 -5.8209929E-01 -5.8096582E-03
  3.0400242E-03 -5.8438068E-01 -5.8510914E-03
  3.0617012E-03 -5.8666848E-01 -5.8928128E-03
  3.0835290E-03 -5.8896262E-01 -5.9348243E-03
  3.1055085E-03 -5.9126305E-01 -5.9771280E-03
  3.1276409E-03 -5.9356969E-01 -6.0197259E-03
  3.1499272E-03 -5.9588249E-01 -6.0626200E-03
  3.1723685E-03 -5.9820138E-01 -6.1058124E-03
  3.1949659E-03 -6.0052629E-01 -6.1493052E-03
  3.2177204E-03 -6.0285715E-01 -6.1931005E-03
  3.2406332E-03 -6.0519390E-01 -6.2372003E-03
  3.2637053E-03 -6.0753647E-01 -6.2816068E-03
  3.2869378E-03 -6.0988478E-01 -6.3263222E-03
  3.3103320E-03 -6.1223876E-01 -6.3713485E-03
  3.3338888E-03 -6.1459834E-01 -6.4166879E-03
  3.3576094E-03 -6.1696344E-01 -6.4623426E-03
  3.3814950E-03 -6.1933399E-01 -6.5083149E-03
  3.4055467E-03 -6.2170991E-01 -6.5546068E-03
  3.4297657E-03 -6.2409113E-01 -6.6012207E-03
  3.4541531E-03 -6.2647755E-01 -6.6481588E-03
  3.4787101E-03 -6.2886911E-01 -6.6954232E-03
  3.5034379E-03 -6.3126572E-01 -6.7430164E-03
  3.5283376E-03 -6.3366730E-01 -6.7909406E-03
  3.5534105E-03 -6.3607376E-01 -6.8391980E-03
  3.5786578E-03 -6.3848502E-01 -6.8877910E-03
  3.6040807E-03 -6.4090098E-01 -6.9367220E-03
  3.6296803E-03 -6.4332157E-01 -6.9859932E-03
  3.6554580E-03 -6.4574669E-01 -7.0356071E-03
  3.6814150E-03 -6.4817626E-01 -7.0855661E-03
  3.7075524E-03 -6.5061017E-01 -7.1358724E-03
  3.7338717E-03 -6.5304834E-01 -7.1865286E-03
  3.7603739E-03 -6.5549067E-01 -7.2375371E-03
  3.7870605E-03 -6.5793707E-01 -7.2889004E-03
  3.8139327E-03 -6.6038744E-01 -7.3406208E-03
  3.8409917E-03 -6.6284167E-01 -7.3927009E-03
  3.8682390E-03 -6.6529968E-01 -7.4451432E-03
  3.8956757E-03 -6.6776135E-01 -7.4979502E-03
  3.9233032E-03 -6.7022660E-01 -7.5511244E-03
  3.9511228E-03 -6.7269530E-01 -7.6046684E-03
  3.9791359E-03 -6.7516736E-01 -7.6585848E-03
  4.0073439E-03 -6.7764267E-01 -7.7128761E-03
  4.0357480E-03 -6.8012112E-01 -7.7675451E-03
  4.0643496E-03 -6.8260260E-01 -7.8225941E-03
  4.0931502E-03 -6.8508701E-01 -7.8780261E-03
  4.1221510E-03 -6.8757422E-01 -7.9338435E-03
  4.1513535E-03 -6.9006413E-01 -7.9900491E-03
  4.1807591E-03 -6.9255662E-01 -8.0466455E-03
  4.2103692E-03 -6.9505157E-01 -8.1036356E-03
  4.2401852E-03 -6.9754886E-01 -8.1610220E-03
  4.2702086E-03 -7.0004839E-01 -8.2188074E-03
  4.3004407E-03 -7.0255001E-01 -8.2769948E-03
  4.3308831E-03 -7.0505362E-01 -8.3355868E-03
  4.3615373E-03 -7.0755909E-01 -8.3945862E-03
  4.3924046E-03 -7.1006629E-01 -8.4539960E-03
  4.4234865E-03 -7.1257510E-01 -8.5138189E-03
  4.4547846E-03 -7.1508538E-01 -8.5740578E-03
  4.4863004E-03 -7.1759702E-01 -8.6347157E-03
  4.5180353E-03 -7.2010988E-01 -8.6957954E-03
  4.5499910E-03 -7.2262382E-01 -8.7572999E-03
  4.5821689E-03 -7.2513871E-01 -8.8192321E-03
  4.6145705E-03 -7.2765442E-01 -8.8815950E-03
  4.6471975E-03 -7.3017081E-01 -8.9443916E-03
  4.6800514E-03 -7.3268775E-01 -9.0076249E-03
  4.7131338E-03 -7.3520508E-01 -9.0712979E-03
  4.7464462E-03 -7.3772268E-01 -9.1354138E-03
  4.7799903E-03 -7.4024040E-01 -9.1999755E-03
  4.8137677E-03 -7.4275809E-01 -9.2649862E-03
  4.8477799E-03 -7.4527562E-01 -9.3304490E-03
  4.8820287E-03 -7.4779283E-01 -9.3963671E-03
  4.9165157E-03 -7.5030957E-01 -9.4627436E-03
  4.9512426E-03 -7.5282570E-01 -9.5295817E-03
  4.9862109E-03 -7.5534107E-01 -9.5968846E-03
  5.0214224E-03 -7.5785552E-01 -9.6646556E-03
  5.0568788E-03 -7.6036890E-01 -9.7328979E-03
  5.0925818E-03 -7.6288106E-01 -9.8016147E-03
  5.1285330E-03 -7.6539184E-01 -9.8708094E-03
  5.1647343E-03 -7.6790108E-01 -9.9404854E-03
  5.2011873E-03 -7.7040862E-01 -1.0010646E-02
  5.2378939E-03 -7.7291430E-01 -1.0081294E-02
  5.2748557E-03 -7.7541797E-01 -1.0152434E-02
  5.3120745E-03 -7.7791945E-01 -1.0224068E-02
  5.3495522E-03 -7.8041859E-01 -1.0296201E-02
  5.3872906E-03 -7.8291522E-01 -1.0368835E-02
  5.4252913E-03 -7.8540917E-01 -1.0441975E-02
  5.4635564E-03 -7.8790027E-01 -1.0515623E-02
  5.5020875E-03 -7.9038837E-01 -1.0589783E-02
  5.5408866E-03 -7.9287328E-01 -1.0664459E-02
  5.5799556E-03 -7.9535484E-01 -1.0739654E-02
  5.6192962E-03 -7.9783287E-01 -1.0815372E-02
  5.6589105E-03 -8.0030720E-01 -1.0891617E-02
  5.6988002E-03 -8.0277766E-01 -1.0968392E-02
  5.7389673E-03 -8.0524407E-01 -1.1045701E-02
  5.7794138E-03 -8.0770625E-01 -1.1123547E-02
  5.8201415E-03 -8.1016404E-01 -1.1201935E-02
  5.8611525E-03 -8.1261724E-01 -1.1280868E-02
  5.9024487E-03 -8.1506569E-01 -1.1360350E-02
  5.9440321E-03 -8.1750919E-01 -1.1440385E-02
  5.9859046E-03 -8.1994758E-01 -1.1520976E-02
  6.0280684E-03 -8.2238067E-01 -1.1602128E-02
  6.0705254E-03 -8.2480827E-01 -1.1683844E-02
  6.1132776E-03 -8.2723021E-01 -1.1766128E-02
  6.1563272E-03 -8.2964630E-01 -1.1848985E-02
  6.1996761E-03 -8.3205636E-01 -1.1932418E-02
  6.2433266E-03 -8.3446020E-01 -1.2016431E-02
  6.2872805E-03 -8.3685764E-01 -1.2101028E-02
  6.3315402E-03 -8.3924849E-01 -1.2186214E-02
  6.3761076E-03 -8.4163258E-01 -1.2271992E-02
  6.4209850E-03 -8.4400970E-01 -1.2358367E-02
  6.4661745E-03 -8.4637967E-01 -1.2445342E-02
  6.5116782E-03 -8.4874232E-01 -1.2532922E-02
  6.5574984E-03 -8.5109745E-01 -1.2621111E-02
  6.6036372E-03 -8.5344487E-01 -1.2709913E-02
  6.6500970E-03 -8.5578440E-01 -1.2799333E-02
  6.6968798E-03 -8.5811585E-01 -1.2889375E-02
  6.7439879E-03 -8.6043904E-01 -1.2980043E-02
  6.7914237E-03 -8.6275378E-01 -1.3071342E-02
  6.8391893E-03 -8.6505988E-01 -1.3163275E-02
  6.8872872E-03 -8.6735716E-01 -1.3255848E-02
  6.9357195E-03 -8.6964544E-01 -1.3349065E-02
  6.9844886E-03 -8.7192452E-01 -1.3442930E-02
  7.0335969E-03 -8.7419422E-01 -1.3537447E-02
  7.0830467E-03 -8.7645437E-01 -1.3632622E-02
  7.1328404E-03 -8.7870477E-01 -1.3728459E-02
  7.1829804E-03 -8.8094525E-01 -1.3824963E-02
  7.2334691E-03 -8.8317563E-01 -1.3922137E-02
  7.2843089E-03 -8.8539573E-01 -1.4019987E-02
  7.3355023E-03 -8.8760536E-01 -1.4118518E-02
  7.3870516E-03 -8.8980435E-01 -1.4217734E-02
  7.4389595E-03 -8.9199254E-01 -1.4317640E-02
  7.4912284E-03 -8.9416973E-01 -1.4418240E-02
  7.5438607E-03 -8.9633576E-01 -1.4519541E-02
  7.5968591E-03 -8.9849046E-01 -1.4621545E-02
  7.6502260E-03 -9.0063366E-01 -1.4724259E-02
  7.7039641E-03 -9.0276519E-01 -1.4827688E-02
  7.7580759E-03 -9.0488489E-01 -1.4931835E-02
  7.8125640E-03 -9.0699259E-01 -1.5036707E-02
  7.8674311E-03 -9.0908814E-01 -1.5142309E-02
  7.9226797E-03 -9.1117138E-01 -1.5248644E-02
  7.9783125E-03 -9.1324214E-01 -1.5355719E-02
  8.0343323E-03 -9.1530028E-01 -1.5463539E-02
  8.0907416E-03 -9.1734565E-01 -1.5572109E-02
  8.1475432E-03 -9.1937810E-01 -1.5681433E-02
  8.2047398E-03 -9.2139749E-01 -1.5791518E-02
  8.2623342E-03 -9.2340367E-01 -1.5902369E-02
  8.3203291E-03 -9.2539651E-01 -1.6013990E-02
  8.3787273E-03 -9.2737587E-01 -1.6126388E-02
  8.4375317E-03 -9.2934163E-01 -1.6239567E-02
  8.4967450E-03 -9.3129365E-01 -1.6353533E-02
  8.5563701E-03 -9.3323182E-01 -1.6468292E-02
  8.6164098E-03 -9.3515602E-01 -1.6583849E-02
  8.6768671E-03 -9.3706612E-01 -1.6700209E-02
  8.7377449E-03 -9.3896202E-01 -1.6817379E-02
  8.7990460E-03 -9.4084362E-01 -1.6935364E-02
  8.8607734E-03 -9.4271082E-01 -1.7054169E-02
  8.9229301E-03 -9.4456350E-01 -1.7173800E-02
  8.9855190E-03 -9.4640160E-01 -1.7294263E-02
  9.0485432E-03 -9.4822500E-01 -1.7415564E-02
  9.1120058E-03 -9.5003365E-01 -1.7537709E-02
  9.1759096E-03 -9.5182745E-01 -1.7660703E-02
  9.2402579E-03 -9.5360634E-01 -1.7784552E-02
  9.3050537E-03 -9.5537026E-01 -1.7909263E-02
  9.3703000E-03 -9.5711913E-01 -1.8034840E-02
  9.4360002E-03 -9.5885291E-01 -1.8161292E-02
  9.5021572E-03 -9.6057155E-01 -1.8288622E-02
  9.5687743E-03 -9.6227500E-01 -1.8416838E-02
  9.6358547E-03 -9.6396323E-01 -1.8545946E-02
  9.7034016E-03 -9.6563620E-01 -1.8675951E-02
  9.7714183E-03 -9.6729390E-01 -1.8806861E-02
  9.8399079E-03 -9.6893630E-01 -1.8938681E-02
  9.9088739E-03 -9.7056339E-01 -1.9071418E-02
  9.9783195E-03 -9.7217516E-01 -1.9205077E-02
  1.0048248E-02 -9.7377162E-01 -1.9339667E-02
  1.0118663E-02 -9.7535277E-01 -1.9475192E-02
  1.0189567E-02 -9.7691862E-01 -1.9611659E-02
  1.0260965E-02 -9.7846920E-01 -1.9749076E-02
  1.0332859E-02 -9.8000453E-01 -1.9887449E-02
  1.0405253E-02 -9.8152465E-01 -2.0026783E-02
  1.0478151E-02 -9.8302959E-01 -2.0167087E-02
  1.0551555E-02 -9.8451940E-01 -2.0308366E-02
  1.0625470E-02 -9.8599413E-01 -2.0450628E-02
  1.0699900E-02 -9.8745385E-01 -2.0593879E-02
  1.0774846E-02 -9.8889861E-01 -2.0738126E-02
  1.0850314E-02 -9.9032850E-01 -2.0883377E-02
  1.0926307E-02 -9.9174359E-01 -2.1029637E-02
  1.1002828E-02 -9.9314396E-01 -2.1176915E-02
  1.1079881E-02 -9.9452971E-01 -2.1325217E-02
  1.1157471E-02 -9.9590093E-01 -2.1474550E-02
  1.1235599E-02 -9.9725773E-01 -2.1624922E-02
  1.1314271E-02 -9.9860022E-01 -2.1776339E-02
  1.1393491E-02 -9.9992852E-01 -2.1928810E-02
  1.1473261E-02 -1.0012427E+00 -2.2082341E-02
  1.1553586E-02 -1.0025430E+00 -2.2236939E-02
  1.1634469E-02 -1.0038295E+00 -2.2392613E-02
  1.1715915E-02 -1.0051023E+00 -2.2549369E-02
  1.1797928E-02 -1.0063615E+00 -2.2707215E-02
  1.1880511E-02 -1.0076074E+00 -2.2866159E-02
  1.1963668E-02 -1.0088401E+00 -2.3026208E-02
  1.2047403E-02 -1.0100597E+00 -2.3187370E-02
  1.2131721E-02 -1.0112664E+00 -2.3349653E-02
  1.2216625E-02 -1.0124604E+00 -2.3513065E-02
  1.2302119E-02 -1.0136418E+00 -2.3677613E-02
  1.2388209E-02 -1.0148109E+00 -2.3843305E-02
  1.2474896E-02 -1.0159678E+00 -2.4010150E-02
  1.2562187E-02 -1.0171128E+00 -2.4178154E-02
  1.2650085E-02 -1.0182459E+00 -2.4347328E-02
  1.2738594E-02 -1.0193675E+00 -2.4517677E-02
  1.2827718E-02 -1.0204777E+00 -2.4689211E-02
  1.2917463E-02 -1.0215768E+00 -2.4861938E-02
  1.3007831E-02 -1.0226650E+00 -2.5035867E-02
  1.3098828E-02 -1.0237425E+00 -2.5211005E-02
  1.3190458E-02 -1.0248095E+00 -2.5387360E-02
  1.3282725E-02 -1.0258664E+00 -2.5564942E-02
  1.3375633E-02 -1.0269134E+00 -2.5743759E-02
  1.3469188E-02 -1.0279507E+00 -2.5923820E-02
  1.3563393E-02 -1.0289786E+00 -2.6105133E-02
  1.3658254E-02 -1.0299975E+00 -2.6287706E-02
  1.3753774E-02 -1.0310077E+00 -2.6471550E-02
  1.3849959E-02 -1.0320095E+00 -2.6656672E-02
  1.3946812E-02 -1.0330031E+00 -2.6843081E-02
  1.4044339E-02 -1.0339891E+00 -2.7030786E-02
  1.4142544E-02 -1.0349678E+00 -2.7219797E-02
  1.4241432E-02 -1.0359396E+00 -2.7410122E-02
  1.4341008E-02 -1.0369050E+00 -2.7601771E-02
  1.4441276E-02 -1.0378644E+00 -2.7794752E-02
  1.4542242E-02 -1.0388183E+00 -2.7989076E-02
  1.4643910E-02 -1.0397672E+00 -2.8184750E-02
  1.4746284E-02 -1.0407119E+00 -2.8381786E-02
  1.4849371E-02 -1.0416528E+00 -2.8580192E-02
  1.4953175E-02 -1.0425906E+00 -2.8779977E-02
  1.5057701E-02 -1.0435260E+00 -2.8981152E-02
  1.5162953E-02 -1.0444599E+00 -2.9183726E-02
  1.5268937E-02 -1.0453930E+00 -2.9387708E-02
  1.5375659E-02 -1.0463263E+00 -2.9593109E-02
  1.5483123E-02 -1.0472606E+00 -2.9799939E-02
  1.5591334E-02 -1.0481970E+00 -3.0008207E-02
  1.5700297E-02 -1.0491365E+00 -3.0217923E-02
  1.5810018E-02 -1.0500805E+00 -3.0429097E-02
  1.5920503E-02 -1.0510301E+00 -3.0641740E-02
  1.6031756E-02 -1.0519867E+00 -3.0855862E-02
  1.6143782E-02 -1.0529517E+00 -3.1071472E-02
  1.6256588E-02 -1.0539266E+00 -3.1288582E-02
  1.6370178E-02 -1.0549132E+00 -3.1507202E-02
  1.6484557E-02 -1.0559131E+00 -3.1727342E-02
  1.6599733E-02 -1.0569282E+00 -3.1949013E-02
  1.6715709E-02 -1.0579605E+00 -3.2172226E-02
  1.6832492E-02 -1.0590120E+00 -3.2396990E-02
  1.6950087E-02 -1.0600849E+00 -3.2623318E-02
  1.7068500E-02 -1.0611816E+00 -3.2851220E-02
  1.7187736E-02 -1.0623045E+00 -3.3080706E-02
  1.7307802E-02 -1.0634561E+00 -3.3311789E-02
  1.7428702E-02 -1.0646391E+00 -3.3544478E-02
  1.7550444E-02 -1.0658563E+00 -3.3778785E-02
  1.7673032E-02 -1.0671105E+00 -3.4014722E-02
  1.7796472E-02 -1.0684048E+00 -3.4252299E-02
  1.7920771E-02 -1.0697422E+00 -3.4491529E-02
  1.8045934E-02 -1.0711261E+00 -3.4732422E-02
  1.8171968E-02 -1.0725596E+00 -3.4974990E-02
  1.8298878E-02 -1.0740461E+00 -3.5219246E-02
  1.8426671E-02 -1.0755892E+00 -3.5465199E-02
  1.8555353E-02 -1.0771923E+00 -3.5712863E-02
  1.8684929E-02 -1.0788590E+00 -3.5962249E-02
  1.8815407E-02 -1.0805930E+00 -3.6213370E-02
  1.8946792E-02 -1.0823978E+00 -3.6466237E-02
  1.9079091E-02 -1.0842772E+00 -3.6720862E-02
  1.9212309E-02 -1.0862348E+00 -3.6977258E-02
  1.9346455E-02 -1.0882743E+00 -3.7235436E-02
  1.9481533E-02 -1.0903993E+00 -3.7495410E-02
  1.9617550E-02 -1.0926134E+00 -3.7757192E-02
  1.9754514E-02 -1.0949200E+00 -3.8020795E-02
  1.9892429E-02 -1.0973227E+00 -3.8286230E-02
  2.0031304E-02 -1.0998247E+00 -3.8553511E-02
  2.0171145E-02 -1.1024293E+00 -3.8822651E-02
  2.0311959E-02 -1.1051396E+00 -3.9093663E-02
  2.0453751E-02 -1.1079584E+00 -3.9366558E-02
  2.0596530E-02 -1.1108887E+00 -3.9641352E-02
  2.0740301E-02 -1.1139328E+00 -3.9918057E-02
  2.0885073E-02 -1.1170934E+00 -4.0196685E-02
  2.1030851E-02 -1.1203725E+00 -4.0477252E-02
  2.1177643E-02 -1.1237722E+00 -4.0759769E-02
  2.1325456E-02 -1.1272942E+00 -4.1044251E-02
  2.1474297E-02 -1.1309400E+00 -4.1330711E-02
  2.1624173E-02 -1.1347109E+00 -4.1619163E-02
  2.1775091E-02 -1.1386078E+00 -4.1909620E-02
  2.1927059E-02 -1.1426316E+00 -4.2202098E-02
  2.2080083E-02 -1.1467828E+00 -4.2496609E-02
  2.2234172E-02 -1.1510615E+00 -4.2793169E-02
  2.2389332E-02 -1.1554677E+00 -4.3091790E-02
  2.2545572E-02 -1.1600011E+00 -4.3392489E-02
  2.2702898E-02 -1.1646612E+00 -4.3695278E-02
  2.2861318E-02 -1.1694470E+00 -4.4000172E-02
  2.3020840E-02 -1.1743576E+00 -4.4307187E-02
  2.3181471E-02 -1.1793916E+00 -4.4616337E-02
  2.3343219E-02 -1.1845474E+00 -4.4927636E-02
  2.3506092E-02 -1.1898231E+00 -4.5241100E-02
  2.3670098E-02 -1.1952169E+00 -4.5556744E-02
  2.3835244E-02 -1.2007263E+00 -4.5874583E-02
  2.4001539E-02 -1.2063489E+00 -4.6194632E-02
  2.4168991E-02 -1.2120821E+00 -4.6516906E-02
  2.4337606E-02 -1.2179230E+00 -4.6841421E-02
  2.4507395E-02 -1.2238686E+00 -4.7168193E-02
  2.4678364E-02 -1.2299158E+00 -4.7497237E-02
  2.4850522E-02 -1.2360611E+00 -4.7828569E-02
  2.5023878E-02 -1.2423011E+00 -4.8162205E-02
  2.5198439E-02 -1.2486323E+00 -4.8498162E-02
  2.5374214E-02 -1.2550508E+00 -4.8836454E-02
  2.5551211E-02 -1.2615530E+00 -4.9177098E-02
  2.5729440E-02 -1.2681350E+00 -4.9520111E-02
  2.5908907E-02 -1.2747927E+00 -4.9865510E-02
  2.6089623E-02 -1.2815221E+00 -5.0213310E-02
  2.6271596E-02 -1.2883192E+00 -5.0563528E-02
  2.6454834E-02 -1.2951799E+00 -5.0916182E-02
  2.6639347E-02 -1.3021000E+00 -5.1271288E-02
  2.6825142E-02 -1.3090753E+00 -5.1628863E-02
  2.7012230E-02 -1.3161017E+00 -5.1988925E-02
  2.7200619E-02 -1.3231750E+00 -5.2351490E-02
  2.7390318E-02 -1.3302911E+00 -5.2716576E-02
  2.7581336E-02 -1.3374458E+00 -5.3084201E-02
  2.7773682E-02 -1.3446350E+00 -5.3454382E-02
  2.7967367E-02 -1.3518547E+00 -5.3827137E-02
  2.8162398E-02 -1.3591008E+00 -5.4202484E-02
  2.8358785E-02 -1.3663693E+00 -5.4580441E-02
  2.8556539E-02 -1.3736564E+00 -5.4961026E-02
  2.8755667E-02 -1.3809581E+00 -5.5344258E-02
  2.8956180E-02 -1.3882706E+00 -5.5730154E-02
  2.9158088E-02 -1.3955903E+00 -5.6118733E-02
  2.9361400E-02 -1.4029134E+00 -5.6510015E-02
  2.9566126E-02 -1.4102364E+00 -5.6904017E-02
  2.9772276E-02 -1.4175558E+00 -5.7300758E-02
  2.9979859E-02 -1.4248682E+00 -5.7700258E-02
  3.0188886E-02 -1.4321701E+00 -5.8102536E-02
  3.0399366E-02 -1.4394583E+00 -5.8507612E-02
  3.0611310E-02 -1.4467297E+00 -5.8915503E-02
  3.0824728E-02 -1.4539811E+00 -5.9326231E-02
  3.1039631E-02 -1.4612095E+00 -5.9739815E-02
  3.1256028E-02 -1.4684120E+00 -6.0156274E-02
  3.1473929E-02 -1.4755856E+00 -6.0575630E-02
  3.1693347E-02 -1.4827276E+00 -6.0997900E-02
  3.1914290E-02 -1.4898353E+00 -6.1423108E-02
  3.2136769E-02 -1.4969060E+00 -6.1851271E-02
  3.2360796E-02 -1.5039371E+00 -6.2282412E-02
  3.2586381E-02 -1.5109263E+00 -6.2716550E-02
  3.2813534E-02 -1.5178709E+00 -6.3153707E-02
  3.3042268E-02 -1.5247687E+00 -6.3593903E-02
  3.3272592E-02 -1.5316173E+00 -6.4037161E-02
  3.3504517E-02 -1.5384146E+00 -6.4483500E-02
  3.3738056E-02 -1.5451583E+00 -6.4932942E-02
  3.3973219E-02 -1.5518463E+00 -6.5385509E-02
  3.4210017E-02 -1.5584765E+00 -6.5841224E-02
  3.4448462E-02 -1.5650470E+00 -6.6300106E-02
  3.4688565E-02 -1.5715557E+00 -6.6762179E-02
  3.4930338E-02 -1.5780008E+00 -6.7227465E-02
  3.5173792E-02 -1.5843804E+00 -6.7695986E-02
  3.5418940E-02 -1.5906927E+00 -6.8167764E-02
  3.5665792E-02 -1.5969359E+00 -6.8642823E-02
  3.5914361E-02 -1.6031082E+00 -6.9121185E-02
  3.6164659E-02 -1.6092080E+00 -6.9602872E-02
  3.6416697E-02 -1.6152336E+00 -7.0087909E-02
  3.6670488E-02 -1.6211834E+00 -7.0576317E-02
  3.6926044E-02 -1.6270559E+00 -7.1068122E-02
  3.7183377E-02 -1.6328494E+00 -7.1563346E-02
  3.7442500E-02 -1.6385625E+00 -7.2062013E-02
  3.7703425E-02 -1.6441937E+00 -7.2564147E-02
  3.7966164E-02 -1.6497416E+00 -7.3069772E-02
  3.8230731E-02 -1.6552047E+00 -7.3578913E-02
  3.8497137E-02 -1.6605817E+00 -7.4091593E-02
  3.8765397E-02 -1.6658713E+00 -7.4607838E-02
  3.9035521E-02 -1.6710721E+00 -7.5127671E-02
  3.9307525E-02 -1.6761829E+00 -7.5651119E-02
  3.9581420E-02 -1.6812025E+00 -7.6178207E-02
  3.9857219E-02 -1.6861295E+00 -7.6708958E-02
  4.0134937E-02 -1.6909630E+00 -7.7243400E-02
  4.0414586E-02 -1.6957017E+00 -7.7781557E-02
  4.0696180E-02 -1.7003445E+00 -7.8323456E-02
  4.0979732E-02 -1.7048903E+00 -7.8869122E-02
  4.1265256E-02 -1.7093383E+00 -7.9418582E-02
  4.1552766E-02 -1.7136873E+00 -7.9971861E-02
  4.1842275E-02 -1.7179364E+00 -8.0528988E-02
  4.2133798E-02 -1.7220848E+00 -8.1089987E-02
  4.2427348E-02 -1.7261316E+00 -8.1654886E-02
  4.2722939E-02 -1.7300759E+00 -8.2223713E-02
  4.3020586E-02 -1.7339170E+00 -8.2796494E-02
  4.3320303E-02 -1.7376543E+00 -8.3373257E-02
  4.3622105E-02 -1.7412869E+00 -8.3954030E-02
  4.3926005E-02 -1.7448144E+00 -8.4538840E-02
  4.4232018E-02 -1.7482362E+00 -8.5127716E-02
  4.4540160E-02 -1.7515518E+00 -8.5720686E-02
  4.4850445E-02 -1.7547607E+00 -8.6317778E-02
  4.5162887E-02 -1.7578626E+00 -8.6919020E-02
  4.5477503E-02 -1.7608572E+00 -8.7524443E-02
  4.5794306E-02 -1.7637442E+00 -8.8134074E-02
  4.6113312E-02 -1.7665235E+00 -8.8747943E-02
  4.6434537E-02 -1.7691950E+00 -8.9366079E-02
  4.6757996E-02 -1.7717586E+00 -8.9988513E-02
  4.7083705E-02 -1.7742144E+00 -9.0615273E-02
  4.7411678E-02 -1.7765626E+00 -9.1246390E-02
  4.7741932E-02 -1.7788034E+00 -9.1881895E-02
  4.8074484E-02 -1.7809370E+00 -9.2521817E-02
  4.8409347E-02 -1.7829638E+00 -9.3166187E-02
  4.8746540E-02 -1.7848844E+00 -9.3815037E-02
  4.9086077E-02 -1.7866993E+00 -9.4468397E-02
  4.9427976E-02 -1.7884092E+00 -9.5126299E-02
  4.9772252E-02 -1.7900149E+00 -9.5788774E-02
  5.0118923E-02 -1.7915172E+00 -9.6455854E-02
  5.0468004E-02 -1.7929171E+00 -9.7127571E-02
  5.0819514E-02 -1.7942156E+00 -9.7803957E-02
  5.1173467E-02 -1.7954140E+00 -9.8485044E-02
  5.1529882E-02 -1.7965136E+00 -9.9170866E-02
  5.1888776E-02 -1.7975157E+00 -9.9861455E-02
  5.2250166E-02 -1.7984218E+00 -1.0055684E-01
  5.2614069E-02 -1.7992337E+00 -1.0125707E-01
  5.2980503E-02 -1.7999529E+00 -1.0196216E-01
  5.3349485E-02 -1.8005815E+00 -1.0267215E-01
  5.3721033E-02 -1.8011213E+00 -1.0338707E-01
  5.4095165E-02 -1.8015746E+00 -1.0410697E-01
  5.4471899E-02 -1.8019434E+00 -1.0483187E-01
  5.4851252E-02 -1.8022302E+00 -1.0556180E-01
  5.5233244E-02 -1.8024375E+00 -1.0629681E-01
  5.5617893E-02 -1.8025679E+00 -1.0703693E-01
  5.6005216E-02 -1.8026241E+00 -1.0778219E-01
  5.6395233E-02 -1.8026091E+00 -1.0853264E-01
  5.6787963E-02 -1.8025257E+00 -1.0928830E-01
  5.7183423E-02 -1.8023774E+00 -1.1004921E-01
  5.7581634E-02 -1.8021673E+00 -1.1081541E-01
  5.7982614E-02 -1.8018989E+00 -1.1158693E-01
  5.8386383E-02 -1.8015759E+00 -1.1236382E-01
  5.8792959E-02 -1.8012021E+00 -1.1314610E-01
  5.9202363E-02 -1.8007814E+00 -1.1393382E-01
  5.9614614E-02 -1.8003181E+00 -1.1472702E-01
  6.0029732E-02 -1.7998164E+00 -1.1552573E-01
  6.0447738E-02 -1.7992811E+00 -1.1632999E-01
  6.0868650E-02 -1.7987167E+00 -1.1713984E-01
  6.1292489E-02 -1.7981283E+00 -1.1795531E-01
  6.1719275E-02 -1.7975213E+00 -1.1877646E-01
  6.2149030E-02 -1.7969009E+00 -1.1960331E-01
  6.2581774E-02 -1.7962732E+00 -1.2043591E-01
  6.3017527E-02 -1.7956440E+00 -1.2127429E-01
  6.3456310E-02 -1.7950198E+00 -1.2211850E-01
  6.3898145E-02 -1.7944072E+00 -1.2296857E-01
  6.4343052E-02 -1.7938133E+00 -1.2382456E-01
  6.4791054E-02 -1.7932455E+00 -1.2468649E-01
  6.5242171E-02 -1.7927116E+00 -1.2555441E-01
  6.5696425E-02 -1.7922196E+00 -1.2642836E-01
  6.6153838E-02 -1.7917782E+00 -1.2730838E-01
  6.6614433E-02 -1.7913963E+00 -1.2819452E-01
  6.7078230E-02 -1.7910834E+00 -1.2908681E-01
  6.7545253E-02 -1.7908492E+00 -1.2998531E-01
  6.8015524E-02 -1.7907041E+00 -1.3089005E-01
  6.8489065E-02 -1.7906587E+00 -1.3180107E-01
  6.8965900E-02 -1.7907242E+00 -1.3271843E-01
  6.9446050E-02 -1.7909122E+00 -1.3364216E-01
  6.9929540E-02 -1.7912344E+00 -1.3457231E-01
  7.0416392E-02 -1.7917033E+00 -1.3550892E-01
  7.0906630E-02 -1.7923313E+00 -1.3645203E-01
  7.1400277E-02 -1.7931313E+00 -1.3740170E-01
  7.1897357E-02 -1.7941164E+00 -1.3835797E-01
  7.2397894E-02 -1.7952999E+00 -1.3932088E-01
  7.2901912E-02 -1.7966950E+00 -1.4029048E-01
  7.3409435E-02 -1.7983150E+00 -1.4126682E-01
  7.3920488E-02 -1.8001731E+00 -1.4224994E-01
  7.4435094E-02 -1.8022825E+00 -1.4323989E-01
  7.4953280E-02 -1.8046559E+00 -1.4423672E-01
  7.5475069E-02 -1.8073057E+00 -1.4524047E-01
  7.6000487E-02 -1.8102438E+00 -1.4625119E-01
  7.6529558E-02 -1.8134815E+00 -1.4726894E-01
  7.7062309E-02 -1.8170295E+00 -1.4829375E-01
  7.7598766E-02 -1.8208975E+00 -1.4932569E-01
  7.8138952E-02 -1.8250944E+00 -1.5036479E-01
  7.8682896E-02 -1.8296279E+00 -1.5141111E-01
  7.9230622E-02 -1.8345049E+00 -1.5246470E-01
  7.9782157E-02 -1.8397306E+00 -1.5352560E-01
  8.0337528E-02 -1.8453093E+00 -1.5459388E-01
  8.0896761E-02 -1.8512435E+00 -1.5566957E-01
  8.1459884E-02 -1.8575345E+00 -1.5675274E-01
  8.2026922E-02 -1.8641820E+00 -1.5784343E-01
  8.2597904E-02 -1.8711839E+00 -1.5894169E-01
  8.3172857E-02 -1.8785366E+00 -1.6004758E-01
  8.3751808E-02 -1.8862350E+00 -1.6116115E-01
  8.4334785E-02 -1.8942721E+00 -1.6228246E-01
  8.4921817E-02 -1.9026395E+00 -1.6341155E-01
  8.5512931E-02 -1.9113271E+00 -1.6454849E-01
  8.6108156E-02 -1.9203232E+00 -1.6569332E-01
  8.6707520E-02 -1.9296150E+00 -1.6684609E-01
  8.7311052E-02 -1.9391881E+00 -1.6800688E-01
  8.7918782E-02 -1.9490270E+00 -1.6917572E-01
  8.8530738E-02 -1.9591153E+00 -1.7035268E-01
  8.9146950E-02 -1.9694357E+00 -1.7153782E-01
  8.9767447E-02 -1.9799700E+00 -1.7273118E-01
  9.0392260E-02 -1.9906999E+00 -1.7393283E-01
  9.1021417E-02 -2.0016065E+00 -1.7514282E-01
  9.1654950E-02 -2.0126709E+00 -1.7636121E-01
  9.2292889E-02 -2.0238742E+00 -1.7758806E-01
  9.2935264E-02 -2.0351977E+00 -1.7882343E-01
  9.3582107E-02 -2.0466230E+00 -1.8006738E-01
  9.4233448E-02 -2.0581323E+00 -1.8131996E-01
  9.4889318E-02 -2.0697081E+00 -1.8258124E-01
  9.5549750E-02 -2.0813337E+00 -1.8385127E-01
  9.6214775E-02 -2.0929929E+00 -1.8513012E-01
  9.6884425E-02 -2.1046701E+00 -1.8641784E-01
  9.7558731E-02 -2.1163505E+00 -1.8771451E-01
  9.8237727E-02 -2.1280198E+00 -1.8902017E-01
  9.8921445E-02 -2.1396643E+00 -1.9033490E-01
  9.9609918E-02 -2.1512708E+00 -1.9165875E-01
  1.0030318E-01 -2.1628268E+00 -1.9299179E-01
  1.0100126E-01 -2.1743199E+00 -1.9433408E-01
  1.0170420E-01 -2.1857384E+00 -1.9568569E-01
  1.0241202E-01 -2.1970707E+00 -1.9704668E-01
  1.0312477E-01 -2.2083057E+00 -1.9841711E-01
  1.0384247E-01 -2.2194324E+00 -1.9979705E-01
  1.0456517E-01 -2.2304402E+00 -2.0118657E-01
  1.0529289E-01 -2.2413188E+00 -2.0258573E-01
  1.0602567E-01 -2.2520578E+00 -2.0399460E-01
  1.0676355E-01 -2.2626473E+00 -2.0541325E-01
  1.0750656E-01 -2.2730777E+00 -2.0684173E-01
  1.0825474E-01 -2.2833394E+00 -2.0828013E-01
  1.0900812E-01 -2.2934232E+00 -2.0972851E-01
  1.0976674E-01 -2.3033201E+00 -2.1118693E-01
  1.1053063E-01 -2.3130215E+00 -2.1265547E-01
  1.1129984E-01 -2.3225189E+00 -2.1413420E-01
  1.1207440E-01 -2.3318043E+00 -2.1562319E-01
  1.1285434E-01 -2.3408699E+00 -2.1712250E-01
  1.1363971E-01 -2.3497083E+00 -2.1863222E-01
  1.1443054E-01 -2.3583123E+00 -2.2015240E-01
  1.1522687E-01 -2.3666752E+00 -2.2168313E-01
  1.1602873E-01 -2.3747905E+00 -2.2322448E-01
  1.1683618E-01 -2.3826522E+00 -2.2477651E-01
  1.1764923E-01 -2.3902544E+00 -2.2633931E-01
  1.1846795E-01 -2.3975917E+00 -2.2791294E-01
  1.1929235E-01 -2.4046589E+00 -2.2949749E-01
  1.2012249E-01 -2.4114514E+00 -2.3109302E-01
  1.2095841E-01 -2.4179644E+00 -2.3269961E-01
  1.2180013E-01 -2.4241940E+00 -2.3431735E-01
  1.2264771E-01 -2.4301360E+00 -2.3594629E-01
  1.2350119E-01 -2.4357869E+00 -2.3758653E-01
  1.2436060E-01 -2.4411433E+00 -2.3923814E-01
  1.2522598E-01 -2.4462022E+00 -2.4090120E-01
  1.2609739E-01 -2.4509606E+00 -2.4257579E-01
  1.2697485E-01 -2.4554161E+00 -2.4426198E-01
  1.2785842E-01 -2.4595663E+00 -2.4595986E-01
  1.2874813E-01 -2.4634092E+00 -2.4766950E-01
  1.2964403E-01 -2.4669430E+00 -2.4939100E-01
  1.3054616E-01 -2.4701662E+00 -2.5112442E-01
  1.3145456E-01 -2.4730775E+00 -2.5286985E-01
  1.3236928E-01 -2.4756760E+00 -2.5462737E-01
  1.3329036E-01 -2.4779609E+00 -2.5639707E-01
  1.3421785E-01 -2.4799317E+00 -2.5817904E-01
  1.3515179E-01 -2.4815884E+00 -2.5997334E-01
  1.3609222E-01 -2.4829312E+00 -2.6178008E-01
  1.3703919E-01 -2.4839603E+00 -2.6359932E-01
  1.3799275E-01 -2.4846767E+00 -2.6543117E-01
  1.3895294E-01 -2.4850814E+00 -2.6727571E-01
  1.3991981E-01 -2.4851759E+00 -2.6913301E-01
  1.4089340E-01 -2.4849619E+00 -2.7100318E-01
  1.4187376E-01 -2.4844417E+00 -2.7288630E-01
  1.4286094E-01 -2.4836176E+00 -2.7478246E-01
  1.4385498E-01 -2.4824927E+00 -2.7669174E-01
  1.4485594E-01 -2.4810703E+00 -2.7861424E-01
  1.4586386E-01 -2.4793540E+00 -2.8055005E-01
  1.4687879E-01 -2.4773480E+00 -2.8249925E-01
  1.4790077E-01 -2.4750569E+00 -2.8446195E-01
  1.4892987E-01 -2.4724856E+00 -2.8643823E-01
  1.4996612E-01 -2.4696395E+00 -2.8842818E-01
  1.5100957E-01 -2.4665245E+00 -2.9043190E-01
  1.5206029E-01 -2.4631470E+00 -2.9244949E-01
  1.5311831E-01 -2.4595138E+00 -2.9448103E-01
  1.5418369E-01 -2.4556320E+00 -2.9652663E-01
  1.5525647E-01 -2.4515095E+00 -2.9858638E-01
  1.5633672E-01 -2.4471543E+00 -3.0066037E-01
  1.5742448E-01 -2.4425750E+00 -3.0274870E-01
  1.5851981E-01 -2.4377809E+00 -3.0485147E-01
  1.5962275E-01 -2.4327813E+00 -3.0696879E-01
  1.6073336E-01 -2.4275863E+00 -3.0910074E-01
  1.6185170E-01 -2.4222062E+00 -3.1124743E-01
  1.6297781E-01 -2.4166521E+00 -3.1340896E-01
  1.6411176E-01 -2.4109353E+00 -3.1558542E-01
  1.6525359E-01 -2.4050674E+00 -3.1777693E-01
  1.6640336E-01 -2.3990609E+00 -3.1998358E-01
  1.6756113E-01 -2.3929285E+00 -3.2220548E-01
  1.6872695E-01 -2.3866835E+00 -3.2444272E-01
  1.6990087E-01 -2.3803396E+00 -3.2669543E-01
  1.7108296E-01 -2.3739114E+00 -3.2896369E-01
  1.7227328E-01 -2.3674139E+00 -3.3124761E-01
  1.7347187E-01 -2.3608629E+00 -3.3354730E-01
  1.7467879E-01 -2.3542750E+00 -3.3586288E-01
  1.7589411E-01 -2.3476676E+00 -3.3819444E-01
  1.7711788E-01 -2.3410593E+00 -3.4054209E-01
  1.7835016E-01 -2.3344698E+00 -3.4290594E-01
  1.7959101E-01 -2.3279199E+00 -3.4528611E-01
  1.8084049E-01 -2.3214320E+00 -3.4768270E-01
  1.8209866E-01 -2.3150301E+00 -3.5009583E-01
  1.8336558E-01 -2.3087398E+00 -3.5252560E-01
  1.8464130E-01 -2.3025889E+00 -3.5497213E-01
  1.8592591E-01 -2.2966070E+00 -3.5743553E-01
  1.8721944E-01 -2.2908262E+00 -3.5991591E-01
  1.8852197E-01 -2.2852807E+00 -3.6241339E-01
  1.8983356E-01 -2.2800072E+00 -3.6492809E-01
  1.9115427E-01 -2.2750451E+00 -3.6746012E-01
  1.9248417E-01 -2.2704360E+00 -3.7000960E-01
  1.9382331E-01 -2.2662239E+00 -3.7257664E-01
  1.9517176E-01 -2.2624553E+00 -3.7516136E-01
  1.9652960E-01 -2.2591783E+00 -3.7776389E-01
  1.9789688E-01 -2.2564430E+00 -3.8038434E-01
  1.9927366E-01 -2.2543005E+00 -3.8302282E-01
  2.0066002E-01 -2.2528028E+00 -3.8567947E-01
  2.0205602E-01 -2.2520019E+00 -3.8835441E-01
  2.0346173E-01 -2.2519488E+00 -3.9104775E-01
  2.0487722E-01 -2.2526933E+00 -3.9375962E-01
  2.0630255E-01 -2.2542823E+00 -3.9649014E-01
  2.0773779E-01 -2.2567592E+00 -3.9923944E-01
  2.0918301E-01 -2.2601625E+00 -4.0200764E-01
  2.1063829E-01 -2.2645247E+00 -4.0479487E-01
  2.1210368E-01 -2.2698708E+00 -4.0760126E-01
  2.1357926E-01 -2.2762172E+00 -4.1042693E-01
  2.1506511E-01 -2.2835704E+00 -4.1327201E-01
  2.1656129E-01 -2.2919262E+00 -4.1613663E-01
  2.1806788E-01 -2.3012683E+00 -4.1902093E-01
  2.1958494E-01 -2.3115685E+00 -4.2192502E-01
  2.2111255E-01 -2.3227858E+00 -4.2484904E-01
  2.2265079E-01 -2.3348673E+00 -4.2779313E-01
  2.2419972E-01 -2.3477487E+00 -4.3075742E-01
  2.2575943E-01 -2.3613562E+00 -4.3374203E-01
  2.2732998E-01 -2.3756080E+00 -4.3674711E-01
  2.2891145E-01 -2.3904168E+00 -4.3977279E-01
  2.3050393E-01 -2.4056927E+00 -4.4281920E-01
  2.3210747E-01 -2.4213459E+00 -4.4588648E-01
  2.3372217E-01 -2.4372895E+00 -4.4897477E-01
  2.3534810E-01 -2.4534416E+00 -4.5208421E-01
  2.3698534E-01 -2.4697282E+00 -4.5521493E-01
  2.3863396E-01 -2.4860839E+00 -4.5836707E-01
  2.4029404E-01 -2.5024533E+00 -4.6154078E-01
  2.4196567E-01 -2.5187909E+00 -4.6473619E-01
  2.4364893E-01 -2.5350612E+00 -4.6795344E-01
  2.4534389E-01 -2.5512379E+00 -4.7119269E-01
  2.4705064E-01 -2.5673024E+00 -4.7445406E-01
  2.4876926E-01 -2.5832429E+00 -4.7773771E-01
  2.5049983E-01 -2.5990528E+00 -4.8104378E-01
  2.5224244E-01 -2.6147291E+00 -4.8437241E-01
  2.5399717E-01 -2.6302713E+00 -4.8772376E-01
  2.5576409E-01 -2.6456797E+00 -4.9109795E-01
  2.5754331E-01 -2.6609548E+00 -4.9449516E-01
  2.5933490E-01 -2.6760963E+00 -4.9791551E-01
  2.6113895E-01 -2.6911022E+00 -5.0135917E-01
  2.6295554E-01 -2.7059685E+00 -5.0482627E-01
  2.6478477E-01 -2.7206890E+00 -5.0831698E-01
  2.6662672E-01 -2.7352549E+00 -5.1183143E-01
  2.6848148E-01 -2.7496550E+00 -5.1536979E-01
  2.7034914E-01 -2.7638758E+00 -5.1893220E-01
  2.7222978E-01 -2.7779015E+00 -5.2251882E-01
  2.7412351E-01 -2.7917147E+00 -5.2612979E-01
  2.7603040E-01 -2.8052962E+00 -5.2976529E-01
  2.7795056E-01 -2.8186259E+00 -5.3342545E-01
  2.7988407E-01 -2.8316829E+00 -5.3711044E-01
  2.8183102E-01 -2.8444457E+00 -5.4082040E-01
  2.8379152E-01 -2.8568929E+00 -5.4455551E-01
  2.8576565E-01 -2.8690034E+00 -5.4831590E-01
  2.8775351E-01 -2.8807566E+00 -5.5210176E-01
  2.8975519E-01 -2.8921329E+00 -5.5591322E-01
  2.9177079E-01 -2.9031135E+00 -5.5975045E-01
  2.9380041E-01 -2.9136810E+00 -5.6361361E-01
  2.9584415E-01 -2.9238191E+00 -5.6750287E-01
  2.9790209E-01 -2.9335129E+00 -5.7141837E-01
  2.9997435E-01 -2.9427491E+00 -5.7536029E-01
  3.0206102E-01 -2.9515158E+00 -5.7932878E-01
  3.0416221E-01 -2.9598021E+00 -5.8332400E-01
  3.0627800E-01 -2.9675990E+00 -5.8734613E-01
  3.0840851E-01 -2.9748985E+00 -5.9139532E-01
  3.1055384E-01 -2.9816937E+00 -5.9547174E-01
  3.1271408E-01 -2.9879790E+00 -5.9957554E-01
  3.1488935E-01 -2.9937500E+00 -6.0370691E-01
  3.1707974E-01 -2.9990030E+00 -6.0786600E-01
  3.1928537E-01 -3.0037353E+00 -6.1205297E-01
  3.2150634E-01 -3.0079450E+00 -6.1626800E-01
  3.2374275E-01 -3.0116309E+00 -6.2051125E-01
  3.2599472E-01 -3.0147927E+00 -6.2478288E-01
  3.2826234E-01 -3.0174303E+00 -6.2908307E-01
  3.3054574E-01 -3.0195447E+00 -6.3341198E-01
  3.3284502E-01 -3.0211370E+00 -6.3776979E-01
  3.3516028E-01 -3.0222089E+00 -6.4215665E-01
  3.3749165E-01 -3.0227626E+00 -6.4657273E-01
  3.3983923E-01 -3.0228008E+00 -6.5101822E-01
  3.4220314E-01 -3.0223266E+00 -6.5549326E-01
  3.4458348E-01 -3.0213433E+00 -6.5999804E-01
  3.4698038E-01 -3.0198549E+00 -6.6453273E-01
  3.4939395E-01 -3.0178657E+00 -6.6909748E-01
  3.5182431E-01 -3.0153802E+00 -6.7369248E-01
  3.5427156E-01 -3.0124036E+00 -6.7831789E-01
  3.5673583E-01 -3.0089414E+00 -6.8297388E-01
  3.5921725E-01 -3.0049994E+00 -6.8766062E-01
  3.6171592E-01 -3.0005840E+00 -6.9237828E-01
  3.6423196E-01 -2.9957019E+00 -6.9712703E-01
  3.6676550E-01 -2.9903604E+00 -7.0190705E-01
  3.6931667E-01 -2.9845673E+00 -7.0671849E-01
  3.7188557E-01 -2.9783307E+00 -7.1156153E-01
  3.7447234E-01 -2.9716593E+00 -7.1643634E-01
  3.7707710E-01 -2.9645623E+00 -7.2134309E-01
  3.7969997E-01 -2.9570495E+00 -7.2628194E-01
  3.8234108E-01 -2.9491312E+00 -7.3125307E-01
  3.8500056E-01 -2.9408182E+00 -7.3625664E-01
  3.8767854E-01 -2.9321220E+00 -7.4129282E-01
  3.9037514E-01 -2.9230546E+00 -7.4636178E-01
  3.9309049E-01 -2.9136285E+00 -7.5146368E-01
  3.9582472E-01 -2.9038570E+00 -7.5659870E-01
  3.9857798E-01 -2.8937537E+00 -7.6176699E-01
  4.0135037E-01 -2.8833330E+00 -7.6696873E-01
  4.0414205E-01 -2.8726099E+00 -7.7220407E-01
  4.0695314E-01 -2.8615998E+00 -7.7747318E-01
  4.0978379E-01 -2.8503188E+00 -7.8277623E-01
  4.1263411E-01 -2.8387836E+00 -7.8811337E-01
  4.1550426E-01 -2.8270112E+00 -7.9348477E-01
  4.1839437E-01 -2.8150193E+00 -7.9889059E-01
  4.2130458E-01 -2.8028260E+00 -8.0433099E-01
  4.2423503E-01 -2.7904500E+00 -8.0980612E-01
  4.2718586E-01 -2.7779103E+00 -8.1531615E-01
  4.3015720E-01 -2.7652262E+00 -8.2086123E-01
  4.3314922E-01 -2.7524177E+00 -8.2644151E-01
  4.3616204E-01 -2.7395049E+00 -8.3205715E-01
  4.3919581E-01 -2.7265083E+00 -8.3770829E-01
  4.4225068E-01 -2.7134487E+00 -8.4339510E-01
  4.4532679E-01 -2.7003472E+00 -8.4911772E-01
  4.4842430E-01 -2.6872252E+00 -8.5487630E-01
  4.5154335E-01 -2.6741046E+00 -8.6067098E-01
  4.5468409E-01 -2.6610072E+00 -8.6650191E-01
  4.5784667E-01 -2.6479556E+00 -8.7236922E-01
  4.6103124E-01 -2.6349724E+00 -8.7827307E-01
  4.6423796E-01 -2.6220809E+00 -8.8421358E-01
  4.6746699E-01 -2.6093049E+00 -8.9019090E-01
  4.7071846E-01 -2.5966687E+00 -8.9620516E-01
  4.7399256E-01 -2.5841973E+00 -9.0225648E-01
  4.7728941E-01 -2.5719164E+00 -9.0834500E-01
  4.8060920E-01 -2.5598530E+00 -9.1447085E-01
  4.8395208E-01 -2.5480346E+00 -9.2063415E-01
  4.8731820E-01 -2.5364902E+00 -9.2683501E-01
  4.9070773E-01 -2.5252496E+00 -9.3307357E-01
  4.9412083E-01 -2.5143444E+00 -9.3934993E-01
  4.9755767E-01 -2.5038068E+00 -9.4566420E-01
  5.0101841E-01 -2.4936709E+00 -9.5201650E-01
  5.0450322E-01 -2.4839715E+00 -9.5840693E-01
  5.0801226E-01 -2.4747448E+00 -9.6483559E-01
  5.1154571E-01 -2.4660274E+00 -9.7130259E-01
  5.1510373E-01 -2.4578568E+00 -9.7780801E-01
  5.1868649E-01 -2.4502706E+00 -9.8435195E-01
  5.2229417E-01 -2.4433057E+00 -9.9093450E-01
  5.2592693E-01 -2.4369985E+00 -9.9755574E-01
  5.2958496E-01 -2.4313835E+00 -1.0042158E+00
  5.3326843E-01 -2.4264932E+00 -1.0109146E+00
  5.3697752E-01 -2.4223569E+00 -1.0176524E+00
  5.4071240E-01 -2.4190001E+00 -1.0244291E+00
  5.4447326E-01 -2.4164437E+00 -1.0312449E+00
  5.4826027E-01 -2.4147033E+00 -1.0380998E+00
  5.5207361E-01 -2.4137884E+00 -1.0449938E+00
  5.5591348E-01 -2.4137020E+00 -1.0519271E+00
  5.5978004E-01 -2.4144399E+00 -1.0588995E+00
  5.6367350E-01 -2.4159906E+00 -1.0659113E+00
  5.6759404E-01 -2.4183355E+00 -1.0729623E+00
  5.7154184E-01 -2.4214484E+00 -1.0800526E+00
  5.7551709E-01 -2.4252962E+00 -1.0871823E+00
  5.7951999E-01 -2.4298396E+00 -1.0943514E+00
  5.8355073E-01 -2.4350334E+00 -1.1015597E+00
  5.8760950E-01 -2.4408278E+00 -1.1088075E+00
  5.9169649E-01 -2.4471690E+00 -1.1160945E+00
  5.9581191E-01 -2.4540007E+00 -1.1234209E+00
  5.9995595E-01 -2.4612648E+00 -1.1307866E+00
  6.0412880E-01 -2.4689026E+00 -1.1381915E+00
  6.0833068E-01 -2.4768559E+00 -1.1456357E+00
  6.1256178E-01 -2.4850680E+00 -1.1531190E+00
  6.1682230E-01 -2.4934839E+00 -1.1606415E+00
  6.2111245E-01 -2.5020517E+00 -1.1682030E+00
  6.2543244E-01 -2.5107225E+00 -1.1758035E+00
  6.2978247E-01 -2.5194506E+00 -1.1834429E+00
  6.3416275E-01 -2.5281942E+00 -1.1911211E+00
  6.3857350E-01 -2.5369149E+00 -1.1988380E+00
  6.4301491E-01 -2.5455778E+00 -1.2065934E+00
  6.4748722E-01 -2.5541511E+00 -1.2143874E+00
  6.5199063E-01 -2.5626061E+00 -1.2222197E+00
  6.5652535E-01 -2.5709169E+00 -1.2300902E+00
  6.6109161E-01 -2.5790598E+00 -1.2379988E+00
  6.6568963E-01 -2.5870133E+00 -1.2459452E+00
  6.7031962E-01 -2.5947577E+00 -1.2539293E+00
  6.7498182E-01 -2.6022748E+00 -1.2619510E+00
  6.7967643E-01 -2.6095477E+00 -1.2700100E+00
  6.8440370E-01 -2.6165607E+00 -1.2781061E+00
  6.8916383E-01 -2.6232991E+00 -1.2862391E+00
  6.9395708E-01 -2.6297489E+00 -1.2944087E+00
  6.9878365E-01 -2.6358970E+00 -1.3026148E+00
  7.0364379E-01 -2.6417312E+00 -1.3108570E+00
  7.0853774E-01 -2.6472396E+00 -1.3191350E+00
  7.1346571E-01 -2.6524112E+00 -1.3274487E+00
  7.1842796E-01 -2.6572360E+00 -1.3357976E+00
  7.2342471E-01 -2.6617041E+00 -1.3441814E+00
  7.2845622E-01 -2.6658070E+00 -1.3525999E+00
  7.3352272E-01 -2.6695364E+00 -1.3610526E+00
  7.3862445E-01 -2.6728851E+00 -1.3695392E+00
  7.4376166E-01 -2.6758467E+00 -1.3780593E+00
  7.4893459E-01 -2.6784156E+00 -1.3866126E+00
  7.5414350E-01 -2.6805870E+00 -1.3951985E+00
  7.5938864E-01 -2.6823571E+00 -1.4038167E+00
  7.6467025E-01 -2.6837228E+00 -1.4124666E+00
  7.6998860E-01 -2.6846820E+00 -1.4211479E+00
  7.7534392E-01 -2.6852334E+00 -1.4298601E+00
  7.8073649E-01 -2.6853765E+00 -1.4386025E+00
  7.8616657E-01 -2.6851117E+00 -1.4473748E+00
  7.9163440E-01 -2.6844403E+00 -1.4561763E+00
  7.9714027E-01 -2.6833641E+00 -1.4650065E+00
  8.0268442E-01 -2.6818861E+00 -1.4738648E+00
  8.0826712E-01 -2.6800096E+00 -1.4827505E+00
  8.1388866E-01 -2.6777390E+00 -1.4916631E+00
  8.1954928E-01 -2.6750791E+00 -1.5006018E+00
  8.2524927E-01 -2.6720355E+00 -1.5095660E+00
  8.3098891E-01 -2.6686145E+00 -1.5185550E+00
  8.3676845E-01 -2.6648228E+00 -1.5275681E+00
  8.4258819E-01 -2.6606679E+00 -1.5366045E+00
  8.4844841E-01 -2.6561577E+00 -1.5456634E+00
  8.5434938E-01 -2.6513008E+00 -1.5547440E+00
  8.6029138E-01 -2.6461063E+00 -1.5638455E+00
  8.6627471E-01 -2.6405835E+00 -1.5729671E+00
  8.7229965E-01 -2.6347425E+00 -1.5821078E+00
  8.7836649E-01 -2.6285938E+00 -1.5912667E+00
  8.8447552E-01 -2.6221481E+00 -1.6004429E+00
  8.9062703E-01 -2.6154168E+00 -1.6096354E+00
  8.9682132E-01 -2.6084116E+00 -1.6188432E+00
  9.0305869E-01 -2.6011444E+00 -1.6280653E+00
  9.0933944E-01 -2.5936276E+00 -1.6373006E+00
  9.1566387E-01 -2.5858739E+00 -1.6465480E+00
  9.2203228E-01 -2.5778965E+00 -1.6558065E+00
  9.2844498E-01 -2.5697084E+00 -1.6650747E+00
  9.3490227E-01 -2.5613234E+00 -1.6743515E+00
  9.4140447E-01 -2.5527553E+00 -1.6836358E+00
  9.4795189E-01 -2.5440181E+00 -1.6929262E+00
  9.5454484E-01 -2.5351261E+00 -1.7022214E+00
  9.6118365E-01 -2.5260938E+00 -1.7115200E+00
  9.6786862E-01 -2.5169358E+00 -1.7208208E+00
  9.7460008E-01 -2.5076669E+00 -1.7301222E+00
  9.8137835E-01 -2.4983020E+00 -1.7394229E+00
  9.8820376E-01 -2.4888562E+00 -1.7487213E+00
  9.9507664E-01 -2.4793446E+00 -1.7580158E+00
  1.0019973E+00 -2.4697824E+00 -1.7673049E+00
  1.0089661E+00 -2.4601849E+00 -1.7765870E+00
  1.0159834E+00 -2.4505675E+00 -1.7858603E+00
  1.0230495E+00 -2.4409456E+00 -1.7951233E+00
  1.0301647E+00 -2.4313346E+00 -1.8043740E+00
  1.0373294E+00 -2.4217498E+00 -1.8136106E+00
  1.0445439E+00 -2.4122068E+00 -1.8228314E+00
  1.0518086E+00 -2.4027210E+00 -1.8320344E+00
  1.0591238E+00 -2.3933078E+00 -1.8412176E+00
  1.0664899E+00 -2.3839827E+00 -1.8503790E+00
  1.0739072E+00 -2.3747610E+00 -1.8595165E+00
  1.0813761E+00 -2.3656580E+00 -1.8686280E+00
  1.0888969E+00 -2.3566892E+00 -1.8777113E+00
  1.0964700E+00 -2.3478697E+00 -1.8867642E+00
  1.1040958E+00 -2.3392147E+00 -1.8957843E+00
  1.1117747E+00 -2.3307392E+00 -1.9047693E+00
  1.1195069E+00 -2.3224581E+00 -1.9137168E+00
  1.1272929E+00 -2.3143860E+00 -1.9226242E+00
  1.1351331E+00 -2.3065374E+00 -1.9314890E+00
  1.1430278E+00 -2.2989264E+00 -1.9403086E+00
  1.1509774E+00 -2.2915669E+00 -1.9490802E+00
  1.1589822E+00 -2.2844721E+00 -1.9578012E+00
  1.1670428E+00 -2.2776548E+00 -1.9664686E+00
  1.1751594E+00 -2.2711271E+00 -1.9750796E+00
  1.1833324E+00 -2.2649006E+00 -1.9836311E+00
  1.1915623E+00 -2.2589857E+00 -1.9921201E+00
  1.1998494E+00 -2.2533920E+00 -2.0005435E+00
  1.2081941E+00 -2.2481280E+00 -2.0088980E+00
  1.2165969E+00 -2.2432010E+00 -2.0171802E+00
  1.2250581E+00 -2.2386169E+00 -2.0253869E+00
  1.2335782E+00 -2.2343802E+00 -2.0335145E+00
  1.2421575E+00 -2.2304937E+00 -2.0415595E+00
  1.2507964E+00 -2.2269589E+00 -2.0495181E+00
  1.2594955E+00 -2.2237752E+00 -2.0573867E+00
  1.2682550E+00 -2.2209405E+00 -2.0651614E+00
  1.2770755E+00 -2.2184508E+00 -2.0728383E+00
  1.2859573E+00 -2.2163004E+00 -2.0804133E+00
  1.2949009E+00 -2.2144815E+00 -2.0878824E+00
  1.3039066E+00 -2.2129850E+00 -2.0952412E+00
  1.3129750E+00 -2.2117999E+00 -2.1024856E+00
  1.3221065E+00 -2.2109136E+00 -2.1096110E+00
  1.3313015E+00 -2.2103121E+00 -2.1166129E+00
  1.3405604E+00 -2.2099801E+00 -2.1234868E+00
  1.3498837E+00 -2.2099012E+00 -2.1302280E+00
  1.3592718E+00 -2.2100577E+00 -2.1368316E+00
  1.3687252E+00 -2.2104314E+00 -2.1432927E+00
  1.3782444E+00 -2.2110032E+00 -2.1496063E+00
  1.3878298E+00 -2.2117537E+00 -2.1557674E+00
  1.3974818E+00 -2.2126629E+00 -2.1617708E+00
  1.4072010E+00 -2.2137109E+00 -2.1676112E+00
  1.4169877E+00 -2.2148777E+00 -2.1732833E+00
  1.4268425E+00 -2.2161433E+00 -2.1787816E+00
  1.4367659E+00 -2.2174882E+00 -2.1841007E+00
  1.4467582E+00 -2.2188929E+00 -2.1892350E+00
  1.4568201E+00 -2.2203387E+00 -2.1941789E+00
  1.4669519E+00 -2.2218072E+00 -2.1989266E+00
  1.4771541E+00 -2.2232806E+00 -2.2034725E+00
  1.4874274E+00 -2.2247419E+00 -2.2078108E+00
  1.4977720E+00 -2.2261744E+00 -2.2119357E+00
  1.5081887E+00 -2.2275626E+00 -2.2158414E+00
  1.5186777E+00 -2.2288911E+00 -2.2195221E+00
  1.5292397E+00 -2.2301457E+00 -2.2229720E+00
  1.5398751E+00 -2.2313126E+00 -2.2261854E+00
  1.5505846E+00 -2.2323789E+00 -2.2291565E+00
  1.5613684E+00 -2.2333321E+00 -2.2318797E+00
  1.5722273E+00 -2.2341605E+00 -2.2343493E+00
  1.5831617E+00 -2.2348532E+00 -2.2365599E+00
  1.5941722E+00 -2.2353997E+00 -2.2385061E+00
  1.6052592E+00 -2.2357901E+00 -2.2401828E+00
  1.6164233E+00 -2.2360153E+00 -2.2415848E+00
  1.6276651E+00 -2.2360665E+00 -2.2427072E+00
  1.6389850E+00 -2.2359358E+00 -2.2435456E+00
  1.6503837E+00 -2.2356155E+00 -2.2440954E+00
  1.6618616E+00 -2.2350987E+00 -2.2443525E+00
  1.6734193E+00 -2.2343788E+00 -2.2443132E+00
  1.6850575E+00 -2.2334500E+00 -2.2439740E+00
  1.6967765E+00 -2.2323067E+00 -2.2433319E+00
  1.7085771E+00 -2.2309440E+00 -2.2423841E+00
  1.7204597E+00 -2.2293574E+00 -2.2411285E+00
  1.7324250E+00 -2.2275431E+00 -2.2395632E+00
  1.7444735E+00 -2.2254975E+00 -2.2376871E+00
  1.7566057E+00 -2.2232176E+00 -2.2354995E+00
  1.7688224E+00 -2.2207010E+00 -2.2330003E+00
  1.7811240E+00 -2.2179455E+00 -2.2301899E+00
  1.7935111E+00 -2.2149497E+00 -2.2270697E+00
  1.8059844E+00 -2.2117124E+00 -2.2236414E+00
  1.8185444E+00 -2.2082330E+00 -2.2199076E+00
  1.8311918E+00 -2.2045113E+00 -2.2158716E+00
  1.8439272E+00 -2.2005476E+00 -2.2115376E+00
  1.8567511E+00 -2.1963427E+00 -2.2069103E+00
  1.8696642E+00 -2.1918976E+00 -2.2019956E+00
  1.8826670E+00 -2.1872140E+00 -2.1967999E+00
  1.8957604E+00 -2.1822940E+00 -2.1913307E+00
  1.9089447E+00 -2.1771399E+00 -2.1855962E+00
  1.9222208E+00 -2.1717548E+00 -2.1796055E+00
  1.9355892E+00 -2.1661418E+00 -2.1733686E+00
  1.9490505E+00 -2.1603046E+00 -2.1668963E+00
  1.9626055E+00 -2.1542474E+00 -2.1602004E+00
  1.9762548E+00 -2.1479746E+00 -2.1532934E+00
  1.9899989E+00 -2.1414911E+00 -2.1461887E+00
  2.0038387E+00 -2.1348021E+00 -2.1389005E+00
  2.0177746E+00 -2.1279131E+00 -2.1314437E+00
  2.0318076E+00 -2.1208302E+00 -2.1238340E+00
  2.0459380E+00 -2.1135595E+00 -2.1160879E+00
  2.0601668E+00 -2.1061076E+00 -2.1082223E+00
  2.0744945E+00 -2.0984815E+00 -2.1002550E+00
  2.0889219E+00 -2.0906882E+00 -2.0922042E+00
  2.1034496E+00 -2.0827354E+00 -2.0840887E+00
  2.1180783E+00 -2.0746307E+00 -2.0759274E+00
  2.1328088E+00 -2.0663822E+00 -2.0677400E+00
  2.1476417E+00 -2.0579979E+00 -2.0595462E+00
  2.1625777E+00 -2.0494865E+00 -2.0513657E+00
  2.1776176E+00 -2.0408565E+00 -2.0432186E+00
  2.1927621E+00 -2.0321166E+00 -2.0351245E+00
  2.2080120E+00 -2.0232759E+00 -2.0271029E+00
  2.2233679E+00 -2.0143435E+00 -2.0191728E+00
  2.2388305E+00 -2.0053285E+00 -2.0113524E+00
  2.2544008E+00 -1.9962403E+00 -2.0036545E+00
  2.2700792E+00 -1.9870881E+00 -1.9961411E+00
  2.2858668E+00 -1.9778814E+00 -1.9888796E+00
  2.3017641E+00 -1.9686296E+00 -1.9808279E+00
  2.3177720E+00 -1.9593420E+00 -1.9708543E+00
  2.3338912E+00 -1.9500280E+00 -1.9598421E+00
  2.3501225E+00 -1.9406970E+00 -1.9487725E+00
  2.3664667E+00 -1.9313582E+00 -1.9376205E+00
  2.3829245E+00 -1.9220207E+00 -1.9263124E+00
  2.3994968E+00 -1.9126935E+00 -1.9148184E+00
  2.4161843E+00 -1.9033856E+00 -1.9038123E+00
  2.4329879E+00 -1.8941057E+00 -1.8940132E+00
  2.4499084E+00 -1.8848625E+00 -1.8848413E+00
  2.4669465E+00 -1.8756644E+00 -1.8756670E+00
  2.4841031E+00 -1.8665196E+00 -1.8665196E+00
  2.5013791E+00 -1.8574363E+00 -1.8574363E+00
  2.5187751E+00 -1.8484225E+00 -1.8484225E+00
  2.5362922E+00 -1.8394858E+00 -1.8394858E+00
  2.5539311E+00 -1.8306338E+00 -1.8306338E+00
  2.5716926E+00 -1.8218741E+00 -1.8218741E+00
  2.5895777E+00 -1.8132139E+00 -1.8132139E+00
  2.6075871E+00 -1.8046603E+00 -1.8046603E+00
  2.6257218E+00 -1.7962204E+00 -1.7962204E+00
  2.6439826E+00 -1.7879012E+00 -1.7879012E+00
  2.6623704E+00 -1.7797095E+00 -1.7797095E+00
  2.6808861E+00 -1.7716520E+00 -1.7716520E+00
  2.6995305E+00 -1.7637356E+00 -1.7637356E+00
  2.7183046E+00 -1.7559670E+00 -1.7559670E+00
  2.7372092E+00 -1.7483528E+00 -1.7483528E+00
  2.7562454E+00 -1.7408998E+00 -1.7408998E+00
  2.7754139E+00 -1.7336146E+00 -1.7336146E+00
  2.7947157E+00 -1.7265040E+00 -1.7265040E+00
  2.8141518E+00 -1.7195745E+00 -1.7195745E+00
  2.8337230E+00 -1.7128328E+00 -1.7128328E+00
  2.8534303E+00 -1.7062856E+00 -1.7062856E+00
  2.8732747E+00 -1.6999393E+00 -1.6999393E+00
  2.8932570E+00 -1.6938004E+00 -1.6938004E+00
  2.9133784E+00 -1.6878749E+00 -1.6878749E+00
  2.9336397E+00 -1.6821690E+00 -1.6821690E+00
  2.9540418E+00 -1.6766882E+00 -1.6766882E+00
  2.9745859E+00 -1.6714379E+00 -1.6714379E+00
  2.9952728E+00 -1.6664229E+00 -1.6664229E+00
  3.0161036E+00 -1.6616473E+00 -1.6616473E+00
  3.0370793E+00 -1.6571150E+00 -1.6571150E+00
  3.0582008E+00 -1.6528287E+00 -1.6528287E+00
  3.0794693E+00 -1.6487906E+00 -1.6487906E+00
  3.1008856E+00 -1.6450018E+00 -1.6450018E+00
  3.1224509E+00 -1.6414626E+00 -1.6414626E+00
  3.1441661E+00 -1.6381721E+00 -1.6381721E+00
  3.1660324E+00 -1.6351283E+00 -1.6351283E+00
  3.1880507E+00 -1.6323283E+00 -1.6323283E+00
  3.2102221E+00 -1.6297678E+00 -1.6297678E+00
  3.2325478E+00 -1.6274414E+00 -1.6274414E+00
  3.2550287E+00 -1.6253427E+00 -1.6253427E+00
  3.2776659E+00 -1.6234640E+00 -1.6234640E+00
  3.3004606E+00 -1.6217966E+00 -1.6217966E+00
  3.3234138E+00 -1.6203308E+00 -1.6203308E+00
  3.3465266E+00 -1.6190559E+00 -1.6190559E+00
  3.3698001E+00 -1.6179606E+00 -1.6179606E+00
  3.3932355E+00 -1.6170325E+00 -1.6170325E+00
  3.4168339E+00 -1.6162590E+00 -1.6162590E+00
  3.4405964E+00 -1.6156265E+00 -1.6156265E+00
  3.4645242E+00 -1.6151214E+00 -1.6151214E+00
  3.4886183E+00 -1.6147295E+00 -1.6147295E+00
  3.5128800E+00 -1.6144367E+00 -1.6144367E+00
  3.5373105E+00 -1.6142286E+00 -1.6142286E+00
  3.5619108E+00 -1.6140908E+00 -1.6140908E+00
  3.5866822E+00 -1.6140092E+00 -1.6140092E+00
  3.6116259E+00 -1.6139695E+00 -1.6139695E+00
  3.6367431E+00 -1.6139580E+00 -1.6139580E+00
  3.6620349E+00 -1.6139610E+00 -1.6139610E+00
  3.6875026E+00 -1.6139653E+00 -1.6139653E+00
  3.7131474E+00 -1.6139579E+00 -1.6139579E+00
  3.7389706E+00 -1.6139262E+00 -1.6139262E+00
  3.7649733E+00 -1.6138580E+00 -1.6138580E+00
  3.7911569E+00 -1.6137414E+00 -1.6137414E+00
  3.8175226E+00 -1.6135651E+00 -1.6135651E+00
  3.8440717E+00 -1.6133178E+00 -1.6133178E+00
  3.8708053E+00 -1.6129889E+00 -1.6129889E+00
  3.8977249E+00 -1.6125677E+00 -1.6125677E+00
  3.9248317E+00 -1.6120441E+00 -1.6120441E+00
  3.9521270E+00 -1.6114083E+00 -1.6114083E+00
  3.9796121E+00 -1.6106505E+00 -1.6106505E+00
  4.0072884E+00 -1.6097613E+00 -1.6097613E+00
  4.0351571E+00 -1.6087314E+00 -1.6087314E+00
  4.0632197E+00 -1.6075518E+00 -1.6075518E+00
  4.0914774E+00 -1.6062133E+00 -1.6062133E+00
  4.1199316E+00 -1.6047074E+00 -1.6047074E+00
  4.1485837E+00 -1.6030252E+00 -1.6030252E+00
  4.1774351E+00 -1.6011581E+00 -1.6011581E+00
  4.2064871E+00 -1.5990978E+00 -1.5990978E+00
  4.2357411E+00 -1.5968358E+00 -1.5968358E+00
  4.2651986E+00 -1.5943638E+00 -1.5943638E+00
  4.2948610E+00 -1.5916739E+00 -1.5916739E+00
  4.3247296E+00 -1.5887580E+00 -1.5887580E+00
  4.3548059E+00 -1.5856083E+00 -1.5856083E+00
  4.3850914E+00 -1.5822173E+00 -1.5822173E+00
  4.4155876E+00 -1.5785777E+00 -1.5785777E+00
  4.4462958E+00 -1.5746824E+00 -1.5746824E+00
  4.4772175E+00 -1.5705249E+00 -1.5705249E+00
  4.5083543E+00 -1.5660988E+00 -1.5660988E+00
  4.5397077E+00 -1.5613984E+00 -1.5613984E+00
  4.5712791E+00 -1.5564185E+00 -1.5564185E+00
  4.6030700E+00 -1.5511545E+00 -1.5511545E+00
  4.6350820E+00 -1.5456023E+00 -1.5456023E+00
  4.6673167E+00 -1.5397590E+00 -1.5397590E+00
  4.6997755E+00 -1.5336220E+00 -1.5336220E+00
  4.7324601E+00 -1.5271901E+00 -1.5271901E+00
  4.7653719E+00 -1.5204628E+00 -1.5204628E+00
  4.7985127E+00 -1.5134406E+00 -1.5134406E+00
  4.8318839E+00 -1.5061254E+00 -1.5061254E+00
  4.8654872E+00 -1.4985201E+00 -1.4985201E+00
  4.8993242E+00 -1.4906286E+00 -1.4906286E+00
  4.9333964E+00 -1.4824565E+00 -1.4824565E+00
  4.9677057E+00 -1.4740103E+00 -1.4740103E+00
  5.0022535E+00 -1.4652978E+00 -1.4652978E+00
  5.0370416E+00 -1.4563283E+00 -1.4563283E+00
  5.0720717E+00 -1.4471121E+00 -1.4471121E+00
  5.1073453E+00 -1.4376608E+00 -1.4376608E+00
  5.1428643E+00 -1.4279872E+00 -1.4279872E+00
  5.1786302E+00 -1.4181050E+00 -1.4181050E+00
  5.2146449E+00 -1.4080293E+00 -1.4080293E+00
  5.2509101E+00 -1.3977757E+00 -1.3977757E+00
  5.2874274E+00 -1.3873609E+00 -1.3873609E+00
  5.3241988E+00 -1.3768021E+00 -1.3768021E+00
  5.3612258E+00 -1.3661173E+00 -1.3661173E+00
  5.3985103E+00 -1.3553249E+00 -1.3553249E+00
  5.4360542E+00 -1.3444436E+00 -1.3444436E+00
  5.4738591E+00 -1.3334922E+00 -1.3334922E+00
  5.5119269E+00 -1.3224898E+00 -1.3224898E+00
  5.5502595E+00 -1.3114553E+00 -1.3114553E+00
  5.5888586E+00 -1.3004074E+00 -1.3004074E+00
  5.6277262E+00 -1.2893645E+00 -1.2893645E+00
  5.6668641E+00 -1.2783447E+00 -1.2783447E+00
  5.7062741E+00 -1.2673655E+00 -1.2673655E+00
  5.7459583E+00 -1.2564435E+00 -1.2564435E+00
  5.7859184E+00 -1.2455948E+00 -1.2455948E+00
  5.8261564E+00 -1.2348348E+00 -1.2348348E+00
  5.8666742E+00 -1.2241778E+00 -1.2241778E+00
  5.9074738E+00 -1.2136371E+00 -1.2136371E+00
  5.9485572E+00 -1.2032250E+00 -1.2032250E+00
  5.9899262E+00 -1.1929529E+00 -1.1929529E+00
  6.0315830E+00 -1.1828308E+00 -1.1828308E+00
  6.0735294E+00 -1.1728679E+00 -1.1728679E+00
  6.1157676E+00 -1.1630719E+00 -1.1630719E+00
  6.1582995E+00 -1.1534494E+00 -1.1534494E+00
  6.2011272E+00 -1.1440061E+00 -1.1440061E+00
  6.2442527E+00 -1.1347461E+00 -1.1347461E+00
  6.2876782E+00 -1.1256726E+00 -1.1256726E+00
  6.3314056E+00 -1.1167876E+00 -1.1167876E+00
  6.3754371E+00 -1.1080918E+00 -1.1080918E+00
  6.4197749E+00 -1.0995850E+00 -1.0995850E+00
  6.4644210E+00 -1.0912657E+00 -1.0912657E+00
  6.5093775E+00 -1.0831316E+00 -1.0831316E+00
  6.5546467E+00 -1.0751791E+00 -1.0751791E+00
  6.6002308E+00 -1.0674038E+00 -1.0674038E+00
  6.6461318E+00 -1.0598002E+00 -1.0598002E+00
  6.6923521E+00 -1.0523622E+00 -1.0523622E+00
  6.7388938E+00 -1.0450826E+00 -1.0450826E+00
  6.7857591E+00 -1.0379535E+00 -1.0379535E+00
  6.8329504E+00 -1.0309663E+00 -1.0309663E+00
  6.8804699E+00 -1.0241117E+00 -1.0241117E+00
  6.9283198E+00 -1.0173798E+00 -1.0173798E+00
  6.9765025E+00 -1.0107601E+00 -1.0107601E+00
  7.0250203E+00 -1.0042416E+00 -1.0042416E+00
  7.0738755E+00 -9.9781309E-01 -9.9781309E-01
  7.1230704E+00 -9.9146272E-01 -9.9146272E-01
  7.1726075E+00 -9.8517852E-01 -9.8517852E-01
  7.2224891E+00 -9.7894825E-01 -9.7894825E-01
  7.2727175E+00 -9.7275953E-01 -9.7275953E-01
  7.3232953E+00 -9.6659989E-01 -9.6659989E-01
  7.3742248E+00 -9.6045688E-01 -9.6045688E-01
  7.4255085E+00 -9.5431808E-01 -9.5431808E-01
  7.4771488E+00 -9.4817121E-01 -9.4817121E-01
  7.5291483E+00 -9.4200419E-01 -9.4200419E-01
  7.5815094E+00 -9.3580521E-01 -9.3580521E-01
  7.6342346E+00 -9.2956277E-01 -9.2956277E-01
  7.6873265E+00 -9.2326578E-01 -9.2326578E-01
  7.7407876E+00 -9.1690358E-01 -9.1690358E-01
  7.7946206E+00 -9.1046605E-01 -9.1046605E-01
  7.8488278E+00 -9.0394358E-01 -9.0394358E-01
  7.9034121E+00 -8.9732722E-01 -8.9732722E-01
  7.9583760E+00 -8.9060862E-01 -8.9060862E-01
  8.0137221E+00 -8.8378016E-01 -8.8378016E-01
  8.0694531E+00 -8.7683491E-01 -8.7683491E-01
  8.1255716E+00 -8.6976671E-01 -8.6976671E-01
  8.1820805E+00 -8.6257016E-01 -8.6257016E-01
  8.2389823E+00 -8.5524066E-01 -8.5524066E-01
  8.2962798E+00 -8.4777440E-01 -8.4777440E-01
  8.3539759E+00 -8.4016837E-01 -8.4016837E-01
  8.4120731E+00 -8.3242039E-01 -8.3242039E-01
  8.4705744E+00 -8.2452905E-01 -8.2452905E-01
  8.5294825E+00 -8.1649375E-01 -8.1649375E-01
  8.5888003E+00 -8.0831462E-01 -8.0831462E-01
  8.6485306E+00 -7.9999259E-01 -7.9999259E-01
  8.7086763E+00 -7.9152928E-01 -7.9152928E-01
  8.7692403E+00 -7.8292701E-01 -7.8292701E-01
  8.8302255E+00 -7.7418877E-01 -7.7418877E-01
  8.8916347E+00 -7.6531816E-01 -7.6531816E-01
  8.9534711E+00 -7.5631936E-01 -7.5631936E-01
  9.0157374E+00 -7.4719713E-01 -7.4719713E-01
  9.0784368E+00 -7.3795668E-01 -7.3795668E-01
  9.1415723E+00 -7.2860373E-01 -7.2860373E-01
  9.2051468E+00 -7.1914436E-01 -7.1914436E-01
  9.2691634E+00 -7.0958506E-01 -7.0958506E-01
  9.3336252E+00 -6.9993261E-01 -6.9993261E-01
  9.3985353E+00 -6.9019411E-01 -6.9019411E-01
  9.4638968E+00 -6.8037685E-01 -6.8037685E-01
  9.5297129E+00 -6.7048833E-01 -6.7048833E-01
  9.5959867E+00 -6.6053622E-01 -6.6053622E-01
  9.6627213E+00 -6.5052826E-01 -6.5052826E-01
  9.7299201E+00 -6.4047229E-01 -6.4047229E-01
  9.7975862E+00 -6.3037619E-01 -6.3037619E-01
  9.8657228E+00 -6.2024783E-01 -6.2024783E-01
  9.9343334E+00 -6.1009506E-01 -6.1009506E-01
  1.0003421E+01 -5.9992566E-01 -5.9992566E-01
  1.0072989E+01 -5.8974734E-01 -5.8974734E-01
  1.0143041E+01 -5.7956769E-01 -5.7956769E-01
  1.0213580E+01 -5.6939417E-01 -5.6939417E-01
  1.0284610E+01 -5.5923408E-01 -5.5923408E-01
  1.0356133E+01 -5.4909456E-01 -5.4909456E-01
  1.0428154E+01 -5.3898256E-01 -5.3898256E-01
  1.0500676E+01 -5.2890481E-01 -5.2890481E-01
  1.0573703E+01 -5.1886784E-01 -5.1886784E-01
  1.0647237E+01 -5.0887796E-01 -5.0887796E-01
  1.0721282E+01 -4.9894124E-01 -4.9894124E-01
  1.0795842E+01 -4.8906351E-01 -4.8906351E-01
  1.0870921E+01 -4.7925035E-01 -4.7925035E-01
  1.0946522E+01 -4.6950710E-01 -4.6950710E-01
  1.1022649E+01 -4.5983884E-01 -4.5983884E-01
  1.1099305E+01 -4.5025040E-01 -4.5025040E-01
  1.1176495E+01 -4.4074636E-01 -4.4074636E-01
  1.1254221E+01 -4.3133103E-01 -4.3133103E-01
  1.1332488E+01 -4.2200848E-01 -4.2200848E-01
  1.1411298E+01 -4.1278254E-01 -4.1278254E-01
  1.1490658E+01 -4.0365678E-01 -4.0365678E-01
  1.1570568E+01 -3.9463454E-01 -3.9463454E-01
  1.1651035E+01 -3.8571890E-01 -3.8571890E-01
  1.1732061E+01 -3.7691274E-01 -3.7691274E-01
  1.1813651E+01 -3.6821868E-01 -3.6821868E-01
  1.1895808E+01 -3.5963914E-01 -3.5963914E-01
  1.1978537E+01 -3.5117632E-01 -3.5117632E-01
  1.2061841E+01 -3.4283219E-01 -3.4283219E-01
  1.2145724E+01 -3.3460856E-01 -3.3460856E-01
  1.2230190E+01 -3.2650700E-01 -3.2650700E-01
  1.2315244E+01 -3.1852891E-01 -3.1852891E-01
  1.2400890E+01 -3.1067550E-01 -3.1067550E-01
  1.2487131E+01 -3.0294782E-01 -3.0294782E-01
  1.2573971E+01 -2.9534673E-01 -2.9534673E-01
  1.2661416E+01 -2.8787293E-01 -2.8787293E-01
  1.2749469E+01 -2.8052698E-01 -2.8052698E-01
  1.2838134E+01 -2.7330927E-01 -2.7330927E-01
  1.2927416E+01 -2.6622006E-01 -2.6622006E-01
  1.3017319E+01 -2.5925946E-01 -2.5925946E-01
  1.3107846E+01 -2.5242748E-01 -2.5242748E-01
  1.3199004E+01 -2.4572396E-01 -2.4572396E-01
  1.3290795E+01 -2.3914866E-01 -2.3914866E-01
  1.3383225E+01 -2.3270122E-01 -2.3270122E-01
  1.3476298E+01 -2.2638116E-01 -2.2638116E-01
  1.3570018E+01 -2.2018790E-01 -2.2018790E-01
  1.3664389E+01 -2.1412079E-01 -2.1412079E-01
  1.3759417E+01 -2.0817907E-01 -2.0817907E-01
  1.3855106E+01 -2.0236189E-01 -2.0236189E-01
  1.3951460E+01 -1.9666833E-01 -1.9666833E-01
  1.4048484E+01 -1.9109741E-01 -1.9109741E-01
  1.4146183E+01 -1.8564804E-01 -1.8564804E-01
  1.4244562E+01 -1.8031910E-01 -1.8031910E-01
  1.4343624E+01 -1.7510941E-01 -1.7510941E-01
  1.4443376E+01 -1.7001770E-01 -1.7001770E-01
  1.4543821E+01 -1.6504268E-01 -1.6504268E-01
  1.4644965E+01 -1.6018300E-01 -1.6018300E-01
  1.4746812E+01 -1.5543726E-01 -1.5543726E-01
  1.4849368E+01 -1.5080402E-01 -1.5080402E-01
  1.4952636E+01 -1.4628182E-01 -1.4628182E-01
  1.5056623E+01 -1.4186913E-01 -1.4186913E-01
  1.5161333E+01 -1.3756442E-01 -1.3756442E-01
  1.5266771E+01 -1.3336612E-01 -1.3336612E-01
  1.5372943E+01 -1.2927263E-01 -1.2927263E-01
  1.5479852E+01 -1.2528234E-01 -1.2528234E-01
  1.5587506E+01 -1.2139361E-01 -1.2139361E-01
  1.5695908E+01 -1.1760479E-01 -1.1760479E-01
  1.5805064E+01 -1.1391421E-01 -1.1391421E-01
  1.5914979E+01 -1.1032019E-01 -1.1032019E-01
  1.6025658E+01 -1.0682104E-01 -1.0682104E-01
  1.6137107E+01 -1.0341506E-01 -1.0341506E-01
  1.6249331E+01 -1.0010055E-01 -1.0010055E-01
  1.6362336E+01 -9.6875797E-02 -9.6875797E-02
  1.6476126E+01 -9.3739103E-02 -9.3739103E-02
  1.6590708E+01 -9.0688755E-02 -9.0688755E-02
  1.6706086E+01 -8.7723049E-02 -8.7723049E-02
  1.6822267E+01 -8.4840282E-02 -8.4840282E-02
  1.6939256E+01 -8.2038758E-02 -8.2038758E-02
  1.7057059E+01 -7.9316786E-02 -7.9316786E-02
  1.7175681E+01 -7.6672684E-02 -7.6672684E-02
  1.7295127E+01 -7.4104780E-02 -7.4104780E-02
  1.7415405E+01 -7.1611413E-02 -7.1611413E-02
  1.7536519E+01 -6.9190932E-02 -6.9190932E-02
  1.7658475E+01 -6.6841702E-02 -6.6841702E-02
  1.7781279E+01 -6.4562099E-02 -6.4562099E-02
  1.7904937E+01 -6.2350517E-02 -6.2350517E-02
  1.8029456E+01 -6.0205364E-02 -6.0205364E-02
  1.8154840E+01 -5.8125067E-02 -5.8125067E-02
  1.8281096E+01 -5.6108068E-02 -5.6108068E-02
  1.8408230E+01 -5.4152830E-02 -5.4152830E-02
  1.8536249E+01 -5.2257835E-02 -5.2257835E-02
  1.8665157E+01 -5.0421583E-02 -5.0421583E-02
  1.8794962E+01 -4.8642597E-02 -4.8642597E-02
  1.8925670E+01 -4.6919419E-02 -4.6919419E-02
  1.9057287E+01 -4.5250615E-02 -4.5250615E-02
  1.9189819E+01 -4.3634769E-02 -4.3634769E-02
  1.9323273E+01 -4.2070492E-02 -4.2070492E-02
  1.9457655E+01 -4.0556414E-02 -4.0556414E-02
  1.9592971E+01 -3.9091191E-02 -3.9091191E-02
  1.9729229E+01 -3.7673501E-02 -3.7673501E-02
  1.9866434E+01 -3.6302044E-02 -3.6302044E-02
  2.0004593E+01 -3.4975547E-02 -3.4975547E-02
  2.0143713E+01 -3.3692759E-02 -3.3692759E-02
  2.0283801E+01 -3.2452452E-02 -3.2452452E-02
  2.0424863E+01 -3.1253425E-02 -3.1253425E-02
  2.0566905E+01 -3.0094498E-02 -3.0094498E-02
  2.0709936E+01 -2.8974519E-02 -2.8974519E-02
  2.0853961E+01 -2.7892356E-02 -2.7892356E-02
  2.0998988E+01 -2.6846904E-02 -2.6846904E-02
  2.1145024E+01 -2.5837081E-02 -2.5837081E-02
  2.1292075E+01 -2.4861829E-02 -2.4861829E-02
  2.1440148E+01 -2.3920114E-02 -2.3920114E-02
  2.1589252E+01 -2.3010926E-02 -2.3010926E-02
  2.1739392E+01 -2.2133278E-02 -2.2133278E-02
  2.1890577E+01 -2.1286207E-02 -2.1286207E-02
  2.2042813E+01 -2.0468771E-02 -2.0468771E-02
  2.2196107E+01 -1.9680055E-02 -1.9680055E-02
  2.2350468E+01 -1.8919162E-02 -1.8919162E-02
  2.2505902E+01 -1.8185221E-02 -1.8185221E-02
  2.2662417E+01 -1.7477382E-02 -1.7477382E-02
  2.2820021E+01 -1.6794816E-02 -1.6794816E-02
  2.2978720E+01 -1.6136716E-02 -1.6136716E-02
  2.3138524E+01 -1.5502296E-02 -1.5502296E-02
  2.3299438E+01 -1.4890793E-02 -1.4890793E-02
  2.3461472E+01 -1.4301461E-02 -1.4301461E-02
  2.3624632E+01 -1.3733577E-02 -1.3733577E-02
  2.3788928E+01 -1.3186437E-02 -1.3186437E-02
  2.3954365E+01 -1.2659357E-02 -1.2659357E-02
  2.4120954E+01 -1.2151670E-02 -1.2151670E-02
  2.4288701E+01 -1.1662731E-02 -1.1662731E-02
  2.4457614E+01 -1.1191912E-02 -1.1191912E-02
  2.4627702E+01 -1.0738602E-02 -1.0738602E-02
  2.4798973E+01 -1.0302210E-02 -1.0302210E-02
  2.4971435E+01 -9.8821595E-03 -9.8821595E-03
  2.5145096E+01 -9.4778941E-03 -9.4778941E-03
  2.5319965E+01 -9.0888721E-03 -9.0888721E-03
  2.5496050E+01 -8.7145684E-03 -8.7145684E-03
  2.5673360E+01 -8.3544737E-03 -8.3544737E-03
  2.5851903E+01 -8.0080946E-03 -8.0080946E-03
  2.6031688E+01 -7.6749524E-03 -7.6749524E-03
  2.6212722E+01 -7.3545834E-03 -7.3545834E-03
  2.6395016E+01 -7.0465383E-03 -7.0465383E-03
  2.6578578E+01 -6.7503820E-03 -6.7503820E-03
  2.6763416E+01 -6.4656928E-03 -6.4656928E-03
  2.6949539E+01 -6.1920626E-03 -6.1920626E-03
  2.7136957E+01 -5.9290964E-03 -5.9290964E-03
  2.7325678E+01 -5.6764117E-03 -5.6764117E-03
  2.7515712E+01 -5.4336384E-03 -5.4336384E-03
  2.7707067E+01 -5.2004186E-03 -5.2004186E-03
  2.7899753E+01 -4.9764059E-03 -4.9764059E-03
  2.8093779E+01 -4.7612653E-03 -4.7612653E-03
  2.8289154E+01 -4.5546731E-03 -4.5546731E-03
  2.8485888E+01 -4.3563162E-03 -4.3563162E-03
  2.8683991E+01 -4.1658918E-03 -4.1658918E-03
  2.8883471E+01 -3.9831076E-03 -3.9831076E-03
  2.9084338E+01 -3.8076809E-03 -3.8076809E-03
  2.9286602E+01 -3.6393388E-03 -3.6393388E-03
  2.9490272E+01 -3.4778176E-03 -3.4778176E-03
  2.9695359E+01 -3.3228626E-03 -3.3228626E-03
  2.9901873E+01 -3.1742279E-03 -3.1742279E-03
  3.0109822E+01 -3.0316761E-03 -3.0316761E-03
  3.0319218E+01 -2.8949780E-03 -2.8949780E-03
  3.0530070E+01 -2.7639125E-03 -2.7639125E-03
  3.0742388E+01 -2.6382661E-03 -2.6382661E-03
  3.0956183E+01 -2.5178328E-03 -2.5178328E-03
  3.1171464E+01 -2.4024141E-03 -2.4024141E-03
  3.1388243E+01 -2.2918182E-03 -2.2918182E-03
  3.1606529E+01 -2.1858602E-03 -2.1858602E-03
  3.1826334E+01 -2.0843619E-03 -2.0843619E-03
  3.2047667E+01 -1.9871515E-03 -1.9871515E-03
  3.2270539E+01 -1.8940631E-03 -1.8940631E-03
  3.2494961E+01 -1.8049369E-03 -1.8049369E-03
  3.2720944E+01 -1.7196190E-03 -1.7196190E-03
  3.2948498E+01 -1.6379609E-03 -1.6379609E-03
  3.3177635E+01 -1.5598195E-03 -1.5598195E-03
  3.3408365E+01 -1.4850569E-03 -1.4850569E-03
  3.3640700E+01 -1.4135402E-03 -1.4135402E-03
  3.3874651E+01 -1.3451415E-03 -1.3451415E-03
  3.4110229E+01 -1.2797373E-03 -1.2797373E-03
  3.4347445E+01 -1.2172089E-03 -1.2172089E-03
  3.4586311E+01 -1.1574417E-03 -1.1574417E-03
  3.4826837E+01 -1.1003256E-03 -1.1003256E-03
  3.5069037E+01 -1.0457542E-03 -1.0457542E-03
  3.5312921E+01 -9.9362543E-04 -9.9362543E-04
  3.5558501E+01 -9.4384065E-04 -9.4384065E-04
  3.5805789E+01 -8.9630503E-04 -8.9630503E-04
  3.6054796E+01 -8.5092707E-04 -8.5092707E-04
  3.6305536E+01 -8.0764027E-04 -8.0764027E-04
  3.6558019E+01 -7.6613918E-04 -7.6613918E-04
  3.6812257E+01 -7.2686898E-04 -7.2686898E-04
  3.7068264E+01 -4.0246051E-04 -4.0246051E-04
  3.7326052E+01 -4.2973867E-04 -4.2973867E-04
  3.7585632E+01 -4.5763367E-04 -4.5763367E-04
  3.7847017E+01 -4.7735788E-04 -4.7735788E-04
  3.8110220E+01 -4.8545424E-04 -4.8545424E-04
  3.8375254E+01 -4.8272318E-04 -4.8272318E-04
  3.8642130E+01 -4.7188070E-04 -4.7188070E-04
  3.8910863E+01 -4.5579635E-04 -4.5579635E-04
  3.9181464E+01 -4.3674612E-04 -4.3674612E-04
  3.9453948E+01 -4.1629998E-04 -4.1629998E-04
  3.9728326E+01 -3.9545485E-04 -3.9545485E-04
  4.0004612E+01 -3.7480828E-04 -3.7480828E-04
  4.0282820E+01 -3.5470086E-04 -3.5470086E-04
  4.0562962E+01 -3.3531526E-04 -3.3531526E-04
  4.0845053E+01 -3.1674007E-04 -3.1674007E-04
  4.1129106E+01 -2.9900900E-04 -2.9900900E-04
  4.1415134E+01 -2.8212449E-04 -2.8212449E-04
  4.1703151E+01 -2.6607146E-04 -2.6607146E-04
  4.1993171E+01 -2.5082548E-04 -2.5082548E-04
  4.2285208E+01 -2.3635734E-04 -2.3635734E-04
  4.2579276E+01 -2.2263572E-04 -2.2263572E-04
  4.2875389E+01 -2.0962869E-04 -2.0962869E-04
  4.3173561E+01 -1.9730457E-04 -1.9730457E-04
  4.3473807E+01 -1.8563235E-04 -1.8563235E-04
  4.3776141E+01 -1.7458192E-04 -1.7458192E-04
  4.4080577E+01 -1.6412424E-04 -1.6412424E-04
  4.4387131E+01 -1.5423131E-04 -1.5423131E-04
  4.4695816E+01 -1.4487625E-04 -1.4487625E-04
  4.5006648E+01 -1.3603325E-04 -1.3603325E-04
  4.5319642E+01 -1.2767753E-04 -1.2767753E-04
  4.5634813E+01 -1.1978537E-04 -1.1978537E-04
  4.5952175E+01 -1.1233402E-04 -1.1233402E-04
  4.6271745E+01 -1.0530170E-04 -1.0530170E-04
  4.6593536E+01 -9.8667539E-05 -9.8667539E-05
  4.6917566E+01 -9.2411576E-05 -9.2411576E-05
  4.7243849E+01 -8.6514708E-05 -8.6514708E-05
  4.7572401E+01 -8.0958662E-05 -8.0958662E-05
  4.7903238E+01 -7.5725966E-05 -7.5725966E-05
  4.8236376E+01 -7.0799920E-05 -7.0799920E-05
  4.8571831E+01 -6.6164568E-05 -6.6164568E-05
  4.8909618E+01 -6.1804670E-05 -6.1804670E-05
  4.9249755E+01 -5.7705673E-05 -5.7705673E-05
  4.9592257E+01 -5.3853689E-05 -5.3853689E-05
  4.9937141E+01 -5.0235469E-05 -5.0235469E-05
  5.0284423E+01 -4.6838378E-05 -4.6838378E-05
  5.0634121E+01 -4.3650369E-05 -4.3650369E-05
  5.0986250E+01 -4.0659966E-05 -4.0659966E-05
  5.1340828E+01 -3.7856236E-05 -3.7856236E-05
  5.1697872E+01 -3.5228771E-05 -3.5228771E-05
  5.2057400E+01 -3.2767665E-05 -3.2767665E-05
  5.2419427E+01 -3.0463498E-05 -3.0463498E-05
  5.2783972E+01 -2.8307310E-05 -2.8307310E-05
  5.3151052E+01 -2.6290588E-05 -2.6290588E-05
  5.3520686E+01 -2.4405245E-05 -2.4405245E-05
  5.3892889E+01 -2.2643601E-05 -2.2643601E-05
  5.4267681E+01 -2.0998368E-05 -2.0998368E-05
  5.4645080E+01 -1.9462635E-05 -1.9462635E-05
  5.5025103E+01 -1.8029846E-05 -1.8029846E-05
  5.5407769E+01 -1.6693791E-05 -1.6693791E-05
  5.5793096E+01 -1.5448588E-05 -1.5448588E-05
  5.6181103E+01 -1.4288666E-05 -1.4288666E-05
  5.6571808E+01 -1.3208757E-05 -1.3208757E-05
  5.6965231E+01 -1.2203877E-05 -1.2203877E-05
  5.7361389E+01 -1.1269315E-05 -1.1269315E-05
  5.7760302E+01 -1.0400621E-05 -1.0400621E-05
  5.8161990E+01 -9.5935943E-06 -9.5935943E-06
  5.8566471E+01 -8.8442687E-06 -8.8442687E-06
  5.8973765E+01 -8.1489045E-06 -8.1489045E-06
  5.9383892E+01 -7.5039762E-06 -7.5039762E-06
  5.9796870E+01 -6.9061623E-06 -6.9061623E-06
  6.0212721E+01 -6.3523352E-06 -6.3523352E-06
  6.0631464E+01 -5.8395516E-06 -5.8395516E-06
  6.1053118E+01 -5.3650431E-06 -5.3650431E-06
  6.1477705E+01 -4.9262077E-06 -4.9262077E-06
  6.1905245E+01 -4.5206008E-06 -4.5206008E-06
  6.2335758E+01 -4.1459270E-06 -4.1459270E-06
  6.2769265E+01 -3.8000328E-06 -3.8000328E-06
  6.3205787E+01 -3.4808983E-06 -3.4808983E-06
  6.3645345E+01 -3.1866306E-06 -3.1866306E-06
  6.4087959E+01 -2.9154569E-06 -2.9154569E-06
  6.4533652E+01 -2.6657175E-06 -2.6657175E-06
  6.4982444E+01 -2.4358597E-06 -2.4358597E-06
  6.5434357E+01 -2.2244322E-06 -2.2244322E-06
  6.5889413E+01 -2.0300786E-06 -2.0300786E-06
  6.6347633E+01 -1.8515327E-06 -1.8515327E-06
  6.6809040E+01 -1.6876127E-06 -1.6876127E-06
  6.7273656E+01 -1.5372169E-06 -1.5372169E-06
  6.7741503E+01 -1.3993182E-06 -1.3993182E-06
  6.8212604E+01 -1.2729603E-06 -1.2729603E-06
  6.8686981E+01 -1.1572530E-06 -1.1572530E-06
  6.9164657E+01 -1.0513685E-06 -1.0513685E-06
  6.9645654E+01 -9.5453730E-07 -9.5453730E-07
  7.0129997E+01 -8.6604467E-07 -8.6604467E-07
  7.0617708E+01 -7.8522727E-07 -7.8522727E-07
  7.1108811E+01 -7.1146983E-07 -7.1146983E-07
  7.1603330E+01 -6.4420211E-07 -6.4420211E-07
  7.2101287E+01 -5.8289596E-07 -5.8289596E-07
  7.2602707E+01 -5.2706264E-07 -5.2706264E-07
  7.3107614E+01 -4.7625019E-07 -4.7625019E-07
  7.3616033E+01 -4.3004105E-07 -4.3004105E-07
  7.4127987E+01 -3.8804977E-07 -3.8804977E-07
  7.4643502E+01  0.0000000E+00  0.0000000E+00
  7.5162602E+01  0.0000000E+00  0.0000000E+00
  7.5685312E+01  0.0000000E+00  0.0000000E+00
  7.6211656E+01  0.0000000E+00  0.0000000E+00
  7.6741662E+01  0.0000000E+00  0.0000000E+00
  7.7275353E+01  0.0000000E+00  0.0000000E+00
  7.7812756E+01  0.0000000E+00  0.0000000E+00
  7.8353896E+01  0.0000000E+00  0.0000000E+00
  7.8898799E+01  0.0000000E+00  0.0000000E+00
  7.9447491E+01  0.0000000E+00  0.0000000E+00
  8.0000000E+01  0.0000000E+00  0.0000000E+00
