 # l=           0 basis function with energy     1.00000000000000     
  0.0000E+00  0.0000E+00  0.0000E+00  0.0000E+00
  5.3551E-07  2.0975E-04 -7.3264E-07 -1.5502E-06
  1.0747E-06  3.5467E-04 -1.4704E-06 -3.1113E-06
  1.6177E-06  4.8275E-04 -2.2132E-06 -4.6832E-06
  2.1645E-06  6.0125E-04 -2.9613E-06 -6.2660E-06
  2.7151E-06  7.1315E-04 -3.7145E-06 -7.8598E-06
  3.2694E-06  8.2035E-04 -4.4730E-06 -9.4647E-06
  3.8277E-06  9.2384E-04 -5.2367E-06 -1.1081E-05
  4.3898E-06  1.0243E-03 -6.0058E-06 -1.2708E-05
  4.9559E-06  1.1224E-03 -6.7802E-06 -1.4347E-05
  5.5258E-06  1.2183E-03 -7.5600E-06 -1.5997E-05
  6.0998E-06  1.3125E-03 -8.3452E-06 -1.7658E-05
  6.6777E-06  1.4051E-03 -9.1359E-06 -1.9331E-05
  7.2597E-06  1.4964E-03 -9.9321E-06 -2.1016E-05
  7.8457E-06  1.5865E-03 -1.0734E-05 -2.2712E-05
  8.4357E-06  1.6756E-03 -1.1541E-05 -2.4421E-05
  9.0299E-06  1.7637E-03 -1.2354E-05 -2.6141E-05
  9.6282E-06  1.8510E-03 -1.3173E-05 -2.7873E-05
  1.0231E-05  1.9376E-03 -1.3997E-05 -2.9617E-05
  1.0837E-05  2.0235E-03 -1.4827E-05 -3.1373E-05
  1.1448E-05  2.1088E-03 -1.5662E-05 -3.3141E-05
  1.2063E-05  2.1935E-03 -1.6504E-05 -3.4922E-05
  1.2683E-05  2.2777E-03 -1.7351E-05 -3.6715E-05
  1.3306E-05  2.3615E-03 -1.8205E-05 -3.8521E-05
  1.3935E-05  2.4450E-03 -1.9064E-05 -4.0339E-05
  1.4567E-05  2.5280E-03 -1.9929E-05 -4.2170E-05
  1.5204E-05  2.6107E-03 -2.0800E-05 -4.4013E-05
  1.5845E-05  2.6931E-03 -2.1678E-05 -4.5869E-05
  1.6491E-05  2.7753E-03 -2.2561E-05 -4.7739E-05
  1.7141E-05  2.8572E-03 -2.3451E-05 -4.9621E-05
  1.7796E-05  2.9389E-03 -2.4346E-05 -5.1516E-05
  1.8455E-05  3.0204E-03 -2.5248E-05 -5.3425E-05
  1.9119E-05  3.1018E-03 -2.6157E-05 -5.5347E-05
  1.9787E-05  3.1830E-03 -2.7071E-05 -5.7282E-05
  2.0460E-05  3.2640E-03 -2.7992E-05 -5.9230E-05
  2.1138E-05  3.3450E-03 -2.8919E-05 -6.1192E-05
  2.1821E-05  3.4259E-03 -2.9853E-05 -6.3168E-05
  2.2508E-05  3.5066E-03 -3.0793E-05 -6.5158E-05
  2.3200E-05  3.5874E-03 -3.1740E-05 -6.7161E-05
  2.3897E-05  3.6680E-03 -3.2694E-05 -6.9179E-05
  2.4598E-05  3.7487E-03 -3.3654E-05 -7.1210E-05
  2.5305E-05  3.8293E-03 -3.4620E-05 -7.3255E-05
  2.6017E-05  3.9099E-03 -3.5594E-05 -7.5315E-05
  2.6733E-05  3.9905E-03 -3.6574E-05 -7.7389E-05
  2.7454E-05  4.0711E-03 -3.7561E-05 -7.9477E-05
  2.8181E-05  4.1518E-03 -3.8555E-05 -8.1580E-05
  2.8912E-05  4.2324E-03 -3.9555E-05 -8.3698E-05
  2.9649E-05  4.3131E-03 -4.0563E-05 -8.5830E-05
  3.0391E-05  4.3939E-03 -4.1578E-05 -8.7977E-05
  3.1137E-05  4.4747E-03 -4.2600E-05 -9.0140E-05
  3.1890E-05  4.5556E-03 -4.3629E-05 -9.2317E-05
  3.2647E-05  4.6365E-03 -4.4665E-05 -9.4509E-05
  3.3409E-05  4.7176E-03 -4.5708E-05 -9.6716E-05
  3.4177E-05  4.7987E-03 -4.6758E-05 -9.8939E-05
  3.4950E-05  4.8799E-03 -4.7816E-05 -1.0118E-04
  3.5729E-05  4.9612E-03 -4.8881E-05 -1.0343E-04
  3.6513E-05  5.0427E-03 -4.9954E-05 -1.0570E-04
  3.7302E-05  5.1242E-03 -5.1034E-05 -1.0799E-04
  3.8097E-05  5.2059E-03 -5.2122E-05 -1.1029E-04
  3.8898E-05  5.2877E-03 -5.3217E-05 -1.1260E-04
  3.9704E-05  5.3696E-03 -5.4319E-05 -1.1494E-04
  4.0515E-05  5.4517E-03 -5.5430E-05 -1.1729E-04
  4.1333E-05  5.5339E-03 -5.6548E-05 -1.1965E-04
  4.2156E-05  5.6163E-03 -5.7674E-05 -1.2204E-04
  4.2984E-05  5.6988E-03 -5.8807E-05 -1.2443E-04
  4.3819E-05  5.7815E-03 -5.9949E-05 -1.2685E-04
  4.4659E-05  5.8644E-03 -6.1099E-05 -1.2928E-04
  4.5505E-05  5.9474E-03 -6.2256E-05 -1.3173E-04
  4.6357E-05  6.0306E-03 -6.3422E-05 -1.3420E-04
  4.7215E-05  6.1140E-03 -6.4595E-05 -1.3668E-04
  4.8079E-05  6.1975E-03 -6.5777E-05 -1.3918E-04
  4.8949E-05  6.2813E-03 -6.6967E-05 -1.4170E-04
  4.9825E-05  6.3653E-03 -6.8166E-05 -1.4424E-04
  5.0707E-05  6.4494E-03 -6.9372E-05 -1.4679E-04
  5.1595E-05  6.5338E-03 -7.0588E-05 -1.4936E-04
  5.2489E-05  6.6183E-03 -7.1811E-05 -1.5195E-04
  5.3390E-05  6.7031E-03 -7.3043E-05 -1.5456E-04
  5.4296E-05  6.7881E-03 -7.4284E-05 -1.5718E-04
  5.5210E-05  6.8733E-03 -7.5533E-05 -1.5983E-04
  5.6129E-05  6.9587E-03 -7.6791E-05 -1.6249E-04
  5.7055E-05  7.0444E-03 -7.8058E-05 -1.6517E-04
  5.7987E-05  7.1303E-03 -7.9333E-05 -1.6787E-04
  5.8926E-05  7.2164E-03 -8.0617E-05 -1.7058E-04
  5.9871E-05  7.3028E-03 -8.1911E-05 -1.7332E-04
  6.0823E-05  7.3894E-03 -8.3213E-05 -1.7608E-04
  6.1782E-05  7.4762E-03 -8.4524E-05 -1.7885E-04
  6.2747E-05  7.5633E-03 -8.5845E-05 -1.8164E-04
  6.3719E-05  7.6507E-03 -8.7174E-05 -1.8446E-04
  6.4697E-05  7.7383E-03 -8.8513E-05 -1.8729E-04
  6.5683E-05  7.8261E-03 -8.9861E-05 -1.9014E-04
  6.6675E-05  7.9142E-03 -9.1219E-05 -1.9302E-04
  6.7674E-05  8.0026E-03 -9.2586E-05 -1.9591E-04
  6.8680E-05  8.0913E-03 -9.3963E-05 -1.9882E-04
  6.9694E-05  8.1802E-03 -9.5349E-05 -2.0175E-04
  7.0714E-05  8.2694E-03 -9.6744E-05 -2.0471E-04
  7.1741E-05  8.3589E-03 -9.8150E-05 -2.0768E-04
  7.2775E-05  8.4486E-03 -9.9565E-05 -2.1068E-04
  7.3817E-05  8.5386E-03 -1.0099E-04 -2.1369E-04
  7.4866E-05  8.6290E-03 -1.0243E-04 -2.1673E-04
  7.5922E-05  8.7196E-03 -1.0387E-04 -2.1979E-04
  7.6986E-05  8.8105E-03 -1.0533E-04 -2.2286E-04
  7.8056E-05  8.9017E-03 -1.0679E-04 -2.2596E-04
  7.9135E-05  8.9932E-03 -1.0827E-04 -2.2909E-04
  8.0221E-05  9.0850E-03 -1.0975E-04 -2.3223E-04
  8.1314E-05  9.1771E-03 -1.1125E-04 -2.3539E-04
  8.2415E-05  9.2695E-03 -1.1275E-04 -2.3858E-04
  8.3524E-05  9.3622E-03 -1.1427E-04 -2.4179E-04
  8.4640E-05  9.4552E-03 -1.1580E-04 -2.4502E-04
  8.5764E-05  9.5486E-03 -1.1734E-04 -2.4828E-04
  8.6896E-05  9.6422E-03 -1.1888E-04 -2.5155E-04
  8.8036E-05  9.7362E-03 -1.2044E-04 -2.5485E-04
  8.9184E-05  9.8305E-03 -1.2201E-04 -2.5818E-04
  9.0339E-05  9.9252E-03 -1.2359E-04 -2.6152E-04
  9.1503E-05  1.0020E-02 -1.2519E-04 -2.6489E-04
  9.2675E-05  1.0115E-02 -1.2679E-04 -2.6828E-04
  9.3855E-05  1.0211E-02 -1.2840E-04 -2.7170E-04
  9.5043E-05  1.0307E-02 -1.3003E-04 -2.7514E-04
  9.6240E-05  1.0403E-02 -1.3167E-04 -2.7860E-04
  9.7445E-05  1.0500E-02 -1.3332E-04 -2.8209E-04
  9.8658E-05  1.0597E-02 -1.3498E-04 -2.8560E-04
  9.9879E-05  1.0694E-02 -1.3665E-04 -2.8914E-04
  1.0111E-04  1.0792E-02 -1.3833E-04 -2.9270E-04
  1.0235E-04  1.0890E-02 -1.4002E-04 -2.9629E-04
  1.0360E-04  1.0988E-02 -1.4173E-04 -2.9990E-04
  1.0485E-04  1.1087E-02 -1.4345E-04 -3.0353E-04
  1.0612E-04  1.1186E-02 -1.4518E-04 -3.0719E-04
  1.0739E-04  1.1286E-02 -1.4692E-04 -3.1088E-04
  1.0867E-04  1.1386E-02 -1.4868E-04 -3.1459E-04
  1.0996E-04  1.1486E-02 -1.5044E-04 -3.1833E-04
  1.1126E-04  1.1586E-02 -1.5222E-04 -3.2209E-04
  1.1257E-04  1.1687E-02 -1.5401E-04 -3.2589E-04
  1.1389E-04  1.1789E-02 -1.5582E-04 -3.2970E-04
  1.1522E-04  1.1890E-02 -1.5763E-04 -3.3354E-04
  1.1656E-04  1.1993E-02 -1.5946E-04 -3.3741E-04
  1.1790E-04  1.2095E-02 -1.6130E-04 -3.4131E-04
  1.1926E-04  1.2198E-02 -1.6316E-04 -3.4524E-04
  1.2062E-04  1.2301E-02 -1.6502E-04 -3.4919E-04
  1.2200E-04  1.2405E-02 -1.6690E-04 -3.5317E-04
  1.2338E-04  1.2509E-02 -1.6880E-04 -3.5717E-04
  1.2477E-04  1.2613E-02 -1.7070E-04 -3.6121E-04
  1.2618E-04  1.2718E-02 -1.7262E-04 -3.6527E-04
  1.2759E-04  1.2823E-02 -1.7456E-04 -3.6936E-04
  1.2901E-04  1.2929E-02 -1.7650E-04 -3.7348E-04
  1.3045E-04  1.3035E-02 -1.7846E-04 -3.7762E-04
  1.3189E-04  1.3141E-02 -1.8044E-04 -3.8180E-04
  1.3334E-04  1.3248E-02 -1.8243E-04 -3.8601E-04
  1.3480E-04  1.3355E-02 -1.8443E-04 -3.9024E-04
  1.3628E-04  1.3463E-02 -1.8644E-04 -3.9451E-04
  1.3776E-04  1.3571E-02 -1.8847E-04 -3.9880E-04
  1.3925E-04  1.3680E-02 -1.9051E-04 -4.0312E-04
  1.4076E-04  1.3789E-02 -1.9257E-04 -4.0748E-04
  1.4227E-04  1.3898E-02 -1.9464E-04 -4.1186E-04
  1.4380E-04  1.4008E-02 -1.9673E-04 -4.1627E-04
  1.4533E-04  1.4118E-02 -1.9883E-04 -4.2072E-04
  1.4688E-04  1.4229E-02 -2.0095E-04 -4.2520E-04
  1.4844E-04  1.4340E-02 -2.0308E-04 -4.2970E-04
  1.5000E-04  1.4451E-02 -2.0522E-04 -4.3424E-04
  1.5158E-04  1.4563E-02 -2.0738E-04 -4.3881E-04
  1.5317E-04  1.4676E-02 -2.0956E-04 -4.4341E-04
  1.5477E-04  1.4789E-02 -2.1175E-04 -4.4805E-04
  1.5638E-04  1.4902E-02 -2.1395E-04 -4.5271E-04
  1.5801E-04  1.5016E-02 -2.1617E-04 -4.5741E-04
  1.5964E-04  1.5130E-02 -2.1841E-04 -4.6214E-04
  1.6129E-04  1.5245E-02 -2.2066E-04 -4.6691E-04
  1.6294E-04  1.5360E-02 -2.2293E-04 -4.7171E-04
  1.6461E-04  1.5475E-02 -2.2521E-04 -4.7654E-04
  1.6629E-04  1.5591E-02 -2.2751E-04 -4.8140E-04
  1.6799E-04  1.5708E-02 -2.2982E-04 -4.8630E-04
  1.6969E-04  1.5825E-02 -2.3215E-04 -4.9123E-04
  1.7140E-04  1.5942E-02 -2.3450E-04 -4.9620E-04
  1.7313E-04  1.6060E-02 -2.3686E-04 -5.0120E-04
  1.7487E-04  1.6178E-02 -2.3924E-04 -5.0623E-04
  1.7662E-04  1.6297E-02 -2.4164E-04 -5.1130E-04
  1.7839E-04  1.6417E-02 -2.4405E-04 -5.1641E-04
  1.8016E-04  1.6536E-02 -2.4648E-04 -5.2155E-04
  1.8195E-04  1.6657E-02 -2.4893E-04 -5.2673E-04
  1.8375E-04  1.6777E-02 -2.5139E-04 -5.3194E-04
  1.8557E-04  1.6899E-02 -2.5388E-04 -5.3719E-04
  1.8739E-04  1.7021E-02 -2.5637E-04 -5.4248E-04
  1.8923E-04  1.7143E-02 -2.5889E-04 -5.4780E-04
  1.9108E-04  1.7266E-02 -2.6142E-04 -5.5316E-04
  1.9295E-04  1.7389E-02 -2.6397E-04 -5.5856E-04
  1.9482E-04  1.7513E-02 -2.6654E-04 -5.6399E-04
  1.9671E-04  1.7637E-02 -2.6913E-04 -5.6947E-04
  1.9862E-04  1.7762E-02 -2.7173E-04 -5.7498E-04
  2.0053E-04  1.7887E-02 -2.7435E-04 -5.8052E-04
  2.0246E-04  1.8013E-02 -2.7699E-04 -5.8611E-04
  2.0441E-04  1.8139E-02 -2.7965E-04 -5.9174E-04
  2.0637E-04  1.8266E-02 -2.8233E-04 -5.9740E-04
  2.0834E-04  1.8393E-02 -2.8503E-04 -6.0311E-04
  2.1032E-04  1.8521E-02 -2.8774E-04 -6.0885E-04
  2.1232E-04  1.8649E-02 -2.9048E-04 -6.1464E-04
  2.1433E-04  1.8778E-02 -2.9323E-04 -6.2046E-04
  2.1636E-04  1.8907E-02 -2.9600E-04 -6.2633E-04
  2.1840E-04  1.9037E-02 -2.9879E-04 -6.3223E-04
  2.2045E-04  1.9168E-02 -3.0160E-04 -6.3818E-04
  2.2252E-04  1.9299E-02 -3.0443E-04 -6.4417E-04
  2.2460E-04  1.9430E-02 -3.0728E-04 -6.5020E-04
  2.2670E-04  1.9562E-02 -3.1015E-04 -6.5627E-04
  2.2881E-04  1.9695E-02 -3.1304E-04 -6.6238E-04
  2.3094E-04  1.9828E-02 -3.1595E-04 -6.6854E-04
  2.3308E-04  1.9962E-02 -3.1888E-04 -6.7474E-04
  2.3524E-04  2.0096E-02 -3.2183E-04 -6.8098E-04
  2.3741E-04  2.0231E-02 -3.2480E-04 -6.8727E-04
  2.3959E-04  2.0366E-02 -3.2779E-04 -6.9360E-04
  2.4180E-04  2.0502E-02 -3.3081E-04 -6.9997E-04
  2.4401E-04  2.0639E-02 -3.3384E-04 -7.0639E-04
  2.4625E-04  2.0776E-02 -3.3689E-04 -7.1285E-04
  2.4849E-04  2.0913E-02 -3.3997E-04 -7.1936E-04
  2.5076E-04  2.1051E-02 -3.4306E-04 -7.2592E-04
  2.5304E-04  2.1190E-02 -3.4618E-04 -7.3251E-04
  2.5533E-04  2.1329E-02 -3.4932E-04 -7.3916E-04
  2.5764E-04  2.1469E-02 -3.5249E-04 -7.4585E-04
  2.5997E-04  2.1610E-02 -3.5567E-04 -7.5259E-04
  2.6231E-04  2.1751E-02 -3.5888E-04 -7.5937E-04
  2.6467E-04  2.1892E-02 -3.6210E-04 -7.6620E-04
  2.6705E-04  2.2034E-02 -3.6535E-04 -7.7308E-04
  2.6944E-04  2.2177E-02 -3.6863E-04 -7.8001E-04
  2.7185E-04  2.2321E-02 -3.7192E-04 -7.8698E-04
  2.7428E-04  2.2464E-02 -3.7524E-04 -7.9400E-04
  2.7672E-04  2.2609E-02 -3.7859E-04 -8.0108E-04
  2.7918E-04  2.2754E-02 -3.8195E-04 -8.0820E-04
  2.8166E-04  2.2900E-02 -3.8534E-04 -8.1537E-04
  2.8415E-04  2.3046E-02 -3.8875E-04 -8.2259E-04
  2.8666E-04  2.3193E-02 -3.9219E-04 -8.2986E-04
  2.8919E-04  2.3341E-02 -3.9565E-04 -8.3718E-04
  2.9174E-04  2.3489E-02 -3.9913E-04 -8.4455E-04
  2.9430E-04  2.3637E-02 -4.0264E-04 -8.5198E-04
  2.9689E-04  2.3787E-02 -4.0617E-04 -8.5945E-04
  2.9949E-04  2.3937E-02 -4.0973E-04 -8.6698E-04
  3.0210E-04  2.4087E-02 -4.1331E-04 -8.7456E-04
  3.0474E-04  2.4238E-02 -4.1692E-04 -8.8219E-04
  3.0740E-04  2.4390E-02 -4.2055E-04 -8.8988E-04
  3.1007E-04  2.4543E-02 -4.2421E-04 -8.9762E-04
  3.1276E-04  2.4696E-02 -4.2789E-04 -9.0541E-04
  3.1547E-04  2.4849E-02 -4.3160E-04 -9.1325E-04
  3.1820E-04  2.5004E-02 -4.3534E-04 -9.2116E-04
  3.2095E-04  2.5158E-02 -4.3910E-04 -9.2911E-04
  3.2372E-04  2.5314E-02 -4.4288E-04 -9.3712E-04
  3.2650E-04  2.5470E-02 -4.4669E-04 -9.4519E-04
  3.2931E-04  2.5627E-02 -4.5053E-04 -9.5331E-04
  3.3214E-04  2.5784E-02 -4.5440E-04 -9.6149E-04
  3.3498E-04  2.5943E-02 -4.5829E-04 -9.6973E-04
  3.3785E-04  2.6101E-02 -4.6221E-04 -9.7803E-04
  3.4073E-04  2.6261E-02 -4.6616E-04 -9.8638E-04
  3.4364E-04  2.6421E-02 -4.7013E-04 -9.9479E-04
  3.4656E-04  2.6581E-02 -4.7414E-04 -1.0033E-03
  3.4951E-04  2.6743E-02 -4.7817E-04 -1.0118E-03
  3.5247E-04  2.6905E-02 -4.8222E-04 -1.0204E-03
  3.5546E-04  2.7067E-02 -4.8631E-04 -1.0290E-03
  3.5847E-04  2.7231E-02 -4.9042E-04 -1.0377E-03
  3.6150E-04  2.7395E-02 -4.9457E-04 -1.0465E-03
  3.6455E-04  2.7559E-02 -4.9874E-04 -1.0553E-03
  3.6762E-04  2.7725E-02 -5.0294E-04 -1.0642E-03
  3.7071E-04  2.7891E-02 -5.0717E-04 -1.0732E-03
  3.7382E-04  2.8057E-02 -5.1143E-04 -1.0822E-03
  3.7696E-04  2.8225E-02 -5.1572E-04 -1.0912E-03
  3.8011E-04  2.8392E-02 -5.2004E-04 -1.1004E-03
  3.8329E-04  2.8561E-02 -5.2439E-04 -1.1096E-03
  3.8649E-04  2.8731E-02 -5.2877E-04 -1.1189E-03
  3.8972E-04  2.8901E-02 -5.3318E-04 -1.1282E-03
  3.9296E-04  2.9071E-02 -5.3762E-04 -1.1376E-03
  3.9623E-04  2.9243E-02 -5.4209E-04 -1.1470E-03
  3.9952E-04  2.9415E-02 -5.4659E-04 -1.1566E-03
  4.0284E-04  2.9587E-02 -5.5113E-04 -1.1662E-03
  4.0617E-04  2.9761E-02 -5.5569E-04 -1.1758E-03
  4.0953E-04  2.9935E-02 -5.6029E-04 -1.1856E-03
  4.1292E-04  3.0110E-02 -5.6492E-04 -1.1953E-03
  4.1632E-04  3.0285E-02 -5.6958E-04 -1.2052E-03
  4.1975E-04  3.0462E-02 -5.7427E-04 -1.2151E-03
  4.2321E-04  3.0639E-02 -5.7900E-04 -1.2251E-03
  4.2669E-04  3.0816E-02 -5.8376E-04 -1.2352E-03
  4.3019E-04  3.0995E-02 -5.8855E-04 -1.2454E-03
  4.3372E-04  3.1174E-02 -5.9338E-04 -1.2556E-03
  4.3727E-04  3.1354E-02 -5.9824E-04 -1.2658E-03
  4.4085E-04  3.1534E-02 -6.0313E-04 -1.2762E-03
  4.4445E-04  3.1715E-02 -6.0806E-04 -1.2866E-03
  4.4807E-04  3.1897E-02 -6.1302E-04 -1.2971E-03
  4.5173E-04  3.2080E-02 -6.1801E-04 -1.3077E-03
  4.5540E-04  3.2263E-02 -6.2304E-04 -1.3183E-03
  4.5911E-04  3.2447E-02 -6.2811E-04 -1.3291E-03
  4.6283E-04  3.2632E-02 -6.3321E-04 -1.3399E-03
  4.6659E-04  3.2818E-02 -6.3835E-04 -1.3507E-03
  4.7037E-04  3.3004E-02 -6.4352E-04 -1.3617E-03
  4.7417E-04  3.3191E-02 -6.4872E-04 -1.3727E-03
  4.7801E-04  3.3378E-02 -6.5397E-04 -1.3838E-03
  4.8187E-04  3.3567E-02 -6.5925E-04 -1.3950E-03
  4.8575E-04  3.3756E-02 -6.6457E-04 -1.4062E-03
  4.8967E-04  3.3946E-02 -6.6992E-04 -1.4175E-03
  4.9361E-04  3.4137E-02 -6.7531E-04 -1.4289E-03
  4.9758E-04  3.4328E-02 -6.8074E-04 -1.4404E-03
  5.0157E-04  3.4520E-02 -6.8621E-04 -1.4520E-03
  5.0560E-04  3.4713E-02 -6.9171E-04 -1.4636E-03
  5.0965E-04  3.4907E-02 -6.9726E-04 -1.4754E-03
  5.1373E-04  3.5101E-02 -7.0284E-04 -1.4872E-03
  5.1784E-04  3.5296E-02 -7.0846E-04 -1.4991E-03
  5.2197E-04  3.5492E-02 -7.1412E-04 -1.5111E-03
  5.2614E-04  3.5689E-02 -7.1982E-04 -1.5231E-03
  5.3033E-04  3.5886E-02 -7.2556E-04 -1.5353E-03
  5.3456E-04  3.6084E-02 -7.3133E-04 -1.5475E-03
  5.3881E-04  3.6283E-02 -7.3715E-04 -1.5598E-03
  5.4309E-04  3.6483E-02 -7.4301E-04 -1.5722E-03
  5.4740E-04  3.6683E-02 -7.4891E-04 -1.5847E-03
  5.5175E-04  3.6884E-02 -7.5485E-04 -1.5972E-03
  5.5612E-04  3.7086E-02 -7.6083E-04 -1.6099E-03
  5.6052E-04  3.7289E-02 -7.6686E-04 -1.6226E-03
  5.6496E-04  3.7492E-02 -7.7292E-04 -1.6355E-03
  5.6942E-04  3.7696E-02 -7.7903E-04 -1.6484E-03
  5.7392E-04  3.7901E-02 -7.8518E-04 -1.6614E-03
  5.7844E-04  3.8107E-02 -7.9138E-04 -1.6745E-03
  5.8300E-04  3.8313E-02 -7.9761E-04 -1.6877E-03
  5.8759E-04  3.8521E-02 -8.0389E-04 -1.7010E-03
  5.9221E-04  3.8729E-02 -8.1021E-04 -1.7144E-03
  5.9687E-04  3.8938E-02 -8.1658E-04 -1.7279E-03
  6.0155E-04  3.9147E-02 -8.2299E-04 -1.7414E-03
  6.0627E-04  3.9357E-02 -8.2945E-04 -1.7551E-03
  6.1102E-04  3.9569E-02 -8.3595E-04 -1.7688E-03
  6.1581E-04  3.9781E-02 -8.4250E-04 -1.7827E-03
  6.2063E-04  3.9993E-02 -8.4909E-04 -1.7966E-03
  6.2548E-04  4.0207E-02 -8.5573E-04 -1.8107E-03
  6.3036E-04  4.0421E-02 -8.6241E-04 -1.8248E-03
  6.3528E-04  4.0636E-02 -8.6914E-04 -1.8391E-03
  6.4024E-04  4.0852E-02 -8.7592E-04 -1.8534E-03
  6.4522E-04  4.1068E-02 -8.8274E-04 -1.8679E-03
  6.5025E-04  4.1286E-02 -8.8961E-04 -1.8824E-03
  6.5530E-04  4.1504E-02 -8.9653E-04 -1.8970E-03
  6.6040E-04  4.1723E-02 -9.0350E-04 -1.9118E-03
  6.6552E-04  4.1943E-02 -9.1051E-04 -1.9266E-03
  6.7069E-04  4.2163E-02 -9.1758E-04 -1.9416E-03
  6.7589E-04  4.2384E-02 -9.2469E-04 -1.9566E-03
  6.8112E-04  4.2606E-02 -9.3186E-04 -1.9718E-03
  6.8640E-04  4.2829E-02 -9.3907E-04 -1.9870E-03
  6.9171E-04  4.3053E-02 -9.4633E-04 -2.0024E-03
  6.9705E-04  4.3277E-02 -9.5365E-04 -2.0179E-03
  7.0243E-04  4.3503E-02 -9.6101E-04 -2.0335E-03
  7.0786E-04  4.3729E-02 -9.6843E-04 -2.0492E-03
  7.1331E-04  4.3956E-02 -9.7589E-04 -2.0650E-03
  7.1881E-04  4.4183E-02 -9.8341E-04 -2.0809E-03
  7.2434E-04  4.4412E-02 -9.9099E-04 -2.0969E-03
  7.2992E-04  4.4641E-02 -9.9861E-04 -2.1130E-03
  7.3553E-04  4.4871E-02 -1.0063E-03 -2.1293E-03
  7.4118E-04  4.5102E-02 -1.0140E-03 -2.1456E-03
  7.4687E-04  4.5333E-02 -1.0218E-03 -2.1621E-03
  7.5260E-04  4.5565E-02 -1.0296E-03 -2.1787E-03
  7.5837E-04  4.5799E-02 -1.0375E-03 -2.1954E-03
  7.6418E-04  4.6033E-02 -1.0455E-03 -2.2122E-03
  7.7003E-04  4.6267E-02 -1.0535E-03 -2.2291E-03
  7.7592E-04  4.6503E-02 -1.0615E-03 -2.2462E-03
  7.8185E-04  4.6739E-02 -1.0697E-03 -2.2634E-03
  7.8782E-04  4.6976E-02 -1.0778E-03 -2.2807E-03
  7.9384E-04  4.7214E-02 -1.0861E-03 -2.2981E-03
  7.9989E-04  4.7453E-02 -1.0943E-03 -2.3156E-03
  8.0599E-04  4.7692E-02 -1.1027E-03 -2.3333E-03
  8.1213E-04  4.7933E-02 -1.1111E-03 -2.3510E-03
  8.1832E-04  4.8174E-02 -1.1195E-03 -2.3689E-03
  8.2454E-04  4.8415E-02 -1.1281E-03 -2.3870E-03
  8.3081E-04  4.8658E-02 -1.1366E-03 -2.4051E-03
  8.3712E-04  4.8901E-02 -1.1453E-03 -2.4234E-03
  8.4348E-04  4.9146E-02 -1.1540E-03 -2.4418E-03
  8.4988E-04  4.9391E-02 -1.1627E-03 -2.4603E-03
  8.5633E-04  4.9636E-02 -1.1716E-03 -2.4790E-03
  8.6282E-04  4.9883E-02 -1.1804E-03 -2.4978E-03
  8.6936E-04  5.0130E-02 -1.1894E-03 -2.5167E-03
  8.7594E-04  5.0378E-02 -1.1984E-03 -2.5357E-03
  8.8256E-04  5.0627E-02 -1.2074E-03 -2.5549E-03
  8.8924E-04  5.0877E-02 -1.2166E-03 -2.5742E-03
  8.9596E-04  5.1127E-02 -1.2258E-03 -2.5937E-03
  9.0272E-04  5.1379E-02 -1.2350E-03 -2.6133E-03
  9.0954E-04  5.1631E-02 -1.2443E-03 -2.6330E-03
  9.1640E-04  5.1883E-02 -1.2537E-03 -2.6529E-03
  9.2331E-04  5.2137E-02 -1.2632E-03 -2.6729E-03
  9.3026E-04  5.2391E-02 -1.2727E-03 -2.6930E-03
  9.3727E-04  5.2646E-02 -1.2823E-03 -2.7133E-03
  9.4432E-04  5.2902E-02 -1.2919E-03 -2.7337E-03
  9.5142E-04  5.3159E-02 -1.3017E-03 -2.7543E-03
  9.5858E-04  5.3416E-02 -1.3114E-03 -2.7750E-03
  9.6578E-04  5.3674E-02 -1.3213E-03 -2.7958E-03
  9.7303E-04  5.3933E-02 -1.3312E-03 -2.8168E-03
  9.8033E-04  5.4193E-02 -1.3412E-03 -2.8379E-03
  9.8768E-04  5.4453E-02 -1.3513E-03 -2.8592E-03
  9.9509E-04  5.4715E-02 -1.3614E-03 -2.8807E-03
  1.0025E-03  5.4977E-02 -1.3716E-03 -2.9023E-03
  1.0101E-03  5.5239E-02 -1.3819E-03 -2.9240E-03
  1.0176E-03  5.5503E-02 -1.3922E-03 -2.9459E-03
  1.0252E-03  5.5767E-02 -1.4026E-03 -2.9679E-03
  1.0329E-03  5.6032E-02 -1.4131E-03 -2.9901E-03
  1.0406E-03  5.6297E-02 -1.4237E-03 -3.0124E-03
  1.0484E-03  5.6564E-02 -1.4343E-03 -3.0349E-03
  1.0562E-03  5.6831E-02 -1.4450E-03 -3.0576E-03
  1.0641E-03  5.7099E-02 -1.4558E-03 -3.0804E-03
  1.0720E-03  5.7367E-02 -1.4667E-03 -3.1034E-03
  1.0800E-03  5.7636E-02 -1.4776E-03 -3.1265E-03
  1.0881E-03  5.7906E-02 -1.4886E-03 -3.1498E-03
  1.0962E-03  5.8177E-02 -1.4997E-03 -3.1733E-03
  1.1043E-03  5.8448E-02 -1.5108E-03 -3.1969E-03
  1.1125E-03  5.8721E-02 -1.5221E-03 -3.2207E-03
  1.1208E-03  5.8993E-02 -1.5334E-03 -3.2446E-03
  1.1291E-03  5.9267E-02 -1.5448E-03 -3.2687E-03
  1.1375E-03  5.9541E-02 -1.5563E-03 -3.2930E-03
  1.1460E-03  5.9816E-02 -1.5678E-03 -3.3175E-03
  1.1545E-03  6.0092E-02 -1.5795E-03 -3.3421E-03
  1.1630E-03  6.0368E-02 -1.5912E-03 -3.3669E-03
  1.1717E-03  6.0645E-02 -1.6030E-03 -3.3918E-03
  1.1804E-03  6.0923E-02 -1.6149E-03 -3.4170E-03
  1.1891E-03  6.1201E-02 -1.6268E-03 -3.4423E-03
  1.1979E-03  6.1480E-02 -1.6389E-03 -3.4678E-03
  1.2068E-03  6.1760E-02 -1.6510E-03 -3.4934E-03
  1.2157E-03  6.2040E-02 -1.6632E-03 -3.5193E-03
  1.2247E-03  6.2321E-02 -1.6755E-03 -3.5453E-03
  1.2337E-03  6.2602E-02 -1.6879E-03 -3.5715E-03
  1.2429E-03  6.2885E-02 -1.7004E-03 -3.5979E-03
  1.2520E-03  6.3168E-02 -1.7129E-03 -3.6245E-03
  1.2613E-03  6.3451E-02 -1.7256E-03 -3.6512E-03
  1.2706E-03  6.3735E-02 -1.7383E-03 -3.6782E-03
  1.2800E-03  6.4020E-02 -1.7511E-03 -3.7053E-03
  1.2894E-03  6.4305E-02 -1.7640E-03 -3.7326E-03
  1.2989E-03  6.4591E-02 -1.7770E-03 -3.7601E-03
  1.3085E-03  6.4878E-02 -1.7901E-03 -3.7878E-03
  1.3181E-03  6.5165E-02 -1.8033E-03 -3.8157E-03
  1.3278E-03  6.5453E-02 -1.8166E-03 -3.8438E-03
  1.3376E-03  6.5741E-02 -1.8299E-03 -3.8721E-03
  1.3474E-03  6.6030E-02 -1.8434E-03 -3.9006E-03
  1.3573E-03  6.6320E-02 -1.8570E-03 -3.9293E-03
  1.3673E-03  6.6610E-02 -1.8706E-03 -3.9581E-03
  1.3773E-03  6.6900E-02 -1.8843E-03 -3.9872E-03
  1.3874E-03  6.7191E-02 -1.8982E-03 -4.0165E-03
  1.3976E-03  6.7483E-02 -1.9121E-03 -4.0460E-03
  1.4079E-03  6.7775E-02 -1.9261E-03 -4.0757E-03
  1.4182E-03  6.8068E-02 -1.9403E-03 -4.1055E-03
  1.4286E-03  6.8361E-02 -1.9545E-03 -4.1356E-03
  1.4391E-03  6.8655E-02 -1.9688E-03 -4.1660E-03
  1.4496E-03  6.8949E-02 -1.9832E-03 -4.1965E-03
  1.4602E-03  6.9244E-02 -1.9978E-03 -4.2272E-03
  1.4709E-03  6.9539E-02 -2.0124E-03 -4.2582E-03
  1.4817E-03  6.9835E-02 -2.0271E-03 -4.2893E-03
  1.4925E-03  7.0131E-02 -2.0420E-03 -4.3207E-03
  1.5034E-03  7.0428E-02 -2.0569E-03 -4.3523E-03
  1.5144E-03  7.0725E-02 -2.0719E-03 -4.3841E-03
  1.5255E-03  7.1023E-02 -2.0871E-03 -4.4162E-03
  1.5366E-03  7.1321E-02 -2.1023E-03 -4.4484E-03
  1.5479E-03  7.1619E-02 -2.1177E-03 -4.4809E-03
  1.5592E-03  7.1918E-02 -2.1331E-03 -4.5136E-03
  1.5706E-03  7.2217E-02 -2.1487E-03 -4.5466E-03
  1.5820E-03  7.2517E-02 -2.1644E-03 -4.5797E-03
  1.5935E-03  7.2817E-02 -2.1802E-03 -4.6131E-03
  1.6052E-03  7.3117E-02 -2.1960E-03 -4.6468E-03
  1.6169E-03  7.3418E-02 -2.2120E-03 -4.6806E-03
  1.6286E-03  7.3719E-02 -2.2282E-03 -4.7147E-03
  1.6405E-03  7.4020E-02 -2.2444E-03 -4.7491E-03
  1.6524E-03  7.4322E-02 -2.2607E-03 -4.7836E-03
  1.6645E-03  7.4624E-02 -2.2772E-03 -4.8185E-03
  1.6766E-03  7.4927E-02 -2.2938E-03 -4.8535E-03
  1.6888E-03  7.5229E-02 -2.3104E-03 -4.8888E-03
  1.7011E-03  7.5532E-02 -2.3272E-03 -4.9244E-03
  1.7134E-03  7.5835E-02 -2.3442E-03 -4.9602E-03
  1.7259E-03  7.6139E-02 -2.3612E-03 -4.9962E-03
  1.7384E-03  7.6443E-02 -2.3783E-03 -5.0325E-03
  1.7510E-03  7.6747E-02 -2.3956E-03 -5.0691E-03
  1.7638E-03  7.7051E-02 -2.4130E-03 -5.1059E-03
  1.7766E-03  7.7355E-02 -2.4305E-03 -5.1429E-03
  1.7894E-03  7.7660E-02 -2.4482E-03 -5.1802E-03
  1.8024E-03  7.7965E-02 -2.4659E-03 -5.2178E-03
  1.8155E-03  7.8270E-02 -2.4838E-03 -5.2556E-03
  1.8287E-03  7.8575E-02 -2.5018E-03 -5.2937E-03
  1.8419E-03  7.8880E-02 -2.5199E-03 -5.3321E-03
  1.8553E-03  7.9185E-02 -2.5382E-03 -5.3707E-03
  1.8687E-03  7.9491E-02 -2.5566E-03 -5.4096E-03
  1.8822E-03  7.9796E-02 -2.5751E-03 -5.4488E-03
  1.8958E-03  8.0102E-02 -2.5937E-03 -5.4883E-03
  1.9096E-03  8.0408E-02 -2.6125E-03 -5.5280E-03
  1.9234E-03  8.0714E-02 -2.6314E-03 -5.5680E-03
  1.9373E-03  8.1019E-02 -2.6504E-03 -5.6082E-03
  1.9513E-03  8.1325E-02 -2.6696E-03 -5.6488E-03
  1.9654E-03  8.1631E-02 -2.6889E-03 -5.6896E-03
  1.9796E-03  8.1937E-02 -2.7083E-03 -5.7307E-03
  1.9939E-03  8.2243E-02 -2.7279E-03 -5.7721E-03
  2.0083E-03  8.2549E-02 -2.7476E-03 -5.8138E-03
  2.0228E-03  8.2854E-02 -2.7674E-03 -5.8558E-03
  2.0374E-03  8.3160E-02 -2.7874E-03 -5.8981E-03
  2.0521E-03  8.3465E-02 -2.8075E-03 -5.9407E-03
  2.0669E-03  8.3771E-02 -2.8278E-03 -5.9835E-03
  2.0818E-03  8.4076E-02 -2.8482E-03 -6.0267E-03
  2.0969E-03  8.4381E-02 -2.8687E-03 -6.0701E-03
  2.1120E-03  8.4686E-02 -2.8894E-03 -6.1139E-03
  2.1272E-03  8.4991E-02 -2.9102E-03 -6.1580E-03
  2.1425E-03  8.5296E-02 -2.9312E-03 -6.2024E-03
  2.1580E-03  8.5600E-02 -2.9523E-03 -6.2470E-03
  2.1735E-03  8.5904E-02 -2.9736E-03 -6.2920E-03
  2.1892E-03  8.6208E-02 -2.9950E-03 -6.3373E-03
  2.2049E-03  8.6511E-02 -3.0166E-03 -6.3830E-03
  2.2208E-03  8.6815E-02 -3.0383E-03 -6.4289E-03
  2.2368E-03  8.7118E-02 -3.0601E-03 -6.4752E-03
  2.2529E-03  8.7420E-02 -3.0822E-03 -6.5217E-03
  2.2691E-03  8.7722E-02 -3.1043E-03 -6.5686E-03
  2.2854E-03  8.8024E-02 -3.1266E-03 -6.6159E-03
  2.3018E-03  8.8326E-02 -3.1491E-03 -6.6634E-03
  2.3183E-03  8.8627E-02 -3.1718E-03 -6.7113E-03
  2.3350E-03  8.8927E-02 -3.1945E-03 -6.7596E-03
  2.3518E-03  8.9227E-02 -3.2175E-03 -6.8081E-03
  2.3687E-03  8.9527E-02 -3.2406E-03 -6.8570E-03
  2.3857E-03  8.9826E-02 -3.2639E-03 -6.9062E-03
  2.4028E-03  9.0124E-02 -3.2873E-03 -6.9558E-03
  2.4200E-03  9.0422E-02 -3.3109E-03 -7.0057E-03
  2.4374E-03  9.0719E-02 -3.3347E-03 -7.0560E-03
  2.4549E-03  9.1016E-02 -3.3586E-03 -7.1066E-03
  2.4725E-03  9.1312E-02 -3.3827E-03 -7.1576E-03
  2.4902E-03  9.1608E-02 -3.4069E-03 -7.2089E-03
  2.5081E-03  9.1902E-02 -3.4313E-03 -7.2606E-03
  2.5261E-03  9.2196E-02 -3.4559E-03 -7.3127E-03
  2.5442E-03  9.2489E-02 -3.4807E-03 -7.3651E-03
  2.5624E-03  9.2782E-02 -3.5056E-03 -7.4178E-03
  2.5808E-03  9.3074E-02 -3.5308E-03 -7.4710E-03
  2.5992E-03  9.3364E-02 -3.5560E-03 -7.5245E-03
  2.6178E-03  9.3654E-02 -3.5815E-03 -7.5784E-03
  2.6366E-03  9.3943E-02 -3.6072E-03 -7.6326E-03
  2.6555E-03  9.4232E-02 -3.6330E-03 -7.6872E-03
  2.6745E-03  9.4519E-02 -3.6590E-03 -7.7422E-03
  2.6936E-03  9.4805E-02 -3.6851E-03 -7.7976E-03
  2.7129E-03  9.5090E-02 -3.7115E-03 -7.8534E-03
  2.7323E-03  9.5375E-02 -3.7380E-03 -7.9096E-03
  2.7518E-03  9.5658E-02 -3.7648E-03 -7.9661E-03
  2.7715E-03  9.5940E-02 -3.7917E-03 -8.0231E-03
  2.7913E-03  9.6221E-02 -3.8188E-03 -8.0804E-03
  2.8112E-03  9.6501E-02 -3.8461E-03 -8.1382E-03
  2.8313E-03  9.6780E-02 -3.8736E-03 -8.1963E-03
  2.8515E-03  9.7057E-02 -3.9012E-03 -8.2549E-03
  2.8719E-03  9.7333E-02 -3.9291E-03 -8.3138E-03
  2.8924E-03  9.7608E-02 -3.9572E-03 -8.3732E-03
  2.9131E-03  9.7882E-02 -3.9854E-03 -8.4330E-03
  2.9339E-03  9.8155E-02 -4.0139E-03 -8.4932E-03
  2.9548E-03  9.8426E-02 -4.0425E-03 -8.5538E-03
  2.9759E-03  9.8695E-02 -4.0713E-03 -8.6148E-03
  2.9971E-03  9.8963E-02 -4.1004E-03 -8.6763E-03
  3.0185E-03  9.9230E-02 -4.1296E-03 -8.7382E-03
  3.0400E-03  9.9495E-02 -4.1591E-03 -8.8005E-03
  3.0617E-03  9.9759E-02 -4.1887E-03 -8.8632E-03
  3.0835E-03  1.0002E-01 -4.2186E-03 -8.9264E-03
  3.1055E-03  1.0028E-01 -4.2487E-03 -8.9901E-03
  3.1276E-03  1.0054E-01 -4.2790E-03 -9.0541E-03
  3.1499E-03  1.0080E-01 -4.3095E-03 -9.1186E-03
  3.1724E-03  1.0105E-01 -4.3402E-03 -9.1836E-03
  3.1950E-03  1.0131E-01 -4.3711E-03 -9.2490E-03
  3.2177E-03  1.0156E-01 -4.4022E-03 -9.3149E-03
  3.2406E-03  1.0181E-01 -4.4335E-03 -9.3812E-03
  3.2637E-03  1.0206E-01 -4.4651E-03 -9.4480E-03
  3.2869E-03  1.0230E-01 -4.4969E-03 -9.5153E-03
  3.3103E-03  1.0255E-01 -4.5289E-03 -9.5830E-03
  3.3339E-03  1.0279E-01 -4.5611E-03 -9.6512E-03
  3.3576E-03  1.0303E-01 -4.5936E-03 -9.7199E-03
  3.3815E-03  1.0327E-01 -4.6263E-03 -9.7890E-03
  3.4055E-03  1.0350E-01 -4.6592E-03 -9.8586E-03
  3.4298E-03  1.0374E-01 -4.6923E-03 -9.9287E-03
  3.4542E-03  1.0397E-01 -4.7257E-03 -9.9993E-03
  3.4787E-03  1.0420E-01 -4.7593E-03 -1.0070E-02
  3.5034E-03  1.0443E-01 -4.7931E-03 -1.0142E-02
  3.5283E-03  1.0465E-01 -4.8272E-03 -1.0214E-02
  3.5534E-03  1.0487E-01 -4.8615E-03 -1.0287E-02
  3.5787E-03  1.0510E-01 -4.8960E-03 -1.0360E-02
  3.6041E-03  1.0531E-01 -4.9308E-03 -1.0433E-02
  3.6297E-03  1.0553E-01 -4.9658E-03 -1.0507E-02
  3.6555E-03  1.0574E-01 -5.0011E-03 -1.0582E-02
  3.6814E-03  1.0595E-01 -5.0366E-03 -1.0657E-02
  3.7076E-03  1.0616E-01 -5.0723E-03 -1.0733E-02
  3.7339E-03  1.0636E-01 -5.1083E-03 -1.0809E-02
  3.7604E-03  1.0657E-01 -5.1446E-03 -1.0886E-02
  3.7871E-03  1.0677E-01 -5.1811E-03 -1.0963E-02
  3.8139E-03  1.0696E-01 -5.2179E-03 -1.1041E-02
  3.8410E-03  1.0716E-01 -5.2549E-03 -1.1119E-02
  3.8682E-03  1.0735E-01 -5.2922E-03 -1.1198E-02
  3.8957E-03  1.0753E-01 -5.3297E-03 -1.1277E-02
  3.9233E-03  1.0772E-01 -5.3675E-03 -1.1357E-02
  3.9511E-03  1.0790E-01 -5.4056E-03 -1.1438E-02
  3.9791E-03  1.0808E-01 -5.4439E-03 -1.1519E-02
  4.0073E-03  1.0825E-01 -5.4825E-03 -1.1601E-02
  4.0357E-03  1.0843E-01 -5.5213E-03 -1.1683E-02
  4.0643E-03  1.0860E-01 -5.5605E-03 -1.1766E-02
  4.0932E-03  1.0876E-01 -5.5999E-03 -1.1849E-02
  4.1222E-03  1.0892E-01 -5.6396E-03 -1.1933E-02
  4.1514E-03  1.0908E-01 -5.6795E-03 -1.2018E-02
  4.1808E-03  1.0924E-01 -5.7197E-03 -1.2103E-02
  4.2104E-03  1.0939E-01 -5.7602E-03 -1.2188E-02
  4.2402E-03  1.0954E-01 -5.8010E-03 -1.2275E-02
  4.2702E-03  1.0968E-01 -5.8421E-03 -1.2362E-02
  4.3004E-03  1.0982E-01 -5.8835E-03 -1.2449E-02
  4.3309E-03  1.0996E-01 -5.9251E-03 -1.2537E-02
  4.3615E-03  1.1010E-01 -5.9671E-03 -1.2626E-02
  4.3924E-03  1.1023E-01 -6.0093E-03 -1.2715E-02
  4.4235E-03  1.1035E-01 -6.0518E-03 -1.2805E-02
  4.4548E-03  1.1047E-01 -6.0946E-03 -1.2896E-02
  4.4863E-03  1.1059E-01 -6.1377E-03 -1.2987E-02
  4.5180E-03  1.1070E-01 -6.1812E-03 -1.3079E-02
  4.5500E-03  1.1081E-01 -6.2249E-03 -1.3172E-02
  4.5822E-03  1.1092E-01 -6.2689E-03 -1.3265E-02
  4.6146E-03  1.1102E-01 -6.3132E-03 -1.3359E-02
  4.6472E-03  1.1112E-01 -6.3579E-03 -1.3453E-02
  4.6801E-03  1.1121E-01 -6.4028E-03 -1.3548E-02
  4.7131E-03  1.1130E-01 -6.4481E-03 -1.3644E-02
  4.7464E-03  1.1138E-01 -6.4937E-03 -1.3740E-02
  4.7800E-03  1.1146E-01 -6.5395E-03 -1.3837E-02
  4.8138E-03  1.1153E-01 -6.5858E-03 -1.3935E-02
  4.8478E-03  1.1160E-01 -6.6323E-03 -1.4034E-02
  4.8820E-03  1.1167E-01 -6.6791E-03 -1.4133E-02
  4.9165E-03  1.1173E-01 -6.7263E-03 -1.4233E-02
  4.9512E-03  1.1178E-01 -6.7738E-03 -1.4333E-02
  4.9862E-03  1.1183E-01 -6.8217E-03 -1.4434E-02
  5.0214E-03  1.1188E-01 -6.8698E-03 -1.4536E-02
  5.0569E-03  1.1192E-01 -6.9184E-03 -1.4639E-02
  5.0926E-03  1.1196E-01 -6.9672E-03 -1.4742E-02
  5.1285E-03  1.1199E-01 -7.0164E-03 -1.4846E-02
  5.1647E-03  1.1201E-01 -7.0659E-03 -1.4951E-02
  5.2012E-03  1.1203E-01 -7.1158E-03 -1.5057E-02
  5.2379E-03  1.1204E-01 -7.1660E-03 -1.5163E-02
  5.2749E-03  1.1205E-01 -7.2166E-03 -1.5270E-02
  5.3121E-03  1.1205E-01 -7.2675E-03 -1.5378E-02
  5.3496E-03  1.1205E-01 -7.3188E-03 -1.5486E-02
  5.3873E-03  1.1204E-01 -7.3704E-03 -1.5595E-02
  5.4253E-03  1.1203E-01 -7.4224E-03 -1.5705E-02
  5.4636E-03  1.1201E-01 -7.4747E-03 -1.5816E-02
  5.5021E-03  1.1198E-01 -7.5274E-03 -1.5928E-02
  5.5409E-03  1.1195E-01 -7.5805E-03 -1.6040E-02
  5.5800E-03  1.1192E-01 -7.6340E-03 -1.6153E-02
  5.6193E-03  1.1187E-01 -7.6878E-03 -1.6267E-02
  5.6589E-03  1.1182E-01 -7.7420E-03 -1.6382E-02
  5.6988E-03  1.1177E-01 -7.7966E-03 -1.6497E-02
  5.7390E-03  1.1170E-01 -7.8515E-03 -1.6613E-02
  5.7794E-03  1.1164E-01 -7.9068E-03 -1.6730E-02
  5.8201E-03  1.1156E-01 -7.9626E-03 -1.6848E-02
  5.8612E-03  1.1148E-01 -8.0187E-03 -1.6967E-02
  5.9024E-03  1.1139E-01 -8.0752E-03 -1.7087E-02
  5.9440E-03  1.1130E-01 -8.1321E-03 -1.7207E-02
  5.9859E-03  1.1120E-01 -8.1893E-03 -1.7328E-02
  6.0281E-03  1.1109E-01 -8.2470E-03 -1.7450E-02
  6.0705E-03  1.1097E-01 -8.3051E-03 -1.7573E-02
  6.1133E-03  1.1085E-01 -8.3636E-03 -1.7697E-02
  6.1563E-03  1.1072E-01 -8.4225E-03 -1.7822E-02
  6.1997E-03  1.1059E-01 -8.4818E-03 -1.7947E-02
  6.2433E-03  1.1044E-01 -8.5415E-03 -1.8073E-02
  6.2873E-03  1.1029E-01 -8.6017E-03 -1.8201E-02
  6.3315E-03  1.1014E-01 -8.6622E-03 -1.8329E-02
  6.3761E-03  1.0997E-01 -8.7232E-03 -1.8458E-02
  6.4210E-03  1.0980E-01 -8.7846E-03 -1.8588E-02
  6.4662E-03  1.0962E-01 -8.8464E-03 -1.8718E-02
  6.5117E-03  1.0943E-01 -8.9086E-03 -1.8850E-02
  6.5575E-03  1.0924E-01 -8.9713E-03 -1.8983E-02
  6.6036E-03  1.0904E-01 -9.0345E-03 -1.9116E-02
  6.6501E-03  1.0882E-01 -9.0980E-03 -1.9251E-02
  6.6969E-03  1.0861E-01 -9.1620E-03 -1.9386E-02
  6.7440E-03  1.0838E-01 -9.2265E-03 -1.9523E-02
  6.7914E-03  1.0815E-01 -9.2914E-03 -1.9660E-02
  6.8392E-03  1.0790E-01 -9.3567E-03 -1.9798E-02
  6.8873E-03  1.0765E-01 -9.4225E-03 -1.9937E-02
  6.9357E-03  1.0739E-01 -9.4888E-03 -2.0078E-02
  6.9845E-03  1.0713E-01 -9.5555E-03 -2.0219E-02
  7.0336E-03  1.0685E-01 -9.6227E-03 -2.0361E-02
  7.0830E-03  1.0657E-01 -9.6903E-03 -2.0504E-02
  7.1328E-03  1.0628E-01 -9.7584E-03 -2.0648E-02
  7.1830E-03  1.0597E-01 -9.8270E-03 -2.0793E-02
  7.2335E-03  1.0566E-01 -9.8961E-03 -2.0940E-02
  7.2843E-03  1.0535E-01 -9.9657E-03 -2.1087E-02
  7.3355E-03  1.0502E-01 -1.0036E-02 -2.1235E-02
  7.3871E-03  1.0468E-01 -1.0106E-02 -2.1384E-02
  7.4390E-03  1.0434E-01 -1.0177E-02 -2.1534E-02
  7.4912E-03  1.0398E-01 -1.0249E-02 -2.1686E-02
  7.5439E-03  1.0362E-01 -1.0321E-02 -2.1838E-02
  7.5969E-03  1.0325E-01 -1.0393E-02 -2.1991E-02
  7.6502E-03  1.0286E-01 -1.0466E-02 -2.2146E-02
  7.7040E-03  1.0247E-01 -1.0540E-02 -2.2301E-02
  7.7581E-03  1.0207E-01 -1.0614E-02 -2.2458E-02
  7.8126E-03  1.0166E-01 -1.0688E-02 -2.2616E-02
  7.8674E-03  1.0124E-01 -1.0763E-02 -2.2775E-02
  7.9227E-03  1.0081E-01 -1.0839E-02 -2.2935E-02
  7.9783E-03  1.0037E-01 -1.0915E-02 -2.3096E-02
  8.0343E-03  9.9924E-02 -1.0992E-02 -2.3258E-02
  8.0907E-03  9.9465E-02 -1.1069E-02 -2.3421E-02
  8.1475E-03  9.8996E-02 -1.1147E-02 -2.3585E-02
  8.2047E-03  9.8517E-02 -1.1225E-02 -2.3751E-02
  8.2623E-03  9.8028E-02 -1.1304E-02 -2.3918E-02
  8.3203E-03  9.7529E-02 -1.1383E-02 -2.4086E-02
  8.3787E-03  9.7020E-02 -1.1463E-02 -2.4255E-02
  8.4375E-03  9.6501E-02 -1.1543E-02 -2.4425E-02
  8.4967E-03  9.5971E-02 -1.1624E-02 -2.4596E-02
  8.5564E-03  9.5430E-02 -1.1706E-02 -2.4769E-02
  8.6164E-03  9.4880E-02 -1.1788E-02 -2.4943E-02
  8.6769E-03  9.4318E-02 -1.1871E-02 -2.5118E-02
  8.7377E-03  9.3746E-02 -1.1954E-02 -2.5294E-02
  8.7990E-03  9.3164E-02 -1.2038E-02 -2.5471E-02
  8.8608E-03  9.2571E-02 -1.2122E-02 -2.5650E-02
  8.9229E-03  9.1966E-02 -1.2207E-02 -2.5830E-02
  8.9855E-03  9.1352E-02 -1.2293E-02 -2.6011E-02
  9.0485E-03  9.0726E-02 -1.2379E-02 -2.6193E-02
  9.1120E-03  9.0089E-02 -1.2466E-02 -2.6377E-02
  9.1759E-03  8.9441E-02 -1.2553E-02 -2.6562E-02
  9.2403E-03  8.8782E-02 -1.2642E-02 -2.6748E-02
  9.3051E-03  8.8112E-02 -1.2730E-02 -2.6936E-02
  9.3703E-03  8.7430E-02 -1.2819E-02 -2.7125E-02
  9.4360E-03  8.6738E-02 -1.2909E-02 -2.7315E-02
  9.5022E-03  8.6034E-02 -1.3000E-02 -2.7506E-02
  9.5688E-03  8.5318E-02 -1.3091E-02 -2.7699E-02
  9.6359E-03  8.4591E-02 -1.3183E-02 -2.7893E-02
  9.7034E-03  8.3853E-02 -1.3275E-02 -2.8089E-02
  9.7714E-03  8.3103E-02 -1.3368E-02 -2.8286E-02
  9.8399E-03  8.2342E-02 -1.3462E-02 -2.8484E-02
  9.9089E-03  8.1569E-02 -1.3556E-02 -2.8684E-02
  9.9783E-03  8.0784E-02 -1.3651E-02 -2.8885E-02
  1.0048E-02  7.9987E-02 -1.3747E-02 -2.9087E-02
  1.0119E-02  7.9179E-02 -1.3843E-02 -2.9291E-02
  1.0190E-02  7.8359E-02 -1.3940E-02 -2.9496E-02
  1.0261E-02  7.7527E-02 -1.4038E-02 -2.9703E-02
  1.0333E-02  7.6683E-02 -1.4136E-02 -2.9911E-02
  1.0405E-02  7.5827E-02 -1.4235E-02 -3.0120E-02
  1.0478E-02  7.4960E-02 -1.4335E-02 -3.0331E-02
  1.0552E-02  7.4080E-02 -1.4435E-02 -3.0544E-02
  1.0625E-02  7.3188E-02 -1.4537E-02 -3.0758E-02
  1.0700E-02  7.2284E-02 -1.4638E-02 -3.0973E-02
  1.0775E-02  7.1368E-02 -1.4741E-02 -3.1190E-02
  1.0850E-02  7.0440E-02 -1.4844E-02 -3.1409E-02
  1.0926E-02  6.9500E-02 -1.4948E-02 -3.1629E-02
  1.1003E-02  6.8547E-02 -1.5053E-02 -3.1850E-02
  1.1080E-02  6.7582E-02 -1.5158E-02 -3.2073E-02
  1.1157E-02  6.6605E-02 -1.5264E-02 -3.2298E-02
  1.1236E-02  6.5616E-02 -1.5371E-02 -3.2524E-02
  1.1314E-02  6.4615E-02 -1.5479E-02 -3.2752E-02
  1.1393E-02  6.3601E-02 -1.5587E-02 -3.2981E-02
  1.1473E-02  6.2575E-02 -1.5696E-02 -3.3212E-02
  1.1554E-02  6.1536E-02 -1.5806E-02 -3.3444E-02
  1.1634E-02  6.0486E-02 -1.5917E-02 -3.3678E-02
  1.1716E-02  5.9422E-02 -1.6028E-02 -3.3914E-02
  1.1798E-02  5.8347E-02 -1.6140E-02 -3.4151E-02
  1.1881E-02  5.7259E-02 -1.6253E-02 -3.4390E-02
  1.1964E-02  5.6159E-02 -1.6367E-02 -3.4631E-02
  1.2047E-02  5.5046E-02 -1.6482E-02 -3.4873E-02
  1.2132E-02  5.3922E-02 -1.6597E-02 -3.5117E-02
  1.2217E-02  5.2784E-02 -1.6713E-02 -3.5363E-02
  1.2302E-02  5.1635E-02 -1.6830E-02 -3.5611E-02
  1.2388E-02  5.0473E-02 -1.6948E-02 -3.5860E-02
  1.2475E-02  4.9299E-02 -1.7067E-02 -3.6111E-02
  1.2562E-02  4.8113E-02 -1.7186E-02 -3.6363E-02
  1.2650E-02  4.6914E-02 -1.7306E-02 -3.6618E-02
  1.2739E-02  4.5703E-02 -1.7427E-02 -3.6874E-02
  1.2828E-02  4.4480E-02 -1.7549E-02 -3.7132E-02
  1.2917E-02  4.3244E-02 -1.7672E-02 -3.7392E-02
  1.3008E-02  4.1997E-02 -1.7796E-02 -3.7653E-02
  1.3099E-02  4.0737E-02 -1.7920E-02 -3.7916E-02
  1.3190E-02  3.9466E-02 -1.8045E-02 -3.8182E-02
  1.3283E-02  3.8182E-02 -1.8172E-02 -3.8449E-02
  1.3376E-02  3.6886E-02 -1.8299E-02 -3.8718E-02
  1.3469E-02  3.5578E-02 -1.8427E-02 -3.8988E-02
  1.3563E-02  3.4259E-02 -1.8556E-02 -3.9261E-02
  1.3658E-02  3.2927E-02 -1.8685E-02 -3.9536E-02
  1.3754E-02  3.1584E-02 -1.8816E-02 -3.9812E-02
  1.3850E-02  3.0229E-02 -1.8948E-02 -4.0090E-02
  1.3947E-02  2.8862E-02 -1.9080E-02 -4.0371E-02
  1.4044E-02  2.7484E-02 -1.9214E-02 -4.0653E-02
  1.4143E-02  2.6094E-02 -1.9348E-02 -4.0937E-02
  1.4241E-02  2.4693E-02 -1.9483E-02 -4.1223E-02
  1.4341E-02  2.3280E-02 -1.9619E-02 -4.1511E-02
  1.4441E-02  2.1856E-02 -1.9757E-02 -4.1802E-02
  1.4542E-02  2.0421E-02 -1.9895E-02 -4.2094E-02
  1.4644E-02  1.8975E-02 -2.0034E-02 -4.2388E-02
  1.4746E-02  1.7517E-02 -2.0174E-02 -4.2684E-02
  1.4849E-02  1.6049E-02 -2.0315E-02 -4.2983E-02
  1.4953E-02  1.4570E-02 -2.0457E-02 -4.3283E-02
  1.5058E-02  1.3080E-02 -2.0600E-02 -4.3586E-02
  1.5163E-02  1.1579E-02 -2.0744E-02 -4.3890E-02
  1.5269E-02  1.0068E-02 -2.0889E-02 -4.4197E-02
  1.5376E-02  8.5467E-03 -2.1035E-02 -4.4506E-02
  1.5483E-02  7.0150E-03 -2.1182E-02 -4.4817E-02
  1.5591E-02  5.4732E-03 -2.1330E-02 -4.5130E-02
  1.5700E-02  3.9213E-03 -2.1479E-02 -4.5445E-02
  1.5810E-02  2.3596E-03 -2.1629E-02 -4.5763E-02
  1.5921E-02  7.8810E-04 -2.1780E-02 -4.6082E-02
  1.6032E-02 -7.9298E-04 -2.1932E-02 -4.6404E-02
  1.6144E-02 -2.3835E-03 -2.2085E-02 -4.6728E-02
  1.6257E-02 -3.9833E-03 -2.2240E-02 -4.7055E-02
  1.6370E-02 -5.5923E-03 -2.2395E-02 -4.7384E-02
  1.6485E-02 -7.2102E-03 -2.2552E-02 -4.7715E-02
  1.6600E-02 -8.8369E-03 -2.2709E-02 -4.8048E-02
  1.6716E-02 -1.0472E-02 -2.2868E-02 -4.8384E-02
  1.6832E-02 -1.2116E-02 -2.3028E-02 -4.8721E-02
  1.6950E-02 -1.3768E-02 -2.3188E-02 -4.9062E-02
  1.7068E-02 -1.5428E-02 -2.3350E-02 -4.9404E-02
  1.7188E-02 -1.7096E-02 -2.3513E-02 -4.9749E-02
  1.7308E-02 -1.8772E-02 -2.3678E-02 -5.0097E-02
  1.7429E-02 -2.0455E-02 -2.3843E-02 -5.0447E-02
  1.7550E-02 -2.2146E-02 -2.4010E-02 -5.0799E-02
  1.7673E-02 -2.3843E-02 -2.4177E-02 -5.1154E-02
  1.7796E-02 -2.5548E-02 -2.4346E-02 -5.1511E-02
  1.7921E-02 -2.7259E-02 -2.4516E-02 -5.1870E-02
  1.8046E-02 -2.8976E-02 -2.4687E-02 -5.2233E-02
  1.8172E-02 -3.0700E-02 -2.4860E-02 -5.2597E-02
  1.8299E-02 -3.2429E-02 -2.5033E-02 -5.2965E-02
  1.8427E-02 -3.4164E-02 -2.5208E-02 -5.3334E-02
  1.8555E-02 -3.5905E-02 -2.5384E-02 -5.3707E-02
  1.8685E-02 -3.7651E-02 -2.5561E-02 -5.4082E-02
  1.8815E-02 -3.9401E-02 -2.5740E-02 -5.4459E-02
  1.8947E-02 -4.1156E-02 -2.5920E-02 -5.4839E-02
  1.9079E-02 -4.2916E-02 -2.6101E-02 -5.5222E-02
  1.9212E-02 -4.4680E-02 -2.6283E-02 -5.5607E-02
  1.9346E-02 -4.6447E-02 -2.6466E-02 -5.5996E-02
  1.9482E-02 -4.8218E-02 -2.6651E-02 -5.6386E-02
  1.9618E-02 -4.9992E-02 -2.6837E-02 -5.6780E-02
  1.9755E-02 -5.1769E-02 -2.7024E-02 -5.7176E-02
  1.9892E-02 -5.3549E-02 -2.7213E-02 -5.7575E-02
  2.0031E-02 -5.5331E-02 -2.7403E-02 -5.7977E-02
  2.0171E-02 -5.7115E-02 -2.7594E-02 -5.8382E-02
  2.0312E-02 -5.8900E-02 -2.7787E-02 -5.8789E-02
  2.0454E-02 -6.0687E-02 -2.7981E-02 -5.9199E-02
  2.0597E-02 -6.2474E-02 -2.8176E-02 -5.9612E-02
  2.0740E-02 -6.4263E-02 -2.8373E-02 -6.0028E-02
  2.0885E-02 -6.6051E-02 -2.8571E-02 -6.0447E-02
  2.1031E-02 -6.7840E-02 -2.8770E-02 -6.0869E-02
  2.1178E-02 -6.9627E-02 -2.8971E-02 -6.1293E-02
  2.1325E-02 -7.1415E-02 -2.9173E-02 -6.1721E-02
  2.1474E-02 -7.3200E-02 -2.9377E-02 -6.2152E-02
  2.1624E-02 -7.4985E-02 -2.9582E-02 -6.2585E-02
  2.1775E-02 -7.6767E-02 -2.9788E-02 -6.3022E-02
  2.1927E-02 -7.8547E-02 -2.9996E-02 -6.3461E-02
  2.2080E-02 -8.0324E-02 -3.0205E-02 -6.3904E-02
  2.2234E-02 -8.2098E-02 -3.0416E-02 -6.4350E-02
  2.2389E-02 -8.3868E-02 -3.0628E-02 -6.4799E-02
  2.2546E-02 -8.5634E-02 -3.0842E-02 -6.5251E-02
  2.2703E-02 -8.7396E-02 -3.1057E-02 -6.5706E-02
  2.2861E-02 -8.9153E-02 -3.1274E-02 -6.6164E-02
  2.3021E-02 -9.0905E-02 -3.1492E-02 -6.6626E-02
  2.3181E-02 -9.2650E-02 -3.1712E-02 -6.7090E-02
  2.3343E-02 -9.4390E-02 -3.1933E-02 -6.7558E-02
  2.3506E-02 -9.6123E-02 -3.2156E-02 -6.8029E-02
  2.3670E-02 -9.7849E-02 -3.2380E-02 -6.8504E-02
  2.3835E-02 -9.9567E-02 -3.2606E-02 -6.8981E-02
  2.4002E-02 -1.0128E-01 -3.2833E-02 -6.9462E-02
  2.4169E-02 -1.0298E-01 -3.3062E-02 -6.9947E-02
  2.4338E-02 -1.0467E-01 -3.3293E-02 -7.0434E-02
  2.4507E-02 -1.0635E-01 -3.3525E-02 -7.0925E-02
  2.4678E-02 -1.0803E-01 -3.3759E-02 -7.1420E-02
  2.4851E-02 -1.0969E-01 -3.3994E-02 -7.1918E-02
  2.5024E-02 -1.1134E-01 -3.4231E-02 -7.2419E-02
  2.5198E-02 -1.1298E-01 -3.4470E-02 -7.2924E-02
  2.5374E-02 -1.1461E-01 -3.4711E-02 -7.3432E-02
  2.5551E-02 -1.1623E-01 -3.4953E-02 -7.3944E-02
  2.5729E-02 -1.1783E-01 -3.5196E-02 -7.4460E-02
  2.5909E-02 -1.1942E-01 -3.5442E-02 -7.4979E-02
  2.6090E-02 -1.2099E-01 -3.5689E-02 -7.5501E-02
  2.6272E-02 -1.2255E-01 -3.5938E-02 -7.6028E-02
  2.6455E-02 -1.2410E-01 -3.6188E-02 -7.6558E-02
  2.6639E-02 -1.2563E-01 -3.6441E-02 -7.7091E-02
  2.6825E-02 -1.2714E-01 -3.6695E-02 -7.7628E-02
  2.7012E-02 -1.2863E-01 -3.6951E-02 -7.8170E-02
  2.7201E-02 -1.3011E-01 -3.7208E-02 -7.8714E-02
  2.7390E-02 -1.3157E-01 -3.7468E-02 -7.9263E-02
  2.7581E-02 -1.3301E-01 -3.7729E-02 -7.9815E-02
  2.7774E-02 -1.3444E-01 -3.7992E-02 -8.0371E-02
  2.7967E-02 -1.3584E-01 -3.8257E-02 -8.0931E-02
  2.8162E-02 -1.3722E-01 -3.8524E-02 -8.1495E-02
  2.8359E-02 -1.3858E-01 -3.8792E-02 -8.2063E-02
  2.8557E-02 -1.3992E-01 -3.9063E-02 -8.2635E-02
  2.8756E-02 -1.4124E-01 -3.9335E-02 -8.3211E-02
  2.8956E-02 -1.4253E-01 -3.9609E-02 -8.3791E-02
  2.9158E-02 -1.4380E-01 -3.9885E-02 -8.4374E-02
  2.9361E-02 -1.4505E-01 -4.0163E-02 -8.4962E-02
  2.9566E-02 -1.4627E-01 -4.0443E-02 -8.5554E-02
  2.9772E-02 -1.4747E-01 -4.0725E-02 -8.6150E-02
  2.9980E-02 -1.4864E-01 -4.1009E-02 -8.6750E-02
  3.0189E-02 -1.4979E-01 -4.1295E-02 -8.7355E-02
  3.0399E-02 -1.5091E-01 -4.1583E-02 -8.7963E-02
  3.0611E-02 -1.5200E-01 -4.1872E-02 -8.8576E-02
  3.0825E-02 -1.5306E-01 -4.2164E-02 -8.9193E-02
  3.1040E-02 -1.5410E-01 -4.2458E-02 -8.9814E-02
  3.1256E-02 -1.5510E-01 -4.2754E-02 -9.0440E-02
  3.1474E-02 -1.5607E-01 -4.3052E-02 -9.1069E-02
  3.1693E-02 -1.5702E-01 -4.3352E-02 -9.1704E-02
  3.1914E-02 -1.5793E-01 -4.3654E-02 -9.2342E-02
  3.2137E-02 -1.5881E-01 -4.3958E-02 -9.2985E-02
  3.2361E-02 -1.5966E-01 -4.4265E-02 -9.3633E-02
  3.2586E-02 -1.6047E-01 -4.4573E-02 -9.4285E-02
  3.2814E-02 -1.6125E-01 -4.4884E-02 -9.4942E-02
  3.3042E-02 -1.6200E-01 -4.5196E-02 -9.5603E-02
  3.3273E-02 -1.6271E-01 -4.5511E-02 -9.6268E-02
  3.3505E-02 -1.6338E-01 -4.5828E-02 -9.6939E-02
  3.3738E-02 -1.6402E-01 -4.6148E-02 -9.7614E-02
  3.3973E-02 -1.6462E-01 -4.6469E-02 -9.8293E-02
  3.4210E-02 -1.6519E-01 -4.6793E-02 -9.8978E-02
  3.4448E-02 -1.6571E-01 -4.7119E-02 -9.9667E-02
  3.4689E-02 -1.6620E-01 -4.7447E-02 -1.0036E-01
  3.4930E-02 -1.6665E-01 -4.7778E-02 -1.0106E-01
  3.5174E-02 -1.6706E-01 -4.8111E-02 -1.0176E-01
  3.5419E-02 -1.6742E-01 -4.8446E-02 -1.0247E-01
  3.5666E-02 -1.6775E-01 -4.8783E-02 -1.0318E-01
  3.5914E-02 -1.6804E-01 -4.9123E-02 -1.0390E-01
  3.6165E-02 -1.6828E-01 -4.9465E-02 -1.0463E-01
  3.6417E-02 -1.6848E-01 -4.9810E-02 -1.0535E-01
  3.6670E-02 -1.6863E-01 -5.0157E-02 -1.0609E-01
  3.6926E-02 -1.6874E-01 -5.0506E-02 -1.0683E-01
  3.7183E-02 -1.6881E-01 -5.0858E-02 -1.0757E-01
  3.7442E-02 -1.6883E-01 -5.1212E-02 -1.0832E-01
  3.7703E-02 -1.6881E-01 -5.1569E-02 -1.0907E-01
  3.7966E-02 -1.6874E-01 -5.1928E-02 -1.0983E-01
  3.8231E-02 -1.6862E-01 -5.2290E-02 -1.1059E-01
  3.8497E-02 -1.6846E-01 -5.2654E-02 -1.1136E-01
  3.8765E-02 -1.6825E-01 -5.3020E-02 -1.1214E-01
  3.9036E-02 -1.6799E-01 -5.3390E-02 -1.1292E-01
  3.9308E-02 -1.6768E-01 -5.3762E-02 -1.1370E-01
  3.9581E-02 -1.6732E-01 -5.4136E-02 -1.1450E-01
  3.9857E-02 -1.6691E-01 -5.4513E-02 -1.1529E-01
  4.0135E-02 -1.6645E-01 -5.4893E-02 -1.1609E-01
  4.0415E-02 -1.6594E-01 -5.5275E-02 -1.1690E-01
  4.0696E-02 -1.6538E-01 -5.5660E-02 -1.1772E-01
  4.0980E-02 -1.6477E-01 -5.6047E-02 -1.1853E-01
  4.1265E-02 -1.6411E-01 -5.6437E-02 -1.1936E-01
  4.1553E-02 -1.6339E-01 -5.6830E-02 -1.2019E-01
  4.1842E-02 -1.6262E-01 -5.7226E-02 -1.2103E-01
  4.2134E-02 -1.6180E-01 -5.7625E-02 -1.2187E-01
  4.2427E-02 -1.6093E-01 -5.8026E-02 -1.2271E-01
  4.2723E-02 -1.6000E-01 -5.8430E-02 -1.2357E-01
  4.3021E-02 -1.5902E-01 -5.8837E-02 -1.2443E-01
  4.3320E-02 -1.5798E-01 -5.9246E-02 -1.2529E-01
  4.3622E-02 -1.5689E-01 -5.9659E-02 -1.2616E-01
  4.3926E-02 -1.5574E-01 -6.0074E-02 -1.2704E-01
  4.4232E-02 -1.5454E-01 -6.0492E-02 -1.2792E-01
  4.4540E-02 -1.5328E-01 -6.0913E-02 -1.2881E-01
  4.4850E-02 -1.5196E-01 -6.1337E-02 -1.2971E-01
  4.5163E-02 -1.5060E-01 -6.1764E-02 -1.3061E-01
  4.5478E-02 -1.4917E-01 -6.2194E-02 -1.3152E-01
  4.5794E-02 -1.4769E-01 -6.2627E-02 -1.3243E-01
  4.6113E-02 -1.4615E-01 -6.3063E-02 -1.3335E-01
  4.6435E-02 -1.4455E-01 -6.3502E-02 -1.3428E-01
  4.6758E-02 -1.4290E-01 -6.3944E-02 -1.3521E-01
  4.7084E-02 -1.4119E-01 -6.4389E-02 -1.3615E-01
  4.7412E-02 -1.3943E-01 -6.4837E-02 -1.3710E-01
  4.7742E-02 -1.3760E-01 -6.5288E-02 -1.3805E-01
  4.8074E-02 -1.3573E-01 -6.5743E-02 -1.3901E-01
  4.8409E-02 -1.3379E-01 -6.6200E-02 -1.3998E-01
  4.8747E-02 -1.3180E-01 -6.6661E-02 -1.4095E-01
  4.9086E-02 -1.2975E-01 -6.7125E-02 -1.4193E-01
  4.9428E-02 -1.2764E-01 -6.7592E-02 -1.4292E-01
  4.9772E-02 -1.2548E-01 -6.8062E-02 -1.4391E-01
  5.0119E-02 -1.2326E-01 -6.8536E-02 -1.4491E-01
  5.0468E-02 -1.2098E-01 -6.9013E-02 -1.4592E-01
  5.0820E-02 -1.1865E-01 -6.9493E-02 -1.4693E-01
  5.1173E-02 -1.1626E-01 -6.9977E-02 -1.4795E-01
  5.1530E-02 -1.1381E-01 -7.0463E-02 -1.4898E-01
  5.1889E-02 -1.1132E-01 -7.0954E-02 -1.5001E-01
  5.2250E-02 -1.0876E-01 -7.1447E-02 -1.5106E-01
  5.2614E-02 -1.0615E-01 -7.1944E-02 -1.5211E-01
  5.2981E-02 -1.0349E-01 -7.2445E-02 -1.5316E-01
  5.3349E-02 -1.0077E-01 -7.2949E-02 -1.5423E-01
  5.3721E-02 -9.7997E-02 -7.3456E-02 -1.5530E-01
  5.4095E-02 -9.5172E-02 -7.3967E-02 -1.5638E-01
  5.4472E-02 -9.2295E-02 -7.4482E-02 -1.5746E-01
  5.4851E-02 -8.9364E-02 -7.5000E-02 -1.5855E-01
  5.5233E-02 -8.6383E-02 -7.5522E-02 -1.5966E-01
  5.5618E-02 -8.3350E-02 -7.6047E-02 -1.6076E-01
  5.6005E-02 -8.0266E-02 -7.6576E-02 -1.6188E-01
  5.6395E-02 -7.7133E-02 -7.7109E-02 -1.6300E-01
  5.6788E-02 -7.3950E-02 -7.7645E-02 -1.6414E-01
  5.7183E-02 -7.0719E-02 -7.8185E-02 -1.6527E-01
  5.7582E-02 -6.7440E-02 -7.8729E-02 -1.6642E-01
  5.7983E-02 -6.4113E-02 -7.9276E-02 -1.6758E-01
  5.8386E-02 -6.0741E-02 -7.9828E-02 -1.6874E-01
  5.8793E-02 -5.7323E-02 -8.0383E-02 -1.6991E-01
  5.9202E-02 -5.3861E-02 -8.0942E-02 -1.7109E-01
  5.9615E-02 -5.0355E-02 -8.1505E-02 -1.7228E-01
  6.0030E-02 -4.6806E-02 -8.2072E-02 -1.7347E-01
  6.0448E-02 -4.3215E-02 -8.2642E-02 -1.7468E-01
  6.0869E-02 -3.9584E-02 -8.3217E-02 -1.7589E-01
  6.1292E-02 -3.5913E-02 -8.3796E-02 -1.7711E-01
  6.1719E-02 -3.2204E-02 -8.4378E-02 -1.7834E-01
  6.2149E-02 -2.8457E-02 -8.4965E-02 -1.7957E-01
  6.2582E-02 -2.4673E-02 -8.5556E-02 -1.8082E-01
  6.3018E-02 -2.0855E-02 -8.6150E-02 -1.8207E-01
  6.3456E-02 -1.7003E-02 -8.6749E-02 -1.8334E-01
  6.3898E-02 -1.3118E-02 -8.7352E-02 -1.8461E-01
  6.4343E-02 -9.2012E-03 -8.7960E-02 -1.8589E-01
  6.4791E-02 -5.2547E-03 -8.8571E-02 -1.8718E-01
  6.5242E-02 -1.2796E-03 -8.9187E-02 -1.8848E-01
  6.5696E-02  2.7227E-03 -8.9807E-02 -1.8978E-01
  6.6154E-02  6.7509E-03 -9.0431E-02 -1.9110E-01
  6.6614E-02  1.0803E-02 -9.1060E-02 -1.9242E-01
  6.7078E-02  1.4879E-02 -9.1693E-02 -1.9376E-01
  6.7545E-02  1.8975E-02 -9.2330E-02 -1.9510E-01
  6.8016E-02  2.3092E-02 -9.2972E-02 -1.9645E-01
  6.8489E-02  2.7226E-02 -9.3618E-02 -1.9781E-01
  6.8966E-02  3.1377E-02 -9.4268E-02 -1.9918E-01
  6.9446E-02  3.5543E-02 -9.4923E-02 -2.0056E-01
  6.9930E-02  3.9722E-02 -9.5583E-02 -2.0195E-01
  7.0416E-02  4.3912E-02 -9.6247E-02 -2.0335E-01
  7.0907E-02  4.8111E-02 -9.6916E-02 -2.0476E-01
  7.1400E-02  5.2318E-02 -9.7589E-02 -2.0618E-01
  7.1897E-02  5.6531E-02 -9.8268E-02 -2.0761E-01
  7.2398E-02  6.0748E-02 -9.8950E-02 -2.0905E-01
  7.2902E-02  6.4968E-02 -9.9638E-02 -2.1049E-01
  7.3409E-02  6.9187E-02 -1.0033E-01 -2.1195E-01
  7.3920E-02  7.3404E-02 -1.0103E-01 -2.1342E-01
  7.4435E-02  7.7618E-02 -1.0173E-01 -2.1490E-01
  7.4953E-02  8.1826E-02 -1.0244E-01 -2.1638E-01
  7.5475E-02  8.6025E-02 -1.0315E-01 -2.1788E-01
  7.6000E-02  9.0215E-02 -1.0386E-01 -2.1939E-01
  7.6530E-02  9.4393E-02 -1.0459E-01 -2.2091E-01
  7.7062E-02  9.8556E-02 -1.0531E-01 -2.2244E-01
  7.7599E-02  1.0270E-01 -1.0604E-01 -2.2398E-01
  7.8139E-02  1.0683E-01 -1.0678E-01 -2.2553E-01
  7.8683E-02  1.1094E-01 -1.0752E-01 -2.2709E-01
  7.9231E-02  1.1502E-01 -1.0827E-01 -2.2866E-01
  7.9782E-02  1.1908E-01 -1.0902E-01 -2.3024E-01
  8.0338E-02  1.2311E-01 -1.0978E-01 -2.3183E-01
  8.0897E-02  1.2711E-01 -1.1054E-01 -2.3344E-01
  8.1460E-02  1.3108E-01 -1.1131E-01 -2.3505E-01
  8.2027E-02  1.3502E-01 -1.1208E-01 -2.3668E-01
  8.2598E-02  1.3892E-01 -1.1286E-01 -2.3831E-01
  8.3173E-02  1.4277E-01 -1.1364E-01 -2.3996E-01
  8.3752E-02  1.4659E-01 -1.1443E-01 -2.4162E-01
  8.4335E-02  1.5036E-01 -1.1522E-01 -2.4329E-01
  8.4922E-02  1.5409E-01 -1.1602E-01 -2.4497E-01
  8.5513E-02  1.5777E-01 -1.1683E-01 -2.4666E-01
  8.6108E-02  1.6139E-01 -1.1764E-01 -2.4837E-01
  8.6708E-02  1.6497E-01 -1.1846E-01 -2.5008E-01
  8.7311E-02  1.6848E-01 -1.1928E-01 -2.5181E-01
  8.7919E-02  1.7194E-01 -1.2011E-01 -2.5355E-01
  8.8531E-02  1.7534E-01 -1.2094E-01 -2.5530E-01
  8.9147E-02  1.7867E-01 -1.2178E-01 -2.5706E-01
  8.9767E-02  1.8194E-01 -1.2262E-01 -2.5884E-01
  9.0392E-02  1.8513E-01 -1.2348E-01 -2.6063E-01
  9.1021E-02  1.8826E-01 -1.2433E-01 -2.6243E-01
  9.1655E-02  1.9132E-01 -1.2519E-01 -2.6424E-01
  9.2293E-02  1.9430E-01 -1.2606E-01 -2.6606E-01
  9.2935E-02  1.9720E-01 -1.2694E-01 -2.6790E-01
  9.3582E-02  2.0002E-01 -1.2782E-01 -2.6974E-01
  9.4233E-02  2.0275E-01 -1.2870E-01 -2.7161E-01
  9.4889E-02  2.0541E-01 -1.2960E-01 -2.7348E-01
  9.5550E-02  2.0797E-01 -1.3050E-01 -2.7537E-01
  9.6215E-02  2.1044E-01 -1.3140E-01 -2.7726E-01
  9.6884E-02  2.1283E-01 -1.3231E-01 -2.7918E-01
  9.7559E-02  2.1511E-01 -1.3323E-01 -2.8110E-01
  9.8238E-02  2.1730E-01 -1.3415E-01 -2.8304E-01
  9.8921E-02  2.1939E-01 -1.3508E-01 -2.8499E-01
  9.9610E-02  2.2138E-01 -1.3602E-01 -2.8695E-01
  1.0030E-01  2.2327E-01 -1.3696E-01 -2.8893E-01
  1.0100E-01  2.2505E-01 -1.3791E-01 -2.9092E-01
  1.0170E-01  2.2672E-01 -1.3887E-01 -2.9293E-01
  1.0241E-01  2.2828E-01 -1.3983E-01 -2.9494E-01
  1.0312E-01  2.2973E-01 -1.4080E-01 -2.9697E-01
  1.0384E-01  2.3106E-01 -1.4178E-01 -2.9902E-01
  1.0457E-01  2.3228E-01 -1.4276E-01 -3.0108E-01
  1.0529E-01  2.3338E-01 -1.4375E-01 -3.0315E-01
  1.0603E-01  2.3436E-01 -1.4474E-01 -3.0524E-01
  1.0676E-01  2.3522E-01 -1.4575E-01 -3.0734E-01
  1.0751E-01  2.3595E-01 -1.4676E-01 -3.0945E-01
  1.0825E-01  2.3656E-01 -1.4777E-01 -3.1158E-01
  1.0901E-01  2.3704E-01 -1.4880E-01 -3.1372E-01
  1.0977E-01  2.3739E-01 -1.4983E-01 -3.1588E-01
  1.1053E-01  2.3761E-01 -1.5087E-01 -3.1805E-01
  1.1130E-01  2.3770E-01 -1.5191E-01 -3.2024E-01
  1.1207E-01  2.3766E-01 -1.5296E-01 -3.2244E-01
  1.1285E-01  2.3748E-01 -1.5402E-01 -3.2465E-01
  1.1364E-01  2.3716E-01 -1.5509E-01 -3.2688E-01
  1.1443E-01  2.3671E-01 -1.5616E-01 -3.2913E-01
  1.1523E-01  2.3612E-01 -1.5724E-01 -3.3139E-01
  1.1603E-01  2.3539E-01 -1.5833E-01 -3.3366E-01
  1.1684E-01  2.3451E-01 -1.5943E-01 -3.3595E-01
  1.1765E-01  2.3350E-01 -1.6053E-01 -3.3826E-01
  1.1847E-01  2.3234E-01 -1.6164E-01 -3.4058E-01
  1.1929E-01  2.3104E-01 -1.6276E-01 -3.4292E-01
  1.2012E-01  2.2960E-01 -1.6389E-01 -3.4527E-01
  1.2096E-01  2.2801E-01 -1.6502E-01 -3.4764E-01
  1.2180E-01  2.2627E-01 -1.6616E-01 -3.5002E-01
  1.2265E-01  2.2439E-01 -1.6731E-01 -3.5242E-01
  1.2350E-01  2.2237E-01 -1.6847E-01 -3.5483E-01
  1.2436E-01  2.2019E-01 -1.6964E-01 -3.5727E-01
  1.2523E-01  2.1787E-01 -1.7081E-01 -3.5971E-01
  1.2610E-01  2.1540E-01 -1.7199E-01 -3.6218E-01
  1.2697E-01  2.1279E-01 -1.7318E-01 -3.6466E-01
  1.2786E-01  2.1003E-01 -1.7438E-01 -3.6715E-01
  1.2875E-01  2.0712E-01 -1.7558E-01 -3.6966E-01
  1.2964E-01  2.0407E-01 -1.7680E-01 -3.7219E-01
  1.3055E-01  2.0087E-01 -1.7802E-01 -3.7474E-01
  1.3145E-01  1.9753E-01 -1.7925E-01 -3.7730E-01
  1.3237E-01  1.9404E-01 -1.8049E-01 -3.7988E-01
  1.3329E-01  1.9041E-01 -1.8173E-01 -3.8248E-01
  1.3422E-01  1.8663E-01 -1.8299E-01 -3.8509E-01
  1.3515E-01  1.8271E-01 -1.8425E-01 -3.8772E-01
  1.3609E-01  1.7865E-01 -1.8553E-01 -3.9037E-01
  1.3704E-01  1.7446E-01 -1.8681E-01 -3.9303E-01
  1.3799E-01  1.7012E-01 -1.8810E-01 -3.9572E-01
  1.3895E-01  1.6565E-01 -1.8940E-01 -3.9842E-01
  1.3992E-01  1.6104E-01 -1.9071E-01 -4.0113E-01
  1.4089E-01  1.5630E-01 -1.9202E-01 -4.0387E-01
  1.4187E-01  1.5142E-01 -1.9335E-01 -4.0662E-01
  1.4286E-01  1.4642E-01 -1.9468E-01 -4.0939E-01
  1.4385E-01  1.4128E-01 -1.9603E-01 -4.1218E-01
  1.4486E-01  1.3602E-01 -1.9738E-01 -4.1499E-01
  1.4586E-01  1.3064E-01 -1.9874E-01 -4.1782E-01
  1.4688E-01  1.2514E-01 -2.0011E-01 -4.2066E-01
  1.4790E-01  1.1951E-01 -2.0149E-01 -4.2352E-01
  1.4893E-01  1.1377E-01 -2.0288E-01 -4.2640E-01
  1.4997E-01  1.0792E-01 -2.0428E-01 -4.2930E-01
  1.5101E-01  1.0195E-01 -2.0569E-01 -4.3222E-01
  1.5206E-01  9.5880E-02 -2.0711E-01 -4.3516E-01
  1.5312E-01  8.9702E-02 -2.0853E-01 -4.3811E-01
  1.5418E-01  8.3422E-02 -2.0997E-01 -4.4109E-01
  1.5526E-01  7.7044E-02 -2.1142E-01 -4.4408E-01
  1.5634E-01  7.0571E-02 -2.1288E-01 -4.4710E-01
  1.5742E-01  6.4006E-02 -2.1434E-01 -4.5013E-01
  1.5852E-01  5.7353E-02 -2.1582E-01 -4.5318E-01
  1.5962E-01  5.0616E-02 -2.1731E-01 -4.5625E-01
  1.6073E-01  4.3798E-02 -2.1880E-01 -4.5934E-01
  1.6185E-01  3.6904E-02 -2.2031E-01 -4.6246E-01
  1.6298E-01  2.9938E-02 -2.2182E-01 -4.6559E-01
  1.6411E-01  2.2903E-02 -2.2335E-01 -4.6874E-01
  1.6525E-01  1.5804E-02 -2.2489E-01 -4.7191E-01
  1.6640E-01  8.6457E-03 -2.2644E-01 -4.7510E-01
  1.6756E-01  1.4322E-03 -2.2799E-01 -4.7831E-01
  1.6873E-01 -5.8320E-03 -2.2956E-01 -4.8154E-01
  1.6990E-01 -1.3142E-02 -2.3114E-01 -4.8479E-01
  1.7108E-01 -2.0494E-02 -2.3273E-01 -4.8806E-01
  1.7227E-01 -2.7881E-02 -2.3433E-01 -4.9136E-01
  1.7347E-01 -3.5301E-02 -2.3594E-01 -4.9467E-01
  1.7468E-01 -4.2746E-02 -2.3756E-01 -4.9800E-01
  1.7589E-01 -5.0213E-02 -2.3919E-01 -5.0136E-01
  1.7712E-01 -5.7697E-02 -2.4084E-01 -5.0474E-01
  1.7835E-01 -6.5191E-02 -2.4249E-01 -5.0813E-01
  1.7959E-01 -7.2691E-02 -2.4416E-01 -5.1155E-01
  1.8084E-01 -8.0191E-02 -2.4583E-01 -5.1499E-01
  1.8210E-01 -8.7686E-02 -2.4752E-01 -5.1845E-01
  1.8337E-01 -9.5170E-02 -2.4922E-01 -5.2193E-01
  1.8464E-01 -1.0264E-01 -2.5093E-01 -5.2544E-01
  1.8593E-01 -1.1009E-01 -2.5265E-01 -5.2896E-01
  1.8722E-01 -1.1750E-01 -2.5438E-01 -5.3251E-01
  1.8852E-01 -1.2489E-01 -2.5613E-01 -5.3608E-01
  1.8983E-01 -1.3224E-01 -2.5788E-01 -5.3967E-01
  1.9115E-01 -1.3954E-01 -2.5965E-01 -5.4328E-01
  1.9248E-01 -1.4679E-01 -2.6143E-01 -5.4692E-01
  1.9382E-01 -1.5399E-01 -2.6322E-01 -5.5058E-01
  1.9517E-01 -1.6112E-01 -2.6502E-01 -5.5425E-01
  1.9653E-01 -1.6818E-01 -2.6684E-01 -5.5796E-01
  1.9790E-01 -1.7517E-01 -2.6866E-01 -5.6168E-01
  1.9927E-01 -1.8209E-01 -2.7050E-01 -5.6543E-01
  2.0066E-01 -1.8891E-01 -2.7235E-01 -5.6920E-01
  2.0206E-01 -1.9564E-01 -2.7422E-01 -5.7299E-01
  2.0346E-01 -2.0228E-01 -2.7609E-01 -5.7680E-01
  2.0488E-01 -2.0881E-01 -2.7798E-01 -5.8064E-01
  2.0630E-01 -2.1523E-01 -2.7988E-01 -5.8450E-01
  2.0774E-01 -2.2154E-01 -2.8179E-01 -5.8838E-01
  2.0918E-01 -2.2773E-01 -2.8372E-01 -5.9229E-01
  2.1064E-01 -2.3379E-01 -2.8565E-01 -5.9622E-01
  2.1210E-01 -2.3971E-01 -2.8760E-01 -6.0017E-01
  2.1358E-01 -2.4550E-01 -2.8957E-01 -6.0415E-01
  2.1507E-01 -2.5115E-01 -2.9154E-01 -6.0815E-01
  2.1656E-01 -2.5664E-01 -2.9353E-01 -6.1217E-01
  2.1807E-01 -2.6198E-01 -2.9553E-01 -6.1622E-01
  2.1958E-01 -2.6716E-01 -2.9755E-01 -6.2029E-01
  2.2111E-01 -2.7217E-01 -2.9957E-01 -6.2438E-01
  2.2265E-01 -2.7701E-01 -3.0161E-01 -6.2850E-01
  2.2420E-01 -2.8167E-01 -3.0367E-01 -6.3264E-01
  2.2576E-01 -2.8615E-01 -3.0574E-01 -6.3680E-01
  2.2733E-01 -2.9045E-01 -3.0782E-01 -6.4099E-01
  2.2891E-01 -2.9455E-01 -3.0991E-01 -6.4520E-01
  2.3050E-01 -2.9845E-01 -3.1202E-01 -6.4944E-01
  2.3211E-01 -3.0215E-01 -3.1414E-01 -6.5370E-01
  2.3372E-01 -3.0565E-01 -3.1627E-01 -6.5798E-01
  2.3535E-01 -3.0893E-01 -3.1842E-01 -6.6229E-01
  2.3699E-01 -3.1200E-01 -3.2058E-01 -6.6662E-01
  2.3863E-01 -3.1485E-01 -3.2276E-01 -6.7097E-01
  2.4029E-01 -3.1747E-01 -3.2495E-01 -6.7535E-01
  2.4197E-01 -3.1987E-01 -3.2715E-01 -6.7976E-01
  2.4365E-01 -3.2203E-01 -3.2937E-01 -6.8419E-01
  2.4534E-01 -3.2395E-01 -3.3160E-01 -6.8864E-01
  2.4705E-01 -3.2564E-01 -3.3385E-01 -6.9312E-01
  2.4877E-01 -3.2709E-01 -3.3611E-01 -6.9762E-01
  2.5050E-01 -3.2828E-01 -3.3839E-01 -7.0214E-01
  2.5224E-01 -3.2923E-01 -3.4068E-01 -7.0669E-01
  2.5400E-01 -3.2993E-01 -3.4298E-01 -7.1127E-01
  2.5576E-01 -3.3037E-01 -3.4530E-01 -7.1587E-01
  2.5754E-01 -3.3055E-01 -3.4763E-01 -7.2049E-01
  2.5933E-01 -3.3047E-01 -3.4998E-01 -7.2514E-01
  2.6114E-01 -3.3013E-01 -3.5234E-01 -7.2981E-01
  2.6296E-01 -3.2953E-01 -3.5472E-01 -7.3450E-01
  2.6478E-01 -3.2866E-01 -3.5711E-01 -7.3922E-01
  2.6663E-01 -3.2753E-01 -3.5952E-01 -7.4397E-01
  2.6848E-01 -3.2612E-01 -3.6194E-01 -7.4874E-01
  2.7035E-01 -3.2444E-01 -3.6438E-01 -7.5353E-01
  2.7223E-01 -3.2250E-01 -3.6683E-01 -7.5835E-01
  2.7412E-01 -3.2028E-01 -3.6929E-01 -7.6319E-01
  2.7603E-01 -3.1779E-01 -3.7178E-01 -7.6806E-01
  2.7795E-01 -3.1503E-01 -3.7427E-01 -7.7294E-01
  2.7988E-01 -3.1200E-01 -3.7679E-01 -7.7786E-01
  2.8183E-01 -3.0869E-01 -3.7932E-01 -7.8280E-01
  2.8379E-01 -3.0511E-01 -3.8186E-01 -7.8776E-01
  2.8577E-01 -3.0127E-01 -3.8442E-01 -7.9274E-01
  2.8775E-01 -2.9715E-01 -3.8699E-01 -7.9775E-01
  2.8976E-01 -2.9276E-01 -3.8958E-01 -8.0278E-01
  2.9177E-01 -2.8811E-01 -3.9219E-01 -8.0784E-01
  2.9380E-01 -2.8319E-01 -3.9481E-01 -8.1292E-01
  2.9584E-01 -2.7800E-01 -3.9745E-01 -8.1802E-01
  2.9790E-01 -2.7255E-01 -4.0010E-01 -8.2315E-01
  2.9997E-01 -2.6685E-01 -4.0277E-01 -8.2830E-01
  3.0206E-01 -2.6089E-01 -4.0546E-01 -8.3347E-01
  3.0416E-01 -2.5467E-01 -4.0816E-01 -8.3867E-01
  3.0628E-01 -2.4820E-01 -4.1088E-01 -8.4389E-01
  3.0841E-01 -2.4149E-01 -4.1361E-01 -8.4913E-01
  3.1055E-01 -2.3453E-01 -4.1636E-01 -8.5439E-01
  3.1271E-01 -2.2733E-01 -4.1912E-01 -8.5968E-01
  3.1489E-01 -2.1989E-01 -4.2191E-01 -8.6499E-01
  3.1708E-01 -2.1222E-01 -4.2470E-01 -8.7032E-01
  3.1929E-01 -2.0433E-01 -4.2752E-01 -8.7567E-01
  3.2151E-01 -1.9621E-01 -4.3035E-01 -8.8104E-01
  3.2374E-01 -1.8787E-01 -4.3320E-01 -8.8644E-01
  3.2599E-01 -1.7933E-01 -4.3606E-01 -8.9185E-01
  3.2826E-01 -1.7057E-01 -4.3894E-01 -8.9729E-01
  3.3055E-01 -1.6161E-01 -4.4183E-01 -9.0275E-01
  3.3285E-01 -1.5246E-01 -4.4475E-01 -9.0823E-01
  3.3516E-01 -1.4312E-01 -4.4768E-01 -9.1372E-01
  3.3749E-01 -1.3359E-01 -4.5062E-01 -9.1924E-01
  3.3984E-01 -1.2389E-01 -4.5358E-01 -9.2478E-01
  3.4220E-01 -1.1402E-01 -4.5656E-01 -9.3034E-01
  3.4458E-01 -1.0398E-01 -4.5956E-01 -9.3592E-01
  3.4698E-01 -9.3794E-02 -4.6257E-01 -9.4151E-01
  3.4939E-01 -8.3455E-02 -4.6560E-01 -9.4713E-01
  3.5182E-01 -7.2974E-02 -4.6864E-01 -9.5276E-01
  3.5427E-01 -6.2361E-02 -4.7170E-01 -9.5841E-01
  3.5674E-01 -5.1622E-02 -4.7478E-01 -9.6408E-01
  3.5922E-01 -4.0765E-02 -4.7788E-01 -9.6976E-01
  3.6172E-01 -2.9799E-02 -4.8099E-01 -9.7546E-01
  3.6423E-01 -1.8733E-02 -4.8412E-01 -9.8118E-01
  3.6677E-01 -7.5735E-03 -4.8726E-01 -9.8691E-01
  3.6932E-01  3.6693E-03 -4.9042E-01 -9.9266E-01
  3.7189E-01  1.4987E-02 -4.9360E-01 -9.9843E-01
  3.7447E-01  2.6370E-02 -4.9679E-01 -1.0042E+00
  3.7708E-01  3.7811E-02 -5.0000E-01 -1.0100E+00
  3.7970E-01  4.9299E-02 -5.0323E-01 -1.0158E+00
  3.8234E-01  6.0825E-02 -5.0647E-01 -1.0216E+00
  3.8500E-01  7.2380E-02 -5.0973E-01 -1.0275E+00
  3.8768E-01  8.3955E-02 -5.1301E-01 -1.0333E+00
  3.9038E-01  9.5539E-02 -5.1630E-01 -1.0392E+00
  3.9309E-01  1.0712E-01 -5.1961E-01 -1.0450E+00
  3.9582E-01  1.1870E-01 -5.2294E-01 -1.0509E+00
  3.9858E-01  1.3025E-01 -5.2628E-01 -1.0568E+00
  4.0135E-01  1.4178E-01 -5.2963E-01 -1.0627E+00
  4.0414E-01  1.5327E-01 -5.3301E-01 -1.0686E+00
  4.0695E-01  1.6470E-01 -5.3640E-01 -1.0745E+00
  4.0978E-01  1.7608E-01 -5.3980E-01 -1.0804E+00
  4.1263E-01  1.8739E-01 -5.4322E-01 -1.0863E+00
  4.1550E-01  1.9862E-01 -5.4666E-01 -1.0923E+00
  4.1839E-01  2.0975E-01 -5.5011E-01 -1.0982E+00
  4.2130E-01  2.2079E-01 -5.5358E-01 -1.1041E+00
  4.2424E-01  2.3172E-01 -5.5706E-01 -1.1101E+00
  4.2719E-01  2.4253E-01 -5.6056E-01 -1.1160E+00
  4.3016E-01  2.5321E-01 -5.6408E-01 -1.1219E+00
  4.3315E-01  2.6375E-01 -5.6760E-01 -1.1279E+00
  4.3616E-01  2.7414E-01 -5.7115E-01 -1.1338E+00
  4.3920E-01  2.8437E-01 -5.7471E-01 -1.1398E+00
  4.4225E-01  2.9443E-01 -5.7828E-01 -1.1457E+00
  4.4533E-01  3.0431E-01 -5.8187E-01 -1.1516E+00
  4.4842E-01  3.1400E-01 -5.8547E-01 -1.1576E+00
  4.5154E-01  3.2349E-01 -5.8908E-01 -1.1635E+00
  4.5468E-01  3.3278E-01 -5.9271E-01 -1.1694E+00
  4.5785E-01  3.4185E-01 -5.9636E-01 -1.1753E+00
  4.6103E-01  3.5069E-01 -6.0002E-01 -1.1812E+00
  4.6424E-01  3.5929E-01 -6.0369E-01 -1.1871E+00
  4.6747E-01  3.6765E-01 -6.0737E-01 -1.1930E+00
  4.7072E-01  3.7576E-01 -6.1107E-01 -1.1988E+00
  4.7399E-01  3.8361E-01 -6.1478E-01 -1.2047E+00
  4.7729E-01  3.9118E-01 -6.1850E-01 -1.2105E+00
  4.8061E-01  3.9847E-01 -6.2223E-01 -1.2163E+00
  4.8395E-01  4.0548E-01 -6.2598E-01 -1.2221E+00
  4.8732E-01  4.1219E-01 -6.2974E-01 -1.2279E+00
  4.9071E-01  4.1860E-01 -6.3351E-01 -1.2337E+00
  4.9412E-01  4.2470E-01 -6.3729E-01 -1.2394E+00
  4.9756E-01  4.3048E-01 -6.4108E-01 -1.2451E+00
  5.0102E-01  4.3594E-01 -6.4488E-01 -1.2508E+00
  5.0450E-01  4.4106E-01 -6.4869E-01 -1.2565E+00
  5.0801E-01  4.4584E-01 -6.5251E-01 -1.2621E+00
  5.1155E-01  4.5028E-01 -6.5634E-01 -1.2677E+00
  5.1510E-01  4.5437E-01 -6.6018E-01 -1.2733E+00
  5.1869E-01  4.5810E-01 -6.6403E-01 -1.2788E+00
  5.2229E-01  4.6147E-01 -6.6789E-01 -1.2843E+00
  5.2593E-01  4.6447E-01 -6.7175E-01 -1.2898E+00
  5.2958E-01  4.6710E-01 -6.7563E-01 -1.2952E+00
  5.3327E-01  4.6935E-01 -6.7951E-01 -1.3005E+00
  5.3698E-01  4.7122E-01 -6.8339E-01 -1.3059E+00
  5.4071E-01  4.7270E-01 -6.8728E-01 -1.3112E+00
  5.4447E-01  4.7379E-01 -6.9118E-01 -1.3164E+00
  5.4826E-01  4.7448E-01 -6.9508E-01 -1.3216E+00
  5.5207E-01  4.7478E-01 -6.9899E-01 -1.3267E+00
  5.5591E-01  4.7468E-01 -7.0290E-01 -1.3318E+00
  5.5978E-01  4.7417E-01 -7.0682E-01 -1.3368E+00
  5.6367E-01  4.7326E-01 -7.1073E-01 -1.3418E+00
  5.6759E-01  4.7194E-01 -7.1465E-01 -1.3467E+00
  5.7154E-01  4.7021E-01 -7.1857E-01 -1.3515E+00
  5.7552E-01  4.6807E-01 -7.2249E-01 -1.3563E+00
  5.7952E-01  4.6552E-01 -7.2642E-01 -1.3610E+00
  5.8355E-01  4.6255E-01 -7.3034E-01 -1.3656E+00
  5.8761E-01  4.5918E-01 -7.3426E-01 -1.3701E+00
  5.9170E-01  4.5539E-01 -7.3818E-01 -1.3746E+00
  5.9581E-01  4.5119E-01 -7.4209E-01 -1.3790E+00
  5.9996E-01  4.4657E-01 -7.4601E-01 -1.3833E+00
  6.0413E-01  4.4155E-01 -7.4991E-01 -1.3875E+00
  6.0833E-01  4.3612E-01 -7.5382E-01 -1.3917E+00
  6.1256E-01  4.3027E-01 -7.5772E-01 -1.3957E+00
  6.1682E-01  4.2403E-01 -7.6161E-01 -1.3996E+00
  6.2111E-01  4.1738E-01 -7.6549E-01 -1.4035E+00
  6.2543E-01  4.1033E-01 -7.6936E-01 -1.4072E+00
  6.2978E-01  4.0289E-01 -7.7323E-01 -1.4108E+00
  6.3416E-01  3.9505E-01 -7.7708E-01 -1.4144E+00
  6.3857E-01  3.8682E-01 -7.8093E-01 -1.4178E+00
  6.4301E-01  3.7821E-01 -7.8476E-01 -1.4211E+00
  6.4749E-01  3.6922E-01 -7.8858E-01 -1.4243E+00
  6.5199E-01  3.5985E-01 -7.9238E-01 -1.4273E+00
  6.5653E-01  3.5012E-01 -7.9617E-01 -1.4303E+00
  6.6109E-01  3.4002E-01 -7.9993E-01 -1.4331E+00
  6.6569E-01  3.2956E-01 -8.0369E-01 -1.4357E+00
  6.7032E-01  3.1875E-01 -8.0742E-01 -1.4383E+00
  6.7498E-01  3.0760E-01 -8.1113E-01 -1.4407E+00
  6.7968E-01  2.9611E-01 -8.1482E-01 -1.4429E+00
  6.8440E-01  2.8428E-01 -8.1848E-01 -1.4450E+00
  6.8916E-01  2.7214E-01 -8.2212E-01 -1.4469E+00
  6.9396E-01  2.5968E-01 -8.2574E-01 -1.4487E+00
  6.9878E-01  2.4692E-01 -8.2933E-01 -1.4504E+00
  7.0364E-01  2.3386E-01 -8.3288E-01 -1.4518E+00
  7.0854E-01  2.2052E-01 -8.3641E-01 -1.4531E+00
  7.1347E-01  2.0689E-01 -8.3991E-01 -1.4542E+00
  7.1843E-01  1.9300E-01 -8.4337E-01 -1.4552E+00
  7.2342E-01  1.7884E-01 -8.4679E-01 -1.4559E+00
  7.2846E-01  1.6444E-01 -8.5018E-01 -1.4565E+00
  7.3352E-01  1.4980E-01 -8.5353E-01 -1.4569E+00
  7.3862E-01  1.3493E-01 -8.5684E-01 -1.4571E+00
  7.4376E-01  1.1985E-01 -8.6011E-01 -1.4570E+00
  7.4893E-01  1.0456E-01 -8.6333E-01 -1.4568E+00
  7.5414E-01  8.9076E-02 -8.6650E-01 -1.4564E+00
  7.5939E-01  7.3410E-02 -8.6963E-01 -1.4558E+00
  7.6467E-01  5.7574E-02 -8.7271E-01 -1.4549E+00
  7.6999E-01  4.1580E-02 -8.7573E-01 -1.4538E+00
  7.7534E-01  2.5440E-02 -8.7870E-01 -1.4525E+00
  7.8074E-01  9.1672E-03 -8.8162E-01 -1.4510E+00
  7.8617E-01 -7.2267E-03 -8.8447E-01 -1.4492E+00
  7.9163E-01 -2.3729E-02 -8.8727E-01 -1.4472E+00
  7.9714E-01 -4.0325E-02 -8.9000E-01 -1.4449E+00
  8.0268E-01 -5.7004E-02 -8.9266E-01 -1.4424E+00
  8.0827E-01 -7.3751E-02 -8.9526E-01 -1.4396E+00
  8.1389E-01 -9.0553E-02 -8.9778E-01 -1.4366E+00
  8.1955E-01 -1.0740E-01 -9.0023E-01 -1.4333E+00
  8.2525E-01 -1.2427E-01 -9.0261E-01 -1.4298E+00
  8.3099E-01 -1.4116E-01 -9.0491E-01 -1.4260E+00
  8.3677E-01 -1.5804E-01 -9.0713E-01 -1.4219E+00
  8.4259E-01 -1.7492E-01 -9.0926E-01 -1.4175E+00
  8.4845E-01 -1.9176E-01 -9.1130E-01 -1.4128E+00
  8.5435E-01 -2.0857E-01 -9.1326E-01 -1.4079E+00
  8.6029E-01 -2.2532E-01 -9.1513E-01 -1.4026E+00
  8.6627E-01 -2.4200E-01 -9.1689E-01 -1.3971E+00
  8.7230E-01 -2.5860E-01 -9.1856E-01 -1.3912E+00
  8.7837E-01 -2.7511E-01 -9.2013E-01 -1.3851E+00
  8.8448E-01 -2.9150E-01 -9.2160E-01 -1.3787E+00
  8.9063E-01 -3.0776E-01 -9.2295E-01 -1.3719E+00
  8.9682E-01 -3.2389E-01 -9.2420E-01 -1.3648E+00
  9.0306E-01 -3.3987E-01 -9.2533E-01 -1.3574E+00
  9.0934E-01 -3.5568E-01 -9.2634E-01 -1.3497E+00
  9.1566E-01 -3.7131E-01 -9.2723E-01 -1.3417E+00
  9.2203E-01 -3.8675E-01 -9.2800E-01 -1.3333E+00
  9.2844E-01 -4.0198E-01 -9.2863E-01 -1.3246E+00
  9.3490E-01 -4.1699E-01 -9.2914E-01 -1.3156E+00
  9.4140E-01 -4.3177E-01 -9.2951E-01 -1.3062E+00
  9.4795E-01 -4.4630E-01 -9.2974E-01 -1.2965E+00
  9.5454E-01 -4.6057E-01 -9.2982E-01 -1.2865E+00
  9.6118E-01 -4.7457E-01 -9.2976E-01 -1.2762E+00
  9.6787E-01 -4.8828E-01 -9.2955E-01 -1.2655E+00
  9.7460E-01 -5.0170E-01 -9.2918E-01 -1.2544E+00
  9.8138E-01 -5.1481E-01 -9.2865E-01 -1.2430E+00
  9.8820E-01 -5.2759E-01 -9.2796E-01 -1.2313E+00
  9.9508E-01 -5.4004E-01 -9.2711E-01 -1.2193E+00
  1.0020E+00 -5.5215E-01 -9.2608E-01 -1.2069E+00
  1.0090E+00 -5.6389E-01 -9.2487E-01 -1.1941E+00
  1.0160E+00 -5.7527E-01 -9.2349E-01 -1.1811E+00
  1.0230E+00 -5.8627E-01 -9.2192E-01 -1.1677E+00
  1.0302E+00 -5.9688E-01 -9.2016E-01 -1.1539E+00
  1.0373E+00 -6.0709E-01 -9.1821E-01 -1.1399E+00
  1.0445E+00 -6.1689E-01 -9.1606E-01 -1.1255E+00
  1.0518E+00 -6.2627E-01 -9.1371E-01 -1.1107E+00
  1.0591E+00 -6.3522E-01 -9.1116E-01 -1.0957E+00
  1.0665E+00 -6.4372E-01 -9.0839E-01 -1.0803E+00
  1.0739E+00 -6.5178E-01 -9.0540E-01 -1.0647E+00
  1.0814E+00 -6.5938E-01 -9.0220E-01 -1.0487E+00
  1.0889E+00 -6.6652E-01 -8.9877E-01 -1.0324E+00
  1.0965E+00 -6.7318E-01 -8.9511E-01 -1.0159E+00
  1.1041E+00 -6.7936E-01 -8.9122E-01 -9.9900E-01
  1.1118E+00 -6.8505E-01 -8.8709E-01 -9.8187E-01
  1.1195E+00 -6.9024E-01 -8.8272E-01 -9.6446E-01
  1.1273E+00 -6.9493E-01 -8.7809E-01 -9.4679E-01
  1.1351E+00 -6.9911E-01 -8.7322E-01 -9.2886E-01
  1.1430E+00 -7.0278E-01 -8.6809E-01 -9.1069E-01
  1.1510E+00 -7.0592E-01 -8.6269E-01 -8.9228E-01
  1.1590E+00 -7.0854E-01 -8.5703E-01 -8.7365E-01
  1.1670E+00 -7.1062E-01 -8.5110E-01 -8.5480E-01
  1.1752E+00 -7.1217E-01 -8.4489E-01 -8.3576E-01
  1.1833E+00 -7.1317E-01 -8.3840E-01 -8.1652E-01
  1.1916E+00 -7.1363E-01 -8.3163E-01 -7.9711E-01
  1.1998E+00 -7.1355E-01 -8.2457E-01 -7.7754E-01
  1.2082E+00 -7.1291E-01 -8.1721E-01 -7.5781E-01
  1.2166E+00 -7.1172E-01 -8.0956E-01 -7.3796E-01
  1.2251E+00 -7.0997E-01 -8.0161E-01 -7.1799E-01
  1.2336E+00 -7.0767E-01 -7.9334E-01 -6.9791E-01
  1.2422E+00 -7.0480E-01 -7.8477E-01 -6.7775E-01
  1.2508E+00 -7.0137E-01 -7.7589E-01 -6.5753E-01
  1.2595E+00 -6.9739E-01 -7.6668E-01 -6.3725E-01
  1.2683E+00 -6.9284E-01 -7.5716E-01 -6.1694E-01
  1.2771E+00 -6.8772E-01 -7.4731E-01 -5.9661E-01
  1.2860E+00 -6.8205E-01 -7.3713E-01 -5.7630E-01
  1.2949E+00 -6.7582E-01 -7.2662E-01 -5.5600E-01
  1.3039E+00 -6.6903E-01 -7.1577E-01 -5.3575E-01
  1.3130E+00 -6.6168E-01 -7.0459E-01 -5.1557E-01
  1.3221E+00 -6.5377E-01 -6.9306E-01 -4.9548E-01
  1.3313E+00 -6.4532E-01 -6.8119E-01 -4.7549E-01
  1.3406E+00 -6.3631E-01 -6.6898E-01 -4.5563E-01
  1.3499E+00 -6.2676E-01 -6.5642E-01 -4.3592E-01
  1.3593E+00 -6.1666E-01 -6.4350E-01 -4.1639E-01
  1.3687E+00 -6.0603E-01 -6.3024E-01 -3.9705E-01
  1.3782E+00 -5.9486E-01 -6.1662E-01 -3.7793E-01
  1.3878E+00 -5.8316E-01 -6.0265E-01 -3.5905E-01
  1.3975E+00 -5.7094E-01 -5.8832E-01 -3.4043E-01
  1.4072E+00 -5.5820E-01 -5.7364E-01 -3.2210E-01
  1.4170E+00 -5.4496E-01 -5.5860E-01 -3.0408E-01
  1.4268E+00 -5.3120E-01 -5.4320E-01 -2.8638E-01
  1.4368E+00 -5.1695E-01 -5.2745E-01 -2.6904E-01
  1.4468E+00 -5.0221E-01 -5.1134E-01 -2.5207E-01
  1.4568E+00 -4.8699E-01 -4.9488E-01 -2.3550E-01
  1.4670E+00 -4.7129E-01 -4.7806E-01 -2.1934E-01
  1.4772E+00 -4.5513E-01 -4.6090E-01 -2.0362E-01
  1.4874E+00 -4.3851E-01 -4.4338E-01 -1.8836E-01
  1.4978E+00 -4.2145E-01 -4.2552E-01 -1.7358E-01
  1.5082E+00 -4.0395E-01 -4.0732E-01 -1.5929E-01
  1.5187E+00 -3.8602E-01 -3.8878E-01 -1.4552E-01
  1.5292E+00 -3.6768E-01 -3.6990E-01 -1.3228E-01
  1.5399E+00 -3.4893E-01 -3.5069E-01 -1.1958E-01
  1.5506E+00 -3.2979E-01 -3.3116E-01 -1.0745E-01
  1.5614E+00 -3.1027E-01 -3.1130E-01 -9.5901E-02
  1.5722E+00 -2.9037E-01 -2.9114E-01 -8.4941E-02
  1.5832E+00 -2.7012E-01 -2.7066E-01 -7.4584E-02
  1.5942E+00 -2.4953E-01 -2.4989E-01 -6.4840E-02
  1.6053E+00 -2.2860E-01 -2.2882E-01 -5.5720E-02
  1.6164E+00 -2.0736E-01 -2.0747E-01 -4.7232E-02
  1.6277E+00 -1.8581E-01 -1.8584E-01 -3.9381E-02
  1.6390E+00 -1.6397E-01 -1.6395E-01 -3.2172E-02
  1.6504E+00 -1.4186E-01 -1.4180E-01 -2.5609E-02
  1.6619E+00 -1.1949E-01 -1.1941E-01 -1.9693E-02
  1.6734E+00 -9.6868E-02 -9.6781E-02 -1.4424E-02
  1.6851E+00 -7.4018E-02 -7.3934E-02 -9.7999E-03
  1.6968E+00 -5.0954E-02 -5.0879E-02 -5.8161E-03
  1.7086E+00 -2.7690E-02 -2.7628E-02 -2.4671E-03
  1.7205E+00 -4.2443E-03 -4.1960E-03  2.5504E-04
  1.7324E+00  1.9368E-02  1.9402E-02  2.3600E-03
  1.7445E+00  4.3130E-02  4.3152E-02  3.8595E-03
  1.7566E+00  6.7024E-02  6.7037E-02  4.7673E-03
  1.7688E+00  9.1034E-02  9.1040E-02  5.0990E-03
  1.7811E+00  1.1514E-01  1.1514E-01  4.8722E-03
  1.7935E+00  1.3933E-01  1.3933E-01  4.1065E-03
  1.8060E+00  1.6358E-01  1.6358E-01  2.9926E-03
  1.8185E+00  1.8788E-01  1.8788E-01  2.7333E-03
  1.8312E+00  2.1220E-01  2.1220E-01  2.5768E-03
  1.8439E+00  2.3654E-01  2.3654E-01  2.3044E-03
  1.8568E+00  2.6086E-01  2.6086E-01  1.9454E-03
  1.8697E+00  2.8515E-01  2.8515E-01  1.5105E-03
  1.8827E+00  3.0940E-01  3.0940E-01  1.0107E-03
  1.8958E+00  3.3358E-01  3.3358E-01  4.5800E-04
  1.9089E+00  3.5768E-01  3.5768E-01 -1.3553E-04
  1.9222E+00  3.8167E-01  3.8167E-01 -7.5744E-04
  1.9356E+00  4.0554E-01  4.0554E-01 -1.3951E-03
  1.9491E+00  4.2927E-01  4.2927E-01 -2.0361E-03
  1.9626E+00  4.5283E-01  4.5283E-01 -2.6679E-03
  1.9763E+00  4.7622E-01  4.7622E-01 -3.2785E-03
  1.9900E+00  4.9940E-01  4.9940E-01 -3.8563E-03
  2.0038E+00  5.2237E-01  5.2237E-01 -4.3905E-03
  2.0178E+00  5.4510E-01  5.4510E-01 -4.8712E-03
  2.0318E+00  5.6757E-01  5.6757E-01 -5.2891E-03
  2.0459E+00  5.8976E-01  5.8976E-01 -5.6367E-03
  2.0602E+00  6.1166E-01  6.1166E-01 -5.9074E-03
  2.0745E+00  6.3324E-01  6.3324E-01 -6.0962E-03
  2.0889E+00  6.5449E-01  6.5449E-01 -6.2000E-03
  2.1034E+00  6.7538E-01  6.7538E-01 -6.2171E-03
  2.1181E+00  6.9590E-01  6.9590E-01 -6.1479E-03
  2.1328E+00  7.1603E-01  7.1603E-01 -5.9946E-03
  2.1476E+00  7.3575E-01  7.3575E-01 -5.7616E-03
  2.1626E+00  7.5504E-01  7.5504E-01 -5.4551E-03
  2.1776E+00  7.7388E-01  7.7388E-01 -5.0832E-03
  2.1928E+00  7.9225E-01  7.9225E-01 -4.6559E-03
  2.2080E+00  8.1014E-01  8.1014E-01 -4.1850E-03
  2.2234E+00  8.2753E-01  8.2753E-01 -3.6836E-03
  2.2388E+00  8.4439E-01  8.4439E-01 -3.1660E-03
  2.2544E+00  8.6072E-01  8.6072E-01 -2.6475E-03
  2.2701E+00  8.7649E-01  8.7649E-01 -2.1433E-03
  2.2859E+00  8.9169E-01  8.9169E-01 -1.6686E-03
  2.3018E+00  9.0630E-01  9.0630E-01 -1.2378E-03
  2.3178E+00  9.2030E-01  9.2030E-01 -8.6329E-04
  2.3339E+00  9.3368E-01  9.3368E-01 -5.5489E-04
  2.3501E+00  9.4643E-01  9.4643E-01 -3.1872E-04
  2.3665E+00  9.5851E-01  9.5851E-01 -1.5593E-04
  2.3829E+00  9.6993E-01  9.6993E-01 -6.1373E-05
  2.3995E+00  9.8066E-01  9.8066E-01 -2.2075E-05
  2.4162E+00  9.9069E-01  9.9069E-01  0.0000E+00
  2.4330E+00  1.0000E+00  1.0000E+00  0.0000E+00
  2.4499E+00  1.0086E+00  1.0086E+00  0.0000E+00
  2.4669E+00  1.0164E+00  1.0164E+00  0.0000E+00
  2.4841E+00  1.0235E+00  1.0235E+00  0.0000E+00
  2.5014E+00  1.0298E+00  1.0298E+00  0.0000E+00
  2.5188E+00  1.0354E+00  1.0354E+00  0.0000E+00
  2.5363E+00  1.0401E+00  1.0401E+00  0.0000E+00
  2.5539E+00  1.0440E+00  1.0440E+00  0.0000E+00
  2.5717E+00  1.0472E+00  1.0472E+00  0.0000E+00
  2.5896E+00  1.0494E+00  1.0494E+00  0.0000E+00
  2.6076E+00  1.0509E+00  1.0509E+00  0.0000E+00
  2.6257E+00  1.0515E+00  1.0515E+00  0.0000E+00
  2.6440E+00  1.0512E+00  1.0512E+00  0.0000E+00
  2.6624E+00  1.0501E+00  1.0501E+00  0.0000E+00
  2.6809E+00  1.0481E+00  1.0481E+00  0.0000E+00
  2.6995E+00  1.0453E+00  1.0453E+00  0.0000E+00
  2.7183E+00  1.0415E+00  1.0415E+00  0.0000E+00
  2.7372E+00  1.0369E+00  1.0369E+00  0.0000E+00
  2.7562E+00  1.0313E+00  1.0313E+00  0.0000E+00
  2.7754E+00  1.0249E+00  1.0249E+00  0.0000E+00
  2.7947E+00  1.0175E+00  1.0175E+00  0.0000E+00
  2.8142E+00  1.0092E+00  1.0092E+00  0.0000E+00
  2.8337E+00  1.0001E+00  1.0001E+00  0.0000E+00
  2.8534E+00  9.8996E-01  9.8996E-01  0.0000E+00
  2.8733E+00  9.7894E-01  9.7894E-01  0.0000E+00
  2.8933E+00  9.6700E-01  9.6700E-01  0.0000E+00
  2.9134E+00  9.5414E-01  9.5414E-01  0.0000E+00
  2.9336E+00  9.4037E-01  9.4037E-01  0.0000E+00
  2.9540E+00  9.2568E-01  9.2568E-01  0.0000E+00
  2.9746E+00  9.1008E-01  9.1008E-01  0.0000E+00
  2.9953E+00  8.9357E-01  8.9357E-01  0.0000E+00
  3.0161E+00  8.7615E-01  8.7615E-01  0.0000E+00
  3.0371E+00  8.5784E-01  8.5784E-01  0.0000E+00
  3.0582E+00  8.3862E-01  8.3862E-01  0.0000E+00
  3.0795E+00  8.1852E-01  8.1852E-01  0.0000E+00
  3.1009E+00  7.9754E-01  7.9754E-01  0.0000E+00
  3.1225E+00  7.7569E-01  7.7569E-01  0.0000E+00
  3.1442E+00  7.5298E-01  7.5298E-01  0.0000E+00
  3.1660E+00  7.2942E-01  7.2942E-01  0.0000E+00
  3.1881E+00  7.0502E-01  7.0502E-01  0.0000E+00
  3.2102E+00  6.7979E-01  6.7979E-01  0.0000E+00
  3.2325E+00  6.5376E-01  6.5376E-01  0.0000E+00
  3.2550E+00  6.2692E-01  6.2692E-01  0.0000E+00
  3.2777E+00  5.9930E-01  5.9930E-01  0.0000E+00
  3.3005E+00  5.7092E-01  5.7092E-01  0.0000E+00
  3.3234E+00  5.4179E-01  5.4179E-01  0.0000E+00
  3.3465E+00  5.1194E-01  5.1194E-01  0.0000E+00
  3.3698E+00  4.8138E-01  4.8138E-01  0.0000E+00
  3.3932E+00  4.5013E-01  4.5013E-01  0.0000E+00
  3.4168E+00  4.1823E-01  4.1823E-01  0.0000E+00
