 # l=           1 basis function with energy     3.00000000000000     
  0.0000E+00  0.0000E+00  0.0000E+00  0.0000E+00
  5.3551E-07 -1.4445E-08 -4.1682E-13 -1.1032E-12
  1.0747E-06 -4.4115E-08 -1.6789E-12 -4.4436E-12
  1.6177E-06 -8.4964E-08 -3.8038E-12 -1.0068E-11
  2.1645E-06 -1.3549E-07 -6.8096E-12 -1.8023E-11
  2.7151E-06 -1.9484E-07 -1.0714E-11 -2.8358E-11
  3.2694E-06 -2.6243E-07 -1.5537E-11 -4.1121E-11
  3.8277E-06 -3.3786E-07 -2.1295E-11 -5.6363E-11
  4.3898E-06 -4.2085E-07 -2.8009E-11 -7.4133E-11
  4.9559E-06 -5.1115E-07 -3.5698E-11 -9.4484E-11
  5.5258E-06 -6.0859E-07 -4.4382E-11 -1.1747E-10
  6.0998E-06 -7.1303E-07 -5.4080E-11 -1.4314E-10
  6.6777E-06 -8.2437E-07 -6.4813E-11 -1.7154E-10
  7.2597E-06 -9.4251E-07 -7.6602E-11 -2.0275E-10
  7.8457E-06 -1.0674E-06 -8.9468E-11 -2.3680E-10
  8.4357E-06 -1.1990E-06 -1.0343E-10 -2.7376E-10
  9.0299E-06 -1.3372E-06 -1.1852E-10 -3.1368E-10
  9.6282E-06 -1.4820E-06 -1.3474E-10 -3.5662E-10
  1.0231E-05 -1.6334E-06 -1.5213E-10 -4.0265E-10
  1.0837E-05 -1.7914E-06 -1.7071E-10 -4.5182E-10
  1.1448E-05 -1.9560E-06 -1.9050E-10 -5.0419E-10
  1.2063E-05 -2.1272E-06 -2.1152E-10 -5.5983E-10
  1.2683E-05 -2.3049E-06 -2.3380E-10 -6.1879E-10
  1.3306E-05 -2.4893E-06 -2.5736E-10 -6.8115E-10
  1.3935E-05 -2.6803E-06 -2.8222E-10 -7.4697E-10
  1.4567E-05 -2.8779E-06 -3.0842E-10 -8.1631E-10
  1.5204E-05 -3.0822E-06 -3.3598E-10 -8.8924E-10
  1.5845E-05 -3.2933E-06 -3.6492E-10 -9.6583E-10
  1.6491E-05 -3.5110E-06 -3.9526E-10 -1.0462E-09
  1.7141E-05 -3.7356E-06 -4.2705E-10 -1.1303E-09
  1.7796E-05 -3.9669E-06 -4.6029E-10 -1.2183E-09
  1.8455E-05 -4.2051E-06 -4.9503E-10 -1.3102E-09
  1.9119E-05 -4.4502E-06 -5.3128E-10 -1.4062E-09
  1.9787E-05 -4.7022E-06 -5.6909E-10 -1.5062E-09
  2.0460E-05 -4.9613E-06 -6.0846E-10 -1.6104E-09
  2.1138E-05 -5.2274E-06 -6.4944E-10 -1.7189E-09
  2.1821E-05 -5.5006E-06 -6.9206E-10 -1.8317E-09
  2.2508E-05 -5.7809E-06 -7.3634E-10 -1.9489E-09
  2.3200E-05 -6.0685E-06 -7.8232E-10 -2.0706E-09
  2.3897E-05 -6.3633E-06 -8.3002E-10 -2.1968E-09
  2.4598E-05 -6.6655E-06 -8.7948E-10 -2.3277E-09
  2.5305E-05 -6.9751E-06 -9.3073E-10 -2.4634E-09
  2.6017E-05 -7.2922E-06 -9.8380E-10 -2.6039E-09
  2.6733E-05 -7.6167E-06 -1.0387E-09 -2.7492E-09
  2.7454E-05 -7.9489E-06 -1.0956E-09 -2.8996E-09
  2.8181E-05 -8.2888E-06 -1.1543E-09 -3.0551E-09
  2.8912E-05 -8.6364E-06 -1.2150E-09 -3.2158E-09
  2.9649E-05 -8.9919E-06 -1.2777E-09 -3.3817E-09
  3.0391E-05 -9.3552E-06 -1.3424E-09 -3.5530E-09
  3.1137E-05 -9.7265E-06 -1.4092E-09 -3.7298E-09
  3.1890E-05 -1.0106E-05 -1.4781E-09 -3.9121E-09
  3.2647E-05 -1.0493E-05 -1.5491E-09 -4.1001E-09
  3.3409E-05 -1.0889E-05 -1.6224E-09 -4.2939E-09
  3.4177E-05 -1.1293E-05 -1.6978E-09 -4.4936E-09
  3.4950E-05 -1.1706E-05 -1.7755E-09 -4.6992E-09
  3.5729E-05 -1.2126E-05 -1.8555E-09 -4.9109E-09
  3.6513E-05 -1.2556E-05 -1.9378E-09 -5.1288E-09
  3.7302E-05 -1.2994E-05 -2.0225E-09 -5.3529E-09
  3.8097E-05 -1.3441E-05 -2.1096E-09 -5.5835E-09
  3.8898E-05 -1.3896E-05 -2.1992E-09 -5.8206E-09
  3.9704E-05 -1.4361E-05 -2.2913E-09 -6.0643E-09
  4.0515E-05 -1.4835E-05 -2.3859E-09 -6.3148E-09
  4.1333E-05 -1.5317E-05 -2.4831E-09 -6.5721E-09
  4.2156E-05 -1.5809E-05 -2.5830E-09 -6.8364E-09
  4.2984E-05 -1.6310E-05 -2.6855E-09 -7.1078E-09
  4.3819E-05 -1.6821E-05 -2.7908E-09 -7.3865E-09
  4.4659E-05 -1.7341E-05 -2.8989E-09 -7.6725E-09
  4.5505E-05 -1.7871E-05 -3.0097E-09 -7.9660E-09
  4.6357E-05 -1.8411E-05 -3.1235E-09 -8.2670E-09
  4.7215E-05 -1.8960E-05 -3.2402E-09 -8.5758E-09
  4.8079E-05 -1.9519E-05 -3.3598E-09 -8.8925E-09
  4.8949E-05 -2.0089E-05 -3.4825E-09 -9.2172E-09
  4.9825E-05 -2.0668E-05 -3.6083E-09 -9.5501E-09
  5.0707E-05 -2.1258E-05 -3.7371E-09 -9.8912E-09
  5.1595E-05 -2.1858E-05 -3.8692E-09 -1.0241E-08
  5.2489E-05 -2.2469E-05 -4.0045E-09 -1.0599E-08
  5.3390E-05 -2.3090E-05 -4.1431E-09 -1.0966E-08
  5.4296E-05 -2.3722E-05 -4.2850E-09 -1.1341E-08
  5.5210E-05 -2.4365E-05 -4.4303E-09 -1.1726E-08
  5.6129E-05 -2.5019E-05 -4.5791E-09 -1.2120E-08
  5.7055E-05 -2.5684E-05 -4.7315E-09 -1.2523E-08
  5.7987E-05 -2.6361E-05 -4.8873E-09 -1.2935E-08
  5.8926E-05 -2.7048E-05 -5.0469E-09 -1.3358E-08
  5.9871E-05 -2.7748E-05 -5.2101E-09 -1.3790E-08
  6.0823E-05 -2.8459E-05 -5.3771E-09 -1.4232E-08
  6.1782E-05 -2.9181E-05 -5.5479E-09 -1.4684E-08
  6.2747E-05 -2.9916E-05 -5.7226E-09 -1.5146E-08
  6.3719E-05 -3.0662E-05 -5.9012E-09 -1.5619E-08
  6.4697E-05 -3.1421E-05 -6.0839E-09 -1.6102E-08
  6.5683E-05 -3.2192E-05 -6.2706E-09 -1.6597E-08
  6.6675E-05 -3.2976E-05 -6.4615E-09 -1.7102E-08
  6.7674E-05 -3.3772E-05 -6.6566E-09 -1.7618E-08
  6.8680E-05 -3.4581E-05 -6.8561E-09 -1.8146E-08
  6.9694E-05 -3.5402E-05 -7.0598E-09 -1.8685E-08
  7.0714E-05 -3.6237E-05 -7.2680E-09 -1.9236E-08
  7.1741E-05 -3.7085E-05 -7.4807E-09 -1.9799E-08
  7.2775E-05 -3.7947E-05 -7.6980E-09 -2.0374E-08
  7.3817E-05 -3.8821E-05 -7.9199E-09 -2.0962E-08
  7.4866E-05 -3.9710E-05 -8.1466E-09 -2.1562E-08
  7.5922E-05 -4.0612E-05 -8.3781E-09 -2.2174E-08
  7.6986E-05 -4.1529E-05 -8.6144E-09 -2.2800E-08
  7.8056E-05 -4.2459E-05 -8.8558E-09 -2.3439E-08
  7.9135E-05 -4.3404E-05 -9.1021E-09 -2.4091E-08
  8.0221E-05 -4.4363E-05 -9.3536E-09 -2.4757E-08
  8.1314E-05 -4.5337E-05 -9.6104E-09 -2.5436E-08
  8.2415E-05 -4.6325E-05 -9.8724E-09 -2.6129E-08
  8.3524E-05 -4.7329E-05 -1.0140E-08 -2.6837E-08
  8.4640E-05 -4.8348E-05 -1.0413E-08 -2.7559E-08
  8.5764E-05 -4.9382E-05 -1.0691E-08 -2.8296E-08
  8.6896E-05 -5.0432E-05 -1.0975E-08 -2.9048E-08
  8.8036E-05 -5.1497E-05 -1.1265E-08 -2.9815E-08
  8.9184E-05 -5.2578E-05 -1.1561E-08 -3.0598E-08
  9.0339E-05 -5.3675E-05 -1.1862E-08 -3.1396E-08
  9.1503E-05 -5.4789E-05 -1.2170E-08 -3.2210E-08
  9.2675E-05 -5.5919E-05 -1.2483E-08 -3.3040E-08
  9.3855E-05 -5.7065E-05 -1.2803E-08 -3.3887E-08
  9.5043E-05 -5.8229E-05 -1.3130E-08 -3.4750E-08
  9.6240E-05 -5.9409E-05 -1.3462E-08 -3.5631E-08
  9.7445E-05 -6.0607E-05 -1.3801E-08 -3.6529E-08
  9.8658E-05 -6.1822E-05 -1.4147E-08 -3.7444E-08
  9.9879E-05 -6.3054E-05 -1.4500E-08 -3.8377E-08
  1.0111E-04 -6.4305E-05 -1.4859E-08 -3.9328E-08
  1.0235E-04 -6.5573E-05 -1.5225E-08 -4.0297E-08
  1.0360E-04 -6.6860E-05 -1.5599E-08 -4.1286E-08
  1.0485E-04 -6.8165E-05 -1.5979E-08 -4.2293E-08
  1.0612E-04 -6.9489E-05 -1.6367E-08 -4.3319E-08
  1.0739E-04 -7.0832E-05 -1.6762E-08 -4.4365E-08
  1.0867E-04 -7.2194E-05 -1.7165E-08 -4.5431E-08
  1.0996E-04 -7.3575E-05 -1.7575E-08 -4.6517E-08
  1.1126E-04 -7.4976E-05 -1.7993E-08 -4.7624E-08
  1.1257E-04 -7.6396E-05 -1.8419E-08 -4.8751E-08
  1.1389E-04 -7.7837E-05 -1.8853E-08 -4.9900E-08
  1.1522E-04 -7.9297E-05 -1.9295E-08 -5.1070E-08
  1.1656E-04 -8.0779E-05 -1.9746E-08 -5.2262E-08
  1.1790E-04 -8.2281E-05 -2.0204E-08 -5.3476E-08
  1.1926E-04 -8.3804E-05 -2.0672E-08 -5.4712E-08
  1.2062E-04 -8.5348E-05 -2.1148E-08 -5.5972E-08
  1.2200E-04 -8.6914E-05 -2.1632E-08 -5.7254E-08
  1.2338E-04 -8.8501E-05 -2.2126E-08 -5.8561E-08
  1.2477E-04 -9.0111E-05 -2.2628E-08 -5.9891E-08
  1.2618E-04 -9.1742E-05 -2.3140E-08 -6.1246E-08
  1.2759E-04 -9.3396E-05 -2.3661E-08 -6.2625E-08
  1.2901E-04 -9.5073E-05 -2.4192E-08 -6.4030E-08
  1.3045E-04 -9.6773E-05 -2.4732E-08 -6.5460E-08
  1.3189E-04 -9.8496E-05 -2.5282E-08 -6.6916E-08
  1.3334E-04 -1.0024E-04 -2.5842E-08 -6.8398E-08
  1.3480E-04 -1.0201E-04 -2.6413E-08 -6.9907E-08
  1.3628E-04 -1.0381E-04 -2.6993E-08 -7.1443E-08
  1.3776E-04 -1.0563E-04 -2.7584E-08 -7.3007E-08
  1.3925E-04 -1.0747E-04 -2.8185E-08 -7.4598E-08
  1.4076E-04 -1.0934E-04 -2.8797E-08 -7.6218E-08
  1.4227E-04 -1.1123E-04 -2.9420E-08 -7.7867E-08
  1.4380E-04 -1.1315E-04 -3.0054E-08 -7.9545E-08
  1.4533E-04 -1.1510E-04 -3.0700E-08 -8.1253E-08
  1.4688E-04 -1.1707E-04 -3.1356E-08 -8.2991E-08
  1.4844E-04 -1.1907E-04 -3.2025E-08 -8.4760E-08
  1.5000E-04 -1.2109E-04 -3.2705E-08 -8.6560E-08
  1.5158E-04 -1.2314E-04 -3.3397E-08 -8.8392E-08
  1.5317E-04 -1.2522E-04 -3.4101E-08 -9.0255E-08
  1.5477E-04 -1.2733E-04 -3.4817E-08 -9.2152E-08
  1.5638E-04 -1.2947E-04 -3.5546E-08 -9.4081E-08
  1.5801E-04 -1.3163E-04 -3.6288E-08 -9.6044E-08
  1.5964E-04 -1.3382E-04 -3.7042E-08 -9.8041E-08
  1.6129E-04 -1.3604E-04 -3.7810E-08 -1.0007E-07
  1.6294E-04 -1.3829E-04 -3.8591E-08 -1.0214E-07
  1.6461E-04 -1.4057E-04 -3.9386E-08 -1.0424E-07
  1.6629E-04 -1.4288E-04 -4.0194E-08 -1.0638E-07
  1.6799E-04 -1.4522E-04 -4.1016E-08 -1.0856E-07
  1.6969E-04 -1.4759E-04 -4.1852E-08 -1.1077E-07
  1.7140E-04 -1.5000E-04 -4.2703E-08 -1.1302E-07
  1.7313E-04 -1.5243E-04 -4.3568E-08 -1.1531E-07
  1.7487E-04 -1.5490E-04 -4.4448E-08 -1.1764E-07
  1.7662E-04 -1.5740E-04 -4.5342E-08 -1.2001E-07
  1.7839E-04 -1.5993E-04 -4.6253E-08 -1.2242E-07
  1.8016E-04 -1.6249E-04 -4.7178E-08 -1.2487E-07
  1.8195E-04 -1.6509E-04 -4.8119E-08 -1.2736E-07
  1.8375E-04 -1.6772E-04 -4.9077E-08 -1.2989E-07
  1.8557E-04 -1.7038E-04 -5.0050E-08 -1.3247E-07
  1.8739E-04 -1.7308E-04 -5.1040E-08 -1.3509E-07
  1.8923E-04 -1.7582E-04 -5.2046E-08 -1.3775E-07
  1.9108E-04 -1.7859E-04 -5.3070E-08 -1.4046E-07
  1.9295E-04 -1.8139E-04 -5.4111E-08 -1.4322E-07
  1.9482E-04 -1.8423E-04 -5.5169E-08 -1.4602E-07
  1.9671E-04 -1.8711E-04 -5.6244E-08 -1.4886E-07
  1.9862E-04 -1.9003E-04 -5.7338E-08 -1.5176E-07
  2.0053E-04 -1.9298E-04 -5.8450E-08 -1.5470E-07
  2.0246E-04 -1.9597E-04 -5.9581E-08 -1.5769E-07
  2.0441E-04 -1.9900E-04 -6.0730E-08 -1.6074E-07
  2.0637E-04 -2.0207E-04 -6.1899E-08 -1.6383E-07
  2.0834E-04 -2.0517E-04 -6.3087E-08 -1.6697E-07
  2.1032E-04 -2.0832E-04 -6.4294E-08 -1.7017E-07
  2.1232E-04 -2.1151E-04 -6.5521E-08 -1.7342E-07
  2.1433E-04 -2.1473E-04 -6.6769E-08 -1.7672E-07
  2.1636E-04 -2.1800E-04 -6.8037E-08 -1.8008E-07
  2.1840E-04 -2.2131E-04 -6.9327E-08 -1.8349E-07
  2.2045E-04 -2.2466E-04 -7.0637E-08 -1.8696E-07
  2.2252E-04 -2.2806E-04 -7.1969E-08 -1.9048E-07
  2.2460E-04 -2.3150E-04 -7.3323E-08 -1.9406E-07
  2.2670E-04 -2.3498E-04 -7.4698E-08 -1.9771E-07
  2.2881E-04 -2.3850E-04 -7.6097E-08 -2.0141E-07
  2.3094E-04 -2.4207E-04 -7.7518E-08 -2.0517E-07
  2.3308E-04 -2.4569E-04 -7.8962E-08 -2.0899E-07
  2.3524E-04 -2.4935E-04 -8.0430E-08 -2.1288E-07
  2.3741E-04 -2.5305E-04 -8.1922E-08 -2.1682E-07
  2.3959E-04 -2.5681E-04 -8.3438E-08 -2.2084E-07
  2.4180E-04 -2.6061E-04 -8.4978E-08 -2.2491E-07
  2.4401E-04 -2.6445E-04 -8.6544E-08 -2.2906E-07
  2.4625E-04 -2.6835E-04 -8.8135E-08 -2.3327E-07
  2.4849E-04 -2.7229E-04 -8.9751E-08 -2.3755E-07
  2.5076E-04 -2.7629E-04 -9.1394E-08 -2.4189E-07
  2.5304E-04 -2.8033E-04 -9.3063E-08 -2.4631E-07
  2.5533E-04 -2.8443E-04 -9.4759E-08 -2.5080E-07
  2.5764E-04 -2.8857E-04 -9.6482E-08 -2.5536E-07
  2.5997E-04 -2.9277E-04 -9.8233E-08 -2.6000E-07
  2.6231E-04 -2.9702E-04 -1.0001E-07 -2.6470E-07
  2.6467E-04 -3.0132E-04 -1.0182E-07 -2.6949E-07
  2.6705E-04 -3.0568E-04 -1.0366E-07 -2.7435E-07
  2.6944E-04 -3.1009E-04 -1.0552E-07 -2.7929E-07
  2.7185E-04 -3.1456E-04 -1.0742E-07 -2.8430E-07
  2.7428E-04 -3.1908E-04 -1.0934E-07 -2.8940E-07
  2.7672E-04 -3.2365E-04 -1.1130E-07 -2.9458E-07
  2.7918E-04 -3.2829E-04 -1.1329E-07 -2.9984E-07
  2.8166E-04 -3.3298E-04 -1.1531E-07 -3.0518E-07
  2.8415E-04 -3.3773E-04 -1.1736E-07 -3.1061E-07
  2.8666E-04 -3.4253E-04 -1.1944E-07 -3.1613E-07
  2.8919E-04 -3.4740E-04 -1.2156E-07 -3.2173E-07
  2.9174E-04 -3.5233E-04 -1.2371E-07 -3.2742E-07
  2.9430E-04 -3.5732E-04 -1.2589E-07 -3.3320E-07
  2.9689E-04 -3.6237E-04 -1.2811E-07 -3.3908E-07
  2.9949E-04 -3.6748E-04 -1.3037E-07 -3.4504E-07
  3.0210E-04 -3.7265E-04 -1.3266E-07 -3.5110E-07
  3.0474E-04 -3.7789E-04 -1.3498E-07 -3.5726E-07
  3.0740E-04 -3.8319E-04 -1.3734E-07 -3.6351E-07
  3.1007E-04 -3.8856E-04 -1.3974E-07 -3.6986E-07
  3.1276E-04 -3.9399E-04 -1.4218E-07 -3.7631E-07
  3.1547E-04 -3.9949E-04 -1.4465E-07 -3.8286E-07
  3.1820E-04 -4.0506E-04 -1.4717E-07 -3.8951E-07
  3.2095E-04 -4.1069E-04 -1.4972E-07 -3.9627E-07
  3.2372E-04 -4.1640E-04 -1.5231E-07 -4.0313E-07
  3.2650E-04 -4.2217E-04 -1.5495E-07 -4.1010E-07
  3.2931E-04 -4.2801E-04 -1.5762E-07 -4.1718E-07
  3.3214E-04 -4.3393E-04 -1.6034E-07 -4.2437E-07
  3.3498E-04 -4.3992E-04 -1.6310E-07 -4.3168E-07
  3.3785E-04 -4.4598E-04 -1.6590E-07 -4.3909E-07
  3.4073E-04 -4.5211E-04 -1.6875E-07 -4.4662E-07
  3.4364E-04 -4.5832E-04 -1.7164E-07 -4.5427E-07
  3.4656E-04 -4.6460E-04 -1.7457E-07 -4.6204E-07
  3.4951E-04 -4.7096E-04 -1.7755E-07 -4.6993E-07
  3.5247E-04 -4.7740E-04 -1.8058E-07 -4.7794E-07
  3.5546E-04 -4.8392E-04 -1.8365E-07 -4.8607E-07
  3.5847E-04 -4.9051E-04 -1.8677E-07 -4.9433E-07
  3.6150E-04 -4.9719E-04 -1.8994E-07 -5.0272E-07
  3.6455E-04 -5.0394E-04 -1.9316E-07 -5.1123E-07
  3.6762E-04 -5.1078E-04 -1.9643E-07 -5.1988E-07
  3.7071E-04 -5.1770E-04 -1.9974E-07 -5.2867E-07
  3.7382E-04 -5.2471E-04 -2.0311E-07 -5.3758E-07
  3.7696E-04 -5.3179E-04 -2.0653E-07 -5.4664E-07
  3.8011E-04 -5.3897E-04 -2.1001E-07 -5.5583E-07
  3.8329E-04 -5.4623E-04 -2.1354E-07 -5.6517E-07
  3.8649E-04 -5.5358E-04 -2.1712E-07 -5.7465E-07
  3.8972E-04 -5.6102E-04 -2.2075E-07 -5.8427E-07
  3.9296E-04 -5.6854E-04 -2.2445E-07 -5.9405E-07
  3.9623E-04 -5.7616E-04 -2.2820E-07 -6.0397E-07
  3.9952E-04 -5.8387E-04 -2.3200E-07 -6.1404E-07
  4.0284E-04 -5.9167E-04 -2.3587E-07 -6.2427E-07
  4.0617E-04 -5.9957E-04 -2.3979E-07 -6.3466E-07
  4.0953E-04 -6.0756E-04 -2.4377E-07 -6.4520E-07
  4.1292E-04 -6.1564E-04 -2.4782E-07 -6.5591E-07
  4.1632E-04 -6.2383E-04 -2.5193E-07 -6.6678E-07
  4.1975E-04 -6.3211E-04 -2.5609E-07 -6.7781E-07
  4.2321E-04 -6.4049E-04 -2.6033E-07 -6.8901E-07
  4.2669E-04 -6.4897E-04 -2.6462E-07 -7.0039E-07
  4.3019E-04 -6.5755E-04 -2.6899E-07 -7.1193E-07
  4.3372E-04 -6.6624E-04 -2.7342E-07 -7.2366E-07
  4.3727E-04 -6.7503E-04 -2.7791E-07 -7.3556E-07
  4.4085E-04 -6.8392E-04 -2.8248E-07 -7.4764E-07
  4.4445E-04 -6.9292E-04 -2.8711E-07 -7.5990E-07
  4.4807E-04 -7.0203E-04 -2.9182E-07 -7.7236E-07
  4.5173E-04 -7.1125E-04 -2.9659E-07 -7.8500E-07
  4.5540E-04 -7.2058E-04 -3.0144E-07 -7.9783E-07
  4.5911E-04 -7.3001E-04 -3.0636E-07 -8.1085E-07
  4.6283E-04 -7.3956E-04 -3.1136E-07 -8.2408E-07
  4.6659E-04 -7.4923E-04 -3.1643E-07 -8.3750E-07
  4.7037E-04 -7.5901E-04 -3.2158E-07 -8.5112E-07
  4.7417E-04 -7.6891E-04 -3.2680E-07 -8.6496E-07
  4.7801E-04 -7.7892E-04 -3.3211E-07 -8.7900E-07
  4.8187E-04 -7.8905E-04 -3.3749E-07 -8.9325E-07
  4.8575E-04 -7.9931E-04 -3.4296E-07 -9.0772E-07
  4.8967E-04 -8.0968E-04 -3.4851E-07 -9.2240E-07
  4.9361E-04 -8.2018E-04 -3.5414E-07 -9.3731E-07
  4.9758E-04 -8.3080E-04 -3.5986E-07 -9.5244E-07
  5.0157E-04 -8.4155E-04 -3.6566E-07 -9.6780E-07
  5.0560E-04 -8.5243E-04 -3.7155E-07 -9.8339E-07
  5.0965E-04 -8.6344E-04 -3.7753E-07 -9.9921E-07
  5.1373E-04 -8.7457E-04 -3.8360E-07 -1.0153E-06
  5.1784E-04 -8.8584E-04 -3.8976E-07 -1.0316E-06
  5.2197E-04 -8.9724E-04 -3.9601E-07 -1.0481E-06
  5.2614E-04 -9.0878E-04 -4.0235E-07 -1.0649E-06
  5.3033E-04 -9.2045E-04 -4.0880E-07 -1.0820E-06
  5.3456E-04 -9.3226E-04 -4.1533E-07 -1.0993E-06
  5.3881E-04 -9.4421E-04 -4.2197E-07 -1.1168E-06
  5.4309E-04 -9.5630E-04 -4.2870E-07 -1.1347E-06
  5.4740E-04 -9.6854E-04 -4.3554E-07 -1.1527E-06
  5.5175E-04 -9.8092E-04 -4.4247E-07 -1.1711E-06
  5.5612E-04 -9.9344E-04 -4.4952E-07 -1.1897E-06
  5.6052E-04 -1.0061E-03 -4.5666E-07 -1.2087E-06
  5.6496E-04 -1.0189E-03 -4.6391E-07 -1.2279E-06
  5.6942E-04 -1.0319E-03 -4.7128E-07 -1.2473E-06
  5.7392E-04 -1.0450E-03 -4.7875E-07 -1.2671E-06
  5.7844E-04 -1.0583E-03 -4.8633E-07 -1.2872E-06
  5.8300E-04 -1.0718E-03 -4.9402E-07 -1.3075E-06
  5.8759E-04 -1.0853E-03 -5.0183E-07 -1.3282E-06
  5.9221E-04 -1.0991E-03 -5.0976E-07 -1.3492E-06
  5.9687E-04 -1.1130E-03 -5.1780E-07 -1.3705E-06
  6.0155E-04 -1.1271E-03 -5.2596E-07 -1.3921E-06
  6.0627E-04 -1.1413E-03 -5.3425E-07 -1.4140E-06
  6.1102E-04 -1.1558E-03 -5.4266E-07 -1.4363E-06
  6.1581E-04 -1.1703E-03 -5.5119E-07 -1.4588E-06
  6.2063E-04 -1.1851E-03 -5.5985E-07 -1.4818E-06
  6.2548E-04 -1.2000E-03 -5.6863E-07 -1.5050E-06
  6.3036E-04 -1.2151E-03 -5.7755E-07 -1.5286E-06
  6.3528E-04 -1.2304E-03 -5.8660E-07 -1.5526E-06
  6.4024E-04 -1.2459E-03 -5.9578E-07 -1.5769E-06
  6.4522E-04 -1.2615E-03 -6.0510E-07 -1.6015E-06
  6.5025E-04 -1.2773E-03 -6.1456E-07 -1.6266E-06
  6.5530E-04 -1.2933E-03 -6.2416E-07 -1.6520E-06
  6.6040E-04 -1.3095E-03 -6.3390E-07 -1.6778E-06
  6.6552E-04 -1.3259E-03 -6.4378E-07 -1.7039E-06
  6.7069E-04 -1.3425E-03 -6.5381E-07 -1.7305E-06
  6.7589E-04 -1.3592E-03 -6.6399E-07 -1.7574E-06
  6.8112E-04 -1.3762E-03 -6.7431E-07 -1.7847E-06
  6.8640E-04 -1.3934E-03 -6.8479E-07 -1.8125E-06
  6.9171E-04 -1.4107E-03 -6.9543E-07 -1.8406E-06
  6.9705E-04 -1.4283E-03 -7.0622E-07 -1.8692E-06
  7.0243E-04 -1.4461E-03 -7.1717E-07 -1.8981E-06
  7.0786E-04 -1.4640E-03 -7.2828E-07 -1.9276E-06
  7.1331E-04 -1.4822E-03 -7.3955E-07 -1.9574E-06
  7.1881E-04 -1.5006E-03 -7.5099E-07 -1.9877E-06
  7.2434E-04 -1.5192E-03 -7.6260E-07 -2.0184E-06
  7.2992E-04 -1.5381E-03 -7.7438E-07 -2.0496E-06
  7.3553E-04 -1.5571E-03 -7.8634E-07 -2.0812E-06
  7.4118E-04 -1.5764E-03 -7.9846E-07 -2.1133E-06
  7.4687E-04 -1.5959E-03 -8.1077E-07 -2.1459E-06
  7.5260E-04 -1.6156E-03 -8.2326E-07 -2.1789E-06
  7.5837E-04 -1.6356E-03 -8.3593E-07 -2.2125E-06
  7.6418E-04 -1.6557E-03 -8.4878E-07 -2.2465E-06
  7.7003E-04 -1.6762E-03 -8.6183E-07 -2.2810E-06
  7.7592E-04 -1.6968E-03 -8.7507E-07 -2.3161E-06
  7.8185E-04 -1.7177E-03 -8.8850E-07 -2.3516E-06
  7.8782E-04 -1.7388E-03 -9.0212E-07 -2.3877E-06
  7.9384E-04 -1.7602E-03 -9.1595E-07 -2.4243E-06
  7.9989E-04 -1.7819E-03 -9.2998E-07 -2.4614E-06
  8.0599E-04 -1.8037E-03 -9.4421E-07 -2.4991E-06
  8.1213E-04 -1.8259E-03 -9.5865E-07 -2.5373E-06
  8.1832E-04 -1.8483E-03 -9.7331E-07 -2.5761E-06
  8.2454E-04 -1.8709E-03 -9.8818E-07 -2.6154E-06
  8.3081E-04 -1.8938E-03 -1.0033E-06 -2.6554E-06
  8.3712E-04 -1.9170E-03 -1.0186E-06 -2.6959E-06
  8.4348E-04 -1.9404E-03 -1.0341E-06 -2.7370E-06
  8.4988E-04 -1.9642E-03 -1.0499E-06 -2.7787E-06
  8.5633E-04 -1.9882E-03 -1.0658E-06 -2.8210E-06
  8.6282E-04 -2.0124E-03 -1.0821E-06 -2.8639E-06
  8.6936E-04 -2.0370E-03 -1.0985E-06 -2.9075E-06
  8.7594E-04 -2.0618E-03 -1.1152E-06 -2.9516E-06
  8.8256E-04 -2.0869E-03 -1.1321E-06 -2.9965E-06
  8.8924E-04 -2.1123E-03 -1.1493E-06 -3.0420E-06
  8.9596E-04 -2.1380E-03 -1.1668E-06 -3.0881E-06
  9.0272E-04 -2.1640E-03 -1.1845E-06 -3.1349E-06
  9.0954E-04 -2.1903E-03 -1.2024E-06 -3.1824E-06
  9.1640E-04 -2.2169E-03 -1.2206E-06 -3.2306E-06
  9.2331E-04 -2.2438E-03 -1.2391E-06 -3.2795E-06
  9.3026E-04 -2.2711E-03 -1.2578E-06 -3.3291E-06
  9.3727E-04 -2.2986E-03 -1.2768E-06 -3.3794E-06
  9.4432E-04 -2.3264E-03 -1.2961E-06 -3.4305E-06
  9.5142E-04 -2.3546E-03 -1.3157E-06 -3.4823E-06
  9.5858E-04 -2.3831E-03 -1.3356E-06 -3.5348E-06
  9.6578E-04 -2.4119E-03 -1.3557E-06 -3.5882E-06
  9.7303E-04 -2.4411E-03 -1.3761E-06 -3.6422E-06
  9.8033E-04 -2.4706E-03 -1.3969E-06 -3.6971E-06
  9.8768E-04 -2.5004E-03 -1.4179E-06 -3.7528E-06
  9.9509E-04 -2.5306E-03 -1.4392E-06 -3.8093E-06
  1.0025E-03 -2.5611E-03 -1.4609E-06 -3.8666E-06
  1.0101E-03 -2.5920E-03 -1.4828E-06 -3.9247E-06
  1.0176E-03 -2.6232E-03 -1.5051E-06 -3.9837E-06
  1.0252E-03 -2.6548E-03 -1.5277E-06 -4.0435E-06
  1.0329E-03 -2.6867E-03 -1.5507E-06 -4.1042E-06
  1.0406E-03 -2.7190E-03 -1.5739E-06 -4.1657E-06
  1.0484E-03 -2.7517E-03 -1.5975E-06 -4.2282E-06
  1.0562E-03 -2.7847E-03 -1.6215E-06 -4.2916E-06
  1.0641E-03 -2.8182E-03 -1.6458E-06 -4.3558E-06
  1.0720E-03 -2.8520E-03 -1.6704E-06 -4.4211E-06
  1.0800E-03 -2.8862E-03 -1.6954E-06 -4.4872E-06
  1.0881E-03 -2.9208E-03 -1.7207E-06 -4.5543E-06
  1.0962E-03 -2.9558E-03 -1.7465E-06 -4.6224E-06
  1.1043E-03 -2.9912E-03 -1.7726E-06 -4.6915E-06
  1.1125E-03 -3.0269E-03 -1.7990E-06 -4.7615E-06
  1.1208E-03 -3.0631E-03 -1.8259E-06 -4.8326E-06
  1.1291E-03 -3.0998E-03 -1.8531E-06 -4.9047E-06
  1.1375E-03 -3.1368E-03 -1.8808E-06 -4.9778E-06
  1.1460E-03 -3.1743E-03 -1.9088E-06 -5.0520E-06
  1.1545E-03 -3.2121E-03 -1.9372E-06 -5.1273E-06
  1.1630E-03 -3.2505E-03 -1.9661E-06 -5.2037E-06
  1.1717E-03 -3.2892E-03 -1.9953E-06 -5.2811E-06
  1.1804E-03 -3.3284E-03 -2.0250E-06 -5.3597E-06
  1.1891E-03 -3.3681E-03 -2.0551E-06 -5.4394E-06
  1.1979E-03 -3.4081E-03 -2.0857E-06 -5.5202E-06
  1.2068E-03 -3.4487E-03 -2.1167E-06 -5.6023E-06
  1.2157E-03 -3.4897E-03 -2.1481E-06 -5.6855E-06
  1.2247E-03 -3.5312E-03 -2.1800E-06 -5.7699E-06
  1.2337E-03 -3.5731E-03 -2.2123E-06 -5.8555E-06
  1.2429E-03 -3.6156E-03 -2.2452E-06 -5.9423E-06
  1.2520E-03 -3.6585E-03 -2.2784E-06 -6.0304E-06
  1.2613E-03 -3.7019E-03 -2.3122E-06 -6.1198E-06
  1.2706E-03 -3.7458E-03 -2.3465E-06 -6.2104E-06
  1.2800E-03 -3.7902E-03 -2.3812E-06 -6.3024E-06
  1.2894E-03 -3.8351E-03 -2.4164E-06 -6.3956E-06
  1.2989E-03 -3.8805E-03 -2.4522E-06 -6.4903E-06
  1.3085E-03 -3.9264E-03 -2.4884E-06 -6.5862E-06
  1.3181E-03 -3.9728E-03 -2.5252E-06 -6.6836E-06
  1.3278E-03 -4.0198E-03 -2.5625E-06 -6.7823E-06
  1.3376E-03 -4.0673E-03 -2.6004E-06 -6.8825E-06
  1.3474E-03 -4.1153E-03 -2.6388E-06 -6.9841E-06
  1.3573E-03 -4.1639E-03 -2.6777E-06 -7.0872E-06
  1.3673E-03 -4.2131E-03 -2.7172E-06 -7.1917E-06
  1.3773E-03 -4.2628E-03 -2.7573E-06 -7.2978E-06
  1.3874E-03 -4.3130E-03 -2.7979E-06 -7.4054E-06
  1.3976E-03 -4.3638E-03 -2.8392E-06 -7.5145E-06
  1.4079E-03 -4.4152E-03 -2.8810E-06 -7.6252E-06
  1.4182E-03 -4.4672E-03 -2.9234E-06 -7.7374E-06
  1.4286E-03 -4.5198E-03 -2.9664E-06 -7.8513E-06
  1.4391E-03 -4.5729E-03 -3.0101E-06 -7.9668E-06
  1.4496E-03 -4.6267E-03 -3.0543E-06 -8.0840E-06
  1.4602E-03 -4.6810E-03 -3.0992E-06 -8.2028E-06
  1.4709E-03 -4.7360E-03 -3.1448E-06 -8.3234E-06
  1.4817E-03 -4.7916E-03 -3.1910E-06 -8.4456E-06
  1.4925E-03 -4.8478E-03 -3.2378E-06 -8.5697E-06
  1.5034E-03 -4.9047E-03 -3.2854E-06 -8.6955E-06
  1.5144E-03 -4.9622E-03 -3.3336E-06 -8.8231E-06
  1.5255E-03 -5.0203E-03 -3.3825E-06 -8.9525E-06
  1.5366E-03 -5.0791E-03 -3.4321E-06 -9.0838E-06
  1.5479E-03 -5.1386E-03 -3.4824E-06 -9.2169E-06
  1.5592E-03 -5.1987E-03 -3.5334E-06 -9.3520E-06
  1.5706E-03 -5.2595E-03 -3.5852E-06 -9.4890E-06
  1.5820E-03 -5.3210E-03 -3.6377E-06 -9.6280E-06
  1.5935E-03 -5.3832E-03 -3.6909E-06 -9.7689E-06
  1.6052E-03 -5.4461E-03 -3.7450E-06 -9.9119E-06
  1.6169E-03 -5.5097E-03 -3.7997E-06 -1.0057E-05
  1.6286E-03 -5.5740E-03 -3.8553E-06 -1.0204E-05
  1.6405E-03 -5.6390E-03 -3.9117E-06 -1.0353E-05
  1.6524E-03 -5.7047E-03 -3.9688E-06 -1.0504E-05
  1.6645E-03 -5.7712E-03 -4.0268E-06 -1.0658E-05
  1.6766E-03 -5.8384E-03 -4.0856E-06 -1.0814E-05
  1.6888E-03 -5.9064E-03 -4.1453E-06 -1.0971E-05
  1.7011E-03 -5.9751E-03 -4.2058E-06 -1.1132E-05
  1.7134E-03 -6.0447E-03 -4.2672E-06 -1.1294E-05
  1.7259E-03 -6.1149E-03 -4.3294E-06 -1.1459E-05
  1.7384E-03 -6.1860E-03 -4.3925E-06 -1.1626E-05
  1.7510E-03 -6.2579E-03 -4.4566E-06 -1.1795E-05
  1.7638E-03 -6.3305E-03 -4.5215E-06 -1.1967E-05
  1.7766E-03 -6.4040E-03 -4.5874E-06 -1.2142E-05
  1.7894E-03 -6.4783E-03 -4.6542E-06 -1.2318E-05
  1.8024E-03 -6.5534E-03 -4.7220E-06 -1.2498E-05
  1.8155E-03 -6.6294E-03 -4.7907E-06 -1.2680E-05
  1.8287E-03 -6.7062E-03 -4.8604E-06 -1.2864E-05
  1.8419E-03 -6.7839E-03 -4.9311E-06 -1.3051E-05
  1.8553E-03 -6.8624E-03 -5.0028E-06 -1.3241E-05
  1.8687E-03 -6.9418E-03 -5.0756E-06 -1.3434E-05
  1.8822E-03 -7.0221E-03 -5.1493E-06 -1.3629E-05
  1.8958E-03 -7.1033E-03 -5.2241E-06 -1.3827E-05
  1.9096E-03 -7.1854E-03 -5.3000E-06 -1.4028E-05
  1.9234E-03 -7.2683E-03 -5.3770E-06 -1.4231E-05
  1.9373E-03 -7.3522E-03 -5.4551E-06 -1.4438E-05
  1.9513E-03 -7.4371E-03 -5.5342E-06 -1.4648E-05
  1.9654E-03 -7.5229E-03 -5.6145E-06 -1.4860E-05
  1.9796E-03 -7.6096E-03 -5.6960E-06 -1.5076E-05
  1.9939E-03 -7.6973E-03 -5.7786E-06 -1.5294E-05
  2.0083E-03 -7.7859E-03 -5.8624E-06 -1.5516E-05
  2.0228E-03 -7.8756E-03 -5.9473E-06 -1.5741E-05
  2.0374E-03 -7.9662E-03 -6.0335E-06 -1.5969E-05
  2.0521E-03 -8.0579E-03 -6.1209E-06 -1.6200E-05
  2.0669E-03 -8.1505E-03 -6.2096E-06 -1.6435E-05
  2.0818E-03 -8.2442E-03 -6.2995E-06 -1.6673E-05
  2.0969E-03 -8.3389E-03 -6.3907E-06 -1.6914E-05
  2.1120E-03 -8.4346E-03 -6.4831E-06 -1.7159E-05
  2.1272E-03 -8.5314E-03 -6.5769E-06 -1.7407E-05
  2.1425E-03 -8.6293E-03 -6.6721E-06 -1.7659E-05
  2.1580E-03 -8.7282E-03 -6.7685E-06 -1.7914E-05
  2.1735E-03 -8.8282E-03 -6.8664E-06 -1.8173E-05
  2.1892E-03 -8.9294E-03 -6.9656E-06 -1.8436E-05
  2.2049E-03 -9.0316E-03 -7.0663E-06 -1.8703E-05
  2.2208E-03 -9.1350E-03 -7.1684E-06 -1.8973E-05
  2.2368E-03 -9.2395E-03 -7.2719E-06 -1.9247E-05
  2.2529E-03 -9.3451E-03 -7.3769E-06 -1.9525E-05
  2.2691E-03 -9.4519E-03 -7.4834E-06 -1.9806E-05
  2.2854E-03 -9.5599E-03 -7.5914E-06 -2.0092E-05
  2.3018E-03 -9.6690E-03 -7.7009E-06 -2.0382E-05
  2.3183E-03 -9.7794E-03 -7.8120E-06 -2.0676E-05
  2.3350E-03 -9.8909E-03 -7.9247E-06 -2.0974E-05
  2.3518E-03 -1.0004E-02 -8.0390E-06 -2.1277E-05
  2.3687E-03 -1.0118E-02 -8.1549E-06 -2.1584E-05
  2.3857E-03 -1.0233E-02 -8.2724E-06 -2.1895E-05
  2.4028E-03 -1.0349E-02 -8.3916E-06 -2.2210E-05
  2.4200E-03 -1.0467E-02 -8.5125E-06 -2.2530E-05
  2.4374E-03 -1.0586E-02 -8.6351E-06 -2.2855E-05
  2.4549E-03 -1.0707E-02 -8.7594E-06 -2.3184E-05
  2.4725E-03 -1.0828E-02 -8.8855E-06 -2.3517E-05
  2.4902E-03 -1.0951E-02 -9.0134E-06 -2.3856E-05
  2.5081E-03 -1.1076E-02 -9.1431E-06 -2.4199E-05
  2.5261E-03 -1.1201E-02 -9.2747E-06 -2.4547E-05
  2.5442E-03 -1.1328E-02 -9.4081E-06 -2.4901E-05
  2.5624E-03 -1.1457E-02 -9.5434E-06 -2.5259E-05
  2.5808E-03 -1.1586E-02 -9.6806E-06 -2.5622E-05
  2.5992E-03 -1.1718E-02 -9.8197E-06 -2.5990E-05
  2.6178E-03 -1.1850E-02 -9.9609E-06 -2.6364E-05
  2.6366E-03 -1.1984E-02 -1.0104E-05 -2.6742E-05
  2.6555E-03 -1.2120E-02 -1.0249E-05 -2.7127E-05
  2.6745E-03 -1.2257E-02 -1.0396E-05 -2.7516E-05
  2.6936E-03 -1.2395E-02 -1.0546E-05 -2.7911E-05
  2.7129E-03 -1.2535E-02 -1.0697E-05 -2.8312E-05
  2.7323E-03 -1.2676E-02 -1.0851E-05 -2.8719E-05
  2.7518E-03 -1.2819E-02 -1.1006E-05 -2.9131E-05
  2.7715E-03 -1.2964E-02 -1.1164E-05 -2.9549E-05
  2.7913E-03 -1.3110E-02 -1.1324E-05 -2.9973E-05
  2.8112E-03 -1.3258E-02 -1.1487E-05 -3.0403E-05
  2.8313E-03 -1.3407E-02 -1.1652E-05 -3.0839E-05
  2.8515E-03 -1.3557E-02 -1.1819E-05 -3.1281E-05
  2.8719E-03 -1.3710E-02 -1.1988E-05 -3.1729E-05
  2.8924E-03 -1.3864E-02 -1.2160E-05 -3.2184E-05
  2.9131E-03 -1.4020E-02 -1.2334E-05 -3.2645E-05
  2.9339E-03 -1.4177E-02 -1.2511E-05 -3.3113E-05
  2.9548E-03 -1.4336E-02 -1.2690E-05 -3.3587E-05
  2.9759E-03 -1.4497E-02 -1.2872E-05 -3.4068E-05
  2.9971E-03 -1.4659E-02 -1.3056E-05 -3.4556E-05
  3.0185E-03 -1.4823E-02 -1.3243E-05 -3.5051E-05
  3.0400E-03 -1.4989E-02 -1.3433E-05 -3.5552E-05
  3.0617E-03 -1.5157E-02 -1.3625E-05 -3.6061E-05
  3.0835E-03 -1.5326E-02 -1.3820E-05 -3.6577E-05
  3.1055E-03 -1.5497E-02 -1.4018E-05 -3.7101E-05
  3.1276E-03 -1.5670E-02 -1.4218E-05 -3.7631E-05
  3.1499E-03 -1.5845E-02 -1.4421E-05 -3.8169E-05
  3.1724E-03 -1.6022E-02 -1.4628E-05 -3.8715E-05
  3.1950E-03 -1.6200E-02 -1.4837E-05 -3.9269E-05
  3.2177E-03 -1.6381E-02 -1.5049E-05 -3.9830E-05
  3.2406E-03 -1.6563E-02 -1.5264E-05 -4.0399E-05
  3.2637E-03 -1.6747E-02 -1.5482E-05 -4.0977E-05
  3.2869E-03 -1.6934E-02 -1.5703E-05 -4.1562E-05
  3.3103E-03 -1.7122E-02 -1.5928E-05 -4.2156E-05
  3.3339E-03 -1.7312E-02 -1.6155E-05 -4.2758E-05
  3.3576E-03 -1.7504E-02 -1.6386E-05 -4.3369E-05
  3.3815E-03 -1.7698E-02 -1.6620E-05 -4.3988E-05
  3.4055E-03 -1.7894E-02 -1.6857E-05 -4.4616E-05
  3.4298E-03 -1.8092E-02 -1.7098E-05 -4.5253E-05
  3.4542E-03 -1.8293E-02 -1.7342E-05 -4.5898E-05
  3.4787E-03 -1.8495E-02 -1.7589E-05 -4.6553E-05
  3.5034E-03 -1.8699E-02 -1.7840E-05 -4.7218E-05
  3.5283E-03 -1.8906E-02 -1.8095E-05 -4.7891E-05
  3.5534E-03 -1.9115E-02 -1.8353E-05 -4.8574E-05
  3.5787E-03 -1.9326E-02 -1.8614E-05 -4.9267E-05
  3.6041E-03 -1.9539E-02 -1.8880E-05 -4.9969E-05
  3.6297E-03 -1.9754E-02 -1.9149E-05 -5.0682E-05
  3.6555E-03 -1.9972E-02 -1.9422E-05 -5.1404E-05
  3.6814E-03 -2.0191E-02 -1.9699E-05 -5.2137E-05
  3.7076E-03 -2.0413E-02 -1.9979E-05 -5.2880E-05
  3.7339E-03 -2.0638E-02 -2.0264E-05 -5.3633E-05
  3.7604E-03 -2.0864E-02 -2.0553E-05 -5.4397E-05
  3.7871E-03 -2.1093E-02 -2.0845E-05 -5.5172E-05
  3.8139E-03 -2.1325E-02 -2.1142E-05 -5.5958E-05
  3.8410E-03 -2.1558E-02 -2.1443E-05 -5.6755E-05
  3.8682E-03 -2.1794E-02 -2.1749E-05 -5.7563E-05
  3.8957E-03 -2.2033E-02 -2.2058E-05 -5.8382E-05
  3.9233E-03 -2.2274E-02 -2.2372E-05 -5.9213E-05
  3.9511E-03 -2.2517E-02 -2.2691E-05 -6.0056E-05
  3.9791E-03 -2.2763E-02 -2.3014E-05 -6.0910E-05
  4.0073E-03 -2.3011E-02 -2.3341E-05 -6.1777E-05
  4.0357E-03 -2.3262E-02 -2.3673E-05 -6.2656E-05
  4.0643E-03 -2.3515E-02 -2.4010E-05 -6.3547E-05
  4.0932E-03 -2.3771E-02 -2.4351E-05 -6.4451E-05
  4.1222E-03 -2.4030E-02 -2.4698E-05 -6.5367E-05
  4.1514E-03 -2.4291E-02 -2.5049E-05 -6.6297E-05
  4.1808E-03 -2.4555E-02 -2.5405E-05 -6.7239E-05
  4.2104E-03 -2.4821E-02 -2.5766E-05 -6.8195E-05
  4.2402E-03 -2.5090E-02 -2.6132E-05 -6.9164E-05
  4.2702E-03 -2.5362E-02 -2.6504E-05 -7.0147E-05
  4.3004E-03 -2.5637E-02 -2.6880E-05 -7.1144E-05
  4.3309E-03 -2.5914E-02 -2.7262E-05 -7.2155E-05
  4.3615E-03 -2.6194E-02 -2.7649E-05 -7.3180E-05
  4.3924E-03 -2.6477E-02 -2.8042E-05 -7.4219E-05
  4.4235E-03 -2.6762E-02 -2.8440E-05 -7.5274E-05
  4.4548E-03 -2.7051E-02 -2.8844E-05 -7.6342E-05
  4.4863E-03 -2.7342E-02 -2.9254E-05 -7.7426E-05
  4.5180E-03 -2.7636E-02 -2.9669E-05 -7.8526E-05
  4.5500E-03 -2.7933E-02 -3.0090E-05 -7.9640E-05
  4.5822E-03 -2.8234E-02 -3.0517E-05 -8.0771E-05
  4.6146E-03 -2.8537E-02 -3.0951E-05 -8.1917E-05
  4.6472E-03 -2.8843E-02 -3.1390E-05 -8.3080E-05
  4.6801E-03 -2.9152E-02 -3.1835E-05 -8.4258E-05
  4.7131E-03 -2.9464E-02 -3.2287E-05 -8.5454E-05
  4.7464E-03 -2.9779E-02 -3.2745E-05 -8.6666E-05
  4.7800E-03 -3.0097E-02 -3.3209E-05 -8.7895E-05
  4.8138E-03 -3.0418E-02 -3.3680E-05 -8.9142E-05
  4.8478E-03 -3.0742E-02 -3.4158E-05 -9.0406E-05
  4.8820E-03 -3.1070E-02 -3.4642E-05 -9.1688E-05
  4.9165E-03 -3.1401E-02 -3.5133E-05 -9.2988E-05
  4.9512E-03 -3.1735E-02 -3.5631E-05 -9.4306E-05
  4.9862E-03 -3.2072E-02 -3.6137E-05 -9.5643E-05
  5.0214E-03 -3.2412E-02 -3.6649E-05 -9.6999E-05
  5.0569E-03 -3.2756E-02 -3.7168E-05 -9.8373E-05
  5.0926E-03 -3.3103E-02 -3.7695E-05 -9.9767E-05
  5.1285E-03 -3.3453E-02 -3.8229E-05 -1.0118E-04
  5.1647E-03 -3.3806E-02 -3.8770E-05 -1.0261E-04
  5.2012E-03 -3.4163E-02 -3.9320E-05 -1.0407E-04
  5.2379E-03 -3.4524E-02 -3.9877E-05 -1.0554E-04
  5.2749E-03 -3.4888E-02 -4.0441E-05 -1.0704E-04
  5.3121E-03 -3.5255E-02 -4.1014E-05 -1.0855E-04
  5.3496E-03 -3.5626E-02 -4.1595E-05 -1.1009E-04
  5.3873E-03 -3.6000E-02 -4.2184E-05 -1.1165E-04
  5.4253E-03 -3.6377E-02 -4.2781E-05 -1.1323E-04
  5.4636E-03 -3.6759E-02 -4.3387E-05 -1.1483E-04
  5.5021E-03 -3.7144E-02 -4.4001E-05 -1.1646E-04
  5.5409E-03 -3.7532E-02 -4.4623E-05 -1.1811E-04
  5.5800E-03 -3.7924E-02 -4.5255E-05 -1.1978E-04
  5.6193E-03 -3.8320E-02 -4.5895E-05 -1.2147E-04
  5.6589E-03 -3.8719E-02 -4.6545E-05 -1.2319E-04
  5.6988E-03 -3.9122E-02 -4.7203E-05 -1.2493E-04
  5.7390E-03 -3.9529E-02 -4.7871E-05 -1.2670E-04
  5.7794E-03 -3.9940E-02 -4.8548E-05 -1.2849E-04
  5.8201E-03 -4.0354E-02 -4.9235E-05 -1.3031E-04
  5.8612E-03 -4.0772E-02 -4.9931E-05 -1.3215E-04
  5.9024E-03 -4.1194E-02 -5.0637E-05 -1.3402E-04
  5.9440E-03 -4.1620E-02 -5.1353E-05 -1.3592E-04
  5.9859E-03 -4.2049E-02 -5.2079E-05 -1.3784E-04
  6.0281E-03 -4.2483E-02 -5.2815E-05 -1.3979E-04
  6.0705E-03 -4.2920E-02 -5.3562E-05 -1.4176E-04
  6.1133E-03 -4.3362E-02 -5.4319E-05 -1.4377E-04
  6.1563E-03 -4.3807E-02 -5.5087E-05 -1.4580E-04
  6.1997E-03 -4.4256E-02 -5.5865E-05 -1.4786E-04
  6.2433E-03 -4.4710E-02 -5.6655E-05 -1.4995E-04
  6.2873E-03 -4.5167E-02 -5.7455E-05 -1.5207E-04
  6.3315E-03 -4.5629E-02 -5.8267E-05 -1.5421E-04
  6.3761E-03 -4.6094E-02 -5.9090E-05 -1.5639E-04
  6.4210E-03 -4.6564E-02 -5.9925E-05 -1.5860E-04
  6.4662E-03 -4.7038E-02 -6.0771E-05 -1.6084E-04
  6.5117E-03 -4.7516E-02 -6.1629E-05 -1.6311E-04
  6.5575E-03 -4.7998E-02 -6.2500E-05 -1.6542E-04
  6.6036E-03 -4.8484E-02 -6.3382E-05 -1.6775E-04
  6.6501E-03 -4.8975E-02 -6.4277E-05 -1.7012E-04
  6.6969E-03 -4.9470E-02 -6.5185E-05 -1.7252E-04
  6.7440E-03 -4.9969E-02 -6.6105E-05 -1.7496E-04
  6.7914E-03 -5.0472E-02 -6.7038E-05 -1.7743E-04
  6.8392E-03 -5.0980E-02 -6.7985E-05 -1.7993E-04
  6.8873E-03 -5.1492E-02 -6.8944E-05 -1.8247E-04
  6.9357E-03 -5.2008E-02 -6.9917E-05 -1.8505E-04
  6.9845E-03 -5.2529E-02 -7.0904E-05 -1.8766E-04
  7.0336E-03 -5.3054E-02 -7.1905E-05 -1.9031E-04
  7.0830E-03 -5.3584E-02 -7.2919E-05 -1.9299E-04
  7.1328E-03 -5.4118E-02 -7.3948E-05 -1.9572E-04
  7.1830E-03 -5.4657E-02 -7.4991E-05 -1.9848E-04
  7.2335E-03 -5.5200E-02 -7.6049E-05 -2.0128E-04
  7.2843E-03 -5.5747E-02 -7.7122E-05 -2.0412E-04
  7.3355E-03 -5.6299E-02 -7.8210E-05 -2.0700E-04
  7.3871E-03 -5.6856E-02 -7.9313E-05 -2.0992E-04
  7.4390E-03 -5.7417E-02 -8.0431E-05 -2.1288E-04
  7.4912E-03 -5.7983E-02 -8.1566E-05 -2.1588E-04
  7.5439E-03 -5.8553E-02 -8.2716E-05 -2.1892E-04
  7.5969E-03 -5.9128E-02 -8.3882E-05 -2.2201E-04
  7.6502E-03 -5.9707E-02 -8.5065E-05 -2.2514E-04
  7.7040E-03 -6.0292E-02 -8.6264E-05 -2.2831E-04
  7.7581E-03 -6.0881E-02 -8.7480E-05 -2.3153E-04
  7.8126E-03 -6.1474E-02 -8.8713E-05 -2.3480E-04
  7.8674E-03 -6.2072E-02 -8.9963E-05 -2.3810E-04
  7.9227E-03 -6.2675E-02 -9.1231E-05 -2.4146E-04
  7.9783E-03 -6.3283E-02 -9.2517E-05 -2.4486E-04
  8.0343E-03 -6.3896E-02 -9.3821E-05 -2.4831E-04
  8.0907E-03 -6.4513E-02 -9.5143E-05 -2.5181E-04
  8.1475E-03 -6.5135E-02 -9.6483E-05 -2.5536E-04
  8.2047E-03 -6.5761E-02 -9.7843E-05 -2.5896E-04
  8.2623E-03 -6.6393E-02 -9.9221E-05 -2.6261E-04
  8.3203E-03 -6.7029E-02 -1.0062E-04 -2.6631E-04
  8.3787E-03 -6.7671E-02 -1.0204E-04 -2.7006E-04
  8.4375E-03 -6.8317E-02 -1.0347E-04 -2.7386E-04
  8.4967E-03 -6.8967E-02 -1.0493E-04 -2.7772E-04
  8.5564E-03 -6.9623E-02 -1.0641E-04 -2.8163E-04
  8.6164E-03 -7.0284E-02 -1.0791E-04 -2.8560E-04
  8.6769E-03 -7.0949E-02 -1.0943E-04 -2.8962E-04
  8.7377E-03 -7.1619E-02 -1.1097E-04 -2.9370E-04
  8.7990E-03 -7.2294E-02 -1.1253E-04 -2.9783E-04
  8.8608E-03 -7.2974E-02 -1.1411E-04 -3.0202E-04
  8.9229E-03 -7.3659E-02 -1.1572E-04 -3.0628E-04
  8.9855E-03 -7.4349E-02 -1.1735E-04 -3.1059E-04
  9.0485E-03 -7.5044E-02 -1.1900E-04 -3.1496E-04
  9.1120E-03 -7.5743E-02 -1.2068E-04 -3.1939E-04
  9.1759E-03 -7.6448E-02 -1.2238E-04 -3.2389E-04
  9.2403E-03 -7.7157E-02 -1.2410E-04 -3.2845E-04
  9.3051E-03 -7.7872E-02 -1.2584E-04 -3.3307E-04
  9.3703E-03 -7.8591E-02 -1.2762E-04 -3.3776E-04
  9.4360E-03 -7.9315E-02 -1.2941E-04 -3.4251E-04
  9.5022E-03 -8.0044E-02 -1.3123E-04 -3.4733E-04
  9.5688E-03 -8.0778E-02 -1.3308E-04 -3.5222E-04
  9.6359E-03 -8.1517E-02 -1.3495E-04 -3.5717E-04
  9.7034E-03 -8.2260E-02 -1.3685E-04 -3.6220E-04
  9.7714E-03 -8.3009E-02 -1.3877E-04 -3.6729E-04
  9.8399E-03 -8.3762E-02 -1.4073E-04 -3.7246E-04
  9.9089E-03 -8.4520E-02 -1.4271E-04 -3.7770E-04
  9.9783E-03 -8.5284E-02 -1.4471E-04 -3.8301E-04
  1.0048E-02 -8.6052E-02 -1.4675E-04 -3.8839E-04
  1.0119E-02 -8.6824E-02 -1.4881E-04 -3.9386E-04
  1.0190E-02 -8.7602E-02 -1.5091E-04 -3.9940E-04
  1.0261E-02 -8.8385E-02 -1.5303E-04 -4.0501E-04
  1.0333E-02 -8.9172E-02 -1.5518E-04 -4.1071E-04
  1.0405E-02 -8.9964E-02 -1.5736E-04 -4.1648E-04
  1.0478E-02 -9.0761E-02 -1.5957E-04 -4.2234E-04
  1.0552E-02 -9.1562E-02 -1.6182E-04 -4.2828E-04
  1.0625E-02 -9.2368E-02 -1.6409E-04 -4.3430E-04
  1.0700E-02 -9.3179E-02 -1.6640E-04 -4.4040E-04
  1.0775E-02 -9.3995E-02 -1.6874E-04 -4.4659E-04
  1.0850E-02 -9.4815E-02 -1.7111E-04 -4.5287E-04
  1.0926E-02 -9.5640E-02 -1.7352E-04 -4.5924E-04
  1.1003E-02 -9.6470E-02 -1.7595E-04 -4.6569E-04
  1.1080E-02 -9.7304E-02 -1.7843E-04 -4.7223E-04
  1.1157E-02 -9.8142E-02 -1.8093E-04 -4.7887E-04
  1.1236E-02 -9.8985E-02 -1.8348E-04 -4.8560E-04
  1.1314E-02 -9.9833E-02 -1.8606E-04 -4.9242E-04
  1.1393E-02 -1.0069E-01 -1.8867E-04 -4.9934E-04
  1.1473E-02 -1.0154E-01 -1.9132E-04 -5.0636E-04
  1.1554E-02 -1.0240E-01 -1.9401E-04 -5.1347E-04
  1.1634E-02 -1.0327E-01 -1.9674E-04 -5.2069E-04
  1.1716E-02 -1.0414E-01 -1.9950E-04 -5.2800E-04
  1.1798E-02 -1.0501E-01 -2.0230E-04 -5.3542E-04
  1.1881E-02 -1.0589E-01 -2.0514E-04 -5.4294E-04
  1.1964E-02 -1.0677E-01 -2.0803E-04 -5.5057E-04
  1.2047E-02 -1.0766E-01 -2.1095E-04 -5.5830E-04
  1.2132E-02 -1.0855E-01 -2.1391E-04 -5.6614E-04
  1.2217E-02 -1.0944E-01 -2.1691E-04 -5.7409E-04
  1.2302E-02 -1.1034E-01 -2.1996E-04 -5.8216E-04
  1.2388E-02 -1.1124E-01 -2.2305E-04 -5.9033E-04
  1.2475E-02 -1.1215E-01 -2.2618E-04 -5.9862E-04
  1.2562E-02 -1.1306E-01 -2.2936E-04 -6.0703E-04
  1.2650E-02 -1.1397E-01 -2.3258E-04 -6.1555E-04
  1.2739E-02 -1.1489E-01 -2.3585E-04 -6.2420E-04
  1.2828E-02 -1.1581E-01 -2.3916E-04 -6.3296E-04
  1.2917E-02 -1.1674E-01 -2.4252E-04 -6.4185E-04
  1.3008E-02 -1.1766E-01 -2.4592E-04 -6.5086E-04
  1.3099E-02 -1.1859E-01 -2.4937E-04 -6.5999E-04
  1.3190E-02 -1.1953E-01 -2.5287E-04 -6.6926E-04
  1.3283E-02 -1.2047E-01 -2.5642E-04 -6.7865E-04
  1.3376E-02 -1.2141E-01 -2.6002E-04 -6.8818E-04
  1.3469E-02 -1.2235E-01 -2.6367E-04 -6.9784E-04
  1.3563E-02 -1.2330E-01 -2.6737E-04 -7.0763E-04
  1.3658E-02 -1.2425E-01 -2.7113E-04 -7.1757E-04
  1.3754E-02 -1.2520E-01 -2.7493E-04 -7.2764E-04
  1.3850E-02 -1.2616E-01 -2.7879E-04 -7.3785E-04
  1.3947E-02 -1.2712E-01 -2.8270E-04 -7.4820E-04
  1.4044E-02 -1.2808E-01 -2.8667E-04 -7.5870E-04
  1.4143E-02 -1.2904E-01 -2.9069E-04 -7.6935E-04
  1.4241E-02 -1.3001E-01 -2.9477E-04 -7.8014E-04
  1.4341E-02 -1.3098E-01 -2.9891E-04 -7.9109E-04
  1.4441E-02 -1.3195E-01 -3.0310E-04 -8.0219E-04
  1.4542E-02 -1.3292E-01 -3.0736E-04 -8.1345E-04
  1.4644E-02 -1.3389E-01 -3.1167E-04 -8.2486E-04
  1.4746E-02 -1.3487E-01 -3.1604E-04 -8.3643E-04
  1.4849E-02 -1.3585E-01 -3.2047E-04 -8.4816E-04
  1.4953E-02 -1.3683E-01 -3.2497E-04 -8.6006E-04
  1.5058E-02 -1.3781E-01 -3.2953E-04 -8.7213E-04
  1.5163E-02 -1.3879E-01 -3.3415E-04 -8.8436E-04
  1.5269E-02 -1.3978E-01 -3.3884E-04 -8.9676E-04
  1.5376E-02 -1.4076E-01 -3.4359E-04 -9.0934E-04
  1.5483E-02 -1.4175E-01 -3.4841E-04 -9.2210E-04
  1.5591E-02 -1.4273E-01 -3.5330E-04 -9.3503E-04
  1.5700E-02 -1.4372E-01 -3.5825E-04 -9.4814E-04
  1.5810E-02 -1.4471E-01 -3.6328E-04 -9.6144E-04
  1.5921E-02 -1.4570E-01 -3.6837E-04 -9.7492E-04
  1.6032E-02 -1.4669E-01 -3.7354E-04 -9.8859E-04
  1.6144E-02 -1.4768E-01 -3.7877E-04 -1.0025E-03
  1.6257E-02 -1.4867E-01 -3.8409E-04 -1.0165E-03
  1.6370E-02 -1.4965E-01 -3.8947E-04 -1.0308E-03
  1.6485E-02 -1.5064E-01 -3.9493E-04 -1.0452E-03
  1.6600E-02 -1.5163E-01 -4.0047E-04 -1.0599E-03
  1.6716E-02 -1.5262E-01 -4.0609E-04 -1.0747E-03
  1.6832E-02 -1.5361E-01 -4.1178E-04 -1.0898E-03
  1.6950E-02 -1.5459E-01 -4.1755E-04 -1.1051E-03
  1.7068E-02 -1.5558E-01 -4.2341E-04 -1.1206E-03
  1.7188E-02 -1.5656E-01 -4.2934E-04 -1.1363E-03
  1.7308E-02 -1.5754E-01 -4.3536E-04 -1.1522E-03
  1.7429E-02 -1.5852E-01 -4.4146E-04 -1.1684E-03
  1.7550E-02 -1.5950E-01 -4.4765E-04 -1.1847E-03
  1.7673E-02 -1.6047E-01 -4.5393E-04 -1.2013E-03
  1.7796E-02 -1.6145E-01 -4.6029E-04 -1.2182E-03
  1.7921E-02 -1.6242E-01 -4.6674E-04 -1.2352E-03
  1.8046E-02 -1.6339E-01 -4.7328E-04 -1.2526E-03
  1.8172E-02 -1.6435E-01 -4.7991E-04 -1.2701E-03
  1.8299E-02 -1.6532E-01 -4.8664E-04 -1.2879E-03
  1.8427E-02 -1.6628E-01 -4.9346E-04 -1.3060E-03
  1.8555E-02 -1.6723E-01 -5.0038E-04 -1.3243E-03
  1.8685E-02 -1.6818E-01 -5.0739E-04 -1.3428E-03
  1.8815E-02 -1.6913E-01 -5.1450E-04 -1.3616E-03
  1.8947E-02 -1.7007E-01 -5.2171E-04 -1.3807E-03
  1.9079E-02 -1.7101E-01 -5.2902E-04 -1.4001E-03
  1.9212E-02 -1.7195E-01 -5.3643E-04 -1.4197E-03
  1.9346E-02 -1.7288E-01 -5.4395E-04 -1.4396E-03
  1.9482E-02 -1.7380E-01 -5.5157E-04 -1.4597E-03
  1.9618E-02 -1.7472E-01 -5.5930E-04 -1.4802E-03
  1.9755E-02 -1.7563E-01 -5.6713E-04 -1.5009E-03
  1.9892E-02 -1.7654E-01 -5.7508E-04 -1.5219E-03
  2.0031E-02 -1.7744E-01 -5.8313E-04 -1.5433E-03
  2.0171E-02 -1.7834E-01 -5.9130E-04 -1.5649E-03
  2.0312E-02 -1.7923E-01 -5.9959E-04 -1.5868E-03
  2.0454E-02 -1.8011E-01 -6.0798E-04 -1.6090E-03
  2.0597E-02 -1.8098E-01 -6.1650E-04 -1.6316E-03
  2.0740E-02 -1.8185E-01 -6.2514E-04 -1.6544E-03
  2.0885E-02 -1.8271E-01 -6.3389E-04 -1.6776E-03
  2.1031E-02 -1.8356E-01 -6.4277E-04 -1.7011E-03
  2.1178E-02 -1.8440E-01 -6.5177E-04 -1.7249E-03
  2.1325E-02 -1.8523E-01 -6.6090E-04 -1.7491E-03
  2.1474E-02 -1.8606E-01 -6.7016E-04 -1.7735E-03
  2.1624E-02 -1.8687E-01 -6.7955E-04 -1.7984E-03
  2.1775E-02 -1.8768E-01 -6.8906E-04 -1.8236E-03
  2.1927E-02 -1.8847E-01 -6.9871E-04 -1.8491E-03
  2.2080E-02 -1.8926E-01 -7.0850E-04 -1.8750E-03
  2.2234E-02 -1.9003E-01 -7.1842E-04 -1.9012E-03
  2.2389E-02 -1.9080E-01 -7.2848E-04 -1.9279E-03
  2.2546E-02 -1.9155E-01 -7.3868E-04 -1.9549E-03
  2.2703E-02 -1.9229E-01 -7.4902E-04 -1.9822E-03
  2.2861E-02 -1.9302E-01 -7.5951E-04 -2.0100E-03
  2.3021E-02 -1.9374E-01 -7.7014E-04 -2.0381E-03
  2.3181E-02 -1.9444E-01 -7.8093E-04 -2.0667E-03
  2.3343E-02 -1.9514E-01 -7.9186E-04 -2.0956E-03
  2.3506E-02 -1.9581E-01 -8.0295E-04 -2.1249E-03
  2.3670E-02 -1.9648E-01 -8.1419E-04 -2.1547E-03
  2.3835E-02 -1.9713E-01 -8.2559E-04 -2.1848E-03
  2.4002E-02 -1.9777E-01 -8.3715E-04 -2.2154E-03
  2.4169E-02 -1.9839E-01 -8.4887E-04 -2.2464E-03
  2.4338E-02 -1.9900E-01 -8.6075E-04 -2.2779E-03
  2.4507E-02 -1.9959E-01 -8.7280E-04 -2.3097E-03
  2.4678E-02 -2.0017E-01 -8.8502E-04 -2.3421E-03
  2.4851E-02 -2.0073E-01 -8.9740E-04 -2.3749E-03
  2.5024E-02 -2.0127E-01 -9.0997E-04 -2.4081E-03
  2.5198E-02 -2.0180E-01 -9.2270E-04 -2.4418E-03
  2.5374E-02 -2.0231E-01 -9.3562E-04 -2.4760E-03
  2.5551E-02 -2.0280E-01 -9.4871E-04 -2.5106E-03
  2.5729E-02 -2.0328E-01 -9.6199E-04 -2.5458E-03
  2.5909E-02 -2.0373E-01 -9.7546E-04 -2.5814E-03
  2.6090E-02 -2.0417E-01 -9.8911E-04 -2.6175E-03
  2.6272E-02 -2.0459E-01 -1.0029E-03 -2.6541E-03
  2.6455E-02 -2.0499E-01 -1.0170E-03 -2.6913E-03
  2.6639E-02 -2.0537E-01 -1.0312E-03 -2.7289E-03
  2.6825E-02 -2.0572E-01 -1.0456E-03 -2.7671E-03
  2.7012E-02 -2.0606E-01 -1.0603E-03 -2.8058E-03
  2.7201E-02 -2.0638E-01 -1.0751E-03 -2.8451E-03
  2.7390E-02 -2.0667E-01 -1.0902E-03 -2.8849E-03
  2.7581E-02 -2.0695E-01 -1.1054E-03 -2.9252E-03
  2.7774E-02 -2.0720E-01 -1.1209E-03 -2.9662E-03
  2.7967E-02 -2.0742E-01 -1.1366E-03 -3.0077E-03
  2.8162E-02 -2.0763E-01 -1.1525E-03 -3.0497E-03
  2.8359E-02 -2.0781E-01 -1.1686E-03 -3.0924E-03
  2.8557E-02 -2.0796E-01 -1.1849E-03 -3.1357E-03
  2.8756E-02 -2.0809E-01 -1.2015E-03 -3.1795E-03
  2.8956E-02 -2.0820E-01 -1.2183E-03 -3.2240E-03
  2.9158E-02 -2.0828E-01 -1.2354E-03 -3.2691E-03
  2.9361E-02 -2.0834E-01 -1.2527E-03 -3.3148E-03
  2.9566E-02 -2.0837E-01 -1.2702E-03 -3.3612E-03
  2.9772E-02 -2.0837E-01 -1.2880E-03 -3.4082E-03
  2.9980E-02 -2.0834E-01 -1.3060E-03 -3.4559E-03
  3.0189E-02 -2.0829E-01 -1.3242E-03 -3.5042E-03
  3.0399E-02 -2.0821E-01 -1.3428E-03 -3.5532E-03
  3.0611E-02 -2.0810E-01 -1.3615E-03 -3.6029E-03
  3.0825E-02 -2.0796E-01 -1.3806E-03 -3.6533E-03
  3.1040E-02 -2.0779E-01 -1.3999E-03 -3.7044E-03
  3.1256E-02 -2.0760E-01 -1.4195E-03 -3.7562E-03
  3.1474E-02 -2.0737E-01 -1.4393E-03 -3.8087E-03
  3.1693E-02 -2.0711E-01 -1.4595E-03 -3.8620E-03
  3.1914E-02 -2.0682E-01 -1.4799E-03 -3.9160E-03
  3.2137E-02 -2.0650E-01 -1.5006E-03 -3.9707E-03
  3.2361E-02 -2.0615E-01 -1.5216E-03 -4.0262E-03
  3.2586E-02 -2.0577E-01 -1.5428E-03 -4.0825E-03
  3.2814E-02 -2.0535E-01 -1.5644E-03 -4.1396E-03
  3.3042E-02 -2.0490E-01 -1.5863E-03 -4.1975E-03
  3.3273E-02 -2.0441E-01 -1.6085E-03 -4.2562E-03
  3.3505E-02 -2.0389E-01 -1.6310E-03 -4.3157E-03
  3.3738E-02 -2.0334E-01 -1.6538E-03 -4.3760E-03
  3.3973E-02 -2.0275E-01 -1.6769E-03 -4.4372E-03
  3.4210E-02 -2.0213E-01 -1.7004E-03 -4.4992E-03
  3.4448E-02 -2.0147E-01 -1.7241E-03 -4.5621E-03
  3.4689E-02 -2.0078E-01 -1.7482E-03 -4.6259E-03
  3.4930E-02 -2.0004E-01 -1.7727E-03 -4.6906E-03
  3.5174E-02 -1.9928E-01 -1.7975E-03 -4.7561E-03
  3.5419E-02 -1.9847E-01 -1.8226E-03 -4.8226E-03
  3.5666E-02 -1.9763E-01 -1.8481E-03 -4.8900E-03
  3.5914E-02 -1.9675E-01 -1.8739E-03 -4.9584E-03
  3.6165E-02 -1.9583E-01 -1.9001E-03 -5.0277E-03
  3.6417E-02 -1.9487E-01 -1.9267E-03 -5.0979E-03
  3.6670E-02 -1.9387E-01 -1.9536E-03 -5.1692E-03
  3.6926E-02 -1.9283E-01 -1.9809E-03 -5.2414E-03
  3.7183E-02 -1.9175E-01 -2.0086E-03 -5.3147E-03
  3.7442E-02 -1.9063E-01 -2.0367E-03 -5.3889E-03
  3.7703E-02 -1.8948E-01 -2.0652E-03 -5.4642E-03
  3.7966E-02 -1.8828E-01 -2.0941E-03 -5.5406E-03
  3.8231E-02 -1.8704E-01 -2.1233E-03 -5.6180E-03
  3.8497E-02 -1.8575E-01 -2.1530E-03 -5.6965E-03
  3.8765E-02 -1.8443E-01 -2.1831E-03 -5.7761E-03
  3.9036E-02 -1.8306E-01 -2.2136E-03 -5.8568E-03
  3.9308E-02 -1.8165E-01 -2.2446E-03 -5.9387E-03
  3.9581E-02 -1.8020E-01 -2.2759E-03 -6.0217E-03
  3.9857E-02 -1.7870E-01 -2.3077E-03 -6.1058E-03
  4.0135E-02 -1.7716E-01 -2.3400E-03 -6.1911E-03
  4.0415E-02 -1.7558E-01 -2.3727E-03 -6.2776E-03
  4.0696E-02 -1.7395E-01 -2.4059E-03 -6.3653E-03
  4.0980E-02 -1.7228E-01 -2.4395E-03 -6.4542E-03
  4.1265E-02 -1.7057E-01 -2.4736E-03 -6.5444E-03
  4.1553E-02 -1.6881E-01 -2.5081E-03 -6.6358E-03
  4.1842E-02 -1.6700E-01 -2.5432E-03 -6.7285E-03
  4.2134E-02 -1.6515E-01 -2.5787E-03 -6.8225E-03
  4.2427E-02 -1.6326E-01 -2.6148E-03 -6.9178E-03
  4.2723E-02 -1.6132E-01 -2.6513E-03 -7.0144E-03
  4.3021E-02 -1.5933E-01 -2.6884E-03 -7.1124E-03
  4.3320E-02 -1.5730E-01 -2.7259E-03 -7.2117E-03
  4.3622E-02 -1.5522E-01 -2.7640E-03 -7.3125E-03
  4.3926E-02 -1.5309E-01 -2.8026E-03 -7.4146E-03
  4.4232E-02 -1.5092E-01 -2.8418E-03 -7.5181E-03
  4.4540E-02 -1.4871E-01 -2.8815E-03 -7.6231E-03
  4.4850E-02 -1.4644E-01 -2.9217E-03 -7.7296E-03
  4.5163E-02 -1.4413E-01 -2.9626E-03 -7.8375E-03
  4.5478E-02 -1.4178E-01 -3.0040E-03 -7.9470E-03
  4.5794E-02 -1.3938E-01 -3.0459E-03 -8.0580E-03
  4.6113E-02 -1.3693E-01 -3.0885E-03 -8.1705E-03
  4.6435E-02 -1.3443E-01 -3.1316E-03 -8.2846E-03
  4.6758E-02 -1.3189E-01 -3.1754E-03 -8.4003E-03
  4.7084E-02 -1.2930E-01 -3.2197E-03 -8.5175E-03
  4.7412E-02 -1.2667E-01 -3.2647E-03 -8.6365E-03
  4.7742E-02 -1.2398E-01 -3.3103E-03 -8.7571E-03
  4.8074E-02 -1.2126E-01 -3.3566E-03 -8.8793E-03
  4.8409E-02 -1.1848E-01 -3.4034E-03 -9.0033E-03
  4.8747E-02 -1.1567E-01 -3.4510E-03 -9.1290E-03
  4.9086E-02 -1.1280E-01 -3.4992E-03 -9.2564E-03
  4.9428E-02 -1.0989E-01 -3.5481E-03 -9.3856E-03
  4.9772E-02 -1.0693E-01 -3.5976E-03 -9.5166E-03
  5.0119E-02 -1.0393E-01 -3.6479E-03 -9.6495E-03
  5.0468E-02 -1.0089E-01 -3.6988E-03 -9.7842E-03
  5.0820E-02 -9.7794E-02 -3.7505E-03 -9.9207E-03
  5.1173E-02 -9.4658E-02 -3.8028E-03 -1.0059E-02
  5.1530E-02 -9.1478E-02 -3.8560E-03 -1.0200E-02
  5.1889E-02 -8.8254E-02 -3.9098E-03 -1.0342E-02
  5.2250E-02 -8.4987E-02 -3.9644E-03 -1.0486E-02
  5.2614E-02 -8.1677E-02 -4.0198E-03 -1.0633E-02
  5.2981E-02 -7.8324E-02 -4.0759E-03 -1.0781E-02
  5.3349E-02 -7.4928E-02 -4.1328E-03 -1.0931E-02
  5.3721E-02 -7.1491E-02 -4.1905E-03 -1.1084E-02
  5.4095E-02 -6.8012E-02 -4.2490E-03 -1.1239E-02
  5.4472E-02 -6.4493E-02 -4.3084E-03 -1.1396E-02
  5.4851E-02 -6.0933E-02 -4.3685E-03 -1.1555E-02
  5.5233E-02 -5.7333E-02 -4.4295E-03 -1.1716E-02
  5.5618E-02 -5.3694E-02 -4.4913E-03 -1.1879E-02
  5.6005E-02 -5.0016E-02 -4.5541E-03 -1.2045E-02
  5.6395E-02 -4.6300E-02 -4.6176E-03 -1.2213E-02
  5.6788E-02 -4.2547E-02 -4.6821E-03 -1.2383E-02
  5.7183E-02 -3.8757E-02 -4.7475E-03 -1.2556E-02
  5.7582E-02 -3.4931E-02 -4.8137E-03 -1.2731E-02
  5.7983E-02 -3.1070E-02 -4.8809E-03 -1.2909E-02
  5.8386E-02 -2.7175E-02 -4.9491E-03 -1.3089E-02
  5.8793E-02 -2.3245E-02 -5.0182E-03 -1.3271E-02
  5.9202E-02 -1.9283E-02 -5.0882E-03 -1.3457E-02
  5.9615E-02 -1.5289E-02 -5.1592E-03 -1.3644E-02
  6.0030E-02 -1.1264E-02 -5.2312E-03 -1.3835E-02
  6.0448E-02 -7.2080E-03 -5.3043E-03 -1.4027E-02
  6.0869E-02 -3.1232E-03 -5.3783E-03 -1.4223E-02
  6.1292E-02  9.8995E-04 -5.4533E-03 -1.4421E-02
  6.1719E-02  5.1304E-03 -5.5295E-03 -1.4623E-02
  6.2149E-02  9.2972E-03 -5.6066E-03 -1.4826E-02
  6.2582E-02  1.3489E-02 -5.6849E-03 -1.5033E-02
  6.3018E-02  1.7705E-02 -5.7642E-03 -1.5243E-02
  6.3456E-02  2.1944E-02 -5.8446E-03 -1.5455E-02
  6.3898E-02  2.6205E-02 -5.9262E-03 -1.5671E-02
  6.4343E-02  3.0487E-02 -6.0089E-03 -1.5889E-02
  6.4791E-02  3.4788E-02 -6.0927E-03 -1.6111E-02
  6.5242E-02  3.9107E-02 -6.1778E-03 -1.6335E-02
  6.5696E-02  4.3444E-02 -6.2640E-03 -1.6563E-02
  6.6154E-02  4.7796E-02 -6.3514E-03 -1.6794E-02
  6.6614E-02  5.2162E-02 -6.4400E-03 -1.7028E-02
  6.7078E-02  5.6541E-02 -6.5298E-03 -1.7265E-02
  6.7545E-02  6.0932E-02 -6.6209E-03 -1.7506E-02
  6.8016E-02  6.5333E-02 -6.7133E-03 -1.7750E-02
  6.8489E-02  6.9742E-02 -6.8069E-03 -1.7997E-02
  6.8966E-02  7.4159E-02 -6.9019E-03 -1.8248E-02
  6.9446E-02  7.8582E-02 -6.9982E-03 -1.8502E-02
  6.9930E-02  8.3008E-02 -7.0958E-03 -1.8760E-02
  7.0416E-02  8.7437E-02 -7.1948E-03 -1.9022E-02
  7.0907E-02  9.1867E-02 -7.2951E-03 -1.9287E-02
  7.1400E-02  9.6297E-02 -7.3969E-03 -1.9555E-02
  7.1897E-02  1.0072E-01 -7.5000E-03 -1.9828E-02
  7.2398E-02  1.0515E-01 -7.6046E-03 -2.0104E-02
  7.2902E-02  1.0956E-01 -7.7107E-03 -2.0384E-02
  7.3409E-02  1.1397E-01 -7.8182E-03 -2.0668E-02
  7.3920E-02  1.1837E-01 -7.9273E-03 -2.0956E-02
  7.4435E-02  1.2276E-01 -8.0378E-03 -2.1248E-02
  7.4953E-02  1.2714E-01 -8.1499E-03 -2.1543E-02
  7.5475E-02  1.3150E-01 -8.2635E-03 -2.1844E-02
  7.6000E-02  1.3585E-01 -8.3788E-03 -2.2148E-02
  7.6530E-02  1.4017E-01 -8.4956E-03 -2.2456E-02
  7.7062E-02  1.4448E-01 -8.6140E-03 -2.2769E-02
  7.7599E-02  1.4876E-01 -8.7341E-03 -2.3086E-02
  7.8139E-02  1.5302E-01 -8.8559E-03 -2.3407E-02
  7.8683E-02  1.5726E-01 -8.9794E-03 -2.3733E-02
  7.9231E-02  1.6146E-01 -9.1045E-03 -2.4063E-02
  7.9782E-02  1.6564E-01 -9.2315E-03 -2.4398E-02
  8.0338E-02  1.6978E-01 -9.3601E-03 -2.4738E-02
  8.0897E-02  1.7388E-01 -9.4906E-03 -2.5082E-02
  8.1460E-02  1.7796E-01 -9.6229E-03 -2.5431E-02
  8.2027E-02  1.8199E-01 -9.7570E-03 -2.5785E-02
  8.2598E-02  1.8598E-01 -9.8930E-03 -2.6144E-02
  8.3173E-02  1.8993E-01 -1.0031E-02 -2.6508E-02
  8.3752E-02  1.9383E-01 -1.0171E-02 -2.6877E-02
  8.4335E-02  1.9768E-01 -1.0312E-02 -2.7251E-02
  8.4922E-02  2.0149E-01 -1.0456E-02 -2.7630E-02
  8.5513E-02  2.0524E-01 -1.0602E-02 -2.8014E-02
  8.6108E-02  2.0894E-01 -1.0750E-02 -2.8404E-02
  8.6708E-02  2.1259E-01 -1.0899E-02 -2.8799E-02
  8.7311E-02  2.1617E-01 -1.1051E-02 -2.9200E-02
  8.7919E-02  2.1969E-01 -1.1205E-02 -2.9606E-02
  8.8531E-02  2.2315E-01 -1.1361E-02 -3.0017E-02
  8.9147E-02  2.2655E-01 -1.1520E-02 -3.0435E-02
  8.9767E-02  2.2988E-01 -1.1680E-02 -3.0858E-02
  9.0392E-02  2.3314E-01 -1.1843E-02 -3.1287E-02
  9.1021E-02  2.3632E-01 -1.2008E-02 -3.1722E-02
  9.1655E-02  2.3943E-01 -1.2175E-02 -3.2163E-02
  9.2293E-02  2.4247E-01 -1.2344E-02 -3.2610E-02
  9.2935E-02  2.4542E-01 -1.2516E-02 -3.3063E-02
  9.3582E-02  2.4830E-01 -1.2691E-02 -3.3523E-02
  9.4233E-02  2.5109E-01 -1.2867E-02 -3.3989E-02
  9.4889E-02  2.5380E-01 -1.3047E-02 -3.4461E-02
  9.5550E-02  2.5641E-01 -1.3228E-02 -3.4940E-02
  9.6215E-02  2.5894E-01 -1.3412E-02 -3.5426E-02
  9.6884E-02  2.6138E-01 -1.3599E-02 -3.5918E-02
  9.7559E-02  2.6372E-01 -1.3789E-02 -3.6417E-02
  9.8238E-02  2.6596E-01 -1.3981E-02 -3.6923E-02
  9.8921E-02  2.6810E-01 -1.4175E-02 -3.7435E-02
  9.9610E-02  2.7015E-01 -1.4372E-02 -3.7955E-02
  1.0030E-01  2.7209E-01 -1.4573E-02 -3.8482E-02
  1.0100E-01  2.7392E-01 -1.4775E-02 -3.9017E-02
  1.0170E-01  2.7564E-01 -1.4981E-02 -3.9559E-02
  1.0241E-01  2.7726E-01 -1.5189E-02 -4.0108E-02
  1.0312E-01  2.7877E-01 -1.5401E-02 -4.0665E-02
  1.0384E-01  2.8016E-01 -1.5615E-02 -4.1229E-02
  1.0457E-01  2.8143E-01 -1.5832E-02 -4.1801E-02
  1.0529E-01  2.8259E-01 -1.6053E-02 -4.2382E-02
  1.0603E-01  2.8363E-01 -1.6276E-02 -4.2970E-02
  1.0676E-01  2.8454E-01 -1.6503E-02 -4.3566E-02
  1.0751E-01  2.8533E-01 -1.6732E-02 -4.4170E-02
  1.0825E-01  2.8600E-01 -1.6965E-02 -4.4783E-02
  1.0901E-01  2.8654E-01 -1.7201E-02 -4.5404E-02
  1.0977E-01  2.8695E-01 -1.7440E-02 -4.6034E-02
  1.1053E-01  2.8723E-01 -1.7683E-02 -4.6673E-02
  1.1130E-01  2.8738E-01 -1.7929E-02 -4.7320E-02
  1.1207E-01  2.8739E-01 -1.8178E-02 -4.7976E-02
  1.1285E-01  2.8727E-01 -1.8431E-02 -4.8641E-02
  1.1364E-01  2.8702E-01 -1.8687E-02 -4.9315E-02
  1.1443E-01  2.8662E-01 -1.8947E-02 -4.9999E-02
  1.1523E-01  2.8609E-01 -1.9210E-02 -5.0692E-02
  1.1603E-01  2.8541E-01 -1.9477E-02 -5.1395E-02
  1.1684E-01  2.8459E-01 -1.9748E-02 -5.2107E-02
  1.1765E-01  2.8363E-01 -2.0022E-02 -5.2829E-02
  1.1847E-01  2.8252E-01 -2.0301E-02 -5.3561E-02
  1.1929E-01  2.8127E-01 -2.0583E-02 -5.4302E-02
  1.2012E-01  2.7987E-01 -2.0869E-02 -5.5055E-02
  1.2096E-01  2.7832E-01 -2.1159E-02 -5.5817E-02
  1.2180E-01  2.7663E-01 -2.1453E-02 -5.6590E-02
  1.2265E-01  2.7479E-01 -2.1751E-02 -5.7373E-02
  1.2350E-01  2.7279E-01 -2.2053E-02 -5.8168E-02
  1.2436E-01  2.7065E-01 -2.2359E-02 -5.8973E-02
  1.2523E-01  2.6835E-01 -2.2670E-02 -5.9789E-02
  1.2610E-01  2.6591E-01 -2.2985E-02 -6.0616E-02
  1.2697E-01  2.6331E-01 -2.3304E-02 -6.1455E-02
  1.2786E-01  2.6056E-01 -2.3627E-02 -6.2305E-02
  1.2875E-01  2.5765E-01 -2.3956E-02 -6.3167E-02
  1.2964E-01  2.5460E-01 -2.4288E-02 -6.4040E-02
  1.3055E-01  2.5139E-01 -2.4625E-02 -6.4926E-02
  1.3145E-01  2.4803E-01 -2.4967E-02 -6.5824E-02
  1.3237E-01  2.4452E-01 -2.5314E-02 -6.6734E-02
  1.3329E-01  2.4085E-01 -2.5665E-02 -6.7656E-02
  1.3422E-01  2.3704E-01 -2.6021E-02 -6.8591E-02
  1.3515E-01  2.3307E-01 -2.6382E-02 -6.9539E-02
  1.3609E-01  2.2895E-01 -2.6748E-02 -7.0499E-02
  1.3704E-01  2.2468E-01 -2.7119E-02 -7.1473E-02
  1.3799E-01  2.2027E-01 -2.7496E-02 -7.2460E-02
  1.3895E-01  2.1570E-01 -2.7877E-02 -7.3461E-02
  1.3992E-01  2.1099E-01 -2.8264E-02 -7.4475E-02
  1.4089E-01  2.0613E-01 -2.8656E-02 -7.5503E-02
  1.4187E-01  2.0113E-01 -2.9053E-02 -7.6545E-02
  1.4286E-01  1.9598E-01 -2.9456E-02 -7.7602E-02
  1.4385E-01  1.9069E-01 -2.9864E-02 -7.8672E-02
  1.4486E-01  1.8526E-01 -3.0278E-02 -7.9757E-02
  1.4586E-01  1.7969E-01 -3.0698E-02 -8.0857E-02
  1.4688E-01  1.7398E-01 -3.1123E-02 -8.1972E-02
  1.4790E-01  1.6813E-01 -3.1555E-02 -8.3103E-02
  1.4893E-01  1.6216E-01 -3.1992E-02 -8.4248E-02
  1.4997E-01  1.5605E-01 -3.2435E-02 -8.5409E-02
  1.5101E-01  1.4981E-01 -3.2885E-02 -8.6586E-02
  1.5206E-01  1.4344E-01 -3.3340E-02 -8.7779E-02
  1.5312E-01  1.3695E-01 -3.3802E-02 -8.8988E-02
  1.5418E-01  1.3034E-01 -3.4270E-02 -9.0213E-02
  1.5526E-01  1.2360E-01 -3.4744E-02 -9.1455E-02
  1.5634E-01  1.1675E-01 -3.5225E-02 -9.2714E-02
  1.5742E-01  1.0979E-01 -3.5713E-02 -9.3990E-02
  1.5852E-01  1.0271E-01 -3.6207E-02 -9.5283E-02
  1.5962E-01  9.5530E-02 -3.6708E-02 -9.6594E-02
  1.6073E-01  8.8242E-02 -3.7216E-02 -9.7923E-02
  1.6185E-01  8.0853E-02 -3.7731E-02 -9.9269E-02
  1.6298E-01  7.3365E-02 -3.8253E-02 -1.0063E-01
  1.6411E-01  6.5783E-02 -3.8782E-02 -1.0202E-01
  1.6525E-01  5.8111E-02 -3.9319E-02 -1.0342E-01
  1.6640E-01  5.0351E-02 -3.9863E-02 -1.0484E-01
  1.6756E-01  4.2508E-02 -4.0414E-02 -1.0628E-01
  1.6873E-01  3.4586E-02 -4.0972E-02 -1.0774E-01
  1.6990E-01  2.6588E-02 -4.1539E-02 -1.0922E-01
  1.7108E-01  1.8520E-02 -4.2113E-02 -1.1072E-01
  1.7227E-01  1.0385E-02 -4.2695E-02 -1.1224E-01
  1.7347E-01  2.1883E-03 -4.3285E-02 -1.1377E-01
  1.7468E-01 -6.0665E-03 -4.3883E-02 -1.1533E-01
  1.7589E-01 -1.4374E-02 -4.4489E-02 -1.1692E-01
  1.7712E-01 -2.2731E-02 -4.5103E-02 -1.1852E-01
  1.7835E-01 -3.1131E-02 -4.5726E-02 -1.2014E-01
  1.7959E-01 -3.9570E-02 -4.6357E-02 -1.2179E-01
  1.8084E-01 -4.8043E-02 -4.6997E-02 -1.2346E-01
  1.8210E-01 -5.6544E-02 -4.7645E-02 -1.2515E-01
  1.8337E-01 -6.5070E-02 -4.8303E-02 -1.2686E-01
  1.8464E-01 -7.3613E-02 -4.8969E-02 -1.2859E-01
  1.8593E-01 -8.2170E-02 -4.9645E-02 -1.3035E-01
  1.8722E-01 -9.0735E-02 -5.0329E-02 -1.3214E-01
  1.8852E-01 -9.9302E-02 -5.1023E-02 -1.3394E-01
  1.8983E-01 -1.0787E-01 -5.1727E-02 -1.3577E-01
  1.9115E-01 -1.1642E-01 -5.2439E-02 -1.3763E-01
  1.9248E-01 -1.2496E-01 -5.3162E-02 -1.3951E-01
  1.9382E-01 -1.3348E-01 -5.3895E-02 -1.4141E-01
  1.9517E-01 -1.4198E-01 -5.4637E-02 -1.4334E-01
  1.9653E-01 -1.5044E-01 -5.5389E-02 -1.4530E-01
  1.9790E-01 -1.5887E-01 -5.6152E-02 -1.4728E-01
  1.9927E-01 -1.6725E-01 -5.6925E-02 -1.4928E-01
  2.0066E-01 -1.7558E-01 -5.7709E-02 -1.5132E-01
  2.0206E-01 -1.8386E-01 -5.8503E-02 -1.5338E-01
  2.0346E-01 -1.9208E-01 -5.9308E-02 -1.5547E-01
  2.0488E-01 -2.0023E-01 -6.0123E-02 -1.5759E-01
  2.0630E-01 -2.0830E-01 -6.0950E-02 -1.5973E-01
  2.0774E-01 -2.1630E-01 -6.1788E-02 -1.6190E-01
  2.0918E-01 -2.2421E-01 -6.2638E-02 -1.6410E-01
  2.1064E-01 -2.3203E-01 -6.3498E-02 -1.6633E-01
  2.1210E-01 -2.3975E-01 -6.4371E-02 -1.6859E-01
  2.1358E-01 -2.4737E-01 -6.5255E-02 -1.7088E-01
  2.1507E-01 -2.5487E-01 -6.6151E-02 -1.7320E-01
  2.1656E-01 -2.6226E-01 -6.7059E-02 -1.7555E-01
  2.1807E-01 -2.6953E-01 -6.7980E-02 -1.7794E-01
  2.1958E-01 -2.7667E-01 -6.8913E-02 -1.8035E-01
  2.2111E-01 -2.8367E-01 -6.9858E-02 -1.8279E-01
  2.2265E-01 -2.9054E-01 -7.0816E-02 -1.8527E-01
  2.2420E-01 -2.9726E-01 -7.1787E-02 -1.8778E-01
  2.2576E-01 -3.0382E-01 -7.2772E-02 -1.9032E-01
  2.2733E-01 -3.1023E-01 -7.3769E-02 -1.9289E-01
  2.2891E-01 -3.1647E-01 -7.4780E-02 -1.9550E-01
  2.3050E-01 -3.2254E-01 -7.5804E-02 -1.9814E-01
  2.3211E-01 -3.2844E-01 -7.6842E-02 -2.0082E-01
  2.3372E-01 -3.3415E-01 -7.7894E-02 -2.0353E-01
  2.3535E-01 -3.3968E-01 -7.8960E-02 -2.0627E-01
  2.3699E-01 -3.4501E-01 -8.0040E-02 -2.0906E-01
  2.3863E-01 -3.5014E-01 -8.1135E-02 -2.1187E-01
  2.4029E-01 -3.5507E-01 -8.2244E-02 -2.1473E-01
  2.4197E-01 -3.5979E-01 -8.3368E-02 -2.1762E-01
  2.4365E-01 -3.6430E-01 -8.4508E-02 -2.2055E-01
  2.4534E-01 -3.6858E-01 -8.5662E-02 -2.2351E-01
  2.4705E-01 -3.7265E-01 -8.6832E-02 -2.2652E-01
  2.4877E-01 -3.7648E-01 -8.8017E-02 -2.2956E-01
  2.5050E-01 -3.8007E-01 -8.9218E-02 -2.3264E-01
  2.5224E-01 -3.8343E-01 -9.0435E-02 -2.3576E-01
  2.5400E-01 -3.8655E-01 -9.1669E-02 -2.3892E-01
  2.5576E-01 -3.8941E-01 -9.2918E-02 -2.4213E-01
  2.5754E-01 -3.9203E-01 -9.4185E-02 -2.4537E-01
  2.5933E-01 -3.9438E-01 -9.5468E-02 -2.4865E-01
  2.6114E-01 -3.9648E-01 -9.6768E-02 -2.5198E-01
  2.6296E-01 -3.9831E-01 -9.8085E-02 -2.5535E-01
  2.6478E-01 -3.9988E-01 -9.9420E-02 -2.5876E-01
  2.6663E-01 -4.0117E-01 -1.0077E-01 -2.6221E-01
  2.6848E-01 -4.0219E-01 -1.0214E-01 -2.6571E-01
  2.7035E-01 -4.0293E-01 -1.0353E-01 -2.6925E-01
  2.7223E-01 -4.0339E-01 -1.0494E-01 -2.7284E-01
  2.7412E-01 -4.0357E-01 -1.0636E-01 -2.7647E-01
  2.7603E-01 -4.0346E-01 -1.0781E-01 -2.8014E-01
  2.7795E-01 -4.0306E-01 -1.0927E-01 -2.8387E-01
  2.7988E-01 -4.0237E-01 -1.1075E-01 -2.8764E-01
  2.8183E-01 -4.0139E-01 -1.1225E-01 -2.9145E-01
  2.8379E-01 -4.0011E-01 -1.1377E-01 -2.9532E-01
  2.8577E-01 -3.9854E-01 -1.1532E-01 -2.9923E-01
  2.8775E-01 -3.9667E-01 -1.1688E-01 -3.0319E-01
  2.8976E-01 -3.9450E-01 -1.1846E-01 -3.0720E-01
  2.9177E-01 -3.9203E-01 -1.2006E-01 -3.1126E-01
  2.9380E-01 -3.8927E-01 -1.2168E-01 -3.1537E-01
  2.9584E-01 -3.8620E-01 -1.2333E-01 -3.1953E-01
  2.9790E-01 -3.8282E-01 -1.2499E-01 -3.2374E-01
  2.9997E-01 -3.7915E-01 -1.2668E-01 -3.2800E-01
  3.0206E-01 -3.7518E-01 -1.2839E-01 -3.3231E-01
  3.0416E-01 -3.7091E-01 -1.3012E-01 -3.3668E-01
  3.0628E-01 -3.6633E-01 -1.3188E-01 -3.4110E-01
  3.0841E-01 -3.6146E-01 -1.3365E-01 -3.4558E-01
  3.1055E-01 -3.5629E-01 -1.3545E-01 -3.5010E-01
  3.1271E-01 -3.5082E-01 -1.3728E-01 -3.5469E-01
  3.1489E-01 -3.4506E-01 -1.3912E-01 -3.5932E-01
  3.1708E-01 -3.3900E-01 -1.4099E-01 -3.6402E-01
  3.1929E-01 -3.3265E-01 -1.4289E-01 -3.6877E-01
  3.2151E-01 -3.2602E-01 -1.4481E-01 -3.7357E-01
  3.2374E-01 -3.1910E-01 -1.4675E-01 -3.7844E-01
  3.2599E-01 -3.1189E-01 -1.4872E-01 -3.8336E-01
  3.2826E-01 -3.0441E-01 -1.5071E-01 -3.8834E-01
  3.3055E-01 -2.9664E-01 -1.5273E-01 -3.9338E-01
  3.3285E-01 -2.8861E-01 -1.5477E-01 -3.9847E-01
  3.3516E-01 -2.8030E-01 -1.5684E-01 -4.0363E-01
  3.3749E-01 -2.7173E-01 -1.5894E-01 -4.0885E-01
  3.3984E-01 -2.6290E-01 -1.6106E-01 -4.1413E-01
  3.4220E-01 -2.5381E-01 -1.6321E-01 -4.1947E-01
  3.4458E-01 -2.4447E-01 -1.6539E-01 -4.2487E-01
  3.4698E-01 -2.3488E-01 -1.6760E-01 -4.3033E-01
  3.4939E-01 -2.2505E-01 -1.6983E-01 -4.3586E-01
  3.5182E-01 -2.1499E-01 -1.7209E-01 -4.4145E-01
  3.5427E-01 -2.0469E-01 -1.7438E-01 -4.4710E-01
  3.5674E-01 -1.9417E-01 -1.7670E-01 -4.5282E-01
  3.5922E-01 -1.8343E-01 -1.7905E-01 -4.5860E-01
  3.6172E-01 -1.7248E-01 -1.8142E-01 -4.6445E-01
  3.6423E-01 -1.6132E-01 -1.8383E-01 -4.7036E-01
  3.6677E-01 -1.4997E-01 -1.8626E-01 -4.7634E-01
  3.6932E-01 -1.3842E-01 -1.8873E-01 -4.8239E-01
  3.7189E-01 -1.2669E-01 -1.9123E-01 -4.8850E-01
  3.7447E-01 -1.1478E-01 -1.9375E-01 -4.9468E-01
  3.7708E-01 -1.0270E-01 -1.9631E-01 -5.0093E-01
  3.7970E-01 -9.0467E-02 -1.9890E-01 -5.0724E-01
  3.8234E-01 -7.8075E-02 -2.0153E-01 -5.1363E-01
  3.8500E-01 -6.5539E-02 -2.0418E-01 -5.2008E-01
  3.8768E-01 -5.2866E-02 -2.0687E-01 -5.2660E-01
  3.9038E-01 -4.0065E-02 -2.0959E-01 -5.3320E-01
  3.9309E-01 -2.7145E-02 -2.1234E-01 -5.3986E-01
  3.9582E-01 -1.4114E-02 -2.1513E-01 -5.4659E-01
  3.9858E-01 -9.8288E-04 -2.1795E-01 -5.5339E-01
  4.0135E-01  1.2240E-02 -2.2080E-01 -5.6027E-01
  4.0414E-01  2.5546E-02 -2.2369E-01 -5.6721E-01
  4.0695E-01  3.8924E-02 -2.2661E-01 -5.7423E-01
  4.0978E-01  5.2366E-02 -2.2957E-01 -5.8132E-01
  4.1263E-01  6.5861E-02 -2.3257E-01 -5.8848E-01
  4.1550E-01  7.9399E-02 -2.3560E-01 -5.9572E-01
  4.1839E-01  9.2970E-02 -2.3866E-01 -6.0302E-01
  4.2130E-01  1.0656E-01 -2.4176E-01 -6.1040E-01
  4.2424E-01  1.2017E-01 -2.4490E-01 -6.1785E-01
  4.2719E-01  1.3378E-01 -2.4808E-01 -6.2538E-01
  4.3016E-01  1.4738E-01 -2.5129E-01 -6.3298E-01
  4.3315E-01  1.6097E-01 -2.5454E-01 -6.4065E-01
  4.3616E-01  1.7452E-01 -2.5783E-01 -6.4839E-01
  4.3920E-01  1.8803E-01 -2.6116E-01 -6.5621E-01
  4.4225E-01  2.0150E-01 -2.6453E-01 -6.6410E-01
  4.4533E-01  2.1490E-01 -2.6793E-01 -6.7207E-01
  4.4842E-01  2.2823E-01 -2.7137E-01 -6.8011E-01
  4.5154E-01  2.4147E-01 -2.7486E-01 -6.8822E-01
  4.5468E-01  2.5462E-01 -2.7838E-01 -6.9640E-01
  4.5785E-01  2.6767E-01 -2.8194E-01 -7.0466E-01
  4.6103E-01  2.8060E-01 -2.8555E-01 -7.1299E-01
  4.6424E-01  2.9341E-01 -2.8919E-01 -7.2140E-01
  4.6747E-01  3.0607E-01 -2.9288E-01 -7.2987E-01
  4.7072E-01  3.1859E-01 -2.9661E-01 -7.3842E-01
  4.7399E-01  3.3095E-01 -3.0038E-01 -7.4704E-01
  4.7729E-01  3.4314E-01 -3.0419E-01 -7.5574E-01
  4.8061E-01  3.5515E-01 -3.0804E-01 -7.6450E-01
  4.8395E-01  3.6697E-01 -3.1193E-01 -7.7334E-01
  4.8732E-01  3.7858E-01 -3.1587E-01 -7.8224E-01
  4.9071E-01  3.8998E-01 -3.1985E-01 -7.9122E-01
  4.9412E-01  4.0116E-01 -3.2388E-01 -8.0026E-01
  4.9756E-01  4.1210E-01 -3.2794E-01 -8.0938E-01
  5.0102E-01  4.2281E-01 -3.3205E-01 -8.1856E-01
  5.0450E-01  4.3325E-01 -3.3621E-01 -8.2781E-01
  5.0801E-01  4.4344E-01 -3.4041E-01 -8.3712E-01
  5.1155E-01  4.5335E-01 -3.4465E-01 -8.4650E-01
  5.1510E-01  4.6297E-01 -3.4894E-01 -8.5595E-01
  5.1869E-01  4.7231E-01 -3.5327E-01 -8.6546E-01
  5.2229E-01  4.8134E-01 -3.5765E-01 -8.7503E-01
  5.2593E-01  4.9005E-01 -3.6208E-01 -8.8467E-01
  5.2958E-01  4.9845E-01 -3.6654E-01 -8.9436E-01
  5.3327E-01  5.0652E-01 -3.7106E-01 -9.0411E-01
  5.3698E-01  5.1425E-01 -3.7562E-01 -9.1393E-01
  5.4071E-01  5.2163E-01 -3.8022E-01 -9.2380E-01
  5.4447E-01  5.2865E-01 -3.8487E-01 -9.3372E-01
  5.4826E-01  5.3532E-01 -3.8957E-01 -9.4370E-01
  5.5207E-01  5.4161E-01 -3.9431E-01 -9.5373E-01
  5.5591E-01  5.4752E-01 -3.9910E-01 -9.6381E-01
  5.5978E-01  5.5304E-01 -4.0394E-01 -9.7394E-01
  5.6367E-01  5.5817E-01 -4.0882E-01 -9.8412E-01
  5.6759E-01  5.6290E-01 -4.1375E-01 -9.9434E-01
  5.7154E-01  5.6722E-01 -4.1872E-01 -1.0046E+00
  5.7552E-01  5.7113E-01 -4.2375E-01 -1.0149E+00
  5.7952E-01  5.7462E-01 -4.2881E-01 -1.0253E+00
  5.8355E-01  5.7768E-01 -4.3393E-01 -1.0356E+00
  5.8761E-01  5.8030E-01 -4.3909E-01 -1.0461E+00
  5.9170E-01  5.8250E-01 -4.4429E-01 -1.0565E+00
  5.9581E-01  5.8425E-01 -4.4955E-01 -1.0670E+00
  5.9996E-01  5.8555E-01 -4.5484E-01 -1.0775E+00
  6.0413E-01  5.8640E-01 -4.6019E-01 -1.0880E+00
  6.0833E-01  5.8679E-01 -4.6558E-01 -1.0986E+00
  6.1256E-01  5.8673E-01 -4.7101E-01 -1.1091E+00
  6.1682E-01  5.8621E-01 -4.7649E-01 -1.1197E+00
  6.2111E-01  5.8522E-01 -4.8202E-01 -1.1303E+00
  6.2543E-01  5.8376E-01 -4.8759E-01 -1.1409E+00
  6.2978E-01  5.8183E-01 -4.9321E-01 -1.1515E+00
  6.3416E-01  5.7943E-01 -4.9886E-01 -1.1621E+00
  6.3857E-01  5.7655E-01 -5.0457E-01 -1.1727E+00
  6.4301E-01  5.7320E-01 -5.1031E-01 -1.1833E+00
  6.4749E-01  5.6937E-01 -5.1610E-01 -1.1939E+00
  6.5199E-01  5.6507E-01 -5.2194E-01 -1.2044E+00
  6.5653E-01  5.6029E-01 -5.2781E-01 -1.2150E+00
  6.6109E-01  5.5503E-01 -5.3372E-01 -1.2255E+00
  6.6569E-01  5.4930E-01 -5.3968E-01 -1.2360E+00
  6.7032E-01  5.4309E-01 -5.4568E-01 -1.2464E+00
  6.7498E-01  5.3641E-01 -5.5172E-01 -1.2568E+00
  6.7968E-01  5.2925E-01 -5.5779E-01 -1.2672E+00
  6.8440E-01  5.2163E-01 -5.6391E-01 -1.2775E+00
  6.8916E-01  5.1354E-01 -5.7006E-01 -1.2878E+00
  6.9396E-01  5.0499E-01 -5.7625E-01 -1.2980E+00
  6.9878E-01  4.9598E-01 -5.8247E-01 -1.3082E+00
  7.0364E-01  4.8651E-01 -5.8873E-01 -1.3182E+00
  7.0854E-01  4.7659E-01 -5.9502E-01 -1.3282E+00
  7.1347E-01  4.6622E-01 -6.0135E-01 -1.3382E+00
  7.1843E-01  4.5541E-01 -6.0771E-01 -1.3480E+00
  7.2342E-01  4.4416E-01 -6.1410E-01 -1.3577E+00
  7.2846E-01  4.3248E-01 -6.2052E-01 -1.3673E+00
  7.3352E-01  4.2038E-01 -6.2697E-01 -1.3768E+00
  7.3862E-01  4.0786E-01 -6.3344E-01 -1.3862E+00
  7.4376E-01  3.9493E-01 -6.3994E-01 -1.3955E+00
  7.4893E-01  3.8159E-01 -6.4647E-01 -1.4046E+00
  7.5414E-01  3.6785E-01 -6.5302E-01 -1.4136E+00
  7.5939E-01  3.5373E-01 -6.5959E-01 -1.4225E+00
  7.6467E-01  3.3923E-01 -6.6618E-01 -1.4312E+00
  7.6999E-01  3.2436E-01 -6.7279E-01 -1.4397E+00
  7.7534E-01  3.0912E-01 -6.7941E-01 -1.4481E+00
  7.8074E-01  2.9354E-01 -6.8605E-01 -1.4563E+00
  7.8617E-01  2.7761E-01 -6.9271E-01 -1.4643E+00
  7.9163E-01  2.6135E-01 -6.9937E-01 -1.4721E+00
  7.9714E-01  2.4477E-01 -7.0604E-01 -1.4796E+00
  8.0268E-01  2.2788E-01 -7.1272E-01 -1.4870E+00
  8.0827E-01  2.1069E-01 -7.1940E-01 -1.4942E+00
  8.1389E-01  1.9321E-01 -7.2609E-01 -1.5011E+00
  8.1955E-01  1.7546E-01 -7.3277E-01 -1.5078E+00
  8.2525E-01  1.5744E-01 -7.3946E-01 -1.5142E+00
  8.3099E-01  1.3918E-01 -7.4613E-01 -1.5204E+00
  8.3677E-01  1.2067E-01 -7.5280E-01 -1.5263E+00
  8.4259E-01  1.0195E-01 -7.5946E-01 -1.5319E+00
  8.4845E-01  8.3005E-02 -7.6611E-01 -1.5372E+00
  8.5435E-01  6.3866E-02 -7.7274E-01 -1.5422E+00
  8.6029E-01  4.4544E-02 -7.7935E-01 -1.5470E+00
  8.6627E-01  2.5052E-02 -7.8593E-01 -1.5513E+00
  8.7230E-01  5.4052E-03 -7.9250E-01 -1.5554E+00
  8.7837E-01 -1.4383E-02 -7.9903E-01 -1.5591E+00
  8.8448E-01 -3.4297E-02 -8.0553E-01 -1.5625E+00
  8.9063E-01 -5.4323E-02 -8.1199E-01 -1.5655E+00
  8.9682E-01 -7.4444E-02 -8.1842E-01 -1.5681E+00
  9.0306E-01 -9.4645E-02 -8.2479E-01 -1.5704E+00
  9.0934E-01 -1.1491E-01 -8.3113E-01 -1.5722E+00
  9.1566E-01 -1.3523E-01 -8.3741E-01 -1.5737E+00
  9.2203E-01 -1.5558E-01 -8.4363E-01 -1.5747E+00
  9.2844E-01 -1.7594E-01 -8.4980E-01 -1.5753E+00
  9.3490E-01 -1.9631E-01 -8.5590E-01 -1.5754E+00
  9.4140E-01 -2.1666E-01 -8.6193E-01 -1.5752E+00
  9.4795E-01 -2.3698E-01 -8.6789E-01 -1.5744E+00
  9.5454E-01 -2.5726E-01 -8.7376E-01 -1.5732E+00
  9.6118E-01 -2.7747E-01 -8.7956E-01 -1.5715E+00
  9.6787E-01 -2.9759E-01 -8.8527E-01 -1.5694E+00
  9.7460E-01 -3.1762E-01 -8.9088E-01 -1.5667E+00
  9.8138E-01 -3.3754E-01 -8.9640E-01 -1.5635E+00
  9.8820E-01 -3.5732E-01 -9.0181E-01 -1.5599E+00
  9.9508E-01 -3.7696E-01 -9.0711E-01 -1.5556E+00
  1.0020E+00 -3.9643E-01 -9.1229E-01 -1.5509E+00
  1.0090E+00 -4.1572E-01 -9.1735E-01 -1.5456E+00
  1.0160E+00 -4.3481E-01 -9.2229E-01 -1.5398E+00
  1.0230E+00 -4.5369E-01 -9.2709E-01 -1.5334E+00
  1.0302E+00 -4.7233E-01 -9.3175E-01 -1.5265E+00
  1.0373E+00 -4.9073E-01 -9.3626E-01 -1.5190E+00
  1.0445E+00 -5.0886E-01 -9.4063E-01 -1.5109E+00
  1.0518E+00 -5.2671E-01 -9.4483E-01 -1.5022E+00
  1.0591E+00 -5.4426E-01 -9.4886E-01 -1.4929E+00
  1.0665E+00 -5.6149E-01 -9.5272E-01 -1.4831E+00
  1.0739E+00 -5.7840E-01 -9.5640E-01 -1.4726E+00
  1.0814E+00 -5.9496E-01 -9.5990E-01 -1.4616E+00
  1.0889E+00 -6.1115E-01 -9.6319E-01 -1.4500E+00
  1.0965E+00 -6.2697E-01 -9.6629E-01 -1.4377E+00
  1.1041E+00 -6.4240E-01 -9.6917E-01 -1.4249E+00
  1.1118E+00 -6.5741E-01 -9.7184E-01 -1.4114E+00
  1.1195E+00 -6.7200E-01 -9.7428E-01 -1.3973E+00
  1.1273E+00 -6.8614E-01 -9.7648E-01 -1.3827E+00
  1.1351E+00 -6.9984E-01 -9.7845E-01 -1.3674E+00
  1.1430E+00 -7.1306E-01 -9.8016E-01 -1.3515E+00
  1.1510E+00 -7.2580E-01 -9.8161E-01 -1.3351E+00
  1.1590E+00 -7.3804E-01 -9.8279E-01 -1.3180E+00
  1.1670E+00 -7.4977E-01 -9.8370E-01 -1.3004E+00
  1.1752E+00 -7.6097E-01 -9.8433E-01 -1.2822E+00
  1.1833E+00 -7.7163E-01 -9.8466E-01 -1.2634E+00
  1.1916E+00 -7.8174E-01 -9.8468E-01 -1.2440E+00
  1.1998E+00 -7.9128E-01 -9.8440E-01 -1.2241E+00
  1.2082E+00 -8.0025E-01 -9.8379E-01 -1.2037E+00
  1.2166E+00 -8.0863E-01 -9.8286E-01 -1.1827E+00
  1.2251E+00 -8.1640E-01 -9.8159E-01 -1.1612E+00
  1.2336E+00 -8.2356E-01 -9.7997E-01 -1.1392E+00
  1.2422E+00 -8.3010E-01 -9.7799E-01 -1.1167E+00
  1.2508E+00 -8.3600E-01 -9.7564E-01 -1.0938E+00
  1.2595E+00 -8.4126E-01 -9.7292E-01 -1.0704E+00
  1.2683E+00 -8.4586E-01 -9.6982E-01 -1.0466E+00
  1.2771E+00 -8.4980E-01 -9.6632E-01 -1.0223E+00
  1.2860E+00 -8.5306E-01 -9.6241E-01 -9.9772E-01
  1.2949E+00 -8.5564E-01 -9.5810E-01 -9.7273E-01
  1.3039E+00 -8.5753E-01 -9.5336E-01 -9.4740E-01
  1.3130E+00 -8.5872E-01 -9.4819E-01 -9.2176E-01
  1.3221E+00 -8.5921E-01 -9.4258E-01 -8.9583E-01
  1.3313E+00 -8.5898E-01 -9.3653E-01 -8.6965E-01
  1.3406E+00 -8.5803E-01 -9.3001E-01 -8.4323E-01
  1.3499E+00 -8.5636E-01 -9.2303E-01 -8.1662E-01
  1.3593E+00 -8.5396E-01 -9.1558E-01 -7.8984E-01
  1.3687E+00 -8.5082E-01 -9.0764E-01 -7.6293E-01
  1.3782E+00 -8.4695E-01 -8.9921E-01 -7.3591E-01
  1.3878E+00 -8.4233E-01 -8.9028E-01 -7.0883E-01
  1.3975E+00 -8.3696E-01 -8.8084E-01 -6.8173E-01
  1.4072E+00 -8.3085E-01 -8.7089E-01 -6.5463E-01
  1.4170E+00 -8.2399E-01 -8.6042E-01 -6.2757E-01
  1.4268E+00 -8.1638E-01 -8.4942E-01 -6.0060E-01
  1.4368E+00 -8.0801E-01 -8.3788E-01 -5.7376E-01
  1.4468E+00 -7.9889E-01 -8.2581E-01 -5.4707E-01
  1.4568E+00 -7.8902E-01 -8.1318E-01 -5.2059E-01
  1.4670E+00 -7.7840E-01 -8.0001E-01 -4.9435E-01
  1.4772E+00 -7.6704E-01 -7.8627E-01 -4.6840E-01
  1.4874E+00 -7.5492E-01 -7.7198E-01 -4.4277E-01
  1.4978E+00 -7.4207E-01 -7.5712E-01 -4.1751E-01
  1.5082E+00 -7.2847E-01 -7.4169E-01 -3.9266E-01
  1.5187E+00 -7.1415E-01 -7.2569E-01 -3.6826E-01
  1.5292E+00 -6.9909E-01 -7.0911E-01 -3.4434E-01
  1.5399E+00 -6.8331E-01 -6.9196E-01 -3.2096E-01
  1.5506E+00 -6.6682E-01 -6.7423E-01 -2.9815E-01
  1.5614E+00 -6.4962E-01 -6.5592E-01 -2.7594E-01
  1.5722E+00 -6.3172E-01 -6.3703E-01 -2.5439E-01
  1.5832E+00 -6.1312E-01 -6.1757E-01 -2.3351E-01
  1.5942E+00 -5.9385E-01 -5.9754E-01 -2.1336E-01
  1.6053E+00 -5.7391E-01 -5.7693E-01 -1.9396E-01
  1.6164E+00 -5.5331E-01 -5.5575E-01 -1.7535E-01
  1.6277E+00 -5.3206E-01 -5.3402E-01 -1.5756E-01
  1.6390E+00 -5.1018E-01 -5.1172E-01 -1.4062E-01
  1.6504E+00 -4.8768E-01 -4.8887E-01 -1.2455E-01
  1.6619E+00 -4.6458E-01 -4.6548E-01 -1.0938E-01
  1.6734E+00 -4.4089E-01 -4.4155E-01 -9.5141E-02
  1.6851E+00 -4.1662E-01 -4.1710E-01 -8.1843E-02
  1.6968E+00 -3.9179E-01 -3.9213E-01 -6.9508E-02
  1.7086E+00 -3.6643E-01 -3.6665E-01 -5.8151E-02
  1.7205E+00 -3.4054E-01 -3.4069E-01 -4.7784E-02
  1.7324E+00 -3.1416E-01 -3.1424E-01 -3.8415E-02
  1.7445E+00 -2.8729E-01 -2.8734E-01 -3.0051E-02
  1.7566E+00 -2.5996E-01 -2.5999E-01 -2.2694E-02
  1.7688E+00 -2.3220E-01 -2.3221E-01 -1.6343E-02
  1.7811E+00 -2.0402E-01 -2.0402E-01 -1.0995E-02
  1.7935E+00 -1.7544E-01 -1.7544E-01 -6.6414E-03
  1.8060E+00 -1.4650E-01 -1.4650E-01 -3.4639E-03
  1.8185E+00 -1.1721E-01 -1.1721E-01 -2.2032E-03
  1.8312E+00 -8.7605E-02 -8.7605E-02 -1.3911E-03
  1.8439E+00 -5.7707E-02 -5.7707E-02 -7.4775E-04
  1.8568E+00 -2.7545E-02 -2.7545E-02 -2.9017E-04
  1.8697E+00  2.8547E-03  2.8547E-03 -7.1411E-06
  1.8827E+00  3.3463E-02  3.3463E-02  1.1410E-04
  1.8958E+00  6.4250E-02  6.4250E-02  8.7790E-05
  1.9089E+00  9.5187E-02  9.5187E-02 -7.0535E-05
  1.9222E+00  1.2624E-01  1.2624E-01 -3.4421E-04
  1.9356E+00  1.5738E-01  1.5738E-01 -7.1566E-04
  1.9491E+00  1.8858E-01  1.8858E-01 -1.1666E-03
  1.9626E+00  2.1980E-01  2.1980E-01 -1.6782E-03
  1.9763E+00  2.5101E-01  2.5101E-01 -2.2315E-03
  1.9900E+00  2.8218E-01  2.8218E-01 -2.8075E-03
  2.0038E+00  3.1326E-01  3.1326E-01 -3.3878E-03
  2.0178E+00  3.4424E-01  3.4424E-01 -3.9541E-03
  2.0318E+00  3.7506E-01  3.7506E-01 -4.4896E-03
  2.0459E+00  4.0570E-01  4.0570E-01 -4.9783E-03
  2.0602E+00  4.3612E-01  4.3612E-01 -5.4060E-03
  2.0745E+00  4.6628E-01  4.6628E-01 -5.7600E-03
  2.0889E+00  4.9614E-01  4.9614E-01 -6.0301E-03
  2.1034E+00  5.2567E-01  5.2567E-01 -6.2082E-03
  2.1181E+00  5.5483E-01  5.5483E-01 -6.2888E-03
  2.1328E+00  5.8357E-01  5.8357E-01 -6.2691E-03
  2.1476E+00  6.1187E-01  6.1187E-01 -6.1495E-03
  2.1626E+00  6.3968E-01  6.3968E-01 -5.9332E-03
  2.1776E+00  6.6697E-01  6.6697E-01 -5.6264E-03
  2.1928E+00  6.9369E-01  6.9369E-01 -5.2385E-03
  2.2080E+00  7.1980E-01  7.1980E-01 -4.7815E-03
  2.2234E+00  7.4527E-01  7.4527E-01 -4.2701E-03
  2.2388E+00  7.7006E-01  7.7006E-01 -3.7214E-03
  2.2544E+00  7.9412E-01  7.9412E-01 -3.1541E-03
  2.2701E+00  8.1742E-01  8.1742E-01 -2.5879E-03
  2.2859E+00  8.3992E-01  8.3992E-01 -2.0430E-03
  2.3018E+00  8.6158E-01  8.6158E-01 -1.5390E-03
  2.3178E+00  8.8236E-01  8.8236E-01 -1.0936E-03
  2.3339E+00  9.0222E-01  9.0222E-01 -7.2170E-04
  2.3501E+00  9.2112E-01  9.2112E-01 -4.3338E-04
  2.3665E+00  9.3903E-01  9.3903E-01 -2.3255E-04
  2.3829E+00  9.5591E-01  9.5591E-01 -1.1487E-04
  2.3995E+00  9.7172E-01  9.7172E-01 -6.5667E-05
  2.4162E+00  9.8643E-01  9.8643E-01  0.0000E+00
  2.4330E+00  1.0000E+00  1.0000E+00  0.0000E+00
  2.4499E+00  1.0124E+00  1.0124E+00  0.0000E+00
  2.4669E+00  1.0236E+00  1.0236E+00  0.0000E+00
  2.4841E+00  1.0335E+00  1.0335E+00  0.0000E+00
  2.5014E+00  1.0422E+00  1.0422E+00  0.0000E+00
  2.5188E+00  1.0496E+00  1.0496E+00  0.0000E+00
  2.5363E+00  1.0556E+00  1.0556E+00  0.0000E+00
  2.5539E+00  1.0603E+00  1.0603E+00  0.0000E+00
  2.5717E+00  1.0636E+00  1.0636E+00  0.0000E+00
  2.5896E+00  1.0654E+00  1.0654E+00  0.0000E+00
  2.6076E+00  1.0659E+00  1.0659E+00  0.0000E+00
  2.6257E+00  1.0648E+00  1.0648E+00  0.0000E+00
  2.6440E+00  1.0623E+00  1.0623E+00  0.0000E+00
  2.6624E+00  1.0583E+00  1.0583E+00  0.0000E+00
  2.6809E+00  1.0528E+00  1.0528E+00  0.0000E+00
  2.6995E+00  1.0457E+00  1.0457E+00  0.0000E+00
  2.7183E+00  1.0371E+00  1.0371E+00  0.0000E+00
  2.7372E+00  1.0269E+00  1.0269E+00  0.0000E+00
  2.7562E+00  1.0151E+00  1.0151E+00  0.0000E+00
  2.7754E+00  1.0018E+00  1.0018E+00  0.0000E+00
  2.7947E+00  9.8685E-01  9.8685E-01  0.0000E+00
  2.8142E+00  9.7034E-01  9.7034E-01  0.0000E+00
  2.8337E+00  9.5225E-01  9.5225E-01  0.0000E+00
  2.8534E+00  9.3257E-01  9.3257E-01  0.0000E+00
  2.8733E+00  9.1132E-01  9.1132E-01  0.0000E+00
  2.8933E+00  8.8849E-01  8.8849E-01  0.0000E+00
  2.9134E+00  8.6412E-01  8.6412E-01  0.0000E+00
  2.9336E+00  8.3819E-01  8.3819E-01  0.0000E+00
  2.9540E+00  8.1075E-01  8.1075E-01  0.0000E+00
  2.9746E+00  7.8179E-01  7.8179E-01  0.0000E+00
  2.9953E+00  7.5136E-01  7.5136E-01  0.0000E+00
  3.0161E+00  7.1947E-01  7.1947E-01  0.0000E+00
  3.0371E+00  6.8616E-01  6.8616E-01  0.0000E+00
  3.0582E+00  6.5146E-01  6.5146E-01  0.0000E+00
  3.0795E+00  6.1541E-01  6.1541E-01  0.0000E+00
  3.1009E+00  5.7805E-01  5.7805E-01  0.0000E+00
  3.1225E+00  5.3942E-01  5.3942E-01  0.0000E+00
  3.1442E+00  4.9958E-01  4.9958E-01  0.0000E+00
  3.1660E+00  4.5857E-01  4.5857E-01  0.0000E+00
  3.1881E+00  4.1646E-01  4.1646E-01  0.0000E+00
  3.2102E+00  3.7330E-01  3.7330E-01  0.0000E+00
  3.2325E+00  3.2915E-01  3.2915E-01  0.0000E+00
  3.2550E+00  2.8408E-01  2.8408E-01  0.0000E+00
  3.2777E+00  2.3817E-01  2.3817E-01  0.0000E+00
  3.3005E+00  1.9149E-01  1.9149E-01  0.0000E+00
  3.3234E+00  1.4412E-01  1.4412E-01  0.0000E+00
  3.3465E+00  9.6139E-02  9.6139E-02  0.0000E+00
  3.3698E+00  4.7638E-02  4.7638E-02  0.0000E+00
  3.3932E+00 -1.2952E-03 -1.2952E-03  0.0000E+00
  3.4168E+00 -5.0566E-02 -5.0566E-02  0.0000E+00
