 # l=           3 basis function with energy   -9.280834245985513E-002
  0.0000E+00  0.0000E+00  0.0000E+00  0.0000E+00
  5.3551E-07 -4.3667E-20  4.5728E-26 -3.5141E-25
  1.0747E-06 -5.1611E-19  7.4188E-25 -5.6901E-24
  1.6177E-06 -2.1999E-18  3.8083E-24 -2.9202E-23
  2.1645E-06 -6.1762E-18  1.2205E-23 -9.3574E-23
  2.7151E-06 -1.3794E-17  3.0215E-23 -2.3167E-22
  3.2694E-06 -2.6656E-17  6.3534E-23 -4.8712E-22
  3.8277E-06 -4.6617E-17  1.1936E-22 -9.1510E-22
  4.3898E-06 -7.5779E-17  2.0649E-22 -1.5832E-21
  4.9559E-06 -1.1650E-16  3.3542E-22 -2.5716E-21
  5.5258E-06 -1.7138E-16  5.1845E-22 -3.9751E-21
  6.0998E-06 -2.4329E-16  7.6978E-22 -5.9021E-21
  6.6777E-06 -3.3537E-16  1.1057E-21 -8.4771E-21
  7.2597E-06 -4.5103E-16  1.5445E-21 -1.1842E-20
  7.8457E-06 -5.9395E-16  2.1068E-21 -1.6153E-20
  8.4357E-06 -7.6812E-16  2.8158E-21 -2.1589E-20
  9.0299E-06 -9.7782E-16  3.6969E-21 -2.8345E-20
  9.6282E-06 -1.2276E-15  4.7785E-21 -3.6638E-20
  1.0231E-05 -1.5224E-15  6.0916E-21 -4.6705E-20
  1.0837E-05 -1.8675E-15  7.6701E-21 -5.8808E-20
  1.1448E-05 -2.2684E-15  9.5513E-21 -7.3231E-20
  1.2063E-05 -2.7311E-15  1.1776E-20 -9.0285E-20
  1.2683E-05 -3.2618E-15  1.4387E-20 -1.1030E-19
  1.3306E-05 -3.8672E-15  1.7433E-20 -1.3366E-19
  1.3935E-05 -4.5545E-15  2.0964E-20 -1.6073E-19
  1.4567E-05 -5.3310E-15  2.5037E-20 -1.9196E-19
  1.5204E-05 -6.2046E-15  2.9711E-20 -2.2780E-19
  1.5845E-05 -7.1838E-15  3.5049E-20 -2.6873E-19
  1.6491E-05 -8.2772E-15  4.1121E-20 -3.1528E-19
  1.7141E-05 -9.4941E-15  4.8000E-20 -3.6802E-19
  1.7796E-05 -1.0844E-14  5.5765E-20 -4.2756E-19
  1.8455E-05 -1.2338E-14  6.4499E-20 -4.9452E-19
  1.9119E-05 -1.3986E-14  7.4293E-20 -5.6961E-19
  1.9787E-05 -1.5799E-14  8.5241E-20 -6.5355E-19
  2.0460E-05 -1.7789E-14  9.7445E-20 -7.4712E-19
  2.1138E-05 -1.9970E-14  1.1101E-19 -8.5115E-19
  2.1821E-05 -2.2353E-14  1.2606E-19 -9.6652E-19
  2.2508E-05 -2.4952E-14  1.4271E-19 -1.0942E-18
  2.3200E-05 -2.7782E-14  1.6109E-19 -1.2351E-18
  2.3897E-05 -3.0858E-14  1.8133E-19 -1.3903E-18
  2.4598E-05 -3.4195E-14  2.0358E-19 -1.5609E-18
  2.5305E-05 -3.7809E-14  2.2800E-19 -1.7481E-18
  2.6017E-05 -4.1718E-14  2.5475E-19 -1.9532E-18
  2.6733E-05 -4.5939E-14  2.8399E-19 -2.1774E-18
  2.7454E-05 -5.0491E-14  3.1591E-19 -2.4221E-18
  2.8181E-05 -5.5393E-14  3.5069E-19 -2.6888E-18
  2.8912E-05 -6.0666E-14  3.8855E-19 -2.9790E-18
  2.9649E-05 -6.6330E-14  4.2968E-19 -3.2944E-18
  3.0391E-05 -7.2409E-14  4.7432E-19 -3.6366E-18
  3.1137E-05 -7.8923E-14  5.2269E-19 -4.0075E-18
  3.1890E-05 -8.5898E-14  5.7505E-19 -4.4089E-18
  3.2647E-05 -9.3359E-14  6.3164E-19 -4.8429E-18
  3.3409E-05 -1.0133E-13  6.9276E-19 -5.3115E-18
  3.4177E-05 -1.0984E-13  7.5868E-19 -5.8169E-18
  3.4950E-05 -1.1892E-13  8.2969E-19 -6.3614E-18
  3.5729E-05 -1.2859E-13  9.0613E-19 -6.9474E-18
  3.6513E-05 -1.3889E-13  9.8832E-19 -7.5776E-18
  3.7302E-05 -1.4984E-13  1.0766E-18 -8.2545E-18
  3.8097E-05 -1.6148E-13  1.1714E-18 -8.9809E-18
  3.8898E-05 -1.7385E-13  1.2729E-18 -9.7598E-18
  3.9704E-05 -1.8698E-13  1.3818E-18 -1.0594E-17
  4.0515E-05 -2.0091E-13  1.4983E-18 -1.1487E-17
  4.1333E-05 -2.1566E-13  1.6229E-18 -1.2443E-17
  4.2156E-05 -2.3130E-13  1.7560E-18 -1.3464E-17
  4.2984E-05 -2.4785E-13  1.8982E-18 -1.4554E-17
  4.3819E-05 -2.6535E-13  2.0500E-18 -1.5717E-17
  4.4659E-05 -2.8386E-13  2.2118E-18 -1.6958E-17
  4.5505E-05 -3.0342E-13  2.3842E-18 -1.8280E-17
  4.6357E-05 -3.2407E-13  2.5679E-18 -1.9688E-17
  4.7215E-05 -3.4587E-13  2.7633E-18 -2.1187E-17
  4.8079E-05 -3.6887E-13  2.9712E-18 -2.2780E-17
  4.8949E-05 -3.9311E-13  3.1921E-18 -2.4474E-17
  4.9825E-05 -4.1866E-13  3.4268E-18 -2.6274E-17
  5.0707E-05 -4.4558E-13  3.6759E-18 -2.8184E-17
  5.1595E-05 -4.7391E-13  3.9403E-18 -3.0211E-17
  5.2489E-05 -5.0373E-13  4.2207E-18 -3.2361E-17
  5.3390E-05 -5.3510E-13  4.5179E-18 -3.4639E-17
  5.4296E-05 -5.6808E-13  4.8328E-18 -3.7053E-17
  5.5210E-05 -6.0273E-13  5.1661E-18 -3.9609E-17
  5.6129E-05 -6.3914E-13  5.5190E-18 -4.2315E-17
  5.7055E-05 -6.7738E-13  5.8922E-18 -4.5177E-17
  5.7987E-05 -7.1751E-13  6.2869E-18 -4.8202E-17
  5.8926E-05 -7.5963E-13  6.7040E-18 -5.1401E-17
  5.9871E-05 -8.0380E-13  7.1447E-18 -5.4779E-17
  6.0823E-05 -8.5011E-13  7.6100E-18 -5.8347E-17
  6.1782E-05 -8.9866E-13  8.1011E-18 -6.2113E-17
  6.2747E-05 -9.4953E-13  8.6194E-18 -6.6086E-17
  6.3719E-05 -1.0028E-12  9.1659E-18 -7.0276E-17
  6.4697E-05 -1.0586E-12  9.7421E-18 -7.4694E-17
  6.5683E-05 -1.1170E-12  1.0349E-17 -7.9350E-17
  6.6675E-05 -1.1781E-12  1.0989E-17 -8.4255E-17
  6.7674E-05 -1.2420E-12  1.1663E-17 -8.9420E-17
  6.8680E-05 -1.3089E-12  1.2372E-17 -9.4858E-17
  6.9694E-05 -1.3788E-12  1.3118E-17 -1.0058E-16
  7.0714E-05 -1.4518E-12  1.3903E-17 -1.0660E-16
  7.1741E-05 -1.5281E-12  1.4729E-17 -1.1293E-16
  7.2775E-05 -1.6079E-12  1.5597E-17 -1.1959E-16
  7.3817E-05 -1.6912E-12  1.6510E-17 -1.2658E-16
  7.4866E-05 -1.7781E-12  1.7468E-17 -1.3393E-16
  7.5922E-05 -1.8688E-12  1.8475E-17 -1.4165E-16
  7.6986E-05 -1.9635E-12  1.9532E-17 -1.4975E-16
  7.8056E-05 -2.0623E-12  2.0642E-17 -1.5826E-16
  7.9135E-05 -2.1654E-12  2.1806E-17 -1.6719E-16
  8.0221E-05 -2.2728E-12  2.3028E-17 -1.7656E-16
  8.1314E-05 -2.3848E-12  2.4309E-17 -1.8638E-16
  8.2415E-05 -2.5016E-12  2.5653E-17 -1.9668E-16
  8.3524E-05 -2.6232E-12  2.7061E-17 -2.0748E-16
  8.4640E-05 -2.7500E-12  2.8537E-17 -2.1880E-16
  8.5764E-05 -2.8820E-12  3.0084E-17 -2.3066E-16
  8.6896E-05 -3.0195E-12  3.1704E-17 -2.4308E-16
  8.8036E-05 -3.1627E-12  3.3400E-17 -2.5608E-16
  8.9184E-05 -3.3117E-12  3.5176E-17 -2.6970E-16
  9.0339E-05 -3.4668E-12  3.7035E-17 -2.8396E-16
  9.1503E-05 -3.6282E-12  3.8981E-17 -2.9887E-16
  9.2675E-05 -3.7961E-12  4.1017E-17 -3.1448E-16
  9.3855E-05 -3.9707E-12  4.3146E-17 -3.3081E-16
  9.5043E-05 -4.1523E-12  4.5373E-17 -3.4788E-16
  9.6240E-05 -4.3412E-12  4.7701E-17 -3.6573E-16
  9.7445E-05 -4.5375E-12  5.0135E-17 -3.8439E-16
  9.8658E-05 -4.7416E-12  5.2678E-17 -4.0389E-16
  9.9879E-05 -4.9537E-12  5.5336E-17 -4.2427E-16
  1.0111E-04 -5.1740E-12  5.8113E-17 -4.4556E-16
  1.0235E-04 -5.4030E-12  6.1014E-17 -4.6780E-16
  1.0360E-04 -5.6408E-12  6.4043E-17 -4.9103E-16
  1.0485E-04 -5.8878E-12  6.7206E-17 -5.1527E-16
  1.0612E-04 -6.1442E-12  7.0507E-17 -5.4059E-16
  1.0739E-04 -6.4105E-12  7.3953E-17 -5.6701E-16
  1.0867E-04 -6.6869E-12  7.7549E-17 -5.9458E-16
  1.0996E-04 -6.9738E-12  8.1301E-17 -6.2335E-16
  1.1126E-04 -7.2716E-12  8.5215E-17 -6.5336E-16
  1.1257E-04 -7.5805E-12  8.9298E-17 -6.8466E-16
  1.1389E-04 -7.9011E-12  9.3555E-17 -7.1730E-16
  1.1522E-04 -8.2336E-12  9.7994E-17 -7.5133E-16
  1.1656E-04 -8.5785E-12  1.0262E-16 -7.8681E-16
  1.1790E-04 -8.9361E-12  1.0744E-16 -8.2379E-16
  1.1926E-04 -9.3070E-12  1.1247E-16 -8.6233E-16
  1.2062E-04 -9.6915E-12  1.1771E-16 -9.0249E-16
  1.2200E-04 -1.0090E-11  1.2317E-16 -9.4433E-16
  1.2338E-04 -1.0503E-11  1.2885E-16 -9.8792E-16
  1.2477E-04 -1.0932E-11  1.3477E-16 -1.0333E-15
  1.2618E-04 -1.1375E-11  1.4094E-16 -1.0806E-15
  1.2759E-04 -1.1835E-11  1.4736E-16 -1.1298E-15
  1.2901E-04 -1.2312E-11  1.5404E-16 -1.1811E-15
  1.3045E-04 -1.2805E-11  1.6100E-16 -1.2344E-15
  1.3189E-04 -1.3316E-11  1.6824E-16 -1.2899E-15
  1.3334E-04 -1.3846E-11  1.7578E-16 -1.3477E-15
  1.3480E-04 -1.4394E-11  1.8362E-16 -1.4078E-15
  1.3628E-04 -1.4961E-11  1.9178E-16 -1.4704E-15
  1.3776E-04 -1.5549E-11  2.0026E-16 -1.5354E-15
  1.3925E-04 -1.6158E-11  2.0909E-16 -1.6031E-15
  1.4076E-04 -1.6787E-11  2.1827E-16 -1.6735E-15
  1.4227E-04 -1.7439E-11  2.2781E-16 -1.7467E-15
  1.4380E-04 -1.8114E-11  2.3774E-16 -1.8228E-15
  1.4533E-04 -1.8812E-11  2.4806E-16 -1.9019E-15
  1.4688E-04 -1.9534E-11  2.5878E-16 -1.9841E-15
  1.4844E-04 -2.0281E-11  2.6993E-16 -2.0696E-15
  1.5000E-04 -2.1055E-11  2.8152E-16 -2.1584E-15
  1.5158E-04 -2.1854E-11  2.9356E-16 -2.2508E-15
  1.5317E-04 -2.2681E-11  3.0607E-16 -2.3467E-15
  1.5477E-04 -2.3537E-11  3.1907E-16 -2.4463E-15
  1.5638E-04 -2.4421E-11  3.3257E-16 -2.5498E-15
  1.5801E-04 -2.5336E-11  3.4659E-16 -2.6573E-15
  1.5964E-04 -2.6282E-11  3.6115E-16 -2.7690E-15
  1.6129E-04 -2.7260E-11  3.7628E-16 -2.8850E-15
  1.6294E-04 -2.8270E-11  3.9198E-16 -3.0054E-15
  1.6461E-04 -2.9315E-11  4.0829E-16 -3.1304E-15
  1.6629E-04 -3.0395E-11  4.2521E-16 -3.2602E-15
  1.6799E-04 -3.1511E-11  4.4278E-16 -3.3949E-15
  1.6969E-04 -3.2664E-11  4.6102E-16 -3.5347E-15
  1.7140E-04 -3.3856E-11  4.7995E-16 -3.6799E-15
  1.7313E-04 -3.5088E-11  4.9960E-16 -3.8305E-15
  1.7487E-04 -3.6360E-11  5.1998E-16 -3.9867E-15
  1.7662E-04 -3.7674E-11  5.4113E-16 -4.1489E-15
  1.7839E-04 -3.9032E-11  5.6307E-16 -4.3171E-15
  1.8016E-04 -4.0435E-11  5.8583E-16 -4.4916E-15
  1.8195E-04 -4.1883E-11  6.0944E-16 -4.6727E-15
  1.8375E-04 -4.3379E-11  6.3393E-16 -4.8604E-15
  1.8557E-04 -4.4924E-11  6.5933E-16 -5.0551E-15
  1.8739E-04 -4.6520E-11  6.8566E-16 -5.2571E-15
  1.8923E-04 -4.8167E-11  7.1297E-16 -5.4665E-15
  1.9108E-04 -4.9868E-11  7.4129E-16 -5.6836E-15
  1.9295E-04 -5.1624E-11  7.7065E-16 -5.9087E-15
  1.9482E-04 -5.3437E-11  8.0108E-16 -6.1420E-15
  1.9671E-04 -5.5309E-11  8.3263E-16 -6.3839E-15
  1.9862E-04 -5.7241E-11  8.6533E-16 -6.6346E-15
  2.0053E-04 -5.9234E-11  8.9922E-16 -6.8944E-15
  2.0246E-04 -6.1292E-11  9.3434E-16 -7.1637E-15
  2.0441E-04 -6.3416E-11  9.7074E-16 -7.4428E-15
  2.0637E-04 -6.5608E-11  1.0084E-15 -7.7319E-15
  2.0834E-04 -6.7869E-11  1.0475E-15 -8.0315E-15
  2.1032E-04 -7.0203E-11  1.0880E-15 -8.3419E-15
  2.1232E-04 -7.2611E-11  1.1299E-15 -8.6635E-15
  2.1433E-04 -7.5095E-11  1.1734E-15 -8.9966E-15
  2.1636E-04 -7.7657E-11  1.2184E-15 -9.3416E-15
  2.1840E-04 -8.0301E-11  1.2650E-15 -9.6989E-15
  2.2045E-04 -8.3028E-11  1.3133E-15 -1.0069E-14
  2.2252E-04 -8.5840E-11  1.3633E-15 -1.0452E-14
  2.2460E-04 -8.8742E-11  1.4150E-15 -1.0849E-14
  2.2670E-04 -9.1734E-11  1.4686E-15 -1.1260E-14
  2.2881E-04 -9.4819E-11  1.5241E-15 -1.1686E-14
  2.3094E-04 -9.8002E-11  1.5816E-15 -1.2126E-14
  2.3308E-04 -1.0128E-10  1.6411E-15 -1.2582E-14
  2.3524E-04 -1.0467E-10  1.7027E-15 -1.3055E-14
  2.3741E-04 -1.0816E-10  1.7664E-15 -1.3543E-14
  2.3959E-04 -1.1175E-10  1.8324E-15 -1.4049E-14
  2.4180E-04 -1.1546E-10  1.9007E-15 -1.4573E-14
  2.4401E-04 -1.1928E-10  1.9714E-15 -1.5115E-14
  2.4625E-04 -1.2323E-10  2.0445E-15 -1.5675E-14
  2.4849E-04 -1.2729E-10  2.1202E-15 -1.6256E-14
  2.5076E-04 -1.3148E-10  2.1985E-15 -1.6856E-14
  2.5304E-04 -1.3579E-10  2.2795E-15 -1.7477E-14
  2.5533E-04 -1.4024E-10  2.3634E-15 -1.8120E-14
  2.5764E-04 -1.4483E-10  2.4501E-15 -1.8785E-14
  2.5997E-04 -1.4955E-10  2.5398E-15 -1.9473E-14
  2.6231E-04 -1.5442E-10  2.6327E-15 -2.0185E-14
  2.6467E-04 -1.5944E-10  2.7287E-15 -2.0921E-14
  2.6705E-04 -1.6461E-10  2.8280E-15 -2.1683E-14
  2.6944E-04 -1.6994E-10  2.9307E-15 -2.2470E-14
  2.7185E-04 -1.7543E-10  3.0370E-15 -2.3285E-14
  2.7428E-04 -1.8108E-10  3.1468E-15 -2.4127E-14
  2.7672E-04 -1.8691E-10  3.2604E-15 -2.4998E-14
  2.7918E-04 -1.9291E-10  3.3779E-15 -2.5899E-14
  2.8166E-04 -1.9910E-10  3.4994E-15 -2.6831E-14
  2.8415E-04 -2.0547E-10  3.6250E-15 -2.7794E-14
  2.8666E-04 -2.1203E-10  3.7549E-15 -2.8789E-14
  2.8919E-04 -2.1879E-10  3.8892E-15 -2.9819E-14
  2.9174E-04 -2.2575E-10  4.0280E-15 -3.0883E-14
  2.9430E-04 -2.3293E-10  4.1715E-15 -3.1984E-14
  2.9689E-04 -2.4031E-10  4.3199E-15 -3.3121E-14
  2.9949E-04 -2.4792E-10  4.4732E-15 -3.4297E-14
  3.0210E-04 -2.5575E-10  4.6317E-15 -3.5512E-14
  3.0474E-04 -2.6382E-10  4.7955E-15 -3.6768E-14
  3.0740E-04 -2.7213E-10  4.9648E-15 -3.8066E-14
  3.1007E-04 -2.8068E-10  5.1398E-15 -3.9407E-14
  3.1276E-04 -2.8949E-10  5.3206E-15 -4.0794E-14
  3.1547E-04 -2.9856E-10  5.5074E-15 -4.2226E-14
  3.1820E-04 -3.0790E-10  5.7005E-15 -4.3707E-14
  3.2095E-04 -3.1751E-10  5.9000E-15 -4.5236E-14
  3.2372E-04 -3.2741E-10  6.1062E-15 -4.6817E-14
  3.2650E-04 -3.3760E-10  6.3192E-15 -4.8450E-14
  3.2931E-04 -3.4810E-10  6.5392E-15 -5.0137E-14
  3.3214E-04 -3.5890E-10  6.7666E-15 -5.1880E-14
  3.3498E-04 -3.7002E-10  7.0015E-15 -5.3681E-14
  3.3785E-04 -3.8146E-10  7.2441E-15 -5.5541E-14
  3.4073E-04 -3.9324E-10  7.4947E-15 -5.7463E-14
  3.4364E-04 -4.0537E-10  7.7536E-15 -5.9448E-14
  3.4656E-04 -4.1785E-10  8.0210E-15 -6.1498E-14
  3.4951E-04 -4.3070E-10  8.2972E-15 -6.3616E-14
  3.5247E-04 -4.4392E-10  8.5825E-15 -6.5803E-14
  3.5546E-04 -4.5753E-10  8.8771E-15 -6.8062E-14
  3.5847E-04 -4.7153E-10  9.1814E-15 -7.0395E-14
  3.6150E-04 -4.8595E-10  9.4956E-15 -7.2804E-14
  3.6455E-04 -5.0078E-10  9.8201E-15 -7.5292E-14
  3.6762E-04 -5.1604E-10  1.0155E-14 -7.7861E-14
  3.7071E-04 -5.3175E-10  1.0501E-14 -8.0514E-14
  3.7382E-04 -5.4791E-10  1.0858E-14 -8.3253E-14
  3.7696E-04 -5.6454E-10  1.1227E-14 -8.6081E-14
  3.8011E-04 -5.8165E-10  1.1608E-14 -8.9001E-14
  3.8329E-04 -5.9926E-10  1.2001E-14 -9.2016E-14
  3.8649E-04 -6.1737E-10  1.2407E-14 -9.5129E-14
  3.8972E-04 -6.3601E-10  1.2826E-14 -9.8342E-14
  3.9296E-04 -6.5519E-10  1.3259E-14 -1.0166E-13
  3.9623E-04 -6.7491E-10  1.3706E-14 -1.0508E-13
  3.9952E-04 -6.9521E-10  1.4167E-14 -1.0862E-13
  4.0284E-04 -7.1609E-10  1.4643E-14 -1.1227E-13
  4.0617E-04 -7.3757E-10  1.5134E-14 -1.1603E-13
  4.0953E-04 -7.5966E-10  1.5641E-14 -1.1992E-13
  4.1292E-04 -7.8239E-10  1.6164E-14 -1.2393E-13
  4.1632E-04 -8.0577E-10  1.6705E-14 -1.2808E-13
  4.1975E-04 -8.2982E-10  1.7262E-14 -1.3235E-13
  4.2321E-04 -8.5455E-10  1.7837E-14 -1.3676E-13
  4.2669E-04 -8.8000E-10  1.8431E-14 -1.4131E-13
  4.3019E-04 -9.0617E-10  1.9044E-14 -1.4601E-13
  4.3372E-04 -9.3308E-10  1.9676E-14 -1.5086E-13
  4.3727E-04 -9.6076E-10  2.0329E-14 -1.5586E-13
  4.4085E-04 -9.8923E-10  2.1002E-14 -1.6102E-13
  4.4445E-04 -1.0185E-09  2.1697E-14 -1.6635E-13
  4.4807E-04 -1.0486E-09  2.2413E-14 -1.7185E-13
  4.5173E-04 -1.0796E-09  2.3153E-14 -1.7752E-13
  4.5540E-04 -1.1114E-09  2.3916E-14 -1.8337E-13
  4.5911E-04 -1.1442E-09  2.4703E-14 -1.8940E-13
  4.6283E-04 -1.1779E-09  2.5516E-14 -1.9563E-13
  4.6659E-04 -1.2125E-09  2.6354E-14 -2.0206E-13
  4.7037E-04 -1.2481E-09  2.7218E-14 -2.0869E-13
  4.7417E-04 -1.2847E-09  2.8110E-14 -2.1552E-13
  4.7801E-04 -1.3224E-09  2.9030E-14 -2.2258E-13
  4.8187E-04 -1.3611E-09  2.9979E-14 -2.2985E-13
  4.8575E-04 -1.4009E-09  3.0958E-14 -2.3736E-13
  4.8967E-04 -1.4418E-09  3.1968E-14 -2.4510E-13
  4.9361E-04 -1.4839E-09  3.3010E-14 -2.5309E-13
  4.9758E-04 -1.5272E-09  3.4084E-14 -2.6133E-13
  5.0157E-04 -1.5717E-09  3.5192E-14 -2.6982E-13
  5.0560E-04 -1.6174E-09  3.6335E-14 -2.7858E-13
  5.0965E-04 -1.6644E-09  3.7514E-14 -2.8762E-13
  5.1373E-04 -1.7127E-09  3.8729E-14 -2.9694E-13
  5.1784E-04 -1.7624E-09  3.9983E-14 -3.0656E-13
  5.2197E-04 -1.8135E-09  4.1276E-14 -3.1647E-13
  5.2614E-04 -1.8660E-09  4.2610E-14 -3.2669E-13
  5.3033E-04 -1.9200E-09  4.3985E-14 -3.3724E-13
  5.3456E-04 -1.9755E-09  4.5403E-14 -3.4811E-13
  5.3881E-04 -2.0326E-09  4.6865E-14 -3.5932E-13
  5.4309E-04 -2.0912E-09  4.8373E-14 -3.7088E-13
  5.4740E-04 -2.1515E-09  4.9928E-14 -3.8280E-13
  5.5175E-04 -2.2134E-09  5.1531E-14 -3.9509E-13
  5.5612E-04 -2.2771E-09  5.3184E-14 -4.0777E-13
  5.6052E-04 -2.3426E-09  5.4888E-14 -4.2084E-13
  5.6496E-04 -2.4099E-09  5.6646E-14 -4.3431E-13
  5.6942E-04 -2.4790E-09  5.8458E-14 -4.4820E-13
  5.7392E-04 -2.5501E-09  6.0326E-14 -4.6252E-13
  5.7844E-04 -2.6231E-09  6.2251E-14 -4.7729E-13
  5.8300E-04 -2.6982E-09  6.4237E-14 -4.9251E-13
  5.8759E-04 -2.7754E-09  6.6284E-14 -5.0821E-13
  5.9221E-04 -2.8547E-09  6.8394E-14 -5.2439E-13
  5.9687E-04 -2.9362E-09  7.0570E-14 -5.4107E-13
  6.0155E-04 -3.0199E-09  7.2812E-14 -5.5826E-13
  6.0627E-04 -3.1060E-09  7.5124E-14 -5.7598E-13
  6.1102E-04 -3.1945E-09  7.7507E-14 -5.9426E-13
  6.1581E-04 -3.2854E-09  7.9963E-14 -6.1309E-13
  6.2063E-04 -3.3788E-09  8.2495E-14 -6.3250E-13
  6.2548E-04 -3.4748E-09  8.5105E-14 -6.5251E-13
  6.3036E-04 -3.5735E-09  8.7795E-14 -6.7314E-13
  6.3528E-04 -3.6749E-09  9.0568E-14 -6.9440E-13
  6.4024E-04 -3.7791E-09  9.3426E-14 -7.1631E-13
  6.4522E-04 -3.8861E-09  9.6372E-14 -7.3890E-13
  6.5025E-04 -3.9961E-09  9.9408E-14 -7.6217E-13
  6.5530E-04 -4.1091E-09  1.0254E-13 -7.8616E-13
  6.6040E-04 -4.2253E-09  1.0576E-13 -8.1089E-13
  6.6552E-04 -4.3446E-09  1.0909E-13 -8.3637E-13
  6.7069E-04 -4.4672E-09  1.1251E-13 -8.6263E-13
  6.7589E-04 -4.5932E-09  1.1604E-13 -8.8970E-13
  6.8112E-04 -4.7227E-09  1.1968E-13 -9.1759E-13
  6.8640E-04 -4.8557E-09  1.2343E-13 -9.4633E-13
  6.9171E-04 -4.9924E-09  1.2729E-13 -9.7595E-13
  6.9705E-04 -5.1328E-09  1.3127E-13 -1.0065E-12
  7.0243E-04 -5.2770E-09  1.3537E-13 -1.0379E-12
  7.0786E-04 -5.4253E-09  1.3960E-13 -1.0703E-12
  7.1331E-04 -5.5775E-09  1.4396E-13 -1.1037E-12
  7.1881E-04 -5.7340E-09  1.4844E-13 -1.1381E-12
  7.2434E-04 -5.8947E-09  1.5307E-13 -1.1736E-12
  7.2992E-04 -6.0599E-09  1.5783E-13 -1.2101E-12
  7.3553E-04 -6.2295E-09  1.6274E-13 -1.2478E-12
  7.4118E-04 -6.4038E-09  1.6780E-13 -1.2866E-12
  7.4687E-04 -6.5828E-09  1.7302E-13 -1.3265E-12
  7.5260E-04 -6.7668E-09  1.7839E-13 -1.3677E-12
  7.5837E-04 -6.9557E-09  1.8392E-13 -1.4101E-12
  7.6418E-04 -7.1499E-09  1.8962E-13 -1.4538E-12
  7.7003E-04 -7.3493E-09  1.9549E-13 -1.4989E-12
  7.7592E-04 -7.5541E-09  2.0154E-13 -1.5453E-12
  7.8185E-04 -7.7646E-09  2.0778E-13 -1.5931E-12
  7.8782E-04 -7.9807E-09  2.1420E-13 -1.6423E-12
  7.9384E-04 -8.2028E-09  2.2082E-13 -1.6930E-12
  7.9989E-04 -8.4309E-09  2.2763E-13 -1.7453E-12
  8.0599E-04 -8.6652E-09  2.3465E-13 -1.7991E-12
  8.1213E-04 -8.9059E-09  2.4189E-13 -1.8546E-12
  8.1832E-04 -9.1531E-09  2.4934E-13 -1.9117E-12
  8.2454E-04 -9.4071E-09  2.5702E-13 -1.9706E-12
  8.3081E-04 -9.6679E-09  2.6492E-13 -2.0312E-12
  8.3712E-04 -9.9359E-09  2.7307E-13 -2.0936E-12
  8.4348E-04 -1.0211E-08  2.8146E-13 -2.1580E-12
  8.4988E-04 -1.0494E-08  2.9010E-13 -2.2242E-12
  8.5633E-04 -1.0784E-08  2.9900E-13 -2.2925E-12
  8.6282E-04 -1.1082E-08  3.0817E-13 -2.3628E-12
  8.6936E-04 -1.1389E-08  3.1761E-13 -2.4352E-12
  8.7594E-04 -1.1703E-08  3.2734E-13 -2.5098E-12
  8.8256E-04 -1.2027E-08  3.3736E-13 -2.5866E-12
  8.8924E-04 -1.2358E-08  3.4768E-13 -2.6657E-12
  8.9596E-04 -1.2699E-08  3.5831E-13 -2.7472E-12
  9.0272E-04 -1.3049E-08  3.6926E-13 -2.8311E-12
  9.0954E-04 -1.3409E-08  3.8053E-13 -2.9176E-12
  9.1640E-04 -1.3778E-08  3.9214E-13 -3.0066E-12
  9.2331E-04 -1.4158E-08  4.0410E-13 -3.0983E-12
  9.3026E-04 -1.4547E-08  4.1642E-13 -3.1927E-12
  9.3727E-04 -1.4947E-08  4.2910E-13 -3.2900E-12
  9.4432E-04 -1.5358E-08  4.4217E-13 -3.3902E-12
  9.5142E-04 -1.5780E-08  4.5562E-13 -3.4933E-12
  9.5858E-04 -1.6214E-08  4.6948E-13 -3.5995E-12
  9.6578E-04 -1.6659E-08  4.8375E-13 -3.7089E-12
  9.7303E-04 -1.7116E-08  4.9844E-13 -3.8216E-12
  9.8033E-04 -1.7585E-08  5.1357E-13 -3.9376E-12
  9.8768E-04 -1.8067E-08  5.2915E-13 -4.0571E-12
  9.9509E-04 -1.8563E-08  5.4520E-13 -4.1801E-12
  1.0025E-03 -1.9071E-08  5.6173E-13 -4.3068E-12
  1.0101E-03 -1.9593E-08  5.7874E-13 -4.4373E-12
  1.0176E-03 -2.0129E-08  5.9626E-13 -4.5716E-12
  1.0252E-03 -2.0680E-08  6.1431E-13 -4.7100E-12
  1.0329E-03 -2.1245E-08  6.3288E-13 -4.8524E-12
  1.0406E-03 -2.1826E-08  6.5202E-13 -4.9991E-12
  1.0484E-03 -2.2422E-08  6.7171E-13 -5.1501E-12
  1.0562E-03 -2.3035E-08  6.9200E-13 -5.3056E-12
  1.0641E-03 -2.3664E-08  7.1288E-13 -5.4658E-12
  1.0720E-03 -2.4309E-08  7.3439E-13 -5.6307E-12
  1.0800E-03 -2.4973E-08  7.5653E-13 -5.8004E-12
  1.0881E-03 -2.5653E-08  7.7933E-13 -5.9752E-12
  1.0962E-03 -2.6353E-08  8.0280E-13 -6.1552E-12
  1.1043E-03 -2.7071E-08  8.2697E-13 -6.3405E-12
  1.1125E-03 -2.7808E-08  8.5186E-13 -6.5313E-12
  1.1208E-03 -2.8565E-08  8.7748E-13 -6.7277E-12
  1.1291E-03 -2.9342E-08  9.0386E-13 -6.9300E-12
  1.1375E-03 -3.0141E-08  9.3101E-13 -7.1382E-12
  1.1460E-03 -3.0960E-08  9.5897E-13 -7.3526E-12
  1.1545E-03 -3.1802E-08  9.8776E-13 -7.5733E-12
  1.1630E-03 -3.2666E-08  1.0174E-12 -7.8005E-12
  1.1717E-03 -3.3554E-08  1.0479E-12 -8.0345E-12
  1.1804E-03 -3.4465E-08  1.0793E-12 -8.2753E-12
  1.1891E-03 -3.5401E-08  1.1117E-12 -8.5233E-12
  1.1979E-03 -3.6361E-08  1.1450E-12 -8.7786E-12
  1.2068E-03 -3.7348E-08  1.1792E-12 -9.0414E-12
  1.2157E-03 -3.8360E-08  1.2145E-12 -9.3119E-12
  1.2247E-03 -3.9400E-08  1.2508E-12 -9.5904E-12
  1.2337E-03 -4.0468E-08  1.2882E-12 -9.8771E-12
  1.2429E-03 -4.1565E-08  1.3267E-12 -1.0172E-11
  1.2520E-03 -4.2690E-08  1.3664E-12 -1.0476E-11
  1.2613E-03 -4.3846E-08  1.4072E-12 -1.0789E-11
  1.2706E-03 -4.5033E-08  1.4492E-12 -1.1111E-11
  1.2800E-03 -4.6251E-08  1.4924E-12 -1.1442E-11
  1.2894E-03 -4.7502E-08  1.5369E-12 -1.1784E-11
  1.2989E-03 -4.8787E-08  1.5827E-12 -1.2135E-11
  1.3085E-03 -5.0106E-08  1.6299E-12 -1.2496E-11
  1.3181E-03 -5.1460E-08  1.6784E-12 -1.2868E-11
  1.3278E-03 -5.2850E-08  1.7284E-12 -1.3252E-11
  1.3376E-03 -5.4277E-08  1.7798E-12 -1.3646E-11
  1.3474E-03 -5.5743E-08  1.8327E-12 -1.4052E-11
  1.3573E-03 -5.7247E-08  1.8872E-12 -1.4470E-11
  1.3673E-03 -5.8792E-08  1.9433E-12 -1.4900E-11
  1.3773E-03 -6.0378E-08  2.0010E-12 -1.5342E-11
  1.3874E-03 -6.2006E-08  2.0605E-12 -1.5798E-11
  1.3976E-03 -6.3678E-08  2.1216E-12 -1.6267E-11
  1.4079E-03 -6.5394E-08  2.1846E-12 -1.6750E-11
  1.4182E-03 -6.7157E-08  2.2494E-12 -1.7246E-11
  1.4286E-03 -6.8966E-08  2.3161E-12 -1.7758E-11
  1.4391E-03 -7.0823E-08  2.3848E-12 -1.8284E-11
  1.4496E-03 -7.2730E-08  2.4554E-12 -1.8826E-11
  1.4602E-03 -7.4688E-08  2.5281E-12 -1.9384E-11
  1.4709E-03 -7.6698E-08  2.6030E-12 -1.9957E-11
  1.4817E-03 -7.8761E-08  2.6800E-12 -2.0548E-11
  1.4925E-03 -8.0879E-08  2.7593E-12 -2.1156E-11
  1.5034E-03 -8.3054E-08  2.8409E-12 -2.1782E-11
  1.5144E-03 -8.5287E-08  2.9249E-12 -2.2426E-11
  1.5255E-03 -8.7579E-08  3.0114E-12 -2.3089E-11
  1.5366E-03 -8.9932E-08  3.1003E-12 -2.3771E-11
  1.5479E-03 -9.2348E-08  3.1919E-12 -2.4473E-11
  1.5592E-03 -9.4829E-08  3.2861E-12 -2.5195E-11
  1.5706E-03 -9.7375E-08  3.3831E-12 -2.5939E-11
  1.5820E-03 -9.9989E-08  3.4829E-12 -2.6704E-11
  1.5935E-03 -1.0267E-07  3.5856E-12 -2.7492E-11
  1.6052E-03 -1.0543E-07  3.6913E-12 -2.8302E-11
  1.6169E-03 -1.0826E-07  3.8001E-12 -2.9136E-11
  1.6286E-03 -1.1116E-07  3.9121E-12 -2.9995E-11
  1.6405E-03 -1.1414E-07  4.0273E-12 -3.0878E-11
  1.6524E-03 -1.1720E-07  4.1459E-12 -3.1787E-11
  1.6645E-03 -1.2034E-07  4.2679E-12 -3.2723E-11
  1.6766E-03 -1.2356E-07  4.3935E-12 -3.3686E-11
  1.6888E-03 -1.2687E-07  4.5227E-12 -3.4676E-11
  1.7011E-03 -1.3027E-07  4.6557E-12 -3.5696E-11
  1.7134E-03 -1.3376E-07  4.7926E-12 -3.6745E-11
  1.7259E-03 -1.3734E-07  4.9334E-12 -3.7825E-11
  1.7384E-03 -1.4102E-07  5.0783E-12 -3.8936E-11
  1.7510E-03 -1.4479E-07  5.2275E-12 -4.0080E-11
  1.7638E-03 -1.4867E-07  5.3809E-12 -4.1257E-11
  1.7766E-03 -1.5264E-07  5.5389E-12 -4.2467E-11
  1.7894E-03 -1.5673E-07  5.7014E-12 -4.3713E-11
  1.8024E-03 -1.6092E-07  5.8686E-12 -4.4996E-11
  1.8155E-03 -1.6522E-07  6.0407E-12 -4.6315E-11
  1.8287E-03 -1.6964E-07  6.2178E-12 -4.7673E-11
  1.8419E-03 -1.7417E-07  6.4000E-12 -4.9070E-11
  1.8553E-03 -1.7882E-07  6.5875E-12 -5.0507E-11
  1.8687E-03 -1.8360E-07  6.7804E-12 -5.1987E-11
  1.8822E-03 -1.8850E-07  6.9790E-12 -5.3509E-11
  1.8958E-03 -1.9354E-07  7.1833E-12 -5.5075E-11
  1.9096E-03 -1.9871E-07  7.3935E-12 -5.6687E-11
  1.9234E-03 -2.0401E-07  7.6098E-12 -5.8345E-11
  1.9373E-03 -2.0946E-07  7.8323E-12 -6.0051E-11
  1.9513E-03 -2.1505E-07  8.0613E-12 -6.1807E-11
  1.9654E-03 -2.2078E-07  8.2970E-12 -6.3614E-11
  1.9796E-03 -2.2667E-07  8.5394E-12 -6.5473E-11
  1.9939E-03 -2.3272E-07  8.7889E-12 -6.7386E-11
  2.0083E-03 -2.3892E-07  9.0456E-12 -6.9354E-11
  2.0228E-03 -2.4529E-07  9.3097E-12 -7.1379E-11
  2.0374E-03 -2.5183E-07  9.5814E-12 -7.3462E-11
  2.0521E-03 -2.5855E-07  9.8611E-12 -7.5606E-11
  2.0669E-03 -2.6544E-07  1.0149E-11 -7.7812E-11
  2.0818E-03 -2.7251E-07  1.0445E-11 -8.0082E-11
  2.0969E-03 -2.7977E-07  1.0749E-11 -8.2417E-11
  2.1120E-03 -2.8722E-07  1.1063E-11 -8.4819E-11
  2.1272E-03 -2.9487E-07  1.1385E-11 -8.7291E-11
  2.1425E-03 -3.0272E-07  1.1717E-11 -8.9835E-11
  2.1580E-03 -3.1078E-07  1.2058E-11 -9.2452E-11
  2.1735E-03 -3.1905E-07  1.2409E-11 -9.5144E-11
  2.1892E-03 -3.2755E-07  1.2771E-11 -9.7914E-11
  2.2049E-03 -3.3626E-07  1.3142E-11 -1.0076E-10
  2.2208E-03 -3.4521E-07  1.3525E-11 -1.0370E-10
  2.2368E-03 -3.5439E-07  1.3918E-11 -1.0671E-10
  2.2529E-03 -3.6382E-07  1.4323E-11 -1.0982E-10
  2.2691E-03 -3.7350E-07  1.4740E-11 -1.1301E-10
  2.2854E-03 -3.8343E-07  1.5168E-11 -1.1630E-10
  2.3018E-03 -3.9362E-07  1.5609E-11 -1.1968E-10
  2.3183E-03 -4.0409E-07  1.6063E-11 -1.2316E-10
  2.3350E-03 -4.1483E-07  1.6529E-11 -1.2673E-10
  2.3518E-03 -4.2585E-07  1.7009E-11 -1.3041E-10
  2.3687E-03 -4.3717E-07  1.7503E-11 -1.3420E-10
  2.3857E-03 -4.4878E-07  1.8012E-11 -1.3810E-10
  2.4028E-03 -4.6071E-07  1.8534E-11 -1.4211E-10
  2.4200E-03 -4.7294E-07  1.9072E-11 -1.4623E-10
  2.4374E-03 -4.8550E-07  1.9626E-11 -1.5047E-10
  2.4549E-03 -4.9840E-07  2.0195E-11 -1.5484E-10
  2.4725E-03 -5.1163E-07  2.0781E-11 -1.5933E-10
  2.4902E-03 -5.2521E-07  2.1383E-11 -1.6395E-10
  2.5081E-03 -5.3915E-07  2.2003E-11 -1.6870E-10
  2.5261E-03 -5.5346E-07  2.2641E-11 -1.7359E-10
  2.5442E-03 -5.6815E-07  2.3297E-11 -1.7862E-10
  2.5624E-03 -5.8322E-07  2.3971E-11 -1.8379E-10
  2.5808E-03 -5.9870E-07  2.4666E-11 -1.8912E-10
  2.5992E-03 -6.1458E-07  2.5380E-11 -1.9459E-10
  2.6178E-03 -6.3088E-07  2.6115E-11 -2.0023E-10
  2.6366E-03 -6.4761E-07  2.6871E-11 -2.0602E-10
  2.6555E-03 -6.6478E-07  2.7648E-11 -2.1198E-10
  2.6745E-03 -6.8241E-07  2.8448E-11 -2.1812E-10
  2.6936E-03 -7.0050E-07  2.9271E-11 -2.2443E-10
  2.7129E-03 -7.1907E-07  3.0118E-11 -2.3092E-10
  2.7323E-03 -7.3813E-07  3.0988E-11 -2.3759E-10
  2.7518E-03 -7.5769E-07  3.1884E-11 -2.4446E-10
  2.7715E-03 -7.7776E-07  3.2806E-11 -2.5153E-10
  2.7913E-03 -7.9837E-07  3.3754E-11 -2.5880E-10
  2.8112E-03 -8.1952E-07  3.4729E-11 -2.6627E-10
  2.8313E-03 -8.4122E-07  3.5732E-11 -2.7397E-10
  2.8515E-03 -8.6350E-07  3.6764E-11 -2.8188E-10
  2.8719E-03 -8.8637E-07  3.7826E-11 -2.9002E-10
  2.8924E-03 -9.0984E-07  3.8918E-11 -2.9839E-10
  2.9131E-03 -9.3393E-07  4.0042E-11 -3.0700E-10
  2.9339E-03 -9.5865E-07  4.1197E-11 -3.1586E-10
  2.9548E-03 -9.8403E-07  4.2386E-11 -3.2498E-10
  2.9759E-03 -1.0101E-06  4.3609E-11 -3.3435E-10
  2.9971E-03 -1.0368E-06  4.4866E-11 -3.4400E-10
  3.0185E-03 -1.0642E-06  4.6160E-11 -3.5392E-10
  3.0400E-03 -1.0924E-06  4.7491E-11 -3.6412E-10
  3.0617E-03 -1.1213E-06  4.8860E-11 -3.7462E-10
  3.0835E-03 -1.1509E-06  5.0269E-11 -3.8542E-10
  3.1055E-03 -1.1814E-06  5.1717E-11 -3.9653E-10
  3.1276E-03 -1.2126E-06  5.3208E-11 -4.0795E-10
  3.1499E-03 -1.2447E-06  5.4740E-11 -4.1970E-10
  3.1724E-03 -1.2776E-06  5.6317E-11 -4.3179E-10
  3.1950E-03 -1.3114E-06  5.7939E-11 -4.4423E-10
  3.2177E-03 -1.3460E-06  5.9607E-11 -4.5702E-10
  3.2406E-03 -1.3816E-06  6.1323E-11 -4.7018E-10
  3.2637E-03 -1.4181E-06  6.3088E-11 -4.8371E-10
  3.2869E-03 -1.4556E-06  6.4904E-11 -4.9763E-10
  3.3103E-03 -1.4940E-06  6.6772E-11 -5.1195E-10
  3.3339E-03 -1.5335E-06  6.8693E-11 -5.2668E-10
  3.3576E-03 -1.5740E-06  7.0669E-11 -5.4183E-10
  3.3815E-03 -1.6156E-06  7.2701E-11 -5.5741E-10
  3.4055E-03 -1.6583E-06  7.4792E-11 -5.7344E-10
  3.4298E-03 -1.7021E-06  7.6942E-11 -5.8993E-10
  3.4542E-03 -1.7470E-06  7.9154E-11 -6.0689E-10
  3.4787E-03 -1.7931E-06  8.1429E-11 -6.2433E-10
  3.5034E-03 -1.8404E-06  8.3769E-11 -6.4227E-10
  3.5283E-03 -1.8890E-06  8.6176E-11 -6.6073E-10
  3.5534E-03 -1.9389E-06  8.8652E-11 -6.7971E-10
  3.5787E-03 -1.9900E-06  9.1198E-11 -6.9923E-10
  3.6041E-03 -2.0426E-06  9.3817E-11 -7.1931E-10
  3.6297E-03 -2.0964E-06  9.6511E-11 -7.3997E-10
  3.6555E-03 -2.1517E-06  9.9282E-11 -7.6122E-10
  3.6814E-03 -2.2085E-06  1.0213E-10 -7.8307E-10
  3.7076E-03 -2.2667E-06  1.0506E-10 -8.0554E-10
  3.7339E-03 -2.3265E-06  1.0808E-10 -8.2866E-10
  3.7604E-03 -2.3879E-06  1.1118E-10 -8.5244E-10
  3.7871E-03 -2.4508E-06  1.1437E-10 -8.7690E-10
  3.8139E-03 -2.5154E-06  1.1765E-10 -9.0205E-10
  3.8410E-03 -2.5817E-06  1.2103E-10 -9.2793E-10
  3.8682E-03 -2.6498E-06  1.2450E-10 -9.5454E-10
  3.8957E-03 -2.7196E-06  1.2807E-10 -9.8191E-10
  3.9233E-03 -2.7913E-06  1.3174E-10 -1.0101E-09
  3.9511E-03 -2.8648E-06  1.3551E-10 -1.0390E-09
  3.9791E-03 -2.9403E-06  1.3940E-10 -1.0688E-09
  4.0073E-03 -3.0177E-06  1.4339E-10 -1.0994E-09
  4.0357E-03 -3.0972E-06  1.4750E-10 -1.1309E-09
  4.0643E-03 -3.1788E-06  1.5173E-10 -1.1633E-09
  4.0932E-03 -3.2625E-06  1.5608E-10 -1.1967E-09
  4.1222E-03 -3.3484E-06  1.6055E-10 -1.2309E-09
  4.1514E-03 -3.4365E-06  1.6514E-10 -1.2662E-09
  4.1808E-03 -3.5270E-06  1.6987E-10 -1.3024E-09
  4.2104E-03 -3.6198E-06  1.7474E-10 -1.3397E-09
  4.2402E-03 -3.7151E-06  1.7974E-10 -1.3781E-09
  4.2702E-03 -3.8128E-06  1.8488E-10 -1.4175E-09
  4.3004E-03 -3.9132E-06  1.9018E-10 -1.4581E-09
  4.3309E-03 -4.0161E-06  1.9562E-10 -1.4998E-09
  4.3615E-03 -4.1217E-06  2.0122E-10 -1.5428E-09
  4.3924E-03 -4.2301E-06  2.0697E-10 -1.5869E-09
  4.4235E-03 -4.3414E-06  2.1289E-10 -1.6323E-09
  4.4548E-03 -4.4555E-06  2.1898E-10 -1.6790E-09
  4.4863E-03 -4.5727E-06  2.2525E-10 -1.7270E-09
  4.5180E-03 -4.6929E-06  2.3169E-10 -1.7764E-09
  4.5500E-03 -4.8162E-06  2.3831E-10 -1.8272E-09
  4.5822E-03 -4.9428E-06  2.4512E-10 -1.8794E-09
  4.6146E-03 -5.0727E-06  2.5213E-10 -1.9331E-09
  4.6472E-03 -5.2060E-06  2.5934E-10 -1.9884E-09
  4.6801E-03 -5.3428E-06  2.6675E-10 -2.0452E-09
  4.7131E-03 -5.4831E-06  2.7437E-10 -2.1037E-09
  4.7464E-03 -5.6271E-06  2.8221E-10 -2.1638E-09
  4.7800E-03 -5.7749E-06  2.9028E-10 -2.2256E-09
  4.8138E-03 -5.9265E-06  2.9857E-10 -2.2892E-09
  4.8478E-03 -6.0821E-06  3.0710E-10 -2.3546E-09
  4.8820E-03 -6.2418E-06  3.1587E-10 -2.4218E-09
  4.9165E-03 -6.4056E-06  3.2489E-10 -2.4910E-09
  4.9512E-03 -6.5738E-06  3.3416E-10 -2.5621E-09
  4.9862E-03 -6.7463E-06  3.4370E-10 -2.6352E-09
  5.0214E-03 -6.9233E-06  3.5352E-10 -2.7105E-09
  5.0569E-03 -7.1049E-06  3.6361E-10 -2.7878E-09
  5.0926E-03 -7.2912E-06  3.7398E-10 -2.8674E-09
  5.1285E-03 -7.4825E-06  3.8466E-10 -2.9492E-09
  5.1647E-03 -7.6787E-06  3.9563E-10 -3.0334E-09
  5.2012E-03 -7.8800E-06  4.0692E-10 -3.1200E-09
  5.2379E-03 -8.0866E-06  4.1853E-10 -3.2090E-09
  5.2749E-03 -8.2986E-06  4.3047E-10 -3.3005E-09
  5.3121E-03 -8.5160E-06  4.4275E-10 -3.3947E-09
  5.3496E-03 -8.7392E-06  4.5538E-10 -3.4915E-09
  5.3873E-03 -8.9682E-06  4.6836E-10 -3.5910E-09
  5.4253E-03 -9.2031E-06  4.8172E-10 -3.6934E-09
  5.4636E-03 -9.4442E-06  4.9545E-10 -3.7987E-09
  5.5021E-03 -9.6915E-06  5.0958E-10 -3.9070E-09
  5.5409E-03 -9.9453E-06  5.2410E-10 -4.0184E-09
  5.5800E-03 -1.0206E-05  5.3904E-10 -4.1330E-09
  5.6193E-03 -1.0473E-05  5.5441E-10 -4.2508E-09
  5.6589E-03 -1.0747E-05  5.7021E-10 -4.3719E-09
  5.6988E-03 -1.1028E-05  5.8645E-10 -4.4965E-09
  5.7390E-03 -1.1317E-05  6.0316E-10 -4.6246E-09
  5.7794E-03 -1.1613E-05  6.2035E-10 -4.7563E-09
  5.8201E-03 -1.1917E-05  6.3802E-10 -4.8918E-09
  5.8612E-03 -1.2228E-05  6.5619E-10 -5.0312E-09
  5.9024E-03 -1.2548E-05  6.7488E-10 -5.1745E-09
  5.9440E-03 -1.2876E-05  6.9410E-10 -5.3218E-09
  5.9859E-03 -1.3213E-05  7.1387E-10 -5.4734E-09
  6.0281E-03 -1.3558E-05  7.3419E-10 -5.6292E-09
  6.0705E-03 -1.3912E-05  7.5510E-10 -5.7895E-09
  6.1133E-03 -1.4276E-05  7.7660E-10 -5.9543E-09
  6.1563E-03 -1.4649E-05  7.9870E-10 -6.1238E-09
  6.1997E-03 -1.5031E-05  8.2144E-10 -6.2982E-09
  6.2433E-03 -1.5424E-05  8.4482E-10 -6.4774E-09
  6.2873E-03 -1.5826E-05  8.6886E-10 -6.6618E-09
  6.3315E-03 -1.6239E-05  8.9358E-10 -6.8513E-09
  6.3761E-03 -1.6663E-05  9.1901E-10 -7.0463E-09
  6.4210E-03 -1.7098E-05  9.4516E-10 -7.2468E-09
  6.4662E-03 -1.7544E-05  9.7205E-10 -7.4529E-09
  6.5117E-03 -1.8002E-05  9.9970E-10 -7.6649E-09
  6.5575E-03 -1.8471E-05  1.0281E-09 -7.8830E-09
  6.6036E-03 -1.8953E-05  1.0574E-09 -8.1072E-09
  6.6501E-03 -1.9447E-05  1.0874E-09 -8.3377E-09
  6.6969E-03 -1.9954E-05  1.1184E-09 -8.5748E-09
  6.7440E-03 -2.0474E-05  1.1502E-09 -8.8187E-09
  6.7914E-03 -2.1008E-05  1.1829E-09 -9.0694E-09
  6.8392E-03 -2.1555E-05  1.2165E-09 -9.3273E-09
  6.8873E-03 -2.2116E-05  1.2511E-09 -9.5924E-09
  6.9357E-03 -2.2692E-05  1.2867E-09 -9.8651E-09
  6.9845E-03 -2.3283E-05  1.3232E-09 -1.0146E-08
  7.0336E-03 -2.3889E-05  1.3608E-09 -1.0434E-08
  7.0830E-03 -2.4511E-05  1.3995E-09 -1.0730E-08
  7.1328E-03 -2.5149E-05  1.4393E-09 -1.1035E-08
  7.1830E-03 -2.5803E-05  1.4802E-09 -1.1349E-08
  7.2335E-03 -2.6474E-05  1.5222E-09 -1.1671E-08
  7.2843E-03 -2.7162E-05  1.5655E-09 -1.2003E-08
  7.3355E-03 -2.7869E-05  1.6100E-09 -1.2344E-08
  7.3871E-03 -2.8593E-05  1.6557E-09 -1.2695E-08
  7.4390E-03 -2.9336E-05  1.7027E-09 -1.3055E-08
  7.4912E-03 -3.0098E-05  1.7511E-09 -1.3426E-08
  7.5439E-03 -3.0880E-05  1.8008E-09 -1.3807E-08
  7.5969E-03 -3.1682E-05  1.8519E-09 -1.4199E-08
  7.6502E-03 -3.2505E-05  1.9045E-09 -1.4603E-08
  7.7040E-03 -3.3348E-05  1.9586E-09 -1.5017E-08
  7.7581E-03 -3.4214E-05  2.0142E-09 -1.5444E-08
  7.8126E-03 -3.5102E-05  2.0714E-09 -1.5882E-08
  7.8674E-03 -3.6012E-05  2.1302E-09 -1.6333E-08
  7.9227E-03 -3.6946E-05  2.1907E-09 -1.6797E-08
  7.9783E-03 -3.7904E-05  2.2529E-09 -1.7273E-08
  8.0343E-03 -3.8887E-05  2.3168E-09 -1.7764E-08
  8.0907E-03 -3.9895E-05  2.3826E-09 -1.8268E-08
  8.1475E-03 -4.0928E-05  2.4502E-09 -1.8786E-08
  8.2047E-03 -4.1988E-05  2.5197E-09 -1.9319E-08
  8.2623E-03 -4.3076E-05  2.5912E-09 -1.9868E-08
  8.3203E-03 -4.4191E-05  2.6647E-09 -2.0431E-08
  8.3787E-03 -4.5335E-05  2.7403E-09 -2.1011E-08
  8.4375E-03 -4.6508E-05  2.8181E-09 -2.1607E-08
  8.4967E-03 -4.7711E-05  2.8980E-09 -2.2220E-08
  8.5564E-03 -4.8945E-05  2.9802E-09 -2.2850E-08
  8.6164E-03 -5.0211E-05  3.0647E-09 -2.3498E-08
  8.6769E-03 -5.1509E-05  3.1517E-09 -2.4165E-08
  8.7377E-03 -5.2840E-05  3.2410E-09 -2.4850E-08
  8.7990E-03 -5.4206E-05  3.3330E-09 -2.5555E-08
  8.8608E-03 -5.5606E-05  3.4275E-09 -2.6280E-08
  8.9229E-03 -5.7042E-05  3.5247E-09 -2.7025E-08
  8.9855E-03 -5.8514E-05  3.6246E-09 -2.7791E-08
  9.0485E-03 -6.0024E-05  3.7274E-09 -2.8579E-08
  9.1120E-03 -6.1573E-05  3.8330E-09 -2.9389E-08
  9.1759E-03 -6.3161E-05  3.9417E-09 -3.0222E-08
  9.2403E-03 -6.4790E-05  4.0534E-09 -3.1079E-08
  9.3051E-03 -6.6460E-05  4.1683E-09 -3.1960E-08
  9.3703E-03 -6.8173E-05  4.2865E-09 -3.2866E-08
  9.4360E-03 -6.9930E-05  4.4079E-09 -3.3797E-08
  9.5022E-03 -7.1731E-05  4.5329E-09 -3.4755E-08
  9.5688E-03 -7.3578E-05  4.6613E-09 -3.5740E-08
  9.6359E-03 -7.5472E-05  4.7934E-09 -3.6753E-08
  9.7034E-03 -7.7414E-05  4.9292E-09 -3.7794E-08
  9.7714E-03 -7.9406E-05  5.0689E-09 -3.8865E-08
  9.8399E-03 -8.1448E-05  5.2125E-09 -3.9966E-08
  9.9089E-03 -8.3542E-05  5.3602E-09 -4.1099E-08
  9.9783E-03 -8.5689E-05  5.5120E-09 -4.2263E-08
  1.0048E-02 -8.7891E-05  5.6682E-09 -4.3460E-08
  1.0119E-02 -9.0149E-05  5.8287E-09 -4.4691E-08
  1.0190E-02 -9.2463E-05  5.9938E-09 -4.5957E-08
  1.0261E-02 -9.4837E-05  6.1636E-09 -4.7259E-08
  1.0333E-02 -9.7270E-05  6.3381E-09 -4.8597E-08
  1.0405E-02 -9.9766E-05  6.5176E-09 -4.9973E-08
  1.0478E-02 -1.0232E-04  6.7022E-09 -5.1389E-08
  1.0552E-02 -1.0495E-04  6.8920E-09 -5.2844E-08
  1.0625E-02 -1.0764E-04  7.0871E-09 -5.4340E-08
  1.0700E-02 -1.1039E-04  7.2878E-09 -5.5879E-08
  1.0775E-02 -1.1322E-04  7.4941E-09 -5.7461E-08
  1.0850E-02 -1.1612E-04  7.7063E-09 -5.9088E-08
  1.0926E-02 -1.1909E-04  7.9244E-09 -6.0760E-08
  1.1003E-02 -1.2214E-04  8.1488E-09 -6.2480E-08
  1.1080E-02 -1.2526E-04  8.3794E-09 -6.4249E-08
  1.1157E-02 -1.2846E-04  8.6166E-09 -6.6068E-08
  1.1236E-02 -1.3175E-04  8.8605E-09 -6.7938E-08
  1.1314E-02 -1.3511E-04  9.1113E-09 -6.9861E-08
  1.1393E-02 -1.3856E-04  9.3691E-09 -7.1838E-08
  1.1473E-02 -1.4210E-04  9.6343E-09 -7.3871E-08
  1.1554E-02 -1.4572E-04  9.9069E-09 -7.5961E-08
  1.1634E-02 -1.4944E-04  1.0187E-08 -7.8111E-08
  1.1716E-02 -1.5325E-04  1.0475E-08 -8.0321E-08
  1.1798E-02 -1.5716E-04  1.0772E-08 -8.2594E-08
  1.1881E-02 -1.6116E-04  1.1077E-08 -8.4931E-08
  1.1964E-02 -1.6526E-04  1.1390E-08 -8.7334E-08
  1.2047E-02 -1.6947E-04  1.1712E-08 -8.9804E-08
  1.2132E-02 -1.7378E-04  1.2044E-08 -9.2345E-08
  1.2217E-02 -1.7820E-04  1.2384E-08 -9.4957E-08
  1.2302E-02 -1.8273E-04  1.2735E-08 -9.7643E-08
  1.2388E-02 -1.8738E-04  1.3095E-08 -1.0041E-07
  1.2475E-02 -1.9214E-04  1.3465E-08 -1.0325E-07
  1.2562E-02 -1.9702E-04  1.3846E-08 -1.0617E-07
  1.2650E-02 -2.0202E-04  1.4238E-08 -1.0917E-07
  1.2739E-02 -2.0714E-04  1.4640E-08 -1.1226E-07
  1.2828E-02 -2.1240E-04  1.5054E-08 -1.1543E-07
  1.2917E-02 -2.1778E-04  1.5480E-08 -1.1869E-07
  1.3008E-02 -2.2330E-04  1.5918E-08 -1.2205E-07
  1.3099E-02 -2.2896E-04  1.6368E-08 -1.2550E-07
  1.3190E-02 -2.3475E-04  1.6831E-08 -1.2905E-07
  1.3283E-02 -2.4069E-04  1.7306E-08 -1.3270E-07
  1.3376E-02 -2.4678E-04  1.7796E-08 -1.3645E-07
  1.3469E-02 -2.5302E-04  1.8299E-08 -1.4031E-07
  1.3563E-02 -2.5941E-04  1.8816E-08 -1.4428E-07
  1.3658E-02 -2.6597E-04  1.9348E-08 -1.4835E-07
  1.3754E-02 -2.7268E-04  1.9895E-08 -1.5255E-07
  1.3850E-02 -2.7956E-04  2.0457E-08 -1.5686E-07
  1.3947E-02 -2.8662E-04  2.1036E-08 -1.6129E-07
  1.4044E-02 -2.9384E-04  2.1630E-08 -1.6585E-07
  1.4143E-02 -3.0125E-04  2.2241E-08 -1.7054E-07
  1.4241E-02 -3.0883E-04  2.2870E-08 -1.7536E-07
  1.4341E-02 -3.1661E-04  2.3516E-08 -1.8032E-07
  1.4441E-02 -3.2457E-04  2.4181E-08 -1.8541E-07
  1.4542E-02 -3.3274E-04  2.4864E-08 -1.9065E-07
  1.4644E-02 -3.4110E-04  2.5567E-08 -1.9604E-07
  1.4746E-02 -3.4967E-04  2.6289E-08 -2.0158E-07
  1.4849E-02 -3.5845E-04  2.7032E-08 -2.0727E-07
  1.4953E-02 -3.6745E-04  2.7796E-08 -2.1313E-07
  1.5058E-02 -3.7667E-04  2.8581E-08 -2.1915E-07
  1.5163E-02 -3.8611E-04  2.9389E-08 -2.2534E-07
  1.5269E-02 -3.9578E-04  3.0219E-08 -2.3171E-07
  1.5376E-02 -4.0570E-04  3.1072E-08 -2.3826E-07
  1.5483E-02 -4.1585E-04  3.1950E-08 -2.4499E-07
  1.5591E-02 -4.2626E-04  3.2853E-08 -2.5191E-07
  1.5700E-02 -4.3692E-04  3.3781E-08 -2.5903E-07
  1.5810E-02 -4.4783E-04  3.4735E-08 -2.6634E-07
  1.5921E-02 -4.5902E-04  3.5716E-08 -2.7387E-07
  1.6032E-02 -4.7048E-04  3.6725E-08 -2.8160E-07
  1.6144E-02 -4.8222E-04  3.7762E-08 -2.8955E-07
  1.6257E-02 -4.9424E-04  3.8828E-08 -2.9773E-07
  1.6370E-02 -5.0656E-04  3.9925E-08 -3.0614E-07
  1.6485E-02 -5.1917E-04  4.1053E-08 -3.1479E-07
  1.6600E-02 -5.3210E-04  4.2212E-08 -3.2368E-07
  1.6716E-02 -5.4533E-04  4.3404E-08 -3.3282E-07
  1.6832E-02 -5.5889E-04  4.4629E-08 -3.4222E-07
  1.6950E-02 -5.7278E-04  4.5890E-08 -3.5188E-07
  1.7068E-02 -5.8700E-04  4.7185E-08 -3.6181E-07
  1.7188E-02 -6.0157E-04  4.8518E-08 -3.7203E-07
  1.7308E-02 -6.1649E-04  4.9887E-08 -3.8254E-07
  1.7429E-02 -6.3177E-04  5.1296E-08 -3.9334E-07
  1.7550E-02 -6.4742E-04  5.2744E-08 -4.0444E-07
  1.7673E-02 -6.6345E-04  5.4233E-08 -4.1586E-07
  1.7796E-02 -6.7986E-04  5.5764E-08 -4.2760E-07
  1.7921E-02 -6.9667E-04  5.7338E-08 -4.3967E-07
  1.8046E-02 -7.1388E-04  5.8957E-08 -4.5208E-07
  1.8172E-02 -7.3151E-04  6.0621E-08 -4.6484E-07
  1.8299E-02 -7.4956E-04  6.2332E-08 -4.7797E-07
  1.8427E-02 -7.6805E-04  6.4091E-08 -4.9146E-07
  1.8555E-02 -7.8697E-04  6.5900E-08 -5.0533E-07
  1.8685E-02 -8.0636E-04  6.7760E-08 -5.1959E-07
  1.8815E-02 -8.2620E-04  6.9673E-08 -5.3426E-07
  1.8947E-02 -8.4652E-04  7.1639E-08 -5.4934E-07
  1.9079E-02 -8.6733E-04  7.3661E-08 -5.6484E-07
  1.9212E-02 -8.8863E-04  7.5739E-08 -5.8078E-07
  1.9346E-02 -9.1044E-04  7.7877E-08 -5.9717E-07
  1.9482E-02 -9.3277E-04  8.0074E-08 -6.1402E-07
  1.9618E-02 -9.5563E-04  8.2334E-08 -6.3135E-07
  1.9755E-02 -9.7903E-04  8.4657E-08 -6.4917E-07
  1.9892E-02 -1.0030E-03  8.7046E-08 -6.6749E-07
  2.0031E-02 -1.0275E-03  8.9502E-08 -6.8632E-07
  2.0171E-02 -1.0526E-03  9.2027E-08 -7.0569E-07
  2.0312E-02 -1.0783E-03  9.4623E-08 -7.2560E-07
  2.0454E-02 -1.1047E-03  9.7293E-08 -7.4607E-07
  2.0597E-02 -1.1316E-03  1.0004E-07 -7.6712E-07
  2.0740E-02 -1.1592E-03  1.0286E-07 -7.8876E-07
  2.0885E-02 -1.1874E-03  1.0576E-07 -8.1102E-07
  2.1031E-02 -1.2163E-03  1.0874E-07 -8.3390E-07
  2.1178E-02 -1.2458E-03  1.1181E-07 -8.5742E-07
  2.1325E-02 -1.2761E-03  1.1497E-07 -8.8161E-07
  2.1474E-02 -1.3071E-03  1.1821E-07 -9.0648E-07
  2.1624E-02 -1.3388E-03  1.2154E-07 -9.3205E-07
  2.1775E-02 -1.3712E-03  1.2497E-07 -9.5834E-07
  2.1927E-02 -1.4044E-03  1.2850E-07 -9.8538E-07
  2.2080E-02 -1.4384E-03  1.3212E-07 -1.0132E-06
  2.2234E-02 -1.4732E-03  1.3585E-07 -1.0417E-06
  2.2389E-02 -1.5088E-03  1.3968E-07 -1.0711E-06
  2.2546E-02 -1.5452E-03  1.4362E-07 -1.1013E-06
  2.2703E-02 -1.5824E-03  1.4767E-07 -1.1324E-06
  2.2861E-02 -1.6206E-03  1.5183E-07 -1.1643E-06
  2.3021E-02 -1.6596E-03  1.5611E-07 -1.1972E-06
  2.3181E-02 -1.6995E-03  1.6052E-07 -1.2309E-06
  2.3343E-02 -1.7403E-03  1.6504E-07 -1.2657E-06
  2.3506E-02 -1.7821E-03  1.6970E-07 -1.3013E-06
  2.3670E-02 -1.8249E-03  1.7448E-07 -1.3380E-06
  2.3835E-02 -1.8686E-03  1.7940E-07 -1.3758E-06
  2.4002E-02 -1.9134E-03  1.8446E-07 -1.4146E-06
  2.4169E-02 -1.9592E-03  1.8966E-07 -1.4545E-06
  2.4338E-02 -2.0060E-03  1.9501E-07 -1.4955E-06
  2.4507E-02 -2.0539E-03  2.0050E-07 -1.5376E-06
  2.4678E-02 -2.1029E-03  2.0616E-07 -1.5810E-06
  2.4851E-02 -2.1531E-03  2.1197E-07 -1.6256E-06
  2.5024E-02 -2.2044E-03  2.1795E-07 -1.6714E-06
  2.5198E-02 -2.2568E-03  2.2409E-07 -1.7185E-06
  2.5374E-02 -2.3105E-03  2.3041E-07 -1.7670E-06
  2.5551E-02 -2.3654E-03  2.3690E-07 -1.8168E-06
  2.5729E-02 -2.4215E-03  2.4358E-07 -1.8680E-06
  2.5909E-02 -2.4789E-03  2.5044E-07 -1.9207E-06
  2.6090E-02 -2.5376E-03  2.5750E-07 -1.9748E-06
  2.6272E-02 -2.5976E-03  2.6476E-07 -2.0305E-06
  2.6455E-02 -2.6590E-03  2.7222E-07 -2.0877E-06
  2.6639E-02 -2.7218E-03  2.7990E-07 -2.1466E-06
  2.6825E-02 -2.7860E-03  2.8779E-07 -2.2071E-06
  2.7012E-02 -2.8517E-03  2.9590E-07 -2.2693E-06
  2.7201E-02 -2.9188E-03  3.0424E-07 -2.3333E-06
  2.7390E-02 -2.9874E-03  3.1281E-07 -2.3990E-06
  2.7581E-02 -3.0576E-03  3.2163E-07 -2.4666E-06
  2.7774E-02 -3.1294E-03  3.3069E-07 -2.5362E-06
  2.7967E-02 -3.2028E-03  3.4001E-07 -2.6076E-06
  2.8162E-02 -3.2778E-03  3.4959E-07 -2.6811E-06
  2.8359E-02 -3.3544E-03  3.5944E-07 -2.7567E-06
  2.8557E-02 -3.4328E-03  3.6957E-07 -2.8344E-06
  2.8756E-02 -3.5130E-03  3.7998E-07 -2.9143E-06
  2.8956E-02 -3.5949E-03  3.9069E-07 -2.9964E-06
  2.9158E-02 -3.6786E-03  4.0170E-07 -3.0808E-06
  2.9361E-02 -3.7642E-03  4.1302E-07 -3.1677E-06
  2.9566E-02 -3.8517E-03  4.2465E-07 -3.2569E-06
  2.9772E-02 -3.9411E-03  4.3662E-07 -3.3487E-06
  2.9980E-02 -4.0325E-03  4.4892E-07 -3.4431E-06
  3.0189E-02 -4.1259E-03  4.6157E-07 -3.5401E-06
  3.0399E-02 -4.2213E-03  4.7457E-07 -3.6398E-06
  3.0611E-02 -4.3189E-03  4.8794E-07 -3.7424E-06
  3.0825E-02 -4.4185E-03  5.0169E-07 -3.8478E-06
  3.1040E-02 -4.5204E-03  5.1582E-07 -3.9562E-06
  3.1256E-02 -4.6245E-03  5.3035E-07 -4.0677E-06
  3.1474E-02 -4.7309E-03  5.4529E-07 -4.1823E-06
  3.1693E-02 -4.8395E-03  5.6065E-07 -4.3002E-06
  3.1914E-02 -4.9506E-03  5.7644E-07 -4.4213E-06
  3.2137E-02 -5.0640E-03  5.9268E-07 -4.5459E-06
  3.2361E-02 -5.1799E-03  6.0937E-07 -4.6739E-06
  3.2586E-02 -5.2983E-03  6.2654E-07 -4.8056E-06
  3.2814E-02 -5.4192E-03  6.4419E-07 -4.9410E-06
  3.3042E-02 -5.5428E-03  6.6233E-07 -5.0802E-06
  3.3273E-02 -5.6690E-03  6.8098E-07 -5.2233E-06
  3.3505E-02 -5.7979E-03  7.0016E-07 -5.3704E-06
  3.3738E-02 -5.9296E-03  7.1988E-07 -5.5217E-06
  3.3973E-02 -6.0641E-03  7.4016E-07 -5.6773E-06
  3.4210E-02 -6.2015E-03  7.6100E-07 -5.8372E-06
  3.4448E-02 -6.3418E-03  7.8243E-07 -6.0016E-06
  3.4689E-02 -6.4851E-03  8.0447E-07 -6.1707E-06
  3.4930E-02 -6.6314E-03  8.2712E-07 -6.3445E-06
  3.5174E-02 -6.7808E-03  8.5041E-07 -6.5232E-06
  3.5419E-02 -6.9334E-03  8.7436E-07 -6.7069E-06
  3.5666E-02 -7.0892E-03  8.9898E-07 -6.8958E-06
  3.5914E-02 -7.2483E-03  9.2429E-07 -7.0900E-06
  3.6165E-02 -7.4107E-03  9.5032E-07 -7.2897E-06
  3.6417E-02 -7.5765E-03  9.7708E-07 -7.4950E-06
  3.6670E-02 -7.7458E-03  1.0046E-06 -7.7061E-06
  3.6926E-02 -7.9186E-03  1.0329E-06 -7.9231E-06
  3.7183E-02 -8.0951E-03  1.0620E-06 -8.1463E-06
  3.7442E-02 -8.2752E-03  1.0919E-06 -8.3757E-06
  3.7703E-02 -8.4590E-03  1.1226E-06 -8.6115E-06
  3.7966E-02 -8.6466E-03  1.1542E-06 -8.8540E-06
  3.8231E-02 -8.8382E-03  1.1867E-06 -9.1034E-06
  3.8497E-02 -9.0336E-03  1.2201E-06 -9.3597E-06
  3.8765E-02 -9.2331E-03  1.2545E-06 -9.6233E-06
  3.9036E-02 -9.4367E-03  1.2898E-06 -9.8943E-06
  3.9308E-02 -9.6445E-03  1.3261E-06 -1.0173E-05
  3.9581E-02 -9.8565E-03  1.3634E-06 -1.0459E-05
  3.9857E-02 -1.0073E-02  1.4018E-06 -1.0754E-05
  4.0135E-02 -1.0294E-02  1.4412E-06 -1.1057E-05
  4.0415E-02 -1.0519E-02  1.4818E-06 -1.1368E-05
  4.0696E-02 -1.0749E-02  1.5235E-06 -1.1688E-05
  4.0980E-02 -1.0983E-02  1.5664E-06 -1.2017E-05
  4.1265E-02 -1.1222E-02  1.6105E-06 -1.2355E-05
  4.1553E-02 -1.1466E-02  1.6558E-06 -1.2703E-05
  4.1842E-02 -1.1715E-02  1.7024E-06 -1.3061E-05
  4.2134E-02 -1.1969E-02  1.7503E-06 -1.3429E-05
  4.2427E-02 -1.2228E-02  1.7996E-06 -1.3807E-05
  4.2723E-02 -1.2492E-02  1.8502E-06 -1.4195E-05
  4.3021E-02 -1.2761E-02  1.9023E-06 -1.4595E-05
  4.3320E-02 -1.3036E-02  1.9558E-06 -1.5006E-05
  4.3622E-02 -1.3316E-02  2.0109E-06 -1.5428E-05
  4.3926E-02 -1.3601E-02  2.0675E-06 -1.5863E-05
  4.4232E-02 -1.3892E-02  2.1257E-06 -1.6309E-05
  4.4540E-02 -1.4189E-02  2.1855E-06 -1.6768E-05
  4.4850E-02 -1.4492E-02  2.2470E-06 -1.7240E-05
  4.5163E-02 -1.4801E-02  2.3102E-06 -1.7726E-05
  4.5478E-02 -1.5115E-02  2.3752E-06 -1.8225E-05
  4.5794E-02 -1.5436E-02  2.4420E-06 -1.8738E-05
  4.6113E-02 -1.5763E-02  2.5107E-06 -1.9265E-05
  4.6435E-02 -1.6096E-02  2.5814E-06 -1.9807E-05
  4.6758E-02 -1.6436E-02  2.6540E-06 -2.0365E-05
  4.7084E-02 -1.6782E-02  2.7287E-06 -2.0938E-05
  4.7412E-02 -1.7135E-02  2.8055E-06 -2.1527E-05
  4.7742E-02 -1.7494E-02  2.8844E-06 -2.2133E-05
  4.8074E-02 -1.7861E-02  2.9655E-06 -2.2756E-05
  4.8409E-02 -1.8234E-02  3.0490E-06 -2.3397E-05
  4.8747E-02 -1.8614E-02  3.1347E-06 -2.4055E-05
  4.9086E-02 -1.9002E-02  3.2229E-06 -2.4732E-05
  4.9428E-02 -1.9397E-02  3.3136E-06 -2.5428E-05
  4.9772E-02 -1.9799E-02  3.4068E-06 -2.6144E-05
  5.0119E-02 -2.0209E-02  3.5026E-06 -2.6879E-05
  5.0468E-02 -2.0626E-02  3.6011E-06 -2.7636E-05
  5.0820E-02 -2.1051E-02  3.7024E-06 -2.8414E-05
  5.1173E-02 -2.1484E-02  3.8066E-06 -2.9213E-05
  5.1530E-02 -2.1925E-02  3.9136E-06 -3.0035E-05
  5.1889E-02 -2.2375E-02  4.0237E-06 -3.0880E-05
  5.2250E-02 -2.2832E-02  4.1369E-06 -3.1749E-05
  5.2614E-02 -2.3298E-02  4.2532E-06 -3.2643E-05
  5.2981E-02 -2.3772E-02  4.3729E-06 -3.3561E-05
  5.3349E-02 -2.4255E-02  4.4958E-06 -3.4506E-05
  5.3721E-02 -2.4746E-02  4.6223E-06 -3.5477E-05
  5.4095E-02 -2.5247E-02  4.7523E-06 -3.6475E-05
  5.4472E-02 -2.5756E-02  4.8859E-06 -3.7501E-05
  5.4851E-02 -2.6274E-02  5.0233E-06 -3.8556E-05
  5.5233E-02 -2.6802E-02  5.1646E-06 -3.9641E-05
  5.5618E-02 -2.7339E-02  5.3098E-06 -4.0756E-05
  5.6005E-02 -2.7886E-02  5.4591E-06 -4.1903E-05
  5.6395E-02 -2.8442E-02  5.6126E-06 -4.3082E-05
  5.6788E-02 -2.9008E-02  5.7704E-06 -4.4294E-05
  5.7183E-02 -2.9584E-02  5.9326E-06 -4.5540E-05
  5.7582E-02 -3.0170E-02  6.0994E-06 -4.6821E-05
  5.7983E-02 -3.0767E-02  6.2709E-06 -4.8138E-05
  5.8386E-02 -3.1373E-02  6.4472E-06 -4.9493E-05
  5.8793E-02 -3.1990E-02  6.6285E-06 -5.0885E-05
  5.9202E-02 -3.2618E-02  6.8148E-06 -5.2316E-05
  5.9615E-02 -3.3256E-02  7.0064E-06 -5.3788E-05
  6.0030E-02 -3.3905E-02  7.2034E-06 -5.5301E-05
  6.0448E-02 -3.4566E-02  7.4059E-06 -5.6857E-05
  6.0869E-02 -3.5237E-02  7.6141E-06 -5.8456E-05
  6.1292E-02 -3.5920E-02  7.8281E-06 -6.0100E-05
  6.1719E-02 -3.6614E-02  8.0481E-06 -6.1791E-05
  6.2149E-02 -3.7320E-02  8.2744E-06 -6.3529E-05
  6.2582E-02 -3.8037E-02  8.5069E-06 -6.5316E-05
  6.3018E-02 -3.8767E-02  8.7460E-06 -6.7153E-05
  6.3456E-02 -3.9508E-02  8.9919E-06 -6.9042E-05
  6.3898E-02 -4.0262E-02  9.2446E-06 -7.0983E-05
  6.4343E-02 -4.1027E-02  9.5044E-06 -7.2980E-05
  6.4791E-02 -4.1806E-02  9.7715E-06 -7.5032E-05
  6.5242E-02 -4.2597E-02  1.0046E-05 -7.7143E-05
  6.5696E-02 -4.3400E-02  1.0328E-05 -7.9312E-05
  6.6154E-02 -4.4217E-02  1.0619E-05 -8.1543E-05
  6.6614E-02 -4.5046E-02  1.0917E-05 -8.3836E-05
  6.7078E-02 -4.5889E-02  1.1224E-05 -8.6193E-05
  6.7545E-02 -4.6745E-02  1.1539E-05 -8.8617E-05
  6.8016E-02 -4.7615E-02  1.1863E-05 -9.1109E-05
  6.8489E-02 -4.8498E-02  1.2197E-05 -9.3671E-05
  6.8966E-02 -4.9395E-02  1.2539E-05 -9.6305E-05
  6.9446E-02 -5.0305E-02  1.2892E-05 -9.9013E-05
  6.9930E-02 -5.1230E-02  1.3254E-05 -1.0180E-04
  7.0416E-02 -5.2169E-02  1.3626E-05 -1.0466E-04
  7.0907E-02 -5.3123E-02  1.4009E-05 -1.0760E-04
  7.1400E-02 -5.4090E-02  1.4403E-05 -1.1063E-04
  7.1897E-02 -5.5073E-02  1.4807E-05 -1.1374E-04
  7.2398E-02 -5.6070E-02  1.5223E-05 -1.1694E-04
  7.2902E-02 -5.7082E-02  1.5651E-05 -1.2022E-04
  7.3409E-02 -5.8108E-02  1.6090E-05 -1.2360E-04
  7.3920E-02 -5.9150E-02  1.6542E-05 -1.2708E-04
  7.4435E-02 -6.0208E-02  1.7007E-05 -1.3065E-04
  7.4953E-02 -6.1281E-02  1.7485E-05 -1.3433E-04
  7.5475E-02 -6.2369E-02  1.7976E-05 -1.3810E-04
  7.6000E-02 -6.3473E-02  1.8480E-05 -1.4198E-04
  7.6530E-02 -6.4592E-02  1.8999E-05 -1.4598E-04
  7.7062E-02 -6.5728E-02  1.9533E-05 -1.5008E-04
  7.7599E-02 -6.6880E-02  2.0081E-05 -1.5430E-04
  7.8139E-02 -6.8048E-02  2.0645E-05 -1.5863E-04
  7.8683E-02 -6.9232E-02  2.1225E-05 -1.6309E-04
  7.9231E-02 -7.0432E-02  2.1821E-05 -1.6768E-04
  7.9782E-02 -7.1649E-02  2.2434E-05 -1.7239E-04
  8.0338E-02 -7.2883E-02  2.3063E-05 -1.7724E-04
  8.0897E-02 -7.4133E-02  2.3711E-05 -1.8222E-04
  8.1460E-02 -7.5400E-02  2.4377E-05 -1.8734E-04
  8.2027E-02 -7.6685E-02  2.5061E-05 -1.9260E-04
  8.2598E-02 -7.7986E-02  2.5764E-05 -1.9802E-04
  8.3173E-02 -7.9304E-02  2.6488E-05 -2.0358E-04
  8.3752E-02 -8.0640E-02  2.7231E-05 -2.0930E-04
  8.4335E-02 -8.1993E-02  2.7996E-05 -2.1519E-04
  8.4922E-02 -8.3363E-02  2.8781E-05 -2.2123E-04
  8.5513E-02 -8.4751E-02  2.9589E-05 -2.2745E-04
  8.6108E-02 -8.6156E-02  3.0419E-05 -2.3384E-04
  8.6708E-02 -8.7580E-02  3.1273E-05 -2.4041E-04
  8.7311E-02 -8.9020E-02  3.2151E-05 -2.4717E-04
  8.7919E-02 -9.0479E-02  3.3053E-05 -2.5411E-04
  8.8531E-02 -9.1956E-02  3.3980E-05 -2.6125E-04
  8.9147E-02 -9.3450E-02  3.4934E-05 -2.6859E-04
  8.9767E-02 -9.4962E-02  3.5914E-05 -2.7614E-04
  9.0392E-02 -9.6493E-02  3.6922E-05 -2.8390E-04
  9.1021E-02 -9.8042E-02  3.7958E-05 -2.9188E-04
  9.1655E-02 -9.9608E-02  3.9022E-05 -3.0008E-04
  9.2293E-02 -1.0119E-01  4.0117E-05 -3.0851E-04
  9.2935E-02 -1.0280E-01  4.1242E-05 -3.1717E-04
  9.3582E-02 -1.0442E-01  4.2399E-05 -3.2608E-04
  9.4233E-02 -1.0606E-01  4.3589E-05 -3.3524E-04
  9.4889E-02 -1.0771E-01  4.4811E-05 -3.4466E-04
  9.5550E-02 -1.0939E-01  4.6068E-05 -3.5434E-04
  9.6215E-02 -1.1109E-01  4.7360E-05 -3.6430E-04
  9.6884E-02 -1.1280E-01  4.8688E-05 -3.7453E-04
  9.7559E-02 -1.1453E-01  5.0053E-05 -3.8505E-04
  9.8238E-02 -1.1628E-01  5.1457E-05 -3.9586E-04
  9.8921E-02 -1.1804E-01  5.2900E-05 -4.0698E-04
  9.9610E-02 -1.1983E-01  5.4383E-05 -4.1841E-04
  1.0030E-01 -1.2163E-01  5.5908E-05 -4.3016E-04
  1.0100E-01 -1.2346E-01  5.7475E-05 -4.4224E-04
  1.0170E-01 -1.2529E-01  5.9086E-05 -4.5466E-04
  1.0241E-01 -1.2715E-01  6.0743E-05 -4.6743E-04
  1.0312E-01 -1.2903E-01  6.2445E-05 -4.8055E-04
  1.0384E-01 -1.3092E-01  6.4195E-05 -4.9405E-04
  1.0457E-01 -1.3283E-01  6.5995E-05 -5.0792E-04
  1.0529E-01 -1.3476E-01  6.7844E-05 -5.2218E-04
  1.0603E-01 -1.3671E-01  6.9746E-05 -5.3684E-04
  1.0676E-01 -1.3867E-01  7.1700E-05 -5.5191E-04
  1.0751E-01 -1.4065E-01  7.3709E-05 -5.6741E-04
  1.0825E-01 -1.4265E-01  7.5774E-05 -5.8334E-04
  1.0901E-01 -1.4467E-01  7.7897E-05 -5.9971E-04
  1.0977E-01 -1.4670E-01  8.0080E-05 -6.1655E-04
  1.1053E-01 -1.4875E-01  8.2323E-05 -6.3385E-04
  1.1130E-01 -1.5081E-01  8.4629E-05 -6.5165E-04
  1.1207E-01 -1.5290E-01  8.7000E-05 -6.6994E-04
  1.1285E-01 -1.5499E-01  8.9436E-05 -6.8874E-04
  1.1364E-01 -1.5711E-01  9.1941E-05 -7.0807E-04
  1.1443E-01 -1.5924E-01  9.4516E-05 -7.2794E-04
  1.1523E-01 -1.6139E-01  9.7163E-05 -7.4837E-04
  1.1603E-01 -1.6355E-01  9.9884E-05 -7.6937E-04
  1.1684E-01 -1.6572E-01  1.0268E-04 -7.9096E-04
  1.1765E-01 -1.6791E-01  1.0556E-04 -8.1316E-04
  1.1847E-01 -1.7012E-01  1.0851E-04 -8.3597E-04
  1.1929E-01 -1.7234E-01  1.1155E-04 -8.5943E-04
  1.2012E-01 -1.7458E-01  1.1467E-04 -8.8354E-04
  1.2096E-01 -1.7683E-01  1.1788E-04 -9.0833E-04
  1.2180E-01 -1.7909E-01  1.2118E-04 -9.3382E-04
  1.2265E-01 -1.8136E-01  1.2457E-04 -9.6001E-04
  1.2350E-01 -1.8365E-01  1.2806E-04 -9.8694E-04
  1.2436E-01 -1.8595E-01  1.3164E-04 -1.0146E-03
  1.2523E-01 -1.8827E-01  1.3532E-04 -1.0431E-03
  1.2610E-01 -1.9059E-01  1.3911E-04 -1.0723E-03
  1.2697E-01 -1.9293E-01  1.4300E-04 -1.1024E-03
  1.2786E-01 -1.9528E-01  1.4700E-04 -1.1333E-03
  1.2875E-01 -1.9764E-01  1.5111E-04 -1.1651E-03
  1.2964E-01 -2.0000E-01  1.5534E-04 -1.1978E-03
  1.3055E-01 -2.0238E-01  1.5968E-04 -1.2314E-03
  1.3145E-01 -2.0477E-01  1.6415E-04 -1.2659E-03
  1.3237E-01 -2.0717E-01  1.6874E-04 -1.3014E-03
  1.3329E-01 -2.0958E-01  1.7346E-04 -1.3379E-03
  1.3422E-01 -2.1199E-01  1.7830E-04 -1.3754E-03
  1.3515E-01 -2.1441E-01  1.8329E-04 -1.4139E-03
  1.3609E-01 -2.1684E-01  1.8841E-04 -1.4536E-03
  1.3704E-01 -2.1928E-01  1.9368E-04 -1.4943E-03
  1.3799E-01 -2.2172E-01  1.9909E-04 -1.5362E-03
  1.3895E-01 -2.2416E-01  2.0465E-04 -1.5793E-03
  1.3992E-01 -2.2662E-01  2.1037E-04 -1.6235E-03
  1.4089E-01 -2.2907E-01  2.1625E-04 -1.6690E-03
  1.4187E-01 -2.3153E-01  2.2229E-04 -1.7158E-03
  1.4286E-01 -2.3400E-01  2.2850E-04 -1.7639E-03
  1.4385E-01 -2.3646E-01  2.3488E-04 -1.8133E-03
  1.4486E-01 -2.3893E-01  2.4144E-04 -1.8641E-03
  1.4586E-01 -2.4140E-01  2.4818E-04 -1.9163E-03
  1.4688E-01 -2.4387E-01  2.5511E-04 -1.9700E-03
  1.4790E-01 -2.4634E-01  2.6224E-04 -2.0252E-03
  1.4893E-01 -2.4881E-01  2.6956E-04 -2.0819E-03
  1.4997E-01 -2.5128E-01  2.7708E-04 -2.1402E-03
  1.5101E-01 -2.5374E-01  2.8481E-04 -2.2001E-03
  1.5206E-01 -2.5621E-01  2.9276E-04 -2.2617E-03
  1.5312E-01 -2.5867E-01  3.0093E-04 -2.3250E-03
  1.5418E-01 -2.6113E-01  3.0933E-04 -2.3901E-03
  1.5526E-01 -2.6358E-01  3.1795E-04 -2.4571E-03
  1.5634E-01 -2.6602E-01  3.2682E-04 -2.5258E-03
  1.5742E-01 -2.6846E-01  3.3594E-04 -2.5965E-03
  1.5852E-01 -2.7089E-01  3.4531E-04 -2.6692E-03
  1.5962E-01 -2.7332E-01  3.5494E-04 -2.7439E-03
  1.6073E-01 -2.7573E-01  3.6483E-04 -2.8207E-03
  1.6185E-01 -2.7814E-01  3.7500E-04 -2.8996E-03
  1.6298E-01 -2.8053E-01  3.8545E-04 -2.9807E-03
  1.6411E-01 -2.8291E-01  3.9620E-04 -3.0641E-03
  1.6525E-01 -2.8529E-01  4.0724E-04 -3.1498E-03
  1.6640E-01 -2.8764E-01  4.1858E-04 -3.2380E-03
  1.6756E-01 -2.8999E-01  4.3024E-04 -3.3285E-03
  1.6873E-01 -2.9232E-01  4.4223E-04 -3.4216E-03
  1.6990E-01 -2.9463E-01  4.5454E-04 -3.5173E-03
  1.7108E-01 -2.9692E-01  4.6720E-04 -3.6156E-03
  1.7227E-01 -2.9920E-01  4.8021E-04 -3.7167E-03
  1.7347E-01 -3.0146E-01  4.9358E-04 -3.8206E-03
  1.7468E-01 -3.0370E-01  5.0732E-04 -3.9274E-03
  1.7589E-01 -3.0592E-01  5.2144E-04 -4.0371E-03
  1.7712E-01 -3.0812E-01  5.3595E-04 -4.1500E-03
  1.7835E-01 -3.1030E-01  5.5086E-04 -4.2659E-03
  1.7959E-01 -3.1245E-01  5.6618E-04 -4.3851E-03
  1.8084E-01 -3.1457E-01  5.8193E-04 -4.5076E-03
  1.8210E-01 -3.1668E-01  5.9811E-04 -4.6335E-03
  1.8337E-01 -3.1875E-01  6.1474E-04 -4.7629E-03
  1.8464E-01 -3.2080E-01  6.3183E-04 -4.8959E-03
  1.8593E-01 -3.2282E-01  6.4940E-04 -5.0326E-03
  1.8722E-01 -3.2481E-01  6.6744E-04 -5.1731E-03
  1.8852E-01 -3.2677E-01  6.8599E-04 -5.3175E-03
  1.8983E-01 -3.2869E-01  7.0505E-04 -5.4659E-03
  1.9115E-01 -3.3059E-01  7.2463E-04 -5.6184E-03
  1.9248E-01 -3.3245E-01  7.4476E-04 -5.7752E-03
  1.9382E-01 -3.3427E-01  7.6544E-04 -5.9363E-03
  1.9517E-01 -3.3606E-01  7.8669E-04 -6.1019E-03
  1.9653E-01 -3.3781E-01  8.0852E-04 -6.2721E-03
  1.9790E-01 -3.3953E-01  8.3096E-04 -6.4470E-03
  1.9927E-01 -3.4120E-01  8.5402E-04 -6.6268E-03
  2.0066E-01 -3.4284E-01  8.7771E-04 -6.8115E-03
  2.0206E-01 -3.4443E-01  9.0205E-04 -7.0013E-03
  2.0346E-01 -3.4598E-01  9.2707E-04 -7.1965E-03
  2.0488E-01 -3.4748E-01  9.5277E-04 -7.3970E-03
  2.0630E-01 -3.4894E-01  9.7918E-04 -7.6031E-03
  2.0774E-01 -3.5036E-01  1.0063E-03 -7.8148E-03
  2.0918E-01 -3.5173E-01  1.0342E-03 -8.0325E-03
  2.1064E-01 -3.5305E-01  1.0629E-03 -8.2561E-03
  2.1210E-01 -3.5432E-01  1.0923E-03 -8.4860E-03
  2.1358E-01 -3.5554E-01  1.1225E-03 -8.7222E-03
  2.1507E-01 -3.5671E-01  1.1536E-03 -8.9649E-03
  2.1656E-01 -3.5782E-01  1.1855E-03 -9.2143E-03
  2.1807E-01 -3.5889E-01  1.2183E-03 -9.4706E-03
  2.1958E-01 -3.5989E-01  1.2521E-03 -9.7340E-03
  2.2111E-01 -3.6085E-01  1.2867E-03 -1.0005E-02
  2.2265E-01 -3.6174E-01  1.3223E-03 -1.0283E-02
  2.2420E-01 -3.6258E-01  1.3588E-03 -1.0569E-02
  2.2576E-01 -3.6335E-01  1.3964E-03 -1.0862E-02
  2.2733E-01 -3.6407E-01  1.4350E-03 -1.1164E-02
  2.2891E-01 -3.6472E-01  1.4746E-03 -1.1474E-02
  2.3050E-01 -3.6531E-01  1.5153E-03 -1.1793E-02
  2.3211E-01 -3.6584E-01  1.5572E-03 -1.2120E-02
  2.3372E-01 -3.6630E-01  1.6002E-03 -1.2457E-02
  2.3535E-01 -3.6670E-01  1.6443E-03 -1.2802E-02
  2.3699E-01 -3.6703E-01  1.6897E-03 -1.3157E-02
  2.3863E-01 -3.6729E-01  1.7363E-03 -1.3522E-02
  2.4029E-01 -3.6748E-01  1.7842E-03 -1.3897E-02
  2.4197E-01 -3.6760E-01  1.8334E-03 -1.4283E-02
  2.4365E-01 -3.6766E-01  1.8839E-03 -1.4678E-02
  2.4534E-01 -3.6763E-01  1.9358E-03 -1.5085E-02
  2.4705E-01 -3.6754E-01  1.9891E-03 -1.5503E-02
  2.4877E-01 -3.6737E-01  2.0439E-03 -1.5932E-02
  2.5050E-01 -3.6712E-01  2.1001E-03 -1.6373E-02
  2.5224E-01 -3.6680E-01  2.1579E-03 -1.6826E-02
  2.5400E-01 -3.6641E-01  2.2173E-03 -1.7292E-02
  2.5576E-01 -3.6593E-01  2.2783E-03 -1.7770E-02
  2.5754E-01 -3.6537E-01  2.3409E-03 -1.8261E-02
  2.5933E-01 -3.6474E-01  2.4053E-03 -1.8766E-02
  2.6114E-01 -3.6402E-01  2.4713E-03 -1.9284E-02
  2.6296E-01 -3.6323E-01  2.5392E-03 -1.9817E-02
  2.6478E-01 -3.6235E-01  2.6089E-03 -2.0364E-02
  2.6663E-01 -3.6138E-01  2.6806E-03 -2.0926E-02
  2.6848E-01 -3.6034E-01  2.7541E-03 -2.1503E-02
  2.7035E-01 -3.5920E-01  2.8297E-03 -2.2096E-02
  2.7223E-01 -3.5799E-01  2.9072E-03 -2.2705E-02
  2.7412E-01 -3.5668E-01  2.9869E-03 -2.3331E-02
  2.7603E-01 -3.5529E-01  3.0688E-03 -2.3973E-02
  2.7795E-01 -3.5381E-01  3.1528E-03 -2.4633E-02
  2.7988E-01 -3.5225E-01  3.2391E-03 -2.5311E-02
  2.8183E-01 -3.5059E-01  3.3278E-03 -2.6008E-02
  2.8379E-01 -3.4885E-01  3.4188E-03 -2.6723E-02
  2.8577E-01 -3.4701E-01  3.5123E-03 -2.7457E-02
  2.8775E-01 -3.4508E-01  3.6084E-03 -2.8211E-02
  2.8976E-01 -3.4307E-01  3.7070E-03 -2.8986E-02
  2.9177E-01 -3.4096E-01  3.8082E-03 -2.9782E-02
  2.9380E-01 -3.3875E-01  3.9122E-03 -3.0599E-02
  2.9584E-01 -3.3646E-01  4.0190E-03 -3.1438E-02
  2.9790E-01 -3.3407E-01  4.1286E-03 -3.2299E-02
  2.9997E-01 -3.3159E-01  4.2412E-03 -3.3184E-02
  3.0206E-01 -3.2902E-01  4.3568E-03 -3.4092E-02
  3.0416E-01 -3.2635E-01  4.4755E-03 -3.5025E-02
  3.0628E-01 -3.2358E-01  4.5974E-03 -3.5983E-02
  3.0841E-01 -3.2073E-01  4.7225E-03 -3.6966E-02
  3.1055E-01 -3.1777E-01  4.8510E-03 -3.7976E-02
  3.1271E-01 -3.1472E-01  4.9829E-03 -3.9012E-02
  3.1489E-01 -3.1158E-01  5.1184E-03 -4.0077E-02
  3.1708E-01 -3.0834E-01  5.2574E-03 -4.1169E-02
  3.1929E-01 -3.0500E-01  5.4002E-03 -4.2291E-02
  3.2151E-01 -3.0157E-01  5.5468E-03 -4.3443E-02
  3.2374E-01 -2.9805E-01  5.6972E-03 -4.4625E-02
  3.2599E-01 -2.9442E-01  5.8517E-03 -4.5838E-02
  3.2826E-01 -2.9070E-01  6.0103E-03 -4.7084E-02
  3.3055E-01 -2.8689E-01  6.1731E-03 -4.8362E-02
  3.3285E-01 -2.8298E-01  6.3402E-03 -4.9674E-02
  3.3516E-01 -2.7897E-01  6.5118E-03 -5.1021E-02
  3.3749E-01 -2.7487E-01  6.6878E-03 -5.2403E-02
  3.3984E-01 -2.7067E-01  6.8686E-03 -5.3822E-02
  3.4220E-01 -2.6638E-01  7.0541E-03 -5.5278E-02
  3.4458E-01 -2.6199E-01  7.2446E-03 -5.6772E-02
  3.4698E-01 -2.5751E-01  7.4400E-03 -5.8305E-02
  3.4939E-01 -2.5293E-01  7.6406E-03 -5.9878E-02
  3.5182E-01 -2.4826E-01  7.8465E-03 -6.1492E-02
  3.5427E-01 -2.4349E-01  8.0578E-03 -6.3148E-02
  3.5674E-01 -2.3864E-01  8.2747E-03 -6.4847E-02
  3.5922E-01 -2.3369E-01  8.4973E-03 -6.6591E-02
  3.6172E-01 -2.2864E-01  8.7257E-03 -6.8379E-02
  3.6423E-01 -2.2351E-01  8.9601E-03 -7.0214E-02
  3.6677E-01 -2.1828E-01  9.2007E-03 -7.2096E-02
  3.6932E-01 -2.1296E-01  9.4475E-03 -7.4026E-02
  3.7189E-01 -2.0755E-01  9.7008E-03 -7.6006E-02
  3.7447E-01 -2.0206E-01  9.9607E-03 -7.8037E-02
  3.7708E-01 -1.9647E-01  1.0227E-02 -8.0120E-02
  3.7970E-01 -1.9080E-01  1.0501E-02 -8.2256E-02
  3.8234E-01 -1.8503E-01  1.0782E-02 -8.4446E-02
  3.8500E-01 -1.7919E-01  1.1070E-02 -8.6692E-02
  3.8768E-01 -1.7325E-01  1.1365E-02 -8.8995E-02
  3.9038E-01 -1.6723E-01  1.1668E-02 -9.1356E-02
  3.9309E-01 -1.6113E-01  1.1979E-02 -9.3777E-02
  3.9582E-01 -1.5494E-01  1.2299E-02 -9.6258E-02
  3.9858E-01 -1.4867E-01  1.2626E-02 -9.8802E-02
  4.0135E-01 -1.4232E-01  1.2962E-02 -1.0141E-01
  4.0414E-01 -1.3589E-01  1.3306E-02 -1.0408E-01
  4.0695E-01 -1.2938E-01  1.3659E-02 -1.0682E-01
  4.0978E-01 -1.2280E-01  1.4022E-02 -1.0963E-01
  4.1263E-01 -1.1613E-01  1.4393E-02 -1.1251E-01
  4.1550E-01 -1.0939E-01  1.4775E-02 -1.1545E-01
  4.1839E-01 -1.0257E-01  1.5165E-02 -1.1847E-01
  4.2130E-01 -9.5684E-02  1.5566E-02 -1.2157E-01
  4.2424E-01 -8.8722E-02  1.5978E-02 -1.2474E-01
  4.2719E-01 -8.1690E-02  1.6399E-02 -1.2798E-01
  4.3016E-01 -7.4587E-02  1.6832E-02 -1.3131E-01
  4.3315E-01 -6.7416E-02  1.7275E-02 -1.3471E-01
  4.3616E-01 -6.0178E-02  1.7729E-02 -1.3820E-01
  4.3920E-01 -5.2875E-02  1.8196E-02 -1.4177E-01
  4.4225E-01 -4.5507E-02  1.8673E-02 -1.4543E-01
  4.4533E-01 -3.8076E-02  1.9163E-02 -1.4917E-01
  4.4842E-01 -3.0584E-02  1.9666E-02 -1.5301E-01
  4.5154E-01 -2.3032E-02  2.0181E-02 -1.5693E-01
  4.5468E-01 -1.5422E-02  2.0709E-02 -1.6094E-01
  4.5785E-01 -7.7548E-03  2.1250E-02 -1.6505E-01
  4.6103E-01 -3.2588E-05  2.1804E-02 -1.6926E-01
  4.6424E-01  7.7433E-03  2.2373E-02 -1.7356E-01
  4.6747E-01  1.5571E-02  2.2956E-02 -1.7796E-01
  4.7072E-01  2.3449E-02  2.3553E-02 -1.8246E-01
  4.7399E-01  3.1376E-02  2.4165E-02 -1.8706E-01
  4.7729E-01  3.9350E-02  2.4792E-02 -1.9177E-01
  4.8061E-01  4.7369E-02  2.5435E-02 -1.9659E-01
  4.8395E-01  5.5431E-02  2.6093E-02 -2.0151E-01
  4.8732E-01  6.3535E-02  2.6768E-02 -2.0654E-01
  4.9071E-01  7.1679E-02  2.7460E-02 -2.1168E-01
  4.9412E-01  7.9861E-02  2.8168E-02 -2.1694E-01
  4.9756E-01  8.8079E-02  2.8894E-02 -2.2231E-01
  5.0102E-01  9.6332E-02  2.9638E-02 -2.2780E-01
  5.0450E-01  1.0462E-01  3.0399E-02 -2.3340E-01
  5.0801E-01  1.1293E-01  3.1180E-02 -2.3913E-01
  5.1155E-01  1.2128E-01  3.1979E-02 -2.4497E-01
  5.1510E-01  1.2965E-01  3.2797E-02 -2.5094E-01
  5.1869E-01  1.3805E-01  3.3636E-02 -2.5704E-01
  5.2229E-01  1.4647E-01  3.4494E-02 -2.6326E-01
  5.2593E-01  1.5491E-01  3.5373E-02 -2.6961E-01
  5.2958E-01  1.6337E-01  3.6274E-02 -2.7608E-01
  5.3327E-01  1.7184E-01  3.7196E-02 -2.8269E-01
  5.3698E-01  1.8034E-01  3.8140E-02 -2.8943E-01
  5.4071E-01  1.8884E-01  3.9106E-02 -2.9630E-01
  5.4447E-01  1.9736E-01  4.0095E-02 -3.0331E-01
  5.4826E-01  2.0588E-01  4.1108E-02 -3.1045E-01
  5.5207E-01  2.1441E-01  4.2145E-02 -3.1773E-01
  5.5591E-01  2.2295E-01  4.3206E-02 -3.2514E-01
  5.5978E-01  2.3149E-01  4.4292E-02 -3.3270E-01
  5.6367E-01  2.4003E-01  4.5403E-02 -3.4039E-01
  5.6759E-01  2.4857E-01  4.6540E-02 -3.4822E-01
  5.7154E-01  2.5710E-01  4.7704E-02 -3.5619E-01
  5.7552E-01  2.6563E-01  4.8895E-02 -3.6430E-01
  5.7952E-01  2.7416E-01  5.0114E-02 -3.7256E-01
  5.8355E-01  2.8267E-01  5.1360E-02 -3.8095E-01
  5.8761E-01  2.9117E-01  5.2635E-02 -3.8949E-01
  5.9170E-01  2.9965E-01  5.3940E-02 -3.9816E-01
  5.9581E-01  3.0812E-01  5.5274E-02 -4.0698E-01
  5.9996E-01  3.1658E-01  5.6638E-02 -4.1593E-01
  6.0413E-01  3.2501E-01  5.8034E-02 -4.2503E-01
  6.0833E-01  3.3341E-01  5.9461E-02 -4.3426E-01
  6.1256E-01  3.4180E-01  6.0920E-02 -4.4363E-01
  6.1682E-01  3.5016E-01  6.2412E-02 -4.5314E-01
  6.2111E-01  3.5848E-01  6.3937E-02 -4.6278E-01
  6.2543E-01  3.6678E-01  6.5496E-02 -4.7255E-01
  6.2978E-01  3.7504E-01  6.7089E-02 -4.8246E-01
  6.3416E-01  3.8327E-01  6.8718E-02 -4.9249E-01
  6.3857E-01  3.9146E-01  7.0383E-02 -5.0264E-01
  6.4301E-01  3.9961E-01  7.2084E-02 -5.1292E-01
  6.4749E-01  4.0772E-01  7.3822E-02 -5.2332E-01
  6.5199E-01  4.1578E-01  7.5598E-02 -5.3383E-01
  6.5653E-01  4.2380E-01  7.7412E-02 -5.4446E-01
  6.6109E-01  4.3177E-01  7.9265E-02 -5.5519E-01
  6.6569E-01  4.3969E-01  8.1158E-02 -5.6602E-01
  6.7032E-01  4.4756E-01  8.3092E-02 -5.7695E-01
  6.7498E-01  4.5537E-01  8.5066E-02 -5.8798E-01
  6.7968E-01  4.6313E-01  8.7082E-02 -5.9909E-01
  6.8440E-01  4.7083E-01  8.9140E-02 -6.1027E-01
  6.8916E-01  4.7847E-01  9.1241E-02 -6.2154E-01
  6.9396E-01  4.8605E-01  9.3386E-02 -6.3286E-01
  6.9878E-01  4.9356E-01  9.5575E-02 -6.4425E-01
  7.0364E-01  5.0101E-01  9.7809E-02 -6.5568E-01
  7.0854E-01  5.0839E-01  1.0009E-01 -6.6716E-01
  7.1347E-01  5.1570E-01  1.0241E-01 -6.7866E-01
  7.1843E-01  5.2294E-01  1.0479E-01 -6.9019E-01
  7.2342E-01  5.3011E-01  1.0721E-01 -7.0172E-01
  7.2846E-01  5.3720E-01  1.0968E-01 -7.1326E-01
  7.3352E-01  5.4422E-01  1.1220E-01 -7.2478E-01
  7.3862E-01  5.5115E-01  1.1476E-01 -7.3628E-01
  7.4376E-01  5.5801E-01  1.1738E-01 -7.4773E-01
  7.4893E-01  5.6479E-01  1.2005E-01 -7.5914E-01
  7.5414E-01  5.7149E-01  1.2277E-01 -7.7048E-01
  7.5939E-01  5.7810E-01  1.2554E-01 -7.8173E-01
  7.6467E-01  5.8462E-01  1.2836E-01 -7.9289E-01
  7.6999E-01  5.9106E-01  1.3124E-01 -8.0393E-01
  7.7534E-01  5.9741E-01  1.3417E-01 -8.1484E-01
  7.8074E-01  6.0367E-01  1.3716E-01 -8.2560E-01
  7.8617E-01  6.0983E-01  1.4020E-01 -8.3618E-01
  7.9163E-01  6.1591E-01  1.4330E-01 -8.4658E-01
  7.9714E-01  6.2189E-01  1.4645E-01 -8.5676E-01
  8.0268E-01  6.2778E-01  1.4966E-01 -8.6671E-01
  8.0827E-01  6.3357E-01  1.5293E-01 -8.7640E-01
  8.1389E-01  6.3926E-01  1.5625E-01 -8.8581E-01
  8.1955E-01  6.4485E-01  1.5963E-01 -8.9492E-01
  8.2525E-01  6.5035E-01  1.6307E-01 -9.0369E-01
  8.3099E-01  6.5574E-01  1.6657E-01 -9.1211E-01
  8.3677E-01  6.6103E-01  1.7013E-01 -9.2014E-01
  8.4259E-01  6.6622E-01  1.7375E-01 -9.2777E-01
  8.4845E-01  6.7131E-01  1.7743E-01 -9.3495E-01
  8.5435E-01  6.7629E-01  1.8117E-01 -9.4166E-01
  8.6029E-01  6.8117E-01  1.8497E-01 -9.4786E-01
  8.6627E-01  6.8594E-01  1.8883E-01 -9.5353E-01
  8.7230E-01  6.9061E-01  1.9275E-01 -9.5864E-01
  8.7837E-01  6.9517E-01  1.9673E-01 -9.6314E-01
  8.8448E-01  6.9962E-01  2.0077E-01 -9.6701E-01
  8.9063E-01  7.0396E-01  2.0488E-01 -9.7020E-01
  8.9682E-01  7.0820E-01  2.0904E-01 -9.7269E-01
  9.0306E-01  7.1233E-01  2.1327E-01 -9.7443E-01
  9.0934E-01  7.1634E-01  2.1756E-01 -9.7539E-01
  9.1566E-01  7.2025E-01  2.2191E-01 -9.7553E-01
  9.2203E-01  7.2405E-01  2.2632E-01 -9.7481E-01
  9.2844E-01  7.2773E-01  2.3079E-01 -9.7318E-01
  9.3490E-01  7.3131E-01  2.3533E-01 -9.7062E-01
  9.4140E-01  7.3477E-01  2.3992E-01 -9.6707E-01
  9.4795E-01  7.3813E-01  2.4457E-01 -9.6249E-01
  9.5454E-01  7.4137E-01  2.4929E-01 -9.5685E-01
  9.6118E-01  7.4450E-01  2.5406E-01 -9.5009E-01
  9.6787E-01  7.4752E-01  2.5889E-01 -9.4219E-01
  9.7460E-01  7.5043E-01  2.6378E-01 -9.3308E-01
  9.8138E-01  7.5323E-01  2.6873E-01 -9.2274E-01
  9.8820E-01  7.5592E-01  2.7373E-01 -9.1111E-01
  9.9508E-01  7.5850E-01  2.7879E-01 -8.9815E-01
  1.0020E+00  7.6096E-01  2.8390E-01 -8.8383E-01
  1.0090E+00  7.6332E-01  2.8907E-01 -8.6809E-01
  1.0160E+00  7.6556E-01  2.9429E-01 -8.5089E-01
  1.0230E+00  7.6770E-01  2.9956E-01 -8.3220E-01
  1.0302E+00  7.6972E-01  3.0489E-01 -8.1197E-01
  1.0373E+00  7.7164E-01  3.1026E-01 -7.9016E-01
  1.0445E+00  7.7344E-01  3.1568E-01 -7.6672E-01
  1.0518E+00  7.7514E-01  3.2115E-01 -7.4163E-01
  1.0591E+00  7.7673E-01  3.2666E-01 -7.1485E-01
  1.0665E+00  7.7821E-01  3.3221E-01 -6.8633E-01
  1.0739E+00  7.7959E-01  3.3781E-01 -6.5605E-01
  1.0814E+00  7.8086E-01  3.4345E-01 -6.2397E-01
  1.0889E+00  7.8202E-01  3.4912E-01 -5.9007E-01
  1.0965E+00  7.8308E-01  3.5483E-01 -5.5431E-01
  1.1041E+00  7.8403E-01  3.6057E-01 -5.1666E-01
  1.1118E+00  7.8488E-01  3.6635E-01 -4.7712E-01
  1.1195E+00  7.8563E-01  3.7215E-01 -4.3565E-01
  1.1273E+00  7.8627E-01  3.7798E-01 -3.9224E-01
  1.1351E+00  7.8681E-01  3.8383E-01 -3.4687E-01
  1.1430E+00  7.8725E-01  3.8971E-01 -2.9954E-01
  1.1510E+00  7.8759E-01  3.9560E-01 -2.5024E-01
  1.1590E+00  7.8783E-01  4.0151E-01 -1.9897E-01
  1.1670E+00  7.8798E-01  4.0743E-01 -1.4573E-01
  1.1752E+00  7.8802E-01  4.1336E-01 -9.0529E-02
  1.1833E+00  7.8797E-01  4.1929E-01 -3.3374E-02
  1.1916E+00  7.8782E-01  4.2523E-01  2.5715E-02
  1.1998E+00  7.8758E-01  4.3117E-01  8.6716E-02
  1.2082E+00  7.8724E-01  4.3710E-01  1.4960E-01
  1.2166E+00  7.8681E-01  4.4303E-01  2.1434E-01
  1.2251E+00  7.8628E-01  4.4894E-01  2.8089E-01
  1.2336E+00  7.8567E-01  4.5484E-01  3.4920E-01
  1.2422E+00  7.8497E-01  4.6071E-01  4.1923E-01
  1.2508E+00  7.8417E-01  4.6657E-01  4.9091E-01
  1.2595E+00  7.8329E-01  4.7239E-01  5.6417E-01
  1.2683E+00  7.8232E-01  4.7818E-01  6.3896E-01
  1.2771E+00  7.8126E-01  4.8394E-01  7.1517E-01
  1.2860E+00  7.8012E-01  4.8965E-01  7.9274E-01
  1.2949E+00  7.7889E-01  4.9532E-01  8.7155E-01
  1.3039E+00  7.7758E-01  5.0094E-01  9.5152E-01
  1.3130E+00  7.7619E-01  5.0650E-01  1.0325E+00
  1.3221E+00  7.7471E-01  5.1200E-01  1.1144E+00
  1.3313E+00  7.7316E-01  5.1744E-01  1.1971E+00
  1.3406E+00  7.7152E-01  5.2281E-01  1.2805E+00
  1.3499E+00  7.6981E-01  5.2810E-01  1.3644E+00
  1.3593E+00  7.6802E-01  5.3331E-01  1.4486E+00
  1.3687E+00  7.6615E-01  5.3844E-01  1.5331E+00
  1.3782E+00  7.6421E-01  5.4347E-01  1.6175E+00
  1.3878E+00  7.6219E-01  5.4841E-01  1.7019E+00
  1.3975E+00  7.6010E-01  5.5325E-01  1.7859E+00
  1.4072E+00  7.5793E-01  5.5799E-01  1.8694E+00
  1.4170E+00  7.5570E-01  5.6261E-01  1.9523E+00
  1.4268E+00  7.5339E-01  5.6711E-01  2.0342E+00
  1.4368E+00  7.5102E-01  5.7150E-01  2.1150E+00
  1.4468E+00  7.4858E-01  5.7575E-01  2.1945E+00
  1.4568E+00  7.4607E-01  5.7988E-01  2.2724E+00
  1.4670E+00  7.4349E-01  5.8387E-01  2.3486E+00
  1.4772E+00  7.4085E-01  5.8771E-01  2.4227E+00
  1.4874E+00  7.3814E-01  5.9141E-01  2.4947E+00
  1.4978E+00  7.3537E-01  5.9496E-01  2.5641E+00
  1.5082E+00  7.3254E-01  5.9835E-01  2.6309E+00
  1.5187E+00  7.2965E-01  6.0158E-01  2.6948E+00
  1.5292E+00  7.2670E-01  6.0464E-01  2.7554E+00
  1.5399E+00  7.2368E-01  6.0753E-01  2.8127E+00
  1.5506E+00  7.2062E-01  6.1025E-01  2.8663E+00
  1.5614E+00  7.1749E-01  6.1279E-01  2.9160E+00
  1.5722E+00  7.1431E-01  6.1515E-01  2.9617E+00
  1.5832E+00  7.1107E-01  6.1732E-01  3.0030E+00
  1.5942E+00  7.0779E-01  6.1931E-01  3.0397E+00
  1.6053E+00  7.0444E-01  6.2110E-01  3.0717E+00
  1.6164E+00  7.0105E-01  6.2270E-01  3.0987E+00
  1.6277E+00  6.9761E-01  6.2410E-01  3.1205E+00
  1.6390E+00  6.9412E-01  6.2529E-01  3.1371E+00
  1.6504E+00  6.9058E-01  6.2629E-01  3.1481E+00
  1.6619E+00  6.8699E-01  6.2708E-01  3.1534E+00
  1.6734E+00  6.8336E-01  6.2767E-01  3.1530E+00
  1.6851E+00  6.7968E-01  6.2805E-01  3.1466E+00
  1.6968E+00  6.7596E-01  6.2823E-01  3.1342E+00
  1.7086E+00  6.7220E-01  6.2819E-01  3.1157E+00
  1.7205E+00  6.6840E-01  6.2795E-01  3.0911E+00
  1.7324E+00  6.6456E-01  6.2750E-01  3.0602E+00
  1.7445E+00  6.6068E-01  6.2685E-01  3.0231E+00
  1.7566E+00  6.5676E-01  6.2599E-01  2.9798E+00
  1.7688E+00  6.5280E-01  6.2493E-01  2.9304E+00
  1.7811E+00  6.4881E-01  6.2367E-01  2.8748E+00
  1.7935E+00  6.4479E-01  6.2221E-01  2.8133E+00
  1.8060E+00  6.4073E-01  6.2055E-01  2.7458E+00
  1.8185E+00  6.3664E-01  6.1870E-01  2.6727E+00
  1.8312E+00  6.3252E-01  6.1667E-01  2.5940E+00
  1.8439E+00  6.2837E-01  6.1445E-01  2.5101E+00
  1.8568E+00  6.2419E-01  6.1205E-01  2.4211E+00
  1.8697E+00  6.1998E-01  6.0947E-01  2.3273E+00
  1.8827E+00  6.1575E-01  6.0673E-01  2.2292E+00
  1.8958E+00  6.1150E-01  6.0382E-01  2.1270E+00
  1.9089E+00  6.0722E-01  6.0076E-01  2.0212E+00
  1.9222E+00  6.0291E-01  5.9755E-01  1.9121E+00
  1.9356E+00  5.9859E-01  5.9419E-01  1.8004E+00
  1.9491E+00  5.9424E-01  5.9070E-01  1.6864E+00
  1.9626E+00  5.8988E-01  5.8708E-01  1.5707E+00
  1.9763E+00  5.8550E-01  5.8334E-01  1.4539E+00
  1.9900E+00  5.8110E-01  5.7949E-01  1.3365E+00
  2.0038E+00  5.7668E-01  5.7554E-01  1.2193E+00
  2.0178E+00  5.7225E-01  5.7149E-01  1.1029E+00
  2.0318E+00  5.6781E-01  5.6735E-01  9.8797E-01
  2.0459E+00  5.6335E-01  5.6313E-01  8.7518E-01
  2.0602E+00  5.5888E-01  5.5885E-01  7.6530E-01
  2.0745E+00  5.5440E-01  5.5450E-01  6.5906E-01
  2.0889E+00  5.4992E-01  5.5010E-01  5.5722E-01
  2.1034E+00  5.4542E-01  5.4566E-01  4.6056E-01
  2.1181E+00  5.4092E-01  5.4117E-01  3.6984E-01
  2.1328E+00  5.3641E-01  5.3666E-01  2.8585E-01
  2.1476E+00  5.3189E-01  5.3213E-01  2.0934E-01
  2.1626E+00  5.2737E-01  5.2758E-01  1.4109E-01
  2.1776E+00  5.2285E-01  5.2302E-01  8.1848E-02
  2.1928E+00  5.1833E-01  5.1846E-01  3.2334E-02
  2.2080E+00  5.1381E-01  5.1390E-01 -6.7463E-03
  2.2234E+00  5.0928E-01  5.0934E-01 -3.4725E-02
  2.2388E+00  5.0476E-01  5.0479E-01 -5.0975E-02
  2.2544E+00  5.0024E-01  5.0025E-01 -5.4916E-02
  2.2701E+00  4.9572E-01  4.9572E-01 -4.6025E-02
  2.2859E+00  4.9120E-01  4.9120E-01 -2.3842E-02
  2.3018E+00  4.8669E-01  4.8669E-01  6.7929E-03
  2.3178E+00  4.8219E-01  4.8219E-01  8.7329E-03
  2.3339E+00  4.7769E-01  4.7769E-01  5.0565E-03
  2.3501E+00  4.7320E-01  4.7320E-01  2.7821E-03
  2.3665E+00  4.6872E-01  4.6872E-01  1.2661E-03
  2.3829E+00  4.6424E-01  4.6424E-01  4.1317E-04
  2.3995E+00  4.5978E-01  4.5978E-01  6.9945E-05
  2.4162E+00  4.5533E-01  4.5533E-01  0.0000E+00
  2.4330E+00  4.5089E-01  4.5089E-01  0.0000E+00
  2.4499E+00  4.4646E-01  4.4646E-01  0.0000E+00
  2.4669E+00  4.4205E-01  4.4205E-01  0.0000E+00
  2.4841E+00  4.3765E-01  4.3765E-01  0.0000E+00
  2.5014E+00  4.3326E-01  4.3326E-01  0.0000E+00
  2.5188E+00  4.2889E-01  4.2889E-01  0.0000E+00
  2.5363E+00  4.2453E-01  4.2453E-01  0.0000E+00
  2.5539E+00  4.2020E-01  4.2020E-01  0.0000E+00
  2.5717E+00  4.1588E-01  4.1588E-01  0.0000E+00
  2.5896E+00  4.1157E-01  4.1157E-01  0.0000E+00
  2.6076E+00  4.0729E-01  4.0729E-01  0.0000E+00
  2.6257E+00  4.0303E-01  4.0303E-01  0.0000E+00
  2.6440E+00  3.9878E-01  3.9878E-01  0.0000E+00
  2.6624E+00  3.9456E-01  3.9456E-01  0.0000E+00
  2.6809E+00  3.9036E-01  3.9036E-01  0.0000E+00
  2.6995E+00  3.8618E-01  3.8618E-01  0.0000E+00
  2.7183E+00  3.8202E-01  3.8202E-01  0.0000E+00
  2.7372E+00  3.7788E-01  3.7788E-01  0.0000E+00
  2.7562E+00  3.7377E-01  3.7377E-01  0.0000E+00
  2.7754E+00  3.6968E-01  3.6968E-01  0.0000E+00
  2.7947E+00  3.6561E-01  3.6561E-01  0.0000E+00
  2.8142E+00  3.6157E-01  3.6157E-01  0.0000E+00
  2.8337E+00  3.5756E-01  3.5756E-01  0.0000E+00
  2.8534E+00  3.5357E-01  3.5357E-01  0.0000E+00
  2.8733E+00  3.4960E-01  3.4960E-01  0.0000E+00
  2.8933E+00  3.4567E-01  3.4567E-01  0.0000E+00
  2.9134E+00  3.4175E-01  3.4175E-01  0.0000E+00
  2.9336E+00  3.3787E-01  3.3787E-01  0.0000E+00
  2.9540E+00  3.3401E-01  3.3401E-01  0.0000E+00
  2.9746E+00  3.3018E-01  3.3018E-01  0.0000E+00
  2.9953E+00  3.2637E-01  3.2637E-01  0.0000E+00
  3.0161E+00  3.2260E-01  3.2260E-01  0.0000E+00
  3.0371E+00  3.1885E-01  3.1885E-01  0.0000E+00
  3.0582E+00  3.1513E-01  3.1513E-01  0.0000E+00
  3.0795E+00  3.1144E-01  3.1144E-01  0.0000E+00
  3.1009E+00  3.0777E-01  3.0777E-01  0.0000E+00
  3.1225E+00  3.0414E-01  3.0414E-01  0.0000E+00
  3.1442E+00  3.0053E-01  3.0053E-01  0.0000E+00
  3.1660E+00  2.9696E-01  2.9696E-01  0.0000E+00
  3.1881E+00  2.9341E-01  2.9341E-01  0.0000E+00
  3.2102E+00  2.8989E-01  2.8989E-01  0.0000E+00
  3.2325E+00  2.8640E-01  2.8640E-01  0.0000E+00
  3.2550E+00  2.8294E-01  2.8294E-01  0.0000E+00
  3.2777E+00  2.7950E-01  2.7950E-01  0.0000E+00
  3.3005E+00  2.7610E-01  2.7610E-01  0.0000E+00
  3.3234E+00  2.7273E-01  2.7273E-01  0.0000E+00
  3.3465E+00  2.6938E-01  2.6938E-01  0.0000E+00
  3.3698E+00  2.6607E-01  2.6607E-01  0.0000E+00
  3.3932E+00  2.6278E-01  2.6278E-01  0.0000E+00
  3.4168E+00  2.5952E-01  2.5952E-01  0.0000E+00
