 # l=           3 energy=  -5.00000000000000     
  0.0000E+00  0.0000E+00  0.0000E+00  0.0000E+00
  5.3551E-07  1.0728E-26 -2.7966E-21 -3.9132E-21
  1.0747E-06  1.7405E-25 -3.3054E-20 -4.6251E-20
  1.6177E-06  8.9349E-25 -1.4089E-19 -1.9714E-19
  2.1645E-06  2.8634E-24 -3.9557E-19 -5.5348E-19
  2.7151E-06  7.0889E-24 -8.8347E-19 -1.2361E-18
  3.2694E-06  1.4906E-23 -1.7073E-18 -2.3888E-18
  3.8277E-06  2.8004E-23 -2.9857E-18 -4.1776E-18
  4.3898E-06  4.8446E-23 -4.8535E-18 -6.7909E-18
  4.9559E-06  7.8694E-23 -7.4613E-18 -1.0440E-17
  5.5258E-06  1.2163E-22 -1.0976E-17 -1.5358E-17
  6.0998E-06  1.8060E-22 -1.5582E-17 -2.1802E-17
  6.6777E-06  2.5940E-22 -2.1480E-17 -3.0054E-17
  7.2597E-06  3.6235E-22 -2.8888E-17 -4.0419E-17
  7.8457E-06  4.9429E-22 -3.8042E-17 -5.3227E-17
  8.4357E-06  6.6063E-22 -4.9197E-17 -6.8835E-17
  9.0299E-06  8.6736E-22 -6.2627E-17 -8.7627E-17
  9.6282E-06  1.1211E-21 -7.8627E-17 -1.1001E-16
  1.0231E-05  1.4292E-21 -9.7510E-17 -1.3643E-16
  1.0837E-05  1.7995E-21 -1.1961E-16 -1.6736E-16
  1.1448E-05  2.2409E-21 -1.4529E-16 -2.0328E-16
  1.2063E-05  2.7627E-21 -1.7492E-16 -2.4475E-16
  1.2683E-05  3.3754E-21 -2.0891E-16 -2.9231E-16
  1.3306E-05  4.0899E-21 -2.4769E-16 -3.4656E-16
  1.3935E-05  4.9185E-21 -2.9171E-16 -4.0815E-16
  1.4567E-05  5.8740E-21 -3.4144E-16 -4.7773E-16
  1.5204E-05  6.9706E-21 -3.9740E-16 -5.5603E-16
  1.5845E-05  8.2230E-21 -4.6011E-16 -6.4377E-16
  1.6491E-05  9.6476E-21 -5.3014E-16 -7.4176E-16
  1.7141E-05  1.1262E-20 -6.0808E-16 -8.5081E-16
  1.7796E-05  1.3083E-20 -6.9455E-16 -9.7180E-16
  1.8455E-05  1.5132E-20 -7.9021E-16 -1.1056E-15
  1.9119E-05  1.7430E-20 -8.9575E-16 -1.2533E-15
  1.9787E-05  1.9999E-20 -1.0119E-15 -1.4158E-15
  2.0460E-05  2.2862E-20 -1.1394E-15 -1.5942E-15
  2.1138E-05  2.6045E-20 -1.2790E-15 -1.7896E-15
  2.1821E-05  2.9576E-20 -1.4317E-15 -2.0031E-15
  2.2508E-05  3.3481E-20 -1.5981E-15 -2.2361E-15
  2.3200E-05  3.7793E-20 -1.7794E-15 -2.4897E-15
  2.3897E-05  4.2542E-20 -1.9764E-15 -2.7653E-15
  2.4598E-05  4.7764E-20 -2.1901E-15 -3.0643E-15
  2.5305E-05  5.3493E-20 -2.4216E-15 -3.3882E-15
  2.6017E-05  5.9767E-20 -2.6719E-15 -3.7385E-15
  2.6733E-05  6.6628E-20 -2.9423E-15 -4.1168E-15
  2.7454E-05  7.4116E-20 -3.2338E-15 -4.5247E-15
  2.8181E-05  8.2277E-20 -3.5478E-15 -4.9640E-15
  2.8912E-05  9.1159E-20 -3.8855E-15 -5.4366E-15
  2.9649E-05  1.0081E-19 -4.2483E-15 -5.9442E-15
  3.0391E-05  1.1128E-19 -4.6376E-15 -6.4889E-15
  3.1137E-05  1.2263E-19 -5.0549E-15 -7.0727E-15
  3.1890E-05  1.3491E-19 -5.5017E-15 -7.6978E-15
  3.2647E-05  1.4819E-19 -5.9795E-15 -8.3663E-15
  3.3409E-05  1.6253E-19 -6.4901E-15 -9.0807E-15
  3.4177E-05  1.7800E-19 -7.0351E-15 -9.8433E-15
  3.4950E-05  1.9466E-19 -7.6164E-15 -1.0657E-14
  3.5729E-05  2.1259E-19 -8.2358E-15 -1.1523E-14
  3.6513E-05  2.3187E-19 -8.8954E-15 -1.2446E-14
  3.7302E-05  2.5259E-19 -9.5970E-15 -1.3428E-14
  3.8097E-05  2.7482E-19 -1.0343E-14 -1.4471E-14
  3.8898E-05  2.9865E-19 -1.1135E-14 -1.5580E-14
  3.9704E-05  3.2418E-19 -1.1976E-14 -1.6756E-14
  4.0515E-05  3.5152E-19 -1.2868E-14 -1.8004E-14
  4.1333E-05  3.8075E-19 -1.3813E-14 -1.9327E-14
  4.2156E-05  4.1199E-19 -1.4814E-14 -2.0728E-14
  4.2984E-05  4.4535E-19 -1.5874E-14 -2.2211E-14
  4.3819E-05  4.8096E-19 -1.6995E-14 -2.3779E-14
  4.4659E-05  5.1892E-19 -1.8181E-14 -2.5438E-14
  4.5505E-05  5.5938E-19 -1.9433E-14 -2.7191E-14
  4.6357E-05  6.0246E-19 -2.0756E-14 -2.9042E-14
  4.7215E-05  6.4831E-19 -2.2152E-14 -3.0995E-14
  4.8079E-05  6.9708E-19 -2.3625E-14 -3.3056E-14
  4.8949E-05  7.4891E-19 -2.5178E-14 -3.5229E-14
  4.9825E-05  8.0397E-19 -2.6815E-14 -3.7519E-14
  5.0707E-05  8.6243E-19 -2.8539E-14 -3.9930E-14
  5.1595E-05  9.2446E-19 -3.0353E-14 -4.2470E-14
  5.2489E-05  9.9024E-19 -3.2263E-14 -4.5142E-14
  5.3390E-05  1.0600E-18 -3.4272E-14 -4.7953E-14
  5.4296E-05  1.1338E-18 -3.6384E-14 -5.0908E-14
  5.5210E-05  1.2121E-18 -3.8604E-14 -5.4014E-14
  5.6129E-05  1.2948E-18 -4.0936E-14 -5.7277E-14
  5.7055E-05  1.3824E-18 -4.3385E-14 -6.0703E-14
  5.7987E-05  1.4750E-18 -4.5956E-14 -6.4300E-14
  5.8926E-05  1.5729E-18 -4.8653E-14 -6.8074E-14
  5.9871E-05  1.6762E-18 -5.1482E-14 -7.2032E-14
  6.0823E-05  1.7854E-18 -5.4449E-14 -7.6183E-14
  6.1782E-05  1.9006E-18 -5.7558E-14 -8.0533E-14
  6.2747E-05  2.0222E-18 -6.0816E-14 -8.5091E-14
  6.3719E-05  2.1505E-18 -6.4228E-14 -8.9866E-14
  6.4697E-05  2.2856E-18 -6.7801E-14 -9.4865E-14
  6.5683E-05  2.4281E-18 -7.1542E-14 -1.0010E-13
  6.6675E-05  2.5782E-18 -7.5455E-14 -1.0557E-13
  6.7674E-05  2.7363E-18 -7.9550E-14 -1.1130E-13
  6.8680E-05  2.9026E-18 -8.3831E-14 -1.1729E-13
  6.9694E-05  3.0777E-18 -8.8308E-14 -1.2356E-13
  7.0714E-05  3.2620E-18 -9.2987E-14 -1.3010E-13
  7.1741E-05  3.4557E-18 -9.7876E-14 -1.3694E-13
  7.2775E-05  3.6593E-18 -1.0298E-13 -1.4409E-13
  7.3817E-05  3.8734E-18 -1.0832E-13 -1.5155E-13
  7.4866E-05  4.0983E-18 -1.1388E-13 -1.5934E-13
  7.5922E-05  4.3345E-18 -1.1970E-13 -1.6748E-13
  7.6986E-05  4.5825E-18 -1.2576E-13 -1.7596E-13
  7.8056E-05  4.8428E-18 -1.3209E-13 -1.8481E-13
  7.9135E-05  5.1160E-18 -1.3869E-13 -1.9405E-13
  8.0221E-05  5.4027E-18 -1.4557E-13 -2.0368E-13
  8.1314E-05  5.7033E-18 -1.5275E-13 -2.1372E-13
  8.2415E-05  6.0185E-18 -1.6022E-13 -2.2418E-13
  8.3524E-05  6.3490E-18 -1.6802E-13 -2.3508E-13
  8.4640E-05  6.6953E-18 -1.7613E-13 -2.4644E-13
  8.5764E-05  7.0581E-18 -1.8459E-13 -2.5827E-13
  8.6896E-05  7.4382E-18 -1.9340E-13 -2.7059E-13
  8.8036E-05  7.8362E-18 -2.0257E-13 -2.8342E-13
  8.9184E-05  8.2529E-18 -2.1211E-13 -2.9678E-13
  9.0339E-05  8.6891E-18 -2.2204E-13 -3.1068E-13
  9.1503E-05  9.1455E-18 -2.3238E-13 -3.2514E-13
  9.2675E-05  9.6231E-18 -2.4313E-13 -3.4018E-13
  9.3855E-05  1.0123E-17 -2.5432E-13 -3.5583E-13
  9.5043E-05  1.0645E-17 -2.6595E-13 -3.7211E-13
  9.6240E-05  1.1191E-17 -2.7805E-13 -3.8903E-13
  9.7445E-05  1.1762E-17 -2.9062E-13 -4.0663E-13
  9.8658E-05  1.2359E-17 -3.0369E-13 -4.2492E-13
  9.9879E-05  1.2983E-17 -3.1728E-13 -4.4392E-13
  1.0111E-04  1.3634E-17 -3.3139E-13 -4.6367E-13
  1.0235E-04  1.4315E-17 -3.4605E-13 -4.8419E-13
  1.0360E-04  1.5025E-17 -3.6128E-13 -5.0550E-13
  1.0485E-04  1.5767E-17 -3.7710E-13 -5.2763E-13
  1.0612E-04  1.6542E-17 -3.9353E-13 -5.5061E-13
  1.0739E-04  1.7350E-17 -4.1058E-13 -5.7447E-13
  1.0867E-04  1.8194E-17 -4.2829E-13 -5.9925E-13
  1.0996E-04  1.9074E-17 -4.4666E-13 -6.2496E-13
  1.1126E-04  1.9993E-17 -4.6574E-13 -6.5164E-13
  1.1257E-04  2.0951E-17 -4.8552E-13 -6.7933E-13
  1.1389E-04  2.1949E-17 -5.0605E-13 -7.0805E-13
  1.1522E-04  2.2991E-17 -5.2735E-13 -7.3785E-13
  1.1656E-04  2.4076E-17 -5.4944E-13 -7.6876E-13
  1.1790E-04  2.5208E-17 -5.7235E-13 -8.0081E-13
  1.1926E-04  2.6387E-17 -5.9610E-13 -8.3405E-13
  1.2062E-04  2.7616E-17 -6.2073E-13 -8.6850E-13
  1.2200E-04  2.8897E-17 -6.4626E-13 -9.0423E-13
  1.2338E-04  3.0230E-17 -6.7273E-13 -9.4126E-13
  1.2477E-04  3.1619E-17 -7.0015E-13 -9.7963E-13
  1.2618E-04  3.3066E-17 -7.2858E-13 -1.0194E-12
  1.2759E-04  3.4572E-17 -7.5803E-13 -1.0606E-12
  1.2901E-04  3.6140E-17 -7.8854E-13 -1.1033E-12
  1.3045E-04  3.7773E-17 -8.2015E-13 -1.1475E-12
  1.3189E-04  3.9472E-17 -8.5289E-13 -1.1933E-12
  1.3334E-04  4.1240E-17 -8.8679E-13 -1.2408E-12
  1.3480E-04  4.3079E-17 -9.2191E-13 -1.2899E-12
  1.3628E-04  4.4993E-17 -9.5826E-13 -1.3408E-12
  1.3776E-04  4.6984E-17 -9.9591E-13 -1.3934E-12
  1.3925E-04  4.9055E-17 -1.0349E-12 -1.4480E-12
  1.4076E-04  5.1209E-17 -1.0752E-12 -1.5044E-12
  1.4227E-04  5.3449E-17 -1.1170E-12 -1.5628E-12
  1.4380E-04  5.5777E-17 -1.1602E-12 -1.6233E-12
  1.4533E-04  5.8198E-17 -1.2049E-12 -1.6858E-12
  1.4688E-04  6.0715E-17 -1.2511E-12 -1.7505E-12
  1.4844E-04  6.3330E-17 -1.2990E-12 -1.8175E-12
  1.5000E-04  6.6049E-17 -1.3485E-12 -1.8868E-12
  1.5158E-04  6.8873E-17 -1.3997E-12 -1.9585E-12
  1.5317E-04  7.1808E-17 -1.4527E-12 -2.0326E-12
  1.5477E-04  7.4857E-17 -1.5075E-12 -2.1092E-12
  1.5638E-04  7.8025E-17 -1.5642E-12 -2.1885E-12
  1.5801E-04  8.1315E-17 -1.6227E-12 -2.2705E-12
  1.5964E-04  8.4732E-17 -1.6833E-12 -2.3552E-12
  1.6129E-04  8.8280E-17 -1.7459E-12 -2.4429E-12
  1.6294E-04  9.1964E-17 -1.8107E-12 -2.5334E-12
  1.6461E-04  9.5790E-17 -1.8776E-12 -2.6271E-12
  1.6629E-04  9.9761E-17 -1.9468E-12 -2.7238E-12
  1.6799E-04  1.0388E-16 -2.0182E-12 -2.8238E-12
  1.6969E-04  1.0816E-16 -2.0921E-12 -2.9272E-12
  1.7140E-04  1.1260E-16 -2.1684E-12 -3.0340E-12
  1.7313E-04  1.1721E-16 -2.2473E-12 -3.1444E-12
  1.7487E-04  1.2199E-16 -2.3288E-12 -3.2584E-12
  1.7662E-04  1.2696E-16 -2.4130E-12 -3.3762E-12
  1.7839E-04  1.3210E-16 -2.5000E-12 -3.4978E-12
  1.8016E-04  1.3744E-16 -2.5898E-12 -3.6235E-12
  1.8195E-04  1.4298E-16 -2.6826E-12 -3.7533E-12
  1.8375E-04  1.4873E-16 -2.7784E-12 -3.8874E-12
  1.8557E-04  1.5469E-16 -2.8774E-12 -4.0259E-12
  1.8739E-04  1.6087E-16 -2.9795E-12 -4.1689E-12
  1.8923E-04  1.6727E-16 -3.0851E-12 -4.3165E-12
  1.9108E-04  1.7392E-16 -3.1940E-12 -4.4689E-12
  1.9295E-04  1.8081E-16 -3.3065E-12 -4.6263E-12
  1.9482E-04  1.8795E-16 -3.4226E-12 -4.7888E-12
  1.9671E-04  1.9535E-16 -3.5425E-12 -4.9565E-12
  1.9862E-04  2.0302E-16 -3.6662E-12 -5.1296E-12
  2.0053E-04  2.1097E-16 -3.7939E-12 -5.3083E-12
  2.0246E-04  2.1921E-16 -3.9257E-12 -5.4927E-12
  2.0441E-04  2.2775E-16 -4.0617E-12 -5.6830E-12
  2.0637E-04  2.3660E-16 -4.2021E-12 -5.8794E-12
  2.0834E-04  2.4576E-16 -4.3470E-12 -6.0821E-12
  2.1032E-04  2.5526E-16 -4.4964E-12 -6.2912E-12
  2.1232E-04  2.6510E-16 -4.6506E-12 -6.5070E-12
  2.1433E-04  2.7529E-16 -4.8097E-12 -6.7296E-12
  2.1636E-04  2.8585E-16 -4.9739E-12 -6.9592E-12
  2.1840E-04  2.9679E-16 -5.1432E-12 -7.1961E-12
  2.2045E-04  3.0811E-16 -5.3178E-12 -7.4405E-12
  2.2252E-04  3.1984E-16 -5.4980E-12 -7.6926E-12
  2.2460E-04  3.3199E-16 -5.6838E-12 -7.9525E-12
  2.2670E-04  3.4456E-16 -5.8755E-12 -8.2207E-12
  2.2881E-04  3.5758E-16 -6.0731E-12 -8.4972E-12
  2.3094E-04  3.7107E-16 -6.2769E-12 -8.7824E-12
  2.3308E-04  3.8502E-16 -6.4871E-12 -9.0764E-12
  2.3524E-04  3.9947E-16 -6.7038E-12 -9.3797E-12
  2.3741E-04  4.1443E-16 -6.9272E-12 -9.6923E-12
  2.3959E-04  4.2991E-16 -7.1576E-12 -1.0015E-11
  2.4180E-04  4.4593E-16 -7.3952E-12 -1.0347E-11
  2.4401E-04  4.6251E-16 -7.6400E-12 -1.0690E-11
  2.4625E-04  4.7967E-16 -7.8925E-12 -1.1043E-11
  2.4849E-04  4.9742E-16 -8.1527E-12 -1.1407E-11
  2.5076E-04  5.1580E-16 -8.4209E-12 -1.1782E-11
  2.5304E-04  5.3481E-16 -8.6973E-12 -1.2169E-11
  2.5533E-04  5.5448E-16 -8.9823E-12 -1.2568E-11
  2.5764E-04  5.7483E-16 -9.2759E-12 -1.2978E-11
  2.5997E-04  5.9588E-16 -9.5786E-12 -1.3402E-11
  2.6231E-04  6.1766E-16 -9.8905E-12 -1.3838E-11
  2.6467E-04  6.4019E-16 -1.0212E-11 -1.4288E-11
  2.6705E-04  6.6349E-16 -1.0543E-11 -1.4751E-11
  2.6944E-04  6.8759E-16 -1.0884E-11 -1.5229E-11
  2.7185E-04  7.1251E-16 -1.1236E-11 -1.5721E-11
  2.7428E-04  7.3829E-16 -1.1598E-11 -1.6228E-11
  2.7672E-04  7.6495E-16 -1.1971E-11 -1.6750E-11
  2.7918E-04  7.9251E-16 -1.2356E-11 -1.7288E-11
  2.8166E-04  8.2102E-16 -1.2752E-11 -1.7842E-11
  2.8415E-04  8.5049E-16 -1.3160E-11 -1.8413E-11
  2.8666E-04  8.8096E-16 -1.3580E-11 -1.9001E-11
  2.8919E-04  9.1246E-16 -1.4013E-11 -1.9607E-11
  2.9174E-04  9.4503E-16 -1.4459E-11 -2.0231E-11
  2.9430E-04  9.7870E-16 -1.4919E-11 -2.0873E-11
  2.9689E-04  1.0135E-15 -1.5392E-11 -2.1535E-11
  2.9949E-04  1.0495E-15 -1.5879E-11 -2.2217E-11
  3.0210E-04  1.0867E-15 -1.6381E-11 -2.2919E-11
  3.0474E-04  1.1251E-15 -1.6897E-11 -2.3642E-11
  3.0740E-04  1.1648E-15 -1.7429E-11 -2.4387E-11
  3.1007E-04  1.2059E-15 -1.7977E-11 -2.5153E-11
  3.1276E-04  1.2483E-15 -1.8542E-11 -2.5943E-11
  3.1547E-04  1.2921E-15 -1.9123E-11 -2.6755E-11
  3.1820E-04  1.3374E-15 -1.9721E-11 -2.7592E-11
  3.2095E-04  1.3842E-15 -2.0337E-11 -2.8454E-11
  3.2372E-04  1.4326E-15 -2.0971E-11 -2.9341E-11
  3.2650E-04  1.4826E-15 -2.1623E-11 -3.0254E-11
  3.2931E-04  1.5342E-15 -2.2295E-11 -3.1195E-11
  3.3214E-04  1.5875E-15 -2.2987E-11 -3.2162E-11
  3.3498E-04  1.6426E-15 -2.3699E-11 -3.3159E-11
  3.3785E-04  1.6996E-15 -2.4432E-11 -3.4185E-11
  3.4073E-04  1.7584E-15 -2.5187E-11 -3.5240E-11
  3.4364E-04  1.8191E-15 -2.5964E-11 -3.6327E-11
  3.4656E-04  1.8818E-15 -2.6763E-11 -3.7446E-11
  3.4951E-04  1.9466E-15 -2.7586E-11 -3.8597E-11
  3.5247E-04  2.0136E-15 -2.8433E-11 -3.9782E-11
  3.5546E-04  2.0827E-15 -2.9304E-11 -4.1001E-11
  3.5847E-04  2.1541E-15 -3.0201E-11 -4.2256E-11
  3.6150E-04  2.2278E-15 -3.1125E-11 -4.3548E-11
  3.6455E-04  2.3039E-15 -3.2075E-11 -4.4877E-11
  3.6762E-04  2.3825E-15 -3.3052E-11 -4.6245E-11
  3.7071E-04  2.4637E-15 -3.4058E-11 -4.7652E-11
  3.7382E-04  2.5475E-15 -3.5093E-11 -4.9101E-11
  3.7696E-04  2.6341E-15 -3.6158E-11 -5.0591E-11
  3.8011E-04  2.7234E-15 -3.7254E-11 -5.2125E-11
  3.8329E-04  2.8157E-15 -3.8382E-11 -5.3702E-11
  3.8649E-04  2.9109E-15 -3.9542E-11 -5.5326E-11
  3.8972E-04  3.0093E-15 -4.0736E-11 -5.6996E-11
  3.9296E-04  3.1108E-15 -4.1964E-11 -5.8714E-11
  3.9623E-04  3.2156E-15 -4.3228E-11 -6.0482E-11
  3.9952E-04  3.3237E-15 -4.4528E-11 -6.2301E-11
  4.0284E-04  3.4354E-15 -4.5865E-11 -6.4172E-11
  4.0617E-04  3.5507E-15 -4.7241E-11 -6.6097E-11
  4.0953E-04  3.6696E-15 -4.8656E-11 -6.8077E-11
  4.1292E-04  3.7924E-15 -5.0112E-11 -7.0114E-11
  4.1632E-04  3.9191E-15 -5.1609E-11 -7.2209E-11
  4.1975E-04  4.0499E-15 -5.3149E-11 -7.4364E-11
  4.2321E-04  4.1849E-15 -5.4734E-11 -7.6580E-11
  4.2669E-04  4.3242E-15 -5.6363E-11 -7.8861E-11
  4.3019E-04  4.4680E-15 -5.8039E-11 -8.1206E-11
  4.3372E-04  4.6163E-15 -5.9763E-11 -8.3618E-11
  4.3727E-04  4.7694E-15 -6.1536E-11 -8.6098E-11
  4.4085E-04  4.9273E-15 -6.3360E-11 -8.8650E-11
  4.4445E-04  5.0903E-15 -6.5235E-11 -9.1274E-11
  4.4807E-04  5.2585E-15 -6.7164E-11 -9.3972E-11
  4.5173E-04  5.4320E-15 -6.9147E-11 -9.6748E-11
  4.5540E-04  5.6111E-15 -7.1187E-11 -9.9602E-11
  4.5911E-04  5.7958E-15 -7.3285E-11 -1.0254E-10
  4.6283E-04  5.9864E-15 -7.5442E-11 -1.0555E-10
  4.6659E-04  6.1830E-15 -7.7660E-11 -1.0866E-10
  4.7037E-04  6.3858E-15 -7.9941E-11 -1.1185E-10
  4.7417E-04  6.5950E-15 -8.2286E-11 -1.1513E-10
  4.7801E-04  6.8109E-15 -8.4698E-11 -1.1850E-10
  4.8187E-04  7.0335E-15 -8.7178E-11 -1.2197E-10
  4.8575E-04  7.2632E-15 -8.9727E-11 -1.2554E-10
  4.8967E-04  7.5001E-15 -9.2349E-11 -1.2921E-10
  4.9361E-04  7.7445E-15 -9.5044E-11 -1.3298E-10
  4.9758E-04  7.9966E-15 -9.7815E-11 -1.3686E-10
  5.0157E-04  8.2566E-15 -1.0066E-10 -1.4084E-10
  5.0560E-04  8.5247E-15 -1.0359E-10 -1.4494E-10
  5.0965E-04  8.8013E-15 -1.0660E-10 -1.4916E-10
  5.1373E-04  9.0865E-15 -1.0970E-10 -1.5349E-10
  5.1784E-04  9.3806E-15 -1.1288E-10 -1.5794E-10
  5.2197E-04  9.6840E-15 -1.1616E-10 -1.6252E-10
  5.2614E-04  9.9968E-15 -1.1952E-10 -1.6722E-10
  5.3033E-04  1.0319E-14 -1.2298E-10 -1.7206E-10
  5.3456E-04  1.0652E-14 -1.2653E-10 -1.7704E-10
  5.3881E-04  1.0995E-14 -1.3018E-10 -1.8215E-10
  5.4309E-04  1.1349E-14 -1.3394E-10 -1.8740E-10
  5.4740E-04  1.1714E-14 -1.3780E-10 -1.9280E-10
  5.5175E-04  1.2090E-14 -1.4177E-10 -1.9836E-10
  5.5612E-04  1.2478E-14 -1.4585E-10 -2.0406E-10
  5.6052E-04  1.2878E-14 -1.5004E-10 -2.0993E-10
  5.6496E-04  1.3290E-14 -1.5435E-10 -2.1596E-10
  5.6942E-04  1.3715E-14 -1.5878E-10 -2.2216E-10
  5.7392E-04  1.4153E-14 -1.6333E-10 -2.2852E-10
  5.7844E-04  1.4605E-14 -1.6801E-10 -2.3507E-10
  5.8300E-04  1.5071E-14 -1.7282E-10 -2.4180E-10
  5.8759E-04  1.5551E-14 -1.7776E-10 -2.4871E-10
  5.9221E-04  1.6046E-14 -1.8284E-10 -2.5582E-10
  5.9687E-04  1.6557E-14 -1.8806E-10 -2.6312E-10
  6.0155E-04  1.7083E-14 -1.9343E-10 -2.7063E-10
  6.0627E-04  1.7625E-14 -1.9894E-10 -2.7835E-10
  6.1102E-04  1.8184E-14 -2.0461E-10 -2.8627E-10
  6.1581E-04  1.8761E-14 -2.1043E-10 -2.9442E-10
  6.2063E-04  1.9355E-14 -2.1641E-10 -3.0279E-10
  6.2548E-04  1.9967E-14 -2.2256E-10 -3.1140E-10
  6.3036E-04  2.0598E-14 -2.2888E-10 -3.2024E-10
  6.3528E-04  2.1249E-14 -2.3537E-10 -3.2932E-10
  6.4024E-04  2.1919E-14 -2.4205E-10 -3.3866E-10
  6.4522E-04  2.2610E-14 -2.4890E-10 -3.4825E-10
  6.5025E-04  2.3323E-14 -2.5595E-10 -3.5811E-10
  6.5530E-04  2.4057E-14 -2.6319E-10 -3.6824E-10
  6.6040E-04  2.4813E-14 -2.7063E-10 -3.7865E-10
  6.6552E-04  2.5593E-14 -2.7827E-10 -3.8934E-10
  6.7069E-04  2.6397E-14 -2.8613E-10 -4.0033E-10
  6.7589E-04  2.7225E-14 -2.9420E-10 -4.1162E-10
  6.8112E-04  2.8078E-14 -3.0249E-10 -4.2322E-10
  6.8640E-04  2.8958E-14 -3.1101E-10 -4.3514E-10
  6.9171E-04  2.9864E-14 -3.1976E-10 -4.4739E-10
  6.9705E-04  3.0798E-14 -3.2875E-10 -4.5997E-10
  7.0243E-04  3.1761E-14 -3.3799E-10 -4.7290E-10
  7.0786E-04  3.2752E-14 -3.4749E-10 -4.8618E-10
  7.1331E-04  3.3774E-14 -3.5724E-10 -4.9983E-10
  7.1881E-04  3.4827E-14 -3.6726E-10 -5.1385E-10
  7.2434E-04  3.5912E-14 -3.7756E-10 -5.2825E-10
  7.2992E-04  3.7030E-14 -3.8813E-10 -5.4305E-10
  7.3553E-04  3.8182E-14 -3.9900E-10 -5.5825E-10
  7.4118E-04  3.9369E-14 -4.1016E-10 -5.7387E-10
  7.4687E-04  4.0592E-14 -4.2163E-10 -5.8992E-10
  7.5260E-04  4.1852E-14 -4.3341E-10 -6.0640E-10
  7.5837E-04  4.3150E-14 -4.4551E-10 -6.2334E-10
  7.6418E-04  4.4488E-14 -4.5795E-10 -6.4073E-10
  7.7003E-04  4.5866E-14 -4.7072E-10 -6.5860E-10
  7.7592E-04  4.7285E-14 -4.8384E-10 -6.7696E-10
  7.8185E-04  4.8748E-14 -4.9732E-10 -6.9582E-10
  7.8782E-04  5.0255E-14 -5.1116E-10 -7.1519E-10
  7.9384E-04  5.1807E-14 -5.2539E-10 -7.3509E-10
  7.9989E-04  5.3406E-14 -5.4000E-10 -7.5553E-10
  8.0599E-04  5.5053E-14 -5.5500E-10 -7.7653E-10
  8.1213E-04  5.6751E-14 -5.7042E-10 -7.9810E-10
  8.1832E-04  5.8499E-14 -5.8626E-10 -8.2025E-10
  8.2454E-04  6.0300E-14 -6.0252E-10 -8.4301E-10
  8.3081E-04  6.2155E-14 -6.1923E-10 -8.6639E-10
  8.3712E-04  6.4065E-14 -6.3639E-10 -8.9040E-10
  8.4348E-04  6.6034E-14 -6.5402E-10 -9.1506E-10
  8.4988E-04  6.8061E-14 -6.7213E-10 -9.4040E-10
  8.5633E-04  7.0150E-14 -6.9072E-10 -9.6642E-10
  8.6282E-04  7.2301E-14 -7.0983E-10 -9.9314E-10
  8.6936E-04  7.4517E-14 -7.2945E-10 -1.0206E-09
  8.7594E-04  7.6799E-14 -7.4960E-10 -1.0488E-09
  8.8256E-04  7.9150E-14 -7.7030E-10 -1.0777E-09
  8.8924E-04  8.1571E-14 -7.9155E-10 -1.1075E-09
  8.9596E-04  8.4064E-14 -8.1339E-10 -1.1380E-09
  9.0272E-04  8.6633E-14 -8.3581E-10 -1.1694E-09
  9.0954E-04  8.9278E-14 -8.5885E-10 -1.2016E-09
  9.1640E-04  9.2002E-14 -8.8250E-10 -1.2347E-09
  9.2331E-04  9.4808E-14 -9.0680E-10 -1.2687E-09
  9.3026E-04  9.7698E-14 -9.3175E-10 -1.3036E-09
  9.3727E-04  1.0067E-13 -9.5737E-10 -1.3395E-09
  9.4432E-04  1.0374E-13 -9.8369E-10 -1.3763E-09
  9.5142E-04  1.0690E-13 -1.0107E-09 -1.4141E-09
  9.5858E-04  1.1015E-13 -1.0385E-09 -1.4530E-09
  9.6578E-04  1.1349E-13 -1.0670E-09 -1.4929E-09
  9.7303E-04  1.1694E-13 -1.0963E-09 -1.5338E-09
  9.8033E-04  1.2049E-13 -1.1263E-09 -1.5759E-09
  9.8768E-04  1.2415E-13 -1.1572E-09 -1.6191E-09
  9.9509E-04  1.2791E-13 -1.1889E-09 -1.6635E-09
  1.0025E-03  1.3179E-13 -1.2215E-09 -1.7090E-09
  1.0101E-03  1.3578E-13 -1.2549E-09 -1.7558E-09
  1.0176E-03  1.3989E-13 -1.2893E-09 -1.8039E-09
  1.0252E-03  1.4413E-13 -1.3246E-09 -1.8532E-09
  1.0329E-03  1.4848E-13 -1.3608E-09 -1.9039E-09
  1.0406E-03  1.5297E-13 -1.3980E-09 -1.9559E-09
  1.0484E-03  1.5759E-13 -1.4362E-09 -2.0094E-09
  1.0562E-03  1.6235E-13 -1.4754E-09 -2.0643E-09
  1.0641E-03  1.6725E-13 -1.5157E-09 -2.1206E-09
  1.0720E-03  1.7230E-13 -1.5570E-09 -2.1785E-09
  1.0800E-03  1.7749E-13 -1.5995E-09 -2.2379E-09
  1.0881E-03  1.8284E-13 -1.6431E-09 -2.2989E-09
  1.0962E-03  1.8835E-13 -1.6879E-09 -2.3616E-09
  1.1043E-03  1.9402E-13 -1.7339E-09 -2.4259E-09
  1.1125E-03  1.9986E-13 -1.7811E-09 -2.4920E-09
  1.1208E-03  2.0587E-13 -1.8296E-09 -2.5598E-09
  1.1291E-03  2.1206E-13 -1.8794E-09 -2.6295E-09
  1.1375E-03  2.1843E-13 -1.9305E-09 -2.7010E-09
  1.1460E-03  2.2499E-13 -1.9830E-09 -2.7745E-09
  1.1545E-03  2.3174E-13 -2.0369E-09 -2.8499E-09
  1.1630E-03  2.3870E-13 -2.0923E-09 -2.9274E-09
  1.1717E-03  2.4586E-13 -2.1491E-09 -3.0069E-09
  1.1804E-03  2.5323E-13 -2.2075E-09 -3.0886E-09
  1.1891E-03  2.6081E-13 -2.2674E-09 -3.1724E-09
  1.1979E-03  2.6862E-13 -2.3289E-09 -3.2585E-09
  1.2068E-03  2.7667E-13 -2.3921E-09 -3.3469E-09
  1.2157E-03  2.8494E-13 -2.4570E-09 -3.4376E-09
  1.2247E-03  2.9347E-13 -2.5236E-09 -3.5308E-09
  1.2337E-03  3.0224E-13 -2.5920E-09 -3.6265E-09
  1.2429E-03  3.1127E-13 -2.6622E-09 -3.7248E-09
  1.2520E-03  3.2057E-13 -2.7343E-09 -3.8257E-09
  1.2613E-03  3.3014E-13 -2.8083E-09 -3.9292E-09
  1.2706E-03  3.3999E-13 -2.8844E-09 -4.0356E-09
  1.2800E-03  3.5014E-13 -2.9624E-09 -4.1448E-09
  1.2894E-03  3.6058E-13 -3.0425E-09 -4.2569E-09
  1.2989E-03  3.7132E-13 -3.1248E-09 -4.3720E-09
  1.3085E-03  3.8239E-13 -3.2093E-09 -4.4902E-09
  1.3181E-03  3.9378E-13 -3.2960E-09 -4.6115E-09
  1.3278E-03  4.0550E-13 -3.3850E-09 -4.7361E-09
  1.3376E-03  4.1756E-13 -3.4765E-09 -4.8640E-09
  1.3474E-03  4.2998E-13 -3.5703E-09 -4.9953E-09
  1.3573E-03  4.4277E-13 -3.6667E-09 -5.1302E-09
  1.3673E-03  4.5593E-13 -3.7656E-09 -5.2686E-09
  1.3773E-03  4.6947E-13 -3.8672E-09 -5.4107E-09
  1.3874E-03  4.8342E-13 -3.9715E-09 -5.5567E-09
  1.3976E-03  4.9777E-13 -4.0786E-09 -5.7065E-09
  1.4079E-03  5.1254E-13 -4.1885E-09 -5.8603E-09
  1.4182E-03  5.2774E-13 -4.3014E-09 -6.0182E-09
  1.4286E-03  5.4339E-13 -4.4173E-09 -6.1803E-09
  1.4391E-03  5.5950E-13 -4.5362E-09 -6.3468E-09
  1.4496E-03  5.7608E-13 -4.6584E-09 -6.5177E-09
  1.4602E-03  5.9314E-13 -4.7838E-09 -6.6931E-09
  1.4709E-03  6.1070E-13 -4.9125E-09 -6.8732E-09
  1.4817E-03  6.2877E-13 -5.0447E-09 -7.0581E-09
  1.4925E-03  6.4738E-13 -5.1804E-09 -7.2480E-09
  1.5034E-03  6.6652E-13 -5.3197E-09 -7.4429E-09
  1.5144E-03  6.8623E-13 -5.4627E-09 -7.6429E-09
  1.5255E-03  7.0651E-13 -5.6095E-09 -7.8484E-09
  1.5366E-03  7.2738E-13 -5.7602E-09 -8.0592E-09
  1.5479E-03  7.4886E-13 -5.9149E-09 -8.2757E-09
  1.5592E-03  7.7097E-13 -6.0738E-09 -8.4980E-09
  1.5706E-03  7.9373E-13 -6.2369E-09 -8.7262E-09
  1.5820E-03  8.1714E-13 -6.4043E-09 -8.9604E-09
  1.5935E-03  8.4124E-13 -6.5762E-09 -9.2009E-09
  1.6052E-03  8.6604E-13 -6.7526E-09 -9.4478E-09
  1.6169E-03  8.9157E-13 -6.9338E-09 -9.7012E-09
  1.6286E-03  9.1784E-13 -7.1197E-09 -9.9614E-09
  1.6405E-03  9.4487E-13 -7.3107E-09 -1.0229E-08
  1.6524E-03  9.7269E-13 -7.5066E-09 -1.0503E-08
  1.6645E-03  1.0013E-12 -7.7078E-09 -1.0784E-08
  1.6766E-03  1.0308E-12 -7.9144E-09 -1.1073E-08
  1.6888E-03  1.0611E-12 -8.1264E-09 -1.1370E-08
  1.7011E-03  1.0923E-12 -8.3440E-09 -1.1674E-08
  1.7134E-03  1.1244E-12 -8.5675E-09 -1.1987E-08
  1.7259E-03  1.1575E-12 -8.7969E-09 -1.2308E-08
  1.7384E-03  1.1915E-12 -9.0323E-09 -1.2637E-08
  1.7510E-03  1.2264E-12 -9.2741E-09 -1.2976E-08
  1.7638E-03  1.2624E-12 -9.5222E-09 -1.3323E-08
  1.7766E-03  1.2995E-12 -9.7769E-09 -1.3679E-08
  1.7894E-03  1.3376E-12 -1.0038E-08 -1.4045E-08
  1.8024E-03  1.3769E-12 -1.0307E-08 -1.4421E-08
  1.8155E-03  1.4172E-12 -1.0582E-08 -1.4806E-08
  1.8287E-03  1.4588E-12 -1.0865E-08 -1.5202E-08
  1.8419E-03  1.5015E-12 -1.1156E-08 -1.5608E-08
  1.8553E-03  1.5455E-12 -1.1454E-08 -1.6025E-08
  1.8687E-03  1.5908E-12 -1.1760E-08 -1.6453E-08
  1.8822E-03  1.6374E-12 -1.2074E-08 -1.6893E-08
  1.8958E-03  1.6853E-12 -1.2396E-08 -1.7344E-08
  1.9096E-03  1.7346E-12 -1.2727E-08 -1.7807E-08
  1.9234E-03  1.7854E-12 -1.3067E-08 -1.8282E-08
  1.9373E-03  1.8376E-12 -1.3416E-08 -1.8770E-08
  1.9513E-03  1.8913E-12 -1.3774E-08 -1.9271E-08
  1.9654E-03  1.9466E-12 -1.4141E-08 -1.9785E-08
  1.9796E-03  2.0035E-12 -1.4519E-08 -2.0313E-08
  1.9939E-03  2.0620E-12 -1.4906E-08 -2.0855E-08
  2.0083E-03  2.1222E-12 -1.5303E-08 -2.1411E-08
  2.0228E-03  2.1842E-12 -1.5711E-08 -2.1982E-08
  2.0374E-03  2.2479E-12 -1.6130E-08 -2.2568E-08
  2.0521E-03  2.3135E-12 -1.6560E-08 -2.3169E-08
  2.0669E-03  2.3810E-12 -1.7001E-08 -2.3787E-08
  2.0818E-03  2.4505E-12 -1.7454E-08 -2.4421E-08
  2.0969E-03  2.5220E-12 -1.7919E-08 -2.5071E-08
  2.1120E-03  2.5955E-12 -1.8397E-08 -2.5739E-08
  2.1272E-03  2.6711E-12 -1.8887E-08 -2.6425E-08
  2.1425E-03  2.7489E-12 -1.9390E-08 -2.7128E-08
  2.1580E-03  2.8290E-12 -1.9906E-08 -2.7851E-08
  2.1735E-03  2.9114E-12 -2.0436E-08 -2.8592E-08
  2.1892E-03  2.9962E-12 -2.0980E-08 -2.9353E-08
  2.2049E-03  3.0834E-12 -2.1538E-08 -3.0134E-08
  2.2208E-03  3.1731E-12 -2.2111E-08 -3.0936E-08
  2.2368E-03  3.2654E-12 -2.2699E-08 -3.1759E-08
  2.2529E-03  3.3604E-12 -2.3303E-08 -3.2604E-08
  2.2691E-03  3.4582E-12 -2.3923E-08 -3.3471E-08
  2.2854E-03  3.5587E-12 -2.4559E-08 -3.4361E-08
  2.3018E-03  3.6621E-12 -2.5212E-08 -3.5274E-08
  2.3183E-03  3.7685E-12 -2.5882E-08 -3.6212E-08
  2.3350E-03  3.8780E-12 -2.6570E-08 -3.7175E-08
  2.3518E-03  3.9907E-12 -2.7276E-08 -3.8163E-08
  2.3687E-03  4.1066E-12 -2.8001E-08 -3.9177E-08
  2.3857E-03  4.2258E-12 -2.8745E-08 -4.0218E-08
  2.4028E-03  4.3484E-12 -2.9509E-08 -4.1286E-08
  2.4200E-03  4.4746E-12 -3.0293E-08 -4.2383E-08
  2.4374E-03  4.6045E-12 -3.1097E-08 -4.3508E-08
  2.4549E-03  4.7380E-12 -3.1923E-08 -4.4664E-08
  2.4725E-03  4.8754E-12 -3.2770E-08 -4.5849E-08
  2.4902E-03  5.0168E-12 -3.3640E-08 -4.7067E-08
  2.5081E-03  5.1622E-12 -3.4533E-08 -4.8316E-08
  2.5261E-03  5.3118E-12 -3.5450E-08 -4.9598E-08
  2.5442E-03  5.4657E-12 -3.6391E-08 -5.0914E-08
  2.5624E-03  5.6241E-12 -3.7356E-08 -5.2265E-08
  2.5808E-03  5.7869E-12 -3.8347E-08 -5.3652E-08
  2.5992E-03  5.9545E-12 -3.9365E-08 -5.5075E-08
  2.6178E-03  6.1269E-12 -4.0409E-08 -5.6536E-08
  2.6366E-03  6.3042E-12 -4.1480E-08 -5.8035E-08
  2.6555E-03  6.4867E-12 -4.2580E-08 -5.9574E-08
  2.6745E-03  6.6744E-12 -4.3709E-08 -6.1154E-08
  2.6936E-03  6.8674E-12 -4.4868E-08 -6.2775E-08
  2.7129E-03  7.0660E-12 -4.6057E-08 -6.4439E-08
  2.7323E-03  7.2704E-12 -4.7278E-08 -6.6147E-08
  2.7518E-03  7.4805E-12 -4.8531E-08 -6.7900E-08
  2.7715E-03  7.6968E-12 -4.9817E-08 -6.9699E-08
  2.7913E-03  7.9192E-12 -5.1137E-08 -7.1545E-08
  2.8112E-03  8.1480E-12 -5.2491E-08 -7.3441E-08
  2.8313E-03  8.3834E-12 -5.3882E-08 -7.5386E-08
  2.8515E-03  8.6255E-12 -5.5309E-08 -7.7383E-08
  2.8719E-03  8.8746E-12 -5.6773E-08 -7.9432E-08
  2.8924E-03  9.1308E-12 -5.8277E-08 -8.1535E-08
  2.9131E-03  9.3943E-12 -5.9820E-08 -8.3694E-08
  2.9339E-03  9.6654E-12 -6.1403E-08 -8.5909E-08
  2.9548E-03  9.9443E-12 -6.3028E-08 -8.8183E-08
  2.9759E-03  1.0231E-11 -6.4696E-08 -9.0517E-08
  2.9971E-03  1.0526E-11 -6.6409E-08 -9.2912E-08
  3.0185E-03  1.0830E-11 -6.8166E-08 -9.5371E-08
  3.0400E-03  1.1142E-11 -6.9969E-08 -9.7894E-08
  3.0617E-03  1.1463E-11 -7.1820E-08 -1.0048E-07
  3.0835E-03  1.1794E-11 -7.3720E-08 -1.0314E-07
  3.1055E-03  1.2134E-11 -7.5670E-08 -1.0587E-07
  3.1276E-03  1.2483E-11 -7.7671E-08 -1.0867E-07
  3.1499E-03  1.2843E-11 -7.9724E-08 -1.1154E-07
  3.1724E-03  1.3213E-11 -8.1832E-08 -1.1449E-07
  3.1950E-03  1.3593E-11 -8.3996E-08 -1.1752E-07
  3.2177E-03  1.3985E-11 -8.6216E-08 -1.2062E-07
  3.2406E-03  1.4387E-11 -8.8494E-08 -1.2381E-07
  3.2637E-03  1.4801E-11 -9.0833E-08 -1.2708E-07
  3.2869E-03  1.5227E-11 -9.3233E-08 -1.3044E-07
  3.3103E-03  1.5666E-11 -9.5697E-08 -1.3389E-07
  3.3339E-03  1.6116E-11 -9.8225E-08 -1.3743E-07
  3.3576E-03  1.6580E-11 -1.0082E-07 -1.4106E-07
  3.3815E-03  1.7057E-11 -1.0348E-07 -1.4478E-07
  3.4055E-03  1.7547E-11 -1.0622E-07 -1.4861E-07
  3.4298E-03  1.8052E-11 -1.0902E-07 -1.5253E-07
  3.4542E-03  1.8571E-11 -1.1190E-07 -1.5656E-07
  3.4787E-03  1.9104E-11 -1.1485E-07 -1.6069E-07
  3.5034E-03  1.9653E-11 -1.1788E-07 -1.6493E-07
  3.5283E-03  2.0218E-11 -1.2100E-07 -1.6928E-07
  3.5534E-03  2.0799E-11 -1.2419E-07 -1.7375E-07
  3.5787E-03  2.1396E-11 -1.2747E-07 -1.7834E-07
  3.6041E-03  2.2011E-11 -1.3083E-07 -1.8304E-07
  3.6297E-03  2.2643E-11 -1.3428E-07 -1.8787E-07
  3.6555E-03  2.3293E-11 -1.3782E-07 -1.9283E-07
  3.6814E-03  2.3962E-11 -1.4146E-07 -1.9791E-07
  3.7076E-03  2.4650E-11 -1.4519E-07 -2.0313E-07
  3.7339E-03  2.5357E-11 -1.4902E-07 -2.0849E-07
  3.7604E-03  2.6085E-11 -1.5295E-07 -2.1399E-07
  3.7871E-03  2.6833E-11 -1.5698E-07 -2.1963E-07
  3.8139E-03  2.7603E-11 -1.6112E-07 -2.2542E-07
  3.8410E-03  2.8394E-11 -1.6537E-07 -2.3136E-07
  3.8682E-03  2.9209E-11 -1.6972E-07 -2.3746E-07
  3.8957E-03  3.0046E-11 -1.7420E-07 -2.4372E-07
  3.9233E-03  3.0908E-11 -1.7879E-07 -2.5014E-07
  3.9511E-03  3.1794E-11 -1.8350E-07 -2.5673E-07
  3.9791E-03  3.2705E-11 -1.8833E-07 -2.6349E-07
  4.0073E-03  3.3642E-11 -1.9329E-07 -2.7043E-07
  4.0357E-03  3.4606E-11 -1.9838E-07 -2.7756E-07
  4.0643E-03  3.5598E-11 -2.0361E-07 -2.8487E-07
  4.0932E-03  3.6618E-11 -2.0897E-07 -2.9237E-07
  4.1222E-03  3.7667E-11 -2.1447E-07 -3.0007E-07
  4.1514E-03  3.8745E-11 -2.2012E-07 -3.0796E-07
  4.1808E-03  3.9855E-11 -2.2591E-07 -3.1607E-07
  4.2104E-03  4.0996E-11 -2.3186E-07 -3.2439E-07
  4.2402E-03  4.2170E-11 -2.3796E-07 -3.3293E-07
  4.2702E-03  4.3377E-11 -2.4422E-07 -3.4169E-07
  4.3004E-03  4.4618E-11 -2.5065E-07 -3.5068E-07
  4.3309E-03  4.5895E-11 -2.5724E-07 -3.5990E-07
  4.3615E-03  4.7208E-11 -2.6401E-07 -3.6937E-07
  4.3924E-03  4.8559E-11 -2.7095E-07 -3.7908E-07
  4.4235E-03  4.9948E-11 -2.7808E-07 -3.8905E-07
  4.4548E-03  5.1377E-11 -2.8539E-07 -3.9928E-07
  4.4863E-03  5.2846E-11 -2.9289E-07 -4.0978E-07
  4.5180E-03  5.4357E-11 -3.0059E-07 -4.2055E-07
  4.5500E-03  5.5911E-11 -3.0850E-07 -4.3161E-07
  4.5822E-03  5.7510E-11 -3.1660E-07 -4.4295E-07
  4.6146E-03  5.9154E-11 -3.2492E-07 -4.5459E-07
  4.6472E-03  6.0845E-11 -3.3346E-07 -4.6654E-07
  4.6801E-03  6.2584E-11 -3.4222E-07 -4.7879E-07
  4.7131E-03  6.4372E-11 -3.5121E-07 -4.9137E-07
  4.7464E-03  6.6211E-11 -3.6044E-07 -5.0428E-07
  4.7800E-03  6.8103E-11 -3.6990E-07 -5.1752E-07
  4.8138E-03  7.0048E-11 -3.7962E-07 -5.3111E-07
  4.8478E-03  7.2049E-11 -3.8958E-07 -5.4505E-07
  4.8820E-03  7.4107E-11 -3.9981E-07 -5.5936E-07
  4.9165E-03  7.6223E-11 -4.1030E-07 -5.7404E-07
  4.9512E-03  7.8400E-11 -4.2107E-07 -5.8911E-07
  4.9862E-03  8.0638E-11 -4.3212E-07 -6.0457E-07
  5.0214E-03  8.2940E-11 -4.4346E-07 -6.2043E-07
  5.0569E-03  8.5308E-11 -4.5509E-07 -6.3671E-07
  5.0926E-03  8.7742E-11 -4.6703E-07 -6.5341E-07
  5.1285E-03  9.0246E-11 -4.7928E-07 -6.7054E-07
  5.1647E-03  9.2822E-11 -4.9185E-07 -6.8813E-07
  5.2012E-03  9.5470E-11 -5.0475E-07 -7.0617E-07
  5.2379E-03  9.8194E-11 -5.1798E-07 -7.2468E-07
  5.2749E-03  1.0099E-10 -5.3156E-07 -7.4368E-07
  5.3121E-03  1.0388E-10 -5.4549E-07 -7.6317E-07
  5.3496E-03  1.0684E-10 -5.5978E-07 -7.8317E-07
  5.3873E-03  1.0988E-10 -5.7445E-07 -8.0369E-07
  5.4253E-03  1.1302E-10 -5.8950E-07 -8.2474E-07
  5.4636E-03  1.1624E-10 -6.0494E-07 -8.4634E-07
  5.5021E-03  1.1955E-10 -6.2078E-07 -8.6851E-07
  5.5409E-03  1.2296E-10 -6.3704E-07 -8.9125E-07
  5.5800E-03  1.2647E-10 -6.5372E-07 -9.1458E-07
  5.6193E-03  1.3007E-10 -6.7083E-07 -9.3853E-07
  5.6589E-03  1.3378E-10 -6.8839E-07 -9.6309E-07
  5.6988E-03  1.3759E-10 -7.0640E-07 -9.8829E-07
  5.7390E-03  1.4151E-10 -7.2489E-07 -1.0142E-06
  5.7794E-03  1.4554E-10 -7.4385E-07 -1.0407E-06
  5.8201E-03  1.4969E-10 -7.6331E-07 -1.0679E-06
  5.8612E-03  1.5395E-10 -7.8327E-07 -1.0958E-06
  5.9024E-03  1.5834E-10 -8.0375E-07 -1.1245E-06
  5.9440E-03  1.6285E-10 -8.2477E-07 -1.1539E-06
  5.9859E-03  1.6748E-10 -8.4633E-07 -1.1840E-06
  6.0281E-03  1.7225E-10 -8.6845E-07 -1.2150E-06
  6.0705E-03  1.7716E-10 -8.9114E-07 -1.2467E-06
  6.1133E-03  1.8220E-10 -9.1442E-07 -1.2793E-06
  6.1563E-03  1.8739E-10 -9.3831E-07 -1.3127E-06
  6.1997E-03  1.9272E-10 -9.6282E-07 -1.3470E-06
  6.2433E-03  1.9821E-10 -9.8796E-07 -1.3822E-06
  6.2873E-03  2.0385E-10 -1.0138E-06 -1.4183E-06
  6.3315E-03  2.0965E-10 -1.0402E-06 -1.4553E-06
  6.3761E-03  2.1561E-10 -1.0674E-06 -1.4933E-06
  6.4210E-03  2.2175E-10 -1.0952E-06 -1.5323E-06
  6.4662E-03  2.2806E-10 -1.1238E-06 -1.5722E-06
  6.5117E-03  2.3454E-10 -1.1531E-06 -1.6133E-06
  6.5575E-03  2.4122E-10 -1.1832E-06 -1.6553E-06
  6.6036E-03  2.4808E-10 -1.2140E-06 -1.6985E-06
  6.6501E-03  2.5513E-10 -1.2457E-06 -1.7428E-06
  6.6969E-03  2.6239E-10 -1.2782E-06 -1.7882E-06
  6.7440E-03  2.6985E-10 -1.3115E-06 -1.8348E-06
  6.7914E-03  2.7752E-10 -1.3457E-06 -1.8826E-06
  6.8392E-03  2.8541E-10 -1.3807E-06 -1.9317E-06
  6.8873E-03  2.9352E-10 -1.4167E-06 -1.9820E-06
  6.9357E-03  3.0187E-10 -1.4536E-06 -2.0336E-06
  6.9845E-03  3.1045E-10 -1.4914E-06 -2.0865E-06
  7.0336E-03  3.1927E-10 -1.5302E-06 -2.1409E-06
  7.0830E-03  3.2835E-10 -1.5701E-06 -2.1966E-06
  7.1328E-03  3.3768E-10 -1.6109E-06 -2.2537E-06
  7.1830E-03  3.4727E-10 -1.6528E-06 -2.3124E-06
  7.2335E-03  3.5714E-10 -1.6958E-06 -2.3725E-06
  7.2843E-03  3.6729E-10 -1.7399E-06 -2.4342E-06
  7.3355E-03  3.7772E-10 -1.7852E-06 -2.4975E-06
  7.3871E-03  3.8845E-10 -1.8316E-06 -2.5624E-06
  7.4390E-03  3.9948E-10 -1.8792E-06 -2.6290E-06
  7.4912E-03  4.1083E-10 -1.9280E-06 -2.6973E-06
  7.5439E-03  4.2250E-10 -1.9781E-06 -2.7674E-06
  7.5969E-03  4.3450E-10 -2.0295E-06 -2.8392E-06
  7.6502E-03  4.4683E-10 -2.0822E-06 -2.9130E-06
  7.7040E-03  4.5952E-10 -2.1362E-06 -2.9886E-06
  7.7581E-03  4.7257E-10 -2.1917E-06 -3.0661E-06
  7.8126E-03  4.8598E-10 -2.2485E-06 -3.1457E-06
  7.8674E-03  4.9978E-10 -2.3069E-06 -3.2273E-06
  7.9227E-03  5.1397E-10 -2.3667E-06 -3.3110E-06
  7.9783E-03  5.2856E-10 -2.4281E-06 -3.3969E-06
  8.0343E-03  5.4356E-10 -2.4910E-06 -3.4849E-06
  8.0907E-03  5.5899E-10 -2.5556E-06 -3.5752E-06
  8.1475E-03  5.7485E-10 -2.6218E-06 -3.6679E-06
  8.2047E-03  5.9116E-10 -2.6897E-06 -3.7629E-06
  8.2623E-03  6.0794E-10 -2.7594E-06 -3.8603E-06
  8.3203E-03  6.2518E-10 -2.8308E-06 -3.9603E-06
  8.3787E-03  6.4292E-10 -2.9041E-06 -4.0628E-06
  8.4375E-03  6.6116E-10 -2.9792E-06 -4.1679E-06
  8.4967E-03  6.7992E-10 -3.0563E-06 -4.2758E-06
  8.5564E-03  6.9920E-10 -3.1354E-06 -4.3864E-06
  8.6164E-03  7.1904E-10 -3.2165E-06 -4.4998E-06
  8.6769E-03  7.3943E-10 -3.2996E-06 -4.6161E-06
  8.7377E-03  7.6040E-10 -3.3849E-06 -4.7354E-06
  8.7990E-03  7.8196E-10 -3.4724E-06 -4.8578E-06
  8.8608E-03  8.0414E-10 -3.5620E-06 -4.9832E-06
  8.9229E-03  8.2694E-10 -3.6540E-06 -5.1119E-06
  8.9855E-03  8.5039E-10 -3.7484E-06 -5.2439E-06
  9.0485E-03  8.7450E-10 -3.8451E-06 -5.3792E-06
  9.1120E-03  8.9929E-10 -3.9443E-06 -5.5180E-06
  9.1759E-03  9.2478E-10 -4.0461E-06 -5.6604E-06
  9.2403E-03  9.5100E-10 -4.1504E-06 -5.8063E-06
  9.3051E-03  9.7795E-10 -4.2574E-06 -5.9560E-06
  9.3703E-03  1.0057E-09 -4.3672E-06 -6.1095E-06
  9.4360E-03  1.0342E-09 -4.4797E-06 -6.2670E-06
  9.5022E-03  1.0635E-09 -4.5951E-06 -6.4284E-06
  9.5688E-03  1.0936E-09 -4.7134E-06 -6.5939E-06
  9.6359E-03  1.1246E-09 -4.8348E-06 -6.7636E-06
  9.7034E-03  1.1565E-09 -4.9592E-06 -6.9377E-06
  9.7714E-03  1.1892E-09 -5.0868E-06 -7.1162E-06
  9.8399E-03  1.2229E-09 -5.2176E-06 -7.2992E-06
  9.9089E-03  1.2576E-09 -5.3518E-06 -7.4869E-06
  9.9783E-03  1.2932E-09 -5.4893E-06 -7.6793E-06
  1.0048E-02  1.3298E-09 -5.6304E-06 -7.8766E-06
  1.0119E-02  1.3675E-09 -5.7750E-06 -8.0790E-06
  1.0190E-02  1.4062E-09 -5.9233E-06 -8.2864E-06
  1.0261E-02  1.4461E-09 -6.0754E-06 -8.4991E-06
  1.0333E-02  1.4870E-09 -6.2313E-06 -8.7172E-06
  1.0405E-02  1.5291E-09 -6.3912E-06 -8.9408E-06
  1.0478E-02  1.5724E-09 -6.5551E-06 -9.1701E-06
  1.0552E-02  1.6170E-09 -6.7231E-06 -9.4052E-06
  1.0625E-02  1.6628E-09 -6.8954E-06 -9.6462E-06
  1.0700E-02  1.7098E-09 -7.0721E-06 -9.8933E-06
  1.0775E-02  1.7582E-09 -7.2532E-06 -1.0147E-05
  1.0850E-02  1.8080E-09 -7.4389E-06 -1.0406E-05
  1.0926E-02  1.8592E-09 -7.6293E-06 -1.0673E-05
  1.1003E-02  1.9118E-09 -7.8245E-06 -1.0946E-05
  1.1080E-02  1.9660E-09 -8.0246E-06 -1.1226E-05
  1.1157E-02  2.0216E-09 -8.2297E-06 -1.1513E-05
  1.1236E-02  2.0788E-09 -8.4400E-06 -1.1807E-05
  1.1314E-02  2.1377E-09 -8.6557E-06 -1.2109E-05
  1.1393E-02  2.1982E-09 -8.8767E-06 -1.2418E-05
  1.1473E-02  2.2604E-09 -9.1033E-06 -1.2735E-05
  1.1554E-02  2.3243E-09 -9.3356E-06 -1.3060E-05
  1.1634E-02  2.3901E-09 -9.5737E-06 -1.3393E-05
  1.1716E-02  2.4577E-09 -9.8179E-06 -1.3734E-05
  1.1798E-02  2.5273E-09 -1.0068E-05 -1.4084E-05
  1.1881E-02  2.5988E-09 -1.0325E-05 -1.4443E-05
  1.1964E-02  2.6723E-09 -1.0588E-05 -1.4811E-05
  1.2047E-02  2.7479E-09 -1.0857E-05 -1.5188E-05
  1.2132E-02  2.8256E-09 -1.1133E-05 -1.5574E-05
  1.2217E-02  2.9056E-09 -1.1417E-05 -1.5971E-05
  1.2302E-02  2.9878E-09 -1.1707E-05 -1.6377E-05
  1.2388E-02  3.0723E-09 -1.2005E-05 -1.6793E-05
  1.2475E-02  3.1592E-09 -1.2310E-05 -1.7220E-05
  1.2562E-02  3.2485E-09 -1.2622E-05 -1.7657E-05
  1.2650E-02  3.3404E-09 -1.2943E-05 -1.8105E-05
  1.2739E-02  3.4349E-09 -1.3271E-05 -1.8564E-05
  1.2828E-02  3.5320E-09 -1.3608E-05 -1.9035E-05
  1.2917E-02  3.6319E-09 -1.3953E-05 -1.9518E-05
  1.3008E-02  3.7346E-09 -1.4306E-05 -2.0012E-05
  1.3099E-02  3.8402E-09 -1.4669E-05 -2.0519E-05
  1.3190E-02  3.9487E-09 -1.5040E-05 -2.1039E-05
  1.3283E-02  4.0604E-09 -1.5421E-05 -2.1571E-05
  1.3376E-02  4.1752E-09 -1.5811E-05 -2.2117E-05
  1.3469E-02  4.2932E-09 -1.6211E-05 -2.2676E-05
  1.3563E-02  4.4146E-09 -1.6620E-05 -2.3249E-05
  1.3658E-02  4.5394E-09 -1.7040E-05 -2.3836E-05
  1.3754E-02  4.6677E-09 -1.7470E-05 -2.4438E-05
  1.3850E-02  4.7996E-09 -1.7911E-05 -2.5055E-05
  1.3947E-02  4.9353E-09 -1.8363E-05 -2.5687E-05
  1.4044E-02  5.0748E-09 -1.8826E-05 -2.6335E-05
  1.4143E-02  5.2182E-09 -1.9301E-05 -2.6998E-05
  1.4241E-02  5.3657E-09 -1.9787E-05 -2.7678E-05
  1.4341E-02  5.5173E-09 -2.0285E-05 -2.8375E-05
  1.4441E-02  5.6733E-09 -2.0795E-05 -2.9089E-05
  1.4542E-02  5.8336E-09 -2.1319E-05 -2.9821E-05
  1.4644E-02  5.9984E-09 -2.1855E-05 -3.0570E-05
  1.4746E-02  6.1679E-09 -2.2404E-05 -3.1338E-05
  1.4849E-02  6.3422E-09 -2.2966E-05 -3.2125E-05
  1.4953E-02  6.5214E-09 -2.3543E-05 -3.2932E-05
  1.5058E-02  6.7056E-09 -2.4134E-05 -3.3758E-05
  1.5163E-02  6.8951E-09 -2.4739E-05 -3.4604E-05
  1.5269E-02  7.0899E-09 -2.5359E-05 -3.5471E-05
  1.5376E-02  7.2902E-09 -2.5994E-05 -3.6360E-05
  1.5483E-02  7.4961E-09 -2.6645E-05 -3.7270E-05
  1.5591E-02  7.7079E-09 -2.7311E-05 -3.8202E-05
  1.5700E-02  7.9256E-09 -2.7994E-05 -3.9158E-05
  1.5810E-02  8.1495E-09 -2.8694E-05 -4.0136E-05
  1.5921E-02  8.3796E-09 -2.9411E-05 -4.1139E-05
  1.6032E-02  8.6163E-09 -3.0145E-05 -4.2166E-05
  1.6144E-02  8.8597E-09 -3.0898E-05 -4.3218E-05
  1.6257E-02  9.1099E-09 -3.1668E-05 -4.4296E-05
  1.6370E-02  9.3672E-09 -3.2457E-05 -4.5400E-05
  1.6485E-02  9.6317E-09 -3.3266E-05 -4.6530E-05
  1.6600E-02  9.9037E-09 -3.4094E-05 -4.7689E-05
  1.6716E-02  1.0183E-08 -3.4943E-05 -4.8875E-05
  1.6832E-02  1.0471E-08 -3.5811E-05 -5.0090E-05
  1.6950E-02  1.0767E-08 -3.6701E-05 -5.1335E-05
  1.7068E-02  1.1071E-08 -3.7613E-05 -5.2610E-05
  1.7188E-02  1.1383E-08 -3.8547E-05 -5.3916E-05
  1.7308E-02  1.1705E-08 -3.9503E-05 -5.5253E-05
  1.7429E-02  1.2035E-08 -4.0482E-05 -5.6623E-05
  1.7550E-02  1.2375E-08 -4.1485E-05 -5.8025E-05
  1.7673E-02  1.2724E-08 -4.2512E-05 -5.9462E-05
  1.7796E-02  1.3083E-08 -4.3564E-05 -6.0933E-05
  1.7921E-02  1.3453E-08 -4.4642E-05 -6.2440E-05
  1.8046E-02  1.3832E-08 -4.5745E-05 -6.3983E-05
  1.8172E-02  1.4223E-08 -4.6875E-05 -6.5563E-05
  1.8299E-02  1.4624E-08 -4.8032E-05 -6.7180E-05
  1.8427E-02  1.5037E-08 -4.9217E-05 -6.8837E-05
  1.8555E-02  1.5462E-08 -5.0430E-05 -7.0534E-05
  1.8685E-02  1.5898E-08 -5.1672E-05 -7.2271E-05
  1.8815E-02  1.6347E-08 -5.2944E-05 -7.4050E-05
  1.8947E-02  1.6808E-08 -5.4246E-05 -7.5871E-05
  1.9079E-02  1.7282E-08 -5.5580E-05 -7.7736E-05
  1.9212E-02  1.7770E-08 -5.6945E-05 -7.9645E-05
  1.9346E-02  1.8271E-08 -5.8343E-05 -8.1600E-05
  1.9482E-02  1.8787E-08 -5.9775E-05 -8.3602E-05
  1.9618E-02  1.9317E-08 -6.1240E-05 -8.5651E-05
  1.9755E-02  1.9862E-08 -6.2740E-05 -8.7749E-05
  1.9892E-02  2.0423E-08 -6.4276E-05 -8.9897E-05
  2.0031E-02  2.0999E-08 -6.5849E-05 -9.2095E-05
  2.0171E-02  2.1591E-08 -6.7458E-05 -9.4346E-05
  2.0312E-02  2.2201E-08 -6.9106E-05 -9.6650E-05
  2.0454E-02  2.2827E-08 -7.0793E-05 -9.9009E-05
  2.0597E-02  2.3471E-08 -7.2520E-05 -1.0142E-04
  2.0740E-02  2.4133E-08 -7.4287E-05 -1.0390E-04
  2.0885E-02  2.4814E-08 -7.6096E-05 -1.0642E-04
  2.1031E-02  2.5514E-08 -7.7948E-05 -1.0901E-04
  2.1178E-02  2.6234E-08 -7.9844E-05 -1.1166E-04
  2.1325E-02  2.6974E-08 -8.1784E-05 -1.1438E-04
  2.1474E-02  2.7735E-08 -8.3770E-05 -1.1715E-04
  2.1624E-02  2.8517E-08 -8.5802E-05 -1.2000E-04
  2.1775E-02  2.9321E-08 -8.7882E-05 -1.2290E-04
  2.1927E-02  3.0148E-08 -9.0011E-05 -1.2588E-04
  2.2080E-02  3.0998E-08 -9.2189E-05 -1.2893E-04
  2.2234E-02  3.1873E-08 -9.4419E-05 -1.3204E-04
  2.2389E-02  3.2772E-08 -9.6700E-05 -1.3523E-04
  2.2546E-02  3.3696E-08 -9.9035E-05 -1.3850E-04
  2.2703E-02  3.4646E-08 -1.0142E-04 -1.4184E-04
  2.2861E-02  3.5623E-08 -1.0387E-04 -1.4526E-04
  2.3021E-02  3.6628E-08 -1.0637E-04 -1.4875E-04
  2.3181E-02  3.7661E-08 -1.0893E-04 -1.5233E-04
  2.3343E-02  3.8723E-08 -1.1155E-04 -1.5599E-04
  2.3506E-02  3.9815E-08 -1.1423E-04 -1.5974E-04
  2.3670E-02  4.0937E-08 -1.1697E-04 -1.6357E-04
  2.3835E-02  4.2092E-08 -1.1977E-04 -1.6749E-04
  2.4002E-02  4.3278E-08 -1.2264E-04 -1.7151E-04
  2.4169E-02  4.4499E-08 -1.2558E-04 -1.7561E-04
  2.4338E-02  4.5753E-08 -1.2858E-04 -1.7981E-04
  2.4507E-02  4.7043E-08 -1.3166E-04 -1.8410E-04
  2.4678E-02  4.8370E-08 -1.3480E-04 -1.8850E-04
  2.4851E-02  4.9733E-08 -1.3801E-04 -1.9299E-04
  2.5024E-02  5.1135E-08 -1.4130E-04 -1.9759E-04
  2.5198E-02  5.2577E-08 -1.4467E-04 -2.0229E-04
  2.5374E-02  5.4059E-08 -1.4811E-04 -2.0710E-04
  2.5551E-02  5.5583E-08 -1.5163E-04 -2.1202E-04
  2.5729E-02  5.7150E-08 -1.5523E-04 -2.1705E-04
  2.5909E-02  5.8761E-08 -1.5891E-04 -2.2220E-04
  2.6090E-02  6.0417E-08 -1.6267E-04 -2.2746E-04
  2.6272E-02  6.2120E-08 -1.6652E-04 -2.3285E-04
  2.6455E-02  6.3871E-08 -1.7046E-04 -2.3835E-04
  2.6639E-02  6.5671E-08 -1.7449E-04 -2.4398E-04
  2.6825E-02  6.7522E-08 -1.7861E-04 -2.4974E-04
  2.7012E-02  6.9425E-08 -1.8282E-04 -2.5562E-04
  2.7201E-02  7.1382E-08 -1.8712E-04 -2.6164E-04
  2.7390E-02  7.3394E-08 -1.9153E-04 -2.6779E-04
  2.7581E-02  7.5462E-08 -1.9603E-04 -2.7409E-04
  2.7774E-02  7.7589E-08 -2.0063E-04 -2.8052E-04
  2.7967E-02  7.9775E-08 -2.0534E-04 -2.8710E-04
  2.8162E-02  8.2023E-08 -2.1015E-04 -2.9382E-04
  2.8359E-02  8.4335E-08 -2.1507E-04 -3.0070E-04
  2.8557E-02  8.6711E-08 -2.2010E-04 -3.0773E-04
  2.8756E-02  8.9155E-08 -2.2524E-04 -3.1491E-04
  2.8956E-02  9.1667E-08 -2.3049E-04 -3.2225E-04
  2.9158E-02  9.4250E-08 -2.3586E-04 -3.2976E-04
  2.9361E-02  9.6905E-08 -2.4136E-04 -3.3744E-04
  2.9566E-02  9.9636E-08 -2.4697E-04 -3.4528E-04
  2.9772E-02  1.0244E-07 -2.5270E-04 -3.5330E-04
  2.9980E-02  1.0533E-07 -2.5857E-04 -3.6149E-04
  3.0189E-02  1.0830E-07 -2.6456E-04 -3.6986E-04
  3.0399E-02  1.1135E-07 -2.7068E-04 -3.7842E-04
  3.0611E-02  1.1449E-07 -2.7694E-04 -3.8717E-04
  3.0825E-02  1.1771E-07 -2.8334E-04 -3.9611E-04
  3.1040E-02  1.2103E-07 -2.8988E-04 -4.0524E-04
  3.1256E-02  1.2444E-07 -2.9655E-04 -4.1457E-04
  3.1474E-02  1.2794E-07 -3.0338E-04 -4.2411E-04
  3.1693E-02  1.3155E-07 -3.1035E-04 -4.3385E-04
  3.1914E-02  1.3525E-07 -3.1748E-04 -4.4381E-04
  3.2137E-02  1.3906E-07 -3.2476E-04 -4.5398E-04
  3.2361E-02  1.4298E-07 -3.3220E-04 -4.6438E-04
  3.2586E-02  1.4701E-07 -3.3980E-04 -4.7499E-04
  3.2814E-02  1.5115E-07 -3.4756E-04 -4.8584E-04
  3.3042E-02  1.5540E-07 -3.5549E-04 -4.9692E-04
  3.3273E-02  1.5978E-07 -3.6359E-04 -5.0824E-04
  3.3505E-02  1.6428E-07 -3.7186E-04 -5.1980E-04
  3.3738E-02  1.6891E-07 -3.8032E-04 -5.3161E-04
  3.3973E-02  1.7366E-07 -3.8895E-04 -5.4367E-04
  3.4210E-02  1.7856E-07 -3.9777E-04 -5.5599E-04
  3.4448E-02  1.8358E-07 -4.0678E-04 -5.6857E-04
  3.4689E-02  1.8875E-07 -4.1597E-04 -5.8142E-04
  3.4930E-02  1.9407E-07 -4.2537E-04 -5.9454E-04
  3.5174E-02  1.9954E-07 -4.3496E-04 -6.0794E-04
  3.5419E-02  2.0515E-07 -4.4476E-04 -6.2162E-04
  3.5666E-02  2.1093E-07 -4.5476E-04 -6.3559E-04
  3.5914E-02  2.1687E-07 -4.6497E-04 -6.4986E-04
  3.6165E-02  2.2298E-07 -4.7540E-04 -6.6443E-04
  3.6417E-02  2.2926E-07 -4.8605E-04 -6.7930E-04
  3.6670E-02  2.3571E-07 -4.9692E-04 -6.9448E-04
  3.6926E-02  2.4235E-07 -5.0802E-04 -7.0998E-04
  3.7183E-02  2.4917E-07 -5.1935E-04 -7.2581E-04
  3.7442E-02  2.5619E-07 -5.3091E-04 -7.4196E-04
  3.7703E-02  2.6340E-07 -5.4272E-04 -7.5845E-04
  3.7966E-02  2.7082E-07 -5.5477E-04 -7.7528E-04
  3.8231E-02  2.7844E-07 -5.6707E-04 -7.9246E-04
  3.8497E-02  2.8628E-07 -5.7963E-04 -8.0999E-04
  3.8765E-02  2.9434E-07 -5.9244E-04 -8.2788E-04
  3.9036E-02  3.0263E-07 -6.0552E-04 -8.4614E-04
  3.9308E-02  3.1115E-07 -6.1886E-04 -8.6478E-04
  3.9581E-02  3.1991E-07 -6.3248E-04 -8.8380E-04
  3.9857E-02  3.2891E-07 -6.4638E-04 -9.0320E-04
  4.0135E-02  3.3817E-07 -6.6056E-04 -9.2300E-04
  4.0415E-02  3.4769E-07 -6.7503E-04 -9.4320E-04
  4.0696E-02  3.5748E-07 -6.8980E-04 -9.6382E-04
  4.0980E-02  3.6754E-07 -7.0486E-04 -9.8484E-04
  4.1265E-02  3.7789E-07 -7.2022E-04 -1.0063E-03
  4.1553E-02  3.8852E-07 -7.3590E-04 -1.0282E-03
  4.1842E-02  3.9946E-07 -7.5189E-04 -1.0505E-03
  4.2134E-02  4.1070E-07 -7.6820E-04 -1.0733E-03
  4.2427E-02  4.2226E-07 -7.8484E-04 -1.0965E-03
  4.2723E-02  4.3415E-07 -8.0181E-04 -1.1202E-03
  4.3021E-02  4.4636E-07 -8.1912E-04 -1.1443E-03
  4.3320E-02  4.5893E-07 -8.3678E-04 -1.1690E-03
  4.3622E-02  4.7184E-07 -8.5478E-04 -1.1941E-03
  4.3926E-02  4.8512E-07 -8.7314E-04 -1.2197E-03
  4.4232E-02  4.9877E-07 -8.9186E-04 -1.2459E-03
  4.4540E-02  5.1281E-07 -9.1095E-04 -1.2725E-03
  4.4850E-02  5.2724E-07 -9.3041E-04 -1.2997E-03
  4.5163E-02  5.4208E-07 -9.5025E-04 -1.3274E-03
  4.5478E-02  5.5733E-07 -9.7049E-04 -1.3556E-03
  4.5794E-02  5.7302E-07 -9.9111E-04 -1.3844E-03
  4.6113E-02  5.8914E-07 -1.0121E-03 -1.4137E-03
  4.6435E-02  6.0572E-07 -1.0336E-03 -1.4436E-03
  4.6758E-02  6.2276E-07 -1.0554E-03 -1.4741E-03
  4.7084E-02  6.4028E-07 -1.0777E-03 -1.5051E-03
  4.7412E-02  6.5830E-07 -1.1004E-03 -1.5368E-03
  4.7742E-02  6.7682E-07 -1.1235E-03 -1.5691E-03
  4.8074E-02  6.9586E-07 -1.1471E-03 -1.6020E-03
  4.8409E-02  7.1544E-07 -1.1711E-03 -1.6355E-03
  4.8747E-02  7.3557E-07 -1.1956E-03 -1.6696E-03
  4.9086E-02  7.5626E-07 -1.2205E-03 -1.7044E-03
  4.9428E-02  7.7754E-07 -1.2459E-03 -1.7398E-03
  4.9772E-02  7.9941E-07 -1.2718E-03 -1.7759E-03
  5.0119E-02  8.2190E-07 -1.2982E-03 -1.8127E-03
  5.0468E-02  8.4502E-07 -1.3250E-03 -1.8502E-03
  5.0820E-02  8.6879E-07 -1.3524E-03 -1.8883E-03
  5.1173E-02  8.9323E-07 -1.3803E-03 -1.9272E-03
  5.1530E-02  9.1836E-07 -1.4087E-03 -1.9668E-03
  5.1889E-02  9.4419E-07 -1.4376E-03 -2.0071E-03
  5.2250E-02  9.7075E-07 -1.4670E-03 -2.0481E-03
  5.2614E-02  9.9805E-07 -1.4970E-03 -2.0899E-03
  5.2981E-02  1.0261E-06 -1.5276E-03 -2.1325E-03
  5.3349E-02  1.0550E-06 -1.5587E-03 -2.1759E-03
  5.3721E-02  1.0847E-06 -1.5903E-03 -2.2200E-03
  5.4095E-02  1.1152E-06 -1.6226E-03 -2.2649E-03
  5.4472E-02  1.1465E-06 -1.6554E-03 -2.3106E-03
  5.4851E-02  1.1788E-06 -1.6888E-03 -2.3572E-03
  5.5233E-02  1.2119E-06 -1.7228E-03 -2.4046E-03
  5.5618E-02  1.2460E-06 -1.7574E-03 -2.4528E-03
  5.6005E-02  1.2810E-06 -1.7926E-03 -2.5019E-03
  5.6395E-02  1.3171E-06 -1.8285E-03 -2.5518E-03
  5.6788E-02  1.3541E-06 -1.8650E-03 -2.6027E-03
  5.7183E-02  1.3922E-06 -1.9021E-03 -2.6544E-03
  5.7582E-02  1.4313E-06 -1.9399E-03 -2.7070E-03
  5.7983E-02  1.4716E-06 -1.9783E-03 -2.7606E-03
  5.8386E-02  1.5130E-06 -2.0174E-03 -2.8151E-03
  5.8793E-02  1.5555E-06 -2.0572E-03 -2.8705E-03
  5.9202E-02  1.5992E-06 -2.0977E-03 -2.9268E-03
  5.9615E-02  1.6442E-06 -2.1389E-03 -2.9842E-03
  6.0030E-02  1.6904E-06 -2.1808E-03 -3.0425E-03
  6.0448E-02  1.7379E-06 -2.2234E-03 -3.1018E-03
  6.0869E-02  1.7868E-06 -2.2667E-03 -3.1621E-03
  6.1292E-02  1.8370E-06 -2.3107E-03 -3.2234E-03
  6.1719E-02  1.8887E-06 -2.3555E-03 -3.2858E-03
  6.2149E-02  1.9418E-06 -2.4011E-03 -3.3492E-03
  6.2582E-02  1.9964E-06 -2.4474E-03 -3.4137E-03
  6.3018E-02  2.0525E-06 -2.4945E-03 -3.4792E-03
  6.3456E-02  2.1102E-06 -2.5424E-03 -3.5458E-03
  6.3898E-02  2.1695E-06 -2.5910E-03 -3.6135E-03
  6.4343E-02  2.2305E-06 -2.6405E-03 -3.6823E-03
  6.4791E-02  2.2932E-06 -2.6908E-03 -3.7523E-03
  6.5242E-02  2.3576E-06 -2.7419E-03 -3.8234E-03
  6.5696E-02  2.4239E-06 -2.7938E-03 -3.8956E-03
  6.6154E-02  2.4920E-06 -2.8466E-03 -3.9690E-03
  6.6614E-02  2.5620E-06 -2.9002E-03 -4.0435E-03
  6.7078E-02  2.6340E-06 -2.9547E-03 -4.1193E-03
  6.7545E-02  2.7081E-06 -3.0100E-03 -4.1962E-03
  6.8016E-02  2.7842E-06 -3.0662E-03 -4.2744E-03
  6.8489E-02  2.8624E-06 -3.1233E-03 -4.3538E-03
  6.8966E-02  2.9429E-06 -3.1813E-03 -4.4344E-03
  6.9446E-02  3.0255E-06 -3.2403E-03 -4.5163E-03
  6.9930E-02  3.1106E-06 -3.3001E-03 -4.5994E-03
  7.0416E-02  3.1980E-06 -3.3609E-03 -4.6839E-03
  7.0907E-02  3.2878E-06 -3.4226E-03 -4.7696E-03
  7.1400E-02  3.3802E-06 -3.4852E-03 -4.8566E-03
  7.1897E-02  3.4752E-06 -3.5488E-03 -4.9449E-03
  7.2398E-02  3.5728E-06 -3.6134E-03 -5.0346E-03
  7.2902E-02  3.6732E-06 -3.6789E-03 -5.1256E-03
  7.3409E-02  3.7764E-06 -3.7454E-03 -5.2180E-03
  7.3920E-02  3.8825E-06 -3.8129E-03 -5.3117E-03
  7.4435E-02  3.9915E-06 -3.8815E-03 -5.4068E-03
  7.4953E-02  4.1036E-06 -3.9510E-03 -5.5033E-03
  7.5475E-02  4.2189E-06 -4.0215E-03 -5.6012E-03
  7.6000E-02  4.3374E-06 -4.0931E-03 -5.7006E-03
  7.6530E-02  4.4593E-06 -4.1657E-03 -5.8013E-03
  7.7062E-02  4.5845E-06 -4.2394E-03 -5.9035E-03
  7.7599E-02  4.7133E-06 -4.3141E-03 -6.0071E-03
  7.8139E-02  4.8456E-06 -4.3899E-03 -6.1123E-03
  7.8683E-02  4.9817E-06 -4.4668E-03 -6.2188E-03
  7.9231E-02  5.1216E-06 -4.5447E-03 -6.3269E-03
  7.9782E-02  5.2655E-06 -4.6237E-03 -6.4364E-03
  8.0338E-02  5.4133E-06 -4.7039E-03 -6.5475E-03
  8.0897E-02  5.5653E-06 -4.7851E-03 -6.6601E-03
  8.1460E-02  5.7216E-06 -4.8675E-03 -6.7742E-03
  8.2027E-02  5.8823E-06 -4.9509E-03 -6.8898E-03
  8.2598E-02  6.0474E-06 -5.0355E-03 -7.0070E-03
  8.3173E-02  6.2172E-06 -5.1213E-03 -7.1257E-03
  8.3752E-02  6.3918E-06 -5.2082E-03 -7.2460E-03
  8.4335E-02  6.5712E-06 -5.2962E-03 -7.3679E-03
  8.4922E-02  6.7557E-06 -5.3854E-03 -7.4913E-03
  8.5513E-02  6.9454E-06 -5.4757E-03 -7.6164E-03
  8.6108E-02  7.1403E-06 -5.5673E-03 -7.7430E-03
  8.6708E-02  7.3408E-06 -5.6600E-03 -7.8713E-03
  8.7311E-02  7.5468E-06 -5.7539E-03 -8.0011E-03
  8.7919E-02  7.7587E-06 -5.8489E-03 -8.1326E-03
  8.8531E-02  7.9764E-06 -5.9452E-03 -8.2657E-03
  8.9147E-02  8.2003E-06 -6.0427E-03 -8.4004E-03
  8.9767E-02  8.4304E-06 -6.1414E-03 -8.5367E-03
  9.0392E-02  8.6670E-06 -6.2412E-03 -8.6747E-03
  9.1021E-02  8.9102E-06 -6.3423E-03 -8.8144E-03
  9.1655E-02  9.1603E-06 -6.4446E-03 -8.9557E-03
  9.2293E-02  9.4173E-06 -6.5482E-03 -9.0986E-03
  9.2935E-02  9.6816E-06 -6.6529E-03 -9.2432E-03
  9.3582E-02  9.9532E-06 -6.7589E-03 -9.3895E-03
  9.4233E-02  1.0232E-05 -6.8662E-03 -9.5374E-03
  9.4889E-02  1.0520E-05 -6.9746E-03 -9.6870E-03
  9.5550E-02  1.0815E-05 -7.0843E-03 -9.8383E-03
  9.6215E-02  1.1118E-05 -7.1952E-03 -9.9912E-03
  9.6884E-02  1.1430E-05 -7.3074E-03 -1.0146E-02
  9.7559E-02  1.1751E-05 -7.4208E-03 -1.0302E-02
  9.8238E-02  1.2080E-05 -7.5355E-03 -1.0460E-02
  9.8921E-02  1.2419E-05 -7.6514E-03 -1.0620E-02
  9.9610E-02  1.2767E-05 -7.7685E-03 -1.0781E-02
  1.0030E-01  1.3125E-05 -7.8869E-03 -1.0944E-02
  1.0100E-01  1.3494E-05 -8.0065E-03 -1.1108E-02
  1.0170E-01  1.3872E-05 -8.1274E-03 -1.1275E-02
  1.0241E-01  1.4261E-05 -8.2495E-03 -1.1443E-02
  1.0312E-01  1.4661E-05 -8.3728E-03 -1.1612E-02
  1.0384E-01  1.5072E-05 -8.4974E-03 -1.1783E-02
  1.0457E-01  1.5494E-05 -8.6232E-03 -1.1956E-02
  1.0529E-01  1.5929E-05 -8.7502E-03 -1.2131E-02
  1.0603E-01  1.6375E-05 -8.8785E-03 -1.2307E-02
  1.0676E-01  1.6834E-05 -9.0080E-03 -1.2484E-02
  1.0751E-01  1.7306E-05 -9.1386E-03 -1.2664E-02
  1.0825E-01  1.7791E-05 -9.2705E-03 -1.2844E-02
  1.0901E-01  1.8290E-05 -9.4036E-03 -1.3027E-02
  1.0977E-01  1.8803E-05 -9.5379E-03 -1.3211E-02
  1.1053E-01  1.9330E-05 -9.6734E-03 -1.3396E-02
  1.1130E-01  1.9871E-05 -9.8101E-03 -1.3584E-02
  1.1207E-01  2.0428E-05 -9.9480E-03 -1.3772E-02
  1.1285E-01  2.1001E-05 -1.0087E-02 -1.3962E-02
  1.1364E-01  2.1589E-05 -1.0227E-02 -1.4154E-02
  1.1443E-01  2.2194E-05 -1.0368E-02 -1.4347E-02
  1.1523E-01  2.2816E-05 -1.0511E-02 -1.4542E-02
  1.1603E-01  2.3455E-05 -1.0654E-02 -1.4738E-02
  1.1684E-01  2.4112E-05 -1.0799E-02 -1.4935E-02
  1.1765E-01  2.4787E-05 -1.0945E-02 -1.5134E-02
  1.1847E-01  2.5482E-05 -1.1092E-02 -1.5334E-02
  1.1929E-01  2.6195E-05 -1.1240E-02 -1.5536E-02
  1.2012E-01  2.6929E-05 -1.1389E-02 -1.5739E-02
  1.2096E-01  2.7683E-05 -1.1539E-02 -1.5943E-02
  1.2180E-01  2.8458E-05 -1.1690E-02 -1.6149E-02
  1.2265E-01  2.9255E-05 -1.1842E-02 -1.6356E-02
  1.2350E-01  3.0074E-05 -1.1995E-02 -1.6564E-02
  1.2436E-01  3.0916E-05 -1.2149E-02 -1.6773E-02
  1.2523E-01  3.1781E-05 -1.2304E-02 -1.6983E-02
  1.2610E-01  3.2671E-05 -1.2460E-02 -1.7195E-02
  1.2697E-01  3.3585E-05 -1.2617E-02 -1.7408E-02
  1.2786E-01  3.4525E-05 -1.2775E-02 -1.7622E-02
  1.2875E-01  3.5492E-05 -1.2934E-02 -1.7836E-02
  1.2964E-01  3.6485E-05 -1.3094E-02 -1.8052E-02
  1.3055E-01  3.7506E-05 -1.3254E-02 -1.8269E-02
  1.3145E-01  3.8555E-05 -1.3415E-02 -1.8487E-02
  1.3237E-01  3.9634E-05 -1.3577E-02 -1.8706E-02
  1.3329E-01  4.0743E-05 -1.3740E-02 -1.8925E-02
  1.3422E-01  4.1882E-05 -1.3904E-02 -1.9146E-02
  1.3515E-01  4.3054E-05 -1.4068E-02 -1.9367E-02
  1.3609E-01  4.4258E-05 -1.4233E-02 -1.9589E-02
  1.3704E-01  4.5496E-05 -1.4398E-02 -1.9811E-02
  1.3799E-01  4.6768E-05 -1.4565E-02 -2.0035E-02
  1.3895E-01  4.8075E-05 -1.4732E-02 -2.0259E-02
  1.3992E-01  4.9420E-05 -1.4899E-02 -2.0483E-02
  1.4089E-01  5.0801E-05 -1.5067E-02 -2.0708E-02
  1.4187E-01  5.2221E-05 -1.5235E-02 -2.0934E-02
  1.4286E-01  5.3681E-05 -1.5404E-02 -2.1159E-02
  1.4385E-01  5.5181E-05 -1.5574E-02 -2.1386E-02
  1.4486E-01  5.6723E-05 -1.5744E-02 -2.1612E-02
  1.4586E-01  5.8308E-05 -1.5914E-02 -2.1839E-02
  1.4688E-01  5.9938E-05 -1.6084E-02 -2.2066E-02
  1.4790E-01  6.1612E-05 -1.6255E-02 -2.2293E-02
  1.4893E-01  6.3333E-05 -1.6427E-02 -2.2520E-02
  1.4997E-01  6.5102E-05 -1.6598E-02 -2.2748E-02
  1.5101E-01  6.6921E-05 -1.6769E-02 -2.2975E-02
  1.5206E-01  6.8790E-05 -1.6941E-02 -2.3202E-02
  1.5312E-01  7.0711E-05 -1.7113E-02 -2.3429E-02
  1.5418E-01  7.2685E-05 -1.7285E-02 -2.3656E-02
  1.5526E-01  7.4714E-05 -1.7457E-02 -2.3882E-02
  1.5634E-01  7.6800E-05 -1.7629E-02 -2.4108E-02
  1.5742E-01  7.8944E-05 -1.7801E-02 -2.4334E-02
  1.5852E-01  8.1147E-05 -1.7973E-02 -2.4559E-02
  1.5962E-01  8.3411E-05 -1.8144E-02 -2.4784E-02
  1.6073E-01  8.5739E-05 -1.8316E-02 -2.5008E-02
  1.6185E-01  8.8131E-05 -1.8487E-02 -2.5232E-02
  1.6298E-01  9.0590E-05 -1.8658E-02 -2.5454E-02
  1.6411E-01  9.3117E-05 -1.8829E-02 -2.5676E-02
  1.6525E-01  9.5714E-05 -1.8999E-02 -2.5897E-02
  1.6640E-01  9.8383E-05 -1.9169E-02 -2.6117E-02
  1.6756E-01  1.0113E-04 -1.9339E-02 -2.6336E-02
  1.6873E-01  1.0395E-04 -1.9507E-02 -2.6553E-02
  1.6990E-01  1.0684E-04 -1.9676E-02 -2.6770E-02
  1.7108E-01  1.0982E-04 -1.9844E-02 -2.6985E-02
  1.7227E-01  1.1288E-04 -2.0011E-02 -2.7199E-02
  1.7347E-01  1.1603E-04 -2.0177E-02 -2.7411E-02
  1.7468E-01  1.1926E-04 -2.0343E-02 -2.7622E-02
  1.7589E-01  1.2258E-04 -2.0507E-02 -2.7831E-02
  1.7712E-01  1.2600E-04 -2.0671E-02 -2.8038E-02
  1.7835E-01  1.2951E-04 -2.0834E-02 -2.8244E-02
  1.7959E-01  1.3311E-04 -2.0996E-02 -2.8448E-02
  1.8084E-01  1.3682E-04 -2.1157E-02 -2.8650E-02
  1.8210E-01  1.4063E-04 -2.1317E-02 -2.8850E-02
  1.8337E-01  1.4454E-04 -2.1476E-02 -2.9047E-02
  1.8464E-01  1.4857E-04 -2.1633E-02 -2.9243E-02
  1.8593E-01  1.5270E-04 -2.1789E-02 -2.9436E-02
  1.8722E-01  1.5695E-04 -2.1944E-02 -2.9627E-02
  1.8852E-01  1.6131E-04 -2.2098E-02 -2.9815E-02
  1.8983E-01  1.6580E-04 -2.2250E-02 -3.0001E-02
  1.9115E-01  1.7041E-04 -2.2400E-02 -3.0184E-02
  1.9248E-01  1.7515E-04 -2.2549E-02 -3.0364E-02
  1.9382E-01  1.8002E-04 -2.2696E-02 -3.0541E-02
  1.9517E-01  1.8502E-04 -2.2842E-02 -3.0716E-02
  1.9653E-01  1.9017E-04 -2.2986E-02 -3.0887E-02
  1.9790E-01  1.9545E-04 -2.3128E-02 -3.1055E-02
  1.9927E-01  2.0088E-04 -2.3269E-02 -3.1220E-02
  2.0066E-01  2.0646E-04 -2.3407E-02 -3.1382E-02
  2.0206E-01  2.1220E-04 -2.3543E-02 -3.1540E-02
  2.0346E-01  2.1809E-04 -2.3678E-02 -3.1695E-02
  2.0488E-01  2.2414E-04 -2.3810E-02 -3.1846E-02
  2.0630E-01  2.3036E-04 -2.3940E-02 -3.1994E-02
  2.0774E-01  2.3676E-04 -2.4068E-02 -3.2137E-02
  2.0918E-01  2.4333E-04 -2.4194E-02 -3.2277E-02
  2.1064E-01  2.5008E-04 -2.4317E-02 -3.2413E-02
  2.1210E-01  2.5701E-04 -2.4438E-02 -3.2545E-02
  2.1358E-01  2.6414E-04 -2.4556E-02 -3.2672E-02
  2.1507E-01  2.7146E-04 -2.4672E-02 -3.2796E-02
  2.1656E-01  2.7899E-04 -2.4785E-02 -3.2915E-02
  2.1807E-01  2.8672E-04 -2.4896E-02 -3.3029E-02
  2.1958E-01  2.9467E-04 -2.5004E-02 -3.3139E-02
  2.2111E-01  3.0283E-04 -2.5109E-02 -3.3244E-02
  2.2265E-01  3.1122E-04 -2.5211E-02 -3.3345E-02
  2.2420E-01  3.1983E-04 -2.5311E-02 -3.3440E-02
  2.2576E-01  3.2869E-04 -2.5407E-02 -3.3531E-02
  2.2733E-01  3.3779E-04 -2.5501E-02 -3.3616E-02
  2.2891E-01  3.4713E-04 -2.5591E-02 -3.3697E-02
  2.3050E-01  3.5674E-04 -2.5678E-02 -3.3772E-02
  2.3211E-01  3.6660E-04 -2.5762E-02 -3.3842E-02
  2.3372E-01  3.7674E-04 -2.5843E-02 -3.3906E-02
  2.3535E-01  3.8716E-04 -2.5920E-02 -3.3965E-02
  2.3699E-01  3.9786E-04 -2.5994E-02 -3.4019E-02
  2.3863E-01  4.0885E-04 -2.6065E-02 -3.4066E-02
  2.4029E-01  4.2015E-04 -2.6132E-02 -3.4108E-02
  2.4197E-01  4.3175E-04 -2.6195E-02 -3.4144E-02
  2.4365E-01  4.4367E-04 -2.6255E-02 -3.4174E-02
  2.4534E-01  4.5592E-04 -2.6311E-02 -3.4198E-02
  2.4705E-01  4.6850E-04 -2.6364E-02 -3.4216E-02
  2.4877E-01  4.8143E-04 -2.6412E-02 -3.4227E-02
  2.5050E-01  4.9471E-04 -2.6457E-02 -3.4232E-02
  2.5224E-01  5.0835E-04 -2.6498E-02 -3.4231E-02
  2.5400E-01  5.2237E-04 -2.6535E-02 -3.4224E-02
  2.5576E-01  5.3676E-04 -2.6568E-02 -3.4209E-02
  2.5754E-01  5.5155E-04 -2.6597E-02 -3.4188E-02
  2.5933E-01  5.6674E-04 -2.6622E-02 -3.4161E-02
  2.6114E-01  5.8235E-04 -2.6642E-02 -3.4126E-02
  2.6296E-01  5.9838E-04 -2.6659E-02 -3.4085E-02
  2.6478E-01  6.1485E-04 -2.6671E-02 -3.4037E-02
  2.6663E-01  6.3176E-04 -2.6679E-02 -3.3982E-02
  2.6848E-01  6.4914E-04 -2.6682E-02 -3.3919E-02
  2.7035E-01  6.6698E-04 -2.6681E-02 -3.3850E-02
  2.7223E-01  6.8531E-04 -2.6676E-02 -3.3773E-02
  2.7412E-01  7.0414E-04 -2.6666E-02 -3.3689E-02
  2.7603E-01  7.2348E-04 -2.6652E-02 -3.3598E-02
  2.7795E-01  7.4335E-04 -2.6633E-02 -3.3499E-02
  2.7988E-01  7.6375E-04 -2.6610E-02 -3.3393E-02
  2.8183E-01  7.8471E-04 -2.6582E-02 -3.3279E-02
  2.8379E-01  8.0623E-04 -2.6549E-02 -3.3158E-02
  2.8577E-01  8.2834E-04 -2.6512E-02 -3.3029E-02
  2.8775E-01  8.5104E-04 -2.6470E-02 -3.2892E-02
  2.8976E-01  8.7436E-04 -2.6423E-02 -3.2748E-02
  2.9177E-01  8.9831E-04 -2.6371E-02 -3.2596E-02
  2.9380E-01  9.2290E-04 -2.6315E-02 -3.2436E-02
  2.9584E-01  9.4816E-04 -2.6254E-02 -3.2268E-02
  2.9790E-01  9.7410E-04 -2.6187E-02 -3.2093E-02
  2.9997E-01  1.0007E-03 -2.6116E-02 -3.1909E-02
  3.0206E-01  1.0281E-03 -2.6040E-02 -3.1717E-02
  3.0416E-01  1.0562E-03 -2.5959E-02 -3.1518E-02
  3.0628E-01  1.0850E-03 -2.5873E-02 -3.1310E-02
  3.0841E-01  1.1147E-03 -2.5782E-02 -3.1095E-02
  3.1055E-01  1.1451E-03 -2.5686E-02 -3.0871E-02
  3.1271E-01  1.1763E-03 -2.5585E-02 -3.0639E-02
  3.1489E-01  1.2084E-03 -2.5479E-02 -3.0399E-02
  3.1708E-01  1.2413E-03 -2.5368E-02 -3.0151E-02
  3.1929E-01  1.2751E-03 -2.5252E-02 -2.9894E-02
  3.2151E-01  1.3099E-03 -2.5131E-02 -2.9630E-02
  3.2374E-01  1.3455E-03 -2.5004E-02 -2.9357E-02
  3.2599E-01  1.3821E-03 -2.4873E-02 -2.9076E-02
  3.2826E-01  1.4197E-03 -2.4736E-02 -2.8787E-02
  3.3055E-01  1.4583E-03 -2.4594E-02 -2.8490E-02
  3.3285E-01  1.4979E-03 -2.4447E-02 -2.8185E-02
  3.3516E-01  1.5386E-03 -2.4295E-02 -2.7871E-02
  3.3749E-01  1.5803E-03 -2.4138E-02 -2.7549E-02
  3.3984E-01  1.6232E-03 -2.3976E-02 -2.7219E-02
  3.4220E-01  1.6672E-03 -2.3808E-02 -2.6880E-02
  3.4458E-01  1.7124E-03 -2.3636E-02 -2.6534E-02
  3.4698E-01  1.7588E-03 -2.3458E-02 -2.6179E-02
  3.4939E-01  1.8064E-03 -2.3275E-02 -2.5816E-02
  3.5182E-01  1.8552E-03 -2.3087E-02 -2.5445E-02
  3.5427E-01  1.9054E-03 -2.2893E-02 -2.5066E-02
  3.5674E-01  1.9569E-03 -2.2695E-02 -2.4679E-02
  3.5922E-01  2.0097E-03 -2.2492E-02 -2.4284E-02
  3.6172E-01  2.0640E-03 -2.2283E-02 -2.3881E-02
  3.6423E-01  2.1197E-03 -2.2069E-02 -2.3470E-02
  3.6677E-01  2.1768E-03 -2.1851E-02 -2.3050E-02
  3.6932E-01  2.2355E-03 -2.1627E-02 -2.2623E-02
  3.7189E-01  2.2957E-03 -2.1398E-02 -2.2188E-02
  3.7447E-01  2.3574E-03 -2.1164E-02 -2.1745E-02
  3.7708E-01  2.4208E-03 -2.0925E-02 -2.1295E-02
  3.7970E-01  2.4859E-03 -2.0681E-02 -2.0836E-02
  3.8234E-01  2.5527E-03 -2.0432E-02 -2.0370E-02
  3.8500E-01  2.6212E-03 -2.0178E-02 -1.9896E-02
  3.8768E-01  2.6915E-03 -1.9919E-02 -1.9415E-02
  3.9038E-01  2.7636E-03 -1.9655E-02 -1.8925E-02
  3.9309E-01  2.8377E-03 -1.9386E-02 -1.8429E-02
  3.9582E-01  2.9136E-03 -1.9112E-02 -1.7925E-02
  3.9858E-01  2.9916E-03 -1.8833E-02 -1.7414E-02
  4.0135E-01  3.0715E-03 -1.8549E-02 -1.6895E-02
  4.0414E-01  3.1536E-03 -1.8261E-02 -1.6369E-02
  4.0695E-01  3.2377E-03 -1.7968E-02 -1.5836E-02
  4.0978E-01  3.3241E-03 -1.7670E-02 -1.5296E-02
  4.1263E-01  3.4127E-03 -1.7367E-02 -1.4748E-02
  4.1550E-01  3.5035E-03 -1.7059E-02 -1.4194E-02
  4.1839E-01  3.5968E-03 -1.6747E-02 -1.3633E-02
  4.2130E-01  3.6924E-03 -1.6430E-02 -1.3065E-02
  4.2424E-01  3.7905E-03 -1.6108E-02 -1.2490E-02
  4.2719E-01  3.8911E-03 -1.5782E-02 -1.1909E-02
  4.3016E-01  3.9943E-03 -1.5451E-02 -1.1321E-02
  4.3315E-01  4.1001E-03 -1.5116E-02 -1.0726E-02
  4.3616E-01  4.2087E-03 -1.4776E-02 -1.0125E-02
  4.3920E-01  4.3200E-03 -1.4431E-02 -9.5182E-03
  4.4225E-01  4.4342E-03 -1.4082E-02 -8.9048E-03
  4.4533E-01  4.5512E-03 -1.3729E-02 -8.2853E-03
  4.4842E-01  4.6713E-03 -1.3371E-02 -7.6597E-03
  4.5154E-01  4.7944E-03 -1.3008E-02 -7.0282E-03
  4.5468E-01  4.9207E-03 -1.2641E-02 -6.3908E-03
  4.5785E-01  5.0501E-03 -1.2270E-02 -5.7477E-03
  4.6103E-01  5.1828E-03 -1.1895E-02 -5.0989E-03
  4.6424E-01  5.3189E-03 -1.1515E-02 -4.4446E-03
  4.6747E-01  5.4584E-03 -1.1131E-02 -3.7848E-03
  4.7072E-01  5.6015E-03 -1.0743E-02 -3.1196E-03
  4.7399E-01  5.7481E-03 -1.0351E-02 -2.4492E-03
  4.7729E-01  5.8984E-03 -9.9541E-03 -1.7736E-03
  4.8061E-01  6.0525E-03 -9.5534E-03 -1.0930E-03
  4.8395E-01  6.2104E-03 -9.1485E-03 -4.0741E-04
  4.8732E-01  6.3723E-03 -8.7395E-03  2.8300E-04
  4.9071E-01  6.5382E-03 -8.3265E-03  9.7815E-04
  4.9412E-01  6.7082E-03 -7.9094E-03  1.6779E-03
  4.9756E-01  6.8825E-03 -7.4883E-03  2.3822E-03
  5.0102E-01  7.0610E-03 -7.0632E-03  3.0909E-03
  5.0450E-01  7.2440E-03 -6.6341E-03  3.8040E-03
  5.0801E-01  7.4316E-03 -6.2011E-03  4.5212E-03
  5.1155E-01  7.6237E-03 -5.7641E-03  5.2425E-03
  5.1510E-01  7.8206E-03 -5.3232E-03  5.9678E-03
  5.1869E-01  8.0223E-03 -4.8784E-03  6.6970E-03
  5.2229E-01  8.2289E-03 -4.4298E-03  7.4300E-03
  5.2593E-01  8.4406E-03 -3.9772E-03  8.1666E-03
  5.2958E-01  8.6575E-03 -3.5208E-03  8.9068E-03
  5.3327E-01  8.8796E-03 -3.0606E-03  9.6505E-03
  5.3698E-01  9.1072E-03 -2.5966E-03  1.0398E-02
  5.4071E-01  9.3402E-03 -2.1287E-03  1.1148E-02
  5.4447E-01  9.5789E-03 -1.6570E-03  1.1901E-02
  5.4826E-01  9.8234E-03 -1.1816E-03  1.2658E-02
  5.5207E-01  1.0074E-02 -7.0230E-04  1.3417E-02
  5.5591E-01  1.0330E-02 -2.1926E-04  1.4179E-02
  5.5978E-01  1.0593E-02  2.6757E-04  1.4944E-02
  5.6367E-01  1.0861E-02  7.5817E-04  1.5712E-02
  5.6759E-01  1.1136E-02  1.2526E-03  1.6482E-02
  5.7154E-01  1.1418E-02  1.7507E-03  1.7255E-02
  5.7552E-01  1.1707E-02  2.2527E-03  1.8030E-02
  5.7952E-01  1.2002E-02  2.7585E-03  1.8807E-02
  5.8355E-01  1.2304E-02  3.2680E-03  1.9586E-02
  5.8761E-01  1.2613E-02  3.7814E-03  2.0368E-02
  5.9170E-01  1.2930E-02  4.2986E-03  2.1151E-02
  5.9581E-01  1.3254E-02  4.8196E-03  2.1936E-02
  5.9996E-01  1.3585E-02  5.3445E-03  2.2724E-02
  6.0413E-01  1.3924E-02  5.8732E-03  2.3512E-02
  6.0833E-01  1.4272E-02  6.4059E-03  2.4303E-02
  6.1256E-01  1.4627E-02  6.9424E-03  2.5095E-02
  6.1682E-01  1.4990E-02  7.4829E-03  2.5888E-02
  6.2111E-01  1.5362E-02  8.0273E-03  2.6683E-02
  6.2543E-01  1.5742E-02  8.5757E-03  2.7479E-02
  6.2978E-01  1.6131E-02  9.1282E-03  2.8277E-02
  6.3416E-01  1.6529E-02  9.6847E-03  2.9076E-02
  6.3857E-01  1.6935E-02  1.0245E-02  2.9875E-02
  6.4301E-01  1.7351E-02  1.0810E-02  3.0676E-02
  6.4749E-01  1.7777E-02  1.1379E-02  3.1478E-02
  6.5199E-01  1.8212E-02  1.1952E-02  3.2281E-02
  6.5653E-01  1.8656E-02  1.2529E-02  3.3085E-02
  6.6109E-01  1.9111E-02  1.3111E-02  3.3889E-02
  6.6569E-01  1.9576E-02  1.3697E-02  3.4695E-02
  6.7032E-01  2.0051E-02  1.4288E-02  3.5501E-02
  6.7498E-01  2.0536E-02  1.4883E-02  3.6308E-02
  6.7968E-01  2.1032E-02  1.5482E-02  3.7115E-02
  6.8440E-01  2.1539E-02  1.6086E-02  3.7924E-02
  6.8916E-01  2.2058E-02  1.6695E-02  3.8733E-02
  6.9396E-01  2.2587E-02  1.7309E-02  3.9542E-02
  6.9878E-01  2.3128E-02  1.7927E-02  4.0353E-02
  7.0364E-01  2.3680E-02  1.8551E-02  4.1164E-02
  7.0854E-01  2.4245E-02  1.9179E-02  4.1976E-02
  7.1347E-01  2.4821E-02  1.9813E-02  4.2788E-02
  7.1843E-01  2.5410E-02  2.0452E-02  4.3601E-02
  7.2342E-01  2.6012E-02  2.1096E-02  4.4415E-02
  7.2846E-01  2.6626E-02  2.1745E-02  4.5229E-02
  7.3352E-01  2.7253E-02  2.2400E-02  4.6044E-02
  7.3862E-01  2.7893E-02  2.3061E-02  4.6860E-02
  7.4376E-01  2.8547E-02  2.3727E-02  4.7677E-02
  7.4893E-01  2.9214E-02  2.4400E-02  4.8495E-02
  7.5414E-01  2.9895E-02  2.5078E-02  4.9314E-02
  7.5939E-01  3.0590E-02  2.5762E-02  5.0134E-02
  7.6467E-01  3.1299E-02  2.6453E-02  5.0955E-02
  7.6999E-01  3.2023E-02  2.7150E-02  5.1777E-02
  7.7534E-01  3.2761E-02  2.7854E-02  5.2600E-02
  7.8074E-01  3.3515E-02  2.8565E-02  5.3425E-02
  7.8617E-01  3.4283E-02  2.9282E-02  5.4251E-02
  7.9163E-01  3.5067E-02  3.0007E-02  5.5079E-02
  7.9714E-01  3.5867E-02  3.0738E-02  5.5909E-02
  8.0268E-01  3.6682E-02  3.1478E-02  5.6741E-02
  8.0827E-01  3.7514E-02  3.2225E-02  5.7574E-02
  8.1389E-01  3.8362E-02  3.2979E-02  5.8410E-02
  8.1955E-01  3.9226E-02  3.3742E-02  5.9248E-02
  8.2525E-01  4.0108E-02  3.4513E-02  6.0089E-02
  8.3099E-01  4.1006E-02  3.5292E-02  6.0933E-02
  8.3677E-01  4.1922E-02  3.6080E-02  6.1779E-02
  8.4259E-01  4.2855E-02  3.6877E-02  6.2629E-02
  8.4845E-01  4.3806E-02  3.7683E-02  6.3481E-02
  8.5435E-01  4.4775E-02  3.8499E-02  6.4338E-02
  8.6029E-01  4.5762E-02  3.9324E-02  6.5198E-02
  8.6627E-01  4.6768E-02  4.0159E-02  6.6062E-02
  8.7230E-01  4.7793E-02  4.1005E-02  6.6931E-02
  8.7837E-01  4.8836E-02  4.1861E-02  6.7804E-02
  8.8448E-01  4.9899E-02  4.2728E-02  6.8682E-02
  8.9063E-01  5.0982E-02  4.3606E-02  6.9565E-02
  8.9682E-01  5.2084E-02  4.4495E-02  7.0454E-02
  9.0306E-01  5.3206E-02  4.5396E-02  7.1348E-02
  9.0934E-01  5.4348E-02  4.6309E-02  7.2249E-02
  9.1566E-01  5.5511E-02  4.7235E-02  7.3156E-02
  9.2203E-01  5.6695E-02  4.8174E-02  7.4070E-02
  9.2844E-01  5.7900E-02  4.9125E-02  7.4991E-02
  9.3490E-01  5.9127E-02  5.0091E-02  7.5920E-02
  9.4140E-01  6.0374E-02  5.1070E-02  7.6857E-02
  9.4795E-01  6.1644E-02  5.2064E-02  7.7803E-02
  9.5454E-01  6.2936E-02  5.3073E-02  7.8757E-02
  9.6118E-01  6.4250E-02  5.4097E-02  7.9721E-02
  9.6787E-01  6.5587E-02  5.5137E-02  8.0695E-02
  9.7460E-01  6.6947E-02  5.6194E-02  8.1679E-02
  9.8138E-01  6.8331E-02  5.7267E-02  8.2674E-02
  9.8820E-01  6.9737E-02  5.8357E-02  8.3681E-02
  9.9508E-01  7.1168E-02  5.9465E-02  8.4699E-02
  1.0020E+00  7.2623E-02  6.0592E-02  8.5730E-02
  1.0090E+00  7.4102E-02  6.1738E-02  8.6774E-02
  1.0160E+00  7.5606E-02  6.2903E-02  8.7832E-02
  1.0230E+00  7.7135E-02  6.4089E-02  8.8904E-02
  1.0302E+00  7.8690E-02  6.5295E-02  8.9992E-02
  1.0373E+00  8.0270E-02  6.6523E-02  9.1095E-02
  1.0445E+00  8.1877E-02  6.7773E-02  9.2214E-02
  1.0518E+00  8.3510E-02  6.9047E-02  9.3351E-02
  1.0591E+00  8.5170E-02  7.0343E-02  9.4506E-02
  1.0665E+00  8.6857E-02  7.1665E-02  9.5679E-02
  1.0739E+00  8.8571E-02  7.3011E-02  9.6872E-02
  1.0814E+00  9.0314E-02  7.4384E-02  9.8085E-02
  1.0889E+00  9.2085E-02  7.5783E-02  9.9319E-02
  1.0965E+00  9.3885E-02  7.7210E-02  1.0058E-01
  1.1041E+00  9.5714E-02  7.8666E-02  1.0185E-01
  1.1118E+00  9.7573E-02  8.0151E-02  1.0316E-01
  1.1195E+00  9.9462E-02  8.1668E-02  1.0449E-01
  1.1273E+00  1.0138E-01  8.3215E-02  1.0584E-01
  1.1351E+00  1.0333E-01  8.4796E-02  1.0722E-01
  1.1430E+00  1.0532E-01  8.6410E-02  1.0863E-01
  1.1510E+00  1.0733E-01  8.8059E-02  1.1007E-01
  1.1590E+00  1.0938E-01  8.9744E-02  1.1154E-01
  1.1670E+00  1.1146E-01  9.1466E-02  1.1304E-01
  1.1752E+00  1.1358E-01  9.3227E-02  1.1457E-01
  1.1833E+00  1.1573E-01  9.5027E-02  1.1613E-01
  1.1916E+00  1.1791E-01  9.6868E-02  1.1774E-01
  1.1998E+00  1.2014E-01  9.8752E-02  1.1937E-01
  1.2082E+00  1.2240E-01  1.0068E-01  1.2105E-01
  1.2166E+00  1.2469E-01  1.0265E-01  1.2277E-01
  1.2251E+00  1.2703E-01  1.0467E-01  1.2452E-01
  1.2336E+00  1.2941E-01  1.0674E-01  1.2632E-01
  1.2422E+00  1.3183E-01  1.0886E-01  1.2817E-01
  1.2508E+00  1.3428E-01  1.1103E-01  1.3005E-01
  1.2595E+00  1.3679E-01  1.1325E-01  1.3199E-01
  1.2683E+00  1.3933E-01  1.1553E-01  1.3398E-01
  1.2771E+00  1.4192E-01  1.1787E-01  1.3601E-01
  1.2860E+00  1.4456E-01  1.2027E-01  1.3810E-01
  1.2949E+00  1.4725E-01  1.2272E-01  1.4025E-01
  1.3039E+00  1.4998E-01  1.2524E-01  1.4245E-01
  1.3130E+00  1.5277E-01  1.2783E-01  1.4471E-01
  1.3221E+00  1.5561E-01  1.3048E-01  1.4704E-01
  1.3313E+00  1.5850E-01  1.3320E-01  1.4942E-01
  1.3406E+00  1.6144E-01  1.3600E-01  1.5187E-01
  1.3499E+00  1.6445E-01  1.3886E-01  1.5440E-01
  1.3593E+00  1.6751E-01  1.4181E-01  1.5699E-01
  1.3687E+00  1.7064E-01  1.4484E-01  1.5965E-01
  1.3782E+00  1.7383E-01  1.4794E-01  1.6239E-01
  1.3878E+00  1.7708E-01  1.5114E-01  1.6521E-01
  1.3975E+00  1.8040E-01  1.5442E-01  1.6812E-01
  1.4072E+00  1.8380E-01  1.5779E-01  1.7110E-01
  1.4170E+00  1.8726E-01  1.6125E-01  1.7418E-01
  1.4268E+00  1.9080E-01  1.6482E-01  1.7735E-01
  1.4368E+00  1.9442E-01  1.6848E-01  1.8061E-01
  1.4468E+00  1.9813E-01  1.7225E-01  1.8397E-01
  1.4568E+00  2.0191E-01  1.7612E-01  1.8743E-01
  1.4670E+00  2.0579E-01  1.8011E-01  1.9100E-01
  1.4772E+00  2.0976E-01  1.8421E-01  1.9468E-01
  1.4874E+00  2.1382E-01  1.8843E-01  1.9847E-01
  1.4978E+00  2.1798E-01  1.9277E-01  2.0238E-01
  1.5082E+00  2.2225E-01  1.9725E-01  2.0642E-01
  1.5187E+00  2.2662E-01  2.0185E-01  2.1058E-01
  1.5292E+00  2.3111E-01  2.0659E-01  2.1487E-01
  1.5399E+00  2.3572E-01  2.1146E-01  2.1930E-01
  1.5506E+00  2.4044E-01  2.1649E-01  2.2387E-01
  1.5614E+00  2.4530E-01  2.2167E-01  2.2860E-01
  1.5722E+00  2.5029E-01  2.2700E-01  2.3347E-01
  1.5832E+00  2.5542E-01  2.3249E-01  2.3851E-01
  1.5942E+00  2.6069E-01  2.3815E-01  2.4371E-01
  1.6053E+00  2.6611E-01  2.4399E-01  2.4908E-01
  1.6164E+00  2.7170E-01  2.5001E-01  2.5464E-01
  1.6277E+00  2.7745E-01  2.5621E-01  2.6038E-01
  1.6390E+00  2.8337E-01  2.6260E-01  2.6631E-01
  1.6504E+00  2.8947E-01  2.6920E-01  2.7244E-01
  1.6619E+00  2.9576E-01  2.7600E-01  2.7879E-01
  1.6734E+00  3.0225E-01  2.8302E-01  2.8535E-01
  1.6851E+00  3.0895E-01  2.9026E-01  2.9214E-01
  1.6968E+00  3.1586E-01  2.9773E-01  2.9916E-01
  1.7086E+00  3.2300E-01  3.0544E-01  3.0644E-01
  1.7205E+00  3.3038E-01  3.1341E-01  3.1396E-01
  1.7324E+00  3.3800E-01  3.2163E-01  3.2175E-01
  1.7445E+00  3.4588E-01  3.3012E-01  3.2982E-01
  1.7566E+00  3.5403E-01  3.3889E-01  3.3818E-01
  1.7688E+00  3.6247E-01  3.4796E-01  3.4683E-01
  1.7811E+00  3.7120E-01  3.5732E-01  3.5580E-01
  1.7935E+00  3.8024E-01  3.6700E-01  3.6510E-01
  1.8060E+00  3.8961E-01  3.7701E-01  3.7473E-01
  1.8185E+00  3.9931E-01  3.8736E-01  3.8472E-01
  1.8312E+00  4.0937E-01  3.9806E-01  3.9508E-01
  1.8439E+00  4.1981E-01  4.0914E-01  4.0582E-01
  1.8568E+00  4.3063E-01  4.2060E-01  4.1697E-01
  1.8697E+00  4.4186E-01  4.3246E-01  4.2853E-01
  1.8827E+00  4.5352E-01  4.4474E-01  4.4053E-01
  1.8958E+00  4.6562E-01  4.5745E-01  4.5299E-01
  1.9089E+00  4.7819E-01  4.7063E-01  4.6592E-01
  1.9222E+00  4.9126E-01  4.8428E-01  4.7935E-01
  1.9356E+00  5.0483E-01  4.9842E-01  4.9330E-01
  1.9491E+00  5.1894E-01  5.1309E-01  5.0779E-01
  1.9626E+00  5.3362E-01  5.2830E-01  5.2284E-01
  1.9763E+00  5.4888E-01  5.4408E-01  5.3849E-01
  1.9900E+00  5.6476E-01  5.6045E-01  5.5476E-01
  2.0038E+00  5.8128E-01  5.7744E-01  5.7167E-01
  2.0178E+00  5.9848E-01  5.9509E-01  5.8926E-01
  2.0318E+00  6.1639E-01  6.1342E-01  6.0756E-01
  2.0459E+00  6.3503E-01  6.3245E-01  6.2660E-01
  2.0602E+00  6.5446E-01  6.5224E-01  6.4641E-01
  2.0745E+00  6.7469E-01  6.7281E-01  6.6704E-01
  2.0889E+00  6.9578E-01  6.9421E-01  6.8851E-01
  2.1034E+00  7.1776E-01  7.1646E-01  7.1087E-01
  2.1181E+00  7.4067E-01  7.3962E-01  7.3416E-01
  2.1328E+00  7.6456E-01  7.6373E-01  7.5843E-01
  2.1476E+00  7.8948E-01  7.8884E-01  7.8372E-01
  2.1626E+00  8.1548E-01  8.1500E-01  8.1008E-01
  2.1776E+00  8.4260E-01  8.4225E-01  8.3757E-01
  2.1928E+00  8.7090E-01  8.7066E-01  8.6623E-01
  2.2080E+00  9.0044E-01  9.0029E-01  8.9613E-01
  2.2234E+00  9.3129E-01  9.3120E-01  9.2732E-01
  2.2388E+00  9.6350E-01  9.6345E-01  9.5987E-01
  2.2544E+00  9.9714E-01  9.9712E-01  9.9386E-01
  2.2701E+00  1.0323E+00  1.0323E+00  1.0293E+00
  2.2859E+00  1.0690E+00  1.0690E+00  1.0664E+00
  2.3018E+00  1.1074E+00  1.1074E+00  1.1051E+00
  2.3178E+00  1.1475E+00  1.1475E+00  1.1456E+00
  2.3339E+00  1.1895E+00  1.1895E+00  1.1878E+00
  2.3501E+00  1.2333E+00  1.2333E+00  1.2320E+00
  2.3665E+00  1.2792E+00  1.2792E+00  1.2782E+00
  2.3829E+00  1.3272E+00  1.3272E+00  1.3266E+00
  2.3995E+00  1.3775E+00  1.3775E+00  1.3772E+00
  2.4162E+00  1.4301E+00  1.4301E+00  1.4301E+00
  2.4330E+00  1.4852E+00  1.4852E+00  1.4855E+00
  2.4499E+00  1.5429E+00  1.5429E+00  1.5435E+00
  2.4669E+00  1.6033E+00  1.6033E+00  1.6043E+00
  2.4841E+00  1.6666E+00  1.6666E+00  1.6679E+00
  2.5014E+00  1.7330E+00  1.7330E+00  1.7347E+00
  2.5188E+00  1.8026E+00  1.8026E+00  1.8046E+00
  2.5363E+00  1.8755E+00  1.8755E+00  1.8779E+00
  2.5539E+00  1.9520E+00  1.9520E+00  1.9548E+00
  2.5717E+00  2.0323E+00  2.0323E+00  2.0354E+00
  2.5896E+00  2.1166E+00  2.1166E+00  2.1201E+00
