 # l=           1 energy=  -5.00000000000000     
  0.0000E+00  0.0000E+00  0.0000E+00  0.0000E+00
  5.3551E-07  1.4047E-13  3.9169E-09  4.2192E-09
  1.0747E-06  5.6579E-13  1.1963E-08  1.2886E-08
  1.6177E-06  1.2819E-12  2.3039E-08  2.4817E-08
  2.1645E-06  2.2949E-12  3.6740E-08  3.9575E-08
  2.7151E-06  3.6108E-12  5.2834E-08  5.6910E-08
  3.2694E-06  5.2359E-12  7.1163E-08  7.6653E-08
  3.8277E-06  7.1766E-12  9.1618E-08  9.8687E-08
  4.3898E-06  9.4393E-12  1.1412E-07  1.2293E-07
  4.9559E-06  1.2030E-11  1.3861E-07  1.4930E-07
  5.5258E-06  1.4957E-11  1.6503E-07  1.7776E-07
  6.0998E-06  1.8225E-11  1.9335E-07  2.0827E-07
  6.6777E-06  2.1842E-11  2.2354E-07  2.4079E-07
  7.2597E-06  2.5815E-11  2.5558E-07  2.7530E-07
  7.8457E-06  3.0151E-11  2.8944E-07  3.1178E-07
  8.4357E-06  3.4857E-11  3.2512E-07  3.5020E-07
  9.0299E-06  3.9940E-11  3.6260E-07  3.9057E-07
  9.6282E-06  4.5408E-11  4.0187E-07  4.3287E-07
  1.0231E-05  5.1269E-11  4.4293E-07  4.7710E-07
  1.0837E-05  5.7529E-11  4.8578E-07  5.2325E-07
  1.1448E-05  6.4198E-11  5.3041E-07  5.7133E-07
  1.2063E-05  7.1282E-11  5.7682E-07  6.2133E-07
  1.2683E-05  7.8790E-11  6.2503E-07  6.7325E-07
  1.3306E-05  8.6730E-11  6.7502E-07  7.2710E-07
  1.3935E-05  9.5110E-11  7.2682E-07  7.8289E-07
  1.4567E-05  1.0394E-10  7.8041E-07  8.4062E-07
  1.5204E-05  1.1323E-10  8.3582E-07  9.0030E-07
  1.5845E-05  1.2298E-10  8.9304E-07  9.6194E-07
  1.6491E-05  1.3321E-10  9.5209E-07  1.0255E-06
  1.7141E-05  1.4392E-10  1.0130E-06  1.0911E-06
  1.7796E-05  1.5512E-10  1.0757E-06  1.1587E-06
  1.8455E-05  1.6683E-10  1.1403E-06  1.2283E-06
  1.9119E-05  1.7904E-10  1.2068E-06  1.2999E-06
  1.9787E-05  1.9178E-10  1.2751E-06  1.3735E-06
  2.0460E-05  2.0505E-10  1.3454E-06  1.4491E-06
  2.1138E-05  2.1886E-10  1.4175E-06  1.5269E-06
  2.1821E-05  2.3323E-10  1.4916E-06  1.6067E-06
  2.2508E-05  2.4815E-10  1.5676E-06  1.6886E-06
  2.3200E-05  2.6364E-10  1.6456E-06  1.7726E-06
  2.3897E-05  2.7972E-10  1.7256E-06  1.8587E-06
  2.4598E-05  2.9639E-10  1.8075E-06  1.9469E-06
  2.5305E-05  3.1366E-10  1.8915E-06  2.0374E-06
  2.6017E-05  3.3155E-10  1.9774E-06  2.1300E-06
  2.6733E-05  3.5006E-10  2.0654E-06  2.2248E-06
  2.7454E-05  3.6921E-10  2.1555E-06  2.3218E-06
  2.8181E-05  3.8900E-10  2.2477E-06  2.4211E-06
  2.8912E-05  4.0946E-10  2.3420E-06  2.5226E-06
  2.9649E-05  4.3059E-10  2.4383E-06  2.6265E-06
  3.0391E-05  4.5240E-10  2.5369E-06  2.7326E-06
  3.1137E-05  4.7491E-10  2.6376E-06  2.8410E-06
  3.1890E-05  4.9813E-10  2.7404E-06  2.9519E-06
  3.2647E-05  5.2207E-10  2.8455E-06  3.0650E-06
  3.3409E-05  5.4674E-10  2.9528E-06  3.1806E-06
  3.4177E-05  5.7216E-10  3.0624E-06  3.2986E-06
  3.4950E-05  5.9834E-10  3.1742E-06  3.4191E-06
  3.5729E-05  6.2529E-10  3.2884E-06  3.5420E-06
  3.6513E-05  6.5304E-10  3.4048E-06  3.6675E-06
  3.7302E-05  6.8158E-10  3.5236E-06  3.7954E-06
  3.8097E-05  7.1094E-10  3.6448E-06  3.9259E-06
  3.8898E-05  7.4113E-10  3.7683E-06  4.0590E-06
  3.9704E-05  7.7216E-10  3.8943E-06  4.1947E-06
  4.0515E-05  8.0405E-10  4.0227E-06  4.3330E-06
  4.1333E-05  8.3682E-10  4.1536E-06  4.4740E-06
  4.2156E-05  8.7047E-10  4.2870E-06  4.6177E-06
  4.2984E-05  9.0503E-10  4.4229E-06  4.7641E-06
  4.3819E-05  9.4051E-10  4.5614E-06  4.9133E-06
  4.4659E-05  9.7693E-10  4.7025E-06  5.0652E-06
  4.5505E-05  1.0143E-09  4.8461E-06  5.2200E-06
  4.6357E-05  1.0526E-09  4.9925E-06  5.3776E-06
  4.7215E-05  1.0920E-09  5.1414E-06  5.5380E-06
  4.8079E-05  1.1323E-09  5.2931E-06  5.7014E-06
  4.8949E-05  1.1736E-09  5.4475E-06  5.8677E-06
  4.9825E-05  1.2160E-09  5.6046E-06  6.0370E-06
  5.0707E-05  1.2594E-09  5.7646E-06  6.2093E-06
  5.1595E-05  1.3039E-09  5.9274E-06  6.3846E-06
  5.2489E-05  1.3495E-09  6.0930E-06  6.5630E-06
  5.3390E-05  1.3962E-09  6.2615E-06  6.7445E-06
  5.4296E-05  1.4441E-09  6.4329E-06  6.9291E-06
  5.5210E-05  1.4930E-09  6.6072E-06  7.1169E-06
  5.6129E-05  1.5432E-09  6.7846E-06  7.3079E-06
  5.7055E-05  1.5945E-09  6.9649E-06  7.5022E-06
  5.7987E-05  1.6471E-09  7.1483E-06  7.6998E-06
  5.8926E-05  1.7008E-09  7.3348E-06  7.9006E-06
  5.9871E-05  1.7558E-09  7.5245E-06  8.1049E-06
  6.0823E-05  1.8121E-09  7.7172E-06  8.3125E-06
  6.1782E-05  1.8697E-09  7.9132E-06  8.5236E-06
  6.2747E-05  1.9285E-09  8.1124E-06  8.7381E-06
  6.3719E-05  1.9887E-09  8.3148E-06  8.9562E-06
  6.4697E-05  2.0503E-09  8.5206E-06  9.1778E-06
  6.5683E-05  2.1132E-09  8.7297E-06  9.4030E-06
  6.6675E-05  2.1776E-09  8.9421E-06  9.6319E-06
  6.7674E-05  2.2433E-09  9.1580E-06  9.8644E-06
  6.8680E-05  2.3105E-09  9.3774E-06  1.0101E-05
  6.9694E-05  2.3792E-09  9.6002E-06  1.0341E-05
  7.0714E-05  2.4493E-09  9.8266E-06  1.0585E-05
  7.1741E-05  2.5210E-09  1.0057E-05  1.0832E-05
  7.2775E-05  2.5943E-09  1.0290E-05  1.1084E-05
  7.3817E-05  2.6690E-09  1.0527E-05  1.1339E-05
  7.4866E-05  2.7454E-09  1.0768E-05  1.1599E-05
  7.5922E-05  2.8234E-09  1.1013E-05  1.1862E-05
  7.6986E-05  2.9031E-09  1.1261E-05  1.2130E-05
  7.8056E-05  2.9844E-09  1.1514E-05  1.2402E-05
  7.9135E-05  3.0675E-09  1.1770E-05  1.2678E-05
  8.0221E-05  3.1522E-09  1.2030E-05  1.2958E-05
  8.1314E-05  3.2387E-09  1.2294E-05  1.3242E-05
  8.2415E-05  3.3270E-09  1.2562E-05  1.3531E-05
  8.3524E-05  3.4171E-09  1.2834E-05  1.3824E-05
  8.4640E-05  3.5091E-09  1.3111E-05  1.4122E-05
  8.5764E-05  3.6029E-09  1.3391E-05  1.4424E-05
  8.6896E-05  3.6987E-09  1.3676E-05  1.4731E-05
  8.8036E-05  3.7963E-09  1.3965E-05  1.5042E-05
  8.9184E-05  3.8960E-09  1.4258E-05  1.5358E-05
  9.0339E-05  3.9976E-09  1.4555E-05  1.5678E-05
  9.1503E-05  4.1012E-09  1.4857E-05  1.6003E-05
  9.2675E-05  4.2070E-09  1.5164E-05  1.6333E-05
  9.3855E-05  4.3148E-09  1.5475E-05  1.6668E-05
  9.5043E-05  4.4247E-09  1.5790E-05  1.7008E-05
  9.6240E-05  4.5368E-09  1.6110E-05  1.7353E-05
  9.7445E-05  4.6511E-09  1.6435E-05  1.7703E-05
  9.8658E-05  4.7677E-09  1.6765E-05  1.8058E-05
  9.9879E-05  4.8865E-09  1.7099E-05  1.8418E-05
  1.0111E-04  5.0076E-09  1.7438E-05  1.8783E-05
  1.0235E-04  5.1310E-09  1.7782E-05  1.9153E-05
  1.0360E-04  5.2568E-09  1.8131E-05  1.9529E-05
  1.0485E-04  5.3851E-09  1.8485E-05  1.9910E-05
  1.0612E-04  5.5158E-09  1.8844E-05  2.0297E-05
  1.0739E-04  5.6489E-09  1.9208E-05  2.0689E-05
  1.0867E-04  5.7847E-09  1.9577E-05  2.1087E-05
  1.0996E-04  5.9229E-09  1.9952E-05  2.1491E-05
  1.1126E-04  6.0638E-09  2.0332E-05  2.1900E-05
  1.1257E-04  6.2074E-09  2.0717E-05  2.2315E-05
  1.1389E-04  6.3536E-09  2.1107E-05  2.2735E-05
  1.1522E-04  6.5026E-09  2.1504E-05  2.3162E-05
  1.1656E-04  6.6544E-09  2.1905E-05  2.3595E-05
  1.1790E-04  6.8090E-09  2.2313E-05  2.4034E-05
  1.1926E-04  6.9664E-09  2.2726E-05  2.4478E-05
  1.2062E-04  7.1268E-09  2.3144E-05  2.4929E-05
  1.2200E-04  7.2901E-09  2.3569E-05  2.5387E-05
  1.2338E-04  7.4565E-09  2.3999E-05  2.5850E-05
  1.2477E-04  7.6259E-09  2.4436E-05  2.6321E-05
  1.2618E-04  7.7983E-09  2.4878E-05  2.6797E-05
  1.2759E-04  7.9740E-09  2.5327E-05  2.7280E-05
  1.2901E-04  8.1528E-09  2.5782E-05  2.7770E-05
  1.3045E-04  8.3349E-09  2.6243E-05  2.8267E-05
  1.3189E-04  8.5203E-09  2.6710E-05  2.8770E-05
  1.3334E-04  8.7090E-09  2.7184E-05  2.9280E-05
  1.3480E-04  8.9011E-09  2.7664E-05  2.9797E-05
  1.3628E-04  9.0967E-09  2.8150E-05  3.0322E-05
  1.3776E-04  9.2958E-09  2.8644E-05  3.0853E-05
  1.3925E-04  9.4985E-09  2.9144E-05  3.1391E-05
  1.4076E-04  9.7048E-09  2.9650E-05  3.1937E-05
  1.4227E-04  9.9147E-09  3.0164E-05  3.2490E-05
  1.4380E-04  1.0128E-08  3.0685E-05  3.3051E-05
  1.4533E-04  1.0346E-08  3.1212E-05  3.3619E-05
  1.4688E-04  1.0567E-08  3.1747E-05  3.4195E-05
  1.4844E-04  1.0792E-08  3.2289E-05  3.4779E-05
  1.5000E-04  1.1022E-08  3.2838E-05  3.5370E-05
  1.5158E-04  1.1255E-08  3.3394E-05  3.5970E-05
  1.5317E-04  1.1492E-08  3.3958E-05  3.6577E-05
  1.5477E-04  1.1734E-08  3.4529E-05  3.7192E-05
  1.5638E-04  1.1979E-08  3.5108E-05  3.7816E-05
  1.5801E-04  1.2229E-08  3.5695E-05  3.8448E-05
  1.5964E-04  1.2483E-08  3.6289E-05  3.9088E-05
  1.6129E-04  1.2742E-08  3.6892E-05  3.9737E-05
  1.6294E-04  1.3005E-08  3.7502E-05  4.0394E-05
  1.6461E-04  1.3273E-08  3.8120E-05  4.1060E-05
  1.6629E-04  1.3545E-08  3.8747E-05  4.1735E-05
  1.6799E-04  1.3822E-08  3.9381E-05  4.2419E-05
  1.6969E-04  1.4104E-08  4.0025E-05  4.3111E-05
  1.7140E-04  1.4391E-08  4.0676E-05  4.3813E-05
  1.7313E-04  1.4682E-08  4.1336E-05  4.4524E-05
  1.7487E-04  1.4979E-08  4.2005E-05  4.5244E-05
  1.7662E-04  1.5281E-08  4.2682E-05  4.5974E-05
  1.7839E-04  1.5587E-08  4.3368E-05  4.6713E-05
  1.8016E-04  1.5899E-08  4.4064E-05  4.7462E-05
  1.8195E-04  1.6216E-08  4.4768E-05  4.8220E-05
  1.8375E-04  1.6539E-08  4.5481E-05  4.8989E-05
  1.8557E-04  1.6867E-08  4.6204E-05  4.9767E-05
  1.8739E-04  1.7201E-08  4.6936E-05  5.0556E-05
  1.8923E-04  1.7540E-08  4.7678E-05  5.1354E-05
  1.9108E-04  1.7885E-08  4.8429E-05  5.2163E-05
  1.9295E-04  1.8235E-08  4.9189E-05  5.2983E-05
  1.9482E-04  1.8592E-08  4.9960E-05  5.3813E-05
  1.9671E-04  1.8955E-08  5.0741E-05  5.4654E-05
  1.9862E-04  1.9323E-08  5.1531E-05  5.5505E-05
  2.0053E-04  1.9698E-08  5.2332E-05  5.6368E-05
  2.0246E-04  2.0079E-08  5.3143E-05  5.7241E-05
  2.0441E-04  2.0466E-08  5.3964E-05  5.8126E-05
  2.0637E-04  2.0860E-08  5.4796E-05  5.9022E-05
  2.0834E-04  2.1260E-08  5.5639E-05  5.9929E-05
  2.1032E-04  2.1667E-08  5.6492E-05  6.0849E-05
  2.1232E-04  2.2081E-08  5.7356E-05  6.1779E-05
  2.1433E-04  2.2501E-08  5.8231E-05  6.2722E-05
  2.1636E-04  2.2929E-08  5.9118E-05  6.3677E-05
  2.1840E-04  2.3363E-08  6.0015E-05  6.4644E-05
  2.2045E-04  2.3805E-08  6.0924E-05  6.5623E-05
  2.2252E-04  2.4254E-08  6.1845E-05  6.6614E-05
  2.2460E-04  2.4710E-08  6.2777E-05  6.7618E-05
  2.2670E-04  2.5174E-08  6.3721E-05  6.8635E-05
  2.2881E-04  2.5645E-08  6.4677E-05  6.9665E-05
  2.3094E-04  2.6124E-08  6.5645E-05  7.0707E-05
  2.3308E-04  2.6611E-08  6.6625E-05  7.1763E-05
  2.3524E-04  2.7105E-08  6.7618E-05  7.2832E-05
  2.3741E-04  2.7608E-08  6.8623E-05  7.3915E-05
  2.3959E-04  2.8119E-08  6.9641E-05  7.5011E-05
  2.4180E-04  2.8638E-08  7.0671E-05  7.6121E-05
  2.4401E-04  2.9166E-08  7.1715E-05  7.7245E-05
  2.4625E-04  2.9702E-08  7.2771E-05  7.8383E-05
  2.4849E-04  3.0246E-08  7.3841E-05  7.9535E-05
  2.5076E-04  3.0800E-08  7.4924E-05  8.0702E-05
  2.5304E-04  3.1363E-08  7.6021E-05  8.1883E-05
  2.5533E-04  3.1934E-08  7.7131E-05  8.3079E-05
  2.5764E-04  3.2515E-08  7.8256E-05  8.4290E-05
  2.5997E-04  3.3105E-08  7.9394E-05  8.5516E-05
  2.6231E-04  3.3704E-08  8.0546E-05  8.6758E-05
  2.6467E-04  3.4314E-08  8.1713E-05  8.8014E-05
  2.6705E-04  3.4932E-08  8.2895E-05  8.9287E-05
  2.6944E-04  3.5561E-08  8.4091E-05  9.0575E-05
  2.7185E-04  3.6200E-08  8.5302E-05  9.1880E-05
  2.7428E-04  3.6849E-08  8.6528E-05  9.3200E-05
  2.7672E-04  3.7508E-08  8.7769E-05  9.4537E-05
  2.7918E-04  3.8178E-08  8.9025E-05  9.5890E-05
  2.8166E-04  3.8859E-08  9.0297E-05  9.7260E-05
  2.8415E-04  3.9550E-08  9.1585E-05  9.8647E-05
  2.8666E-04  4.0252E-08  9.2889E-05  1.0005E-04
  2.8919E-04  4.0966E-08  9.4209E-05  1.0147E-04
  2.9174E-04  4.1690E-08  9.5545E-05  1.0291E-04
  2.9430E-04  4.2426E-08  9.6897E-05  1.0437E-04
  2.9689E-04  4.3174E-08  9.8267E-05  1.0584E-04
  2.9949E-04  4.3934E-08  9.9653E-05  1.0734E-04
  3.0210E-04  4.4705E-08  1.0106E-04  1.0885E-04
  3.0474E-04  4.5489E-08  1.0248E-04  1.1038E-04
  3.0740E-04  4.6285E-08  1.0391E-04  1.1193E-04
  3.1007E-04  4.7093E-08  1.0537E-04  1.1349E-04
  3.1276E-04  4.7915E-08  1.0684E-04  1.1508E-04
  3.1547E-04  4.8749E-08  1.0833E-04  1.1669E-04
  3.1820E-04  4.9596E-08  1.0984E-04  1.1831E-04
  3.2095E-04  5.0456E-08  1.1137E-04  1.1996E-04
  3.2372E-04  5.1330E-08  1.1292E-04  1.2163E-04
  3.2650E-04  5.2218E-08  1.1448E-04  1.2331E-04
  3.2931E-04  5.3119E-08  1.1607E-04  1.2502E-04
  3.3214E-04  5.4035E-08  1.1767E-04  1.2675E-04
  3.3498E-04  5.4965E-08  1.1930E-04  1.2850E-04
  3.3785E-04  5.5909E-08  1.2094E-04  1.3027E-04
  3.4073E-04  5.6868E-08  1.2260E-04  1.3206E-04
  3.4364E-04  5.7842E-08  1.2429E-04  1.3387E-04
  3.4656E-04  5.8831E-08  1.2599E-04  1.3571E-04
  3.4951E-04  5.9835E-08  1.2772E-04  1.3756E-04
  3.5247E-04  6.0855E-08  1.2946E-04  1.3945E-04
  3.5546E-04  6.1891E-08  1.3123E-04  1.4135E-04
  3.5847E-04  6.2942E-08  1.3302E-04  1.4327E-04
  3.6150E-04  6.4010E-08  1.3483E-04  1.4522E-04
  3.6455E-04  6.5095E-08  1.3666E-04  1.4720E-04
  3.6762E-04  6.6196E-08  1.3852E-04  1.4920E-04
  3.7071E-04  6.7314E-08  1.4039E-04  1.5122E-04
  3.7382E-04  6.8450E-08  1.4229E-04  1.5326E-04
  3.7696E-04  6.9603E-08  1.4421E-04  1.5533E-04
  3.8011E-04  7.0773E-08  1.4616E-04  1.5743E-04
  3.8329E-04  7.1962E-08  1.4813E-04  1.5955E-04
  3.8649E-04  7.3169E-08  1.5012E-04  1.6170E-04
  3.8972E-04  7.4395E-08  1.5214E-04  1.6387E-04
  3.9296E-04  7.5639E-08  1.5418E-04  1.6607E-04
  3.9623E-04  7.6902E-08  1.5624E-04  1.6829E-04
  3.9952E-04  7.8185E-08  1.5834E-04  1.7054E-04
  4.0284E-04  7.9488E-08  1.6045E-04  1.7282E-04
  4.0617E-04  8.0810E-08  1.6259E-04  1.7513E-04
  4.0953E-04  8.2153E-08  1.6476E-04  1.7746E-04
  4.1292E-04  8.3516E-08  1.6695E-04  1.7982E-04
  4.1632E-04  8.4900E-08  1.6917E-04  1.8221E-04
  4.1975E-04  8.6305E-08  1.7142E-04  1.8463E-04
  4.2321E-04  8.7731E-08  1.7369E-04  1.8708E-04
  4.2669E-04  8.9179E-08  1.7599E-04  1.8956E-04
  4.3019E-04  9.0650E-08  1.7832E-04  1.9207E-04
  4.3372E-04  9.2142E-08  1.8067E-04  1.9460E-04
  4.3727E-04  9.3657E-08  1.8306E-04  1.9717E-04
  4.4085E-04  9.5196E-08  1.8547E-04  1.9977E-04
  4.4445E-04  9.6757E-08  1.8791E-04  2.0240E-04
  4.4807E-04  9.8343E-08  1.9038E-04  2.0506E-04
  4.5173E-04  9.9952E-08  1.9288E-04  2.0775E-04
  4.5540E-04  1.0159E-07  1.9541E-04  2.1047E-04
  4.5911E-04  1.0324E-07  1.9797E-04  2.1323E-04
  4.6283E-04  1.0493E-07  2.0056E-04  2.1602E-04
  4.6659E-04  1.0664E-07  2.0318E-04  2.1884E-04
  4.7037E-04  1.0837E-07  2.0583E-04  2.2170E-04
  4.7417E-04  1.1013E-07  2.0852E-04  2.2459E-04
  4.7801E-04  1.1192E-07  2.1123E-04  2.2752E-04
  4.8187E-04  1.1374E-07  2.1398E-04  2.3048E-04
  4.8575E-04  1.1558E-07  2.1676E-04  2.3347E-04
  4.8967E-04  1.1745E-07  2.1957E-04  2.3650E-04
  4.9361E-04  1.1935E-07  2.2242E-04  2.3957E-04
  4.9758E-04  1.2127E-07  2.2530E-04  2.4267E-04
  5.0157E-04  1.2323E-07  2.2822E-04  2.4581E-04
  5.0560E-04  1.2521E-07  2.3117E-04  2.4899E-04
  5.0965E-04  1.2723E-07  2.3415E-04  2.5220E-04
  5.1373E-04  1.2927E-07  2.3717E-04  2.5546E-04
  5.1784E-04  1.3135E-07  2.4023E-04  2.5875E-04
  5.2197E-04  1.3346E-07  2.4332E-04  2.6208E-04
  5.2614E-04  1.3559E-07  2.4645E-04  2.6545E-04
  5.3033E-04  1.3777E-07  2.4961E-04  2.6886E-04
  5.3456E-04  1.3997E-07  2.5282E-04  2.7231E-04
  5.3881E-04  1.4220E-07  2.5606E-04  2.7580E-04
  5.4309E-04  1.4447E-07  2.5934E-04  2.7933E-04
  5.4740E-04  1.4678E-07  2.6265E-04  2.8290E-04
  5.5175E-04  1.4912E-07  2.6601E-04  2.8652E-04
  5.5612E-04  1.5149E-07  2.6941E-04  2.9018E-04
  5.6052E-04  1.5390E-07  2.7284E-04  2.9388E-04
  5.6496E-04  1.5634E-07  2.7632E-04  2.9762E-04
  5.6942E-04  1.5882E-07  2.7984E-04  3.0141E-04
  5.7392E-04  1.6134E-07  2.8340E-04  3.0525E-04
  5.7844E-04  1.6389E-07  2.8700E-04  3.0913E-04
  5.8300E-04  1.6649E-07  2.9064E-04  3.1305E-04
  5.8759E-04  1.6912E-07  2.9433E-04  3.1702E-04
  5.9221E-04  1.7179E-07  2.9806E-04  3.2104E-04
  5.9687E-04  1.7450E-07  3.0184E-04  3.2510E-04
  6.0155E-04  1.7725E-07  3.0565E-04  3.2922E-04
  6.0627E-04  1.8004E-07  3.0952E-04  3.3338E-04
  6.1102E-04  1.8288E-07  3.1343E-04  3.3759E-04
  6.1581E-04  1.8575E-07  3.1738E-04  3.4185E-04
  6.2063E-04  1.8867E-07  3.2138E-04  3.4616E-04
  6.2548E-04  1.9163E-07  3.2543E-04  3.5052E-04
  6.3036E-04  1.9464E-07  3.2952E-04  3.5493E-04
  6.3528E-04  1.9769E-07  3.3367E-04  3.5939E-04
  6.4024E-04  2.0078E-07  3.3786E-04  3.6390E-04
  6.4522E-04  2.0392E-07  3.4210E-04  3.6847E-04
  6.5025E-04  2.0711E-07  3.4639E-04  3.7309E-04
  6.5530E-04  2.1034E-07  3.5073E-04  3.7777E-04
  6.6040E-04  2.1363E-07  3.5512E-04  3.8250E-04
  6.6552E-04  2.1696E-07  3.5957E-04  3.8728E-04
  6.7069E-04  2.2034E-07  3.6406E-04  3.9213E-04
  6.7589E-04  2.2377E-07  3.6861E-04  3.9702E-04
  6.8112E-04  2.2725E-07  3.7321E-04  4.0198E-04
  6.8640E-04  2.3078E-07  3.7786E-04  4.0699E-04
  6.9171E-04  2.3436E-07  3.8257E-04  4.1206E-04
  6.9705E-04  2.3800E-07  3.8734E-04  4.1719E-04
  7.0243E-04  2.4169E-07  3.9215E-04  4.2238E-04
  7.0786E-04  2.4543E-07  3.9703E-04  4.2764E-04
  7.1331E-04  2.4923E-07  4.0196E-04  4.3295E-04
  7.1881E-04  2.5309E-07  4.0695E-04  4.3832E-04
  7.2434E-04  2.5700E-07  4.1200E-04  4.4376E-04
  7.2992E-04  2.6097E-07  4.1711E-04  4.4926E-04
  7.3553E-04  2.6500E-07  4.2227E-04  4.5482E-04
  7.4118E-04  2.6909E-07  4.2750E-04  4.6045E-04
  7.4687E-04  2.7323E-07  4.3279E-04  4.6615E-04
  7.5260E-04  2.7744E-07  4.3813E-04  4.7191E-04
  7.5837E-04  2.8171E-07  4.4354E-04  4.7773E-04
  7.6418E-04  2.8604E-07  4.4902E-04  4.8363E-04
  7.7003E-04  2.9044E-07  4.5455E-04  4.8959E-04
  7.7592E-04  2.9490E-07  4.6016E-04  4.9563E-04
  7.8185E-04  2.9943E-07  4.6582E-04  5.0173E-04
  7.8782E-04  3.0402E-07  4.7155E-04  5.0790E-04
  7.9384E-04  3.0868E-07  4.7735E-04  5.1415E-04
  7.9989E-04  3.1341E-07  4.8322E-04  5.2047E-04
  8.0599E-04  3.1820E-07  4.8915E-04  5.2686E-04
  8.1213E-04  3.2307E-07  4.9516E-04  5.3332E-04
  8.1832E-04  3.2801E-07  5.0123E-04  5.3986E-04
  8.2454E-04  3.3302E-07  5.0737E-04  5.4648E-04
  8.3081E-04  3.3810E-07  5.1358E-04  5.5317E-04
  8.3712E-04  3.4326E-07  5.1987E-04  5.5994E-04
  8.4348E-04  3.4849E-07  5.2623E-04  5.6679E-04
  8.4988E-04  3.5380E-07  5.3266E-04  5.7372E-04
  8.5633E-04  3.5919E-07  5.3917E-04  5.8073E-04
  8.6282E-04  3.6466E-07  5.4575E-04  5.8781E-04
  8.6936E-04  3.7020E-07  5.5241E-04  5.9498E-04
  8.7594E-04  3.7583E-07  5.5914E-04  6.0224E-04
  8.8256E-04  3.8154E-07  5.6595E-04  6.0957E-04
  8.8924E-04  3.8733E-07  5.7284E-04  6.1700E-04
  8.9596E-04  3.9320E-07  5.7981E-04  6.2450E-04
  9.0272E-04  3.9916E-07  5.8686E-04  6.3210E-04
  9.0954E-04  4.0521E-07  5.9400E-04  6.3978E-04
  9.1640E-04  4.1135E-07  6.0121E-04  6.4755E-04
  9.2331E-04  4.1757E-07  6.0851E-04  6.5541E-04
  9.3026E-04  4.2389E-07  6.1589E-04  6.6336E-04
  9.3727E-04  4.3030E-07  6.2336E-04  6.7140E-04
  9.4432E-04  4.3680E-07  6.3091E-04  6.7954E-04
  9.5142E-04  4.4340E-07  6.3855E-04  6.8777E-04
  9.5858E-04  4.5009E-07  6.4628E-04  6.9609E-04
  9.6578E-04  4.5687E-07  6.5409E-04  7.0451E-04
  9.7303E-04  4.6376E-07  6.6200E-04  7.1302E-04
  9.8033E-04  4.7075E-07  6.7000E-04  7.2164E-04
  9.8768E-04  4.7784E-07  6.7809E-04  7.3035E-04
  9.9509E-04  4.8503E-07  6.8627E-04  7.3916E-04
  1.0025E-03  4.9232E-07  6.9454E-04  7.4808E-04
  1.0101E-03  4.9972E-07  7.0292E-04  7.5709E-04
  1.0176E-03  5.0723E-07  7.1138E-04  7.6621E-04
  1.0252E-03  5.1485E-07  7.1995E-04  7.7544E-04
  1.0329E-03  5.2258E-07  7.2861E-04  7.8477E-04
  1.0406E-03  5.3042E-07  7.3737E-04  7.9420E-04
  1.0484E-03  5.3837E-07  7.4623E-04  8.0375E-04
  1.0562E-03  5.4644E-07  7.5520E-04  8.1340E-04
  1.0641E-03  5.5462E-07  7.6426E-04  8.2317E-04
  1.0720E-03  5.6293E-07  7.7343E-04  8.3304E-04
  1.0800E-03  5.7135E-07  7.8271E-04  8.4303E-04
  1.0881E-03  5.7989E-07  7.9209E-04  8.5314E-04
  1.0962E-03  5.8856E-07  8.0158E-04  8.6336E-04
  1.1043E-03  5.9736E-07  8.1118E-04  8.7370E-04
  1.1125E-03  6.0628E-07  8.2089E-04  8.8415E-04
  1.1208E-03  6.1533E-07  8.3070E-04  8.9473E-04
  1.1291E-03  6.2451E-07  8.4063E-04  9.0542E-04
  1.1375E-03  6.3382E-07  8.5068E-04  9.1624E-04
  1.1460E-03  6.4327E-07  8.6084E-04  9.2718E-04
  1.1545E-03  6.5285E-07  8.7111E-04  9.3825E-04
  1.1630E-03  6.6257E-07  8.8150E-04  9.4944E-04
  1.1717E-03  6.7244E-07  8.9201E-04  9.6076E-04
  1.1804E-03  6.8244E-07  9.0264E-04  9.7221E-04
  1.1891E-03  6.9259E-07  9.1339E-04  9.8379E-04
  1.1979E-03  7.0288E-07  9.2427E-04  9.9550E-04
  1.2068E-03  7.1333E-07  9.3527E-04  1.0073E-03
  1.2157E-03  7.2392E-07  9.4639E-04  1.0193E-03
  1.2247E-03  7.3467E-07  9.5764E-04  1.0314E-03
  1.2337E-03  7.4557E-07  9.6902E-04  1.0437E-03
  1.2429E-03  7.5663E-07  9.8052E-04  1.0561E-03
  1.2520E-03  7.6784E-07  9.9216E-04  1.0686E-03
  1.2613E-03  7.7922E-07  1.0039E-03  1.0813E-03
  1.2706E-03  7.9076E-07  1.0158E-03  1.0941E-03
  1.2800E-03  8.0247E-07  1.0279E-03  1.1071E-03
  1.2894E-03  8.1435E-07  1.0401E-03  1.1202E-03
  1.2989E-03  8.2640E-07  1.0524E-03  1.1335E-03
  1.3085E-03  8.3862E-07  1.0648E-03  1.1469E-03
  1.3181E-03  8.5101E-07  1.0774E-03  1.1604E-03
  1.3278E-03  8.6359E-07  1.0902E-03  1.1742E-03
  1.3376E-03  8.7634E-07  1.1030E-03  1.1880E-03
  1.3474E-03  8.8928E-07  1.1161E-03  1.2021E-03
  1.3573E-03  9.0240E-07  1.1292E-03  1.2163E-03
  1.3673E-03  9.1571E-07  1.1426E-03  1.2306E-03
  1.3773E-03  9.2922E-07  1.1560E-03  1.2451E-03
  1.3874E-03  9.4291E-07  1.1697E-03  1.2598E-03
  1.3976E-03  9.5681E-07  1.1835E-03  1.2746E-03
  1.4079E-03  9.7090E-07  1.1974E-03  1.2897E-03
  1.4182E-03  9.8520E-07  1.2115E-03  1.3048E-03
  1.4286E-03  9.9969E-07  1.2257E-03  1.3202E-03
  1.4391E-03  1.0144E-06  1.2402E-03  1.3357E-03
  1.4496E-03  1.0293E-06  1.2547E-03  1.3514E-03
  1.4602E-03  1.0445E-06  1.2695E-03  1.3673E-03
  1.4709E-03  1.0598E-06  1.2844E-03  1.3834E-03
  1.4817E-03  1.0754E-06  1.2995E-03  1.3996E-03
  1.4925E-03  1.0912E-06  1.3147E-03  1.4160E-03
  1.5034E-03  1.1072E-06  1.3301E-03  1.4326E-03
  1.5144E-03  1.1234E-06  1.3457E-03  1.4494E-03
  1.5255E-03  1.1399E-06  1.3615E-03  1.4664E-03
  1.5366E-03  1.1566E-06  1.3774E-03  1.4836E-03
  1.5479E-03  1.1736E-06  1.3936E-03  1.5010E-03
  1.5592E-03  1.1908E-06  1.4099E-03  1.5185E-03
  1.5706E-03  1.2082E-06  1.4264E-03  1.5363E-03
  1.5820E-03  1.2259E-06  1.4430E-03  1.5542E-03
  1.5935E-03  1.2439E-06  1.4599E-03  1.5724E-03
  1.6052E-03  1.2621E-06  1.4770E-03  1.5908E-03
  1.6169E-03  1.2805E-06  1.4942E-03  1.6093E-03
  1.6286E-03  1.2993E-06  1.5116E-03  1.6281E-03
  1.6405E-03  1.3182E-06  1.5293E-03  1.6471E-03
  1.6524E-03  1.3375E-06  1.5471E-03  1.6663E-03
  1.6645E-03  1.3571E-06  1.5651E-03  1.6857E-03
  1.6766E-03  1.3769E-06  1.5834E-03  1.7054E-03
  1.6888E-03  1.3970E-06  1.6018E-03  1.7252E-03
  1.7011E-03  1.4174E-06  1.6205E-03  1.7453E-03
  1.7134E-03  1.4380E-06  1.6393E-03  1.7656E-03
  1.7259E-03  1.4590E-06  1.6584E-03  1.7861E-03
  1.7384E-03  1.4803E-06  1.6776E-03  1.8069E-03
  1.7510E-03  1.5019E-06  1.6971E-03  1.8279E-03
  1.7638E-03  1.5238E-06  1.7168E-03  1.8491E-03
  1.7766E-03  1.5460E-06  1.7368E-03  1.8706E-03
  1.7894E-03  1.5685E-06  1.7569E-03  1.8923E-03
  1.8024E-03  1.5913E-06  1.7773E-03  1.9142E-03
  1.8155E-03  1.6145E-06  1.7979E-03  1.9364E-03
  1.8287E-03  1.6380E-06  1.8187E-03  1.9589E-03
  1.8419E-03  1.6618E-06  1.8398E-03  1.9815E-03
  1.8553E-03  1.6860E-06  1.8611E-03  2.0045E-03
  1.8687E-03  1.7105E-06  1.8826E-03  2.0277E-03
  1.8822E-03  1.7353E-06  1.9044E-03  2.0511E-03
  1.8958E-03  1.7606E-06  1.9264E-03  2.0748E-03
  1.9096E-03  1.7861E-06  1.9487E-03  2.0988E-03
  1.9234E-03  1.8121E-06  1.9712E-03  2.1231E-03
  1.9373E-03  1.8384E-06  1.9939E-03  2.1476E-03
  1.9513E-03  1.8651E-06  2.0169E-03  2.1723E-03
  1.9654E-03  1.8921E-06  2.0402E-03  2.1974E-03
  1.9796E-03  1.9196E-06  2.0637E-03  2.2227E-03
  1.9939E-03  1.9474E-06  2.0875E-03  2.2483E-03
  2.0083E-03  1.9756E-06  2.1116E-03  2.2742E-03
  2.0228E-03  2.0043E-06  2.1359E-03  2.3004E-03
  2.0374E-03  2.0333E-06  2.1605E-03  2.3269E-03
  2.0521E-03  2.0628E-06  2.1853E-03  2.3537E-03
  2.0669E-03  2.0926E-06  2.2104E-03  2.3807E-03
  2.0818E-03  2.1229E-06  2.2358E-03  2.4081E-03
  2.0969E-03  2.1537E-06  2.2615E-03  2.4358E-03
  2.1120E-03  2.1848E-06  2.2875E-03  2.4637E-03
  2.1272E-03  2.2164E-06  2.3137E-03  2.4920E-03
  2.1425E-03  2.2485E-06  2.3403E-03  2.5206E-03
  2.1580E-03  2.2810E-06  2.3671E-03  2.5495E-03
  2.1735E-03  2.3140E-06  2.3942E-03  2.5787E-03
  2.1892E-03  2.3474E-06  2.4217E-03  2.6082E-03
  2.2049E-03  2.3814E-06  2.4494E-03  2.6381E-03
  2.2208E-03  2.4158E-06  2.4774E-03  2.6683E-03
  2.2368E-03  2.4507E-06  2.5058E-03  2.6988E-03
  2.2529E-03  2.4860E-06  2.5344E-03  2.7297E-03
  2.2691E-03  2.5219E-06  2.5634E-03  2.7609E-03
  2.2854E-03  2.5583E-06  2.5927E-03  2.7924E-03
  2.3018E-03  2.5952E-06  2.6223E-03  2.8243E-03
  2.3183E-03  2.6327E-06  2.6522E-03  2.8565E-03
  2.3350E-03  2.6706E-06  2.6825E-03  2.8891E-03
  2.3518E-03  2.7092E-06  2.7131E-03  2.9221E-03
  2.3687E-03  2.7482E-06  2.7440E-03  2.9554E-03
  2.3857E-03  2.7878E-06  2.7752E-03  2.9890E-03
  2.4028E-03  2.8280E-06  2.8068E-03  3.0230E-03
  2.4200E-03  2.8687E-06  2.8388E-03  3.0574E-03
  2.4374E-03  2.9100E-06  2.8711E-03  3.0922E-03
  2.4549E-03  2.9519E-06  2.9037E-03  3.1274E-03
  2.4725E-03  2.9944E-06  2.9367E-03  3.1629E-03
  2.4902E-03  3.0375E-06  2.9700E-03  3.1988E-03
  2.5081E-03  3.0813E-06  3.0038E-03  3.2351E-03
  2.5261E-03  3.1256E-06  3.0378E-03  3.2718E-03
  2.5442E-03  3.1705E-06  3.0723E-03  3.3090E-03
  2.5624E-03  3.2161E-06  3.1071E-03  3.3465E-03
  2.5808E-03  3.2624E-06  3.1423E-03  3.3844E-03
  2.5992E-03  3.3093E-06  3.1779E-03  3.4227E-03
  2.6178E-03  3.3568E-06  3.2139E-03  3.4614E-03
  2.6366E-03  3.4051E-06  3.2502E-03  3.5006E-03
  2.6555E-03  3.4540E-06  3.2870E-03  3.5402E-03
  2.6745E-03  3.5036E-06  3.3241E-03  3.5802E-03
  2.6936E-03  3.5539E-06  3.3617E-03  3.6206E-03
  2.7129E-03  3.6049E-06  3.3996E-03  3.6615E-03
  2.7323E-03  3.6567E-06  3.4380E-03  3.7028E-03
  2.7518E-03  3.7092E-06  3.4767E-03  3.7445E-03
  2.7715E-03  3.7624E-06  3.5159E-03  3.7867E-03
  2.7913E-03  3.8164E-06  3.5555E-03  3.8294E-03
  2.8112E-03  3.8711E-06  3.5956E-03  3.8725E-03
  2.8313E-03  3.9266E-06  3.6360E-03  3.9161E-03
  2.8515E-03  3.9829E-06  3.6769E-03  3.9601E-03
  2.8719E-03  4.0400E-06  3.7182E-03  4.0046E-03
  2.8924E-03  4.0979E-06  3.7600E-03  4.0496E-03
  2.9131E-03  4.1566E-06  3.8022E-03  4.0951E-03
  2.9339E-03  4.2162E-06  3.8449E-03  4.1411E-03
  2.9548E-03  4.2766E-06  3.8880E-03  4.1875E-03
  2.9759E-03  4.3378E-06  3.9316E-03  4.2344E-03
  2.9971E-03  4.4000E-06  3.9757E-03  4.2819E-03
  3.0185E-03  4.4630E-06  4.0202E-03  4.3298E-03
  3.0400E-03  4.5268E-06  4.0652E-03  4.3783E-03
  3.0617E-03  4.5916E-06  4.1106E-03  4.4272E-03
  3.0835E-03  4.6573E-06  4.1566E-03  4.4767E-03
  3.1055E-03  4.7240E-06  4.2030E-03  4.5267E-03
  3.1276E-03  4.7915E-06  4.2500E-03  4.5773E-03
  3.1499E-03  4.8601E-06  4.2974E-03  4.6283E-03
  3.1724E-03  4.9296E-06  4.3453E-03  4.6800E-03
  3.1950E-03  5.0000E-06  4.3937E-03  4.7321E-03
  3.2177E-03  5.0715E-06  4.4427E-03  4.7848E-03
  3.2406E-03  5.1440E-06  4.4921E-03  4.8381E-03
  3.2637E-03  5.2175E-06  4.5421E-03  4.8919E-03
  3.2869E-03  5.2920E-06  4.5926E-03  4.9463E-03
  3.3103E-03  5.3676E-06  4.6436E-03  5.0013E-03
  3.3339E-03  5.4443E-06  4.6952E-03  5.0568E-03
  3.3576E-03  5.5221E-06  4.7473E-03  5.1129E-03
  3.3815E-03  5.6009E-06  4.8000E-03  5.1696E-03
  3.4055E-03  5.6809E-06  4.8532E-03  5.2269E-03
  3.4298E-03  5.7619E-06  4.9069E-03  5.2848E-03
  3.4542E-03  5.8442E-06  4.9612E-03  5.3433E-03
  3.4787E-03  5.9276E-06  5.0161E-03  5.4024E-03
  3.5034E-03  6.0121E-06  5.0716E-03  5.4622E-03
  3.5283E-03  6.0979E-06  5.1276E-03  5.5225E-03
  3.5534E-03  6.1849E-06  5.1842E-03  5.5835E-03
  3.5787E-03  6.2731E-06  5.2414E-03  5.6451E-03
  3.6041E-03  6.3625E-06  5.2992E-03  5.7073E-03
  3.6297E-03  6.4532E-06  5.3576E-03  5.7702E-03
  3.6555E-03  6.5452E-06  5.4166E-03  5.8337E-03
  3.6814E-03  6.6385E-06  5.4762E-03  5.8979E-03
  3.7076E-03  6.7331E-06  5.5365E-03  5.9628E-03
  3.7339E-03  6.8290E-06  5.5973E-03  6.0283E-03
  3.7604E-03  6.9263E-06  5.6588E-03  6.0945E-03
  3.7871E-03  7.0250E-06  5.7209E-03  6.1614E-03
  3.8139E-03  7.1250E-06  5.7836E-03  6.2290E-03
  3.8410E-03  7.2265E-06  5.8470E-03  6.2972E-03
  3.8682E-03  7.3294E-06  5.9110E-03  6.3662E-03
  3.8957E-03  7.4337E-06  5.9757E-03  6.4358E-03
  3.9233E-03  7.5395E-06  6.0410E-03  6.5062E-03
  3.9511E-03  7.6468E-06  6.1070E-03  6.5773E-03
  3.9791E-03  7.7556E-06  6.1737E-03  6.6491E-03
  4.0073E-03  7.8660E-06  6.2411E-03  6.7216E-03
  4.0357E-03  7.9779E-06  6.3091E-03  6.7949E-03
  4.0643E-03  8.0913E-06  6.3778E-03  6.8689E-03
  4.0932E-03  8.2064E-06  6.4473E-03  6.9437E-03
  4.1222E-03  8.3231E-06  6.5174E-03  7.0192E-03
  4.1514E-03  8.4415E-06  6.5882E-03  7.0955E-03
  4.1808E-03  8.5615E-06  6.6598E-03  7.1725E-03
  4.2104E-03  8.6832E-06  6.7320E-03  7.2504E-03
  4.2402E-03  8.8066E-06  6.8050E-03  7.3290E-03
  4.2702E-03  8.9317E-06  6.8787E-03  7.4084E-03
  4.3004E-03  9.0587E-06  6.9532E-03  7.4886E-03
  4.3309E-03  9.1874E-06  7.0284E-03  7.5696E-03
  4.3615E-03  9.3179E-06  7.1044E-03  7.6514E-03
  4.3924E-03  9.4502E-06  7.1811E-03  7.7340E-03
  4.4235E-03  9.5845E-06  7.2586E-03  7.8174E-03
  4.4548E-03  9.7206E-06  7.3368E-03  7.9017E-03
  4.4863E-03  9.8586E-06  7.4159E-03  7.9868E-03
  4.5180E-03  9.9986E-06  7.4957E-03  8.0727E-03
  4.5500E-03  1.0140E-05  7.5763E-03  8.1595E-03
  4.5822E-03  1.0284E-05  7.6576E-03  8.2472E-03
  4.6146E-03  1.0430E-05  7.7398E-03  8.3357E-03
  4.6472E-03  1.0578E-05  7.8228E-03  8.4251E-03
  4.6801E-03  1.0728E-05  7.9067E-03  8.5154E-03
  4.7131E-03  1.0881E-05  7.9913E-03  8.6065E-03
  4.7464E-03  1.1035E-05  8.0768E-03  8.6986E-03
  4.7800E-03  1.1192E-05  8.1631E-03  8.7915E-03
  4.8138E-03  1.1350E-05  8.2502E-03  8.8854E-03
  4.8478E-03  1.1511E-05  8.3382E-03  8.9801E-03
  4.8820E-03  1.1674E-05  8.4271E-03  9.0758E-03
  4.9165E-03  1.1840E-05  8.5168E-03  9.1724E-03
  4.9512E-03  1.2008E-05  8.6073E-03  9.2699E-03
  4.9862E-03  1.2178E-05  8.6988E-03  9.3684E-03
  5.0214E-03  1.2351E-05  8.7911E-03  9.4678E-03
  5.0569E-03  1.2526E-05  8.8843E-03  9.5682E-03
  5.0926E-03  1.2703E-05  8.9784E-03  9.6696E-03
  5.1285E-03  1.2883E-05  9.0734E-03  9.7719E-03
  5.1647E-03  1.3066E-05  9.1694E-03  9.8752E-03
  5.2012E-03  1.3251E-05  9.2662E-03  9.9795E-03
  5.2379E-03  1.3438E-05  9.3640E-03  1.0085E-02
  5.2749E-03  1.3629E-05  9.4626E-03  1.0191E-02
  5.3121E-03  1.3822E-05  9.5623E-03  1.0298E-02
  5.3496E-03  1.4017E-05  9.6628E-03  1.0407E-02
  5.3873E-03  1.4216E-05  9.7643E-03  1.0516E-02
  5.4253E-03  1.4417E-05  9.8668E-03  1.0626E-02
  5.4636E-03  1.4621E-05  9.9702E-03  1.0738E-02
  5.5021E-03  1.4828E-05  1.0075E-02  1.0850E-02
  5.5409E-03  1.5038E-05  1.0180E-02  1.0964E-02
  5.5800E-03  1.5251E-05  1.0286E-02  1.1078E-02
  5.6193E-03  1.5467E-05  1.0394E-02  1.1194E-02
  5.6589E-03  1.5686E-05  1.0502E-02  1.1310E-02
  5.6988E-03  1.5907E-05  1.0611E-02  1.1428E-02
  5.7390E-03  1.6133E-05  1.0722E-02  1.1547E-02
  5.7794E-03  1.6361E-05  1.0833E-02  1.1667E-02
  5.8201E-03  1.6592E-05  1.0946E-02  1.1788E-02
  5.8612E-03  1.6827E-05  1.1059E-02  1.1910E-02
  5.9024E-03  1.7065E-05  1.1173E-02  1.2033E-02
  5.9440E-03  1.7306E-05  1.1289E-02  1.2158E-02
  5.9859E-03  1.7551E-05  1.1405E-02  1.2283E-02
  6.0281E-03  1.7799E-05  1.1523E-02  1.2410E-02
  6.0705E-03  1.8050E-05  1.1642E-02  1.2538E-02
  6.1133E-03  1.8305E-05  1.1761E-02  1.2667E-02
  6.1563E-03  1.8564E-05  1.1882E-02  1.2797E-02
  6.1997E-03  1.8827E-05  1.2004E-02  1.2928E-02
  6.2433E-03  1.9093E-05  1.2127E-02  1.3060E-02
  6.2873E-03  1.9362E-05  1.2251E-02  1.3194E-02
  6.3315E-03  1.9636E-05  1.2376E-02  1.3329E-02
  6.3761E-03  1.9913E-05  1.2503E-02  1.3465E-02
  6.4210E-03  2.0195E-05  1.2630E-02  1.3602E-02
  6.4662E-03  2.0480E-05  1.2759E-02  1.3741E-02
  6.5117E-03  2.0769E-05  1.2888E-02  1.3880E-02
  6.5575E-03  2.1062E-05  1.3019E-02  1.4021E-02
  6.6036E-03  2.1360E-05  1.3151E-02  1.4163E-02
  6.6501E-03  2.1661E-05  1.3284E-02  1.4306E-02
  6.6969E-03  2.1967E-05  1.3419E-02  1.4451E-02
  6.7440E-03  2.2277E-05  1.3554E-02  1.4597E-02
  6.7914E-03  2.2592E-05  1.3690E-02  1.4744E-02
  6.8392E-03  2.2911E-05  1.3828E-02  1.4892E-02
  6.8873E-03  2.3234E-05  1.3967E-02  1.5042E-02
  6.9357E-03  2.3562E-05  1.4107E-02  1.5193E-02
  6.9845E-03  2.3895E-05  1.4249E-02  1.5345E-02
  7.0336E-03  2.4232E-05  1.4391E-02  1.5498E-02
  7.0830E-03  2.4574E-05  1.4535E-02  1.5653E-02
  7.1328E-03  2.4920E-05  1.4680E-02  1.5809E-02
  7.1830E-03  2.5272E-05  1.4826E-02  1.5966E-02
  7.2335E-03  2.5628E-05  1.4973E-02  1.6125E-02
  7.2843E-03  2.5990E-05  1.5122E-02  1.6285E-02
  7.3355E-03  2.6357E-05  1.5271E-02  1.6446E-02
  7.3871E-03  2.6728E-05  1.5422E-02  1.6609E-02
  7.4390E-03  2.7105E-05  1.5575E-02  1.6773E-02
  7.4912E-03  2.7487E-05  1.5728E-02  1.6938E-02
  7.5439E-03  2.7875E-05  1.5883E-02  1.7105E-02
  7.5969E-03  2.8268E-05  1.6039E-02  1.7273E-02
  7.6502E-03  2.8667E-05  1.6196E-02  1.7442E-02
  7.7040E-03  2.9071E-05  1.6355E-02  1.7613E-02
  7.7581E-03  2.9481E-05  1.6514E-02  1.7785E-02
  7.8126E-03  2.9896E-05  1.6675E-02  1.7958E-02
  7.8674E-03  3.0317E-05  1.6838E-02  1.8133E-02
  7.9227E-03  3.0745E-05  1.7001E-02  1.8309E-02
  7.9783E-03  3.1178E-05  1.7166E-02  1.8487E-02
  8.0343E-03  3.1617E-05  1.7332E-02  1.8666E-02
  8.0907E-03  3.2063E-05  1.7500E-02  1.8846E-02
  8.1475E-03  3.2515E-05  1.7669E-02  1.9028E-02
  8.2047E-03  3.2973E-05  1.7839E-02  1.9211E-02
  8.2623E-03  3.3437E-05  1.8010E-02  1.9395E-02
  8.3203E-03  3.3908E-05  1.8183E-02  1.9581E-02
  8.3787E-03  3.4386E-05  1.8357E-02  1.9769E-02
  8.4375E-03  3.4870E-05  1.8532E-02  1.9957E-02
  8.4967E-03  3.5361E-05  1.8709E-02  2.0148E-02
  8.5564E-03  3.5859E-05  1.8887E-02  2.0339E-02
  8.6164E-03  3.6364E-05  1.9066E-02  2.0532E-02
  8.6769E-03  3.6876E-05  1.9246E-02  2.0727E-02
  8.7377E-03  3.7396E-05  1.9428E-02  2.0922E-02
  8.7990E-03  3.7922E-05  1.9611E-02  2.1120E-02
  8.8608E-03  3.8456E-05  1.9796E-02  2.1318E-02
  8.9229E-03  3.8997E-05  1.9982E-02  2.1519E-02
  8.9855E-03  3.9546E-05  2.0169E-02  2.1720E-02
  9.0485E-03  4.0103E-05  2.0358E-02  2.1923E-02
  9.1120E-03  4.0668E-05  2.0547E-02  2.2128E-02
  9.1759E-03  4.1240E-05  2.0739E-02  2.2333E-02
  9.2403E-03  4.1820E-05  2.0931E-02  2.2541E-02
  9.3051E-03  4.2409E-05  2.1125E-02  2.2749E-02
  9.3703E-03  4.3006E-05  2.1320E-02  2.2960E-02
  9.4360E-03  4.3611E-05  2.1517E-02  2.3171E-02
  9.5022E-03  4.4225E-05  2.1714E-02  2.3384E-02
  9.5688E-03  4.4847E-05  2.1914E-02  2.3599E-02
  9.6359E-03  4.5478E-05  2.2114E-02  2.3814E-02
  9.7034E-03  4.6117E-05  2.2316E-02  2.4032E-02
  9.7714E-03  4.6766E-05  2.2519E-02  2.4250E-02
  9.8399E-03  4.7424E-05  2.2724E-02  2.4471E-02
  9.9089E-03  4.8091E-05  2.2929E-02  2.4692E-02
  9.9783E-03  4.8768E-05  2.3136E-02  2.4915E-02
  1.0048E-02  4.9453E-05  2.3345E-02  2.5140E-02
  1.0119E-02  5.0149E-05  2.3555E-02  2.5365E-02
  1.0190E-02  5.0854E-05  2.3766E-02  2.5593E-02
  1.0261E-02  5.1569E-05  2.3978E-02  2.5821E-02
  1.0333E-02  5.2294E-05  2.4192E-02  2.6051E-02
  1.0405E-02  5.3030E-05  2.4407E-02  2.6283E-02
  1.0478E-02  5.3775E-05  2.4623E-02  2.6516E-02
  1.0552E-02  5.4531E-05  2.4840E-02  2.6750E-02
  1.0625E-02  5.5298E-05  2.5059E-02  2.6986E-02
  1.0700E-02  5.6075E-05  2.5279E-02  2.7223E-02
  1.0775E-02  5.6864E-05  2.5501E-02  2.7461E-02
  1.0850E-02  5.7663E-05  2.5723E-02  2.7701E-02
  1.0926E-02  5.8473E-05  2.5947E-02  2.7942E-02
  1.1003E-02  5.9295E-05  2.6172E-02  2.8184E-02
  1.1080E-02  6.0128E-05  2.6399E-02  2.8428E-02
  1.1157E-02  6.0973E-05  2.6626E-02  2.8673E-02
  1.1236E-02  6.1830E-05  2.6855E-02  2.8919E-02
  1.1314E-02  6.2699E-05  2.7085E-02  2.9167E-02
  1.1393E-02  6.3580E-05  2.7317E-02  2.9416E-02
  1.1473E-02  6.4473E-05  2.7549E-02  2.9666E-02
  1.1554E-02  6.5379E-05  2.7783E-02  2.9918E-02
  1.1634E-02  6.6298E-05  2.8018E-02  3.0171E-02
  1.1716E-02  6.7229E-05  2.8254E-02  3.0425E-02
  1.1798E-02  6.8174E-05  2.8491E-02  3.0680E-02
  1.1881E-02  6.9131E-05  2.8729E-02  3.0937E-02
  1.1964E-02  7.0102E-05  2.8969E-02  3.1195E-02
  1.2047E-02  7.1087E-05  2.9209E-02  3.1454E-02
  1.2132E-02  7.2085E-05  2.9451E-02  3.1714E-02
  1.2217E-02  7.3098E-05  2.9694E-02  3.1975E-02
  1.2302E-02  7.4124E-05  2.9938E-02  3.2238E-02
  1.2388E-02  7.5165E-05  3.0183E-02  3.2502E-02
  1.2475E-02  7.6221E-05  3.0429E-02  3.2767E-02
  1.2562E-02  7.7291E-05  3.0676E-02  3.3033E-02
  1.2650E-02  7.8377E-05  3.0924E-02  3.3300E-02
  1.2739E-02  7.9477E-05  3.1173E-02  3.3568E-02
  1.2828E-02  8.0593E-05  3.1423E-02  3.3837E-02
  1.2917E-02  8.1724E-05  3.1674E-02  3.4107E-02
  1.3008E-02  8.2872E-05  3.1926E-02  3.4378E-02
  1.3099E-02  8.4035E-05  3.2179E-02  3.4651E-02
  1.3190E-02  8.5215E-05  3.2433E-02  3.4924E-02
  1.3283E-02  8.6411E-05  3.2688E-02  3.5198E-02
  1.3376E-02  8.7624E-05  3.2943E-02  3.5473E-02
  1.3469E-02  8.8854E-05  3.3200E-02  3.5749E-02
  1.3563E-02  9.0101E-05  3.3457E-02  3.6026E-02
  1.3658E-02  9.1366E-05  3.3715E-02  3.6304E-02
  1.3754E-02  9.2648E-05  3.3974E-02  3.6583E-02
  1.3850E-02  9.3948E-05  3.4233E-02  3.6862E-02
  1.3947E-02  9.5266E-05  3.4494E-02  3.7142E-02
  1.4044E-02  9.6603E-05  3.4755E-02  3.7423E-02
  1.4143E-02  9.7959E-05  3.5016E-02  3.7705E-02
  1.4241E-02  9.9333E-05  3.5279E-02  3.7988E-02
  1.4341E-02  1.0073E-04  3.5542E-02  3.8271E-02
  1.4441E-02  1.0214E-04  3.5805E-02  3.8554E-02
  1.4542E-02  1.0357E-04  3.6069E-02  3.8839E-02
  1.4644E-02  1.0503E-04  3.6334E-02  3.9124E-02
  1.4746E-02  1.0650E-04  3.6599E-02  3.9409E-02
  1.4849E-02  1.0799E-04  3.6865E-02  3.9695E-02
  1.4953E-02  1.0951E-04  3.7131E-02  3.9982E-02
  1.5058E-02  1.1104E-04  3.7398E-02  4.0269E-02
  1.5163E-02  1.1260E-04  3.7665E-02  4.0556E-02
  1.5269E-02  1.1418E-04  3.7932E-02  4.0844E-02
  1.5376E-02  1.1578E-04  3.8200E-02  4.1132E-02
  1.5483E-02  1.1741E-04  3.8468E-02  4.1420E-02
  1.5591E-02  1.1905E-04  3.8736E-02  4.1709E-02
  1.5700E-02  1.2072E-04  3.9004E-02  4.1997E-02
  1.5810E-02  1.2242E-04  3.9273E-02  4.2286E-02
  1.5921E-02  1.2413E-04  3.9541E-02  4.2576E-02
  1.6032E-02  1.2587E-04  3.9810E-02  4.2865E-02
  1.6144E-02  1.2764E-04  4.0079E-02  4.3154E-02
  1.6257E-02  1.2943E-04  4.0347E-02  4.3443E-02
  1.6370E-02  1.3124E-04  4.0616E-02  4.3733E-02
  1.6485E-02  1.3308E-04  4.0885E-02  4.4022E-02
  1.6600E-02  1.3495E-04  4.1153E-02  4.4311E-02
  1.6716E-02  1.3684E-04  4.1422E-02  4.4600E-02
  1.6832E-02  1.3876E-04  4.1690E-02  4.4888E-02
  1.6950E-02  1.4070E-04  4.1958E-02  4.5176E-02
  1.7068E-02  1.4268E-04  4.2226E-02  4.5464E-02
  1.7188E-02  1.4468E-04  4.2493E-02  4.5752E-02
  1.7308E-02  1.4671E-04  4.2760E-02  4.6039E-02
  1.7429E-02  1.4876E-04  4.3026E-02  4.6326E-02
  1.7550E-02  1.5085E-04  4.3292E-02  4.6612E-02
  1.7673E-02  1.5296E-04  4.3557E-02  4.6898E-02
  1.7796E-02  1.5510E-04  4.3822E-02  4.7182E-02
  1.7921E-02  1.5728E-04  4.4086E-02  4.7467E-02
  1.8046E-02  1.5948E-04  4.4350E-02  4.7750E-02
  1.8172E-02  1.6172E-04  4.4612E-02  4.8033E-02
  1.8299E-02  1.6398E-04  4.4874E-02  4.8314E-02
  1.8427E-02  1.6628E-04  4.5135E-02  4.8595E-02
  1.8555E-02  1.6861E-04  4.5395E-02  4.8875E-02
  1.8685E-02  1.7097E-04  4.5654E-02  4.9153E-02
  1.8815E-02  1.7337E-04  4.5911E-02  4.9431E-02
  1.8947E-02  1.7580E-04  4.6168E-02  4.9707E-02
  1.9079E-02  1.7826E-04  4.6424E-02  4.9982E-02
  1.9212E-02  1.8076E-04  4.6678E-02  5.0255E-02
  1.9346E-02  1.8329E-04  4.6931E-02  5.0527E-02
  1.9482E-02  1.8586E-04  4.7183E-02  5.0798E-02
  1.9618E-02  1.8846E-04  4.7433E-02  5.1067E-02
  1.9755E-02  1.9110E-04  4.7681E-02  5.1334E-02
  1.9892E-02  1.9378E-04  4.7928E-02  5.1600E-02
  2.0031E-02  1.9650E-04  4.8174E-02  5.1864E-02
  2.0171E-02  1.9925E-04  4.8417E-02  5.2126E-02
  2.0312E-02  2.0204E-04  4.8659E-02  5.2386E-02
  2.0454E-02  2.0487E-04  4.8899E-02  5.2644E-02
  2.0597E-02  2.0774E-04  4.9137E-02  5.2900E-02
  2.0740E-02  2.1065E-04  4.9373E-02  5.3154E-02
  2.0885E-02  2.1360E-04  4.9607E-02  5.3405E-02
  2.1031E-02  2.1659E-04  4.9838E-02  5.3655E-02
  2.1178E-02  2.1962E-04  5.0068E-02  5.3901E-02
  2.1325E-02  2.2270E-04  5.0295E-02  5.4145E-02
  2.1474E-02  2.2582E-04  5.0520E-02  5.4387E-02
  2.1624E-02  2.2898E-04  5.0742E-02  5.4626E-02
  2.1775E-02  2.3218E-04  5.0961E-02  5.4862E-02
  2.1927E-02  2.3544E-04  5.1178E-02  5.5095E-02
  2.2080E-02  2.3873E-04  5.1393E-02  5.5325E-02
  2.2234E-02  2.4207E-04  5.1604E-02  5.5553E-02
  2.2389E-02  2.4546E-04  5.1812E-02  5.5777E-02
  2.2546E-02  2.4890E-04  5.2018E-02  5.5998E-02
  2.2703E-02  2.5239E-04  5.2220E-02  5.6215E-02
  2.2861E-02  2.5592E-04  5.2419E-02  5.6429E-02
  2.3021E-02  2.5950E-04  5.2615E-02  5.6640E-02
  2.3181E-02  2.6313E-04  5.2808E-02  5.6846E-02
  2.3343E-02  2.6682E-04  5.2997E-02  5.7049E-02
  2.3506E-02  2.7055E-04  5.3182E-02  5.7249E-02
  2.3670E-02  2.7434E-04  5.3364E-02  5.7444E-02
  2.3835E-02  2.7818E-04  5.3542E-02  5.7635E-02
  2.4002E-02  2.8207E-04  5.3716E-02  5.7823E-02
  2.4169E-02  2.8602E-04  5.3887E-02  5.8006E-02
  2.4338E-02  2.9003E-04  5.4053E-02  5.8184E-02
  2.4507E-02  2.9408E-04  5.4215E-02  5.8358E-02
  2.4678E-02  2.9820E-04  5.4373E-02  5.8528E-02
  2.4851E-02  3.0237E-04  5.4527E-02  5.8693E-02
  2.5024E-02  3.0661E-04  5.4676E-02  5.8853E-02
  2.5198E-02  3.1090E-04  5.4820E-02  5.9008E-02
  2.5374E-02  3.1525E-04  5.4960E-02  5.9158E-02
  2.5551E-02  3.1966E-04  5.5096E-02  5.9303E-02
  2.5729E-02  3.2413E-04  5.5226E-02  5.9443E-02
  2.5909E-02  3.2867E-04  5.5351E-02  5.9577E-02
  2.6090E-02  3.3327E-04  5.5472E-02  5.9706E-02
  2.6272E-02  3.3793E-04  5.5587E-02  5.9829E-02
  2.6455E-02  3.4266E-04  5.5697E-02  5.9947E-02
  2.6639E-02  3.4745E-04  5.5801E-02  6.0059E-02
  2.6825E-02  3.5231E-04  5.5900E-02  6.0165E-02
  2.7012E-02  3.5724E-04  5.5993E-02  6.0265E-02
  2.7201E-02  3.6224E-04  5.6081E-02  6.0358E-02
  2.7390E-02  3.6731E-04  5.6163E-02  6.0446E-02
  2.7581E-02  3.7245E-04  5.6239E-02  6.0527E-02
  2.7774E-02  3.7766E-04  5.6308E-02  6.0601E-02
  2.7967E-02  3.8294E-04  5.6372E-02  6.0669E-02
  2.8162E-02  3.8830E-04  5.6429E-02  6.0730E-02
  2.8359E-02  3.9373E-04  5.6480E-02  6.0784E-02
  2.8557E-02  3.9924E-04  5.6525E-02  6.0831E-02
  2.8756E-02  4.0482E-04  5.6562E-02  6.0871E-02
  2.8956E-02  4.1048E-04  5.6593E-02  6.0903E-02
  2.9158E-02  4.1622E-04  5.6617E-02  6.0929E-02
  2.9361E-02  4.2205E-04  5.6635E-02  6.0946E-02
  2.9566E-02  4.2795E-04  5.6645E-02  6.0956E-02
  2.9772E-02  4.3393E-04  5.6647E-02  6.0959E-02
  2.9980E-02  4.4000E-04  5.6643E-02  6.0953E-02
  3.0189E-02  4.4616E-04  5.6631E-02  6.0939E-02
  3.0399E-02  4.5240E-04  5.6612E-02  6.0917E-02
  3.0611E-02  4.5872E-04  5.6584E-02  6.0887E-02
  3.0825E-02  4.6514E-04  5.6549E-02  6.0848E-02
  3.1040E-02  4.7164E-04  5.6506E-02  6.0801E-02
  3.1256E-02  4.7824E-04  5.6455E-02  6.0745E-02
  3.1474E-02  4.8492E-04  5.6396E-02  6.0681E-02
  3.1693E-02  4.9170E-04  5.6329E-02  6.0607E-02
  3.1914E-02  4.9858E-04  5.6253E-02  6.0525E-02
  3.2137E-02  5.0555E-04  5.6169E-02  6.0433E-02
  3.2361E-02  5.1262E-04  5.6076E-02  6.0332E-02
  3.2586E-02  5.1979E-04  5.5974E-02  6.0221E-02
  3.2814E-02  5.2705E-04  5.5864E-02  6.0101E-02
  3.3042E-02  5.3442E-04  5.5744E-02  5.9971E-02
  3.3273E-02  5.4189E-04  5.5616E-02  5.9832E-02
  3.3505E-02  5.4947E-04  5.5478E-02  5.9682E-02
  3.3738E-02  5.5715E-04  5.5331E-02  5.9523E-02
  3.3973E-02  5.6494E-04  5.5174E-02  5.9353E-02
  3.4210E-02  5.7283E-04  5.5008E-02  5.9173E-02
  3.4448E-02  5.8084E-04  5.4832E-02  5.8983E-02
  3.4689E-02  5.8896E-04  5.4647E-02  5.8782E-02
  3.4930E-02  5.9719E-04  5.4452E-02  5.8570E-02
  3.5174E-02  6.0554E-04  5.4246E-02  5.8348E-02
  3.5419E-02  6.1400E-04  5.4031E-02  5.8115E-02
  3.5666E-02  6.2258E-04  5.3805E-02  5.7871E-02
  3.5914E-02  6.3129E-04  5.3570E-02  5.7615E-02
  3.6165E-02  6.4011E-04  5.3323E-02  5.7349E-02
  3.6417E-02  6.4905E-04  5.3066E-02  5.7071E-02
  3.6670E-02  6.5812E-04  5.2799E-02  5.6782E-02
  3.6926E-02  6.6732E-04  5.2521E-02  5.6481E-02
  3.7183E-02  6.7665E-04  5.2232E-02  5.6168E-02
  3.7442E-02  6.8610E-04  5.1932E-02  5.5844E-02
  3.7703E-02  6.9569E-04  5.1622E-02  5.5508E-02
  3.7966E-02  7.0541E-04  5.1300E-02  5.5160E-02
  3.8231E-02  7.1527E-04  5.0967E-02  5.4800E-02
  3.8497E-02  7.2526E-04  5.0622E-02  5.4428E-02
  3.8765E-02  7.3539E-04  5.0267E-02  5.4043E-02
  3.9036E-02  7.4567E-04  4.9900E-02  5.3646E-02
  3.9308E-02  7.5608E-04  4.9521E-02  5.3237E-02
  3.9581E-02  7.6665E-04  4.9131E-02  5.2815E-02
  3.9857E-02  7.7736E-04  4.8729E-02  5.2381E-02
  4.0135E-02  7.8822E-04  4.8315E-02  5.1934E-02
  4.0415E-02  7.9923E-04  4.7890E-02  5.1474E-02
  4.0696E-02  8.1039E-04  4.7452E-02  5.1001E-02
  4.0980E-02  8.2171E-04  4.7003E-02  5.0516E-02
  4.1265E-02  8.3319E-04  4.6542E-02  5.0017E-02
  4.1553E-02  8.4483E-04  4.6068E-02  4.9506E-02
  4.1842E-02  8.5663E-04  4.5583E-02  4.8981E-02
  4.2134E-02  8.6859E-04  4.5085E-02  4.8443E-02
  4.2427E-02  8.8073E-04  4.4575E-02  4.7892E-02
  4.2723E-02  8.9303E-04  4.4053E-02  4.7328E-02
  4.3021E-02  9.0550E-04  4.3518E-02  4.6750E-02
  4.3320E-02  9.1814E-04  4.2971E-02  4.6159E-02
  4.3622E-02  9.3097E-04  4.2412E-02  4.5555E-02
  4.3926E-02  9.4397E-04  4.1840E-02  4.4937E-02
  4.4232E-02  9.5715E-04  4.1255E-02  4.4306E-02
  4.4540E-02  9.7052E-04  4.0658E-02  4.3661E-02
  4.4850E-02  9.8407E-04  4.0049E-02  4.3002E-02
  4.5163E-02  9.9781E-04  3.9427E-02  4.2331E-02
  4.5478E-02  1.0117E-03  3.8792E-02  4.1645E-02
  4.5794E-02  1.0259E-03  3.8145E-02  4.0946E-02
  4.6113E-02  1.0402E-03  3.7486E-02  4.0234E-02
  4.6435E-02  1.0547E-03  3.6813E-02  3.9507E-02
  4.6758E-02  1.0694E-03  3.6128E-02  3.8768E-02
  4.7084E-02  1.0844E-03  3.5431E-02  3.8014E-02
  4.7412E-02  1.0995E-03  3.4721E-02  3.7247E-02
  4.7742E-02  1.1149E-03  3.3999E-02  3.6467E-02
  4.8074E-02  1.1304E-03  3.3263E-02  3.5673E-02
  4.8409E-02  1.1462E-03  3.2516E-02  3.4866E-02
  4.8747E-02  1.1622E-03  3.1756E-02  3.4045E-02
  4.9086E-02  1.1784E-03  3.0984E-02  3.3211E-02
  4.9428E-02  1.1949E-03  3.0199E-02  3.2363E-02
  4.9772E-02  1.2115E-03  2.9402E-02  3.1503E-02
  5.0119E-02  1.2284E-03  2.8593E-02  3.0628E-02
  5.0468E-02  1.2456E-03  2.7771E-02  2.9741E-02
  5.0820E-02  1.2630E-03  2.6937E-02  2.8841E-02
  5.1173E-02  1.2806E-03  2.6092E-02  2.7928E-02
  5.1530E-02  1.2985E-03  2.5234E-02  2.7001E-02
  5.1889E-02  1.3166E-03  2.4365E-02  2.6062E-02
  5.2250E-02  1.3350E-03  2.3483E-02  2.5110E-02
  5.2614E-02  1.3536E-03  2.2590E-02  2.4146E-02
  5.2981E-02  1.3725E-03  2.1686E-02  2.3169E-02
  5.3349E-02  1.3916E-03  2.0770E-02  2.2180E-02
  5.3721E-02  1.4110E-03  1.9842E-02  2.1178E-02
  5.4095E-02  1.4307E-03  1.8904E-02  2.0164E-02
  5.4472E-02  1.4507E-03  1.7954E-02  1.9139E-02
  5.4851E-02  1.4709E-03  1.6993E-02  1.8101E-02
  5.5233E-02  1.4914E-03  1.6022E-02  1.7052E-02
  5.5618E-02  1.5122E-03  1.5040E-02  1.5991E-02
  5.6005E-02  1.5333E-03  1.4047E-02  1.4919E-02
  5.6395E-02  1.5547E-03  1.3044E-02  1.3836E-02
  5.6788E-02  1.5764E-03  1.2031E-02  1.2742E-02
  5.7183E-02  1.5984E-03  1.1008E-02  1.1637E-02
  5.7582E-02  1.6207E-03  9.9750E-03  1.0521E-02
  5.7983E-02  1.6433E-03  8.9326E-03  9.3952E-03
  5.8386E-02  1.6662E-03  7.8808E-03  8.2592E-03
  5.8793E-02  1.6894E-03  6.8198E-03  7.1132E-03
  5.9202E-02  1.7130E-03  5.7499E-03  5.9576E-03
  5.9615E-02  1.7369E-03  4.6712E-03  4.7925E-03
  6.0030E-02  1.7611E-03  3.5841E-03  3.6183E-03
  6.0448E-02  1.7857E-03  2.4888E-03  2.4352E-03
  6.0869E-02  1.8106E-03  1.3855E-03  1.2434E-03
  6.1292E-02  1.8358E-03  2.7446E-04  4.3292E-05
  6.1719E-02  1.8614E-03 -8.4401E-04 -1.1649E-03
  6.2149E-02  1.8873E-03 -1.9697E-03 -2.3809E-03
  6.2582E-02  1.9137E-03 -3.1022E-03 -3.6043E-03
  6.3018E-02  1.9403E-03 -4.2413E-03 -4.8348E-03
  6.3456E-02  1.9674E-03 -5.3868E-03 -6.0722E-03
  6.3898E-02  1.9948E-03 -6.5382E-03 -7.3161E-03
  6.4343E-02  2.0226E-03 -7.6952E-03 -8.5662E-03
  6.4791E-02  2.0508E-03 -8.8577E-03 -9.8220E-03
  6.5242E-02  2.0794E-03 -1.0025E-02 -1.1083E-02
  6.5696E-02  2.1083E-03 -1.1197E-02 -1.2350E-02
  6.6154E-02  2.1377E-03 -1.2374E-02 -1.3621E-02
  6.6614E-02  2.1675E-03 -1.3554E-02 -1.4896E-02
  6.7078E-02  2.1977E-03 -1.4738E-02 -1.6175E-02
  6.7545E-02  2.2283E-03 -1.5925E-02 -1.7458E-02
  6.8016E-02  2.2594E-03 -1.7115E-02 -1.8744E-02
  6.8489E-02  2.2909E-03 -1.8307E-02 -2.0033E-02
  6.8966E-02  2.3228E-03 -1.9502E-02 -2.1323E-02
  6.9446E-02  2.3551E-03 -2.0698E-02 -2.2616E-02
  6.9930E-02  2.3879E-03 -2.1895E-02 -2.3910E-02
  7.0416E-02  2.4212E-03 -2.3093E-02 -2.5205E-02
  7.0907E-02  2.4549E-03 -2.4292E-02 -2.6500E-02
  7.1400E-02  2.4891E-03 -2.5490E-02 -2.7796E-02
  7.1897E-02  2.5238E-03 -2.6688E-02 -2.9090E-02
  7.2398E-02  2.5589E-03 -2.7885E-02 -3.0384E-02
  7.2902E-02  2.5946E-03 -2.9081E-02 -3.1677E-02
  7.3409E-02  2.6307E-03 -3.0274E-02 -3.2967E-02
  7.3920E-02  2.6673E-03 -3.1465E-02 -3.4255E-02
  7.4435E-02  2.7044E-03 -3.2654E-02 -3.5540E-02
  7.4953E-02  2.7421E-03 -3.3839E-02 -3.6821E-02
  7.5475E-02  2.7803E-03 -3.5020E-02 -3.8098E-02
  7.6000E-02  2.8190E-03 -3.6197E-02 -3.9371E-02
  7.6530E-02  2.8582E-03 -3.7368E-02 -4.0638E-02
  7.7062E-02  2.8980E-03 -3.8535E-02 -4.1899E-02
  7.7599E-02  2.9383E-03 -3.9696E-02 -4.3155E-02
  7.8139E-02  2.9792E-03 -4.0850E-02 -4.4403E-02
  7.8683E-02  3.0207E-03 -4.1997E-02 -4.5644E-02
  7.9231E-02  3.0627E-03 -4.3136E-02 -4.6877E-02
  7.9782E-02  3.1053E-03 -4.4268E-02 -4.8101E-02
  8.0338E-02  3.1485E-03 -4.5391E-02 -4.9316E-02
  8.0897E-02  3.1923E-03 -4.6505E-02 -5.0522E-02
  8.1460E-02  3.2368E-03 -4.7608E-02 -5.1716E-02
  8.2027E-02  3.2818E-03 -4.8702E-02 -5.2900E-02
  8.2598E-02  3.3274E-03 -4.9785E-02 -5.4072E-02
  8.3173E-02  3.3737E-03 -5.0856E-02 -5.5232E-02
  8.3752E-02  3.4206E-03 -5.1915E-02 -5.6379E-02
  8.4335E-02  3.4682E-03 -5.2962E-02 -5.7512E-02
  8.4922E-02  3.5164E-03 -5.3995E-02 -5.8631E-02
  8.5513E-02  3.5653E-03 -5.5014E-02 -5.9735E-02
  8.6108E-02  3.6149E-03 -5.6019E-02 -6.0824E-02
  8.6708E-02  3.6652E-03 -5.7009E-02 -6.1897E-02
  8.7311E-02  3.7161E-03 -5.7983E-02 -6.2952E-02
  8.7919E-02  3.7678E-03 -5.8941E-02 -6.3991E-02
  8.8531E-02  3.8202E-03 -5.9883E-02 -6.5011E-02
  8.9147E-02  3.8732E-03 -6.0806E-02 -6.6013E-02
  8.9767E-02  3.9271E-03 -6.1712E-02 -6.6995E-02
  9.0392E-02  3.9817E-03 -6.2599E-02 -6.7957E-02
  9.1021E-02  4.0370E-03 -6.3466E-02 -6.8898E-02
  9.1655E-02  4.0931E-03 -6.4314E-02 -6.9818E-02
  9.2293E-02  4.1499E-03 -6.5141E-02 -7.0716E-02
  9.2935E-02  4.2076E-03 -6.5947E-02 -7.1592E-02
  9.3582E-02  4.2660E-03 -6.6731E-02 -7.2444E-02
  9.4233E-02  4.3253E-03 -6.7493E-02 -7.3272E-02
  9.4889E-02  4.3854E-03 -6.8232E-02 -7.4075E-02
  9.5550E-02  4.4463E-03 -6.8947E-02 -7.4853E-02
  9.6215E-02  4.5080E-03 -6.9638E-02 -7.5605E-02
  9.6884E-02  4.5706E-03 -7.0304E-02 -7.6330E-02
  9.7559E-02  4.6341E-03 -7.0945E-02 -7.7028E-02
  9.8238E-02  4.6984E-03 -7.1559E-02 -7.7698E-02
  9.8921E-02  4.7636E-03 -7.2147E-02 -7.8340E-02
  9.9610E-02  4.8298E-03 -7.2708E-02 -7.8952E-02
  1.0030E-01  4.8968E-03 -7.3242E-02 -7.9535E-02
  1.0100E-01  4.9648E-03 -7.3746E-02 -8.0087E-02
  1.0170E-01  5.0336E-03 -7.4222E-02 -8.0608E-02
  1.0241E-01  5.1035E-03 -7.4669E-02 -8.1097E-02
  1.0312E-01  5.1743E-03 -7.5085E-02 -8.1554E-02
  1.0384E-01  5.2461E-03 -7.5471E-02 -8.1979E-02
  1.0457E-01  5.3188E-03 -7.5825E-02 -8.2370E-02
  1.0529E-01  5.3926E-03 -7.6148E-02 -8.2727E-02
  1.0603E-01  5.4674E-03 -7.6439E-02 -8.3049E-02
  1.0676E-01  5.5432E-03 -7.6697E-02 -8.3336E-02
  1.0751E-01  5.6201E-03 -7.6922E-02 -8.3588E-02
  1.0825E-01  5.6980E-03 -7.7113E-02 -8.3803E-02
  1.0901E-01  5.7770E-03 -7.7270E-02 -8.3982E-02
  1.0977E-01  5.8570E-03 -7.7392E-02 -8.4123E-02
  1.1053E-01  5.9382E-03 -7.7479E-02 -8.4227E-02
  1.1130E-01  6.0205E-03 -7.7531E-02 -8.4292E-02
  1.1207E-01  6.1039E-03 -7.7546E-02 -8.4319E-02
  1.1285E-01  6.1885E-03 -7.7525E-02 -8.4307E-02
  1.1364E-01  6.2742E-03 -7.7467E-02 -8.4255E-02
  1.1443E-01  6.3611E-03 -7.7372E-02 -8.4163E-02
  1.1523E-01  6.4492E-03 -7.7240E-02 -8.4031E-02
  1.1603E-01  6.5385E-03 -7.7069E-02 -8.3858E-02
  1.1684E-01  6.6291E-03 -7.6860E-02 -8.3644E-02
  1.1765E-01  6.7208E-03 -7.6612E-02 -8.3388E-02
  1.1847E-01  6.8139E-03 -7.6325E-02 -8.3090E-02
  1.1929E-01  6.9082E-03 -7.5999E-02 -8.2751E-02
  1.2012E-01  7.0038E-03 -7.5634E-02 -8.2368E-02
  1.2096E-01  7.1007E-03 -7.5228E-02 -8.1943E-02
  1.2180E-01  7.1989E-03 -7.4783E-02 -8.1476E-02
  1.2265E-01  7.2985E-03 -7.4297E-02 -8.0964E-02
  1.2350E-01  7.3995E-03 -7.3770E-02 -8.0410E-02
  1.2436E-01  7.5018E-03 -7.3203E-02 -7.9811E-02
  1.2523E-01  7.6055E-03 -7.2596E-02 -7.9169E-02
  1.2610E-01  7.7107E-03 -7.1947E-02 -7.8483E-02
  1.2697E-01  7.8173E-03 -7.1257E-02 -7.7753E-02
  1.2786E-01  7.9253E-03 -7.0526E-02 -7.6979E-02
  1.2875E-01  8.0349E-03 -6.9754E-02 -7.6160E-02
  1.2964E-01  8.1459E-03 -6.8940E-02 -7.5297E-02
  1.3055E-01  8.2584E-03 -6.8085E-02 -7.4390E-02
  1.3145E-01  8.3725E-03 -6.7189E-02 -7.3439E-02
  1.3237E-01  8.4881E-03 -6.6251E-02 -7.2443E-02
  1.3329E-01  8.6053E-03 -6.5273E-02 -7.1403E-02
  1.3422E-01  8.7241E-03 -6.4253E-02 -7.0319E-02
  1.3515E-01  8.8446E-03 -6.3192E-02 -6.9191E-02
  1.3609E-01  8.9666E-03 -6.2090E-02 -6.8019E-02
  1.3704E-01  9.0904E-03 -6.0947E-02 -6.6803E-02
  1.3799E-01  9.2158E-03 -5.9764E-02 -6.5544E-02
  1.3895E-01  9.3429E-03 -5.8541E-02 -6.4241E-02
  1.3992E-01  9.4718E-03 -5.7277E-02 -6.2896E-02
  1.4089E-01  9.6024E-03 -5.5973E-02 -6.1508E-02
  1.4187E-01  9.7348E-03 -5.4630E-02 -6.0077E-02
  1.4286E-01  9.8690E-03 -5.3248E-02 -5.8604E-02
  1.4385E-01  1.0005E-02 -5.1826E-02 -5.7090E-02
  1.4486E-01  1.0143E-02 -5.0366E-02 -5.5534E-02
  1.4586E-01  1.0283E-02 -4.8868E-02 -5.3938E-02
  1.4688E-01  1.0424E-02 -4.7333E-02 -5.2301E-02
  1.4790E-01  1.0568E-02 -4.5760E-02 -5.0625E-02
  1.4893E-01  1.0713E-02 -4.4150E-02 -4.8909E-02
  1.4997E-01  1.0861E-02 -4.2505E-02 -4.7154E-02
  1.5101E-01  1.1010E-02 -4.0823E-02 -4.5362E-02
  1.5206E-01  1.1162E-02 -3.9107E-02 -4.3532E-02
  1.5312E-01  1.1315E-02 -3.7356E-02 -4.1665E-02
  1.5418E-01  1.1471E-02 -3.5572E-02 -3.9762E-02
  1.5526E-01  1.1629E-02 -3.3754E-02 -3.7823E-02
  1.5634E-01  1.1789E-02 -3.1904E-02 -3.5851E-02
  1.5742E-01  1.1951E-02 -3.0023E-02 -3.3844E-02
  1.5852E-01  1.2115E-02 -2.8110E-02 -3.1804E-02
  1.5962E-01  1.2281E-02 -2.6168E-02 -2.9732E-02
  1.6073E-01  1.2450E-02 -2.4196E-02 -2.7630E-02
  1.6185E-01  1.2621E-02 -2.2196E-02 -2.5496E-02
  1.6298E-01  1.2794E-02 -2.0168E-02 -2.3334E-02
  1.6411E-01  1.2970E-02 -1.8114E-02 -2.1143E-02
  1.6525E-01  1.3148E-02 -1.6035E-02 -1.8925E-02
  1.6640E-01  1.3328E-02 -1.3930E-02 -1.6681E-02
  1.6756E-01  1.3511E-02 -1.1802E-02 -1.4412E-02
  1.6873E-01  1.3696E-02 -9.6515E-03 -1.2118E-02
  1.6990E-01  1.3884E-02 -7.4793E-03 -9.8019E-03
  1.7108E-01  1.4074E-02 -5.2867E-03 -7.4640E-03
  1.7227E-01  1.4267E-02 -3.0747E-03 -5.1056E-03
  1.7347E-01  1.4463E-02 -8.4454E-04 -2.7279E-03
  1.7468E-01  1.4661E-02  1.4026E-03 -3.3224E-04
  1.7589E-01  1.4862E-02  3.6657E-03  2.0801E-03
  1.7712E-01  1.5065E-02  5.9433E-03  4.5078E-03
  1.7835E-01  1.5271E-02  8.2343E-03  6.9495E-03
  1.7959E-01  1.5480E-02  1.0537E-02  9.4039E-03
  1.8084E-01  1.5692E-02  1.2851E-02  1.1870E-02
  1.8210E-01  1.5906E-02  1.5175E-02  1.4345E-02
  1.8337E-01  1.6124E-02  1.7506E-02  1.6829E-02
  1.8464E-01  1.6344E-02  1.9845E-02  1.9320E-02
  1.8593E-01  1.6567E-02  2.2188E-02  2.1816E-02
  1.8722E-01  1.6793E-02  2.4536E-02  2.4316E-02
  1.8852E-01  1.7023E-02  2.6887E-02  2.6818E-02
  1.8983E-01  1.7255E-02  2.9238E-02  2.9322E-02
  1.9115E-01  1.7490E-02  3.1589E-02  3.1824E-02
  1.9248E-01  1.7729E-02  3.3939E-02  3.4325E-02
  1.9382E-01  1.7970E-02  3.6285E-02  3.6821E-02
  1.9517E-01  1.8215E-02  3.8626E-02  3.9312E-02
  1.9653E-01  1.8464E-02  4.0962E-02  4.1795E-02
  1.9790E-01  1.8715E-02  4.3289E-02  4.4270E-02
  1.9927E-01  1.8970E-02  4.5607E-02  4.6734E-02
  2.0066E-01  1.9228E-02  4.7914E-02  4.9185E-02
  2.0206E-01  1.9489E-02  5.0209E-02  5.1623E-02
  2.0346E-01  1.9754E-02  5.2489E-02  5.4046E-02
  2.0488E-01  2.0023E-02  5.4754E-02  5.6451E-02
  2.0630E-01  2.0295E-02  5.7002E-02  5.8837E-02
  2.0774E-01  2.0571E-02  5.9231E-02  6.1202E-02
  2.0918E-01  2.0850E-02  6.1439E-02  6.3545E-02
  2.1064E-01  2.1133E-02  6.3626E-02  6.5863E-02
  2.1210E-01  2.1420E-02  6.5788E-02  6.8156E-02
  2.1358E-01  2.1710E-02  6.7926E-02  7.0420E-02
  2.1507E-01  2.2005E-02  7.0037E-02  7.2656E-02
  2.1656E-01  2.2303E-02  7.2119E-02  7.4860E-02
  2.1807E-01  2.2605E-02  7.4171E-02  7.7031E-02
  2.1958E-01  2.2911E-02  7.6192E-02  7.9168E-02
  2.2111E-01  2.3221E-02  7.8179E-02  8.1268E-02
  2.2265E-01  2.3535E-02  8.0131E-02  8.3330E-02
  2.2420E-01  2.3853E-02  8.2047E-02  8.5352E-02
  2.2576E-01  2.4176E-02  8.3925E-02  8.7333E-02
  2.2733E-01  2.4502E-02  8.5764E-02  8.9271E-02
  2.2891E-01  2.4833E-02  8.7561E-02  9.1163E-02
  2.3050E-01  2.5168E-02  8.9315E-02  9.3009E-02
  2.3211E-01  2.5508E-02  9.1026E-02  9.4807E-02
  2.3372E-01  2.5851E-02  9.2690E-02  9.6555E-02
  2.3535E-01  2.6200E-02  9.4307E-02  9.8252E-02
  2.3699E-01  2.6553E-02  9.5876E-02  9.9895E-02
  2.3863E-01  2.6910E-02  9.7394E-02  1.0148E-01
  2.4029E-01  2.7272E-02  9.8861E-02  1.0302E-01
  2.4197E-01  2.7639E-02  1.0027E-01  1.0449E-01
  2.4365E-01  2.8010E-02  1.0163E-01  1.0591E-01
  2.4534E-01  2.8387E-02  1.0294E-01  1.0726E-01
  2.4705E-01  2.8768E-02  1.0418E-01  1.0855E-01
  2.4877E-01  2.9154E-02  1.0537E-01  1.0978E-01
  2.5050E-01  2.9545E-02  1.0650E-01  1.1095E-01
  2.5224E-01  2.9941E-02  1.0757E-01  1.1205E-01
  2.5400E-01  3.0342E-02  1.0857E-01  1.1308E-01
  2.5576E-01  3.0748E-02  1.0951E-01  1.1404E-01
  2.5754E-01  3.1160E-02  1.1039E-01  1.1493E-01
  2.5933E-01  3.1576E-02  1.1120E-01  1.1575E-01
  2.6114E-01  3.1998E-02  1.1195E-01  1.1650E-01
  2.6296E-01  3.2426E-02  1.1262E-01  1.1717E-01
  2.6478E-01  3.2858E-02  1.1323E-01  1.1777E-01
  2.6663E-01  3.3297E-02  1.1377E-01  1.1829E-01
  2.6848E-01  3.3740E-02  1.1424E-01  1.1874E-01
  2.7035E-01  3.4190E-02  1.1463E-01  1.1911E-01
  2.7223E-01  3.4645E-02  1.1496E-01  1.1940E-01
  2.7412E-01  3.5106E-02  1.1521E-01  1.1961E-01
  2.7603E-01  3.5573E-02  1.1538E-01  1.1974E-01
  2.7795E-01  3.6045E-02  1.1548E-01  1.1979E-01
  2.7988E-01  3.6524E-02  1.1551E-01  1.1976E-01
  2.8183E-01  3.7008E-02  1.1546E-01  1.1964E-01
  2.8379E-01  3.7499E-02  1.1534E-01  1.1944E-01
  2.8577E-01  3.7996E-02  1.1513E-01  1.1916E-01
  2.8775E-01  3.8498E-02  1.1485E-01  1.1880E-01
  2.8976E-01  3.9008E-02  1.1450E-01  1.1835E-01
  2.9177E-01  3.9523E-02  1.1406E-01  1.1782E-01
  2.9380E-01  4.0045E-02  1.1355E-01  1.1720E-01
  2.9584E-01  4.0574E-02  1.1296E-01  1.1649E-01
  2.9790E-01  4.1109E-02  1.1229E-01  1.1570E-01
  2.9997E-01  4.1650E-02  1.1154E-01  1.1483E-01
  3.0206E-01  4.2198E-02  1.1071E-01  1.1387E-01
  3.0416E-01  4.2753E-02  1.0980E-01  1.1282E-01
  3.0628E-01  4.3315E-02  1.0881E-01  1.1169E-01
  3.0841E-01  4.3884E-02  1.0775E-01  1.1048E-01
  3.1055E-01  4.4460E-02  1.0661E-01  1.0917E-01
  3.1271E-01  4.5042E-02  1.0538E-01  1.0779E-01
  3.1489E-01  4.5632E-02  1.0408E-01  1.0632E-01
  3.1708E-01  4.6229E-02  1.0271E-01  1.0476E-01
  3.1929E-01  4.6833E-02  1.0125E-01  1.0312E-01
  3.2151E-01  4.7445E-02  9.9722E-02  1.0140E-01
  3.2374E-01  4.8064E-02  9.8115E-02  9.9597E-02
  3.2599E-01  4.8690E-02  9.6432E-02  9.7711E-02
  3.2826E-01  4.9324E-02  9.4675E-02  9.5743E-02
  3.3055E-01  4.9966E-02  9.2843E-02  9.3695E-02
  3.3285E-01  5.0615E-02  9.0937E-02  9.1567E-02
  3.3516E-01  5.1272E-02  8.8959E-02  8.9361E-02
  3.3749E-01  5.1937E-02  8.6909E-02  8.7077E-02
  3.3984E-01  5.2610E-02  8.4789E-02  8.4716E-02
  3.4220E-01  5.3291E-02  8.2598E-02  8.2280E-02
  3.4458E-01  5.3980E-02  8.0339E-02  7.9769E-02
  3.4698E-01  5.4677E-02  7.8013E-02  7.7185E-02
  3.4939E-01  5.5382E-02  7.5619E-02  7.4530E-02
  3.5182E-01  5.6095E-02  7.3161E-02  7.1803E-02
  3.5427E-01  5.6817E-02  7.0639E-02  6.9008E-02
  3.5674E-01  5.7548E-02  6.8054E-02  6.6144E-02
  3.5922E-01  5.8286E-02  6.5408E-02  6.3215E-02
  3.6172E-01  5.9034E-02  6.2703E-02  6.0221E-02
  3.6423E-01  5.9790E-02  5.9939E-02  5.7164E-02
  3.6677E-01  6.0555E-02  5.7119E-02  5.4046E-02
  3.6932E-01  6.1328E-02  5.4244E-02  5.0869E-02
  3.7189E-01  6.2111E-02  5.1315E-02  4.7634E-02
  3.7447E-01  6.2902E-02  4.8335E-02  4.4343E-02
  3.7708E-01  6.3703E-02  4.5304E-02  4.0998E-02
  3.7970E-01  6.4512E-02  4.2226E-02  3.7601E-02
  3.8234E-01  6.5331E-02  3.9102E-02  3.4155E-02
  3.8500E-01  6.6159E-02  3.5933E-02  3.0661E-02
  3.8768E-01  6.6997E-02  3.2722E-02  2.7121E-02
  3.9038E-01  6.7843E-02  2.9471E-02  2.3537E-02
  3.9309E-01  6.8700E-02  2.6181E-02  1.9912E-02
  3.9582E-01  6.9566E-02  2.2855E-02  1.6248E-02
  3.9858E-01  7.0441E-02  1.9494E-02  1.2548E-02
  4.0135E-01  7.1326E-02  1.6102E-02  8.8126E-03
  4.0414E-01  7.2221E-02  1.2680E-02  5.0454E-03
  4.0695E-01  7.3126E-02  9.2300E-03  1.2486E-03
  4.0978E-01  7.4041E-02  5.7547E-03 -2.5754E-03
  4.1263E-01  7.4965E-02  2.2563E-03 -6.4242E-03
  4.1550E-01  7.5900E-02 -1.2629E-03 -1.0295E-02
  4.1839E-01  7.6845E-02 -4.8007E-03 -1.4186E-02
  4.2130E-01  7.7800E-02 -8.3546E-03 -1.8093E-02
  4.2424E-01  7.8765E-02 -1.1922E-02 -2.2016E-02
  4.2719E-01  7.9741E-02 -1.5501E-02 -2.5950E-02
  4.3016E-01  8.0727E-02 -1.9089E-02 -2.9893E-02
  4.3315E-01  8.1723E-02 -2.2684E-02 -3.3843E-02
  4.3616E-01  8.2730E-02 -2.6282E-02 -3.7797E-02
  4.3920E-01  8.3747E-02 -2.9883E-02 -4.1752E-02
  4.4225E-01  8.4775E-02 -3.3482E-02 -4.5706E-02
  4.4533E-01  8.5814E-02 -3.7078E-02 -4.9655E-02
  4.4842E-01  8.6864E-02 -4.0667E-02 -5.3597E-02
  4.5154E-01  8.7924E-02 -4.4249E-02 -5.7530E-02
  4.5468E-01  8.8996E-02 -4.7819E-02 -6.1450E-02
  4.5785E-01  9.0078E-02 -5.1376E-02 -6.5355E-02
  4.6103E-01  9.1171E-02 -5.4917E-02 -6.9241E-02
  4.6424E-01  9.2275E-02 -5.8440E-02 -7.3107E-02
  4.6747E-01  9.3390E-02 -6.1941E-02 -7.6950E-02
  4.7072E-01  9.4517E-02 -6.5419E-02 -8.0766E-02
  4.7399E-01  9.5654E-02 -6.8871E-02 -8.4554E-02
  4.7729E-01  9.6803E-02 -7.2294E-02 -8.8309E-02
  4.8061E-01  9.7963E-02 -7.5686E-02 -9.2030E-02
  4.8395E-01  9.9135E-02 -7.9044E-02 -9.5714E-02
  4.8732E-01  1.0032E-01 -8.2367E-02 -9.9358E-02
  4.9071E-01  1.0151E-01 -8.5651E-02 -1.0296E-01
  4.9412E-01  1.0272E-01 -8.8893E-02 -1.0652E-01
  4.9756E-01  1.0393E-01 -9.2093E-02 -1.1002E-01
  5.0102E-01  1.0516E-01 -9.5247E-02 -1.1348E-01
  5.0450E-01  1.0640E-01 -9.8353E-02 -1.1689E-01
  5.0801E-01  1.0765E-01 -1.0141E-01 -1.2024E-01
  5.1155E-01  1.0892E-01 -1.0441E-01 -1.2353E-01
  5.1510E-01  1.1019E-01 -1.0736E-01 -1.2676E-01
  5.1869E-01  1.1148E-01 -1.1025E-01 -1.2992E-01
  5.2229E-01  1.1278E-01 -1.1308E-01 -1.3303E-01
  5.2593E-01  1.1409E-01 -1.1585E-01 -1.3606E-01
  5.2958E-01  1.1541E-01 -1.1855E-01 -1.3902E-01
  5.3327E-01  1.1674E-01 -1.2119E-01 -1.4191E-01
  5.3698E-01  1.1809E-01 -1.2376E-01 -1.4473E-01
  5.4071E-01  1.1944E-01 -1.2626E-01 -1.4747E-01
  5.4447E-01  1.2081E-01 -1.2869E-01 -1.5013E-01
  5.4826E-01  1.2219E-01 -1.3104E-01 -1.5270E-01
  5.5207E-01  1.2358E-01 -1.3332E-01 -1.5520E-01
  5.5591E-01  1.2499E-01 -1.3552E-01 -1.5761E-01
  5.5978E-01  1.2640E-01 -1.3764E-01 -1.5993E-01
  5.6367E-01  1.2783E-01 -1.3968E-01 -1.6216E-01
  5.6759E-01  1.2927E-01 -1.4164E-01 -1.6430E-01
  5.7154E-01  1.3072E-01 -1.4351E-01 -1.6634E-01
  5.7552E-01  1.3218E-01 -1.4529E-01 -1.6830E-01
  5.7952E-01  1.3365E-01 -1.4699E-01 -1.7015E-01
  5.8355E-01  1.3514E-01 -1.4860E-01 -1.7191E-01
  5.8761E-01  1.3663E-01 -1.5011E-01 -1.7356E-01
  5.9170E-01  1.3814E-01 -1.5154E-01 -1.7512E-01
  5.9581E-01  1.3966E-01 -1.5287E-01 -1.7657E-01
  5.9996E-01  1.4119E-01 -1.5410E-01 -1.7791E-01
  6.0413E-01  1.4273E-01 -1.5524E-01 -1.7916E-01
  6.0833E-01  1.4429E-01 -1.5628E-01 -1.8029E-01
  6.1256E-01  1.4585E-01 -1.5722E-01 -1.8132E-01
  6.1682E-01  1.4743E-01 -1.5806E-01 -1.8223E-01
  6.2111E-01  1.4902E-01 -1.5881E-01 -1.8304E-01
  6.2543E-01  1.5061E-01 -1.5945E-01 -1.8373E-01
  6.2978E-01  1.5222E-01 -1.5998E-01 -1.8432E-01
  6.3416E-01  1.5384E-01 -1.6042E-01 -1.8479E-01
  6.3857E-01  1.5547E-01 -1.6075E-01 -1.8514E-01
  6.4301E-01  1.5712E-01 -1.6098E-01 -1.8538E-01
  6.4749E-01  1.5877E-01 -1.6110E-01 -1.8551E-01
  6.5199E-01  1.6043E-01 -1.6111E-01 -1.8552E-01
  6.5653E-01  1.6211E-01 -1.6102E-01 -1.8541E-01
  6.6109E-01  1.6379E-01 -1.6083E-01 -1.8519E-01
  6.6569E-01  1.6548E-01 -1.6053E-01 -1.8485E-01
  6.7032E-01  1.6719E-01 -1.6012E-01 -1.8439E-01
  6.7498E-01  1.6890E-01 -1.5960E-01 -1.8382E-01
  6.7968E-01  1.7063E-01 -1.5898E-01 -1.8313E-01
  6.8440E-01  1.7236E-01 -1.5824E-01 -1.8232E-01
  6.8916E-01  1.7410E-01 -1.5741E-01 -1.8139E-01
  6.9396E-01  1.7586E-01 -1.5646E-01 -1.8035E-01
  6.9878E-01  1.7762E-01 -1.5541E-01 -1.7919E-01
  7.0364E-01  1.7939E-01 -1.5425E-01 -1.7791E-01
  7.0854E-01  1.8117E-01 -1.5299E-01 -1.7652E-01
  7.1347E-01  1.8296E-01 -1.5162E-01 -1.7501E-01
  7.1843E-01  1.8476E-01 -1.5014E-01 -1.7339E-01
  7.2342E-01  1.8657E-01 -1.4856E-01 -1.7165E-01
  7.2846E-01  1.8839E-01 -1.4688E-01 -1.6980E-01
  7.3352E-01  1.9021E-01 -1.4509E-01 -1.6783E-01
  7.3862E-01  1.9204E-01 -1.4320E-01 -1.6576E-01
  7.4376E-01  1.9388E-01 -1.4121E-01 -1.6357E-01
  7.4893E-01  1.9573E-01 -1.3911E-01 -1.6127E-01
  7.5414E-01  1.9759E-01 -1.3692E-01 -1.5886E-01
  7.5939E-01  1.9945E-01 -1.3462E-01 -1.5634E-01
  7.6467E-01  2.0132E-01 -1.3223E-01 -1.5372E-01
  7.6999E-01  2.0320E-01 -1.2974E-01 -1.5099E-01
  7.7534E-01  2.0509E-01 -1.2715E-01 -1.4816E-01
  7.8074E-01  2.0698E-01 -1.2447E-01 -1.4522E-01
  7.8617E-01  2.0888E-01 -1.2170E-01 -1.4218E-01
  7.9163E-01  2.1078E-01 -1.1883E-01 -1.3904E-01
  7.9714E-01  2.1269E-01 -1.1587E-01 -1.3580E-01
  8.0268E-01  2.1461E-01 -1.1282E-01 -1.3246E-01
  8.0827E-01  2.1653E-01 -1.0969E-01 -1.2903E-01
  8.1389E-01  2.1846E-01 -1.0646E-01 -1.2551E-01
  8.1955E-01  2.2039E-01 -1.0315E-01 -1.2189E-01
  8.2525E-01  2.2233E-01 -9.9757E-02 -1.1818E-01
  8.3099E-01  2.2427E-01 -9.6279E-02 -1.1438E-01
  8.3677E-01  2.2622E-01 -9.2721E-02 -1.1050E-01
  8.4259E-01  2.2817E-01 -8.9083E-02 -1.0653E-01
  8.4845E-01  2.3013E-01 -8.5368E-02 -1.0247E-01
  8.5435E-01  2.3209E-01 -8.1576E-02 -9.8338E-02
  8.6029E-01  2.3406E-01 -7.7710E-02 -9.4123E-02
  8.6627E-01  2.3603E-01 -7.3771E-02 -8.9831E-02
  8.7230E-01  2.3800E-01 -6.9760E-02 -8.5464E-02
  8.7837E-01  2.3997E-01 -6.5681E-02 -8.1023E-02
  8.8448E-01  2.4195E-01 -6.1534E-02 -7.6511E-02
  8.9063E-01  2.4394E-01 -5.7321E-02 -7.1930E-02
  8.9682E-01  2.4592E-01 -5.3044E-02 -6.7281E-02
  9.0306E-01  2.4791E-01 -4.8705E-02 -6.2568E-02
  9.0934E-01  2.4990E-01 -4.4305E-02 -5.7791E-02
  9.1566E-01  2.5189E-01 -3.9847E-02 -5.2954E-02
  9.2203E-01  2.5389E-01 -3.5331E-02 -4.8058E-02
  9.2844E-01  2.5589E-01 -3.0761E-02 -4.3105E-02
  9.3490E-01  2.5788E-01 -2.6137E-02 -3.8098E-02
  9.4140E-01  2.5989E-01 -2.1462E-02 -3.3038E-02
  9.4795E-01  2.6189E-01 -1.6738E-02 -2.7928E-02
  9.5454E-01  2.6389E-01 -1.1965E-02 -2.2770E-02
  9.6118E-01  2.6590E-01 -7.1462E-03 -1.7566E-02
  9.6787E-01  2.6791E-01 -2.2829E-03 -1.2318E-02
  9.7460E-01  2.6992E-01  2.6230E-03 -7.0283E-03
  9.8138E-01  2.7193E-01  7.5699E-03 -1.6987E-03
  9.8820E-01  2.7394E-01  1.2556E-02  3.6688E-03
  9.9508E-01  2.7596E-01  1.7580E-02  9.0719E-03
  1.0020E+00  2.7797E-01  2.2640E-02  1.4509E-02
  1.0090E+00  2.7999E-01  2.7734E-02  1.9978E-02
  1.0160E+00  2.8201E-01  3.2861E-02  2.5476E-02
  1.0230E+00  2.8403E-01  3.8019E-02  3.1003E-02
  1.0302E+00  2.8606E-01  4.3207E-02  3.6556E-02
  1.0373E+00  2.8808E-01  4.8423E-02  4.2133E-02
  1.0445E+00  2.9011E-01  5.3666E-02  4.7732E-02
  1.0518E+00  2.9214E-01  5.8935E-02  5.3353E-02
  1.0591E+00  2.9417E-01  6.4227E-02  5.8992E-02
  1.0665E+00  2.9620E-01  6.9542E-02  6.4649E-02
  1.0739E+00  2.9824E-01  7.4878E-02  7.0322E-02
  1.0814E+00  3.0028E-01  8.0235E-02  7.6009E-02
  1.0889E+00  3.0232E-01  8.5610E-02  8.1708E-02
  1.0965E+00  3.0437E-01  9.1004E-02  8.7419E-02
  1.1041E+00  3.0642E-01  9.6414E-02  9.3140E-02
  1.1118E+00  3.0848E-01  1.0184E-01  9.8870E-02
  1.1195E+00  3.1054E-01  1.0728E-01  1.0461E-01
  1.1273E+00  3.1261E-01  1.1273E-01  1.1035E-01
  1.1351E+00  3.1469E-01  1.1820E-01  1.1610E-01
  1.1430E+00  3.1677E-01  1.2368E-01  1.2185E-01
  1.1510E+00  3.1886E-01  1.2917E-01  1.2760E-01
  1.1590E+00  3.2095E-01  1.3467E-01  1.3336E-01
  1.1670E+00  3.2306E-01  1.4019E-01  1.3912E-01
  1.1752E+00  3.2518E-01  1.4571E-01  1.4488E-01
  1.1833E+00  3.2730E-01  1.5124E-01  1.5064E-01
  1.1916E+00  3.2944E-01  1.5678E-01  1.5639E-01
  1.1998E+00  3.3159E-01  1.6232E-01  1.6215E-01
  1.2082E+00  3.3375E-01  1.6788E-01  1.6790E-01
  1.2166E+00  3.3593E-01  1.7344E-01  1.7365E-01
  1.2251E+00  3.3812E-01  1.7901E-01  1.7940E-01
  1.2336E+00  3.4033E-01  1.8459E-01  1.8515E-01
  1.2422E+00  3.4256E-01  1.9018E-01  1.9089E-01
  1.2508E+00  3.4480E-01  1.9577E-01  1.9663E-01
  1.2595E+00  3.4707E-01  2.0137E-01  2.0237E-01
  1.2683E+00  3.4936E-01  2.0698E-01  2.0810E-01
  1.2771E+00  3.5167E-01  2.1259E-01  2.1384E-01
  1.2860E+00  3.5400E-01  2.1822E-01  2.1957E-01
  1.2949E+00  3.5636E-01  2.2385E-01  2.2529E-01
  1.3039E+00  3.5875E-01  2.2950E-01  2.3102E-01
  1.3130E+00  3.6117E-01  2.3515E-01  2.3675E-01
  1.3221E+00  3.6363E-01  2.4082E-01  2.4247E-01
  1.3313E+00  3.6611E-01  2.4649E-01  2.4820E-01
  1.3406E+00  3.6863E-01  2.5218E-01  2.5393E-01
  1.3499E+00  3.7119E-01  2.5789E-01  2.5967E-01
  1.3593E+00  3.7379E-01  2.6360E-01  2.6541E-01
  1.3687E+00  3.7643E-01  2.6934E-01  2.7115E-01
  1.3782E+00  3.7912E-01  2.7509E-01  2.7690E-01
  1.3878E+00  3.8185E-01  2.8085E-01  2.8266E-01
  1.3975E+00  3.8463E-01  2.8664E-01  2.8843E-01
  1.4072E+00  3.8747E-01  2.9245E-01  2.9421E-01
  1.4170E+00  3.9036E-01  2.9828E-01  3.0001E-01
  1.4268E+00  3.9330E-01  3.0414E-01  3.0583E-01
  1.4368E+00  3.9631E-01  3.1002E-01  3.1166E-01
  1.4468E+00  3.9939E-01  3.1594E-01  3.1751E-01
  1.4568E+00  4.0253E-01  3.2188E-01  3.2339E-01
  1.4670E+00  4.0574E-01  3.2785E-01  3.2929E-01
  1.4772E+00  4.0902E-01  3.3387E-01  3.3522E-01
  1.4874E+00  4.1238E-01  3.3992E-01  3.4119E-01
  1.4978E+00  4.1583E-01  3.4601E-01  3.4719E-01
  1.5082E+00  4.1936E-01  3.5214E-01  3.5323E-01
  1.5187E+00  4.2297E-01  3.5832E-01  3.5931E-01
  1.5292E+00  4.2668E-01  3.6455E-01  3.6543E-01
  1.5399E+00  4.3049E-01  3.7083E-01  3.7161E-01
  1.5506E+00  4.3440E-01  3.7717E-01  3.7783E-01
  1.5614E+00  4.3842E-01  3.8357E-01  3.8412E-01
  1.5722E+00  4.4255E-01  3.9003E-01  3.9047E-01
  1.5832E+00  4.4679E-01  3.9656E-01  3.9688E-01
  1.5942E+00  4.5116E-01  4.0317E-01  4.0337E-01
  1.6053E+00  4.5565E-01  4.0985E-01  4.0993E-01
  1.6164E+00  4.6028E-01  4.1661E-01  4.1657E-01
  1.6277E+00  4.6504E-01  4.2346E-01  4.2330E-01
  1.6390E+00  4.6995E-01  4.3039E-01  4.3012E-01
  1.6504E+00  4.7500E-01  4.3743E-01  4.3705E-01
  1.6619E+00  4.8022E-01  4.4457E-01  4.4407E-01
  1.6734E+00  4.8559E-01  4.5182E-01  4.5121E-01
  1.6851E+00  4.9114E-01  4.5918E-01  4.5847E-01
  1.6968E+00  4.9686E-01  4.6666E-01  4.6585E-01
  1.7086E+00  5.0276E-01  4.7427E-01  4.7337E-01
  1.7205E+00  5.0885E-01  4.8202E-01  4.8102E-01
  1.7324E+00  5.1515E-01  4.8991E-01  4.8883E-01
  1.7445E+00  5.2165E-01  4.9796E-01  4.9679E-01
  1.7566E+00  5.2836E-01  5.0616E-01  5.0492E-01
  1.7688E+00  5.3530E-01  5.1453E-01  5.1322E-01
  1.7811E+00  5.4248E-01  5.2308E-01  5.2170E-01
  1.7935E+00  5.4989E-01  5.3181E-01  5.3038E-01
  1.8060E+00  5.5756E-01  5.4075E-01  5.3927E-01
  1.8185E+00  5.6549E-01  5.4989E-01  5.4837E-01
  1.8312E+00  5.7370E-01  5.5925E-01  5.5769E-01
  1.8439E+00  5.8218E-01  5.6884E-01  5.6725E-01
  1.8568E+00  5.9096E-01  5.7868E-01  5.7706E-01
  1.8697E+00  6.0005E-01  5.8877E-01  5.8714E-01
  1.8827E+00  6.0946E-01  5.9913E-01  5.9749E-01
  1.8958E+00  6.1920E-01  6.0977E-01  6.0813E-01
  1.9089E+00  6.2929E-01  6.2072E-01  6.1907E-01
  1.9222E+00  6.3973E-01  6.3197E-01  6.3033E-01
  1.9356E+00  6.5055E-01  6.4355E-01  6.4192E-01
  1.9491E+00  6.6177E-01  6.5548E-01  6.5387E-01
  1.9626E+00  6.7339E-01  6.6777E-01  6.6618E-01
  1.9763E+00  6.8543E-01  6.8045E-01  6.7888E-01
  1.9900E+00  6.9792E-01  6.9352E-01  6.9198E-01
  2.0038E+00  7.1087E-01  7.0701E-01  7.0551E-01
  2.0178E+00  7.2430E-01  7.2094E-01  7.1948E-01
  2.0318E+00  7.3824E-01  7.3533E-01  7.3391E-01
  2.0459E+00  7.5269E-01  7.5020E-01  7.4883E-01
  2.0602E+00  7.6770E-01  7.6559E-01  7.6427E-01
  2.0745E+00  7.8327E-01  7.8150E-01  7.8023E-01
  2.0889E+00  7.9943E-01  7.9797E-01  7.9676E-01
  2.1034E+00  8.1622E-01  8.1503E-01  8.1387E-01
  2.1181E+00  8.3365E-01  8.3270E-01  8.3160E-01
  2.1328E+00  8.5176E-01  8.5101E-01  8.4997E-01
  2.1476E+00  8.7057E-01  8.7000E-01  8.6901E-01
  2.1626E+00  8.9011E-01  8.8969E-01  8.8876E-01
  2.1776E+00  9.1042E-01  9.1012E-01  9.0925E-01
  2.1928E+00  9.3153E-01  9.3133E-01  9.3052E-01
  2.2080E+00  9.5348E-01  9.5334E-01  9.5260E-01
  2.2234E+00  9.7629E-01  9.7621E-01  9.7553E-01
  2.2388E+00  1.0000E+00  9.9997E-01  9.9935E-01
  2.2544E+00  1.0247E+00  1.0247E+00  1.0241E+00
  2.2701E+00  1.0504E+00  1.0503E+00  1.0498E+00
  2.2859E+00  1.0771E+00  1.0771E+00  1.0766E+00
  2.3018E+00  1.1048E+00  1.1048E+00  1.1045E+00
  2.3178E+00  1.1338E+00  1.1338E+00  1.1334E+00
  2.3339E+00  1.1639E+00  1.1639E+00  1.1636E+00
  2.3501E+00  1.1952E+00  1.1952E+00  1.1950E+00
  2.3665E+00  1.2278E+00  1.2278E+00  1.2277E+00
  2.3829E+00  1.2619E+00  1.2619E+00  1.2617E+00
  2.3995E+00  1.2973E+00  1.2973E+00  1.2973E+00
  2.4162E+00  1.3343E+00  1.3343E+00  1.3343E+00
  2.4330E+00  1.3728E+00  1.3728E+00  1.3729E+00
  2.4499E+00  1.4130E+00  1.4130E+00  1.4131E+00
  2.4669E+00  1.4549E+00  1.4549E+00  1.4551E+00
  2.4841E+00  1.4987E+00  1.4987E+00  1.4989E+00
  2.5014E+00  1.5444E+00  1.5444E+00  1.5447E+00
  2.5188E+00  1.5921E+00  1.5921E+00  1.5925E+00
  2.5363E+00  1.6420E+00  1.6420E+00  1.6424E+00
  2.5539E+00  1.6941E+00  1.6941E+00  1.6945E+00
  2.5717E+00  1.7485E+00  1.7485E+00  1.7490E+00
  2.5896E+00  1.8054E+00  1.8054E+00  1.8060E+00
