 # l=           2 basis function with energy   -0.173874530898136     
  0.0000E+00  0.0000E+00  0.0000E+00  0.0000E+00
  5.3551E-07 -2.2296E-14  4.1965E-20  8.9703E-19
  1.0747E-06 -1.3293E-13  3.3924E-19  7.2500E-18
  1.6177E-06 -3.7916E-13  1.1569E-18  2.4725E-17
  2.1645E-06 -7.9969E-13  2.7711E-18  5.9223E-17
  2.7151E-06 -1.4295E-12  5.4692E-18  1.1688E-16
  3.2694E-06 -2.3015E-12  9.5501E-18  2.0410E-16
  3.8277E-06 -3.4475E-12  1.5325E-17  3.2752E-16
  4.3898E-06 -4.8982E-12  2.3117E-17  4.9404E-16
  4.9559E-06 -6.6843E-12  3.3262E-17  7.1085E-16
  5.5258E-06 -8.8358E-12  4.6108E-17  9.8541E-16
  6.0998E-06 -1.1383E-11  6.2019E-17  1.3255E-15
  6.6777E-06 -1.4356E-11  8.1371E-17  1.7390E-15
  7.2597E-06 -1.7785E-11  1.0455E-16  2.2344E-15
  7.8457E-06 -2.1701E-11  1.3197E-16  2.8204E-15
  8.4357E-06 -2.6135E-11  1.6404E-16  3.5058E-15
  9.0299E-06 -3.1117E-11  2.0120E-16  4.3000E-15
  9.6282E-06 -3.6680E-11  2.4391E-16  5.2126E-15
  1.0231E-05 -4.2855E-11  2.9262E-16  6.2537E-15
  1.0837E-05 -4.9676E-11  3.4782E-16  7.4334E-15
  1.1448E-05 -5.7174E-11  4.1001E-16  8.7626E-15
  1.2063E-05 -6.5385E-11  4.7972E-16  1.0252E-14
  1.2683E-05 -7.4341E-11  5.5747E-16  1.1914E-14
  1.3306E-05 -8.4079E-11  6.4383E-16  1.3760E-14
  1.3935E-05 -9.4633E-11  7.3937E-16  1.5801E-14
  1.4567E-05 -1.0604E-10  8.4467E-16  1.8052E-14
  1.5204E-05 -1.1833E-10  9.6036E-16  2.0524E-14
  1.5845E-05 -1.3156E-10  1.0871E-15  2.3232E-14
  1.6491E-05 -1.4575E-10  1.2255E-15  2.6190E-14
  1.7141E-05 -1.6094E-10  1.3762E-15  2.9412E-14
  1.7796E-05 -1.7718E-10  1.5400E-15  3.2912E-14
  1.8455E-05 -1.9450E-10  1.7176E-15  3.6707E-14
  1.9119E-05 -2.1295E-10  1.9097E-15  4.0813E-14
  1.9787E-05 -2.3257E-10  2.1171E-15  4.5245E-14
  2.0460E-05 -2.5340E-10  2.3406E-15  5.0022E-14
  2.1138E-05 -2.7549E-10  2.5810E-15  5.5159E-14
  2.1821E-05 -2.9888E-10  2.8391E-15  6.0677E-14
  2.2508E-05 -3.2362E-10  3.1159E-15  6.6592E-14
  2.3200E-05 -3.4976E-10  3.4123E-15  7.2926E-14
  2.3897E-05 -3.7734E-10  3.7291E-15  7.9696E-14
  2.4598E-05 -4.0641E-10  4.0673E-15  8.6925E-14
  2.5305E-05 -4.3703E-10  4.4280E-15  9.4633E-14
  2.6017E-05 -4.6925E-10  4.8121E-15  1.0284E-13
  2.6733E-05 -5.0311E-10  5.2207E-15  1.1157E-13
  2.7454E-05 -5.3867E-10  5.6548E-15  1.2085E-13
  2.8181E-05 -5.7599E-10  6.1157E-15  1.3070E-13
  2.8912E-05 -6.1513E-10  6.6044E-15  1.4115E-13
  2.9649E-05 -6.5613E-10  7.1221E-15  1.5221E-13
  3.0391E-05 -6.9906E-10  7.6701E-15  1.6392E-13
  3.1137E-05 -7.4399E-10  8.2496E-15  1.7631E-13
  3.1890E-05 -7.9096E-10  8.8619E-15  1.8939E-13
  3.2647E-05 -8.4004E-10  9.5084E-15  2.0321E-13
  3.3409E-05 -8.9130E-10  1.0190E-14  2.1778E-13
  3.4177E-05 -9.4481E-10  1.0909E-14  2.3315E-13
  3.4950E-05 -1.0006E-09  1.1666E-14  2.4933E-13
  3.5729E-05 -1.0588E-09  1.2464E-14  2.6637E-13
  3.6513E-05 -1.1194E-09  1.3302E-14  2.8429E-13
  3.7302E-05 -1.1826E-09  1.4184E-14  3.0313E-13
  3.8097E-05 -1.2483E-09  1.5110E-14  3.2293E-13
  3.8898E-05 -1.3168E-09  1.6083E-14  3.4371E-13
  3.9704E-05 -1.3879E-09  1.7103E-14  3.6552E-13
  4.0515E-05 -1.4619E-09  1.8174E-14  3.8840E-13
  4.1333E-05 -1.5387E-09  1.9296E-14  4.1238E-13
  4.2156E-05 -1.6186E-09  2.0472E-14  4.3751E-13
  4.2984E-05 -1.7015E-09  2.1703E-14  4.6382E-13
  4.3819E-05 -1.7876E-09  2.2991E-14  4.9136E-13
  4.4659E-05 -1.8768E-09  2.4339E-14  5.2017E-13
  4.5505E-05 -1.9695E-09  2.5749E-14  5.5030E-13
  4.6357E-05 -2.0655E-09  2.7223E-14  5.8179E-13
  4.7215E-05 -2.1650E-09  2.8762E-14  6.1469E-13
  4.8079E-05 -2.2681E-09  3.0370E-14  6.4906E-13
  4.8949E-05 -2.3750E-09  3.2048E-14  6.8493E-13
  4.9825E-05 -2.4856E-09  3.3800E-14  7.2236E-13
  5.0707E-05 -2.6001E-09  3.5627E-14  7.6140E-13
  5.1595E-05 -2.7186E-09  3.7532E-14  8.0212E-13
  5.2489E-05 -2.8412E-09  3.9518E-14  8.4455E-13
  5.3390E-05 -2.9680E-09  4.1587E-14  8.8877E-13
  5.4296E-05 -3.0991E-09  4.3742E-14  9.3483E-13
  5.5210E-05 -3.2347E-09  4.5986E-14  9.8279E-13
  5.6129E-05 -3.3748E-09  4.8322E-14  1.0327E-12
  5.7055E-05 -3.5196E-09  5.0753E-14  1.0847E-12
  5.7987E-05 -3.6691E-09  5.3282E-14  1.1387E-12
  5.8926E-05 -3.8235E-09  5.5912E-14  1.1949E-12
  5.9871E-05 -3.9830E-09  5.8646E-14  1.2534E-12
  6.0823E-05 -4.1476E-09  6.1488E-14  1.3141E-12
  6.1782E-05 -4.3175E-09  6.4441E-14  1.3772E-12
  6.2747E-05 -4.4928E-09  6.7508E-14  1.4428E-12
  6.3719E-05 -4.6737E-09  7.0694E-14  1.5108E-12
  6.4697E-05 -4.8602E-09  7.4002E-14  1.5815E-12
  6.5683E-05 -5.0526E-09  7.7435E-14  1.6549E-12
  6.6675E-05 -5.2509E-09  8.0998E-14  1.7310E-12
  6.7674E-05 -5.4554E-09  8.4694E-14  1.8100E-12
  6.8680E-05 -5.6661E-09  8.8528E-14  1.8920E-12
  6.9694E-05 -5.8832E-09  9.2504E-14  1.9770E-12
  7.0714E-05 -6.1070E-09  9.6626E-14  2.0650E-12
  7.1741E-05 -6.3374E-09  1.0090E-13  2.1564E-12
  7.2775E-05 -6.5748E-09  1.0533E-13  2.2510E-12
  7.3817E-05 -6.8192E-09  1.0991E-13  2.3490E-12
  7.4866E-05 -7.0708E-09  1.1467E-13  2.4506E-12
  7.5922E-05 -7.3299E-09  1.1959E-13  2.5558E-12
  7.6986E-05 -7.5965E-09  1.2468E-13  2.6647E-12
  7.8056E-05 -7.8709E-09  1.2996E-13  2.7774E-12
  7.9135E-05 -8.1533E-09  1.3542E-13  2.8942E-12
  8.0221E-05 -8.4438E-09  1.4107E-13  3.0149E-12
  8.1314E-05 -8.7426E-09  1.4692E-13  3.1399E-12
  8.2415E-05 -9.0499E-09  1.5297E-13  3.2692E-12
  8.3524E-05 -9.3660E-09  1.5923E-13  3.4029E-12
  8.4640E-05 -9.6910E-09  1.6570E-13  3.5412E-12
  8.5764E-05 -1.0025E-08  1.7239E-13  3.6842E-12
  8.6896E-05 -1.0369E-08  1.7930E-13  3.8320E-12
  8.8036E-05 -1.0722E-08  1.8645E-13  3.9847E-12
  8.9184E-05 -1.1085E-08  1.9384E-13  4.1426E-12
  9.0339E-05 -1.1457E-08  2.0147E-13  4.3058E-12
  9.1503E-05 -1.1841E-08  2.0936E-13  4.4743E-12
  9.2675E-05 -1.2234E-08  2.1751E-13  4.6484E-12
  9.3855E-05 -1.2638E-08  2.2592E-13  4.8283E-12
  9.5043E-05 -1.3054E-08  2.3461E-13  5.0140E-12
  9.6240E-05 -1.3480E-08  2.4358E-13  5.2057E-12
  9.7445E-05 -1.3918E-08  2.5285E-13  5.4037E-12
  9.8658E-05 -1.4368E-08  2.6241E-13  5.6081E-12
  9.9879E-05 -1.4830E-08  2.7228E-13  5.8190E-12
  1.0111E-04 -1.5304E-08  2.8246E-13  6.0366E-12
  1.0235E-04 -1.5790E-08  2.9297E-13  6.2612E-12
  1.0360E-04 -1.6290E-08  3.0381E-13  6.4929E-12
  1.0485E-04 -1.6802E-08  3.1500E-13  6.7320E-12
  1.0612E-04 -1.7328E-08  3.2653E-13  6.9785E-12
  1.0739E-04 -1.7868E-08  3.3843E-13  7.2328E-12
  1.0867E-04 -1.8421E-08  3.5070E-13  7.4950E-12
  1.0996E-04 -1.8989E-08  3.6335E-13  7.7653E-12
  1.1126E-04 -1.9572E-08  3.7639E-13  8.0441E-12
  1.1257E-04 -2.0170E-08  3.8984E-13  8.3314E-12
  1.1389E-04 -2.0783E-08  4.0369E-13  8.6276E-12
  1.1522E-04 -2.1411E-08  4.1798E-13  8.9328E-12
  1.1656E-04 -2.2056E-08  4.3269E-13  9.2473E-12
  1.1790E-04 -2.2717E-08  4.4786E-13  9.5714E-12
  1.1926E-04 -2.3395E-08  4.6348E-13  9.9054E-12
  1.2062E-04 -2.4089E-08  4.7958E-13  1.0249E-11
  1.2200E-04 -2.4802E-08  4.9616E-13  1.0604E-11
  1.2338E-04 -2.5532E-08  5.1324E-13  1.0969E-11
  1.2477E-04 -2.6280E-08  5.3082E-13  1.1345E-11
  1.2618E-04 -2.7047E-08  5.4894E-13  1.1732E-11
  1.2759E-04 -2.7833E-08  5.6759E-13  1.2130E-11
  1.2901E-04 -2.8638E-08  5.8679E-13  1.2541E-11
  1.3045E-04 -2.9463E-08  6.0655E-13  1.2963E-11
  1.3189E-04 -3.0309E-08  6.2690E-13  1.3398E-11
  1.3334E-04 -3.1175E-08  6.4785E-13  1.3845E-11
  1.3480E-04 -3.2063E-08  6.6940E-13  1.4306E-11
  1.3628E-04 -3.2972E-08  6.9159E-13  1.4780E-11
  1.3776E-04 -3.3903E-08  7.1441E-13  1.5268E-11
  1.3925E-04 -3.4857E-08  7.3790E-13  1.5770E-11
  1.4076E-04 -3.5834E-08  7.6207E-13  1.6287E-11
  1.4227E-04 -3.6834E-08  7.8693E-13  1.6818E-11
  1.4380E-04 -3.7859E-08  8.1251E-13  1.7365E-11
  1.4533E-04 -3.8908E-08  8.3882E-13  1.7927E-11
  1.4688E-04 -3.9982E-08  8.6588E-13  1.8505E-11
  1.4844E-04 -4.1082E-08  8.9370E-13  1.9100E-11
  1.5000E-04 -4.2208E-08  9.2232E-13  1.9711E-11
  1.5158E-04 -4.3361E-08  9.5175E-13  2.0340E-11
  1.5317E-04 -4.4541E-08  9.8201E-13  2.0987E-11
  1.5477E-04 -4.5749E-08  1.0131E-12  2.1652E-11
  1.5638E-04 -4.6985E-08  1.0451E-12  2.2336E-11
  1.5801E-04 -4.8251E-08  1.0780E-12  2.3038E-11
  1.5964E-04 -4.9546E-08  1.1118E-12  2.3761E-11
  1.6129E-04 -5.0872E-08  1.1465E-12  2.4503E-11
  1.6294E-04 -5.2228E-08  1.1822E-12  2.5266E-11
  1.6461E-04 -5.3616E-08  1.2189E-12  2.6050E-11
  1.6629E-04 -5.5037E-08  1.2566E-12  2.6856E-11
  1.6799E-04 -5.6490E-08  1.2954E-12  2.7684E-11
  1.6969E-04 -5.7977E-08  1.3352E-12  2.8535E-11
  1.7140E-04 -5.9499E-08  1.3761E-12  2.9409E-11
  1.7313E-04 -6.1055E-08  1.4181E-12  3.0308E-11
  1.7487E-04 -6.2648E-08  1.4613E-12  3.1230E-11
  1.7662E-04 -6.4277E-08  1.5057E-12  3.2178E-11
  1.7839E-04 -6.5943E-08  1.5512E-12  3.3152E-11
  1.8016E-04 -6.7647E-08  1.5980E-12  3.4152E-11
  1.8195E-04 -6.9390E-08  1.6461E-12  3.5179E-11
  1.8375E-04 -7.1173E-08  1.6954E-12  3.6234E-11
  1.8557E-04 -7.2997E-08  1.7461E-12  3.7318E-11
  1.8739E-04 -7.4862E-08  1.7982E-12  3.8430E-11
  1.8923E-04 -7.6769E-08  1.8516E-12  3.9572E-11
  1.9108E-04 -7.8719E-08  1.9065E-12  4.0745E-11
  1.9295E-04 -8.0713E-08  1.9629E-12  4.1950E-11
  1.9482E-04 -8.2752E-08  2.0207E-12  4.3186E-11
  1.9671E-04 -8.4837E-08  2.0801E-12  4.4456E-11
  1.9862E-04 -8.6968E-08  2.1411E-12  4.5759E-11
  2.0053E-04 -8.9148E-08  2.2037E-12  4.7096E-11
  2.0246E-04 -9.1376E-08  2.2679E-12  4.8469E-11
  2.0441E-04 -9.3653E-08  2.3339E-12  4.9879E-11
  2.0637E-04 -9.5982E-08  2.4016E-12  5.1325E-11
  2.0834E-04 -9.8362E-08  2.4710E-12  5.2809E-11
  2.1032E-04 -1.0079E-07  2.5423E-12  5.4333E-11
  2.1232E-04 -1.0328E-07  2.6154E-12  5.5896E-11
  2.1433E-04 -1.0582E-07  2.6905E-12  5.7500E-11
  2.1636E-04 -1.0842E-07  2.7675E-12  5.9146E-11
  2.1840E-04 -1.1108E-07  2.8466E-12  6.0835E-11
  2.2045E-04 -1.1379E-07  2.9276E-12  6.2568E-11
  2.2252E-04 -1.1656E-07  3.0108E-12  6.4346E-11
  2.2460E-04 -1.1940E-07  3.0962E-12  6.6170E-11
  2.2670E-04 -1.2230E-07  3.1837E-12  6.8041E-11
  2.2881E-04 -1.2525E-07  3.2736E-12  6.9961E-11
  2.3094E-04 -1.2828E-07  3.3657E-12  7.1930E-11
  2.3308E-04 -1.3137E-07  3.4602E-12  7.3950E-11
  2.3524E-04 -1.3453E-07  3.5571E-12  7.6021E-11
  2.3741E-04 -1.3775E-07  3.6565E-12  7.8146E-11
  2.3959E-04 -1.4105E-07  3.7585E-12  8.0325E-11
  2.4180E-04 -1.4442E-07  3.8631E-12  8.2560E-11
  2.4401E-04 -1.4786E-07  3.9703E-12  8.4852E-11
  2.4625E-04 -1.5137E-07  4.0803E-12  8.7202E-11
  2.4849E-04 -1.5496E-07  4.1931E-12  8.9612E-11
  2.5076E-04 -1.5863E-07  4.3087E-12  9.2084E-11
  2.5304E-04 -1.6238E-07  4.4273E-12  9.4618E-11
  2.5533E-04 -1.6621E-07  4.5488E-12  9.7216E-11
  2.5764E-04 -1.7012E-07  4.6735E-12  9.9880E-11
  2.5997E-04 -1.7411E-07  4.8013E-12  1.0261E-10
  2.6231E-04 -1.7819E-07  4.9323E-12  1.0541E-10
  2.6467E-04 -1.8236E-07  5.0666E-12  1.0828E-10
  2.6705E-04 -1.8661E-07  5.2043E-12  1.1122E-10
  2.6944E-04 -1.9096E-07  5.3454E-12  1.1424E-10
  2.7185E-04 -1.9540E-07  5.4901E-12  1.1733E-10
  2.7428E-04 -1.9993E-07  5.6384E-12  1.2050E-10
  2.7672E-04 -2.0456E-07  5.7904E-12  1.2375E-10
  2.7918E-04 -2.0929E-07  5.9462E-12  1.2708E-10
  2.8166E-04 -2.1412E-07  6.1059E-12  1.3049E-10
  2.8415E-04 -2.1905E-07  6.2696E-12  1.3399E-10
  2.8666E-04 -2.2408E-07  6.4373E-12  1.3757E-10
  2.8919E-04 -2.2922E-07  6.6092E-12  1.4125E-10
  2.9174E-04 -2.3447E-07  6.7853E-12  1.4501E-10
  2.9430E-04 -2.3983E-07  6.9658E-12  1.4887E-10
  2.9689E-04 -2.4530E-07  7.1508E-12  1.5282E-10
  2.9949E-04 -2.5089E-07  7.3403E-12  1.5687E-10
  3.0210E-04 -2.5660E-07  7.5345E-12  1.6102E-10
  3.0474E-04 -2.6242E-07  7.7335E-12  1.6528E-10
  3.0740E-04 -2.6837E-07  7.9374E-12  1.6963E-10
  3.1007E-04 -2.7444E-07  8.1463E-12  1.7410E-10
  3.1276E-04 -2.8064E-07  8.3603E-12  1.7867E-10
  3.1547E-04 -2.8697E-07  8.5795E-12  1.8336E-10
  3.1820E-04 -2.9342E-07  8.8042E-12  1.8816E-10
  3.2095E-04 -3.0002E-07  9.0343E-12  1.9308E-10
  3.2372E-04 -3.0675E-07  9.2700E-12  1.9811E-10
  3.2650E-04 -3.1362E-07  9.5115E-12  2.0327E-10
  3.2931E-04 -3.2064E-07  9.7588E-12  2.0856E-10
  3.3214E-04 -3.2780E-07  1.0012E-11  2.1398E-10
  3.3498E-04 -3.3510E-07  1.0272E-11  2.1952E-10
  3.3785E-04 -3.4256E-07  1.0538E-11  2.2520E-10
  3.4073E-04 -3.5018E-07  1.0810E-11  2.3102E-10
  3.4364E-04 -3.5795E-07  1.1089E-11  2.3698E-10
  3.4656E-04 -3.6588E-07  1.1374E-11  2.4309E-10
  3.4951E-04 -3.7398E-07  1.1667E-11  2.4934E-10
  3.5247E-04 -3.8224E-07  1.1966E-11  2.5574E-10
  3.5546E-04 -3.9067E-07  1.2273E-11  2.6230E-10
  3.5847E-04 -3.9928E-07  1.2587E-11  2.6901E-10
  3.6150E-04 -4.0806E-07  1.2909E-11  2.7589E-10
  3.6455E-04 -4.1702E-07  1.3238E-11  2.8293E-10
  3.6762E-04 -4.2617E-07  1.3576E-11  2.9014E-10
  3.7071E-04 -4.3551E-07  1.3921E-11  2.9752E-10
  3.7382E-04 -4.4503E-07  1.4275E-11  3.0508E-10
  3.7696E-04 -4.5475E-07  1.4637E-11  3.1282E-10
  3.8011E-04 -4.6467E-07  1.5008E-11  3.2075E-10
  3.8329E-04 -4.7480E-07  1.5388E-11  3.2886E-10
  3.8649E-04 -4.8513E-07  1.5776E-11  3.3717E-10
  3.8972E-04 -4.9567E-07  1.6175E-11  3.4567E-10
  3.9296E-04 -5.0642E-07  1.6582E-11  3.5438E-10
  3.9623E-04 -5.1739E-07  1.6999E-11  3.6330E-10
  3.9952E-04 -5.2859E-07  1.7426E-11  3.7243E-10
  4.0284E-04 -5.4002E-07  1.7864E-11  3.8177E-10
  4.0617E-04 -5.5167E-07  1.8311E-11  3.9134E-10
  4.0953E-04 -5.6357E-07  1.8769E-11  4.0113E-10
  4.1292E-04 -5.7570E-07  1.9238E-11  4.1116E-10
  4.1632E-04 -5.8808E-07  1.9719E-11  4.2142E-10
  4.1975E-04 -6.0072E-07  2.0210E-11  4.3192E-10
  4.2321E-04 -6.1360E-07  2.0713E-11  4.4268E-10
  4.2669E-04 -6.2675E-07  2.1228E-11  4.5368E-10
  4.3019E-04 -6.4016E-07  2.1755E-11  4.6495E-10
  4.3372E-04 -6.5385E-07  2.2295E-11  4.7648E-10
  4.3727E-04 -6.6781E-07  2.2847E-11  4.8828E-10
  4.4085E-04 -6.8205E-07  2.3412E-11  5.0036E-10
  4.4445E-04 -6.9658E-07  2.3991E-11  5.1272E-10
  4.4807E-04 -7.1140E-07  2.4583E-11  5.2537E-10
  4.5173E-04 -7.2652E-07  2.5189E-11  5.3832E-10
  4.5540E-04 -7.4195E-07  2.5809E-11  5.5158E-10
  4.5911E-04 -7.5768E-07  2.6444E-11  5.6514E-10
  4.6283E-04 -7.7373E-07  2.7093E-11  5.7902E-10
  4.6659E-04 -7.9011E-07  2.7758E-11  5.9323E-10
  4.7037E-04 -8.0681E-07  2.8438E-11  6.0776E-10
  4.7417E-04 -8.2384E-07  2.9134E-11  6.2264E-10
  4.7801E-04 -8.4122E-07  2.9846E-11  6.3786E-10
  4.8187E-04 -8.5894E-07  3.0575E-11  6.5344E-10
  4.8575E-04 -8.7702E-07  3.1321E-11  6.6937E-10
  4.8967E-04 -8.9546E-07  3.2084E-11  6.8568E-10
  4.9361E-04 -9.1427E-07  3.2865E-11  7.0237E-10
  4.9758E-04 -9.3346E-07  3.3664E-11  7.1945E-10
  5.0157E-04 -9.5303E-07  3.4481E-11  7.3692E-10
  5.0560E-04 -9.7298E-07  3.5318E-11  7.5480E-10
  5.0965E-04 -9.9334E-07  3.6174E-11  7.7309E-10
  5.1373E-04 -1.0141E-06  3.7049E-11  7.9181E-10
  5.1784E-04 -1.0353E-06  3.7945E-11  8.1095E-10
  5.2197E-04 -1.0569E-06  3.8862E-11  8.3054E-10
  5.2614E-04 -1.0789E-06  3.9800E-11  8.5059E-10
  5.3033E-04 -1.1014E-06  4.0759E-11  8.7109E-10
  5.3456E-04 -1.1243E-06  4.1741E-11  8.9207E-10
  5.3881E-04 -1.1476E-06  4.2745E-11  9.1353E-10
  5.4309E-04 -1.1715E-06  4.3773E-11  9.3549E-10
  5.4740E-04 -1.1958E-06  4.4824E-11  9.5795E-10
  5.5175E-04 -1.2205E-06  4.5899E-11  9.8093E-10
  5.5612E-04 -1.2458E-06  4.6999E-11  1.0044E-09
  5.6052E-04 -1.2716E-06  4.8124E-11  1.0285E-09
  5.6496E-04 -1.2979E-06  4.9275E-11  1.0531E-09
  5.6942E-04 -1.3247E-06  5.0452E-11  1.0782E-09
  5.7392E-04 -1.3520E-06  5.1657E-11  1.1040E-09
  5.7844E-04 -1.3799E-06  5.2889E-11  1.1303E-09
  5.8300E-04 -1.4083E-06  5.4149E-11  1.1572E-09
  5.8759E-04 -1.4373E-06  5.5438E-11  1.1848E-09
  5.9221E-04 -1.4668E-06  5.6757E-11  1.2130E-09
  5.9687E-04 -1.4970E-06  5.8105E-11  1.2418E-09
  6.0155E-04 -1.5277E-06  5.9485E-11  1.2713E-09
  6.0627E-04 -1.5591E-06  6.0895E-11  1.3014E-09
  6.1102E-04 -1.5910E-06  6.2339E-11  1.3323E-09
  6.1581E-04 -1.6236E-06  6.3815E-11  1.3638E-09
  6.2063E-04 -1.6568E-06  6.5324E-11  1.3961E-09
  6.2548E-04 -1.6907E-06  6.6868E-11  1.4291E-09
  6.3036E-04 -1.7252E-06  6.8447E-11  1.4628E-09
  6.3528E-04 -1.7605E-06  7.0062E-11  1.4973E-09
  6.4024E-04 -1.7964E-06  7.1714E-11  1.5326E-09
  6.4522E-04 -1.8330E-06  7.3403E-11  1.5687E-09
  6.5025E-04 -1.8703E-06  7.5131E-11  1.6057E-09
  6.5530E-04 -1.9084E-06  7.6897E-11  1.6434E-09
  6.6040E-04 -1.9472E-06  7.8704E-11  1.6820E-09
  6.6552E-04 -1.9868E-06  8.0552E-11  1.7215E-09
  6.7069E-04 -2.0272E-06  8.2442E-11  1.7619E-09
  6.7589E-04 -2.0683E-06  8.4374E-11  1.8032E-09
  6.8112E-04 -2.1102E-06  8.6350E-11  1.8454E-09
  6.8640E-04 -2.1530E-06  8.8371E-11  1.8886E-09
  6.9171E-04 -2.1966E-06  9.0437E-11  1.9328E-09
  6.9705E-04 -2.2411E-06  9.2550E-11  1.9779E-09
  7.0243E-04 -2.2864E-06  9.4711E-11  2.0241E-09
  7.0786E-04 -2.3326E-06  9.6921E-11  2.0713E-09
  7.1331E-04 -2.3797E-06  9.9180E-11  2.1196E-09
  7.1881E-04 -2.4278E-06  1.0149E-10  2.1690E-09
  7.2434E-04 -2.4767E-06  1.0385E-10  2.2195E-09
  7.2992E-04 -2.5267E-06  1.0627E-10  2.2711E-09
  7.3553E-04 -2.5775E-06  1.0874E-10  2.3239E-09
  7.4118E-04 -2.6294E-06  1.1126E-10  2.3779E-09
  7.4687E-04 -2.6823E-06  1.1385E-10  2.4331E-09
  7.5260E-04 -2.7363E-06  1.1649E-10  2.4895E-09
  7.5837E-04 -2.7913E-06  1.1919E-10  2.5472E-09
  7.6418E-04 -2.8473E-06  1.2195E-10  2.6062E-09
  7.7003E-04 -2.9044E-06  1.2477E-10  2.6665E-09
  7.7592E-04 -2.9627E-06  1.2765E-10  2.7281E-09
  7.8185E-04 -3.0221E-06  1.3060E-10  2.7912E-09
  7.8782E-04 -3.0826E-06  1.3362E-10  2.8556E-09
  7.9384E-04 -3.1443E-06  1.3670E-10  2.9215E-09
  7.9989E-04 -3.2072E-06  1.3986E-10  2.9889E-09
  8.0599E-04 -3.2714E-06  1.4308E-10  3.0578E-09
  8.1213E-04 -3.3368E-06  1.4637E-10  3.1282E-09
  8.1832E-04 -3.4034E-06  1.4974E-10  3.2002E-09
  8.2454E-04 -3.4713E-06  1.5319E-10  3.2738E-09
  8.3081E-04 -3.5406E-06  1.5671E-10  3.3491E-09
  8.3712E-04 -3.6112E-06  1.6031E-10  3.4260E-09
  8.4348E-04 -3.6832E-06  1.6399E-10  3.5047E-09
  8.4988E-04 -3.7565E-06  1.6775E-10  3.5851E-09
  8.5633E-04 -3.8313E-06  1.7160E-10  3.6673E-09
  8.6282E-04 -3.9075E-06  1.7553E-10  3.7513E-09
  8.6936E-04 -3.9852E-06  1.7955E-10  3.8372E-09
  8.7594E-04 -4.0645E-06  1.8365E-10  3.9250E-09
  8.8256E-04 -4.1452E-06  1.8785E-10  4.0147E-09
  8.8924E-04 -4.2275E-06  1.9215E-10  4.1065E-09
  8.9596E-04 -4.3114E-06  1.9654E-10  4.2003E-09
  9.0272E-04 -4.3969E-06  2.0102E-10  4.2962E-09
  9.0954E-04 -4.4841E-06  2.0561E-10  4.3942E-09
  9.1640E-04 -4.5729E-06  2.1030E-10  4.4944E-09
  9.2331E-04 -4.6635E-06  2.1509E-10  4.5968E-09
  9.3026E-04 -4.7558E-06  2.1999E-10  4.7015E-09
  9.3727E-04 -4.8499E-06  2.2500E-10  4.8085E-09
  9.4432E-04 -4.9458E-06  2.3011E-10  4.9179E-09
  9.5142E-04 -5.0436E-06  2.3534E-10  5.0297E-09
  9.5858E-04 -5.1432E-06  2.4069E-10  5.1440E-09
  9.6578E-04 -5.2448E-06  2.4616E-10  5.2608E-09
  9.7303E-04 -5.3483E-06  2.5175E-10  5.3802E-09
  9.8033E-04 -5.4538E-06  2.5746E-10  5.5022E-09
  9.8768E-04 -5.5614E-06  2.6329E-10  5.6270E-09
  9.9509E-04 -5.6710E-06  2.6926E-10  5.7545E-09
  1.0025E-03 -5.7827E-06  2.7536E-10  5.8848E-09
  1.0101E-03 -5.8966E-06  2.8159E-10  6.0180E-09
  1.0176E-03 -6.0127E-06  2.8796E-10  6.1541E-09
  1.0252E-03 -6.1310E-06  2.9447E-10  6.2933E-09
  1.0329E-03 -6.2516E-06  3.0112E-10  6.4355E-09
  1.0406E-03 -6.3745E-06  3.0793E-10  6.5808E-09
  1.0484E-03 -6.4997E-06  3.1488E-10  6.7294E-09
  1.0562E-03 -6.6274E-06  3.2198E-10  6.8812E-09
  1.0641E-03 -6.7575E-06  3.2924E-10  7.0364E-09
  1.0720E-03 -6.8902E-06  3.3666E-10  7.1950E-09
  1.0800E-03 -7.0253E-06  3.4425E-10  7.3571E-09
  1.0881E-03 -7.1631E-06  3.5200E-10  7.5228E-09
  1.0962E-03 -7.3035E-06  3.5992E-10  7.6921E-09
  1.1043E-03 -7.4466E-06  3.6802E-10  7.8651E-09
  1.1125E-03 -7.5925E-06  3.7629E-10  8.0420E-09
  1.1208E-03 -7.7412E-06  3.8475E-10  8.2227E-09
  1.1291E-03 -7.8927E-06  3.9339E-10  8.4074E-09
  1.1375E-03 -8.0471E-06  4.0222E-10  8.5962E-09
  1.1460E-03 -8.2045E-06  4.1125E-10  8.7891E-09
  1.1545E-03 -8.3648E-06  4.2048E-10  8.9862E-09
  1.1630E-03 -8.5283E-06  4.2990E-10  9.1877E-09
  1.1717E-03 -8.6949E-06  4.3954E-10  9.3936E-09
  1.1804E-03 -8.8647E-06  4.4938E-10  9.6040E-09
  1.1891E-03 -9.0377E-06  4.5944E-10  9.8190E-09
  1.1979E-03 -9.2141E-06  4.6973E-10  1.0039E-08
  1.2068E-03 -9.3938E-06  4.8023E-10  1.0263E-08
  1.2157E-03 -9.5770E-06  4.9097E-10  1.0493E-08
  1.2247E-03 -9.7637E-06  5.0194E-10  1.0727E-08
  1.2337E-03 -9.9539E-06  5.1316E-10  1.0967E-08
  1.2429E-03 -1.0148E-05  5.2461E-10  1.1212E-08
  1.2520E-03 -1.0345E-05  5.3632E-10  1.1462E-08
  1.2613E-03 -1.0547E-05  5.4829E-10  1.1718E-08
  1.2706E-03 -1.0752E-05  5.6052E-10  1.1979E-08
  1.2800E-03 -1.0961E-05  5.7301E-10  1.2246E-08
  1.2894E-03 -1.1174E-05  5.8578E-10  1.2519E-08
  1.2989E-03 -1.1392E-05  5.9883E-10  1.2798E-08
  1.3085E-03 -1.1613E-05  6.1216E-10  1.3083E-08
  1.3181E-03 -1.1839E-05  6.2578E-10  1.3374E-08
  1.3278E-03 -1.2068E-05  6.3970E-10  1.3671E-08
  1.3376E-03 -1.2303E-05  6.5392E-10  1.3975E-08
  1.3474E-03 -1.2542E-05  6.6846E-10  1.4286E-08
  1.3573E-03 -1.2785E-05  6.8331E-10  1.4603E-08
  1.3673E-03 -1.3033E-05  6.9849E-10  1.4928E-08
  1.3773E-03 -1.3286E-05  7.1399E-10  1.5259E-08
  1.3874E-03 -1.3543E-05  7.2984E-10  1.5598E-08
  1.3976E-03 -1.3806E-05  7.4603E-10  1.5944E-08
  1.4079E-03 -1.4073E-05  7.6257E-10  1.6297E-08
  1.4182E-03 -1.4346E-05  7.7947E-10  1.6659E-08
  1.4286E-03 -1.4623E-05  7.9675E-10  1.7028E-08
  1.4391E-03 -1.4906E-05  8.1439E-10  1.7405E-08
  1.4496E-03 -1.5195E-05  8.3242E-10  1.7790E-08
  1.4602E-03 -1.5489E-05  8.5085E-10  1.8184E-08
  1.4709E-03 -1.5788E-05  8.6967E-10  1.8586E-08
  1.4817E-03 -1.6094E-05  8.8891E-10  1.8997E-08
  1.4925E-03 -1.6405E-05  9.0856E-10  1.9417E-08
  1.5034E-03 -1.6722E-05  9.2864E-10  1.9846E-08
  1.5144E-03 -1.7045E-05  9.4915E-10  2.0285E-08
  1.5255E-03 -1.7374E-05  9.7012E-10  2.0733E-08
  1.5366E-03 -1.7709E-05  9.9153E-10  2.1191E-08
  1.5479E-03 -1.8051E-05  1.0134E-09  2.1658E-08
  1.5592E-03 -1.8400E-05  1.0358E-09  2.2136E-08
  1.5706E-03 -1.8754E-05  1.0586E-09  2.2624E-08
  1.5820E-03 -1.9116E-05  1.0820E-09  2.3123E-08
  1.5935E-03 -1.9485E-05  1.1058E-09  2.3633E-08
  1.6052E-03 -1.9860E-05  1.1302E-09  2.4153E-08
  1.6169E-03 -2.0243E-05  1.1551E-09  2.4685E-08
  1.6286E-03 -2.0633E-05  1.1805E-09  2.5229E-08
  1.6405E-03 -2.1031E-05  1.2065E-09  2.5784E-08
  1.6524E-03 -2.1436E-05  1.2330E-09  2.6351E-08
  1.6645E-03 -2.1848E-05  1.2601E-09  2.6931E-08
  1.6766E-03 -2.2269E-05  1.2878E-09  2.7523E-08
  1.6888E-03 -2.2697E-05  1.3161E-09  2.8128E-08
  1.7011E-03 -2.3134E-05  1.3451E-09  2.8746E-08
  1.7134E-03 -2.3579E-05  1.3746E-09  2.9378E-08
  1.7259E-03 -2.4032E-05  1.4048E-09  3.0023E-08
  1.7384E-03 -2.4494E-05  1.4356E-09  3.0682E-08
  1.7510E-03 -2.4965E-05  1.4671E-09  3.1355E-08
  1.7638E-03 -2.5445E-05  1.4993E-09  3.2043E-08
  1.7766E-03 -2.5934E-05  1.5322E-09  3.2746E-08
  1.7894E-03 -2.6432E-05  1.5658E-09  3.3464E-08
  1.8024E-03 -2.6939E-05  1.6001E-09  3.4197E-08
  1.8155E-03 -2.7457E-05  1.6352E-09  3.4947E-08
  1.8287E-03 -2.7984E-05  1.6710E-09  3.5712E-08
  1.8419E-03 -2.8521E-05  1.7076E-09  3.6494E-08
  1.8553E-03 -2.9068E-05  1.7450E-09  3.7293E-08
  1.8687E-03 -2.9625E-05  1.7832E-09  3.8109E-08
  1.8822E-03 -3.0193E-05  1.8222E-09  3.8943E-08
  1.8958E-03 -3.0772E-05  1.8621E-09  3.9795E-08
  1.9096E-03 -3.1362E-05  1.9028E-09  4.0665E-08
  1.9234E-03 -3.1963E-05  1.9444E-09  4.1554E-08
  1.9373E-03 -3.2576E-05  1.9869E-09  4.2463E-08
  1.9513E-03 -3.3200E-05  2.0303E-09  4.3390E-08
  1.9654E-03 -3.3835E-05  2.0746E-09  4.4338E-08
  1.9796E-03 -3.4483E-05  2.1199E-09  4.5306E-08
  1.9939E-03 -3.5144E-05  2.1662E-09  4.6295E-08
  2.0083E-03 -3.5816E-05  2.2135E-09  4.7306E-08
  2.0228E-03 -3.6502E-05  2.2618E-09  4.8338E-08
  2.0374E-03 -3.7200E-05  2.3111E-09  4.9393E-08
  2.0521E-03 -3.7911E-05  2.3615E-09  5.0470E-08
  2.0669E-03 -3.8636E-05  2.4130E-09  5.1570E-08
  2.0818E-03 -3.9375E-05  2.4656E-09  5.2694E-08
  2.0969E-03 -4.0128E-05  2.5193E-09  5.3842E-08
  2.1120E-03 -4.0895E-05  2.5742E-09  5.5015E-08
  2.1272E-03 -4.1676E-05  2.6303E-09  5.6214E-08
  2.1425E-03 -4.2472E-05  2.6876E-09  5.7438E-08
  2.1580E-03 -4.3284E-05  2.7461E-09  5.8688E-08
  2.1735E-03 -4.4110E-05  2.8058E-09  5.9965E-08
  2.1892E-03 -4.4953E-05  2.8669E-09  6.1270E-08
  2.2049E-03 -4.5811E-05  2.9293E-09  6.2603E-08
  2.2208E-03 -4.6685E-05  2.9930E-09  6.3964E-08
  2.2368E-03 -4.7576E-05  3.0580E-09  6.5355E-08
  2.2529E-03 -4.8484E-05  3.1245E-09  6.6776E-08
  2.2691E-03 -4.9408E-05  3.1924E-09  6.8227E-08
  2.2854E-03 -5.0351E-05  3.2618E-09  6.9709E-08
  2.3018E-03 -5.1311E-05  3.3326E-09  7.1223E-08
  2.3183E-03 -5.2289E-05  3.4050E-09  7.2770E-08
  2.3350E-03 -5.3285E-05  3.4789E-09  7.4350E-08
  2.3518E-03 -5.4301E-05  3.5544E-09  7.5964E-08
  2.3687E-03 -5.5335E-05  3.6316E-09  7.7612E-08
  2.3857E-03 -5.6390E-05  3.7104E-09  7.9296E-08
  2.4028E-03 -5.7464E-05  3.7908E-09  8.1016E-08
  2.4200E-03 -5.8558E-05  3.8731E-09  8.2773E-08
  2.4374E-03 -5.9673E-05  3.9570E-09  8.4568E-08
  2.4549E-03 -6.0809E-05  4.0428E-09  8.6401E-08
  2.4725E-03 -6.1966E-05  4.1304E-09  8.8274E-08
  2.4902E-03 -6.3145E-05  4.2199E-09  9.0186E-08
  2.5081E-03 -6.4346E-05  4.3113E-09  9.2140E-08
  2.5261E-03 -6.5570E-05  4.4047E-09  9.4136E-08
  2.5442E-03 -6.6817E-05  4.5001E-09  9.6174E-08
  2.5624E-03 -6.8088E-05  4.5975E-09  9.8256E-08
  2.5808E-03 -6.9382E-05  4.6970E-09  1.0038E-07
  2.5992E-03 -7.0701E-05  4.7987E-09  1.0255E-07
  2.6178E-03 -7.2044E-05  4.9025E-09  1.0477E-07
  2.6366E-03 -7.3413E-05  5.0085E-09  1.0704E-07
  2.6555E-03 -7.4808E-05  5.1168E-09  1.0936E-07
  2.6745E-03 -7.6228E-05  5.2275E-09  1.1172E-07
  2.6936E-03 -7.7676E-05  5.3405E-09  1.1413E-07
  2.7129E-03 -7.9151E-05  5.4559E-09  1.1660E-07
  2.7323E-03 -8.0653E-05  5.5738E-09  1.1912E-07
  2.7518E-03 -8.2184E-05  5.6942E-09  1.2169E-07
  2.7715E-03 -8.3743E-05  5.8172E-09  1.2432E-07
  2.7913E-03 -8.5332E-05  5.9429E-09  1.2701E-07
  2.8112E-03 -8.6951E-05  6.0712E-09  1.2975E-07
  2.8313E-03 -8.8600E-05  6.2022E-09  1.3255E-07
  2.8515E-03 -9.0280E-05  6.3361E-09  1.3541E-07
  2.8719E-03 -9.1991E-05  6.4728E-09  1.3834E-07
  2.8924E-03 -9.3735E-05  6.6125E-09  1.4132E-07
  2.9131E-03 -9.5511E-05  6.7551E-09  1.4437E-07
  2.9339E-03 -9.7321E-05  6.9008E-09  1.4748E-07
  2.9548E-03 -9.9165E-05  7.0496E-09  1.5066E-07
  2.9759E-03 -1.0104E-04  7.2016E-09  1.5391E-07
  2.9971E-03 -1.0296E-04  7.3569E-09  1.5723E-07
  3.0185E-03 -1.0491E-04  7.5154E-09  1.6062E-07
  3.0400E-03 -1.0689E-04  7.6774E-09  1.6408E-07
  3.0617E-03 -1.0891E-04  7.8428E-09  1.6761E-07
  3.0835E-03 -1.1098E-04  8.0117E-09  1.7122E-07
  3.1055E-03 -1.1308E-04  8.1843E-09  1.7491E-07
  3.1276E-03 -1.1521E-04  8.3605E-09  1.7868E-07
  3.1499E-03 -1.1739E-04  8.5405E-09  1.8252E-07
  3.1724E-03 -1.1961E-04  8.7243E-09  1.8645E-07
  3.1950E-03 -1.2187E-04  8.9121E-09  1.9047E-07
  3.2177E-03 -1.2418E-04  9.1039E-09  1.9456E-07
  3.2406E-03 -1.2652E-04  9.2997E-09  1.9875E-07
  3.2637E-03 -1.2891E-04  9.4998E-09  2.0303E-07
  3.2869E-03 -1.3135E-04  9.7041E-09  2.0739E-07
  3.3103E-03 -1.3383E-04  9.9128E-09  2.1185E-07
  3.3339E-03 -1.3636E-04  1.0126E-08  2.1641E-07
  3.3576E-03 -1.3893E-04  1.0344E-08  2.2106E-07
  3.3815E-03 -1.4156E-04  1.0566E-08  2.2581E-07
  3.4055E-03 -1.4423E-04  1.0793E-08  2.3066E-07
  3.4298E-03 -1.4695E-04  1.1025E-08  2.3562E-07
  3.4542E-03 -1.4972E-04  1.1262E-08  2.4068E-07
  3.4787E-03 -1.5254E-04  1.1504E-08  2.4585E-07
  3.5034E-03 -1.5542E-04  1.1751E-08  2.5113E-07
  3.5283E-03 -1.5835E-04  1.2003E-08  2.5652E-07
  3.5534E-03 -1.6134E-04  1.2261E-08  2.6203E-07
  3.5787E-03 -1.6438E-04  1.2524E-08  2.6766E-07
  3.6041E-03 -1.6747E-04  1.2793E-08  2.7340E-07
  3.6297E-03 -1.7063E-04  1.3067E-08  2.7927E-07
  3.6555E-03 -1.7384E-04  1.3348E-08  2.8526E-07
  3.6814E-03 -1.7712E-04  1.3634E-08  2.9138E-07
  3.7076E-03 -1.8045E-04  1.3927E-08  2.9763E-07
  3.7339E-03 -1.8385E-04  1.4225E-08  3.0402E-07
  3.7604E-03 -1.8731E-04  1.4530E-08  3.1054E-07
  3.7871E-03 -1.9083E-04  1.4842E-08  3.1719E-07
  3.8139E-03 -1.9442E-04  1.5160E-08  3.2399E-07
  3.8410E-03 -1.9808E-04  1.5485E-08  3.3094E-07
  3.8682E-03 -2.0180E-04  1.5817E-08  3.3803E-07
  3.8957E-03 -2.0560E-04  1.6156E-08  3.4528E-07
  3.9233E-03 -2.0946E-04  1.6502E-08  3.5267E-07
  3.9511E-03 -2.1340E-04  1.6856E-08  3.6023E-07
  3.9791E-03 -2.1741E-04  1.7217E-08  3.6795E-07
  4.0073E-03 -2.2149E-04  1.7585E-08  3.7583E-07
  4.0357E-03 -2.2565E-04  1.7962E-08  3.8388E-07
  4.0643E-03 -2.2989E-04  1.8347E-08  3.9209E-07
  4.0932E-03 -2.3420E-04  1.8739E-08  4.0049E-07
  4.1222E-03 -2.3860E-04  1.9140E-08  4.0906E-07
  4.1514E-03 -2.4307E-04  1.9550E-08  4.1782E-07
  4.1808E-03 -2.4763E-04  1.9969E-08  4.2676E-07
  4.2104E-03 -2.5228E-04  2.0396E-08  4.3589E-07
  4.2402E-03 -2.5701E-04  2.0832E-08  4.4522E-07
  4.2702E-03 -2.6182E-04  2.1278E-08  4.5474E-07
  4.3004E-03 -2.6673E-04  2.1733E-08  4.6447E-07
  4.3309E-03 -2.7173E-04  2.2198E-08  4.7440E-07
  4.3615E-03 -2.7682E-04  2.2672E-08  4.8455E-07
  4.3924E-03 -2.8200E-04  2.3157E-08  4.9491E-07
  4.4235E-03 -2.8728E-04  2.3652E-08  5.0549E-07
  4.4548E-03 -2.9266E-04  2.4158E-08  5.1629E-07
  4.4863E-03 -2.9813E-04  2.4674E-08  5.2733E-07
  4.5180E-03 -3.0371E-04  2.5202E-08  5.3860E-07
  4.5500E-03 -3.0939E-04  2.5740E-08  5.5011E-07
  4.5822E-03 -3.1518E-04  2.6290E-08  5.6186E-07
  4.6146E-03 -3.2107E-04  2.6852E-08  5.7387E-07
  4.6472E-03 -3.2707E-04  2.7425E-08  5.8613E-07
  4.6801E-03 -3.3318E-04  2.8011E-08  5.9864E-07
  4.7131E-03 -3.3941E-04  2.8609E-08  6.1143E-07
  4.7464E-03 -3.4574E-04  2.9220E-08  6.2449E-07
  4.7800E-03 -3.5220E-04  2.9844E-08  6.3782E-07
  4.8138E-03 -3.5877E-04  3.0481E-08  6.5144E-07
  4.8478E-03 -3.6547E-04  3.1132E-08  6.6534E-07
  4.8820E-03 -3.7229E-04  3.1797E-08  6.7954E-07
  4.9165E-03 -3.7923E-04  3.2475E-08  6.9405E-07
  4.9512E-03 -3.8630E-04  3.3168E-08  7.0886E-07
  4.9862E-03 -3.9350E-04  3.3876E-08  7.2398E-07
  5.0214E-03 -4.0083E-04  3.4599E-08  7.3943E-07
  5.0569E-03 -4.0830E-04  3.5337E-08  7.5520E-07
  5.0926E-03 -4.1591E-04  3.6090E-08  7.7131E-07
  5.1285E-03 -4.2365E-04  3.6860E-08  7.8776E-07
  5.1647E-03 -4.3154E-04  3.7646E-08  8.0456E-07
  5.2012E-03 -4.3957E-04  3.8449E-08  8.2172E-07
  5.2379E-03 -4.4774E-04  3.9269E-08  8.3924E-07
  5.2749E-03 -4.5607E-04  4.0106E-08  8.5713E-07
  5.3121E-03 -4.6455E-04  4.0961E-08  8.7540E-07
  5.3496E-03 -4.7318E-04  4.1834E-08  8.9406E-07
  5.3873E-03 -4.8197E-04  4.2726E-08  9.1312E-07
  5.4253E-03 -4.9093E-04  4.3636E-08  9.3258E-07
  5.4636E-03 -5.0004E-04  4.4566E-08  9.5245E-07
  5.5021E-03 -5.0933E-04  4.5516E-08  9.7274E-07
  5.5409E-03 -5.1878E-04  4.6485E-08  9.9347E-07
  5.5800E-03 -5.2840E-04  4.7476E-08  1.0146E-06
  5.6193E-03 -5.3820E-04  4.8487E-08  1.0362E-06
  5.6589E-03 -5.4818E-04  4.9519E-08  1.0583E-06
  5.6988E-03 -5.5834E-04  5.0574E-08  1.0809E-06
  5.7390E-03 -5.6868E-04  5.1651E-08  1.1039E-06
  5.7794E-03 -5.7922E-04  5.2751E-08  1.1274E-06
  5.8201E-03 -5.8994E-04  5.3874E-08  1.1514E-06
  5.8612E-03 -6.0086E-04  5.5021E-08  1.1759E-06
  5.9024E-03 -6.1198E-04  5.6192E-08  1.2009E-06
  5.9440E-03 -6.2330E-04  5.7388E-08  1.2265E-06
  5.9859E-03 -6.3482E-04  5.8609E-08  1.2526E-06
  6.0281E-03 -6.4656E-04  5.9857E-08  1.2792E-06
  6.0705E-03 -6.5850E-04  6.1130E-08  1.3065E-06
  6.1133E-03 -6.7066E-04  6.2431E-08  1.3343E-06
  6.1563E-03 -6.8305E-04  6.3759E-08  1.3626E-06
  6.1997E-03 -6.9565E-04  6.5115E-08  1.3916E-06
  6.2433E-03 -7.0849E-04  6.6500E-08  1.4212E-06
  6.2873E-03 -7.2156E-04  6.7915E-08  1.4515E-06
  6.3315E-03 -7.3486E-04  6.9359E-08  1.4823E-06
  6.3761E-03 -7.4840E-04  7.0834E-08  1.5138E-06
  6.4210E-03 -7.6219E-04  7.2340E-08  1.5460E-06
  6.4662E-03 -7.7623E-04  7.3879E-08  1.5789E-06
  6.5117E-03 -7.9052E-04  7.5449E-08  1.6125E-06
  6.5575E-03 -8.0506E-04  7.7053E-08  1.6468E-06
  6.6036E-03 -8.1987E-04  7.8691E-08  1.6818E-06
  6.6501E-03 -8.3495E-04  8.0364E-08  1.7175E-06
  6.6969E-03 -8.5029E-04  8.2072E-08  1.7540E-06
  6.7440E-03 -8.6591E-04  8.3816E-08  1.7913E-06
  6.7914E-03 -8.8182E-04  8.5597E-08  1.8293E-06
  6.8392E-03 -8.9800E-04  8.7416E-08  1.8682E-06
  6.8873E-03 -9.1448E-04  8.9273E-08  1.9079E-06
  6.9357E-03 -9.3125E-04  9.1169E-08  1.9484E-06
  6.9845E-03 -9.4833E-04  9.3106E-08  1.9898E-06
  7.0336E-03 -9.6571E-04  9.5084E-08  2.0321E-06
  7.0830E-03 -9.8340E-04  9.7103E-08  2.0753E-06
  7.1328E-03 -1.0014E-03  9.9166E-08  2.1193E-06
  7.1830E-03 -1.0197E-03  1.0127E-07  2.1643E-06
  7.2335E-03 -1.0384E-03  1.0342E-07  2.2103E-06
  7.2843E-03 -1.0574E-03  1.0562E-07  2.2572E-06
  7.3355E-03 -1.0767E-03  1.0786E-07  2.3052E-06
  7.3871E-03 -1.0964E-03  1.1015E-07  2.3541E-06
  7.4390E-03 -1.1164E-03  1.1249E-07  2.4041E-06
  7.4912E-03 -1.1368E-03  1.1488E-07  2.4551E-06
  7.5439E-03 -1.1575E-03  1.1732E-07  2.5072E-06
  7.5969E-03 -1.1786E-03  1.1981E-07  2.5604E-06
  7.6502E-03 -1.2001E-03  1.2235E-07  2.6148E-06
  7.7040E-03 -1.2220E-03  1.2494E-07  2.6703E-06
  7.7581E-03 -1.2442E-03  1.2760E-07  2.7269E-06
  7.8126E-03 -1.2669E-03  1.3030E-07  2.7848E-06
  7.8674E-03 -1.2899E-03  1.3307E-07  2.8439E-06
  7.9227E-03 -1.3134E-03  1.3589E-07  2.9042E-06
  7.9783E-03 -1.3372E-03  1.3877E-07  2.9658E-06
  8.0343E-03 -1.3615E-03  1.4172E-07  3.0287E-06
  8.0907E-03 -1.3862E-03  1.4472E-07  3.0930E-06
  8.1475E-03 -1.4114E-03  1.4779E-07  3.1586E-06
  8.2047E-03 -1.4370E-03  1.5093E-07  3.2256E-06
  8.2623E-03 -1.4630E-03  1.5413E-07  3.2940E-06
  8.3203E-03 -1.4895E-03  1.5740E-07  3.3638E-06
  8.3787E-03 -1.5165E-03  1.6073E-07  3.4351E-06
  8.4375E-03 -1.5440E-03  1.6414E-07  3.5080E-06
  8.4967E-03 -1.5719E-03  1.6762E-07  3.5824E-06
  8.5564E-03 -1.6003E-03  1.7117E-07  3.6583E-06
  8.6164E-03 -1.6292E-03  1.7480E-07  3.7358E-06
  8.6769E-03 -1.6586E-03  1.7851E-07  3.8150E-06
  8.7377E-03 -1.6886E-03  1.8229E-07  3.8959E-06
  8.7990E-03 -1.7190E-03  1.8616E-07  3.9785E-06
  8.8608E-03 -1.7500E-03  1.9010E-07  4.0628E-06
  8.9229E-03 -1.7815E-03  1.9413E-07  4.1489E-06
  8.9855E-03 -1.8136E-03  1.9824E-07  4.2368E-06
  9.0485E-03 -1.8462E-03  2.0244E-07  4.3266E-06
  9.1120E-03 -1.8794E-03  2.0673E-07  4.4183E-06
  9.1759E-03 -1.9132E-03  2.1111E-07  4.5119E-06
  9.2403E-03 -1.9476E-03  2.1559E-07  4.6075E-06
  9.3051E-03 -1.9825E-03  2.2015E-07  4.7051E-06
  9.3703E-03 -2.0181E-03  2.2482E-07  4.8047E-06
  9.4360E-03 -2.0543E-03  2.2958E-07  4.9065E-06
  9.5022E-03 -2.0911E-03  2.3444E-07  5.0104E-06
  9.5688E-03 -2.1285E-03  2.3941E-07  5.1165E-06
  9.6359E-03 -2.1666E-03  2.4448E-07  5.2249E-06
  9.7034E-03 -2.2054E-03  2.4965E-07  5.3356E-06
  9.7714E-03 -2.2448E-03  2.5494E-07  5.4485E-06
  9.8399E-03 -2.2849E-03  2.6034E-07  5.5639E-06
  9.9089E-03 -2.3256E-03  2.6585E-07  5.6817E-06
  9.9783E-03 -2.3671E-03  2.7148E-07  5.8020E-06
  1.0048E-02 -2.4093E-03  2.7723E-07  5.9249E-06
  1.0119E-02 -2.4522E-03  2.8310E-07  6.0503E-06
  1.0190E-02 -2.4958E-03  2.8909E-07  6.1784E-06
  1.0261E-02 -2.5402E-03  2.9521E-07  6.3091E-06
  1.0333E-02 -2.5854E-03  3.0146E-07  6.4427E-06
  1.0405E-02 -2.6313E-03  3.0784E-07  6.5791E-06
  1.0478E-02 -2.6780E-03  3.1435E-07  6.7183E-06
  1.0552E-02 -2.7255E-03  3.2101E-07  6.8605E-06
  1.0625E-02 -2.7738E-03  3.2780E-07  7.0057E-06
  1.0700E-02 -2.8229E-03  3.3474E-07  7.1539E-06
  1.0775E-02 -2.8729E-03  3.4182E-07  7.3053E-06
  1.0850E-02 -2.9237E-03  3.4905E-07  7.4599E-06
  1.0926E-02 -2.9753E-03  3.5644E-07  7.6177E-06
  1.1003E-02 -3.0278E-03  3.6398E-07  7.7789E-06
  1.1080E-02 -3.0813E-03  3.7168E-07  7.9434E-06
  1.1157E-02 -3.1356E-03  3.7954E-07  8.1115E-06
  1.1236E-02 -3.1908E-03  3.8757E-07  8.2831E-06
  1.1314E-02 -3.2470E-03  3.9577E-07  8.4583E-06
  1.1393E-02 -3.3041E-03  4.0414E-07  8.6372E-06
  1.1473E-02 -3.3621E-03  4.1269E-07  8.8199E-06
  1.1554E-02 -3.4211E-03  4.2141E-07  9.0064E-06
  1.1634E-02 -3.4811E-03  4.3033E-07  9.1969E-06
  1.1716E-02 -3.5422E-03  4.3943E-07  9.3914E-06
  1.1798E-02 -3.6042E-03  4.4872E-07  9.5900E-06
  1.1881E-02 -3.6673E-03  4.5821E-07  9.7928E-06
  1.1964E-02 -3.7314E-03  4.6790E-07  9.9999E-06
  1.2047E-02 -3.7966E-03  4.7779E-07  1.0211E-05
  1.2132E-02 -3.8628E-03  4.8789E-07  1.0427E-05
  1.2217E-02 -3.9302E-03  4.9821E-07  1.0648E-05
  1.2302E-02 -3.9987E-03  5.0874E-07  1.0873E-05
  1.2388E-02 -4.0683E-03  5.1949E-07  1.1103E-05
  1.2475E-02 -4.1390E-03  5.3048E-07  1.1337E-05
  1.2562E-02 -4.2109E-03  5.4169E-07  1.1577E-05
  1.2650E-02 -4.2840E-03  5.5314E-07  1.1822E-05
  1.2739E-02 -4.3583E-03  5.6483E-07  1.2072E-05
  1.2828E-02 -4.4338E-03  5.7677E-07  1.2327E-05
  1.2917E-02 -4.5106E-03  5.8896E-07  1.2587E-05
  1.3008E-02 -4.5886E-03  6.0141E-07  1.2853E-05
  1.3099E-02 -4.6679E-03  6.1411E-07  1.3125E-05
  1.3190E-02 -4.7484E-03  6.2709E-07  1.3402E-05
  1.3283E-02 -4.8303E-03  6.4034E-07  1.3685E-05
  1.3376E-02 -4.9135E-03  6.5387E-07  1.3975E-05
  1.3469E-02 -4.9981E-03  6.6769E-07  1.4270E-05
  1.3563E-02 -5.0840E-03  6.8180E-07  1.4571E-05
  1.3658E-02 -5.1713E-03  6.9620E-07  1.4879E-05
  1.3754E-02 -5.2601E-03  7.1091E-07  1.5194E-05
  1.3850E-02 -5.3502E-03  7.2593E-07  1.5515E-05
  1.3947E-02 -5.4418E-03  7.4126E-07  1.5842E-05
  1.4044E-02 -5.5349E-03  7.5692E-07  1.6177E-05
  1.4143E-02 -5.6295E-03  7.7291E-07  1.6519E-05
  1.4241E-02 -5.7255E-03  7.8924E-07  1.6868E-05
  1.4341E-02 -5.8232E-03  8.0591E-07  1.7224E-05
  1.4441E-02 -5.9223E-03  8.2293E-07  1.7588E-05
  1.4542E-02 -6.0231E-03  8.4031E-07  1.7959E-05
  1.4644E-02 -6.1254E-03  8.5806E-07  1.8338E-05
  1.4746E-02 -6.2294E-03  8.7618E-07  1.8726E-05
  1.4849E-02 -6.3350E-03  8.9468E-07  1.9121E-05
  1.4953E-02 -6.4423E-03  9.1357E-07  1.9525E-05
  1.5058E-02 -6.5513E-03  9.3286E-07  1.9937E-05
  1.5163E-02 -6.6620E-03  9.5256E-07  2.0358E-05
  1.5269E-02 -6.7744E-03  9.7267E-07  2.0788E-05
  1.5376E-02 -6.8886E-03  9.9321E-07  2.1227E-05
  1.5483E-02 -7.0046E-03  1.0142E-06  2.1675E-05
  1.5591E-02 -7.1223E-03  1.0356E-06  2.2133E-05
  1.5700E-02 -7.2420E-03  1.0575E-06  2.2600E-05
  1.5810E-02 -7.3635E-03  1.0798E-06  2.3077E-05
  1.5921E-02 -7.4868E-03  1.1026E-06  2.3564E-05
  1.6032E-02 -7.6121E-03  1.1258E-06  2.4062E-05
  1.6144E-02 -7.7393E-03  1.1496E-06  2.4570E-05
  1.6257E-02 -7.8685E-03  1.1739E-06  2.5088E-05
  1.6370E-02 -7.9997E-03  1.1987E-06  2.5618E-05
  1.6485E-02 -8.1328E-03  1.2240E-06  2.6159E-05
  1.6600E-02 -8.2680E-03  1.2498E-06  2.6711E-05
  1.6716E-02 -8.4053E-03  1.2762E-06  2.7275E-05
  1.6832E-02 -8.5447E-03  1.3031E-06  2.7850E-05
  1.6950E-02 -8.6862E-03  1.3306E-06  2.8438E-05
  1.7068E-02 -8.8299E-03  1.3587E-06  2.9038E-05
  1.7188E-02 -8.9757E-03  1.3873E-06  2.9651E-05
  1.7308E-02 -9.1237E-03  1.4166E-06  3.0277E-05
  1.7429E-02 -9.2740E-03  1.4465E-06  3.0915E-05
  1.7550E-02 -9.4265E-03  1.4770E-06  3.1568E-05
  1.7673E-02 -9.5813E-03  1.5082E-06  3.2234E-05
  1.7796E-02 -9.7384E-03  1.5400E-06  3.2914E-05
  1.7921E-02 -9.8979E-03  1.5725E-06  3.3608E-05
  1.8046E-02 -1.0060E-02  1.6057E-06  3.4317E-05
  1.8172E-02 -1.0224E-02  1.6396E-06  3.5041E-05
  1.8299E-02 -1.0391E-02  1.6742E-06  3.5781E-05
  1.8427E-02 -1.0560E-02  1.7095E-06  3.6536E-05
  1.8555E-02 -1.0731E-02  1.7455E-06  3.7306E-05
  1.8685E-02 -1.0906E-02  1.7824E-06  3.8093E-05
  1.8815E-02 -1.1082E-02  1.8200E-06  3.8897E-05
  1.8947E-02 -1.1262E-02  1.8583E-06  3.9717E-05
  1.9079E-02 -1.1444E-02  1.8975E-06  4.0555E-05
  1.9212E-02 -1.1628E-02  1.9376E-06  4.1410E-05
  1.9346E-02 -1.1815E-02  1.9784E-06  4.2284E-05
  1.9482E-02 -1.2005E-02  2.0202E-06  4.3176E-05
  1.9618E-02 -1.2198E-02  2.0628E-06  4.4086E-05
  1.9755E-02 -1.2394E-02  2.1063E-06  4.5016E-05
  1.9892E-02 -1.2592E-02  2.1507E-06  4.5965E-05
  2.0031E-02 -1.2793E-02  2.1960E-06  4.6935E-05
  2.0171E-02 -1.2997E-02  2.2423E-06  4.7925E-05
  2.0312E-02 -1.3204E-02  2.2896E-06  4.8935E-05
  2.0454E-02 -1.3414E-02  2.3379E-06  4.9967E-05
  2.0597E-02 -1.3626E-02  2.3872E-06  5.1021E-05
  2.0740E-02 -1.3842E-02  2.4375E-06  5.2097E-05
  2.0885E-02 -1.4061E-02  2.4889E-06  5.3195E-05
  2.1031E-02 -1.4283E-02  2.5414E-06  5.4317E-05
  2.1178E-02 -1.4508E-02  2.5950E-06  5.5462E-05
  2.1325E-02 -1.4736E-02  2.6497E-06  5.6631E-05
  2.1474E-02 -1.4967E-02  2.7056E-06  5.7825E-05
  2.1624E-02 -1.5201E-02  2.7626E-06  5.9044E-05
  2.1775E-02 -1.5439E-02  2.8208E-06  6.0289E-05
  2.1927E-02 -1.5680E-02  2.8803E-06  6.1560E-05
  2.2080E-02 -1.5924E-02  2.9410E-06  6.2858E-05
  2.2234E-02 -1.6172E-02  3.0030E-06  6.4183E-05
  2.2389E-02 -1.6422E-02  3.0663E-06  6.5536E-05
  2.2546E-02 -1.6677E-02  3.1309E-06  6.6917E-05
  2.2703E-02 -1.6934E-02  3.1969E-06  6.8328E-05
  2.2861E-02 -1.7196E-02  3.2643E-06  6.9768E-05
  2.3021E-02 -1.7460E-02  3.3331E-06  7.1238E-05
  2.3181E-02 -1.7728E-02  3.4034E-06  7.2740E-05
  2.3343E-02 -1.8000E-02  3.4751E-06  7.4273E-05
  2.3506E-02 -1.8275E-02  3.5483E-06  7.5838E-05
  2.3670E-02 -1.8554E-02  3.6231E-06  7.7437E-05
  2.3835E-02 -1.8837E-02  3.6995E-06  7.9069E-05
  2.4002E-02 -1.9123E-02  3.7774E-06  8.0735E-05
  2.4169E-02 -1.9413E-02  3.8570E-06  8.2436E-05
  2.4338E-02 -1.9707E-02  3.9383E-06  8.4174E-05
  2.4507E-02 -2.0004E-02  4.0213E-06  8.5947E-05
  2.4678E-02 -2.0306E-02  4.1060E-06  8.7759E-05
  2.4851E-02 -2.0611E-02  4.1926E-06  8.9608E-05
  2.5024E-02 -2.0920E-02  4.2809E-06  9.1496E-05
  2.5198E-02 -2.1233E-02  4.3711E-06  9.3424E-05
  2.5374E-02 -2.1550E-02  4.4632E-06  9.5392E-05
  2.5551E-02 -2.1871E-02  4.5572E-06  9.7402E-05
  2.5729E-02 -2.2196E-02  4.6532E-06  9.9454E-05
  2.5909E-02 -2.2525E-02  4.7513E-06  1.0155E-04
  2.6090E-02 -2.2858E-02  4.8514E-06  1.0369E-04
  2.6272E-02 -2.3195E-02  4.9536E-06  1.0587E-04
  2.6455E-02 -2.3536E-02  5.0579E-06  1.0810E-04
  2.6639E-02 -2.3881E-02  5.1645E-06  1.1038E-04
  2.6825E-02 -2.4231E-02  5.2733E-06  1.1271E-04
  2.7012E-02 -2.4585E-02  5.3843E-06  1.1508E-04
  2.7201E-02 -2.4943E-02  5.4978E-06  1.1751E-04
  2.7390E-02 -2.5305E-02  5.6136E-06  1.1998E-04
  2.7581E-02 -2.5672E-02  5.7318E-06  1.2251E-04
  2.7774E-02 -2.6043E-02  5.8525E-06  1.2509E-04
  2.7967E-02 -2.6418E-02  5.9758E-06  1.2772E-04
  2.8162E-02 -2.6798E-02  6.1017E-06  1.3041E-04
  2.8359E-02 -2.7182E-02  6.2302E-06  1.3316E-04
  2.8557E-02 -2.7570E-02  6.3614E-06  1.3597E-04
  2.8756E-02 -2.7963E-02  6.4954E-06  1.3883E-04
  2.8956E-02 -2.8361E-02  6.6322E-06  1.4175E-04
  2.9158E-02 -2.8763E-02  6.7718E-06  1.4474E-04
  2.9361E-02 -2.9169E-02  6.9145E-06  1.4779E-04
  2.9566E-02 -2.9580E-02  7.0601E-06  1.5090E-04
  2.9772E-02 -2.9996E-02  7.2087E-06  1.5408E-04
  2.9980E-02 -3.0416E-02  7.3605E-06  1.5732E-04
  3.0189E-02 -3.0840E-02  7.5155E-06  1.6064E-04
  3.0399E-02 -3.1270E-02  7.6738E-06  1.6402E-04
  3.0611E-02 -3.1704E-02  7.8354E-06  1.6747E-04
  3.0825E-02 -3.2142E-02  8.0004E-06  1.7100E-04
  3.1040E-02 -3.2586E-02  8.1688E-06  1.7460E-04
  3.1256E-02 -3.3034E-02  8.3408E-06  1.7828E-04
  3.1474E-02 -3.3486E-02  8.5164E-06  1.8203E-04
  3.1693E-02 -3.3944E-02  8.6957E-06  1.8586E-04
  3.1914E-02 -3.4406E-02  8.8788E-06  1.8978E-04
  3.2137E-02 -3.4873E-02  9.0657E-06  1.9377E-04
  3.2361E-02 -3.5344E-02  9.2566E-06  1.9785E-04
  3.2586E-02 -3.5821E-02  9.4515E-06  2.0202E-04
  3.2814E-02 -3.6302E-02  9.6505E-06  2.0627E-04
  3.3042E-02 -3.6788E-02  9.8536E-06  2.1061E-04
  3.3273E-02 -3.7278E-02  1.0061E-05  2.1505E-04
  3.3505E-02 -3.7774E-02  1.0273E-05  2.1958E-04
  3.3738E-02 -3.8274E-02  1.0489E-05  2.2420E-04
  3.3973E-02 -3.8779E-02  1.0710E-05  2.2892E-04
  3.4210E-02 -3.9289E-02  1.0935E-05  2.3374E-04
  3.4448E-02 -3.9804E-02  1.1166E-05  2.3866E-04
  3.4689E-02 -4.0323E-02  1.1401E-05  2.4368E-04
  3.4930E-02 -4.0847E-02  1.1640E-05  2.4881E-04
  3.5174E-02 -4.1376E-02  1.1885E-05  2.5405E-04
  3.5419E-02 -4.1910E-02  1.2136E-05  2.5940E-04
  3.5666E-02 -4.2448E-02  1.2391E-05  2.6486E-04
  3.5914E-02 -4.2991E-02  1.2652E-05  2.7043E-04
  3.6165E-02 -4.3539E-02  1.2918E-05  2.7612E-04
  3.6417E-02 -4.4092E-02  1.3190E-05  2.8193E-04
  3.6670E-02 -4.4649E-02  1.3468E-05  2.8787E-04
  3.6926E-02 -4.5211E-02  1.3751E-05  2.9393E-04
  3.7183E-02 -4.5777E-02  1.4040E-05  3.0011E-04
  3.7442E-02 -4.6349E-02  1.4336E-05  3.0643E-04
  3.7703E-02 -4.6924E-02  1.4638E-05  3.1288E-04
  3.7966E-02 -4.7505E-02  1.4946E-05  3.1946E-04
  3.8231E-02 -4.8090E-02  1.5260E-05  3.2619E-04
  3.8497E-02 -4.8679E-02  1.5581E-05  3.3305E-04
  3.8765E-02 -4.9274E-02  1.5909E-05  3.4006E-04
  3.9036E-02 -4.9872E-02  1.6244E-05  3.4722E-04
  3.9308E-02 -5.0475E-02  1.6586E-05  3.5452E-04
  3.9581E-02 -5.1082E-02  1.6935E-05  3.6198E-04
  3.9857E-02 -5.1694E-02  1.7291E-05  3.6960E-04
  4.0135E-02 -5.2310E-02  1.7655E-05  3.7738E-04
  4.0415E-02 -5.2930E-02  1.8026E-05  3.8532E-04
  4.0696E-02 -5.3555E-02  1.8405E-05  3.9343E-04
  4.0980E-02 -5.4183E-02  1.8793E-05  4.0170E-04
  4.1265E-02 -5.4816E-02  1.9188E-05  4.1016E-04
  4.1553E-02 -5.5453E-02  1.9592E-05  4.1879E-04
  4.1842E-02 -5.6094E-02  2.0004E-05  4.2760E-04
  4.2134E-02 -5.6739E-02  2.0425E-05  4.3660E-04
  4.2427E-02 -5.7387E-02  2.0854E-05  4.4578E-04
  4.2723E-02 -5.8040E-02  2.1293E-05  4.5516E-04
  4.3021E-02 -5.8696E-02  2.1741E-05  4.6474E-04
  4.3320E-02 -5.9356E-02  2.2198E-05  4.7451E-04
  4.3622E-02 -6.0019E-02  2.2665E-05  4.8450E-04
  4.3926E-02 -6.0686E-02  2.3142E-05  4.9469E-04
  4.4232E-02 -6.1356E-02  2.3629E-05  5.0510E-04
  4.4540E-02 -6.2030E-02  2.4126E-05  5.1572E-04
  4.4850E-02 -6.2707E-02  2.4633E-05  5.2657E-04
  4.5163E-02 -6.3387E-02  2.5151E-05  5.3765E-04
  4.5478E-02 -6.4071E-02  2.5680E-05  5.4896E-04
  4.5794E-02 -6.4757E-02  2.6220E-05  5.6050E-04
  4.6113E-02 -6.5446E-02  2.6772E-05  5.7229E-04
  4.6435E-02 -6.6138E-02  2.7335E-05  5.8433E-04
  4.6758E-02 -6.6832E-02  2.7910E-05  5.9662E-04
  4.7084E-02 -6.7530E-02  2.8497E-05  6.0917E-04
  4.7412E-02 -6.8229E-02  2.9096E-05  6.2199E-04
  4.7742E-02 -6.8931E-02  2.9708E-05  6.3507E-04
  4.8074E-02 -6.9635E-02  3.0333E-05  6.4843E-04
  4.8409E-02 -7.0342E-02  3.0970E-05  6.6206E-04
  4.8747E-02 -7.1050E-02  3.1622E-05  6.7599E-04
  4.9086E-02 -7.1760E-02  3.2287E-05  6.9021E-04
  4.9428E-02 -7.2472E-02  3.2966E-05  7.0472E-04
  4.9772E-02 -7.3185E-02  3.3659E-05  7.1954E-04
  5.0119E-02 -7.3900E-02  3.4366E-05  7.3468E-04
  5.0468E-02 -7.4616E-02  3.5089E-05  7.5013E-04
  5.0820E-02 -7.5333E-02  3.5827E-05  7.6590E-04
  5.1173E-02 -7.6051E-02  3.6580E-05  7.8201E-04
  5.1530E-02 -7.6770E-02  3.7349E-05  7.9845E-04
  5.1889E-02 -7.7489E-02  3.8134E-05  8.1524E-04
  5.2250E-02 -7.8209E-02  3.8936E-05  8.3239E-04
  5.2614E-02 -7.8929E-02  3.9755E-05  8.4989E-04
  5.2981E-02 -7.9650E-02  4.0590E-05  8.6776E-04
  5.3349E-02 -8.0370E-02  4.1444E-05  8.8601E-04
  5.3721E-02 -8.1090E-02  4.2315E-05  9.0464E-04
  5.4095E-02 -8.1810E-02  4.3205E-05  9.2366E-04
  5.4472E-02 -8.2529E-02  4.4113E-05  9.4308E-04
  5.4851E-02 -8.3247E-02  4.5040E-05  9.6291E-04
  5.5233E-02 -8.3964E-02  4.5987E-05  9.8315E-04
  5.5618E-02 -8.4681E-02  4.6953E-05  1.0038E-03
  5.6005E-02 -8.5395E-02  4.7940E-05  1.0249E-03
  5.6395E-02 -8.6108E-02  4.8948E-05  1.0465E-03
  5.6788E-02 -8.6819E-02  4.9977E-05  1.0685E-03
  5.7183E-02 -8.7528E-02  5.1027E-05  1.0909E-03
  5.7582E-02 -8.8235E-02  5.2100E-05  1.1139E-03
  5.7983E-02 -8.8940E-02  5.3195E-05  1.1373E-03
  5.8386E-02 -8.9641E-02  5.4313E-05  1.1612E-03
  5.8793E-02 -9.0340E-02  5.5454E-05  1.1856E-03
  5.9202E-02 -9.1035E-02  5.6620E-05  1.2105E-03
  5.9615E-02 -9.1727E-02  5.7810E-05  1.2360E-03
  6.0030E-02 -9.2415E-02  5.9024E-05  1.2620E-03
  6.0448E-02 -9.3099E-02  6.0265E-05  1.2885E-03
  6.0869E-02 -9.3778E-02  6.1531E-05  1.3156E-03
  6.1292E-02 -9.4454E-02  6.2824E-05  1.3432E-03
  6.1719E-02 -9.5124E-02  6.4144E-05  1.3715E-03
  6.2149E-02 -9.5790E-02  6.5492E-05  1.4003E-03
  6.2582E-02 -9.6450E-02  6.6868E-05  1.4297E-03
  6.3018E-02 -9.7104E-02  6.8273E-05  1.4598E-03
  6.3456E-02 -9.7753E-02  6.9708E-05  1.4904E-03
  6.3898E-02 -9.8395E-02  7.1172E-05  1.5218E-03
  6.4343E-02 -9.9031E-02  7.2667E-05  1.5537E-03
  6.4791E-02 -9.9660E-02  7.4194E-05  1.5864E-03
  6.5242E-02 -1.0028E-01  7.5753E-05  1.6197E-03
  6.5696E-02 -1.0090E-01  7.7344E-05  1.6538E-03
  6.6154E-02 -1.0150E-01  7.8969E-05  1.6885E-03
  6.6614E-02 -1.0210E-01  8.0628E-05  1.7240E-03
  6.7078E-02 -1.0269E-01  8.2322E-05  1.7602E-03
  6.7545E-02 -1.0327E-01  8.4051E-05  1.7972E-03
  6.8016E-02 -1.0385E-01  8.5817E-05  1.8350E-03
  6.8489E-02 -1.0441E-01  8.7619E-05  1.8736E-03
  6.8966E-02 -1.0496E-01  8.9460E-05  1.9129E-03
  6.9446E-02 -1.0551E-01  9.1339E-05  1.9531E-03
  6.9930E-02 -1.0604E-01  9.3257E-05  1.9941E-03
  7.0416E-02 -1.0656E-01  9.5216E-05  2.0360E-03
  7.0907E-02 -1.0707E-01  9.7215E-05  2.0788E-03
  7.1400E-02 -1.0757E-01  9.9257E-05  2.1225E-03
  7.1897E-02 -1.0806E-01  1.0134E-04  2.1671E-03
  7.2398E-02 -1.0854E-01  1.0347E-04  2.2126E-03
  7.2902E-02 -1.0900E-01  1.0564E-04  2.2591E-03
  7.3409E-02 -1.0945E-01  1.0786E-04  2.3066E-03
  7.3920E-02 -1.0989E-01  1.1013E-04  2.3550E-03
  7.4435E-02 -1.1032E-01  1.1244E-04  2.4045E-03
  7.4953E-02 -1.1073E-01  1.1480E-04  2.4550E-03
  7.5475E-02 -1.1112E-01  1.1721E-04  2.5066E-03
  7.6000E-02 -1.1150E-01  1.1967E-04  2.5592E-03
  7.6530E-02 -1.1187E-01  1.2218E-04  2.6130E-03
  7.7062E-02 -1.1222E-01  1.2475E-04  2.6679E-03
  7.7599E-02 -1.1255E-01  1.2737E-04  2.7239E-03
  7.8139E-02 -1.1287E-01  1.3004E-04  2.7811E-03
  7.8683E-02 -1.1317E-01  1.3277E-04  2.8395E-03
  7.9231E-02 -1.1346E-01  1.3556E-04  2.8991E-03
  7.9782E-02 -1.1373E-01  1.3840E-04  2.9600E-03
  8.0338E-02 -1.1397E-01  1.4131E-04  3.0222E-03
  8.0897E-02 -1.1421E-01  1.4428E-04  3.0857E-03
  8.1460E-02 -1.1442E-01  1.4730E-04  3.1505E-03
  8.2027E-02 -1.1461E-01  1.5040E-04  3.2166E-03
  8.2598E-02 -1.1479E-01  1.5355E-04  3.2842E-03
  8.3173E-02 -1.1494E-01  1.5678E-04  3.3531E-03
  8.3752E-02 -1.1507E-01  1.6007E-04  3.4235E-03
  8.4335E-02 -1.1519E-01  1.6342E-04  3.4954E-03
  8.4922E-02 -1.1528E-01  1.6685E-04  3.5688E-03
  8.5513E-02 -1.1535E-01  1.7036E-04  3.6437E-03
  8.6108E-02 -1.1540E-01  1.7393E-04  3.7202E-03
  8.6708E-02 -1.1543E-01  1.7758E-04  3.7983E-03
  8.7311E-02 -1.1543E-01  1.8131E-04  3.8781E-03
  8.7919E-02 -1.1541E-01  1.8511E-04  3.9595E-03
  8.8531E-02 -1.1537E-01  1.8899E-04  4.0426E-03
  8.9147E-02 -1.1531E-01  1.9296E-04  4.1275E-03
  8.9767E-02 -1.1522E-01  1.9701E-04  4.2141E-03
  9.0392E-02 -1.1510E-01  2.0114E-04  4.3026E-03
  9.1021E-02 -1.1496E-01  2.0536E-04  4.3929E-03
  9.1655E-02 -1.1480E-01  2.0967E-04  4.4851E-03
  9.2293E-02 -1.1461E-01  2.1407E-04  4.5793E-03
  9.2935E-02 -1.1439E-01  2.1856E-04  4.6754E-03
  9.3582E-02 -1.1415E-01  2.2314E-04  4.7735E-03
  9.4233E-02 -1.1388E-01  2.2782E-04  4.8737E-03
  9.4889E-02 -1.1358E-01  2.3260E-04  4.9760E-03
  9.5550E-02 -1.1326E-01  2.3748E-04  5.0804E-03
  9.6215E-02 -1.1290E-01  2.4246E-04  5.1870E-03
  9.6884E-02 -1.1252E-01  2.4754E-04  5.2958E-03
  9.7559E-02 -1.1211E-01  2.5273E-04  5.4070E-03
  9.8238E-02 -1.1167E-01  2.5803E-04  5.5204E-03
  9.8921E-02 -1.1121E-01  2.6344E-04  5.6362E-03
  9.9610E-02 -1.1071E-01  2.6897E-04  5.7545E-03
  1.0030E-01 -1.1018E-01  2.7461E-04  5.8752E-03
  1.0100E-01 -1.0962E-01  2.8036E-04  5.9985E-03
  1.0170E-01 -1.0904E-01  2.8624E-04  6.1243E-03
  1.0241E-01 -1.0842E-01  2.9224E-04  6.2528E-03
  1.0312E-01 -1.0777E-01  2.9837E-04  6.3840E-03
  1.0384E-01 -1.0709E-01  3.0462E-04  6.5179E-03
  1.0457E-01 -1.0637E-01  3.1101E-04  6.6546E-03
  1.0529E-01 -1.0563E-01  3.1752E-04  6.7942E-03
  1.0603E-01 -1.0485E-01  3.2418E-04  6.9367E-03
  1.0676E-01 -1.0404E-01  3.3097E-04  7.0822E-03
  1.0751E-01 -1.0320E-01  3.3791E-04  7.2308E-03
  1.0825E-01 -1.0232E-01  3.4499E-04  7.3824E-03
  1.0901E-01 -1.0141E-01  3.5222E-04  7.5372E-03
  1.0977E-01 -1.0047E-01  3.5960E-04  7.6953E-03
  1.1053E-01 -9.9497E-02  3.6713E-04  7.8566E-03
  1.1130E-01 -9.8488E-02  3.7482E-04  8.0214E-03
  1.1207E-01 -9.7445E-02  3.8268E-04  8.1896E-03
  1.1285E-01 -9.6368E-02  3.9069E-04  8.3613E-03
  1.1364E-01 -9.5257E-02  3.9888E-04  8.5366E-03
  1.1443E-01 -9.4112E-02  4.0723E-04  8.7155E-03
  1.1523E-01 -9.2932E-02  4.1576E-04  8.8983E-03
  1.1603E-01 -9.1717E-02  4.2447E-04  9.0848E-03
  1.1684E-01 -9.0468E-02  4.3336E-04  9.2752E-03
  1.1765E-01 -8.9184E-02  4.4244E-04  9.4697E-03
  1.1847E-01 -8.7866E-02  4.5170E-04  9.6681E-03
  1.1929E-01 -8.6513E-02  4.6116E-04  9.8708E-03
  1.2012E-01 -8.5125E-02  4.7081E-04  1.0078E-02
  1.2096E-01 -8.3702E-02  4.8067E-04  1.0289E-02
  1.2180E-01 -8.2244E-02  4.9073E-04  1.0504E-02
  1.2265E-01 -8.0751E-02  5.0101E-04  1.0725E-02
  1.2350E-01 -7.9224E-02  5.1149E-04  1.0949E-02
  1.2436E-01 -7.7662E-02  5.2220E-04  1.1179E-02
  1.2523E-01 -7.6065E-02  5.3313E-04  1.1413E-02
  1.2610E-01 -7.4434E-02  5.4429E-04  1.1652E-02
  1.2697E-01 -7.2768E-02  5.5568E-04  1.1896E-02
  1.2786E-01 -7.1068E-02  5.6731E-04  1.2145E-02
  1.2875E-01 -6.9334E-02  5.7918E-04  1.2400E-02
  1.2964E-01 -6.7566E-02  5.9129E-04  1.2659E-02
  1.3055E-01 -6.5764E-02  6.0367E-04  1.2925E-02
  1.3145E-01 -6.3928E-02  6.1629E-04  1.3195E-02
  1.3237E-01 -6.2059E-02  6.2919E-04  1.3472E-02
  1.3329E-01 -6.0157E-02  6.4235E-04  1.3754E-02
  1.3422E-01 -5.8222E-02  6.5578E-04  1.4042E-02
  1.3515E-01 -5.6255E-02  6.6950E-04  1.4336E-02
  1.3609E-01 -5.4255E-02  6.8350E-04  1.4636E-02
  1.3704E-01 -5.2223E-02  6.9779E-04  1.4942E-02
  1.3799E-01 -5.0160E-02  7.1238E-04  1.5255E-02
  1.3895E-01 -4.8066E-02  7.2727E-04  1.5574E-02
  1.3992E-01 -4.5940E-02  7.4248E-04  1.5900E-02
  1.4089E-01 -4.3785E-02  7.5800E-04  1.6233E-02
  1.4187E-01 -4.1599E-02  7.7384E-04  1.6573E-02
  1.4286E-01 -3.9384E-02  7.9002E-04  1.6920E-02
  1.4385E-01 -3.7140E-02  8.0653E-04  1.7274E-02
  1.4486E-01 -3.4867E-02  8.2338E-04  1.7635E-02
  1.4586E-01 -3.2567E-02  8.4059E-04  1.8004E-02
  1.4688E-01 -3.0239E-02  8.5815E-04  1.8381E-02
  1.4790E-01 -2.7884E-02  8.7608E-04  1.8766E-02
  1.4893E-01 -2.5503E-02  8.9438E-04  1.9158E-02
  1.4997E-01 -2.3096E-02  9.1306E-04  1.9559E-02
  1.5101E-01 -2.0664E-02  9.3213E-04  1.9968E-02
  1.5206E-01 -1.8209E-02  9.5160E-04  2.0386E-02
  1.5312E-01 -1.5729E-02  9.7147E-04  2.0812E-02
  1.5418E-01 -1.3227E-02  9.9175E-04  2.1247E-02
  1.5526E-01 -1.0702E-02  1.0125E-03  2.1691E-02
  1.5634E-01 -8.1564E-03  1.0336E-03  2.2145E-02
  1.5742E-01 -5.5900E-03  1.0552E-03  2.2608E-02
  1.5852E-01 -3.0038E-03  1.0772E-03  2.3080E-02
  1.5962E-01 -3.9871E-04  1.0997E-03  2.3563E-02
  1.6073E-01  2.2245E-03  1.1226E-03  2.4055E-02
  1.6185E-01  4.8648E-03  1.1460E-03  2.4558E-02
  1.6298E-01  7.5214E-03  1.1700E-03  2.5071E-02
  1.6411E-01  1.0193E-02  1.1944E-03  2.5595E-02
  1.6525E-01  1.2880E-02  1.2193E-03  2.6130E-02
  1.6640E-01  1.5580E-02  1.2447E-03  2.6675E-02
  1.6756E-01  1.8292E-02  1.2707E-03  2.7233E-02
  1.6873E-01  2.1015E-02  1.2972E-03  2.7801E-02
  1.6990E-01  2.3749E-02  1.3242E-03  2.8382E-02
  1.7108E-01  2.6493E-02  1.3518E-03  2.8975E-02
  1.7227E-01  2.9244E-02  1.3800E-03  2.9580E-02
  1.7347E-01  3.2003E-02  1.4088E-03  3.0197E-02
  1.7468E-01  3.4767E-02  1.4381E-03  3.0828E-02
  1.7589E-01  3.7537E-02  1.4681E-03  3.1471E-02
  1.7712E-01  4.0310E-02  1.4987E-03  3.2128E-02
  1.7835E-01  4.3086E-02  1.5299E-03  3.2798E-02
  1.7959E-01  4.5863E-02  1.5618E-03  3.3483E-02
  1.8084E-01  4.8640E-02  1.5943E-03  3.4181E-02
  1.8210E-01  5.1416E-02  1.6275E-03  3.4894E-02
  1.8337E-01  5.4189E-02  1.6614E-03  3.5622E-02
  1.8464E-01  5.6959E-02  1.6959E-03  3.6365E-02
  1.8593E-01  5.9724E-02  1.7312E-03  3.7123E-02
  1.8722E-01  6.2482E-02  1.7673E-03  3.7897E-02
  1.8852E-01  6.5233E-02  1.8041E-03  3.8688E-02
  1.8983E-01  6.7975E-02  1.8416E-03  3.9494E-02
  1.9115E-01  7.0707E-02  1.8799E-03  4.0317E-02
  1.9248E-01  7.3427E-02  1.9190E-03  4.1157E-02
  1.9382E-01  7.6134E-02  1.9589E-03  4.2015E-02
  1.9517E-01  7.8826E-02  1.9997E-03  4.2890E-02
  1.9653E-01  8.1503E-02  2.0412E-03  4.3784E-02
  1.9790E-01  8.4162E-02  2.0837E-03  4.4696E-02
  1.9927E-01  8.6803E-02  2.1270E-03  4.5627E-02
  2.0066E-01  8.9424E-02  2.1712E-03  4.6577E-02
  2.0206E-01  9.2023E-02  2.2163E-03  4.7546E-02
  2.0346E-01  9.4599E-02  2.2623E-03  4.8536E-02
  2.0488E-01  9.7151E-02  2.3093E-03  4.9546E-02
  2.0630E-01  9.9676E-02  2.3573E-03  5.0578E-02
  2.0774E-01  1.0217E-01  2.4062E-03  5.1630E-02
  2.0918E-01  1.0464E-01  2.4562E-03  5.2704E-02
  2.1064E-01  1.0708E-01  2.5072E-03  5.3800E-02
  2.1210E-01  1.0949E-01  2.5592E-03  5.4919E-02
  2.1358E-01  1.1186E-01  2.6123E-03  5.6061E-02
  2.1507E-01  1.1420E-01  2.6665E-03  5.7226E-02
  2.1656E-01  1.1651E-01  2.7218E-03  5.8416E-02
  2.1807E-01  1.1877E-01  2.7783E-03  5.9630E-02
  2.1958E-01  1.2100E-01  2.8359E-03  6.0869E-02
  2.2111E-01  1.2318E-01  2.8947E-03  6.2134E-02
  2.2265E-01  1.2532E-01  2.9546E-03  6.3424E-02
  2.2420E-01  1.2742E-01  3.0159E-03  6.4741E-02
  2.2576E-01  1.2947E-01  3.0784E-03  6.6085E-02
  2.2733E-01  1.3148E-01  3.1421E-03  6.7457E-02
  2.2891E-01  1.3344E-01  3.2072E-03  6.8857E-02
  2.3050E-01  1.3535E-01  3.2736E-03  7.0286E-02
  2.3211E-01  1.3721E-01  3.3414E-03  7.1744E-02
  2.3372E-01  1.3901E-01  3.4105E-03  7.3232E-02
  2.3535E-01  1.4076E-01  3.4811E-03  7.4751E-02
  2.3699E-01  1.4246E-01  3.5531E-03  7.6301E-02
  2.3863E-01  1.4410E-01  3.6266E-03  7.7882E-02
  2.4029E-01  1.4568E-01  3.7016E-03  7.9496E-02
  2.4197E-01  1.4720E-01  3.7781E-03  8.1143E-02
  2.4365E-01  1.4866E-01  3.8562E-03  8.2824E-02
  2.4534E-01  1.5006E-01  3.9359E-03  8.4539E-02
  2.4705E-01  1.5139E-01  4.0172E-03  8.6290E-02
  2.4877E-01  1.5266E-01  4.1002E-03  8.8076E-02
  2.5050E-01  1.5386E-01  4.1848E-03  8.9898E-02
  2.5224E-01  1.5500E-01  4.2712E-03  9.1758E-02
  2.5400E-01  1.5607E-01  4.3594E-03  9.3656E-02
  2.5576E-01  1.5706E-01  4.4493E-03  9.5592E-02
  2.5754E-01  1.5799E-01  4.5411E-03  9.7568E-02
  2.5933E-01  1.5884E-01  4.6348E-03  9.9585E-02
  2.6114E-01  1.5962E-01  4.7303E-03  1.0164E-01
  2.6296E-01  1.6033E-01  4.8278E-03  1.0374E-01
  2.6478E-01  1.6096E-01  4.9273E-03  1.0588E-01
  2.6663E-01  1.6152E-01  5.0288E-03  1.0807E-01
  2.6848E-01  1.6199E-01  5.1324E-03  1.1030E-01
  2.7035E-01  1.6239E-01  5.2380E-03  1.1257E-01
  2.7223E-01  1.6271E-01  5.3459E-03  1.1490E-01
  2.7412E-01  1.6295E-01  5.4559E-03  1.1727E-01
  2.7603E-01  1.6311E-01  5.5681E-03  1.1968E-01
  2.7795E-01  1.6319E-01  5.6826E-03  1.2215E-01
  2.7988E-01  1.6318E-01  5.7994E-03  1.2466E-01
  2.8183E-01  1.6309E-01  5.9186E-03  1.2723E-01
  2.8379E-01  1.6292E-01  6.0402E-03  1.2985E-01
  2.8577E-01  1.6266E-01  6.1643E-03  1.3252E-01
  2.8775E-01  1.6231E-01  6.2908E-03  1.3525E-01
  2.8976E-01  1.6188E-01  6.4199E-03  1.3803E-01
  2.9177E-01  1.6137E-01  6.5517E-03  1.4086E-01
  2.9380E-01  1.6077E-01  6.6860E-03  1.4376E-01
  2.9584E-01  1.6007E-01  6.8231E-03  1.4671E-01
  2.9790E-01  1.5930E-01  6.9630E-03  1.4972E-01
  2.9997E-01  1.5843E-01  7.1057E-03  1.5279E-01
  3.0206E-01  1.5747E-01  7.2512E-03  1.5593E-01
  3.0416E-01  1.5643E-01  7.3997E-03  1.5913E-01
  3.0628E-01  1.5530E-01  7.5511E-03  1.6239E-01
  3.0841E-01  1.5408E-01  7.7056E-03  1.6571E-01
  3.1055E-01  1.5277E-01  7.8632E-03  1.6911E-01
  3.1271E-01  1.5137E-01  8.0240E-03  1.7257E-01
  3.1489E-01  1.4988E-01  8.1880E-03  1.7610E-01
  3.1708E-01  1.4830E-01  8.3552E-03  1.7970E-01
  3.1929E-01  1.4663E-01  8.5258E-03  1.8337E-01
  3.2151E-01  1.4488E-01  8.6999E-03  1.8712E-01
  3.2374E-01  1.4303E-01  8.8774E-03  1.9094E-01
  3.2599E-01  1.4110E-01  9.0584E-03  1.9484E-01
  3.2826E-01  1.3908E-01  9.2431E-03  1.9881E-01
  3.3055E-01  1.3697E-01  9.4315E-03  2.0286E-01
  3.3285E-01  1.3477E-01  9.6236E-03  2.0700E-01
  3.3516E-01  1.3249E-01  9.8195E-03  2.1121E-01
  3.3749E-01  1.3012E-01  1.0019E-02  2.1551E-01
  3.3984E-01  1.2766E-01  1.0223E-02  2.1989E-01
  3.4220E-01  1.2512E-01  1.0431E-02  2.2436E-01
  3.4458E-01  1.2250E-01  1.0643E-02  2.2892E-01
  3.4698E-01  1.1979E-01  1.0859E-02  2.3357E-01
  3.4939E-01  1.1700E-01  1.1080E-02  2.3831E-01
  3.5182E-01  1.1413E-01  1.1304E-02  2.4315E-01
  3.5427E-01  1.1117E-01  1.1534E-02  2.4807E-01
  3.5674E-01  1.0814E-01  1.1768E-02  2.5310E-01
  3.5922E-01  1.0502E-01  1.2006E-02  2.5822E-01
  3.6172E-01  1.0183E-01  1.2249E-02  2.6344E-01
  3.6423E-01  9.8564E-02  1.2497E-02  2.6877E-01
  3.6677E-01  9.5220E-02  1.2750E-02  2.7420E-01
  3.6932E-01  9.1801E-02  1.3008E-02  2.7973E-01
  3.7189E-01  8.8310E-02  1.3271E-02  2.8538E-01
  3.7447E-01  8.4746E-02  1.3539E-02  2.9113E-01
  3.7708E-01  8.1112E-02  1.3812E-02  2.9699E-01
  3.7970E-01  7.7409E-02  1.4091E-02  3.0297E-01
  3.8234E-01  7.3638E-02  1.4375E-02  3.0906E-01
  3.8500E-01  6.9802E-02  1.4665E-02  3.1527E-01
  3.8768E-01  6.5901E-02  1.4960E-02  3.2160E-01
  3.9038E-01  6.1937E-02  1.5261E-02  3.2805E-01
  3.9309E-01  5.7912E-02  1.5568E-02  3.3462E-01
  3.9582E-01  5.3828E-02  1.5881E-02  3.4133E-01
  3.9858E-01  4.9687E-02  1.6200E-02  3.4815E-01
  4.0135E-01  4.5489E-02  1.6525E-02  3.5511E-01
  4.0414E-01  4.1238E-02  1.6857E-02  3.6220E-01
  4.0695E-01  3.6935E-02  1.7195E-02  3.6943E-01
  4.0978E-01  3.2582E-02  1.7539E-02  3.7679E-01
  4.1263E-01  2.8181E-02  1.7891E-02  3.8430E-01
  4.1550E-01  2.3734E-02  1.8249E-02  3.9194E-01
  4.1839E-01  1.9244E-02  1.8614E-02  3.9973E-01
  4.2130E-01  1.4711E-02  1.8985E-02  4.0766E-01
  4.2424E-01  1.0140E-02  1.9365E-02  4.1575E-01
  4.2719E-01  5.5309E-03  1.9751E-02  4.2398E-01
  4.3016E-01  8.8701E-04  2.0145E-02  4.3237E-01
  4.3315E-01 -3.7896E-03  2.0546E-02  4.4091E-01
  4.3616E-01 -8.4965E-03  2.0955E-02  4.4962E-01
  4.3920E-01 -1.3232E-02  2.1372E-02  4.5848E-01
  4.4225E-01 -1.7992E-02  2.1797E-02  4.6751E-01
  4.4533E-01 -2.2776E-02  2.2230E-02  4.7670E-01
  4.4842E-01 -2.7581E-02  2.2671E-02  4.8607E-01
  4.5154E-01 -3.2403E-02  2.3121E-02  4.9560E-01
  4.5468E-01 -3.7242E-02  2.3579E-02  5.0531E-01
  4.5785E-01 -4.2094E-02  2.4046E-02  5.1520E-01
  4.6103E-01 -4.6956E-02  2.4522E-02  5.2526E-01
  4.6424E-01 -5.1827E-02  2.5006E-02  5.3551E-01
  4.6747E-01 -5.6703E-02  2.5500E-02  5.4595E-01
  4.7072E-01 -6.1582E-02  2.6003E-02  5.5657E-01
  4.7399E-01 -6.6462E-02  2.6516E-02  5.6738E-01
  4.7729E-01 -7.1338E-02  2.7038E-02  5.7838E-01
  4.8061E-01 -7.6210E-02  2.7570E-02  5.8958E-01
  4.8395E-01 -8.1074E-02  2.8112E-02  6.0098E-01
  4.8732E-01 -8.5928E-02  2.8664E-02  6.1258E-01
  4.9071E-01 -9.0768E-02  2.9226E-02  6.2438E-01
  4.9412E-01 -9.5592E-02  2.9799E-02  6.3640E-01
  4.9756E-01 -1.0040E-01  3.0383E-02  6.4862E-01
  5.0102E-01 -1.0518E-01  3.0977E-02  6.6105E-01
  5.0450E-01 -1.0994E-01  3.1583E-02  6.7370E-01
  5.0801E-01 -1.1468E-01  3.2199E-02  6.8657E-01
  5.1155E-01 -1.1938E-01  3.2827E-02  6.9965E-01
  5.1510E-01 -1.2405E-01  3.3467E-02  7.1296E-01
  5.1869E-01 -1.2869E-01  3.4118E-02  7.2650E-01
  5.2229E-01 -1.3329E-01  3.4781E-02  7.4027E-01
  5.2593E-01 -1.3785E-01  3.5456E-02  7.5427E-01
  5.2958E-01 -1.4236E-01  3.6144E-02  7.6850E-01
  5.3327E-01 -1.4683E-01  3.6844E-02  7.8297E-01
  5.3698E-01 -1.5125E-01  3.7557E-02  7.9768E-01
  5.4071E-01 -1.5562E-01  3.8283E-02  8.1263E-01
  5.4447E-01 -1.5993E-01  3.9022E-02  8.2783E-01
  5.4826E-01 -1.6419E-01  3.9774E-02  8.4328E-01
  5.5207E-01 -1.6839E-01  4.0540E-02  8.5897E-01
  5.5591E-01 -1.7253E-01  4.1320E-02  8.7492E-01
  5.5978E-01 -1.7660E-01  4.2114E-02  8.9113E-01
  5.6367E-01 -1.8060E-01  4.2922E-02  9.0759E-01
  5.6759E-01 -1.8454E-01  4.3744E-02  9.2431E-01
  5.7154E-01 -1.8840E-01  4.4581E-02  9.4129E-01
  5.7552E-01 -1.9219E-01  4.5433E-02  9.5854E-01
  5.7952E-01 -1.9590E-01  4.6300E-02  9.7605E-01
  5.8355E-01 -1.9953E-01  4.7182E-02  9.9384E-01
  5.8761E-01 -2.0307E-01  4.8080E-02  1.0119E+00
  5.9170E-01 -2.0654E-01  4.8993E-02  1.0302E+00
  5.9581E-01 -2.0991E-01  4.9923E-02  1.0488E+00
  5.9996E-01 -2.1320E-01  5.0868E-02  1.0677E+00
  6.0413E-01 -2.1639E-01  5.1831E-02  1.0868E+00
  6.0833E-01 -2.1949E-01  5.2810E-02  1.1063E+00
  6.1256E-01 -2.2250E-01  5.3806E-02  1.1260E+00
  6.1682E-01 -2.2540E-01  5.4819E-02  1.1460E+00
  6.2111E-01 -2.2820E-01  5.5849E-02  1.1663E+00
  6.2543E-01 -2.3091E-01  5.6898E-02  1.1868E+00
  6.2978E-01 -2.3350E-01  5.7964E-02  1.2077E+00
  6.3416E-01 -2.3599E-01  5.9048E-02  1.2288E+00
  6.3857E-01 -2.3837E-01  6.0151E-02  1.2502E+00
  6.4301E-01 -2.4064E-01  6.1273E-02  1.2719E+00
  6.4749E-01 -2.4280E-01  6.2413E-02  1.2939E+00
  6.5199E-01 -2.4484E-01  6.3573E-02  1.3162E+00
  6.5653E-01 -2.4677E-01  6.4752E-02  1.3387E+00
  6.6109E-01 -2.4857E-01  6.5951E-02  1.3616E+00
  6.6569E-01 -2.5026E-01  6.7170E-02  1.3847E+00
  6.7032E-01 -2.5183E-01  6.8409E-02  1.4081E+00
  6.7498E-01 -2.5327E-01  6.9668E-02  1.4318E+00
  6.7968E-01 -2.5459E-01  7.0949E-02  1.4558E+00
  6.8440E-01 -2.5579E-01  7.2250E-02  1.4801E+00
  6.8916E-01 -2.5685E-01  7.3572E-02  1.5046E+00
  6.9396E-01 -2.5779E-01  7.4916E-02  1.5295E+00
  6.9878E-01 -2.5860E-01  7.6282E-02  1.5546E+00
  7.0364E-01 -2.5928E-01  7.7670E-02  1.5799E+00
  7.0854E-01 -2.5983E-01  7.9080E-02  1.6056E+00
  7.1347E-01 -2.6025E-01  8.0512E-02  1.6315E+00
  7.1843E-01 -2.6053E-01  8.1968E-02  1.6577E+00
  7.2342E-01 -2.6068E-01  8.3446E-02  1.6841E+00
  7.2846E-01 -2.6069E-01  8.4948E-02  1.7108E+00
  7.3352E-01 -2.6057E-01  8.6473E-02  1.7377E+00
  7.3862E-01 -2.6031E-01  8.8022E-02  1.7649E+00
  7.4376E-01 -2.5991E-01  8.9596E-02  1.7923E+00
  7.4893E-01 -2.5938E-01  9.1193E-02  1.8200E+00
  7.5414E-01 -2.5871E-01  9.2815E-02  1.8479E+00
  7.5939E-01 -2.5790E-01  9.4462E-02  1.8760E+00
  7.6467E-01 -2.5695E-01  9.6134E-02  1.9043E+00
  7.6999E-01 -2.5587E-01  9.7832E-02  1.9328E+00
  7.7534E-01 -2.5464E-01  9.9555E-02  1.9616E+00
  7.8074E-01 -2.5328E-01  1.0130E-01  1.9905E+00
  7.8617E-01 -2.5178E-01  1.0308E-01  2.0196E+00
  7.9163E-01 -2.5014E-01  1.0488E-01  2.0489E+00
  7.9714E-01 -2.4836E-01  1.0671E-01  2.0783E+00
  8.0268E-01 -2.4644E-01  1.0856E-01  2.1079E+00
  8.0827E-01 -2.4438E-01  1.1044E-01  2.1377E+00
  8.1389E-01 -2.4219E-01  1.1235E-01  2.1675E+00
  8.1955E-01 -2.3986E-01  1.1429E-01  2.1975E+00
  8.2525E-01 -2.3740E-01  1.1625E-01  2.2277E+00
  8.3099E-01 -2.3480E-01  1.1824E-01  2.2579E+00
  8.3677E-01 -2.3206E-01  1.2026E-01  2.2882E+00
  8.4259E-01 -2.2919E-01  1.2231E-01  2.3185E+00
  8.4845E-01 -2.2618E-01  1.2439E-01  2.3489E+00
  8.5435E-01 -2.2305E-01  1.2649E-01  2.3794E+00
  8.6029E-01 -2.1978E-01  1.2862E-01  2.4099E+00
  8.6627E-01 -2.1638E-01  1.3079E-01  2.4403E+00
  8.7230E-01 -2.1285E-01  1.3298E-01  2.4708E+00
  8.7837E-01 -2.0919E-01  1.3520E-01  2.5013E+00
  8.8448E-01 -2.0541E-01  1.3745E-01  2.5317E+00
  8.9063E-01 -2.0150E-01  1.3973E-01  2.5620E+00
  8.9682E-01 -1.9746E-01  1.4204E-01  2.5923E+00
  9.0306E-01 -1.9330E-01  1.4437E-01  2.6224E+00
  9.0934E-01 -1.8902E-01  1.4674E-01  2.6524E+00
  9.1566E-01 -1.8462E-01  1.4914E-01  2.6823E+00
  9.2203E-01 -1.8010E-01  1.5157E-01  2.7120E+00
  9.2844E-01 -1.7547E-01  1.5403E-01  2.7416E+00
  9.3490E-01 -1.7072E-01  1.5652E-01  2.7709E+00
  9.4140E-01 -1.6585E-01  1.5904E-01  2.7999E+00
  9.4795E-01 -1.6088E-01  1.6159E-01  2.8287E+00
  9.5454E-01 -1.5579E-01  1.6417E-01  2.8573E+00
  9.6118E-01 -1.5060E-01  1.6678E-01  2.8855E+00
  9.6787E-01 -1.4530E-01  1.6942E-01  2.9134E+00
  9.7460E-01 -1.3989E-01  1.7210E-01  2.9409E+00
  9.8138E-01 -1.3439E-01  1.7480E-01  2.9680E+00
  9.8820E-01 -1.2878E-01  1.7753E-01  2.9947E+00
  9.9508E-01 -1.2308E-01  1.8029E-01  3.0209E+00
  1.0020E+00 -1.1728E-01  1.8309E-01  3.0467E+00
  1.0090E+00 -1.1139E-01  1.8591E-01  3.0720E+00
  1.0160E+00 -1.0540E-01  1.8877E-01  3.0967E+00
  1.0230E+00 -9.9332E-02  1.9165E-01  3.1209E+00
  1.0302E+00 -9.3173E-02  1.9457E-01  3.1444E+00
  1.0373E+00 -8.6929E-02  1.9751E-01  3.1674E+00
  1.0445E+00 -8.0603E-02  2.0048E-01  3.1897E+00
  1.0518E+00 -7.4198E-02  2.0349E-01  3.2112E+00
  1.0591E+00 -6.7716E-02  2.0652E-01  3.2321E+00
  1.0665E+00 -6.1159E-02  2.0958E-01  3.2522E+00
  1.0739E+00 -5.4530E-02  2.1268E-01  3.2715E+00
  1.0814E+00 -4.7831E-02  2.1580E-01  3.2901E+00
  1.0889E+00 -4.1064E-02  2.1895E-01  3.3077E+00
  1.0965E+00 -3.4234E-02  2.2212E-01  3.3245E+00
  1.1041E+00 -2.7341E-02  2.2533E-01  3.3403E+00
  1.1118E+00 -2.0388E-02  2.2856E-01  3.3552E+00
  1.1195E+00 -1.3379E-02  2.3182E-01  3.3692E+00
  1.1273E+00 -6.3148E-03  2.3511E-01  3.3821E+00
  1.1351E+00  8.0082E-04  2.3842E-01  3.3940E+00
  1.1430E+00  7.9656E-03  2.4177E-01  3.4047E+00
  1.1510E+00  1.5177E-02  2.4513E-01  3.4144E+00
  1.1590E+00  2.2432E-02  2.4852E-01  3.4230E+00
  1.1670E+00  2.9728E-02  2.5194E-01  3.4304E+00
  1.1752E+00  3.7063E-02  2.5538E-01  3.4366E+00
  1.1833E+00  4.4434E-02  2.5885E-01  3.4415E+00
  1.1916E+00  5.1838E-02  2.6234E-01  3.4452E+00
  1.1998E+00  5.9273E-02  2.6585E-01  3.4477E+00
  1.2082E+00  6.6735E-02  2.6939E-01  3.4488E+00
  1.2166E+00  7.4223E-02  2.7294E-01  3.4486E+00
  1.2251E+00  8.1733E-02  2.7652E-01  3.4471E+00
  1.2336E+00  8.9264E-02  2.8012E-01  3.4441E+00
  1.2422E+00  9.6811E-02  2.8374E-01  3.4398E+00
  1.2508E+00  1.0437E-01  2.8738E-01  3.4341E+00
  1.2595E+00  1.1195E-01  2.9104E-01  3.4269E+00
  1.2683E+00  1.1953E-01  2.9471E-01  3.4183E+00
  1.2771E+00  1.2712E-01  2.9841E-01  3.4082E+00
  1.2860E+00  1.3472E-01  3.0212E-01  3.3966E+00
  1.2949E+00  1.4231E-01  3.0584E-01  3.3835E+00
  1.3039E+00  1.4991E-01  3.0959E-01  3.3689E+00
  1.3130E+00  1.5750E-01  3.1334E-01  3.3528E+00
  1.3221E+00  1.6508E-01  3.1711E-01  3.3352E+00
  1.3313E+00  1.7266E-01  3.2089E-01  3.3161E+00
  1.3406E+00  1.8022E-01  3.2468E-01  3.2955E+00
  1.3499E+00  1.8777E-01  3.2849E-01  3.2733E+00
  1.3593E+00  1.9531E-01  3.3230E-01  3.2496E+00
  1.3687E+00  2.0282E-01  3.3613E-01  3.2244E+00
  1.3782E+00  2.1032E-01  3.3996E-01  3.1977E+00
  1.3878E+00  2.1779E-01  3.4380E-01  3.1695E+00
  1.3975E+00  2.2523E-01  3.4764E-01  3.1398E+00
  1.4072E+00  2.3264E-01  3.5149E-01  3.1086E+00
  1.4170E+00  2.4003E-01  3.5535E-01  3.0761E+00
  1.4268E+00  2.4738E-01  3.5921E-01  3.0420E+00
  1.4368E+00  2.5469E-01  3.6307E-01  3.0066E+00
  1.4468E+00  2.6196E-01  3.6693E-01  2.9698E+00
  1.4568E+00  2.6920E-01  3.7079E-01  2.9317E+00
  1.4670E+00  2.7639E-01  3.7466E-01  2.8923E+00
  1.4772E+00  2.8354E-01  3.7852E-01  2.8515E+00
  1.4874E+00  2.9064E-01  3.8237E-01  2.8096E+00
  1.4978E+00  2.9769E-01  3.8623E-01  2.7664E+00
  1.5082E+00  3.0468E-01  3.9008E-01  2.7222E+00
  1.5187E+00  3.1163E-01  3.9392E-01  2.6768E+00
  1.5292E+00  3.1852E-01  3.9775E-01  2.6303E+00
  1.5399E+00  3.2534E-01  4.0158E-01  2.5829E+00
  1.5506E+00  3.3211E-01  4.0540E-01  2.5345E+00
  1.5614E+00  3.3882E-01  4.0921E-01  2.4852E+00
  1.5722E+00  3.4546E-01  4.1300E-01  2.4351E+00
  1.5832E+00  3.5204E-01  4.1679E-01  2.3842E+00
  1.5942E+00  3.5855E-01  4.2056E-01  2.3327E+00
  1.6053E+00  3.6499E-01  4.2431E-01  2.2805E+00
  1.6164E+00  3.7136E-01  4.2805E-01  2.2277E+00
  1.6277E+00  3.7765E-01  4.3178E-01  2.1745E+00
  1.6390E+00  3.8387E-01  4.3548E-01  2.1208E+00
  1.6504E+00  3.9002E-01  4.3917E-01  2.0668E+00
  1.6619E+00  3.9608E-01  4.4284E-01  2.0125E+00
  1.6734E+00  4.0206E-01  4.4648E-01  1.9581E+00
  1.6851E+00  4.0797E-01  4.5011E-01  1.9035E+00
  1.6968E+00  4.1379E-01  4.5371E-01  1.8489E+00
  1.7086E+00  4.1952E-01  4.5728E-01  1.7944E+00
  1.7205E+00  4.2517E-01  4.6084E-01  1.7399E+00
  1.7324E+00  4.3073E-01  4.6436E-01  1.6857E+00
  1.7445E+00  4.3621E-01  4.6786E-01  1.6317E+00
  1.7566E+00  4.4159E-01  4.7133E-01  1.5781E+00
  1.7688E+00  4.4688E-01  4.7478E-01  1.5249E+00
  1.7811E+00  4.5208E-01  4.7819E-01  1.4723E+00
  1.7935E+00  4.5719E-01  4.8157E-01  1.4202E+00
  1.8060E+00  4.6220E-01  4.8492E-01  1.3687E+00
  1.8185E+00  4.6712E-01  4.8824E-01  1.3180E+00
  1.8312E+00  4.7194E-01  4.9152E-01  1.2680E+00
  1.8439E+00  4.7666E-01  4.9477E-01  1.2188E+00
  1.8568E+00  4.8128E-01  4.9799E-01  1.1705E+00
  1.8697E+00  4.8581E-01  5.0117E-01  1.1232E+00
  1.8827E+00  4.9023E-01  5.0431E-01  1.0768E+00
  1.8958E+00  4.9456E-01  5.0741E-01  1.0314E+00
  1.9089E+00  4.9878E-01  5.1047E-01  9.8697E-01
  1.9222E+00  5.0290E-01  5.1350E-01  9.4362E-01
  1.9356E+00  5.0692E-01  5.1648E-01  9.0132E-01
  1.9491E+00  5.1083E-01  5.1942E-01  8.6007E-01
  1.9626E+00  5.1465E-01  5.2231E-01  8.1987E-01
  1.9763E+00  5.1835E-01  5.2516E-01  7.8069E-01
  1.9900E+00  5.2196E-01  5.2797E-01  7.4250E-01
  2.0038E+00  5.2546E-01  5.3073E-01  7.0526E-01
  2.0178E+00  5.2885E-01  5.3344E-01  6.6892E-01
  2.0318E+00  5.3214E-01  5.3610E-01  6.3341E-01
  2.0459E+00  5.3532E-01  5.3871E-01  5.9865E-01
  2.0602E+00  5.3840E-01  5.4127E-01  5.6455E-01
  2.0745E+00  5.4137E-01  5.4378E-01  5.3100E-01
  2.0889E+00  5.4424E-01  5.4622E-01  4.9789E-01
  2.1034E+00  5.4700E-01  5.4862E-01  4.6508E-01
  2.1181E+00  5.4966E-01  5.5095E-01  4.3243E-01
  2.1328E+00  5.5221E-01  5.5322E-01  3.9978E-01
  2.1476E+00  5.5466E-01  5.5543E-01  3.6696E-01
  2.1626E+00  5.5700E-01  5.5757E-01  3.3378E-01
  2.1776E+00  5.5924E-01  5.5964E-01  3.0007E-01
  2.1928E+00  5.6137E-01  5.6165E-01  2.6562E-01
  2.2080E+00  5.6340E-01  5.6358E-01  2.3023E-01
  2.2234E+00  5.6532E-01  5.6543E-01  1.9370E-01
  2.2388E+00  5.6715E-01  5.6720E-01  1.5582E-01
  2.2544E+00  5.6887E-01  5.6889E-01  1.1639E-01
  2.2701E+00  5.7048E-01  5.7049E-01  7.5238E-02
  2.2859E+00  5.7200E-01  5.7200E-01  3.2173E-02
  2.3018E+00  5.7341E-01  5.7341E-01 -7.3265E-03
  2.3178E+00  5.7473E-01  5.7473E-01 -9.5649E-03
  2.3339E+00  5.7594E-01  5.7594E-01 -5.5902E-03
  2.3501E+00  5.7705E-01  5.7705E-01 -3.1202E-03
  2.3665E+00  5.7807E-01  5.7807E-01 -1.4470E-03
  2.3829E+00  5.7899E-01  5.7899E-01 -4.9078E-04
  2.3995E+00  5.7981E-01  5.7981E-01 -9.9906E-05
  2.4162E+00  5.8053E-01  5.8053E-01  0.0000E+00
  2.4330E+00  5.8117E-01  5.8117E-01  0.0000E+00
  2.4499E+00  5.8170E-01  5.8170E-01  0.0000E+00
  2.4669E+00  5.8214E-01  5.8214E-01  0.0000E+00
  2.4841E+00  5.8249E-01  5.8249E-01  0.0000E+00
  2.5014E+00  5.8275E-01  5.8275E-01  0.0000E+00
  2.5188E+00  5.8292E-01  5.8292E-01  0.0000E+00
  2.5363E+00  5.8300E-01  5.8300E-01  0.0000E+00
  2.5539E+00  5.8298E-01  5.8298E-01  0.0000E+00
  2.5717E+00  5.8288E-01  5.8288E-01  0.0000E+00
  2.5896E+00  5.8270E-01  5.8270E-01  0.0000E+00
  2.6076E+00  5.8243E-01  5.8243E-01  0.0000E+00
  2.6257E+00  5.8207E-01  5.8207E-01  0.0000E+00
  2.6440E+00  5.8163E-01  5.8163E-01  0.0000E+00
  2.6624E+00  5.8111E-01  5.8111E-01  0.0000E+00
  2.6809E+00  5.8051E-01  5.8051E-01  0.0000E+00
  2.6995E+00  5.7983E-01  5.7983E-01  0.0000E+00
  2.7183E+00  5.7906E-01  5.7906E-01  0.0000E+00
  2.7372E+00  5.7822E-01  5.7822E-01  0.0000E+00
  2.7562E+00  5.7731E-01  5.7731E-01  0.0000E+00
  2.7754E+00  5.7632E-01  5.7632E-01  0.0000E+00
  2.7947E+00  5.7525E-01  5.7525E-01  0.0000E+00
  2.8142E+00  5.7411E-01  5.7411E-01  0.0000E+00
  2.8337E+00  5.7290E-01  5.7290E-01  0.0000E+00
  2.8534E+00  5.7162E-01  5.7162E-01  0.0000E+00
  2.8733E+00  5.7027E-01  5.7027E-01  0.0000E+00
  2.8933E+00  5.6884E-01  5.6884E-01  0.0000E+00
  2.9134E+00  5.6736E-01  5.6736E-01  0.0000E+00
  2.9336E+00  5.6580E-01  5.6580E-01  0.0000E+00
  2.9540E+00  5.6418E-01  5.6418E-01  0.0000E+00
  2.9746E+00  5.6250E-01  5.6250E-01  0.0000E+00
  2.9953E+00  5.6076E-01  5.6076E-01  0.0000E+00
  3.0161E+00  5.5895E-01  5.5895E-01  0.0000E+00
  3.0371E+00  5.5708E-01  5.5708E-01  0.0000E+00
  3.0582E+00  5.5515E-01  5.5515E-01  0.0000E+00
  3.0795E+00  5.5317E-01  5.5317E-01  0.0000E+00
  3.1009E+00  5.5113E-01  5.5113E-01  0.0000E+00
  3.1225E+00  5.4903E-01  5.4903E-01  0.0000E+00
  3.1442E+00  5.4688E-01  5.4688E-01  0.0000E+00
  3.1660E+00  5.4467E-01  5.4467E-01  0.0000E+00
  3.1881E+00  5.4241E-01  5.4241E-01  0.0000E+00
  3.2102E+00  5.4010E-01  5.4010E-01  0.0000E+00
  3.2325E+00  5.3773E-01  5.3773E-01  0.0000E+00
  3.2550E+00  5.3532E-01  5.3532E-01  0.0000E+00
  3.2777E+00  5.3286E-01  5.3286E-01  0.0000E+00
  3.3005E+00  5.3035E-01  5.3035E-01  0.0000E+00
  3.3234E+00  5.2779E-01  5.2779E-01  0.0000E+00
  3.3465E+00  5.2519E-01  5.2519E-01  0.0000E+00
  3.3698E+00  5.2254E-01  5.2254E-01  0.0000E+00
  3.3932E+00  5.1985E-01  5.1985E-01  0.0000E+00
  3.4168E+00  5.1711E-01  5.1711E-01  0.0000E+00
