 # l=           2 basis function with energy     2.00000000000000     
  0.0000E+00  0.0000E+00  0.0000E+00  0.0000E+00
  5.3551E-07 -1.1403E-13 -1.0641E-18 -5.8471E-19
  1.0747E-06 -6.7984E-13 -8.6017E-18 -4.7322E-18
  1.6177E-06 -1.9391E-12 -2.9335E-17 -1.6133E-17
  2.1645E-06 -4.0898E-12 -7.0264E-17 -3.8643E-17
  2.7151E-06 -7.3107E-12 -1.3868E-16 -7.6269E-17
  3.2694E-06 -1.1770E-11 -2.4215E-16 -1.3319E-16
  3.8277E-06 -1.7631E-11 -3.8858E-16 -2.1372E-16
  4.3898E-06 -2.5051E-11 -5.8615E-16 -3.2238E-16
  4.9559E-06 -3.4185E-11 -8.4338E-16 -4.6386E-16
  5.5258E-06 -4.5188E-11 -1.1691E-15 -6.4301E-16
  6.0998E-06 -5.8215E-11 -1.5726E-15 -8.6490E-16
  6.6777E-06 -7.3419E-11 -2.0632E-15 -1.1348E-15
  7.2597E-06 -9.0957E-11 -2.6510E-15 -1.4581E-15
  7.8457E-06 -1.1098E-10 -3.3462E-15 -1.8404E-15
  8.4357E-06 -1.3366E-10 -4.1594E-15 -2.2877E-15
  9.0299E-06 -1.5914E-10 -5.1017E-15 -2.8059E-15
  9.6282E-06 -1.8759E-10 -6.1845E-15 -3.4014E-15
  1.0231E-05 -2.1917E-10 -7.4196E-15 -4.0807E-15
  1.0837E-05 -2.5405E-10 -8.8193E-15 -4.8506E-15
  1.1448E-05 -2.9240E-10 -1.0396E-14 -5.7179E-15
  1.2063E-05 -3.3439E-10 -1.2164E-14 -6.6901E-15
  1.2683E-05 -3.8020E-10 -1.4135E-14 -7.7744E-15
  1.3306E-05 -4.3000E-10 -1.6325E-14 -8.9787E-15
  1.3935E-05 -4.8397E-10 -1.8747E-14 -1.0311E-14
  1.4567E-05 -5.4230E-10 -2.1418E-14 -1.1780E-14
  1.5204E-05 -6.0519E-10 -2.4351E-14 -1.3393E-14
  1.5845E-05 -6.7281E-10 -2.7564E-14 -1.5160E-14
  1.6491E-05 -7.4537E-10 -3.1073E-14 -1.7090E-14
  1.7141E-05 -8.2307E-10 -3.4895E-14 -1.9192E-14
  1.7796E-05 -9.0612E-10 -3.9049E-14 -2.1477E-14
  1.8455E-05 -9.9471E-10 -4.3551E-14 -2.3953E-14
  1.9119E-05 -1.0891E-09 -4.8422E-14 -2.6632E-14
  1.9787E-05 -1.1894E-09 -5.3681E-14 -2.9524E-14
  2.0460E-05 -1.2959E-09 -5.9348E-14 -3.2641E-14
  2.1138E-05 -1.4089E-09 -6.5443E-14 -3.5994E-14
  2.1821E-05 -1.5285E-09 -7.1989E-14 -3.9594E-14
  2.2508E-05 -1.6551E-09 -7.9008E-14 -4.3454E-14
  2.3200E-05 -1.7887E-09 -8.6522E-14 -4.7587E-14
  2.3897E-05 -1.9298E-09 -9.4555E-14 -5.2005E-14
  2.4598E-05 -2.0785E-09 -1.0313E-13 -5.6722E-14
  2.5305E-05 -2.2351E-09 -1.1228E-13 -6.1752E-14
  2.6017E-05 -2.3998E-09 -1.2202E-13 -6.7108E-14
  2.6733E-05 -2.5730E-09 -1.3238E-13 -7.2806E-14
  2.7454E-05 -2.7549E-09 -1.4338E-13 -7.8861E-14
  2.8181E-05 -2.9457E-09 -1.5507E-13 -8.5288E-14
  2.8912E-05 -3.1459E-09 -1.6746E-13 -9.2103E-14
  2.9649E-05 -3.3556E-09 -1.8059E-13 -9.9324E-14
  3.0391E-05 -3.5751E-09 -1.9448E-13 -1.0697E-13
  3.1137E-05 -3.8049E-09 -2.0918E-13 -1.1505E-13
  3.1890E-05 -4.0451E-09 -2.2470E-13 -1.2359E-13
  3.2647E-05 -4.2961E-09 -2.4110E-13 -1.3260E-13
  3.3409E-05 -4.5583E-09 -2.5839E-13 -1.4211E-13
  3.4177E-05 -4.8319E-09 -2.7662E-13 -1.5214E-13
  3.4950E-05 -5.1174E-09 -2.9582E-13 -1.6270E-13
  3.5729E-05 -5.4150E-09 -3.1603E-13 -1.7382E-13
  3.6513E-05 -5.7251E-09 -3.3729E-13 -1.8551E-13
  3.7302E-05 -6.0481E-09 -3.5965E-13 -1.9780E-13
  3.8097E-05 -6.3843E-09 -3.8313E-13 -2.1072E-13
  3.8898E-05 -6.7341E-09 -4.0779E-13 -2.2429E-13
  3.9704E-05 -7.0980E-09 -4.3367E-13 -2.3852E-13
  4.0515E-05 -7.4763E-09 -4.6082E-13 -2.5345E-13
  4.1333E-05 -7.8694E-09 -4.8927E-13 -2.6910E-13
  4.2156E-05 -8.2778E-09 -5.1908E-13 -2.8549E-13
  4.2984E-05 -8.7018E-09 -5.5030E-13 -3.0266E-13
  4.3819E-05 -9.1419E-09 -5.8297E-13 -3.2063E-13
  4.4659E-05 -9.5986E-09 -6.1715E-13 -3.3943E-13
  4.5505E-05 -1.0072E-08 -6.5290E-13 -3.5909E-13
  4.6357E-05 -1.0563E-08 -6.9026E-13 -3.7964E-13
  4.7215E-05 -1.1072E-08 -7.2930E-13 -4.0111E-13
  4.8079E-05 -1.1600E-08 -7.7007E-13 -4.2353E-13
  4.8949E-05 -1.2146E-08 -8.1262E-13 -4.4694E-13
  4.9825E-05 -1.2712E-08 -8.5704E-13 -4.7137E-13
  5.0707E-05 -1.3297E-08 -9.0336E-13 -4.9684E-13
  5.1595E-05 -1.3903E-08 -9.5166E-13 -5.2341E-13
  5.2489E-05 -1.4530E-08 -1.0020E-12 -5.5110E-13
  5.3390E-05 -1.5179E-08 -1.0545E-12 -5.7996E-13
  5.4296E-05 -1.5850E-08 -1.1091E-12 -6.1001E-13
  5.5210E-05 -1.6543E-08 -1.1660E-12 -6.4131E-13
  5.6129E-05 -1.7259E-08 -1.2253E-12 -6.7389E-13
  5.7055E-05 -1.8000E-08 -1.2869E-12 -7.0779E-13
  5.7987E-05 -1.8765E-08 -1.3510E-12 -7.4306E-13
  5.8926E-05 -1.9554E-08 -1.4177E-12 -7.7973E-13
  5.9871E-05 -2.0370E-08 -1.4870E-12 -8.1786E-13
  6.0823E-05 -2.1212E-08 -1.5591E-12 -8.5750E-13
  6.1782E-05 -2.2081E-08 -1.6340E-12 -8.9868E-13
  6.2747E-05 -2.2977E-08 -1.7118E-12 -9.4146E-13
  6.3719E-05 -2.3902E-08 -1.7925E-12 -9.8588E-13
  6.4697E-05 -2.4856E-08 -1.8764E-12 -1.0320E-12
  6.5683E-05 -2.5840E-08 -1.9635E-12 -1.0799E-12
  6.6675E-05 -2.6854E-08 -2.0538E-12 -1.1296E-12
  6.7674E-05 -2.7900E-08 -2.1475E-12 -1.1811E-12
  6.8680E-05 -2.8978E-08 -2.2447E-12 -1.2346E-12
  6.9694E-05 -3.0088E-08 -2.3455E-12 -1.2900E-12
  7.0714E-05 -3.1232E-08 -2.4501E-12 -1.3475E-12
  7.1741E-05 -3.2411E-08 -2.5584E-12 -1.4071E-12
  7.2775E-05 -3.3625E-08 -2.6707E-12 -1.4689E-12
  7.3817E-05 -3.4875E-08 -2.7870E-12 -1.5328E-12
  7.4866E-05 -3.6162E-08 -2.9075E-12 -1.5991E-12
  7.5922E-05 -3.7486E-08 -3.0323E-12 -1.6677E-12
  7.6986E-05 -3.8850E-08 -3.1615E-12 -1.7388E-12
  7.8056E-05 -4.0253E-08 -3.2953E-12 -1.8124E-12
  7.9135E-05 -4.1697E-08 -3.4337E-12 -1.8885E-12
  8.0221E-05 -4.3183E-08 -3.5770E-12 -1.9674E-12
  8.1314E-05 -4.4711E-08 -3.7253E-12 -2.0489E-12
  8.2415E-05 -4.6283E-08 -3.8787E-12 -2.1333E-12
  8.3524E-05 -4.7900E-08 -4.0373E-12 -2.2205E-12
  8.4640E-05 -4.9562E-08 -4.2014E-12 -2.3108E-12
  8.5764E-05 -5.1271E-08 -4.3710E-12 -2.4040E-12
  8.6896E-05 -5.3027E-08 -4.5464E-12 -2.5005E-12
  8.8036E-05 -5.4833E-08 -4.7277E-12 -2.6002E-12
  8.9184E-05 -5.6689E-08 -4.9150E-12 -2.7032E-12
  9.0339E-05 -5.8596E-08 -5.1086E-12 -2.8097E-12
  9.1503E-05 -6.0555E-08 -5.3085E-12 -2.9197E-12
  9.2675E-05 -6.2568E-08 -5.5151E-12 -3.0333E-12
  9.3855E-05 -6.4636E-08 -5.7285E-12 -3.1506E-12
  9.5043E-05 -6.6759E-08 -5.9488E-12 -3.2718E-12
  9.6240E-05 -6.8941E-08 -6.1763E-12 -3.3969E-12
  9.7445E-05 -7.1181E-08 -6.4112E-12 -3.5261E-12
  9.8658E-05 -7.3481E-08 -6.6536E-12 -3.6595E-12
  9.9879E-05 -7.5842E-08 -6.9039E-12 -3.7971E-12
  1.0111E-04 -7.8266E-08 -7.1621E-12 -3.9391E-12
  1.0235E-04 -8.0755E-08 -7.4286E-12 -4.0857E-12
  1.0360E-04 -8.3308E-08 -7.7035E-12 -4.2369E-12
  1.0485E-04 -8.5930E-08 -7.9871E-12 -4.3929E-12
  1.0612E-04 -8.8619E-08 -8.2796E-12 -4.5537E-12
  1.0739E-04 -9.1379E-08 -8.5813E-12 -4.7197E-12
  1.0867E-04 -9.4211E-08 -8.8924E-12 -4.8908E-12
  1.0996E-04 -9.7116E-08 -9.2131E-12 -5.0672E-12
  1.1126E-04 -1.0010E-07 -9.5438E-12 -5.2491E-12
  1.1257E-04 -1.0315E-07 -9.8847E-12 -5.4366E-12
  1.1389E-04 -1.0629E-07 -1.0236E-11 -5.6298E-12
  1.1522E-04 -1.0950E-07 -1.0598E-11 -5.8290E-12
  1.1656E-04 -1.1280E-07 -1.0971E-11 -6.0342E-12
  1.1790E-04 -1.1618E-07 -1.1356E-11 -6.2457E-12
  1.1926E-04 -1.1964E-07 -1.1752E-11 -6.4636E-12
  1.2062E-04 -1.2320E-07 -1.2160E-11 -6.6881E-12
  1.2200E-04 -1.2684E-07 -1.2581E-11 -6.9193E-12
  1.2338E-04 -1.3057E-07 -1.3014E-11 -7.1575E-12
  1.2477E-04 -1.3440E-07 -1.3460E-11 -7.4028E-12
  1.2618E-04 -1.3832E-07 -1.3919E-11 -7.6553E-12
  1.2759E-04 -1.4234E-07 -1.4392E-11 -7.9154E-12
  1.2901E-04 -1.4646E-07 -1.4879E-11 -8.1832E-12
  1.3045E-04 -1.5068E-07 -1.5380E-11 -8.4588E-12
  1.3189E-04 -1.5501E-07 -1.5896E-11 -8.7426E-12
  1.3334E-04 -1.5944E-07 -1.6427E-11 -9.0347E-12
  1.3480E-04 -1.6397E-07 -1.6973E-11 -9.3353E-12
  1.3628E-04 -1.6862E-07 -1.7536E-11 -9.6447E-12
  1.3776E-04 -1.7339E-07 -1.8115E-11 -9.9631E-12
  1.3925E-04 -1.7826E-07 -1.8710E-11 -1.0291E-11
  1.4076E-04 -1.8326E-07 -1.9323E-11 -1.0628E-11
  1.4227E-04 -1.8838E-07 -1.9954E-11 -1.0974E-11
  1.4380E-04 -1.9362E-07 -2.0602E-11 -1.1331E-11
  1.4533E-04 -1.9898E-07 -2.1269E-11 -1.1698E-11
  1.4688E-04 -2.0448E-07 -2.1955E-11 -1.2075E-11
  1.4844E-04 -2.1010E-07 -2.2661E-11 -1.2463E-11
  1.5000E-04 -2.1586E-07 -2.3387E-11 -1.2863E-11
  1.5158E-04 -2.2175E-07 -2.4133E-11 -1.3273E-11
  1.5317E-04 -2.2779E-07 -2.4900E-11 -1.3695E-11
  1.5477E-04 -2.3397E-07 -2.5689E-11 -1.4129E-11
  1.5638E-04 -2.4029E-07 -2.6500E-11 -1.4575E-11
  1.5801E-04 -2.4676E-07 -2.7334E-11 -1.5033E-11
  1.5964E-04 -2.5339E-07 -2.8190E-11 -1.5505E-11
  1.6129E-04 -2.6017E-07 -2.9071E-11 -1.5989E-11
  1.6294E-04 -2.6711E-07 -2.9977E-11 -1.6487E-11
  1.6461E-04 -2.7421E-07 -3.0907E-11 -1.6999E-11
  1.6629E-04 -2.8147E-07 -3.1863E-11 -1.7525E-11
  1.6799E-04 -2.8890E-07 -3.2846E-11 -1.8065E-11
  1.6969E-04 -2.9651E-07 -3.3855E-11 -1.8620E-11
  1.7140E-04 -3.0429E-07 -3.4893E-11 -1.9191E-11
  1.7313E-04 -3.1225E-07 -3.5958E-11 -1.9777E-11
  1.7487E-04 -3.2039E-07 -3.7053E-11 -2.0379E-11
  1.7662E-04 -3.2872E-07 -3.8178E-11 -2.0998E-11
  1.7839E-04 -3.3725E-07 -3.9333E-11 -2.1633E-11
  1.8016E-04 -3.4596E-07 -4.0519E-11 -2.2286E-11
  1.8195E-04 -3.5488E-07 -4.1738E-11 -2.2956E-11
  1.8375E-04 -3.6400E-07 -4.2990E-11 -2.3644E-11
  1.8557E-04 -3.7332E-07 -4.4275E-11 -2.4351E-11
  1.8739E-04 -3.8286E-07 -4.5595E-11 -2.5077E-11
  1.8923E-04 -3.9261E-07 -4.6950E-11 -2.5823E-11
  1.9108E-04 -4.0258E-07 -4.8342E-11 -2.6588E-11
  1.9295E-04 -4.1278E-07 -4.9771E-11 -2.7374E-11
  1.9482E-04 -4.2321E-07 -5.1238E-11 -2.8181E-11
  1.9671E-04 -4.3387E-07 -5.2744E-11 -2.9009E-11
  1.9862E-04 -4.4477E-07 -5.4290E-11 -2.9859E-11
  2.0053E-04 -4.5592E-07 -5.5877E-11 -3.0732E-11
  2.0246E-04 -4.6731E-07 -5.7506E-11 -3.1628E-11
  2.0441E-04 -4.7896E-07 -5.9178E-11 -3.2548E-11
  2.0637E-04 -4.9087E-07 -6.0894E-11 -3.3491E-11
  2.0834E-04 -5.0304E-07 -6.2655E-11 -3.4460E-11
  2.1032E-04 -5.1549E-07 -6.4463E-11 -3.5454E-11
  2.1232E-04 -5.2820E-07 -6.6318E-11 -3.6474E-11
  2.1433E-04 -5.4120E-07 -6.8221E-11 -3.7521E-11
  2.1636E-04 -5.5449E-07 -7.0174E-11 -3.8595E-11
  2.1840E-04 -5.6807E-07 -7.2178E-11 -3.9697E-11
  2.2045E-04 -5.8195E-07 -7.4234E-11 -4.0828E-11
  2.2252E-04 -5.9613E-07 -7.6343E-11 -4.1988E-11
  2.2460E-04 -6.1063E-07 -7.8507E-11 -4.3179E-11
  2.2670E-04 -6.2544E-07 -8.0727E-11 -4.4400E-11
  2.2881E-04 -6.4058E-07 -8.3005E-11 -4.5652E-11
  2.3094E-04 -6.5605E-07 -8.5341E-11 -4.6937E-11
  2.3308E-04 -6.7185E-07 -8.7737E-11 -4.8255E-11
  2.3524E-04 -6.8800E-07 -9.0195E-11 -4.9607E-11
  2.3741E-04 -7.0450E-07 -9.2716E-11 -5.0993E-11
  2.3959E-04 -7.2136E-07 -9.5301E-11 -5.2415E-11
  2.4180E-04 -7.3858E-07 -9.7953E-11 -5.3874E-11
  2.4401E-04 -7.5618E-07 -1.0067E-10 -5.5369E-11
  2.4625E-04 -7.7415E-07 -1.0346E-10 -5.6903E-11
  2.4849E-04 -7.9252E-07 -1.0632E-10 -5.8475E-11
  2.5076E-04 -8.1128E-07 -1.0925E-10 -6.0088E-11
  2.5304E-04 -8.3044E-07 -1.1226E-10 -6.1742E-11
  2.5533E-04 -8.5002E-07 -1.1534E-10 -6.3437E-11
  2.5764E-04 -8.7002E-07 -1.1850E-10 -6.5175E-11
  2.5997E-04 -8.9044E-07 -1.2174E-10 -6.6957E-11
  2.6231E-04 -9.1130E-07 -1.2506E-10 -6.8784E-11
  2.6467E-04 -9.3261E-07 -1.2847E-10 -7.0658E-11
  2.6705E-04 -9.5438E-07 -1.3196E-10 -7.2578E-11
  2.6944E-04 -9.7660E-07 -1.3554E-10 -7.4546E-11
  2.7185E-04 -9.9931E-07 -1.3921E-10 -7.6564E-11
  2.7428E-04 -1.0225E-06 -1.4297E-10 -7.8632E-11
  2.7672E-04 -1.0462E-06 -1.4682E-10 -8.0752E-11
  2.7918E-04 -1.0703E-06 -1.5077E-10 -8.2924E-11
  2.8166E-04 -1.0950E-06 -1.5482E-10 -8.5151E-11
  2.8415E-04 -1.1203E-06 -1.5897E-10 -8.7434E-11
  2.8666E-04 -1.1460E-06 -1.6322E-10 -8.9773E-11
  2.8919E-04 -1.1723E-06 -1.6758E-10 -9.2170E-11
  2.9174E-04 -1.1991E-06 -1.7205E-10 -9.4626E-11
  2.9430E-04 -1.2265E-06 -1.7663E-10 -9.7144E-11
  2.9689E-04 -1.2545E-06 -1.8132E-10 -9.9723E-11
  2.9949E-04 -1.2831E-06 -1.8612E-10 -1.0237E-10
  3.0210E-04 -1.3123E-06 -1.9105E-10 -1.0507E-10
  3.0474E-04 -1.3421E-06 -1.9609E-10 -1.0785E-10
  3.0740E-04 -1.3725E-06 -2.0126E-10 -1.1069E-10
  3.1007E-04 -1.4035E-06 -2.0656E-10 -1.1361E-10
  3.1276E-04 -1.4352E-06 -2.1198E-10 -1.1659E-10
  3.1547E-04 -1.4676E-06 -2.1754E-10 -1.1965E-10
  3.1820E-04 -1.5006E-06 -2.2324E-10 -1.2278E-10
  3.2095E-04 -1.5344E-06 -2.2907E-10 -1.2599E-10
  3.2372E-04 -1.5688E-06 -2.3505E-10 -1.2928E-10
  3.2650E-04 -1.6039E-06 -2.4117E-10 -1.3264E-10
  3.2931E-04 -1.6398E-06 -2.4745E-10 -1.3609E-10
  3.3214E-04 -1.6764E-06 -2.5387E-10 -1.3963E-10
  3.3498E-04 -1.7138E-06 -2.6045E-10 -1.4325E-10
  3.3785E-04 -1.7519E-06 -2.6719E-10 -1.4695E-10
  3.4073E-04 -1.7909E-06 -2.7409E-10 -1.5075E-10
  3.4364E-04 -1.8306E-06 -2.8117E-10 -1.5464E-10
  3.4656E-04 -1.8712E-06 -2.8841E-10 -1.5862E-10
  3.4951E-04 -1.9126E-06 -2.9582E-10 -1.6270E-10
  3.5247E-04 -1.9548E-06 -3.0342E-10 -1.6688E-10
  3.5546E-04 -1.9980E-06 -3.1120E-10 -1.7116E-10
  3.5847E-04 -2.0420E-06 -3.1916E-10 -1.7554E-10
  3.6150E-04 -2.0869E-06 -3.2732E-10 -1.8003E-10
  3.6455E-04 -2.1327E-06 -3.3568E-10 -1.8462E-10
  3.6762E-04 -2.1795E-06 -3.4423E-10 -1.8933E-10
  3.7071E-04 -2.2273E-06 -3.5299E-10 -1.9414E-10
  3.7382E-04 -2.2760E-06 -3.6196E-10 -1.9908E-10
  3.7696E-04 -2.3257E-06 -3.7114E-10 -2.0413E-10
  3.8011E-04 -2.3764E-06 -3.8055E-10 -2.0930E-10
  3.8329E-04 -2.4282E-06 -3.9017E-10 -2.1459E-10
  3.8649E-04 -2.4810E-06 -4.0003E-10 -2.2002E-10
  3.8972E-04 -2.5349E-06 -4.1012E-10 -2.2557E-10
  3.9296E-04 -2.5899E-06 -4.2046E-10 -2.3125E-10
  3.9623E-04 -2.6461E-06 -4.3103E-10 -2.3707E-10
  3.9952E-04 -2.7033E-06 -4.4186E-10 -2.4302E-10
  4.0284E-04 -2.7618E-06 -4.5295E-10 -2.4912E-10
  4.0617E-04 -2.8214E-06 -4.6430E-10 -2.5536E-10
  4.0953E-04 -2.8822E-06 -4.7592E-10 -2.6175E-10
  4.1292E-04 -2.9443E-06 -4.8781E-10 -2.6830E-10
  4.1632E-04 -3.0076E-06 -4.9999E-10 -2.7499E-10
  4.1975E-04 -3.0722E-06 -5.1245E-10 -2.8185E-10
  4.2321E-04 -3.1381E-06 -5.2521E-10 -2.8886E-10
  4.2669E-04 -3.2053E-06 -5.3827E-10 -2.9604E-10
  4.3019E-04 -3.2739E-06 -5.5163E-10 -3.0340E-10
  4.3372E-04 -3.3439E-06 -5.6531E-10 -3.1092E-10
  4.3727E-04 -3.4153E-06 -5.7932E-10 -3.1862E-10
  4.4085E-04 -3.4882E-06 -5.9365E-10 -3.2650E-10
  4.4445E-04 -3.5625E-06 -6.0831E-10 -3.3457E-10
  4.4807E-04 -3.6383E-06 -6.2333E-10 -3.4283E-10
  4.5173E-04 -3.7156E-06 -6.3869E-10 -3.5128E-10
  4.5540E-04 -3.7945E-06 -6.5441E-10 -3.5993E-10
  4.5911E-04 -3.8749E-06 -6.7051E-10 -3.6878E-10
  4.6283E-04 -3.9570E-06 -6.8697E-10 -3.7783E-10
  4.6659E-04 -4.0408E-06 -7.0383E-10 -3.8710E-10
  4.7037E-04 -4.1262E-06 -7.2107E-10 -3.9659E-10
  4.7417E-04 -4.2133E-06 -7.3872E-10 -4.0629E-10
  4.7801E-04 -4.3022E-06 -7.5678E-10 -4.1623E-10
  4.8187E-04 -4.3928E-06 -7.7526E-10 -4.2639E-10
  4.8575E-04 -4.4853E-06 -7.9417E-10 -4.3679E-10
  4.8967E-04 -4.5796E-06 -8.1352E-10 -4.4744E-10
  4.9361E-04 -4.6758E-06 -8.3332E-10 -4.5833E-10
  4.9758E-04 -4.7739E-06 -8.5358E-10 -4.6947E-10
  5.0157E-04 -4.8740E-06 -8.7431E-10 -4.8087E-10
  5.0560E-04 -4.9760E-06 -8.9553E-10 -4.9254E-10
  5.0965E-04 -5.0801E-06 -9.1723E-10 -5.0447E-10
  5.1373E-04 -5.1863E-06 -9.3943E-10 -5.1668E-10
  5.1784E-04 -5.2946E-06 -9.6215E-10 -5.2918E-10
  5.2197E-04 -5.4051E-06 -9.8539E-10 -5.4196E-10
  5.2614E-04 -5.5177E-06 -1.0092E-09 -5.5504E-10
  5.3033E-04 -5.6326E-06 -1.0335E-09 -5.6842E-10
  5.3456E-04 -5.7497E-06 -1.0584E-09 -5.8211E-10
  5.3881E-04 -5.8692E-06 -1.0839E-09 -5.9612E-10
  5.4309E-04 -5.9911E-06 -1.1099E-09 -6.1044E-10
  5.4740E-04 -6.1154E-06 -1.1366E-09 -6.2510E-10
  5.5175E-04 -6.2421E-06 -1.1638E-09 -6.4010E-10
  5.5612E-04 -6.3713E-06 -1.1917E-09 -6.5543E-10
  5.6052E-04 -6.5032E-06 -1.2202E-09 -6.7113E-10
  5.6496E-04 -6.6376E-06 -1.2494E-09 -6.8718E-10
  5.6942E-04 -6.7746E-06 -1.2793E-09 -7.0360E-10
  5.7392E-04 -6.9144E-06 -1.3098E-09 -7.2039E-10
  5.7844E-04 -7.0570E-06 -1.3411E-09 -7.3757E-10
  5.8300E-04 -7.2023E-06 -1.3730E-09 -7.5515E-10
  5.8759E-04 -7.3506E-06 -1.4057E-09 -7.7313E-10
  5.9221E-04 -7.5017E-06 -1.4391E-09 -7.9151E-10
  5.9687E-04 -7.6559E-06 -1.4733E-09 -8.1032E-10
  6.0155E-04 -7.8130E-06 -1.5083E-09 -8.2956E-10
  6.0627E-04 -7.9733E-06 -1.5441E-09 -8.4923E-10
  6.1102E-04 -8.1367E-06 -1.5807E-09 -8.6936E-10
  6.1581E-04 -8.3034E-06 -1.6181E-09 -8.8994E-10
  6.2063E-04 -8.4733E-06 -1.6564E-09 -9.1099E-10
  6.2548E-04 -8.6466E-06 -1.6955E-09 -9.3253E-10
  6.3036E-04 -8.8232E-06 -1.7356E-09 -9.5455E-10
  6.3528E-04 -9.0034E-06 -1.7765E-09 -9.7707E-10
  6.4024E-04 -9.1870E-06 -1.8184E-09 -1.0001E-09
  6.4522E-04 -9.3743E-06 -1.8612E-09 -1.0237E-09
  6.5025E-04 -9.5653E-06 -1.9050E-09 -1.0478E-09
  6.5530E-04 -9.7600E-06 -1.9498E-09 -1.0724E-09
  6.6040E-04 -9.9585E-06 -1.9956E-09 -1.0976E-09
  6.6552E-04 -1.0161E-05 -2.0425E-09 -1.1234E-09
  6.7069E-04 -1.0367E-05 -2.0904E-09 -1.1497E-09
  6.7589E-04 -1.0578E-05 -2.1394E-09 -1.1767E-09
  6.8112E-04 -1.0792E-05 -2.1895E-09 -1.2042E-09
  6.8640E-04 -1.1011E-05 -2.2407E-09 -1.2324E-09
  6.9171E-04 -1.1234E-05 -2.2931E-09 -1.2612E-09
  6.9705E-04 -1.1461E-05 -2.3467E-09 -1.2907E-09
  7.0243E-04 -1.1693E-05 -2.4015E-09 -1.3208E-09
  7.0786E-04 -1.1929E-05 -2.4575E-09 -1.3516E-09
  7.1331E-04 -1.2170E-05 -2.5148E-09 -1.3831E-09
  7.1881E-04 -1.2416E-05 -2.5734E-09 -1.4154E-09
  7.2434E-04 -1.2666E-05 -2.6333E-09 -1.4483E-09
  7.2992E-04 -1.2922E-05 -2.6946E-09 -1.4820E-09
  7.3553E-04 -1.3182E-05 -2.7572E-09 -1.5164E-09
  7.4118E-04 -1.3447E-05 -2.8212E-09 -1.5517E-09
  7.4687E-04 -1.3718E-05 -2.8867E-09 -1.5877E-09
  7.5260E-04 -1.3994E-05 -2.9536E-09 -1.6245E-09
  7.5837E-04 -1.4275E-05 -3.0221E-09 -1.6621E-09
  7.6418E-04 -1.4562E-05 -3.0921E-09 -1.7006E-09
  7.7003E-04 -1.4854E-05 -3.1636E-09 -1.7400E-09
  7.7592E-04 -1.5152E-05 -3.2368E-09 -1.7802E-09
  7.8185E-04 -1.5456E-05 -3.3116E-09 -1.8214E-09
  7.8782E-04 -1.5765E-05 -3.3881E-09 -1.8634E-09
  7.9384E-04 -1.6081E-05 -3.4662E-09 -1.9064E-09
  7.9989E-04 -1.6403E-05 -3.5462E-09 -1.9504E-09
  8.0599E-04 -1.6731E-05 -3.6279E-09 -1.9953E-09
  8.1213E-04 -1.7065E-05 -3.7115E-09 -2.0413E-09
  8.1832E-04 -1.7406E-05 -3.7969E-09 -2.0883E-09
  8.2454E-04 -1.7753E-05 -3.8842E-09 -2.1363E-09
  8.3081E-04 -1.8107E-05 -3.9735E-09 -2.1854E-09
  8.3712E-04 -1.8468E-05 -4.0648E-09 -2.2356E-09
  8.4348E-04 -1.8836E-05 -4.1581E-09 -2.2869E-09
  8.4988E-04 -1.9212E-05 -4.2535E-09 -2.3394E-09
  8.5633E-04 -1.9594E-05 -4.3510E-09 -2.3930E-09
  8.6282E-04 -1.9984E-05 -4.4507E-09 -2.4479E-09
  8.6936E-04 -2.0381E-05 -4.5526E-09 -2.5039E-09
  8.7594E-04 -2.0786E-05 -4.6568E-09 -2.5612E-09
  8.8256E-04 -2.1199E-05 -4.7633E-09 -2.6198E-09
  8.8924E-04 -2.1620E-05 -4.8721E-09 -2.6797E-09
  8.9596E-04 -2.2049E-05 -4.9834E-09 -2.7409E-09
  9.0272E-04 -2.2487E-05 -5.0972E-09 -2.8034E-09
  9.0954E-04 -2.2932E-05 -5.2135E-09 -2.8674E-09
  9.1640E-04 -2.3387E-05 -5.3323E-09 -2.9328E-09
  9.2331E-04 -2.3850E-05 -5.4538E-09 -2.9996E-09
  9.3026E-04 -2.4322E-05 -5.5780E-09 -3.0679E-09
  9.3727E-04 -2.4803E-05 -5.7050E-09 -3.1377E-09
  9.4432E-04 -2.5294E-05 -5.8348E-09 -3.2091E-09
  9.5142E-04 -2.5794E-05 -5.9674E-09 -3.2821E-09
  9.5858E-04 -2.6303E-05 -6.1030E-09 -3.3566E-09
  9.6578E-04 -2.6823E-05 -6.2416E-09 -3.4329E-09
  9.7303E-04 -2.7352E-05 -6.3833E-09 -3.5108E-09
  9.8033E-04 -2.7892E-05 -6.5281E-09 -3.5904E-09
  9.8768E-04 -2.8442E-05 -6.6761E-09 -3.6718E-09
  9.9509E-04 -2.9003E-05 -6.8273E-09 -3.7550E-09
  1.0025E-03 -2.9574E-05 -6.9820E-09 -3.8400E-09
  1.0101E-03 -3.0156E-05 -7.1400E-09 -3.9270E-09
  1.0176E-03 -3.0750E-05 -7.3015E-09 -4.0158E-09
  1.0252E-03 -3.1355E-05 -7.4666E-09 -4.1066E-09
  1.0329E-03 -3.1972E-05 -7.6353E-09 -4.1994E-09
  1.0406E-03 -3.2600E-05 -7.8078E-09 -4.2942E-09
  1.0484E-03 -3.3241E-05 -7.9840E-09 -4.3912E-09
  1.0562E-03 -3.3894E-05 -8.1642E-09 -4.4903E-09
  1.0641E-03 -3.4559E-05 -8.3483E-09 -4.5915E-09
  1.0720E-03 -3.5238E-05 -8.5365E-09 -4.6950E-09
  1.0800E-03 -3.5929E-05 -8.7288E-09 -4.8008E-09
  1.0881E-03 -3.6634E-05 -8.9253E-09 -4.9089E-09
  1.0962E-03 -3.7352E-05 -9.1262E-09 -5.0194E-09
  1.1043E-03 -3.8084E-05 -9.3315E-09 -5.1323E-09
  1.1125E-03 -3.8830E-05 -9.5413E-09 -5.2477E-09
  1.1208E-03 -3.9590E-05 -9.7558E-09 -5.3656E-09
  1.1291E-03 -4.0365E-05 -9.9749E-09 -5.4862E-09
  1.1375E-03 -4.1154E-05 -1.0199E-08 -5.6093E-09
  1.1460E-03 -4.1959E-05 -1.0428E-08 -5.7352E-09
  1.1545E-03 -4.2780E-05 -1.0662E-08 -5.8639E-09
  1.1630E-03 -4.3616E-05 -1.0901E-08 -5.9953E-09
  1.1717E-03 -4.4468E-05 -1.1145E-08 -6.1297E-09
  1.1804E-03 -4.5336E-05 -1.1395E-08 -6.2670E-09
  1.1891E-03 -4.6221E-05 -1.1650E-08 -6.4073E-09
  1.1979E-03 -4.7123E-05 -1.1910E-08 -6.5507E-09
  1.2068E-03 -4.8042E-05 -1.2177E-08 -6.6972E-09
  1.2157E-03 -4.8979E-05 -1.2449E-08 -6.8470E-09
  1.2247E-03 -4.9933E-05 -1.2727E-08 -7.0000E-09
  1.2337E-03 -5.0906E-05 -1.3012E-08 -7.1563E-09
  1.2429E-03 -5.1898E-05 -1.3302E-08 -7.3161E-09
  1.2520E-03 -5.2909E-05 -1.3599E-08 -7.4794E-09
  1.2613E-03 -5.3939E-05 -1.3902E-08 -7.6463E-09
  1.2706E-03 -5.4988E-05 -1.4213E-08 -7.8168E-09
  1.2800E-03 -5.6058E-05 -1.4529E-08 -7.9911E-09
  1.2894E-03 -5.7148E-05 -1.4853E-08 -8.1691E-09
  1.2989E-03 -5.8259E-05 -1.5184E-08 -8.3511E-09
  1.3085E-03 -5.9391E-05 -1.5522E-08 -8.5370E-09
  1.3181E-03 -6.0545E-05 -1.5867E-08 -8.7270E-09
  1.3278E-03 -6.1721E-05 -1.6220E-08 -8.9211E-09
  1.3376E-03 -6.2919E-05 -1.6581E-08 -9.1195E-09
  1.3474E-03 -6.4140E-05 -1.6950E-08 -9.3222E-09
  1.3573E-03 -6.5385E-05 -1.7326E-08 -9.5293E-09
  1.3673E-03 -6.6653E-05 -1.7711E-08 -9.7409E-09
  1.3773E-03 -6.7945E-05 -1.8104E-08 -9.9572E-09
  1.3874E-03 -6.9262E-05 -1.8506E-08 -1.0178E-08
  1.3976E-03 -7.0605E-05 -1.8916E-08 -1.0404E-08
  1.4079E-03 -7.1973E-05 -1.9336E-08 -1.0635E-08
  1.4182E-03 -7.3366E-05 -1.9764E-08 -1.0870E-08
  1.4286E-03 -7.4787E-05 -2.0202E-08 -1.1111E-08
  1.4391E-03 -7.6235E-05 -2.0650E-08 -1.1357E-08
  1.4496E-03 -7.7710E-05 -2.1107E-08 -1.1609E-08
  1.4602E-03 -7.9213E-05 -2.1574E-08 -1.1866E-08
  1.4709E-03 -8.0745E-05 -2.2052E-08 -1.2128E-08
  1.4817E-03 -8.2306E-05 -2.2539E-08 -1.2396E-08
  1.4925E-03 -8.3897E-05 -2.3038E-08 -1.2671E-08
  1.5034E-03 -8.5518E-05 -2.3547E-08 -1.2951E-08
  1.5144E-03 -8.7170E-05 -2.4067E-08 -1.3237E-08
  1.5255E-03 -8.8854E-05 -2.4598E-08 -1.3529E-08
  1.5366E-03 -9.0569E-05 -2.5141E-08 -1.3828E-08
  1.5479E-03 -9.2317E-05 -2.5696E-08 -1.4133E-08
  1.5592E-03 -9.4099E-05 -2.6263E-08 -1.4445E-08
  1.5706E-03 -9.5914E-05 -2.6842E-08 -1.4763E-08
  1.5820E-03 -9.7764E-05 -2.7434E-08 -1.5089E-08
  1.5935E-03 -9.9649E-05 -2.8039E-08 -1.5421E-08
  1.6052E-03 -1.0157E-04 -2.8656E-08 -1.5761E-08
  1.6169E-03 -1.0353E-04 -2.9288E-08 -1.6108E-08
  1.6286E-03 -1.0552E-04 -2.9932E-08 -1.6463E-08
  1.6405E-03 -1.0755E-04 -3.0591E-08 -1.6825E-08
  1.6524E-03 -1.0963E-04 -3.1264E-08 -1.7195E-08
  1.6645E-03 -1.1174E-04 -3.1952E-08 -1.7573E-08
  1.6766E-03 -1.1389E-04 -3.2654E-08 -1.7960E-08
  1.6888E-03 -1.1608E-04 -3.3372E-08 -1.8355E-08
  1.7011E-03 -1.1831E-04 -3.4105E-08 -1.8758E-08
  1.7134E-03 -1.2059E-04 -3.4855E-08 -1.9170E-08
  1.7259E-03 -1.2291E-04 -3.5620E-08 -1.9591E-08
  1.7384E-03 -1.2527E-04 -3.6402E-08 -2.0021E-08
  1.7510E-03 -1.2768E-04 -3.7201E-08 -2.0460E-08
  1.7638E-03 -1.3013E-04 -3.8017E-08 -2.0909E-08
  1.7766E-03 -1.3263E-04 -3.8851E-08 -2.1368E-08
  1.7894E-03 -1.3518E-04 -3.9703E-08 -2.1836E-08
  1.8024E-03 -1.3777E-04 -4.0573E-08 -2.2315E-08
  1.8155E-03 -1.4042E-04 -4.1462E-08 -2.2804E-08
  1.8287E-03 -1.4311E-04 -4.2370E-08 -2.3303E-08
  1.8419E-03 -1.4586E-04 -4.3298E-08 -2.3814E-08
  1.8553E-03 -1.4866E-04 -4.4246E-08 -2.4335E-08
  1.8687E-03 -1.5151E-04 -4.5214E-08 -2.4868E-08
  1.8822E-03 -1.5442E-04 -4.6204E-08 -2.5412E-08
  1.8958E-03 -1.5738E-04 -4.7214E-08 -2.5968E-08
  1.9096E-03 -1.6039E-04 -4.8247E-08 -2.6536E-08
  1.9234E-03 -1.6347E-04 -4.9302E-08 -2.7116E-08
  1.9373E-03 -1.6660E-04 -5.0379E-08 -2.7708E-08
  1.9513E-03 -1.6979E-04 -5.1480E-08 -2.8314E-08
  1.9654E-03 -1.7304E-04 -5.2604E-08 -2.8932E-08
  1.9796E-03 -1.7635E-04 -5.3753E-08 -2.9564E-08
  1.9939E-03 -1.7973E-04 -5.4927E-08 -3.0209E-08
  2.0083E-03 -1.8317E-04 -5.6125E-08 -3.0869E-08
  2.0228E-03 -1.8668E-04 -5.7350E-08 -3.1542E-08
  2.0374E-03 -1.9025E-04 -5.8601E-08 -3.2230E-08
  2.0521E-03 -1.9389E-04 -5.9879E-08 -3.2933E-08
  2.0669E-03 -1.9759E-04 -6.1185E-08 -3.3651E-08
  2.0818E-03 -2.0137E-04 -6.2518E-08 -3.4385E-08
  2.0969E-03 -2.0522E-04 -6.3881E-08 -3.5134E-08
  2.1120E-03 -2.0914E-04 -6.5272E-08 -3.5900E-08
  2.1272E-03 -2.1314E-04 -6.6694E-08 -3.6681E-08
  2.1425E-03 -2.1721E-04 -6.8146E-08 -3.7480E-08
  2.1580E-03 -2.2136E-04 -6.9630E-08 -3.8296E-08
  2.1735E-03 -2.2559E-04 -7.1145E-08 -3.9130E-08
  2.1892E-03 -2.2990E-04 -7.2693E-08 -3.9981E-08
  2.2049E-03 -2.3428E-04 -7.4274E-08 -4.0851E-08
  2.2208E-03 -2.3876E-04 -7.5890E-08 -4.1739E-08
  2.2368E-03 -2.4331E-04 -7.7540E-08 -4.2646E-08
  2.2529E-03 -2.4795E-04 -7.9225E-08 -4.3573E-08
  2.2691E-03 -2.5268E-04 -8.0947E-08 -4.4520E-08
  2.2854E-03 -2.5750E-04 -8.2705E-08 -4.5488E-08
  2.3018E-03 -2.6241E-04 -8.4502E-08 -4.6476E-08
  2.3183E-03 -2.6741E-04 -8.6337E-08 -4.7485E-08
  2.3350E-03 -2.7251E-04 -8.8211E-08 -4.8516E-08
  2.3518E-03 -2.7770E-04 -9.0126E-08 -4.9569E-08
  2.3687E-03 -2.8300E-04 -9.2082E-08 -5.0645E-08
  2.3857E-03 -2.8839E-04 -9.4080E-08 -5.1744E-08
  2.4028E-03 -2.9388E-04 -9.6121E-08 -5.2866E-08
  2.4200E-03 -2.9948E-04 -9.8205E-08 -5.4012E-08
  2.4374E-03 -3.0518E-04 -1.0033E-07 -5.5184E-08
  2.4549E-03 -3.1099E-04 -1.0251E-07 -5.6380E-08
  2.4725E-03 -3.1690E-04 -1.0473E-07 -5.7602E-08
  2.4902E-03 -3.2293E-04 -1.0700E-07 -5.8850E-08
  2.5081E-03 -3.2908E-04 -1.0932E-07 -6.0125E-08
  2.5261E-03 -3.3534E-04 -1.1169E-07 -6.1427E-08
  2.5442E-03 -3.4171E-04 -1.1410E-07 -6.2757E-08
  2.5624E-03 -3.4821E-04 -1.1657E-07 -6.4115E-08
  2.5808E-03 -3.5483E-04 -1.1910E-07 -6.5503E-08
  2.5992E-03 -3.6158E-04 -1.2167E-07 -6.6921E-08
  2.6178E-03 -3.6845E-04 -1.2431E-07 -6.8369E-08
  2.6366E-03 -3.7545E-04 -1.2700E-07 -6.9847E-08
  2.6555E-03 -3.8258E-04 -1.2974E-07 -7.1358E-08
  2.6745E-03 -3.8985E-04 -1.3255E-07 -7.2901E-08
  2.6936E-03 -3.9725E-04 -1.3541E-07 -7.4477E-08
  2.7129E-03 -4.0479E-04 -1.3834E-07 -7.6086E-08
  2.7323E-03 -4.1247E-04 -1.4133E-07 -7.7731E-08
  2.7518E-03 -4.2030E-04 -1.4438E-07 -7.9410E-08
  2.7715E-03 -4.2828E-04 -1.4750E-07 -8.1125E-08
  2.7913E-03 -4.3640E-04 -1.5069E-07 -8.2877E-08
  2.8112E-03 -4.4468E-04 -1.5394E-07 -8.4667E-08
  2.8313E-03 -4.5311E-04 -1.5726E-07 -8.6495E-08
  2.8515E-03 -4.6171E-04 -1.6066E-07 -8.8361E-08
  2.8719E-03 -4.7046E-04 -1.6412E-07 -9.0268E-08
  2.8924E-03 -4.7938E-04 -1.6767E-07 -9.2216E-08
  2.9131E-03 -4.8846E-04 -1.7128E-07 -9.4205E-08
  2.9339E-03 -4.9772E-04 -1.7498E-07 -9.6237E-08
  2.9548E-03 -5.0714E-04 -1.7875E-07 -9.8312E-08
  2.9759E-03 -5.1675E-04 -1.8260E-07 -1.0043E-07
  2.9971E-03 -5.2654E-04 -1.8654E-07 -1.0260E-07
  3.0185E-03 -5.3650E-04 -1.9056E-07 -1.0481E-07
  3.0400E-03 -5.4666E-04 -1.9467E-07 -1.0707E-07
  3.0617E-03 -5.5701E-04 -1.9886E-07 -1.0937E-07
  3.0835E-03 -5.6755E-04 -2.0314E-07 -1.1173E-07
  3.1055E-03 -5.7828E-04 -2.0752E-07 -1.1414E-07
  3.1276E-03 -5.8922E-04 -2.1199E-07 -1.1659E-07
  3.1499E-03 -6.0037E-04 -2.1655E-07 -1.1910E-07
  3.1724E-03 -6.1172E-04 -2.2121E-07 -1.2167E-07
  3.1950E-03 -6.2328E-04 -2.2597E-07 -1.2429E-07
  3.2177E-03 -6.3506E-04 -2.3084E-07 -1.2696E-07
  3.2406E-03 -6.4707E-04 -2.3580E-07 -1.2969E-07
  3.2637E-03 -6.5929E-04 -2.4088E-07 -1.3248E-07
  3.2869E-03 -6.7175E-04 -2.4606E-07 -1.3533E-07
  3.3103E-03 -6.8443E-04 -2.5135E-07 -1.3824E-07
  3.3339E-03 -6.9736E-04 -2.5675E-07 -1.4121E-07
  3.3576E-03 -7.1052E-04 -2.6227E-07 -1.4425E-07
  3.3815E-03 -7.2394E-04 -2.6791E-07 -1.4735E-07
  3.4055E-03 -7.3760E-04 -2.7367E-07 -1.5052E-07
  3.4298E-03 -7.5152E-04 -2.7955E-07 -1.5375E-07
  3.4542E-03 -7.6569E-04 -2.8555E-07 -1.5705E-07
  3.4787E-03 -7.8013E-04 -2.9168E-07 -1.6043E-07
  3.5034E-03 -7.9485E-04 -2.9795E-07 -1.6387E-07
  3.5283E-03 -8.0983E-04 -3.0435E-07 -1.6739E-07
  3.5534E-03 -8.2510E-04 -3.1088E-07 -1.7098E-07
  3.5787E-03 -8.4065E-04 -3.1755E-07 -1.7465E-07
  3.6041E-03 -8.5649E-04 -3.2437E-07 -1.7840E-07
  3.6297E-03 -8.7262E-04 -3.3133E-07 -1.8223E-07
  3.6555E-03 -8.8906E-04 -3.3844E-07 -1.8614E-07
  3.6814E-03 -9.0580E-04 -3.4570E-07 -1.9014E-07
  3.7076E-03 -9.2285E-04 -3.5312E-07 -1.9421E-07
  3.7339E-03 -9.4022E-04 -3.6069E-07 -1.9838E-07
  3.7604E-03 -9.5792E-04 -3.6843E-07 -2.0263E-07
  3.7871E-03 -9.7594E-04 -3.7633E-07 -2.0698E-07
  3.8139E-03 -9.9430E-04 -3.8439E-07 -2.1142E-07
  3.8410E-03 -1.0130E-03 -3.9263E-07 -2.1595E-07
  3.8682E-03 -1.0320E-03 -4.0105E-07 -2.2058E-07
  3.8957E-03 -1.0514E-03 -4.0964E-07 -2.2530E-07
  3.9233E-03 -1.0712E-03 -4.1842E-07 -2.3013E-07
  3.9511E-03 -1.0913E-03 -4.2738E-07 -2.3506E-07
  3.9791E-03 -1.1118E-03 -4.3654E-07 -2.4010E-07
  4.0073E-03 -1.1327E-03 -4.4589E-07 -2.4524E-07
  4.0357E-03 -1.1540E-03 -4.5544E-07 -2.5049E-07
  4.0643E-03 -1.1757E-03 -4.6519E-07 -2.5585E-07
  4.0932E-03 -1.1977E-03 -4.7515E-07 -2.6133E-07
  4.1222E-03 -1.2202E-03 -4.8532E-07 -2.6692E-07
  4.1514E-03 -1.2431E-03 -4.9571E-07 -2.7264E-07
  4.1808E-03 -1.2664E-03 -5.0631E-07 -2.7847E-07
  4.2104E-03 -1.2902E-03 -5.1715E-07 -2.8443E-07
  4.2402E-03 -1.3144E-03 -5.2821E-07 -2.9052E-07
  4.2702E-03 -1.3390E-03 -5.3951E-07 -2.9673E-07
  4.3004E-03 -1.3641E-03 -5.5105E-07 -3.0308E-07
  4.3309E-03 -1.3896E-03 -5.6284E-07 -3.0956E-07
  4.3615E-03 -1.4157E-03 -5.7487E-07 -3.1618E-07
  4.3924E-03 -1.4422E-03 -5.8717E-07 -3.2294E-07
  4.4235E-03 -1.4692E-03 -5.9972E-07 -3.2985E-07
  4.4548E-03 -1.4967E-03 -6.1254E-07 -3.3690E-07
  4.4863E-03 -1.5247E-03 -6.2563E-07 -3.4410E-07
  4.5180E-03 -1.5532E-03 -6.3900E-07 -3.5145E-07
  4.5500E-03 -1.5823E-03 -6.5266E-07 -3.5896E-07
  4.5822E-03 -1.6119E-03 -6.6660E-07 -3.6663E-07
  4.6146E-03 -1.6420E-03 -6.8084E-07 -3.7446E-07
  4.6472E-03 -1.6727E-03 -6.9539E-07 -3.8246E-07
  4.6801E-03 -1.7039E-03 -7.1024E-07 -3.9063E-07
  4.7131E-03 -1.7358E-03 -7.2541E-07 -3.9897E-07
  4.7464E-03 -1.7682E-03 -7.4090E-07 -4.0749E-07
  4.7800E-03 -1.8012E-03 -7.5672E-07 -4.1619E-07
  4.8138E-03 -1.8348E-03 -7.7287E-07 -4.2508E-07
  4.8478E-03 -1.8690E-03 -7.8937E-07 -4.3415E-07
  4.8820E-03 -1.9039E-03 -8.0622E-07 -4.4342E-07
  4.9165E-03 -1.9394E-03 -8.2342E-07 -4.5288E-07
  4.9512E-03 -1.9756E-03 -8.4100E-07 -4.6255E-07
  4.9862E-03 -2.0124E-03 -8.5894E-07 -4.7242E-07
  5.0214E-03 -2.0499E-03 -8.7726E-07 -4.8250E-07
  5.0569E-03 -2.0881E-03 -8.9598E-07 -4.9279E-07
  5.0926E-03 -2.1270E-03 -9.1509E-07 -5.0330E-07
  5.1285E-03 -2.1666E-03 -9.3461E-07 -5.1403E-07
  5.1647E-03 -2.2069E-03 -9.5454E-07 -5.2500E-07
  5.2012E-03 -2.2480E-03 -9.7489E-07 -5.3619E-07
  5.2379E-03 -2.2898E-03 -9.9568E-07 -5.4762E-07
  5.2749E-03 -2.3324E-03 -1.0169E-06 -5.5930E-07
  5.3121E-03 -2.3757E-03 -1.0386E-06 -5.7122E-07
  5.3496E-03 -2.4199E-03 -1.0607E-06 -5.8340E-07
  5.3873E-03 -2.4649E-03 -1.0833E-06 -5.9583E-07
  5.4253E-03 -2.5106E-03 -1.1064E-06 -6.0853E-07
  5.4636E-03 -2.5573E-03 -1.1300E-06 -6.2149E-07
  5.5021E-03 -2.6047E-03 -1.1541E-06 -6.3474E-07
  5.5409E-03 -2.6531E-03 -1.1786E-06 -6.4826E-07
  5.5800E-03 -2.7023E-03 -1.2038E-06 -6.6207E-07
  5.6193E-03 -2.7524E-03 -1.2294E-06 -6.7617E-07
  5.6589E-03 -2.8034E-03 -1.2556E-06 -6.9057E-07
  5.6988E-03 -2.8554E-03 -1.2823E-06 -7.0528E-07
  5.7390E-03 -2.9083E-03 -1.3096E-06 -7.2030E-07
  5.7794E-03 -2.9621E-03 -1.3375E-06 -7.3563E-07
  5.8201E-03 -3.0170E-03 -1.3660E-06 -7.5129E-07
  5.8612E-03 -3.0728E-03 -1.3951E-06 -7.6729E-07
  5.9024E-03 -3.1297E-03 -1.4248E-06 -7.8362E-07
  5.9440E-03 -3.1876E-03 -1.4551E-06 -8.0030E-07
  5.9859E-03 -3.2465E-03 -1.4860E-06 -8.1733E-07
  6.0281E-03 -3.3065E-03 -1.5177E-06 -8.3472E-07
  6.0705E-03 -3.3676E-03 -1.5500E-06 -8.5248E-07
  6.1133E-03 -3.4298E-03 -1.5829E-06 -8.7062E-07
  6.1563E-03 -3.4931E-03 -1.6166E-06 -8.8914E-07
  6.1997E-03 -3.5576E-03 -1.6510E-06 -9.0806E-07
  6.2433E-03 -3.6232E-03 -1.6861E-06 -9.2737E-07
  6.2873E-03 -3.6901E-03 -1.7220E-06 -9.4710E-07
  6.3315E-03 -3.7581E-03 -1.7586E-06 -9.6724E-07
  6.3761E-03 -3.8273E-03 -1.7960E-06 -9.8781E-07
  6.4210E-03 -3.8979E-03 -1.8342E-06 -1.0088E-06
  6.4662E-03 -3.9696E-03 -1.8732E-06 -1.0303E-06
  6.5117E-03 -4.0427E-03 -1.9130E-06 -1.0522E-06
  6.5575E-03 -4.1171E-03 -1.9537E-06 -1.0745E-06
  6.6036E-03 -4.1928E-03 -1.9952E-06 -1.0974E-06
  6.6501E-03 -4.2699E-03 -2.0376E-06 -1.1207E-06
  6.6969E-03 -4.3484E-03 -2.0809E-06 -1.1445E-06
  6.7440E-03 -4.4283E-03 -2.1251E-06 -1.1688E-06
  6.7914E-03 -4.5096E-03 -2.1703E-06 -1.1937E-06
  6.8392E-03 -4.5924E-03 -2.2164E-06 -1.2190E-06
  6.8873E-03 -4.6767E-03 -2.2635E-06 -1.2449E-06
  6.9357E-03 -4.7624E-03 -2.3116E-06 -1.2714E-06
  6.9845E-03 -4.8497E-03 -2.3607E-06 -1.2984E-06
  7.0336E-03 -4.9386E-03 -2.4108E-06 -1.3260E-06
  7.0830E-03 -5.0291E-03 -2.4620E-06 -1.3541E-06
  7.1328E-03 -5.1212E-03 -2.5143E-06 -1.3829E-06
  7.1830E-03 -5.2149E-03 -2.5677E-06 -1.4123E-06
  7.2335E-03 -5.3103E-03 -2.6222E-06 -1.4422E-06
  7.2843E-03 -5.4074E-03 -2.6779E-06 -1.4729E-06
  7.3355E-03 -5.5062E-03 -2.7348E-06 -1.5041E-06
  7.3871E-03 -5.6068E-03 -2.7928E-06 -1.5361E-06
  7.4390E-03 -5.7092E-03 -2.8521E-06 -1.5687E-06
  7.4912E-03 -5.8134E-03 -2.9127E-06 -1.6020E-06
  7.5439E-03 -5.9195E-03 -2.9745E-06 -1.6360E-06
  7.5969E-03 -6.0274E-03 -3.0376E-06 -1.6707E-06
  7.6502E-03 -6.1372E-03 -3.1021E-06 -1.7062E-06
  7.7040E-03 -6.2491E-03 -3.1679E-06 -1.7424E-06
  7.7581E-03 -6.3628E-03 -3.2351E-06 -1.7793E-06
  7.8126E-03 -6.4786E-03 -3.3038E-06 -1.8171E-06
  7.8674E-03 -6.5965E-03 -3.3738E-06 -1.8556E-06
  7.9227E-03 -6.7164E-03 -3.4454E-06 -1.8950E-06
  7.9783E-03 -6.8385E-03 -3.5185E-06 -1.9352E-06
  8.0343E-03 -6.9627E-03 -3.5931E-06 -1.9763E-06
  8.0907E-03 -7.0891E-03 -3.6694E-06 -2.0182E-06
  8.1475E-03 -7.2177E-03 -3.7472E-06 -2.0610E-06
  8.2047E-03 -7.3486E-03 -3.8266E-06 -2.1047E-06
  8.2623E-03 -7.4818E-03 -3.9078E-06 -2.1493E-06
  8.3203E-03 -7.6173E-03 -3.9907E-06 -2.1949E-06
  8.3787E-03 -7.7553E-03 -4.0753E-06 -2.2414E-06
  8.4375E-03 -7.8956E-03 -4.1617E-06 -2.2890E-06
  8.4967E-03 -8.0384E-03 -4.2499E-06 -2.3375E-06
  8.5564E-03 -8.1837E-03 -4.3400E-06 -2.3870E-06
  8.6164E-03 -8.3315E-03 -4.4320E-06 -2.4376E-06
  8.6769E-03 -8.4820E-03 -4.5259E-06 -2.4893E-06
  8.7377E-03 -8.6350E-03 -4.6218E-06 -2.5421E-06
  8.7990E-03 -8.7908E-03 -4.7198E-06 -2.5959E-06
  8.8608E-03 -8.9492E-03 -4.8198E-06 -2.6510E-06
  8.9229E-03 -9.1104E-03 -4.9220E-06 -2.7071E-06
  8.9855E-03 -9.2745E-03 -5.0263E-06 -2.7645E-06
  9.0485E-03 -9.4413E-03 -5.1327E-06 -2.8231E-06
  9.1120E-03 -9.6111E-03 -5.2415E-06 -2.8829E-06
  9.1759E-03 -9.7839E-03 -5.3525E-06 -2.9440E-06
  9.2403E-03 -9.9596E-03 -5.4659E-06 -3.0063E-06
  9.3051E-03 -1.0138E-02 -5.5817E-06 -3.0700E-06
  9.3703E-03 -1.0320E-02 -5.6999E-06 -3.1350E-06
  9.4360E-03 -1.0505E-02 -5.8207E-06 -3.2014E-06
  9.5022E-03 -1.0693E-02 -5.9440E-06 -3.2693E-06
  9.5688E-03 -1.0885E-02 -6.0698E-06 -3.3385E-06
  9.6359E-03 -1.1080E-02 -6.1984E-06 -3.4092E-06
  9.7034E-03 -1.1278E-02 -6.3296E-06 -3.4814E-06
  9.7714E-03 -1.1479E-02 -6.4637E-06 -3.5551E-06
  9.8399E-03 -1.1684E-02 -6.6005E-06 -3.6304E-06
  9.9089E-03 -1.1893E-02 -6.7403E-06 -3.7072E-06
  9.9783E-03 -1.2105E-02 -6.8830E-06 -3.7857E-06
  1.0048E-02 -1.2321E-02 -7.0287E-06 -3.8659E-06
  1.0119E-02 -1.2540E-02 -7.1775E-06 -3.9477E-06
  1.0190E-02 -1.2763E-02 -7.3294E-06 -4.0313E-06
  1.0261E-02 -1.2990E-02 -7.4845E-06 -4.1166E-06
  1.0333E-02 -1.3221E-02 -7.6429E-06 -4.2037E-06
  1.0405E-02 -1.3456E-02 -7.8047E-06 -4.2927E-06
  1.0478E-02 -1.3695E-02 -7.9698E-06 -4.3835E-06
  1.0552E-02 -1.3937E-02 -8.1385E-06 -4.4763E-06
  1.0625E-02 -1.4184E-02 -8.3107E-06 -4.5710E-06
  1.0700E-02 -1.4436E-02 -8.4866E-06 -4.6678E-06
  1.0775E-02 -1.4691E-02 -8.6661E-06 -4.7665E-06
  1.0850E-02 -1.4951E-02 -8.8495E-06 -4.8674E-06
  1.0926E-02 -1.5215E-02 -9.0367E-06 -4.9704E-06
  1.1003E-02 -1.5483E-02 -9.2279E-06 -5.0755E-06
  1.1080E-02 -1.5757E-02 -9.4231E-06 -5.1829E-06
  1.1157E-02 -1.6034E-02 -9.6224E-06 -5.2925E-06
  1.1236E-02 -1.6317E-02 -9.8259E-06 -5.4045E-06
  1.1314E-02 -1.6604E-02 -1.0034E-05 -5.5188E-06
  1.1393E-02 -1.6896E-02 -1.0246E-05 -5.6355E-06
  1.1473E-02 -1.7193E-02 -1.0463E-05 -5.7547E-06
  1.1554E-02 -1.7494E-02 -1.0684E-05 -5.8764E-06
  1.1634E-02 -1.7801E-02 -1.0910E-05 -6.0007E-06
  1.1716E-02 -1.8113E-02 -1.1141E-05 -6.1276E-06
  1.1798E-02 -1.8431E-02 -1.1376E-05 -6.2571E-06
  1.1881E-02 -1.8753E-02 -1.1617E-05 -6.3894E-06
  1.1964E-02 -1.9081E-02 -1.1862E-05 -6.5245E-06
  1.2047E-02 -1.9414E-02 -1.2113E-05 -6.6625E-06
  1.2132E-02 -1.9753E-02 -1.2369E-05 -6.8033E-06
  1.2217E-02 -2.0097E-02 -1.2631E-05 -6.9471E-06
  1.2302E-02 -2.0447E-02 -1.2898E-05 -7.0940E-06
  1.2388E-02 -2.0803E-02 -1.3170E-05 -7.2440E-06
  1.2475E-02 -2.1165E-02 -1.3449E-05 -7.3971E-06
  1.2562E-02 -2.1533E-02 -1.3733E-05 -7.5534E-06
  1.2650E-02 -2.1907E-02 -1.4023E-05 -7.7131E-06
  1.2739E-02 -2.2286E-02 -1.4319E-05 -7.8761E-06
  1.2828E-02 -2.2673E-02 -1.4622E-05 -8.0425E-06
  1.2917E-02 -2.3065E-02 -1.4931E-05 -8.2125E-06
  1.3008E-02 -2.3464E-02 -1.5247E-05 -8.3861E-06
  1.3099E-02 -2.3869E-02 -1.5569E-05 -8.5633E-06
  1.3190E-02 -2.4281E-02 -1.5898E-05 -8.7442E-06
  1.3283E-02 -2.4700E-02 -1.6234E-05 -8.9290E-06
  1.3376E-02 -2.5125E-02 -1.6577E-05 -9.1176E-06
  1.3469E-02 -2.5558E-02 -1.6927E-05 -9.3102E-06
  1.3563E-02 -2.5997E-02 -1.7284E-05 -9.5069E-06
  1.3658E-02 -2.6443E-02 -1.7650E-05 -9.7078E-06
  1.3754E-02 -2.6897E-02 -1.8022E-05 -9.9129E-06
  1.3850E-02 -2.7358E-02 -1.8403E-05 -1.0122E-05
  1.3947E-02 -2.7826E-02 -1.8792E-05 -1.0336E-05
  1.4044E-02 -2.8302E-02 -1.9189E-05 -1.0554E-05
  1.4143E-02 -2.8786E-02 -1.9594E-05 -1.0777E-05
  1.4241E-02 -2.9277E-02 -2.0008E-05 -1.1005E-05
  1.4341E-02 -2.9776E-02 -2.0430E-05 -1.1237E-05
  1.4441E-02 -3.0283E-02 -2.0862E-05 -1.1475E-05
  1.4542E-02 -3.0798E-02 -2.1302E-05 -1.1717E-05
  1.4644E-02 -3.1321E-02 -2.1752E-05 -1.1964E-05
  1.4746E-02 -3.1853E-02 -2.2211E-05 -1.2217E-05
  1.4849E-02 -3.2393E-02 -2.2680E-05 -1.2475E-05
  1.4953E-02 -3.2941E-02 -2.3159E-05 -1.2738E-05
  1.5058E-02 -3.3499E-02 -2.3648E-05 -1.3007E-05
  1.5163E-02 -3.4064E-02 -2.4147E-05 -1.3282E-05
  1.5269E-02 -3.4639E-02 -2.4657E-05 -1.3562E-05
  1.5376E-02 -3.5223E-02 -2.5178E-05 -1.3849E-05
  1.5483E-02 -3.5816E-02 -2.5709E-05 -1.4141E-05
  1.5591E-02 -3.6418E-02 -2.6252E-05 -1.4440E-05
  1.5700E-02 -3.7030E-02 -2.6806E-05 -1.4744E-05
  1.5810E-02 -3.7651E-02 -2.7372E-05 -1.5056E-05
  1.5921E-02 -3.8282E-02 -2.7950E-05 -1.5373E-05
  1.6032E-02 -3.8922E-02 -2.8539E-05 -1.5698E-05
  1.6144E-02 -3.9572E-02 -2.9142E-05 -1.6029E-05
  1.6257E-02 -4.0233E-02 -2.9757E-05 -1.6368E-05
  1.6370E-02 -4.0903E-02 -3.0385E-05 -1.6713E-05
  1.6485E-02 -4.1584E-02 -3.1026E-05 -1.7066E-05
  1.6600E-02 -4.2275E-02 -3.1681E-05 -1.7426E-05
  1.6716E-02 -4.2977E-02 -3.2349E-05 -1.7794E-05
  1.6832E-02 -4.3690E-02 -3.3032E-05 -1.8169E-05
  1.6950E-02 -4.4413E-02 -3.3729E-05 -1.8552E-05
  1.7068E-02 -4.5147E-02 -3.4440E-05 -1.8944E-05
  1.7188E-02 -4.5893E-02 -3.5167E-05 -1.9344E-05
  1.7308E-02 -4.6650E-02 -3.5909E-05 -1.9752E-05
  1.7429E-02 -4.7418E-02 -3.6666E-05 -2.0168E-05
  1.7550E-02 -4.8198E-02 -3.7440E-05 -2.0594E-05
  1.7673E-02 -4.8989E-02 -3.8230E-05 -2.1028E-05
  1.7796E-02 -4.9792E-02 -3.9036E-05 -2.1472E-05
  1.7921E-02 -5.0607E-02 -3.9859E-05 -2.1925E-05
  1.8046E-02 -5.1435E-02 -4.0700E-05 -2.2387E-05
  1.8172E-02 -5.2274E-02 -4.1559E-05 -2.2860E-05
  1.8299E-02 -5.3126E-02 -4.2435E-05 -2.3342E-05
  1.8427E-02 -5.3991E-02 -4.3330E-05 -2.3834E-05
  1.8555E-02 -5.4868E-02 -4.4244E-05 -2.4337E-05
  1.8685E-02 -5.5759E-02 -4.5177E-05 -2.4850E-05
  1.8815E-02 -5.6662E-02 -4.6130E-05 -2.5374E-05
  1.8947E-02 -5.7579E-02 -4.7102E-05 -2.5909E-05
  1.9079E-02 -5.8509E-02 -4.8096E-05 -2.6456E-05
  1.9212E-02 -5.9452E-02 -4.9110E-05 -2.7014E-05
  1.9346E-02 -6.0409E-02 -5.0145E-05 -2.7583E-05
  1.9482E-02 -6.1380E-02 -5.1203E-05 -2.8165E-05
  1.9618E-02 -6.2365E-02 -5.2282E-05 -2.8759E-05
  1.9755E-02 -6.3364E-02 -5.3385E-05 -2.9365E-05
  1.9892E-02 -6.4378E-02 -5.4510E-05 -2.9984E-05
  2.0031E-02 -6.5405E-02 -5.5659E-05 -3.0617E-05
  2.0171E-02 -6.6448E-02 -5.6833E-05 -3.1262E-05
  2.0312E-02 -6.7505E-02 -5.8031E-05 -3.1921E-05
  2.0454E-02 -6.8578E-02 -5.9254E-05 -3.2594E-05
  2.0597E-02 -6.9665E-02 -6.0503E-05 -3.3281E-05
  2.0740E-02 -7.0768E-02 -6.1778E-05 -3.3983E-05
  2.0885E-02 -7.1886E-02 -6.3080E-05 -3.4699E-05
  2.1031E-02 -7.3020E-02 -6.4410E-05 -3.5431E-05
  2.1178E-02 -7.4170E-02 -6.5768E-05 -3.6178E-05
  2.1325E-02 -7.5335E-02 -6.7154E-05 -3.6940E-05
  2.1474E-02 -7.6517E-02 -6.8569E-05 -3.7719E-05
  2.1624E-02 -7.7715E-02 -7.0014E-05 -3.8514E-05
  2.1775E-02 -7.8930E-02 -7.1490E-05 -3.9325E-05
  2.1927E-02 -8.0161E-02 -7.2996E-05 -4.0154E-05
  2.2080E-02 -8.1409E-02 -7.4534E-05 -4.1001E-05
  2.2234E-02 -8.2674E-02 -7.6105E-05 -4.1865E-05
  2.2389E-02 -8.3956E-02 -7.7709E-05 -4.2747E-05
  2.2546E-02 -8.5255E-02 -7.9346E-05 -4.3648E-05
  2.2703E-02 -8.6572E-02 -8.1018E-05 -4.4567E-05
  2.2861E-02 -8.7907E-02 -8.2725E-05 -4.5507E-05
  2.3021E-02 -8.9259E-02 -8.4468E-05 -4.6465E-05
  2.3181E-02 -9.0630E-02 -8.6247E-05 -4.7444E-05
  2.3343E-02 -9.2018E-02 -8.8064E-05 -4.8444E-05
  2.3506E-02 -9.3425E-02 -8.9919E-05 -4.9465E-05
  2.3670E-02 -9.4850E-02 -9.1814E-05 -5.0507E-05
  2.3835E-02 -9.6294E-02 -9.3748E-05 -5.1571E-05
  2.4002E-02 -9.7757E-02 -9.5723E-05 -5.2658E-05
  2.4169E-02 -9.9239E-02 -9.7739E-05 -5.3767E-05
  2.4338E-02 -1.0074E-01 -9.9798E-05 -5.4900E-05
  2.4507E-02 -1.0226E-01 -1.0190E-04 -5.6056E-05
  2.4678E-02 -1.0380E-01 -1.0405E-04 -5.7237E-05
  2.4851E-02 -1.0536E-01 -1.0624E-04 -5.8443E-05
  2.5024E-02 -1.0694E-01 -1.0847E-04 -5.9674E-05
  2.5198E-02 -1.0854E-01 -1.1076E-04 -6.0931E-05
  2.5374E-02 -1.1016E-01 -1.1309E-04 -6.2214E-05
  2.5551E-02 -1.1180E-01 -1.1547E-04 -6.3524E-05
  2.5729E-02 -1.1346E-01 -1.1791E-04 -6.4862E-05
  2.5909E-02 -1.1514E-01 -1.2039E-04 -6.6228E-05
  2.6090E-02 -1.1684E-01 -1.2292E-04 -6.7623E-05
  2.6272E-02 -1.1856E-01 -1.2551E-04 -6.9047E-05
  2.6455E-02 -1.2031E-01 -1.2815E-04 -7.0501E-05
  2.6639E-02 -1.2207E-01 -1.3085E-04 -7.1986E-05
  2.6825E-02 -1.2386E-01 -1.3361E-04 -7.3502E-05
  2.7012E-02 -1.2566E-01 -1.3642E-04 -7.5050E-05
  2.7201E-02 -1.2749E-01 -1.3929E-04 -7.6630E-05
  2.7390E-02 -1.2934E-01 -1.4223E-04 -7.8244E-05
  2.7581E-02 -1.3122E-01 -1.4522E-04 -7.9891E-05
  2.7774E-02 -1.3311E-01 -1.4828E-04 -8.1573E-05
  2.7967E-02 -1.3503E-01 -1.5140E-04 -8.3291E-05
  2.8162E-02 -1.3697E-01 -1.5458E-04 -8.5045E-05
  2.8359E-02 -1.3893E-01 -1.5784E-04 -8.6835E-05
  2.8557E-02 -1.4092E-01 -1.6116E-04 -8.8663E-05
  2.8756E-02 -1.4292E-01 -1.6455E-04 -9.0530E-05
  2.8956E-02 -1.4495E-01 -1.6802E-04 -9.2436E-05
  2.9158E-02 -1.4701E-01 -1.7155E-04 -9.4381E-05
  2.9361E-02 -1.4908E-01 -1.7516E-04 -9.6368E-05
  2.9566E-02 -1.5118E-01 -1.7885E-04 -9.8397E-05
  2.9772E-02 -1.5330E-01 -1.8261E-04 -1.0047E-04
  2.9980E-02 -1.5545E-01 -1.8646E-04 -1.0258E-04
  3.0189E-02 -1.5762E-01 -1.9038E-04 -1.0474E-04
  3.0399E-02 -1.5981E-01 -1.9439E-04 -1.0695E-04
  3.0611E-02 -1.6203E-01 -1.9848E-04 -1.0920E-04
  3.0825E-02 -1.6427E-01 -2.0265E-04 -1.1150E-04
  3.1040E-02 -1.6653E-01 -2.0692E-04 -1.1384E-04
  3.1256E-02 -1.6882E-01 -2.1127E-04 -1.1624E-04
  3.1474E-02 -1.7113E-01 -2.1572E-04 -1.1868E-04
  3.1693E-02 -1.7347E-01 -2.2026E-04 -1.2118E-04
  3.1914E-02 -1.7583E-01 -2.2489E-04 -1.2373E-04
  3.2137E-02 -1.7821E-01 -2.2962E-04 -1.2634E-04
  3.2361E-02 -1.8062E-01 -2.3445E-04 -1.2899E-04
  3.2586E-02 -1.8305E-01 -2.3938E-04 -1.3171E-04
  3.2814E-02 -1.8551E-01 -2.4442E-04 -1.3448E-04
  3.3042E-02 -1.8799E-01 -2.4956E-04 -1.3731E-04
  3.3273E-02 -1.9049E-01 -2.5481E-04 -1.4020E-04
  3.3505E-02 -1.9302E-01 -2.6017E-04 -1.4315E-04
  3.3738E-02 -1.9558E-01 -2.6564E-04 -1.4616E-04
  3.3973E-02 -1.9816E-01 -2.7123E-04 -1.4924E-04
  3.4210E-02 -2.0076E-01 -2.7693E-04 -1.5237E-04
  3.4448E-02 -2.0339E-01 -2.8276E-04 -1.5558E-04
  3.4689E-02 -2.0604E-01 -2.8870E-04 -1.5885E-04
  3.4930E-02 -2.0871E-01 -2.9478E-04 -1.6219E-04
  3.5174E-02 -2.1141E-01 -3.0098E-04 -1.6561E-04
  3.5419E-02 -2.1414E-01 -3.0730E-04 -1.6909E-04
  3.5666E-02 -2.1688E-01 -3.1377E-04 -1.7265E-04
  3.5914E-02 -2.1966E-01 -3.2036E-04 -1.7628E-04
  3.6165E-02 -2.2245E-01 -3.2710E-04 -1.7999E-04
  3.6417E-02 -2.2527E-01 -3.3398E-04 -1.8377E-04
  3.6670E-02 -2.2812E-01 -3.4100E-04 -1.8764E-04
  3.6926E-02 -2.3098E-01 -3.4817E-04 -1.9158E-04
  3.7183E-02 -2.3388E-01 -3.5549E-04 -1.9561E-04
  3.7442E-02 -2.3679E-01 -3.6296E-04 -1.9973E-04
  3.7703E-02 -2.3973E-01 -3.7059E-04 -2.0393E-04
  3.7966E-02 -2.4269E-01 -3.7838E-04 -2.0821E-04
  3.8231E-02 -2.4568E-01 -3.8634E-04 -2.1259E-04
  3.8497E-02 -2.4868E-01 -3.9446E-04 -2.1706E-04
  3.8765E-02 -2.5171E-01 -4.0275E-04 -2.2163E-04
  3.9036E-02 -2.5477E-01 -4.1122E-04 -2.2629E-04
  3.9308E-02 -2.5784E-01 -4.1986E-04 -2.3105E-04
  3.9581E-02 -2.6094E-01 -4.2868E-04 -2.3590E-04
  3.9857E-02 -2.6406E-01 -4.3769E-04 -2.4086E-04
  4.0135E-02 -2.6720E-01 -4.4689E-04 -2.4593E-04
  4.0415E-02 -2.7037E-01 -4.5628E-04 -2.5110E-04
  4.0696E-02 -2.7355E-01 -4.6587E-04 -2.5638E-04
  4.0980E-02 -2.7676E-01 -4.7566E-04 -2.6177E-04
  4.1265E-02 -2.7998E-01 -4.8566E-04 -2.6727E-04
  4.1553E-02 -2.8323E-01 -4.9586E-04 -2.7289E-04
  4.1842E-02 -2.8650E-01 -5.0628E-04 -2.7862E-04
  4.2134E-02 -2.8979E-01 -5.1692E-04 -2.8448E-04
  4.2427E-02 -2.9309E-01 -5.2778E-04 -2.9046E-04
  4.2723E-02 -2.9642E-01 -5.3886E-04 -2.9656E-04
  4.3021E-02 -2.9977E-01 -5.5018E-04 -3.0280E-04
  4.3320E-02 -3.0313E-01 -5.6174E-04 -3.0916E-04
  4.3622E-02 -3.0651E-01 -5.7354E-04 -3.1566E-04
  4.3926E-02 -3.0991E-01 -5.8559E-04 -3.2229E-04
  4.4232E-02 -3.1333E-01 -5.9789E-04 -3.2906E-04
  4.4540E-02 -3.1676E-01 -6.1045E-04 -3.3598E-04
  4.4850E-02 -3.2021E-01 -6.2327E-04 -3.4304E-04
  4.5163E-02 -3.2368E-01 -6.3636E-04 -3.5025E-04
  4.5478E-02 -3.2716E-01 -6.4973E-04 -3.5761E-04
  4.5794E-02 -3.3066E-01 -6.6337E-04 -3.6512E-04
  4.6113E-02 -3.3417E-01 -6.7730E-04 -3.7279E-04
  4.6435E-02 -3.3769E-01 -6.9152E-04 -3.8062E-04
  4.6758E-02 -3.4123E-01 -7.0604E-04 -3.8862E-04
  4.7084E-02 -3.4478E-01 -7.2087E-04 -3.9678E-04
  4.7412E-02 -3.4834E-01 -7.3601E-04 -4.0512E-04
  4.7742E-02 -3.5192E-01 -7.5146E-04 -4.1363E-04
  4.8074E-02 -3.5550E-01 -7.6723E-04 -4.2232E-04
  4.8409E-02 -3.5910E-01 -7.8334E-04 -4.3119E-04
  4.8747E-02 -3.6271E-01 -7.9979E-04 -4.4025E-04
  4.9086E-02 -3.6632E-01 -8.1658E-04 -4.4949E-04
  4.9428E-02 -3.6994E-01 -8.3372E-04 -4.5893E-04
  4.9772E-02 -3.7357E-01 -8.5122E-04 -4.6857E-04
  5.0119E-02 -3.7721E-01 -8.6908E-04 -4.7841E-04
  5.0468E-02 -3.8085E-01 -8.8732E-04 -4.8846E-04
  5.0820E-02 -3.8450E-01 -9.0594E-04 -4.9872E-04
  5.1173E-02 -3.8816E-01 -9.2496E-04 -5.0919E-04
  5.1530E-02 -3.9181E-01 -9.4437E-04 -5.1988E-04
  5.1889E-02 -3.9547E-01 -9.6418E-04 -5.3080E-04
  5.2250E-02 -3.9913E-01 -9.8442E-04 -5.4194E-04
  5.2614E-02 -4.0280E-01 -1.0051E-03 -5.5332E-04
  5.2981E-02 -4.0646E-01 -1.0262E-03 -5.6494E-04
  5.3349E-02 -4.1012E-01 -1.0477E-03 -5.7680E-04
  5.3721E-02 -4.1378E-01 -1.0697E-03 -5.8891E-04
  5.4095E-02 -4.1744E-01 -1.0921E-03 -6.0127E-04
  5.4472E-02 -4.2109E-01 -1.1150E-03 -6.1389E-04
  5.4851E-02 -4.2474E-01 -1.1384E-03 -6.2678E-04
  5.5233E-02 -4.2839E-01 -1.1623E-03 -6.3994E-04
  5.5618E-02 -4.3202E-01 -1.1867E-03 -6.5337E-04
  5.6005E-02 -4.3565E-01 -1.2115E-03 -6.6708E-04
  5.6395E-02 -4.3927E-01 -1.2370E-03 -6.8108E-04
  5.6788E-02 -4.4288E-01 -1.2629E-03 -6.9538E-04
  5.7183E-02 -4.4648E-01 -1.2894E-03 -7.0997E-04
  5.7582E-02 -4.5007E-01 -1.3164E-03 -7.2487E-04
  5.7983E-02 -4.5364E-01 -1.3440E-03 -7.4008E-04
  5.8386E-02 -4.5720E-01 -1.3722E-03 -7.5561E-04
  5.8793E-02 -4.6075E-01 -1.4010E-03 -7.7146E-04
  5.9202E-02 -4.6427E-01 -1.4303E-03 -7.8765E-04
  5.9615E-02 -4.6778E-01 -1.4603E-03 -8.0417E-04
  6.0030E-02 -4.7126E-01 -1.4909E-03 -8.2104E-04
  6.0448E-02 -4.7473E-01 -1.5222E-03 -8.3827E-04
  6.0869E-02 -4.7817E-01 -1.5541E-03 -8.5585E-04
  6.1292E-02 -4.8159E-01 -1.5866E-03 -8.7380E-04
  6.1719E-02 -4.8499E-01 -1.6199E-03 -8.9213E-04
  6.2149E-02 -4.8836E-01 -1.6538E-03 -9.1084E-04
  6.2582E-02 -4.9170E-01 -1.6885E-03 -9.2995E-04
  6.3018E-02 -4.9501E-01 -1.7239E-03 -9.4945E-04
  6.3456E-02 -4.9829E-01 -1.7600E-03 -9.6936E-04
  6.3898E-02 -5.0153E-01 -1.7969E-03 -9.8969E-04
  6.4343E-02 -5.0475E-01 -1.8345E-03 -1.0104E-03
  6.4791E-02 -5.0792E-01 -1.8729E-03 -1.0316E-03
  6.5242E-02 -5.1106E-01 -1.9121E-03 -1.0533E-03
  6.5696E-02 -5.1416E-01 -1.9522E-03 -1.0753E-03
  6.6154E-02 -5.1723E-01 -1.9931E-03 -1.0979E-03
  6.6614E-02 -5.2024E-01 -2.0348E-03 -1.1209E-03
  6.7078E-02 -5.2322E-01 -2.0774E-03 -1.1444E-03
  6.7545E-02 -5.2615E-01 -2.1209E-03 -1.1684E-03
  6.8016E-02 -5.2903E-01 -2.1653E-03 -1.1929E-03
  6.8489E-02 -5.3187E-01 -2.2107E-03 -1.2179E-03
  6.8966E-02 -5.3465E-01 -2.2569E-03 -1.2434E-03
  6.9446E-02 -5.3739E-01 -2.3042E-03 -1.2695E-03
  6.9930E-02 -5.4006E-01 -2.3524E-03 -1.2961E-03
  7.0416E-02 -5.4269E-01 -2.4016E-03 -1.3232E-03
  7.0907E-02 -5.4525E-01 -2.4519E-03 -1.3509E-03
  7.1400E-02 -5.4776E-01 -2.5032E-03 -1.3792E-03
  7.1897E-02 -5.5020E-01 -2.5556E-03 -1.4081E-03
  7.2398E-02 -5.5258E-01 -2.6090E-03 -1.4376E-03
  7.2902E-02 -5.5490E-01 -2.6636E-03 -1.4677E-03
  7.3409E-02 -5.5715E-01 -2.7193E-03 -1.4985E-03
  7.3920E-02 -5.5933E-01 -2.7762E-03 -1.5299E-03
  7.4435E-02 -5.6144E-01 -2.8343E-03 -1.5619E-03
  7.4953E-02 -5.6348E-01 -2.8936E-03 -1.5946E-03
  7.5475E-02 -5.6545E-01 -2.9541E-03 -1.6280E-03
  7.6000E-02 -5.6734E-01 -3.0158E-03 -1.6621E-03
  7.6530E-02 -5.6915E-01 -3.0789E-03 -1.6969E-03
  7.7062E-02 -5.7088E-01 -3.1433E-03 -1.7324E-03
  7.7599E-02 -5.7252E-01 -3.2090E-03 -1.7687E-03
  7.8139E-02 -5.7409E-01 -3.2761E-03 -1.8057E-03
  7.8683E-02 -5.7556E-01 -3.3445E-03 -1.8435E-03
  7.9231E-02 -5.7695E-01 -3.4144E-03 -1.8821E-03
  7.9782E-02 -5.7825E-01 -3.4858E-03 -1.9215E-03
  8.0338E-02 -5.7945E-01 -3.5586E-03 -1.9617E-03
  8.0897E-02 -5.8057E-01 -3.6330E-03 -2.0028E-03
  8.1460E-02 -5.8158E-01 -3.7089E-03 -2.0447E-03
  8.2027E-02 -5.8250E-01 -3.7863E-03 -2.0875E-03
  8.2598E-02 -5.8331E-01 -3.8654E-03 -2.1311E-03
  8.3173E-02 -5.8403E-01 -3.9461E-03 -2.1757E-03
  8.3752E-02 -5.8464E-01 -4.0285E-03 -2.2212E-03
  8.4335E-02 -5.8514E-01 -4.1127E-03 -2.2677E-03
  8.4922E-02 -5.8553E-01 -4.1985E-03 -2.3151E-03
  8.5513E-02 -5.8582E-01 -4.2862E-03 -2.3635E-03
  8.6108E-02 -5.8599E-01 -4.3756E-03 -2.4130E-03
  8.6708E-02 -5.8604E-01 -4.4670E-03 -2.4634E-03
  8.7311E-02 -5.8598E-01 -4.5602E-03 -2.5149E-03
  8.7919E-02 -5.8580E-01 -4.6553E-03 -2.5675E-03
  8.8531E-02 -5.8550E-01 -4.7525E-03 -2.6212E-03
  8.9147E-02 -5.8508E-01 -4.8516E-03 -2.6760E-03
  8.9767E-02 -5.8453E-01 -4.9528E-03 -2.7319E-03
  9.0392E-02 -5.8385E-01 -5.0561E-03 -2.7890E-03
  9.1021E-02 -5.8305E-01 -5.1615E-03 -2.8473E-03
  9.1655E-02 -5.8212E-01 -5.2692E-03 -2.9068E-03
  9.2293E-02 -5.8105E-01 -5.3790E-03 -2.9675E-03
  9.2935E-02 -5.7985E-01 -5.4912E-03 -3.0295E-03
  9.3582E-02 -5.7851E-01 -5.6056E-03 -3.0928E-03
  9.4233E-02 -5.7703E-01 -5.7224E-03 -3.1574E-03
  9.4889E-02 -5.7541E-01 -5.8417E-03 -3.2233E-03
  9.5550E-02 -5.7365E-01 -5.9634E-03 -3.2906E-03
  9.6215E-02 -5.7175E-01 -6.0876E-03 -3.3593E-03
  9.6884E-02 -5.6970E-01 -6.2144E-03 -3.4295E-03
  9.7559E-02 -5.6751E-01 -6.3439E-03 -3.5011E-03
  9.8238E-02 -5.6516E-01 -6.4760E-03 -3.5742E-03
  9.8921E-02 -5.6266E-01 -6.6108E-03 -3.6488E-03
  9.9610E-02 -5.6001E-01 -6.7484E-03 -3.7249E-03
  1.0030E-01 -5.5721E-01 -6.8889E-03 -3.8026E-03
  1.0100E-01 -5.5425E-01 -7.0323E-03 -3.8820E-03
  1.0170E-01 -5.5114E-01 -7.1786E-03 -3.9630E-03
  1.0241E-01 -5.4786E-01 -7.3280E-03 -4.0457E-03
  1.0312E-01 -5.4442E-01 -7.4804E-03 -4.1300E-03
  1.0384E-01 -5.4083E-01 -7.6360E-03 -4.2162E-03
  1.0457E-01 -5.3707E-01 -7.7948E-03 -4.3041E-03
  1.0529E-01 -5.3314E-01 -7.9569E-03 -4.3939E-03
  1.0603E-01 -5.2905E-01 -8.1223E-03 -4.4855E-03
  1.0676E-01 -5.2479E-01 -8.2911E-03 -4.5790E-03
  1.0751E-01 -5.2037E-01 -8.4635E-03 -4.6744E-03
  1.0825E-01 -5.1577E-01 -8.6393E-03 -4.7718E-03
  1.0901E-01 -5.1101E-01 -8.8188E-03 -4.8713E-03
  1.0977E-01 -5.0607E-01 -9.0020E-03 -4.9728E-03
  1.1053E-01 -5.0096E-01 -9.1890E-03 -5.0764E-03
  1.1130E-01 -4.9568E-01 -9.3798E-03 -5.1821E-03
  1.1207E-01 -4.9023E-01 -9.5745E-03 -5.2901E-03
  1.1285E-01 -4.8460E-01 -9.7733E-03 -5.4002E-03
  1.1364E-01 -4.7879E-01 -9.9761E-03 -5.5127E-03
  1.1443E-01 -4.7281E-01 -1.0183E-02 -5.6274E-03
  1.1523E-01 -4.6665E-01 -1.0394E-02 -5.7446E-03
  1.1603E-01 -4.6031E-01 -1.0610E-02 -5.8642E-03
  1.1684E-01 -4.5380E-01 -1.0830E-02 -5.9862E-03
  1.1765E-01 -4.4711E-01 -1.1055E-02 -6.1108E-03
  1.1847E-01 -4.4024E-01 -1.1284E-02 -6.2379E-03
  1.1929E-01 -4.3320E-01 -1.1518E-02 -6.3677E-03
  1.2012E-01 -4.2597E-01 -1.1756E-02 -6.5001E-03
  1.2096E-01 -4.1857E-01 -1.2000E-02 -6.6353E-03
  1.2180E-01 -4.1098E-01 -1.2248E-02 -6.7732E-03
  1.2265E-01 -4.0322E-01 -1.2502E-02 -6.9141E-03
  1.2350E-01 -3.9529E-01 -1.2761E-02 -7.0578E-03
  1.2436E-01 -3.8717E-01 -1.3025E-02 -7.2045E-03
  1.2523E-01 -3.7888E-01 -1.3294E-02 -7.3542E-03
  1.2610E-01 -3.7041E-01 -1.3569E-02 -7.5070E-03
  1.2697E-01 -3.6177E-01 -1.3850E-02 -7.6629E-03
  1.2786E-01 -3.5295E-01 -1.4137E-02 -7.8221E-03
  1.2875E-01 -3.4396E-01 -1.4429E-02 -7.9845E-03
  1.2964E-01 -3.3479E-01 -1.4727E-02 -8.1503E-03
  1.3055E-01 -3.2545E-01 -1.5031E-02 -8.3195E-03
  1.3145E-01 -3.1594E-01 -1.5342E-02 -8.4921E-03
  1.3237E-01 -3.0626E-01 -1.5659E-02 -8.6684E-03
  1.3329E-01 -2.9642E-01 -1.5982E-02 -8.8482E-03
  1.3422E-01 -2.8640E-01 -1.6312E-02 -9.0317E-03
  1.3515E-01 -2.7622E-01 -1.6649E-02 -9.2191E-03
  1.3609E-01 -2.6588E-01 -1.6992E-02 -9.4102E-03
  1.3704E-01 -2.5537E-01 -1.7343E-02 -9.6053E-03
  1.3799E-01 -2.4471E-01 -1.7701E-02 -9.8044E-03
  1.3895E-01 -2.3388E-01 -1.8066E-02 -1.0008E-02
  1.3992E-01 -2.2290E-01 -1.8438E-02 -1.0215E-02
  1.4089E-01 -2.1177E-01 -1.8818E-02 -1.0427E-02
  1.4187E-01 -2.0049E-01 -1.9205E-02 -1.0643E-02
  1.4286E-01 -1.8905E-01 -1.9601E-02 -1.0863E-02
  1.4385E-01 -1.7747E-01 -2.0004E-02 -1.1088E-02
  1.4486E-01 -1.6575E-01 -2.0416E-02 -1.1317E-02
  1.4586E-01 -1.5389E-01 -2.0836E-02 -1.1552E-02
  1.4688E-01 -1.4189E-01 -2.1265E-02 -1.1791E-02
  1.4790E-01 -1.2976E-01 -2.1702E-02 -1.2034E-02
  1.4893E-01 -1.1749E-01 -2.2148E-02 -1.2283E-02
  1.4997E-01 -1.0510E-01 -2.2603E-02 -1.2537E-02
  1.5101E-01 -9.2580E-02 -2.3068E-02 -1.2796E-02
  1.5206E-01 -7.9942E-02 -2.3541E-02 -1.3061E-02
  1.5312E-01 -6.7187E-02 -2.4025E-02 -1.3331E-02
  1.5418E-01 -5.4319E-02 -2.4518E-02 -1.3606E-02
  1.5526E-01 -4.1341E-02 -2.5021E-02 -1.3887E-02
  1.5634E-01 -2.8259E-02 -2.5534E-02 -1.4174E-02
  1.5742E-01 -1.5075E-02 -2.6057E-02 -1.4467E-02
  1.5852E-01 -1.7953E-03 -2.6591E-02 -1.4765E-02
  1.5962E-01  1.1577E-02 -2.7136E-02 -1.5070E-02
  1.6073E-01  2.5036E-02 -2.7692E-02 -1.5381E-02
  1.6185E-01  3.8578E-02 -2.8258E-02 -1.5698E-02
  1.6298E-01  5.2199E-02 -2.8837E-02 -1.6021E-02
  1.6411E-01  6.5892E-02 -2.9427E-02 -1.6352E-02
  1.6525E-01  7.9653E-02 -3.0028E-02 -1.6689E-02
  1.6640E-01  9.3477E-02 -3.0642E-02 -1.7032E-02
  1.6756E-01  1.0736E-01 -3.1268E-02 -1.7383E-02
  1.6873E-01  1.2129E-01 -3.1907E-02 -1.7741E-02
  1.6990E-01  1.3527E-01 -3.2558E-02 -1.8106E-02
  1.7108E-01  1.4929E-01 -3.3222E-02 -1.8479E-02
  1.7227E-01  1.6335E-01 -3.3900E-02 -1.8859E-02
  1.7347E-01  1.7743E-01 -3.4591E-02 -1.9247E-02
  1.7468E-01  1.9154E-01 -3.5296E-02 -1.9642E-02
  1.7589E-01  2.0567E-01 -3.6015E-02 -2.0046E-02
  1.7712E-01  2.1980E-01 -3.6748E-02 -2.0458E-02
  1.7835E-01  2.3395E-01 -3.7496E-02 -2.0878E-02
  1.7959E-01  2.4809E-01 -3.8258E-02 -2.1307E-02
  1.8084E-01  2.6222E-01 -3.9036E-02 -2.1744E-02
  1.8210E-01  2.7633E-01 -3.9830E-02 -2.2190E-02
  1.8337E-01  2.9043E-01 -4.0639E-02 -2.2646E-02
  1.8464E-01  3.0450E-01 -4.1464E-02 -2.3110E-02
  1.8593E-01  3.1853E-01 -4.2305E-02 -2.3584E-02
  1.8722E-01  3.3252E-01 -4.3163E-02 -2.4067E-02
  1.8852E-01  3.4646E-01 -4.4038E-02 -2.4560E-02
  1.8983E-01  3.6035E-01 -4.4930E-02 -2.5063E-02
  1.9115E-01  3.7417E-01 -4.5840E-02 -2.5576E-02
  1.9248E-01  3.8792E-01 -4.6768E-02 -2.6100E-02
  1.9382E-01  4.0159E-01 -4.7714E-02 -2.6634E-02
  1.9517E-01  4.1518E-01 -4.8678E-02 -2.7179E-02
  1.9653E-01  4.2868E-01 -4.9662E-02 -2.7734E-02
  1.9790E-01  4.4207E-01 -5.0665E-02 -2.8301E-02
  1.9927E-01  4.5536E-01 -5.1687E-02 -2.8879E-02
  2.0066E-01  4.6853E-01 -5.2730E-02 -2.9469E-02
  2.0206E-01  4.8158E-01 -5.3793E-02 -3.0070E-02
  2.0346E-01  4.9450E-01 -5.4876E-02 -3.0684E-02
  2.0488E-01  5.0729E-01 -5.5981E-02 -3.1310E-02
  2.0630E-01  5.1992E-01 -5.7107E-02 -3.1948E-02
  2.0774E-01  5.3240E-01 -5.8256E-02 -3.2600E-02
  2.0918E-01  5.4472E-01 -5.9426E-02 -3.3264E-02
  2.1064E-01  5.5687E-01 -6.0620E-02 -3.3941E-02
  2.1210E-01  5.6885E-01 -6.1836E-02 -3.4632E-02
  2.1358E-01  5.8064E-01 -6.3076E-02 -3.5337E-02
  2.1507E-01  5.9223E-01 -6.4340E-02 -3.6055E-02
  2.1656E-01  6.0362E-01 -6.5629E-02 -3.6788E-02
  2.1807E-01  6.1481E-01 -6.6942E-02 -3.7536E-02
  2.1958E-01  6.2578E-01 -6.8281E-02 -3.8298E-02
  2.2111E-01  6.3652E-01 -6.9646E-02 -3.9076E-02
  2.2265E-01  6.4703E-01 -7.1036E-02 -3.9869E-02
  2.2420E-01  6.5731E-01 -7.2454E-02 -4.0678E-02
  2.2576E-01  6.6733E-01 -7.3899E-02 -4.1503E-02
  2.2733E-01  6.7710E-01 -7.5371E-02 -4.2344E-02
  2.2891E-01  6.8660E-01 -7.6872E-02 -4.3201E-02
  2.3050E-01  6.9583E-01 -7.8401E-02 -4.4076E-02
  2.3211E-01  7.0479E-01 -7.9959E-02 -4.4968E-02
  2.3372E-01  7.1346E-01 -8.1547E-02 -4.5878E-02
  2.3535E-01  7.2183E-01 -8.3165E-02 -4.6805E-02
  2.3699E-01  7.2990E-01 -8.4814E-02 -4.7751E-02
  2.3863E-01  7.3767E-01 -8.6494E-02 -4.8715E-02
  2.4029E-01  7.4511E-01 -8.8206E-02 -4.9699E-02
  2.4197E-01  7.5224E-01 -8.9951E-02 -5.0701E-02
  2.4365E-01  7.5903E-01 -9.1728E-02 -5.1724E-02
  2.4534E-01  7.6549E-01 -9.3539E-02 -5.2766E-02
  2.4705E-01  7.7160E-01 -9.5384E-02 -5.3829E-02
  2.4877E-01  7.7737E-01 -9.7263E-02 -5.4913E-02
  2.5050E-01  7.8277E-01 -9.9177E-02 -5.6018E-02
  2.5224E-01  7.8781E-01 -1.0113E-01 -5.7144E-02
  2.5400E-01  7.9249E-01 -1.0311E-01 -5.8293E-02
  2.5576E-01  7.9678E-01 -1.0514E-01 -5.9463E-02
  2.5754E-01  8.0069E-01 -1.0720E-01 -6.0657E-02
  2.5933E-01  8.0422E-01 -1.0930E-01 -6.1874E-02
  2.6114E-01  8.0735E-01 -1.1144E-01 -6.3115E-02
  2.6296E-01  8.1008E-01 -1.1362E-01 -6.4380E-02
  2.6478E-01  8.1240E-01 -1.1583E-01 -6.5669E-02
  2.6663E-01  8.1431E-01 -1.1809E-01 -6.6984E-02
  2.6848E-01  8.1581E-01 -1.2039E-01 -6.8323E-02
  2.7035E-01  8.1689E-01 -1.2274E-01 -6.9689E-02
  2.7223E-01  8.1755E-01 -1.2512E-01 -7.1082E-02
  2.7412E-01  8.1777E-01 -1.2755E-01 -7.2501E-02
  2.7603E-01  8.1756E-01 -1.3002E-01 -7.3947E-02
  2.7795E-01  8.1691E-01 -1.3254E-01 -7.5422E-02
  2.7988E-01  8.1582E-01 -1.3511E-01 -7.6925E-02
  2.8183E-01  8.1429E-01 -1.3772E-01 -7.8456E-02
  2.8379E-01  8.1230E-01 -1.4037E-01 -8.0018E-02
  2.8577E-01  8.0987E-01 -1.4308E-01 -8.1609E-02
  2.8775E-01  8.0698E-01 -1.4583E-01 -8.3230E-02
  2.8976E-01  8.0363E-01 -1.4864E-01 -8.4883E-02
  2.9177E-01  7.9982E-01 -1.5149E-01 -8.6568E-02
  2.9380E-01  7.9555E-01 -1.5439E-01 -8.8284E-02
  2.9584E-01  7.9082E-01 -1.5735E-01 -9.0034E-02
  2.9790E-01  7.8561E-01 -1.6036E-01 -9.1817E-02
  2.9997E-01  7.7995E-01 -1.6342E-01 -9.3633E-02
  3.0206E-01  7.7381E-01 -1.6653E-01 -9.5485E-02
  3.0416E-01  7.6721E-01 -1.6970E-01 -9.7371E-02
  3.0628E-01  7.6013E-01 -1.7293E-01 -9.9293E-02
  3.0841E-01  7.5259E-01 -1.7621E-01 -1.0125E-01
  3.1055E-01  7.4457E-01 -1.7954E-01 -1.0325E-01
  3.1271E-01  7.3608E-01 -1.8294E-01 -1.0528E-01
  3.1489E-01  7.2713E-01 -1.8640E-01 -1.0735E-01
  3.1708E-01  7.1771E-01 -1.8991E-01 -1.0946E-01
  3.1929E-01  7.0781E-01 -1.9348E-01 -1.1162E-01
  3.2151E-01  6.9746E-01 -1.9712E-01 -1.1381E-01
  3.2374E-01  6.8663E-01 -2.0082E-01 -1.1604E-01
  3.2599E-01  6.7535E-01 -2.0458E-01 -1.1831E-01
  3.2826E-01  6.6361E-01 -2.0840E-01 -1.2063E-01
  3.3055E-01  6.5140E-01 -2.1229E-01 -1.2299E-01
  3.3285E-01  6.3875E-01 -2.1624E-01 -1.2539E-01
  3.3516E-01  6.2564E-01 -2.2026E-01 -1.2784E-01
  3.3749E-01  6.1209E-01 -2.2435E-01 -1.3034E-01
  3.3984E-01  5.9809E-01 -2.2850E-01 -1.3288E-01
  3.4220E-01  5.8365E-01 -2.3273E-01 -1.3547E-01
  3.4458E-01  5.6877E-01 -2.3702E-01 -1.3810E-01
  3.4698E-01  5.5347E-01 -2.4138E-01 -1.4079E-01
  3.4939E-01  5.3774E-01 -2.4581E-01 -1.4353E-01
  3.5182E-01  5.2159E-01 -2.5032E-01 -1.4631E-01
  3.5427E-01  5.0503E-01 -2.5490E-01 -1.4915E-01
  3.5674E-01  4.8806E-01 -2.5955E-01 -1.5204E-01
  3.5922E-01  4.7068E-01 -2.6428E-01 -1.5498E-01
  3.6172E-01  4.5292E-01 -2.6908E-01 -1.5797E-01
  3.6423E-01  4.3476E-01 -2.7396E-01 -1.6103E-01
  3.6677E-01  4.1622E-01 -2.7891E-01 -1.6413E-01
  3.6932E-01  3.9732E-01 -2.8394E-01 -1.6730E-01
  3.7189E-01  3.7804E-01 -2.8905E-01 -1.7052E-01
  3.7447E-01  3.5841E-01 -2.9424E-01 -1.7380E-01
  3.7708E-01  3.3843E-01 -2.9951E-01 -1.7714E-01
  3.7970E-01  3.1811E-01 -3.0486E-01 -1.8054E-01
  3.8234E-01  2.9746E-01 -3.1029E-01 -1.8400E-01
  3.8500E-01  2.7650E-01 -3.1581E-01 -1.8752E-01
  3.8768E-01  2.5521E-01 -3.2140E-01 -1.9111E-01
  3.9038E-01  2.3363E-01 -3.2708E-01 -1.9476E-01
  3.9309E-01  2.1176E-01 -3.3285E-01 -1.9848E-01
  3.9582E-01  1.8961E-01 -3.3870E-01 -2.0227E-01
  3.9858E-01  1.6719E-01 -3.4463E-01 -2.0612E-01
  4.0135E-01  1.4451E-01 -3.5065E-01 -2.1004E-01
  4.0414E-01  1.2158E-01 -3.5676E-01 -2.1403E-01
  4.0695E-01  9.8424E-02 -3.6296E-01 -2.1809E-01
  4.0978E-01  7.5041E-02 -3.6924E-01 -2.2223E-01
  4.1263E-01  5.1448E-02 -3.7561E-01 -2.2644E-01
  4.1550E-01  2.7657E-02 -3.8207E-01 -2.3072E-01
  4.1839E-01  3.6803E-03 -3.8862E-01 -2.3508E-01
  4.2130E-01 -2.0468E-02 -3.9526E-01 -2.3951E-01
  4.2424E-01 -4.4776E-02 -4.0199E-01 -2.4403E-01
  4.2719E-01 -6.9228E-02 -4.0881E-01 -2.4862E-01
  4.3016E-01 -9.3813E-02 -4.1572E-01 -2.5329E-01
  4.3315E-01 -1.1851E-01 -4.2272E-01 -2.5805E-01
  4.3616E-01 -1.4332E-01 -4.2982E-01 -2.6288E-01
  4.3920E-01 -1.6822E-01 -4.3700E-01 -2.6781E-01
  4.4225E-01 -1.9319E-01 -4.4428E-01 -2.7281E-01
  4.4533E-01 -2.1821E-01 -4.5165E-01 -2.7791E-01
  4.4842E-01 -2.4329E-01 -4.5911E-01 -2.8309E-01
  4.5154E-01 -2.6839E-01 -4.6666E-01 -2.8836E-01
  4.5468E-01 -2.9351E-01 -4.7431E-01 -2.9372E-01
  4.5785E-01 -3.1863E-01 -4.8205E-01 -2.9917E-01
  4.6103E-01 -3.4373E-01 -4.8988E-01 -3.0472E-01
  4.6424E-01 -3.6880E-01 -4.9780E-01 -3.1036E-01
  4.6747E-01 -3.9382E-01 -5.0581E-01 -3.1610E-01
  4.7072E-01 -4.1878E-01 -5.1392E-01 -3.2193E-01
  4.7399E-01 -4.4365E-01 -5.2211E-01 -3.2787E-01
  4.7729E-01 -4.6843E-01 -5.3039E-01 -3.3390E-01
  4.8061E-01 -4.9310E-01 -5.3877E-01 -3.4003E-01
  4.8395E-01 -5.1764E-01 -5.4723E-01 -3.4627E-01
  4.8732E-01 -5.4203E-01 -5.5578E-01 -3.5261E-01
  4.9071E-01 -5.6625E-01 -5.6442E-01 -3.5906E-01
  4.9412E-01 -5.9030E-01 -5.7315E-01 -3.6561E-01
  4.9756E-01 -6.1416E-01 -5.8196E-01 -3.7227E-01
  5.0102E-01 -6.3779E-01 -5.9086E-01 -3.7905E-01
  5.0450E-01 -6.6120E-01 -5.9984E-01 -3.8593E-01
  5.0801E-01 -6.8437E-01 -6.0891E-01 -3.9293E-01
  5.1155E-01 -7.0727E-01 -6.1805E-01 -4.0004E-01
  5.1510E-01 -7.2989E-01 -6.2728E-01 -4.0726E-01
  5.1869E-01 -7.5221E-01 -6.3658E-01 -4.1460E-01
  5.2229E-01 -7.7422E-01 -6.4596E-01 -4.2207E-01
  5.2593E-01 -7.9589E-01 -6.5541E-01 -4.2965E-01
  5.2958E-01 -8.1722E-01 -6.6494E-01 -4.3735E-01
  5.3327E-01 -8.3819E-01 -6.7454E-01 -4.4517E-01
  5.3698E-01 -8.5877E-01 -6.8421E-01 -4.5312E-01
  5.4071E-01 -8.7896E-01 -6.9394E-01 -4.6119E-01
  5.4447E-01 -8.9873E-01 -7.0374E-01 -4.6939E-01
  5.4826E-01 -9.1807E-01 -7.1360E-01 -4.7772E-01
  5.5207E-01 -9.3696E-01 -7.2352E-01 -4.8618E-01
  5.5591E-01 -9.5539E-01 -7.3349E-01 -4.9477E-01
  5.5978E-01 -9.7335E-01 -7.4352E-01 -5.0349E-01
  5.6367E-01 -9.9080E-01 -7.5360E-01 -5.1234E-01
  5.6759E-01 -1.0077E+00 -7.6372E-01 -5.2133E-01
  5.7154E-01 -1.0242E+00 -7.7389E-01 -5.3045E-01
  5.7552E-01 -1.0400E+00 -7.8410E-01 -5.3971E-01
  5.7952E-01 -1.0553E+00 -7.9434E-01 -5.4911E-01
  5.8355E-01 -1.0701E+00 -8.0461E-01 -5.5864E-01
  5.8761E-01 -1.0842E+00 -8.1492E-01 -5.6832E-01
  5.9170E-01 -1.0978E+00 -8.2524E-01 -5.7814E-01
  5.9581E-01 -1.1107E+00 -8.3559E-01 -5.8810E-01
  5.9996E-01 -1.1230E+00 -8.4595E-01 -5.9820E-01
  6.0413E-01 -1.1347E+00 -8.5632E-01 -6.0845E-01
  6.0833E-01 -1.1456E+00 -8.6669E-01 -6.1884E-01
  6.1256E-01 -1.1560E+00 -8.7706E-01 -6.2937E-01
  6.1682E-01 -1.1656E+00 -8.8743E-01 -6.4005E-01
  6.2111E-01 -1.1745E+00 -8.9778E-01 -6.5088E-01
  6.2543E-01 -1.1827E+00 -9.0811E-01 -6.6185E-01
  6.2978E-01 -1.1902E+00 -9.1842E-01 -6.7297E-01
  6.3416E-01 -1.1970E+00 -9.2870E-01 -6.8424E-01
  6.3857E-01 -1.2030E+00 -9.3894E-01 -6.9565E-01
  6.4301E-01 -1.2082E+00 -9.4913E-01 -7.0721E-01
  6.4749E-01 -1.2127E+00 -9.5928E-01 -7.1892E-01
  6.5199E-01 -1.2163E+00 -9.6936E-01 -7.3078E-01
  6.5653E-01 -1.2192E+00 -9.7938E-01 -7.4278E-01
  6.6109E-01 -1.2213E+00 -9.8932E-01 -7.5492E-01
  6.6569E-01 -1.2226E+00 -9.9918E-01 -7.6722E-01
  6.7032E-01 -1.2230E+00 -1.0089E+00 -7.7965E-01
  6.7498E-01 -1.2227E+00 -1.0186E+00 -7.9223E-01
  6.7968E-01 -1.2214E+00 -1.0282E+00 -8.0495E-01
  6.8440E-01 -1.2194E+00 -1.0376E+00 -8.1782E-01
  6.8916E-01 -1.2165E+00 -1.0469E+00 -8.3082E-01
  6.9396E-01 -1.2127E+00 -1.0561E+00 -8.4396E-01
  6.9878E-01 -1.2081E+00 -1.0651E+00 -8.5723E-01
  7.0364E-01 -1.2026E+00 -1.0740E+00 -8.7063E-01
  7.0854E-01 -1.1962E+00 -1.0827E+00 -8.8417E-01
  7.1347E-01 -1.1889E+00 -1.0912E+00 -8.9783E-01
  7.1843E-01 -1.1808E+00 -1.0995E+00 -9.1162E-01
  7.2342E-01 -1.1717E+00 -1.1076E+00 -9.2552E-01
  7.2846E-01 -1.1618E+00 -1.1155E+00 -9.3955E-01
  7.3352E-01 -1.1510E+00 -1.1232E+00 -9.5368E-01
  7.3862E-01 -1.1393E+00 -1.1307E+00 -9.6793E-01
  7.4376E-01 -1.1267E+00 -1.1379E+00 -9.8227E-01
  7.4893E-01 -1.1131E+00 -1.1448E+00 -9.9672E-01
  7.5414E-01 -1.0987E+00 -1.1514E+00 -1.0113E+00
  7.5939E-01 -1.0834E+00 -1.1578E+00 -1.0259E+00
  7.6467E-01 -1.0672E+00 -1.1639E+00 -1.0406E+00
  7.6999E-01 -1.0502E+00 -1.1696E+00 -1.0554E+00
  7.7534E-01 -1.0322E+00 -1.1750E+00 -1.0702E+00
  7.8074E-01 -1.0133E+00 -1.1801E+00 -1.0851E+00
  7.8617E-01 -9.9355E-01 -1.1848E+00 -1.1000E+00
  7.9163E-01 -9.7291E-01 -1.1891E+00 -1.1150E+00
  7.9714E-01 -9.5140E-01 -1.1930E+00 -1.1301E+00
  8.0268E-01 -9.2902E-01 -1.1965E+00 -1.1451E+00
  8.0827E-01 -9.0577E-01 -1.1996E+00 -1.1601E+00
  8.1389E-01 -8.8166E-01 -1.2023E+00 -1.1752E+00
  8.1955E-01 -8.5671E-01 -1.2045E+00 -1.1902E+00
  8.2525E-01 -8.3091E-01 -1.2062E+00 -1.2052E+00
  8.3099E-01 -8.0427E-01 -1.2075E+00 -1.2202E+00
  8.3677E-01 -7.7681E-01 -1.2082E+00 -1.2351E+00
  8.4259E-01 -7.4854E-01 -1.2084E+00 -1.2500E+00
  8.4845E-01 -7.1946E-01 -1.2081E+00 -1.2647E+00
  8.5435E-01 -6.8959E-01 -1.2072E+00 -1.2794E+00
  8.6029E-01 -6.5894E-01 -1.2058E+00 -1.2939E+00
  8.6627E-01 -6.2751E-01 -1.2037E+00 -1.3084E+00
  8.7230E-01 -5.9533E-01 -1.2011E+00 -1.3226E+00
  8.7837E-01 -5.6241E-01 -1.1978E+00 -1.3367E+00
  8.8448E-01 -5.2877E-01 -1.1939E+00 -1.3506E+00
  8.9063E-01 -4.9440E-01 -1.1893E+00 -1.3643E+00
  8.9682E-01 -4.5935E-01 -1.1841E+00 -1.3777E+00
  9.0306E-01 -4.2361E-01 -1.1782E+00 -1.3909E+00
  9.0934E-01 -3.8720E-01 -1.1715E+00 -1.4038E+00
  9.1566E-01 -3.5015E-01 -1.1641E+00 -1.4164E+00
  9.2203E-01 -3.1248E-01 -1.1560E+00 -1.4287E+00
  9.2844E-01 -2.7419E-01 -1.1472E+00 -1.4406E+00
  9.3490E-01 -2.3532E-01 -1.1375E+00 -1.4521E+00
  9.4140E-01 -1.9587E-01 -1.1271E+00 -1.4632E+00
  9.4795E-01 -1.5588E-01 -1.1158E+00 -1.4739E+00
  9.5454E-01 -1.1536E-01 -1.1038E+00 -1.4841E+00
  9.6118E-01 -7.4340E-02 -1.0909E+00 -1.4938E+00
  9.6787E-01 -3.2834E-02 -1.0771E+00 -1.5029E+00
  9.7460E-01  9.1300E-03 -1.0625E+00 -1.5115E+00
  9.8138E-01  5.1529E-02 -1.0470E+00 -1.5194E+00
  9.8820E-01  9.4338E-02 -1.0306E+00 -1.5268E+00
  9.9508E-01  1.3753E-01 -1.0133E+00 -1.5334E+00
  1.0020E+00  1.8109E-01 -9.9511E-01 -1.5393E+00
  1.0090E+00  2.2497E-01 -9.7598E-01 -1.5445E+00
  1.0160E+00  2.6916E-01 -9.5592E-01 -1.5489E+00
  1.0230E+00  3.1363E-01 -9.3491E-01 -1.5525E+00
  1.0302E+00  3.5836E-01 -9.1295E-01 -1.5552E+00
  1.0373E+00  4.0330E-01 -8.9002E-01 -1.5570E+00
  1.0445E+00  4.4843E-01 -8.6614E-01 -1.5578E+00
  1.0518E+00  4.9373E-01 -8.4128E-01 -1.5577E+00
  1.0591E+00  5.3916E-01 -8.1545E-01 -1.5565E+00
  1.0665E+00  5.8469E-01 -7.8864E-01 -1.5543E+00
  1.0739E+00  6.3029E-01 -7.6086E-01 -1.5510E+00
  1.0814E+00  6.7593E-01 -7.3210E-01 -1.5465E+00
  1.0889E+00  7.2157E-01 -7.0236E-01 -1.5408E+00
  1.0965E+00  7.6719E-01 -6.7165E-01 -1.5339E+00
  1.1041E+00  8.1274E-01 -6.3998E-01 -1.5258E+00
  1.1118E+00  8.5820E-01 -6.0734E-01 -1.5163E+00
  1.1195E+00  9.0353E-01 -5.7375E-01 -1.5054E+00
  1.1273E+00  9.4869E-01 -5.3922E-01 -1.4932E+00
  1.1351E+00  9.9365E-01 -5.0376E-01 -1.4796E+00
  1.1430E+00  1.0384E+00 -4.6738E-01 -1.4645E+00
  1.1510E+00  1.0828E+00 -4.3010E-01 -1.4479E+00
  1.1590E+00  1.1270E+00 -3.9194E-01 -1.4297E+00
  1.1670E+00  1.1707E+00 -3.5291E-01 -1.4101E+00
  1.1752E+00  1.2141E+00 -3.1305E-01 -1.3888E+00
  1.1833E+00  1.2571E+00 -2.7237E-01 -1.3659E+00
  1.1916E+00  1.2996E+00 -2.3091E-01 -1.3414E+00
  1.1998E+00  1.3416E+00 -1.8869E-01 -1.3152E+00
  1.2082E+00  1.3831E+00 -1.4574E-01 -1.2873E+00
  1.2166E+00  1.4240E+00 -1.0211E-01 -1.2577E+00
  1.2251E+00  1.4642E+00 -5.7823E-02 -1.2264E+00
  1.2336E+00  1.5038E+00 -1.2926E-02 -1.1934E+00
  1.2422E+00  1.5427E+00  3.2538E-02 -1.1587E+00
  1.2508E+00  1.5809E+00  7.8523E-02 -1.1222E+00
  1.2595E+00  1.6182E+00  1.2498E-01 -1.0841E+00
  1.2683E+00  1.6547E+00  1.7186E-01 -1.0442E+00
  1.2771E+00  1.6903E+00  2.1910E-01 -1.0026E+00
  1.2860E+00  1.7251E+00  2.6665E-01 -9.5936E-01
  1.2949E+00  1.7588E+00  3.1444E-01 -9.1446E-01
  1.3039E+00  1.7916E+00  3.6242E-01 -8.6794E-01
  1.3130E+00  1.8232E+00  4.1051E-01 -8.1983E-01
  1.3221E+00  1.8538E+00  4.5864E-01 -7.7019E-01
  1.3313E+00  1.8833E+00  5.0675E-01 -7.1906E-01
  1.3406E+00  1.9116E+00  5.5474E-01 -6.6650E-01
  1.3499E+00  1.9386E+00  6.0255E-01 -6.1257E-01
  1.3593E+00  1.9644E+00  6.5010E-01 -5.5735E-01
  1.3687E+00  1.9888E+00  6.9728E-01 -5.0091E-01
  1.3782E+00  2.0119E+00  7.4402E-01 -4.4335E-01
  1.3878E+00  2.0336E+00  7.9023E-01 -3.8476E-01
  1.3975E+00  2.0538E+00  8.3581E-01 -3.2524E-01
  1.4072E+00  2.0725E+00  8.8066E-01 -2.6491E-01
  1.4170E+00  2.0896E+00  9.2468E-01 -2.0388E-01
  1.4268E+00  2.1052E+00  9.6777E-01 -1.4228E-01
  1.4368E+00  2.1191E+00  1.0098E+00 -8.0254E-02
  1.4468E+00  2.1313E+00  1.0507E+00 -1.7939E-02
  1.4568E+00  2.1418E+00  1.0904E+00  4.4509E-02
  1.4670E+00  2.1505E+00  1.1287E+00  1.0693E-01
  1.4772E+00  2.1573E+00  1.1655E+00  1.6916E-01
  1.4874E+00  2.1623E+00  1.2008E+00  2.3101E-01
  1.4978E+00  2.1654E+00  1.2343E+00  2.9231E-01
  1.5082E+00  2.1665E+00  1.2660E+00  3.5287E-01
  1.5187E+00  2.1656E+00  1.2958E+00  4.1248E-01
  1.5292E+00  2.1627E+00  1.3235E+00  4.7095E-01
  1.5399E+00  2.1576E+00  1.3490E+00  5.2807E-01
  1.5506E+00  2.1504E+00  1.3722E+00  5.8362E-01
  1.5614E+00  2.1410E+00  1.3930E+00  6.3738E-01
  1.5722E+00  2.1294E+00  1.4113E+00  6.8914E-01
  1.5832E+00  2.1155E+00  1.4269E+00  7.3867E-01
  1.5942E+00  2.0993E+00  1.4398E+00  7.8574E-01
  1.6053E+00  2.0807E+00  1.4497E+00  8.2359E-01
  1.6164E+00  2.0597E+00  1.4567E+00  8.1538E-01
  1.6277E+00  2.0363E+00  1.4606E+00  7.9951E-01
  1.6390E+00  2.0104E+00  1.4614E+00  7.8494E-01
  1.6504E+00  1.9820E+00  1.4591E+00  7.7081E-01
  1.6619E+00  1.9510E+00  1.4536E+00  7.5709E-01
  1.6734E+00  1.9174E+00  1.4449E+00  7.4374E-01
  1.6851E+00  1.8812E+00  1.4329E+00  7.3071E-01
  1.6968E+00  1.8422E+00  1.4176E+00  7.1797E-01
  1.7086E+00  1.8006E+00  1.3989E+00  7.0548E-01
  1.7205E+00  1.7563E+00  1.3769E+00  6.9318E-01
  1.7324E+00  1.7091E+00  1.3514E+00  6.8105E-01
  1.7445E+00  1.6591E+00  1.3224E+00  6.6903E-01
  1.7566E+00  1.6063E+00  1.2899E+00  6.5708E-01
  1.7688E+00  1.5507E+00  1.2539E+00  6.4516E-01
  1.7811E+00  1.4921E+00  1.2144E+00  6.3323E-01
  1.7935E+00  1.4306E+00  1.1712E+00  6.2125E-01
  1.8060E+00  1.3661E+00  1.1244E+00  6.0918E-01
  1.8185E+00  1.2987E+00  1.0740E+00  5.9698E-01
  1.8312E+00  1.2282E+00  1.0199E+00  5.8463E-01
  1.8439E+00  1.1548E+00  9.6206E-01  5.7208E-01
  1.8568E+00  1.0782E+00  9.0054E-01  5.5930E-01
  1.8697E+00  9.9866E-01  8.3528E-01  5.4628E-01
  1.8827E+00  9.1600E-01  7.6627E-01  5.3299E-01
  1.8958E+00  8.3023E-01  6.9351E-01  5.1941E-01
  1.9089E+00  7.4136E-01  6.1697E-01  5.0551E-01
  1.9222E+00  6.4936E-01  5.3665E-01  4.9128E-01
  1.9356E+00  5.5423E-01  4.5255E-01  4.7672E-01
  1.9491E+00  4.5596E-01  3.6466E-01  4.6182E-01
  1.9626E+00  3.5455E-01  2.7299E-01  4.4656E-01
  1.9763E+00  2.4999E-01  1.7754E-01  4.3095E-01
  1.9900E+00  1.4228E-01  7.8322E-02  4.1499E-01
  2.0038E+00  3.1426E-02 -2.4663E-02  3.9867E-01
  2.0178E+00 -8.2574E-02 -1.3139E-01  3.8201E-01
  2.0318E+00 -1.9971E-01 -2.4186E-01  3.6500E-01
  2.0459E+00 -3.1998E-01 -3.5603E-01  3.4765E-01
  2.0602E+00 -4.4336E-01 -4.7388E-01  3.2998E-01
  2.0745E+00 -5.6984E-01 -5.9538E-01  3.1198E-01
  2.0889E+00 -6.9942E-01 -7.2050E-01  2.9365E-01
  2.1034E+00 -8.3205E-01 -8.4920E-01  2.7501E-01
  2.1181E+00 -9.6774E-01 -9.8143E-01  2.5606E-01
  2.1328E+00 -1.1064E+00 -1.1172E+00  2.3677E-01
  2.1476E+00 -1.2481E+00 -1.2563E+00  2.1716E-01
  2.1626E+00 -1.3928E+00 -1.3988E+00  1.9721E-01
  2.1776E+00 -1.5404E+00 -1.5447E+00  1.7690E-01
  2.1928E+00 -1.6908E+00 -1.6938E+00  1.5620E-01
  2.2080E+00 -1.8441E+00 -1.8460E+00  1.3508E-01
  2.2234E+00 -2.0002E+00 -2.0014E+00  1.1351E-01
  2.2388E+00 -2.1591E+00 -2.1597E+00  9.1434E-02
  2.2544E+00 -2.3207E+00 -2.3209E+00  6.8811E-02
  2.2701E+00 -2.4849E+00 -2.4849E+00  4.5579E-02
  2.2859E+00 -2.6517E+00 -2.6517E+00  2.1680E-02
  2.3018E+00 -2.8210E+00 -2.8210E+00 -7.7680E-05
  2.3178E+00 -2.9927E+00 -2.9927E+00 -2.4921E-03
  2.3339E+00 -3.1669E+00 -3.1669E+00 -1.4221E-03
  2.3501E+00 -3.3433E+00 -3.3433E+00 -8.3246E-04
  2.3665E+00 -3.5220E+00 -3.5220E+00 -4.0045E-04
  2.3829E+00 -3.7029E+00 -3.7029E+00 -1.3607E-04
  2.3995E+00 -3.8857E+00 -3.8857E+00 -2.2594E-05
  2.4162E+00 -4.0706E+00 -4.0706E+00  0.0000E+00
  2.4330E+00 -4.2573E+00 -4.2573E+00  0.0000E+00
  2.4499E+00 -4.4458E+00 -4.4458E+00  0.0000E+00
  2.4669E+00 -4.6360E+00 -4.6360E+00  0.0000E+00
  2.4841E+00 -4.8277E+00 -4.8277E+00  0.0000E+00
  2.5014E+00 -5.0208E+00 -5.0208E+00  0.0000E+00
  2.5188E+00 -5.2153E+00 -5.2153E+00  0.0000E+00
  2.5363E+00 -5.4109E+00 -5.4109E+00  0.0000E+00
  2.5539E+00 -5.6077E+00 -5.6077E+00  0.0000E+00
  2.5717E+00 -5.8053E+00 -5.8053E+00  0.0000E+00
  2.5896E+00 -6.0038E+00 -6.0038E+00  0.0000E+00
  2.6076E+00 -6.2029E+00 -6.2029E+00  0.0000E+00
  2.6257E+00 -6.4024E+00 -6.4024E+00  0.0000E+00
  2.6440E+00 -6.6024E+00 -6.6024E+00  0.0000E+00
  2.6624E+00 -6.8025E+00 -6.8025E+00  0.0000E+00
  2.6809E+00 -7.0026E+00 -7.0026E+00  0.0000E+00
  2.6995E+00 -7.2026E+00 -7.2026E+00  0.0000E+00
  2.7183E+00 -7.4023E+00 -7.4023E+00  0.0000E+00
  2.7372E+00 -7.6015E+00 -7.6015E+00  0.0000E+00
  2.7562E+00 -7.8000E+00 -7.8000E+00  0.0000E+00
  2.7754E+00 -7.9976E+00 -7.9976E+00  0.0000E+00
  2.7947E+00 -8.1941E+00 -8.1941E+00  0.0000E+00
  2.8142E+00 -8.3894E+00 -8.3894E+00  0.0000E+00
  2.8337E+00 -8.5832E+00 -8.5832E+00  0.0000E+00
  2.8534E+00 -8.7753E+00 -8.7753E+00  0.0000E+00
  2.8733E+00 -8.9655E+00 -8.9655E+00  0.0000E+00
  2.8933E+00 -9.1537E+00 -9.1537E+00  0.0000E+00
  2.9134E+00 -9.3394E+00 -9.3394E+00  0.0000E+00
  2.9336E+00 -9.5226E+00 -9.5226E+00  0.0000E+00
  2.9540E+00 -9.7030E+00 -9.7030E+00  0.0000E+00
  2.9746E+00 -9.8804E+00 -9.8804E+00  0.0000E+00
  2.9953E+00 -1.0055E+01 -1.0055E+01  0.0000E+00
  3.0161E+00 -1.0225E+01 -1.0225E+01  0.0000E+00
  3.0371E+00 -1.0392E+01 -1.0392E+01  0.0000E+00
  3.0582E+00 -1.0555E+01 -1.0555E+01  0.0000E+00
  3.0795E+00 -1.0713E+01 -1.0713E+01  0.0000E+00
  3.1009E+00 -1.0867E+01 -1.0867E+01  0.0000E+00
  3.1225E+00 -1.1016E+01 -1.1016E+01  0.0000E+00
  3.1442E+00 -1.1160E+01 -1.1160E+01  0.0000E+00
  3.1660E+00 -1.1299E+01 -1.1299E+01  0.0000E+00
  3.1881E+00 -1.1432E+01 -1.1432E+01  0.0000E+00
  3.2102E+00 -1.1560E+01 -1.1560E+01  0.0000E+00
  3.2325E+00 -1.1681E+01 -1.1681E+01  0.0000E+00
  3.2550E+00 -1.1796E+01 -1.1796E+01  0.0000E+00
  3.2777E+00 -1.1904E+01 -1.1904E+01  0.0000E+00
  3.3005E+00 -1.2005E+01 -1.2005E+01  0.0000E+00
  3.3234E+00 -1.2099E+01 -1.2099E+01  0.0000E+00
  3.3465E+00 -1.2185E+01 -1.2185E+01  0.0000E+00
  3.3698E+00 -1.2264E+01 -1.2264E+01  0.0000E+00
  3.3932E+00 -1.2334E+01 -1.2334E+01  0.0000E+00
  3.4168E+00 -1.2397E+01 -1.2397E+01  0.0000E+00
